0,979,345,260,243,627,483,274,33,520,590,98,835,497,506,170,198,242,684,977,951,136,107,884,745,592,195,967,425,323,838,29,920,553,941,102,606,232,387,609,485,932,143,842,670,466,190,942,538,767,907,70,850,926,515,334,656,420,583,647,117,396,577,644,605,964,393,238,595,727,654,837,900,152,579,51,173,68,440,383,904,478,847,975,208,818,83,201,762,867,18,395,67,465,481,650,987,668,110,775,744,852,332,528,290,962,648,385,450,159,889,660,311,725,204,685,473,25,322,372,983,928,854,417,864,285,937,273,620,893,823,813,845,666,494,622,145,42,464,817,52,318,740,135,149,742,251,353,158,580,544,820,297,71,802,460,563,9,940,248,140,315,800,659,801,582,895,816,378,40,320,880,477,754,126,118,947,313,12,671,851,931,206,185,861,193,259,530,229,624,567,177,984,317,992,344,952,536,826,415,755,62,774,539,887,202,575,179,532,896,343,856,618,335,367,434,165,375,541,156,911,23,980,584,737,690,882,961,319,561,511,746,408,713,449,877,172,241,919,350,976,5,139,231,807,918,406,636,82,763,416,105,389,516,814,72,53,22,215,569,309,752,613,470,394,738,974,265,559,239,245,874,707,181,305,437,866,766,448,548,773,129,294,642,840,562,564,649,292,92,230,795,672,256,146,96,20,960,808,638,36,610,495,150,428,73,271,786,392,41,521,44,120,456,50,833,885,761,696,916,441,141,418,167,249,442,2,714,253,409,712,859,368,593,430,462,491,631,28,768,306,611,360,424,76,296,288,651,871,933,93,436,364,15,776,868,628,815,753,955,106,699,557,17,447,637,183,236,138,200,446,711,973,48,386,695,444,227,213,982,178,435,827,914,969,95,108,199,1,780,380,988,244,570,88,399,750,401,301,304,405,693,13,115,263,736,585,890,892,615,90,247,153,792,321,316,58,300,169,678,554,718,568,953,547,803,39,556,426,905,325,75,184,546,560,830,759,886,991,944,719,860,203,796,479,551,701,639,531,680,240,298,31,728,482,657,429,524,772,131,784,760,376,879,347,747,939,717,433,970,207,381,607,277,694,739,219,77,234,517,500,14,502,734,503,799,81,398,326,3,346,97,255,665,667,630,119,113,427,374,272,411,371,338,445,196,552,924,275,948,966,168,224,400,457,686,490,726,361,825,431,162,469,526,806,878,910,252,591,226,604,658,550,697,404,662,789,608,757,327,124,600,927,16,189,730,60,888,220,720,724,443,950,99,333,872,339,946,954,487,635,614,365,571,454,689,645,80,537,270,574,223,501,965,971,587,359,308,578,266,471,59,901,756,846,382,540,281,144,743,804,533,171,134,94,558,676,175,986,286,793,161,225,513,498,617,683,523,235,597,484,112,91,894,432,340,782,832,216,921,280,453,632,855,769,857,369,509,262,109,468,968,101,798,461,210,186,472,127,293,35,85,492,282,84,923,791,625,843,519,945,342,810,54,188,512,623,89,765,912,56,163,621,104,459,576,370,732,596,779,180,715,291,809,922,30,237,137,493,688,267,891,903,147,929,264,410,194,522,155,839,397,269,390,733,21,543,535,130,735,957,192,956,324,691,705,858,336,640,114,422,329,132,545,79,599,349,788,279,174,698,729,233,938,897,510,142,507,981,451,603,34,633,601,589,908,403,438,391,849,154,122,128,46,116,157,496,949,972,708,384,463,764,677,303,936,341,57,703,312,214,565,771,758,663,352,909,925,805,47,489,123,423,100,841,616,228,770,542,505,749,373,222,182,476,527,218,166,863,330,328,87,10,148,797,499,731,652,990,534,212,86,283,898,133,514,958,794,943,700,985,899,74,4,572,258,299,836,812,412,402,474,661,588,268,710,187,674,629,61,455,673,722,348,362,963,488,881,211,8,902,331,646,682,254,641,366,741,669,883,337,573,407,287,310,518,653,363,351,834,934,643,626,111,915,284,121,278,787,307,602,704,221,246,354,439,64,702,709,824,822,261,26,508,125,529,486,414,723,78,65,869,32,664,913,413,191,876,687,205,549,612,151,778,302,619,37,388,679,11,706,566,783,748,525,811,829,655,475,49,38,989,480,379,586,160,257,7,452,790,917,862,848,692,356,906,355,467,870,209,853,873,289,419,716,930,276,250,555,19,875,865,935,69,63,421,164,675,751,314,217,66,197,458,43,828,55,6,781,831,357,45,27,821,377,594,681,978,844,358,634,785,24,959,581,819,295,598,504,176,777,721,103,
value : 438.119 running time : 446.265977
0 80 20
979 83.6614 18.5932
345 85.2184 17.995
260 86.2682 17.5916
243 86.2683 17.5916
627 86.2684 17.5916
483 86.2684 17.5916
274 86.4325 32.6962
33 86.4452 33.8686
520 86.4578 35.0245
590 86.4695 36.1018
98 86.4821 37.2572
835 86.5347 42.1009
497 86.6198 49.9264
506 86.0037 50.0222
170 85.4067 50.1151
198 84.7571 50.2162
242 84.1509 50.3105
684 83.5722 50.4005
977 83.0002 50.4895
951 82.4678 50.5723
136 81.8999 50.6606
107 81.3208 50.7507
884 80.0424 50.9496
745 77.9128 51.2809
592 77.191 51.3932
195 76.477 51.5043
967 75.7453 51.6181
425 74.9907 51.7355
323 74.2163 51.856
838 73.8762 52.0994
29 73.5404 52.3397
920 73.1724 52.603
553 72.8027 52.8676
941 72.4279 53.1358
102 72.076 53.3876
606 71.7387 53.629
232 71.7385 53.6292
387 71.7382 53.6294
609 71.7379 53.6296
485 71.7376 53.6298
932 71.7374 53.63
143 71.7371 53.6302
842 71.7368 53.6304
670 71.7366 53.6306
466 71.7363 53.6308
190 71.1187 54.1006
942 70.5514 54.532
538 69.9961 54.9543
767 69.5482 55.2949
907 69.0927 55.6414
70 68.7198 55.9249
850 68.3473 56.2081
926 67.9341 56.5224
515 67.4962 56.8554
334 67.3115 56.9959
656 67.0958 57.1599
420 66.8725 57.3297
583 66.6537 57.4961
647 66.3976 57.6909
117 66.179 57.8571
396 65.9362 58.0418
577 65.7002 58.2212
644 65.7002 58.2212
605 66.8425 61.4924
964 66.9383 61.7667
393 67.0408 62.06
238 67.1365 62.3341
595 67.2353 62.6167
727 67.3385 62.9123
654 67.4313 63.1778
837 67.5157 63.4194
900 67.5798 63.6029
152 67.6429 63.7837
579 67.7089 63.9726
51 67.7605 64.1201
173 67.8006 64.235
68 67.8419 64.3532
440 67.8868 64.4817
383 67.9357 64.6218
904 67.9795 64.747
478 68.0198 64.8625
847 68.0666 64.9963
975 68.1114 65.1247
208 68.1531 65.244
818 69.2979 68.3931
83 69.3358 68.4975
201 69.3683 68.5868
762 69.4027 68.6815
867 70.0006 70.3261
18 70.6373 72.0775
395 71.0731 73.2763
67 71.0731 73.2763
465 71.0731 73.2763
481 71.0731 73.2763
650 71.0731 73.2763
987 71.0731 73.2763
668 71.0731 73.2763
110 71.7433 73.7294
775 72.4633 74.2161
744 73.0632 74.6217
852 73.6849 75.0419
332 74.6108 75.6679
528 75.3993 76.2008
290 75.9923 76.6017
962 76.8415 77.1758
648 78.6125 78.3731
385 79.9015 79.2444
450 84.5073 82.3584
159 84.6151 82.4437
889 84.7379 82.5411
660 84.8731 82.6482
311 85.0107 82.7573
725 85.1456 82.8642
204 85.2865 82.9759
685 85.4462 83.1024
473 85.5893 83.2159
25 85.7356 83.3318
322 85.8695 83.4379
372 86.0113 83.5503
983 81.5428 88.0388
928 81.5324 88.0493
854 79.9363 88.1179
417 78.6926 88.1713
864 77.5811 88.219
285 76.5045 88.2653
937 75.5618 88.3057
273 74.7547 88.3404
620 74.6598 88.3444
893 74.6523 88.3447
823 74.6431 88.3451
813 74.6346 88.3455
845 74.6257 88.3459
666 74.6175 88.3462
494 74.6089 88.3466
622 74.599 88.347
145 74.5898 88.3474
42 74.5804 88.3478
464 74.5714 88.3482
817 74.5714 88.3482
52 74.5714 88.3482
318 74.5714 88.3482
740 74.5714 88.3482
135 74.5714 88.3482
149 74.2651 88.3176
742 74.0103 88.2922
251 73.7309 88.2644
353 73.4693 88.2383
158 73.2113 88.2125
580 72.9582 88.1873
544 72.5792 88.1494
820 72.241 88.1157
297 68.2011 87.7124
71 64.6683 87.3598
802 56.537 86.5482
460 56.5355 86.5481
563 55.5082 86.4457
9 55.5082 86.4457
940 55.5082 86.4457
248 55.5082 86.4457
140 55.5082 86.4457
315 55.5082 86.4457
800 55.5082 86.4457
659 55.5082 86.4457
801 55.5082 86.4457
582 55.5082 86.4457
895 55.3756 86.5155
816 55.2586 86.5771
378 55.1355 86.6419
40 54.9872 86.72
320 54.8466 86.794
880 54.7273 86.8568
477 54.6103 86.9184
754 54.4697 86.9924
126 54.3352 87.0632
118 54.2091 87.1296
947 54.0771 87.1991
313 53.9525 87.2647
12 53.8352 87.3265
671 53.7137 87.3905
851 53.5529 87.4751
931 53.4051 87.5529
206 53.2171 87.6519
185 53.169 87.6772
861 53.114 87.7062
193 53.0575 87.7359
259 53.0078 87.7621
530 52.9533 87.7908
229 52.9063 87.8155
624 52.8528 87.8437
567 52.807 87.8678
177 52.7556 87.8949
984 52.7021 87.923
317 52.6481 87.9515
992 52.5885 87.9828
344 52.5047 88.027
952 52.4841 88.0231
536 52.4633 88.0192
826 52.4429 88.0154
415 52.425 88.0121
755 52.4061 88.0086
62 52.3903 88.0056
774 52.3725 88.0023
539 52.353 87.9987
887 52.3362 87.9955
202 52.3193 87.9924
575 52.3002 87.9888
179 52.2815 87.9853
532 52.2652 87.9823
896 52.2477 87.979
343 52.2283 87.9754
856 52.212 87.9724
618 52.193 87.9688
335 52.174 87.9653
367 52.1572 87.9621
434 52.1401 87.959
165 52.1208 87.9554
375 52.103 87.952
541 52.0878 87.9492
156 52.0723 87.9463
911 52.0582 87.9437
23 52.0375 87.9398
980 51.969 87.9271
584 51.9018 87.9145
737 51.8403 87.9031
690 51.7764 87.8912
882 51.711 87.879
961 51.0814 87.7616
319 50.4162 87.6376
561 49.7503 87.5135
511 49.2205 87.4147
746 48.589 87.297
408 47.9447 87.1769
713 47.2546 87.0483
449 46.5532 86.9175
877 45.9065 86.797
172 45.3418 86.6917
241 44.8305 86.5964
919 44.3302 86.5031
350 43.9722 86.4364
976 43.8932 86.4819
5 40.8376 88.2412
139 40.3589 88.5167
231 40.3589 88.5167
807 40.3589 88.5167
918 40.3589 88.5167
406 40.3589 88.5167
636 40.3589 88.5167
82 40.3589 88.5167
763 40.3589 88.5167
416 40.3589 88.5167
105 40.3589 88.5167
389 40.3589 88.5167
516 40.3589 88.5167
814 40.3589 88.5167
72 40.3589 88.5167
53 40.3589 88.5167
22 40.3589 88.5167
215 40.3589 88.5167
569 40.3589 88.5167
309 40.3589 88.5167
752 40.3589 88.5167
613 40.3589 88.5167
470 40.3589 88.5167
394 40.3589 88.5167
738 40.3589 88.5167
974 40.3589 88.5167
265 40.3589 88.5167
559 40.3589 88.5167
239 40.3589 88.5167
245 40.3589 88.5167
874 40.1962 88.5222
707 40.0168 88.5283
181 39.8629 88.5334
305 39.7189 88.5383
437 39.5533 88.5439
866 39.394 88.5492
766 39.2219 88.555
448 39.0477 88.5609
548 38.8818 88.5665
773 38.7209 88.5719
129 38.5824 88.5766
294 38.4442 88.5812
642 38.2955 88.5862
840 37.9576 88.5976
562 37.6496 88.608
564 37.2293 88.6221
649 36.562 88.6446
292 35.9017 88.6668
92 35.2247 88.6896
230 34.5876 88.711
795 33.909 88.7339
672 33.2564 88.7559
256 32.6435 88.7765
146 32.0258 88.7973
96 31.3354 88.8205
20 30.6761 88.8427
960 30.1084 88.8618
808 29.5089 88.882
638 28.8823 88.9031
36 28.1894 88.9264
610 27.5429 88.9482
495 26.8946 88.97
150 26.792 88.9734
428 26.6773 88.9773
73 26.5619 88.9812
271 26.4489 88.985
786 26.323 88.9892
392 26.1994 88.9934
41 26.0518 88.9984
521 25.9187 89.0028
44 25.7919 89.0071
120 25.673 89.0111
456 25.5351 89.0158
50 25.4053 89.0201
833 25.283 89.0243
885 25.1649 89.0282
761 25.0452 89.0323
696 24.9195 89.0365
916 24.7865 89.041
441 24.6757 89.0447
141 24.5703 89.0483
418 24.4427 89.0525
167 24.3185 89.0567
249 24.1806 89.0614
442 24.0537 89.0657
2 23.9542 89.069
714 23.8317 89.0731
253 23.7168 89.077
409 23.5902 89.0813
712 23.457 89.0857
859 23.341 89.0897
368 23.2182 89.0938
593 23.0999 89.0978
430 22.9833 89.1017
462 22.854 89.1061
491 22.7452 89.1097
631 22.6386 89.1133
28 22.5227 89.1172
768 22.3987 89.1214
306 22.2798 89.1254
611 22.1588 89.1295
360 21.7945 89.1417
424 21.4523 89.1533
76 21.1132 89.1647
296 20.7503 89.1769
288 19.9398 89.2042
651 19.1555 89.2306
871 18.3103 89.259
933 17.4223 89.2889
93 16.5048 89.3198
436 15.5872 89.3507
364 14.9625 89.3717
15 14.4714 89.3882
776 13.8686 89.4085
868 13.1246 89.4336
628 13.0427 89.4363
815 12.9638 89.439
753 12.8866 89.4416
955 12.793 89.4447
106 12.6999 89.4479
699 12.6218 89.4505
557 12.5402 89.4532
17 12.4563 89.4561
447 12.3597 89.4593
637 12.2755 89.4622
183 12.2004 89.4647
236 12.1064 89.4679
138 12.0155 89.4709
200 11.9257 89.4739
446 11.8417 89.4768
711 11.757 89.4796
973 11.6791 89.4823
48 11.598 89.485
386 11.5133 89.4878
695 11.4308 89.4906
444 11.3313 89.494
227 11.2474 89.4968
213 10.1018 89.5354
982 10.0912 89.5358
178 10.0794 89.5362
435 10.0676 89.5366
827 10.0559 89.537
914 10.0449 89.5374
969 10.0338 89.5377
95 10.0237 89.5381
108 10.0121 89.5385
199 10.0008 89.5388
1 9.98988 89.5392
780 9.97909 89.5396
380 9.96628 89.54
988 9.9547 89.5404
244 9.95268 89.3631
570 9.95097 89.2135
88 9.94944 89.0792
399 9.94809 88.9609
750 9.94684 88.8518
401 9.94515 88.7039
301 9.94359 88.5675
304 9.94208 88.4353
405 9.94056 88.3023
693 9.93889 88.1562
13 9.93733 88.0199
115 9.93561 87.8693
263 9.93385 87.7154
736 9.9321 87.5625
585 9.93044 87.4166
890 9.92837 87.2354
892 9.92671 87.0904
615 9.92506 86.9459
90 9.92352 86.811
247 9.92213 86.6895
153 9.9206 86.5554
792 9.91896 86.4122
321 9.9173 86.2669
316 9.9159 86.1446
58 9.9144 86.0137
300 9.91298 85.8892
169 9.91152 85.761
678 9.9101 85.6371
554 9.90842 85.4901
718 9.90704 85.3696
568 9.90568 85.2504
953 9.90419 85.1201
547 9.90265 84.9852
803 9.90115 84.8538
39 9.8996 84.7187
556 9.8912 83.9832
426 9.88502 83.4432
905 9.87897 82.9145
325 9.87284 82.3791
75 9.86651 81.8251
184 9.86047 81.2974
546 9.85459 80.7835
560 9.8485 80.2517
830 9.84258 79.7341
759 9.83684 79.2321
886 9.83085 78.7087
991 9.82454 78.1571
944 9.81878 77.6539
719 9.81273 77.1257
860 9.80406 76.3672
203 9.7961 75.6722
796 9.78703 74.8792
479 9.77783 74.0758
551 9.7686 73.2693
701 9.75818 72.3585
639 9.74827 71.4928
531 9.73697 70.5054
680 9.73697 70.5054
240 9.73697 70.5054
298 9.75697 70.5093
31 9.77981 70.5139
728 9.79959 70.5178
482 9.82075 70.522
657 9.8417 70.5262
429 9.86408 70.5306
524 9.88383 70.5346
772 9.90322 70.5384
131 9.92196 70.5421
784 9.94092 70.5459
760 9.96075 70.5499
376 9.98159 70.554
879 10.002 70.5581
347 10.0204 70.5617
747 10.0621 70.57
939 10.1008 70.5777
717 10.1439 70.5863
433 10.188 70.595
970 10.2301 70.6034
207 10.2667 70.6107
381 10.3069 70.6187
607 10.3498 70.6272
277 10.3937 70.636
694 10.4358 70.6443
739 10.4824 70.6536
219 10.5216 70.6614
77 10.559 70.6688
234 10.5997 70.6769
517 10.6454 70.686
500 10.6963 70.6961
14 10.7369 70.7042
502 10.7838 70.7135
734 10.8229 70.7213
503 10.8693 70.7305
799 10.911 70.7388
81 10.9626 70.7491
398 11.0094 70.7584
326 11.0532 70.7671
3 11.0906 70.7746
346 11.1313 70.7826
97 11.1712 70.7906
255 11.2085 70.798
665 11.2505 70.8064
667 11.2943 70.8151
630 11.3453 70.8252
119 11.3904 70.8342
113 11.4357 70.8432
427 11.4742 70.8508
374 11.5185 70.8597
272 11.5628 70.8685
411 11.606 70.8771
371 11.6415 70.8841
338 11.6852 70.8928
445 11.7274 70.9012
196 11.7772 70.9111
552 11.8294 70.9215
924 11.8741 70.9304
275 11.9145 70.9384
948 11.9486 70.9452
966 11.9856 70.9526
168 12.1699 70.9892
224 12.3129 71.0177
400 13.1783 71.1898
457 13.9794 71.3492
686 14.8766 71.5277
490 23.5832 73.2583
726 23.7051 73.2034
361 23.8218 73.1509
825 23.9339 73.1004
431 24.0509 73.0478
162 24.1725 72.993
469 24.2967 72.9371
526 25.029 72.6077
806 25.7243 72.2949
878 26.3489 72.0139
910 26.9259 71.7543
252 26.9905 71.7252
591 27.0567 71.6954
226 27.1209 71.6665
604 27.1803 71.6398
658 27.2404 71.6127
550 27.3055 71.5834
697 27.3787 71.5505
404 27.4623 71.5128
662 27.5283 71.4831
789 27.5885 71.456
608 27.6495 71.4286
757 27.7223 71.3958
327 27.8011 71.3603
124 27.8756 71.3268
600 27.9453 71.2954
927 28.0199 71.2619
16 28.0921 71.2294
189 28.1694 71.1946
730 28.1694 71.1946
60 28.1694 71.1946
888 28.1694 71.1946
220 28.1694 71.1946
720 28.1694 71.1946
724 28.1694 71.1946
443 28.1694 71.1946
950 28.1694 71.1946
99 28.1694 71.1946
333 28.1694 71.1946
872 28.1694 71.1946
339 28.1694 71.1946
946 28.1694 71.1946
954 28.1694 71.1946
487 28.1694 71.1946
635 28.3942 70.9572
614 28.6112 70.728
365 28.6579 70.6787
571 28.695 70.6395
454 28.7319 70.6006
689 28.7738 70.5564
645 28.8186 70.5091
80 28.8567 70.4688
537 28.8901 70.4335
270 28.9295 70.3919
574 28.968 70.3513
223 29.0068 70.3103
501 29.0492 70.2656
965 29.0892 70.2233
971 29.1285 70.1818
587 29.1694 70.1386
359 29.211 70.0946
308 29.2493 70.0542
578 29.282 70.0197
266 30.5751 68.6542
471 33.0977 65.9903
59 33.0977 65.9903
901 33.3659 66.0229
756 33.6461 66.057
846 33.9581 66.095
382 35.1194 66.2361
540 37.6114 66.5381
281 39.8339 66.8079
144 40.7465 66.9188
743 41.5974 67.0223
804 42.2901 67.1065
533 42.9983 67.1927
171 43.8132 67.2917
134 44.6741 67.3964
94 45.5366 67.5012
558 46.1922 67.5809
676 46.8679 67.6631
175 47.5637 67.7477
986 48.4761 67.8586
286 49.3324 67.9627
793 49.3332 67.9638
161 49.3341 67.965
225 49.3349 67.9662
513 49.3358 67.9674
498 49.3365 67.9684
617 49.3374 67.9695
683 49.3381 67.9706
523 49.339 67.9718
235 49.3398 67.9729
597 49.3405 67.9739
484 49.7378 68.5179
112 50.1192 69.0401
91 50.5467 69.6255
894 50.9817 70.2211
432 51.3629 70.7431
340 51.7595 71.2862
782 51.7595 71.2862
832 51.7595 71.2862
216 51.7595 71.2862
921 51.7595 71.2862
280 51.7595 71.2862
453 51.7595 71.2862
632 51.7595 71.2862
855 51.7595 71.2862
769 51.7595 71.2862
857 51.7595 71.2862
369 51.7595 71.2862
509 51.4449 70.352
262 48.5275 61.6896
109 48.4725 61.5261
468 48.4032 61.3203
968 48.3321 61.1094
101 48.2527 60.8735
798 48.1829 60.6664
461 48.1066 60.4396
210 48.0404 60.2431
186 47.9808 60.0663
472 47.9178 59.8791
127 47.9178 59.879
293 47.9178 59.879
35 47.9004 59.8303
85 47.8825 59.7798
492 47.8651 59.731
282 47.8494 59.687
84 47.8327 59.6398
923 47.8146 59.5893
791 47.7975 59.5412
625 47.7792 59.4896
843 47.76 59.4358
519 47.7421 59.3855
945 47.7248 59.3369
342 47.7079 59.2894
810 47.692 59.2448
54 47.6759 59.1994
188 47.6567 59.1456
512 47.6385 59.0946
623 47.6385 59.0946
89 43.7514 58.2381
765 43.4368 58.1687
912 43.1139 58.0976
56 42.8259 58.0341
163 42.5389 57.9709
621 42.2476 57.9067
104 41.935 57.8378
459 41.6501 57.775
576 41.352 57.7093
370 41.0489 57.6425
732 40.7632 57.5796
596 40.4676 57.5144
779 40.1923 57.4537
180 39.8491 57.3781
715 39.5384 57.3096
291 39.201 57.2353
809 38.8662 57.1615
922 38.532 57.0879
30 38.2044 57.0157
237 37.8721 56.9424
137 37.531 56.8673
493 37.2015 56.7947
688 36.87 56.7216
267 36.5802 56.6577
891 36.3015 56.5963
903 36.0163 56.5335
147 35.9711 56.2799
929 35.9324 56.0627
264 35.8935 55.844
410 35.8524 55.6137
194 35.7669 55.1342
522 35.6987 54.7513
155 35.6332 54.3839
839 33.5314 54.4853
397 31.4302 54.5867
269 30.9711 55.2171
390 30.4783 55.8938
733 30.0788 56.4425
21 29.7045 56.9565
543 26.949 56.2985
535 24.6151 55.7412
130 22.3848 55.2085
735 21.4886 54.9944
957 20.5767 54.7766
192 19.3962 54.4946
956 19.3961 54.4946
324 19.3961 54.4946
691 19.3961 54.4946
705 19.3961 54.4946
858 19.3961 54.4946
336 19.3961 54.4946
640 19.3961 54.4946
114 19.3961 54.4946
422 19.3961 54.4946
329 19.3961 54.4946
132 19.3961 54.4946
545 19.3939 54.4923
79 19.3916 54.49
599 19.3895 54.4878
349 19.3871 54.4855
788 19.3846 54.4829
279 19.3726 54.4707
174 19.3623 54.4602
698 19.3535 54.4513
729 19.3456 54.4433
233 19.3364 54.4339
938 19.3269 54.4243
897 19.3184 54.4156
510 19.3092 54.4063
142 19.2994 54.3963
507 19.291 54.3879
981 19.2819 54.3786
451 19.2729 54.3695
603 19.2639 54.3603
34 19.2125 54.3081
633 19.1573 54.2521
601 19.1082 54.2022
589 18.9797 54.0717
908 18.8466 53.9365
403 18.7182 53.8061
438 18.5945 53.6805
391 15.15 51.8946
849 11.5617 50.0343
154 11.1867 49.8398
122 10.8136 49.6464
128 10.8136 49.6464
46 10.8136 49.6464
116 10.8136 49.6464
157 10.8136 49.6464
496 10.8136 49.6464
949 10.8136 49.6464
972 10.8136 49.6464
708 10.8136 49.6464
384 10.8136 49.6464
463 10.8136 49.6464
764 10.8136 49.6464
677 10.8136 49.6464
303 10.8136 49.6464
936 10.8136 49.6464
341 10.8136 49.6464
57 10.8136 49.6464
703 10.8136 49.6464
312 10.8178 49.5054
214 10.8211 49.3921
565 10.8249 49.2665
771 10.8292 49.1206
758 10.833 48.9935
663 10.8368 48.8666
352 10.84 48.758
909 10.8434 48.6447
925 10.8466 48.5372
805 10.8506 48.4005
47 10.8547 48.2648
489 10.859 48.1208
123 10.8634 47.9713
423 10.8675 47.8354
100 10.8709 47.7189
841 10.875 47.5822
616 10.8793 47.4392
228 10.8832 47.3081
770 10.8868 47.1863
542 10.8901 47.0733
505 10.8938 46.9515
749 10.8976 46.8228
373 10.9014 46.6942
222 10.9053 46.5634
182 10.9091 46.4352
476 10.9131 46.3026
527 10.9163 46.1944
218 10.92 46.0695
166 10.9242 45.929
863 10.9583 44.7826
330 10.9873 43.8088
328 11.0134 42.9309
87 11.0295 42.3905
10 11.0433 41.9275
148 11.0562 41.494
797 11.0697 41.0409
499 11.0857 40.5032
731 11.103 39.921
652 11.1206 39.3323
990 11.1408 38.6536
534 11.1601 38.0063
212 11.2024 36.585
86 11.2532 34.8777
283 11.2842 33.8359
898 11.3204 32.621
133 11.3387 32.0065
514 11.3557 31.4369
958 11.3718 30.895
794 11.3942 30.1447
943 11.4131 29.5108
700 11.4314 28.8958
985 11.46 27.9343
899 11.4946 26.7744
74 11.5212 25.8793
4 11.5488 24.9548
572 11.5794 23.9252
258 11.6127 22.8078
299 11.6481 21.6202
836 11.6897 20.2247
812 11.8271 15.6081
412 11.9778 15.6883
402 12.146 15.7778
474 12.3 15.8597
661 12.4372 15.9327
588 12.5604 15.9982
268 12.7038 16.0745
710 12.7038 16.0745
187 12.7038 16.0745
674 12.7194 16.073
629 12.7343 16.0716
61 12.7486 16.0702
455 12.7643 16.0687
673 12.7801 16.0672
722 12.7939 16.0659
348 12.9819 16.048
362 13.1486 16.0321
963 13.3307 16.0148
488 13.5776 15.9913
881 13.7792 15.972
211 14.0012 15.9509
8 14.2324 15.9289
902 14.4241 15.9106
331 14.5849 15.8952
646 14.7772 15.8769
682 15.6658 15.7922
254 16.8473 15.6796
641 17.8077 15.588
366 18.7439 15.4987
741 19.7756 15.4004
669 25.4378 14.8608
883 28.504 14.5686
337 29.9202 14.4336
573 30.7646 14.353
407 31.5393 14.2792
287 32.294 14.2072
310 32.9949 14.1404
518 33.6816 14.0749
653 33.462 15.6674
363 33.3009 16.8357
351 33.1191 18.1534
834 32.8468 20.1283
934 32.7457 20.8611
643 32.6607 21.4769
626 32.563 22.185
111 32.4634 22.907
915 32.3592 23.6627
284 32.2634 24.3569
121 32.1579 25.1221
278 32.1279 25.3397
787 32.0998 25.5431
307 32.072 25.745
602 32.0433 25.9531
704 32.0175 26.1397
221 31.9822 26.3955
246 31.9517 26.6166
354 31.917 26.8683
439 31.886 27.0926
64 31.8525 27.3357
702 31.8167 27.5956
709 31.7707 27.929
824 31.7247 28.2621
822 31.681 28.5787
261 31.6348 28.9135
26 31.5839 29.2827
508 30.7129 35.6044
125 30.6366 36.1582
529 30.6118 36.3377
486 30.5858 36.5262
414 30.5574 36.732
723 30.5303 36.9285
78 30.5055 37.1088
65 30.6445 37.2158
869 30.8137 37.3459
32 30.9721 37.4678
664 31.1714 37.6211
913 31.363 37.7685
413 31.514 37.8846
191 31.6546 37.9928
876 31.7942 38.1002
687 31.913 38.1916
205 32.0252 38.2779
549 32.1581 38.3801
612 32.2999 38.4892
151 32.4624 38.6142
778 32.6227 38.7375
302 32.6227 38.7375
619 32.6227 38.7375
37 32.6227 38.7375
388 32.6227 38.7375
679 32.6227 38.7375
11 32.6227 38.7375
706 32.6227 38.7375
566 32.6227 38.7375
783 32.6227 38.7375
748 32.6227 38.7375
525 32.6227 38.7375
811 32.6227 38.7375
829 32.6227 38.7375
655 32.8876 38.682
475 33.1972 38.6172
49 33.9694 38.4554
38 34.7177 38.2986
989 35.5901 38.1158
480 36.3773 37.9509
379 37.1127 37.7968
586 37.8396 37.6445
160 38.4892 37.5083
257 39.1503 37.3698
7 39.7617 37.2417
452 40.4754 37.0922
790 41.1376 36.9534
917 41.7976 36.8151
862 42.4955 36.6689
848 43.2439 36.5121
692 43.9293 36.3685
356 44.7356 36.1995
906 45.688 36
355 46.497 35.8304
467 47.0417 35.7163
870 47.7934 35.5588
209 48.4539 35.4204
853 49.0777 35.2897
873 50.113 35.0728
289 50.9916 34.8887
419 52.0323 34.6706
716 52.1029 34.6682
930 52.1788 34.6657
276 52.2461 34.6634
250 52.3286 34.6606
555 52.4173 34.6576
19 52.5007 34.6548
875 52.5851 34.652
865 52.6639 34.6493
935 52.7425 34.6467
69 52.8289 34.6437
63 53.1067 34.6344
421 53.3661 34.6256
164 53.6808 34.615
675 54.0267 34.6033
751 54.2691 34.5951
314 54.5342 34.5861
217 54.7474 34.5789
66 54.9509 34.5721
197 55.1691 34.5647
458 55.4211 34.5562
43 55.6752 34.5476
828 55.9017 34.5399
55 56.1241 34.5324
6 56.3667 34.5242
781 56.6074 34.5161
831 56.8458 34.508
357 57.0871 34.4999
45 57.2287 34.2369
27 57.3693 33.976
821 57.5075 33.7191
377 57.6311 33.4896
594 57.758 33.254
681 57.8996 32.9909
978 58.0343 32.7408
844 58.212 32.4107
358 58.7077 31.4901
634 59.2543 30.475
785 59.9998 29.0907
24 61.1843 26.8915
959 61.9561 25.4582
581 62.7017 24.0735
819 63.318 22.9291
295 63.9605 21.7359
598 64.5989 20.5503
504 65.243 19.3542
176 65.897 18.1396
777 66.4506 17.1115
721 67.0243 16.046
103 67.4494 15.2566
