0,260,627,483,243,345,979,520,590,98,33,497,107,884,951,198,136,170,425,684,387,242,592,506,920,553,670,941,932,609,143,656,977,334,190,967,274,323,745,838,195,29,835,942,675,485,538,293,623,850,583,102,232,606,70,926,767,466,117,357,644,907,314,85,186,519,396,492,262,843,875,842,188,647,945,923,793,577,471,468,513,291,264,597,498,175,804,558,779,163,621,56,281,715,101,976,432,826,94,855,248,9,625,968,987,617,676,91,84,282,964,515,791,235,112,921,605,769,109,563,161,683,225,523,986,582,810,134,484,216,798,743,894,144,350,540,632,857,832,453,782,35,286,229,315,335,727,208,762,68,173,71,83,478,595,671,481,67,900,650,152,852,290,847,393,904,837,460,775,238,654,509,297,962,440,110,937,744,420,818,579,51,201,668,340,383,867,975,473,332,385,417,685,322,528,889,648,25,660,450,372,311,159,864,204,145,845,285,494,666,740,353,580,928,983,820,742,893,813,158,725,854,135,465,477,817,251,318,823,52,149,620,378,202,42,464,395,622,801,544,62,367,618,185,584,896,140,774,800,273,18,887,931,763,343,317,624,575,851,992,567,737,984,177,856,980,313,754,816,690,940,861,259,911,118,895,193,344,415,369,23,156,434,511,105,882,539,642,206,165,375,564,866,562,961,814,541,532,129,280,12,636,952,880,659,179,40,389,320,126,802,245,536,319,82,530,947,918,5,746,406,755,408,516,874,239,672,172,713,139,649,265,292,294,840,738,394,470,613,309,569,215,22,53,72,807,974,752,256,877,181,707,230,795,919,416,271,437,305,766,448,241,92,548,559,449,773,296,561,231,44,392,593,768,786,150,96,428,521,611,960,28,115,146,490,20,430,651,491,808,76,253,50,456,120,714,859,73,696,761,885,871,36,167,368,610,183,306,409,631,441,2,638,141,424,886,227,753,803,17,405,759,288,364,955,969,547,316,953,301,304,95,153,833,792,446,868,693,914,213,169,444,58,13,462,447,637,236,712,247,933,546,1,263,442,249,557,39,568,780,815,988,699,199,827,628,711,380,678,750,736,585,48,982,718,695,386,15,436,300,93,973,435,200,138,401,776,108,106,90,88,469,830,879,680,433,339,219,607,298,168,400,224,495,207,719,360,825,244,431,551,701,796,890,429,479,321,570,554,361,31,970,944,75,178,325,905,240,560,203,892,426,399,503,502,916,600,487,326,184,950,81,132,500,411,552,77,939,162,97,347,948,277,346,686,717,371,734,376,482,131,192,130,772,275,524,991,657,517,113,119,114,665,860,639,445,667,966,630,799,427,3,255,14,196,374,728,272,457,615,924,726,556,694,338,739,381,234,946,398,747,589,806,927,537,697,454,333,872,526,418,724,971,223,21,635,80,252,614,608,404,266,604,658,220,591,910,359,878,189,308,662,99,327,41,443,888,60,730,16,124,578,571,270,689,954,757,789,550,226,574,171,645,410,846,365,587,965,522,302,688,912,461,127,104,459,576,370,732,210,30,922,501,54,267,237,89,891,34,640,929,765,390,809,147,349,596,507,981,720,733,510,545,533,839,49,913,603,269,493,756,599,142,233,764,59,137,79,903,705,957,901,788,403,735,956,324,677,729,382,938,601,451,897,633,182,908,329,391,698,703,760,531,925,784,122,166,849,616,123,858,691,214,352,384,990,936,749,116,222,228,422,57,909,218,336,527,100,797,423,157,841,663,341,463,212,312,279,731,652,708,489,565,972,174,958,476,771,496,863,438,770,805,47,758,475,148,32,505,542,303,373,949,330,128,499,985,87,10,154,534,283,78,46,328,514,86,299,133,74,641,700,65,125,836,898,366,902,646,211,474,187,963,362,348,682,268,331,412,943,572,794,710,4,258,661,402,673,722,254,674,629,455,61,588,741,899,812,881,8,488,354,643,915,518,337,407,351,669,439,709,284,787,363,702,111,626,883,573,64,704,307,246,822,824,287,653,261,310,834,934,26,7,602,529,397,508,37,121,151,664,205,525,535,549,783,388,38,829,706,687,486,989,876,655,221,935,679,811,612,869,379,723,586,413,748,278,619,414,11,543,917,906,66,790,862,512,472,342,421,160,778,194,180,191,853,692,257,848,865,681,69,452,356,566,155,873,844,480,164,467,289,209,276,197,63,716,930,458,870,831,781,355,19,785,828,43,978,45,27,6,821,419,594,250,555,634,751,358,55,377,217,959,819,721,295,581,176,598,777,24,504,103,
value : 414.907 running time : 583.592213
0 80 20
260 86.2298 17.5998
627 86.255 17.5986
483 86.2749 17.5977
243 86.2901 18.136
345 86.3101 18.8418
979 86.3283 19.4834
520 86.5954 28.9251
590 86.6811 31.9543
98 86.7554 34.5791
33 86.8796 38.9688
497 87.1724 49.3175
107 86.7746 49.3175
884 86.3313 49.3175
951 85.875 49.3175
198 85.4291 49.3174
136 85.0017 49.3174
170 84.5774 49.3174
425 84.0563 49.3174
684 83.6541 49.3174
387 83.1848 49.3174
242 82.752 49.3174
592 82.2863 49.3173
506 81.8867 49.3173
920 81.0714 49.3173
553 80.2635 49.3173
670 79.6357 49.3173
941 79.1334 49.3172
932 78.8055 49.3172
609 78.4393 49.3172
143 78.0716 49.3172
656 77.892 49.3172
977 77.7415 49.3172
334 76.8068 49.3172
190 75.9345 49.3171
967 75.9976 49.1613
274 76.0584 49.0113
323 76.1071 48.8912
745 76.1579 48.7657
838 76.2039 48.652
195 76.2512 48.5354
29 76.2976 48.4209
835 76.3435 48.3075
942 72.3277 49.9002
675 69.6237 50.9726
485 69.0081 51.2168
538 68.4731 51.429
293 68.0448 51.5988
623 67.7198 51.7277
850 67.7198 51.7277
583 67.7198 51.7277
102 67.7198 51.7277
232 67.7198 51.7277
606 67.7198 51.7277
70 67.7198 51.7277
926 67.7198 51.7277
767 67.7198 51.7277
466 67.7198 51.7277
117 67.7198 51.7277
357 67.7198 51.7277
644 67.7198 51.7277
907 67.7198 51.7277
314 67.7198 51.7277
85 65.5815 52.7599
186 63.4362 53.7954
519 62.2745 54.3562
396 61.2316 54.8596
492 60.2074 55.354
262 60.0152 55.4467
843 59.8248 55.5386
875 59.8248 55.5386
842 58.9196 56.1713
188 57.8103 56.9465
647 56.6991 57.7231
945 55.4811 58.5743
923 54.56 59.6695
793 53.6348 60.7696
577 52.6329 61.9608
471 51.493 63.3162
468 50.6787 64.2844
513 49.8294 65.2943
291 49.3083 65.9138
264 49.35 65.9898
597 49.3936 66.0696
498 49.4395 66.1535
175 49.4839 66.2346
804 49.532 66.3225
558 49.5822 66.4142
779 49.6301 66.5017
163 49.6745 66.5828
621 49.7183 66.6629
56 49.7668 66.7514
281 49.8275 66.8624
715 49.8971 66.9895
101 49.9679 67.1189
976 50.1638 67.4767
432 50.6851 67.9418
826 51.476 68.6475
94 51.476 68.6475
855 51.476 68.6475
248 51.476 68.6475
9 51.476 68.6475
625 51.476 68.6475
968 51.476 68.6475
987 51.476 68.6475
617 51.476 68.6475
676 51.476 68.6475
91 51.476 68.6475
84 51.476 68.6475
282 51.476 68.6475
964 51.476 68.6475
515 51.476 68.6475
791 51.476 68.6475
235 51.476 68.6475
112 51.476 68.6475
921 51.476 68.6475
605 51.476 68.6475
769 51.476 68.6475
109 51.476 68.6475
563 51.476 68.6475
161 51.476 68.6475
683 51.476 68.6475
225 51.476 68.6475
523 51.476 68.6475
986 51.476 68.6475
582 51.476 68.6475
810 51.476 68.6475
134 51.476 68.6475
484 51.476 68.6475
216 51.476 68.6475
798 51.476 68.6475
743 51.476 68.6475
894 51.476 68.6475
144 51.476 68.6475
350 51.476 68.6475
540 51.476 68.6475
632 52.0475 68.7763
857 52.5917 68.899
832 53.1294 69.0202
453 53.5603 69.1174
782 54.0426 69.2261
35 54.4838 69.3256
286 54.9618 69.4334
229 56.0721 69.6837
315 56.9601 69.8839
335 57.8363 70.0814
727 58.6991 70.2759
208 59.3184 70.4156
762 60.0112 70.5718
68 60.8112 70.7522
173 61.5411 70.9167
71 62.2897 71.0855
83 62.6527 71.1673
478 62.91 71.2253
595 63.1874 71.2879
671 63.47 71.3516
481 63.8081 71.4278
67 64.0687 71.4866
900 64.3583 71.5519
650 64.6047 71.6074
152 64.8714 71.6675
852 65.1126 71.7219
290 65.129 71.7256
847 65.1452 71.7293
393 65.1637 71.7334
904 65.1834 71.7379
837 65.2034 71.7424
460 65.2208 71.7463
775 65.2413 71.7509
238 65.2567 71.7544
654 65.2749 71.7585
509 65.2918 71.7623
297 65.3106 71.7666
962 65.3284 71.7706
440 65.3446 71.7742
110 65.3654 71.7789
937 65.3836 71.783
744 65.4009 71.7869
420 65.4182 71.7908
818 66.695 72.5028
579 67.4641 72.9317
51 68.158 73.3187
201 68.8603 73.7103
668 69.3164 73.9646
340 70.4831 74.6152
383 72.366 75.6652
867 74.2153 76.6965
975 77.2379 78.3821
473 80.8141 80.3773
332 81.1374 80.5576
385 81.489 80.7537
417 82.2379 81.1713
685 83.109 81.6571
322 83.4716 81.8592
528 83.7858 82.0345
889 84.1409 82.2325
648 84.3967 82.3751
25 84.688 82.5376
660 84.9138 82.6635
450 85.1164 82.7765
372 86.0047 83.4281
311 85.4971 83.8824
159 84.6476 84.6428
864 83.9661 85.2527
204 83.4223 85.7393
145 79.8568 88.9304
845 79.8413 88.9443
285 79.8276 88.9565
494 79.8152 88.9676
666 79.8026 88.9789
740 79.7909 88.9893
353 79.7754 89.0032
580 79.7622 89.015
928 79.7622 89.015
983 79.2317 89.004
820 78.626 88.9915
742 78.0065 88.9786
893 77.4169 88.9664
813 76.7719 88.9531
158 76.1969 88.9411
725 75.6994 88.9308
854 75.0774 88.9179
135 74.495 88.9059
465 73.0474 88.8759
477 71.8019 88.85
817 70.9632 88.8327
251 70.2852 88.8186
318 69.5852 88.8041
823 68.8526 88.7889
52 68.1253 88.7738
149 67.4264 88.7593
620 66.6346 88.7429
378 65.8275 88.7262
202 65.0846 88.7108
42 64.5051 88.6988
464 63.8994 88.6862
395 63.2826 88.6735
622 62.6832 88.661
801 62.0095 88.6471
544 61.385 88.6341
62 60.4272 88.6143
367 59.769 88.6006
618 59.1764 88.5883
185 58.6608 88.5777
584 58.0753 88.5655
896 57.4797 88.5532
140 56.9414 88.542
774 56.4416 88.5317
800 56.003 88.5226
273 56.003 88.5226
18 56.003 88.5226
887 55.5868 88.5328
931 55.1897 88.5426
763 54.7187 88.5543
343 54.5975 88.5573
317 54.4992 88.5597
624 54.3793 88.5626
575 54.2683 88.5654
851 54.1501 88.5683
992 54.0459 88.5709
567 53.9261 88.5738
737 53.7962 88.577
984 53.6723 88.5801
177 53.5406 88.5834
856 53.3954 88.5869
980 53.2497 88.5905
313 53.1106 88.594
754 52.978 88.5972
816 52.8497 88.6004
690 52.7069 88.6039
940 52.559 88.6076
861 52.4246 88.6109
259 52.2994 88.614
911 52.1716 88.6171
118 52.0222 88.6208
895 51.8612 88.6248
193 51.7084 88.6286
344 51.5837 88.6317
415 51.4398 88.6352
369 51.2956 88.6388
23 51.1406 88.6426
156 50.9663 88.6469
434 50.8098 88.6508
511 50.6412 88.6549
105 50.4702 88.6591
882 50.3122 88.663
539 50.1372 88.6674
642 49.9812 88.6712
206 49.8083 88.6755
165 49.6511 88.6794
375 49.4961 88.6832
564 49.351 88.6868
866 49.2016 88.6905
562 49.0612 88.6939
961 48.9246 88.6973
814 48.7797 88.7009
541 48.6374 88.7044
532 48.4938 88.7079
129 48.3514 88.7115
280 48.2368 88.7143
12 48.1037 88.7176
636 47.9481 88.7214
952 47.8016 88.725
880 47.6504 88.7288
659 47.4845 88.7329
179 47.3401 88.7364
40 47.1877 88.7402
389 47.013 88.7445
320 46.8701 88.748
126 46.7289 88.7515
802 46.5809 88.7552
245 46.0911 88.7672
536 45.5491 88.7806
319 44.9604 88.7952
82 44.3837 88.8094
530 43.8363 88.8229
947 43.2771 88.8367
918 42.6031 88.8533
5 42.4897 88.8562
746 42.3648 88.8592
406 42.2288 88.8626
755 42.0821 88.8662
408 41.9493 88.8695
516 41.807 88.873
874 41.6481 88.8769
239 41.4823 88.881
672 41.2966 88.8856
172 41.1574 88.889
713 41.0294 88.8922
139 40.8734 88.8961
649 40.7682 88.8986
265 40.6674 88.9011
292 40.5678 88.9036
294 40.4716 88.906
840 40.3674 88.9085
738 40.27 88.9109
394 40.1673 88.9135
470 40.0654 88.916
613 39.9704 88.9183
309 39.8777 88.9206
569 39.7807 88.923
215 39.6812 88.9255
22 39.5816 88.9279
53 39.4855 88.9303
72 39.383 88.9328
807 39.2856 88.9352
974 39.1883 88.9376
752 39.0864 88.9402
256 38.9862 88.9426
877 38.8952 88.9449
181 38.8028 88.9472
707 38.7009 88.9497
230 38.6016 88.9521
795 38.5005 88.9546
919 38.4081 88.9569
416 38.323 88.959
271 38.2298 88.9613
437 38.1447 88.9634
305 38.0612 88.9655
766 37.9646 88.9679
448 37.8612 88.9704
241 37.7608 88.9729
92 37.6609 88.9754
548 37.5729 88.9775
559 37.4876 88.9796
449 36.5748 89.0022
773 35.5047 89.0286
296 34.5934 89.0511
561 33.8704 89.0689
231 32.6352 89.0994
44 31.3109 89.1321
392 30.508 89.1519
593 29.4804 89.1773
768 29.2075 89.184
786 29.0257 89.1885
150 28.8336 89.1932
96 28.6321 89.1982
428 28.4205 89.2034
521 28.2016 89.2088
611 28.0242 89.2132
960 27.8489 89.2175
28 27.6472 89.2225
115 27.4456 89.2275
146 27.3074 89.2309
490 27.1253 89.2354
20 26.9509 89.2397
430 26.7662 89.2443
651 26.589 89.2486
491 26.4218 89.2528
808 26.2795 89.2563
76 26.1181 89.2603
253 25.9506 89.2644
50 25.7625 89.269
456 25.5941 89.2732
120 25.4424 89.2769
714 25.2652 89.2813
859 25.1148 89.285
73 24.963 89.2888
696 24.7945 89.2929
761 24.6289 89.297
885 24.4629 89.3011
871 24.2934 89.3053
36 24.1453 89.309
167 23.9974 89.3126
368 23.8231 89.3169
610 23.6622 89.3209
183 23.4927 89.3251
306 23.3386 89.3289
409 23.1809 89.3328
631 23.0242 89.3366
441 22.8641 89.3406
2 22.7289 89.3439
638 22.3344 89.3537
141 21.7505 89.3681
424 20.4803 89.3994
886 19.1658 89.4319
227 17.8312 89.4648
753 16.4752 89.4983
803 14.9346 89.5363
17 14.0132 89.559
405 12.9641 89.5849
759 12.2415 89.6028
288 12.1474 89.6051
364 12.016 89.6083
955 11.8972 89.6113
969 11.7759 89.6143
547 11.6619 89.6171
316 11.5591 89.6196
953 11.4452 89.6224
301 11.3429 89.6249
304 11.2428 89.6274
95 11.136 89.63
153 11.0238 89.6328
833 10.9259 89.6352
792 10.7842 89.6387
446 10.6697 89.6416
868 10.5466 89.6446
693 10.4345 89.6474
914 10.3182 89.6502
213 10.2027 89.6531
169 10.1976 89.6532
444 10.1924 89.6533
58 10.1877 89.6535
13 10.1817 89.6536
462 10.1754 89.6538
447 10.1686 89.6539
637 10.1627 89.6541
236 10.1571 89.6542
712 10.1519 89.6543
247 10.1459 89.6545
933 10.1402 89.6546
546 10.1337 89.6548
1 10.1276 89.6549
263 10.1216 89.6551
442 10.1166 89.6552
249 10.1113 89.6553
557 10.1047 89.6555
39 10.0978 89.6557
568 10.0924 89.6558
780 10.0871 89.6559
815 10.0809 89.6561
988 10.0742 89.6563
699 10.0744 89.639
199 10.0745 89.6233
827 10.0746 89.6077
628 10.0747 89.5896
711 10.0748 89.5752
380 10.0749 89.5596
678 10.0751 89.542
750 10.0752 89.526
736 10.0753 89.5059
585 10.0755 89.4889
48 10.0756 89.4705
982 10.0757 89.4544
718 10.0758 89.4381
695 10.0759 89.4228
386 10.0761 89.4077
15 10.0762 89.3922
436 10.0766 89.327
300 10.077 89.2729
93 10.0774 89.2247
973 10.0777 89.1796
435 10.0781 89.1316
200 10.0785 89.0764
138 10.0789 89.0178
401 10.0794 88.9579
776 10.0797 88.9076
108 10.0878 87.8055
106 10.0958 86.7156
90 10.1094 84.8548
88 10.1195 83.4755
469 10.1287 82.2185
830 10.1383 80.916
879 10.1476 79.6432
680 10.149 79.444
433 10.1502 79.2845
339 10.1515 79.1058
219 10.1529 78.9185
607 10.1535 78.8317
298 10.1541 78.7498
168 10.1547 78.6676
400 10.1554 78.5795
224 10.156 78.4998
495 10.1565 78.4255
207 10.1572 78.3329
719 10.1577 78.2579
360 10.1584 78.1725
825 10.159 78.0788
244 10.1597 77.9921
431 10.1604 77.8992
551 10.1611 77.8027
701 10.1618 77.7054
796 10.1624 77.6204
890 10.163 77.5359
429 10.1637 77.4428
479 10.1643 77.3586
321 10.1649 77.279
570 10.1655 77.198
554 10.1662 77.1082
361 10.1669 77.0137
31 10.1675 76.9296
970 10.1682 76.8319
944 10.1687 76.761
75 10.1693 76.6824
178 10.1699 76.6002
325 10.1705 76.5179
905 10.1711 76.4321
240 10.1718 76.3424
560 10.1724 76.2528
203 10.1731 76.1682
892 10.1737 76.0823
426 10.1743 75.9913
399 10.175 75.8986
503 10.1758 75.7879
502 10.1765 75.6942
916 10.1771 75.616
600 10.1926 73.4994
487 10.1572 73.3196
326 10.1198 73.13
184 10.0818 72.9372
950 10.0378 72.7139
81 9.98559 72.4492
132 9.94 72.2179
500 9.90287 72.0295
411 9.86225 71.8234
552 9.82504 71.6347
77 9.79684 71.4916
939 9.76901 71.3504
162 9.74473 71.2272
97 9.71816 71.0924
347 9.69092 70.9543
948 9.71146 70.9587
277 9.73023 70.9627
346 9.74975 70.967
686 9.7663 70.9705
717 9.78317 70.9742
371 9.80086 70.978
734 9.81984 70.9821
376 9.84025 70.9865
482 9.86107 70.991
131 9.87963 70.995
192 9.89893 70.9992
130 9.91921 71.0036
772 9.93841 71.0077
275 9.95749 71.0118
524 9.9733 71.0152
991 9.98848 71.0185
657 10.005 71.0221
517 10.0217 71.0257
113 10.0423 71.0301
119 10.059 71.0337
114 10.0756 71.0373
665 10.0915 71.0408
860 10.109 71.0445
639 10.1247 71.0479
445 10.1408 71.0514
667 10.1575 71.055
966 10.1748 71.0587
630 10.1943 71.0629
799 10.2102 71.0664
427 10.2279 71.0702
3 10.2452 71.0739
255 10.2614 71.0774
14 10.279 71.0813
196 10.298 71.0853
374 10.316 71.0892
728 10.3329 71.0929
272 10.3509 71.0968
457 10.3682 71.1005
615 10.3856 71.1043
924 10.4041 71.1083
726 10.421 71.1119
556 10.4351 71.1149
694 10.4497 71.1181
338 10.4665 71.1217
739 10.4829 71.1253
381 10.4981 71.1286
234 10.5154 71.1323
946 11.0625 71.2504
398 11.3476 71.312
747 11.6128 71.3693
589 11.9638 71.4451
806 22.9763 73.8233
927 22.9926 73.8268
537 23.0095 73.8305
697 23.0261 73.8341
454 23.0432 73.8377
333 23.0588 73.8411
872 23.0755 73.8447
526 23.0901 73.8479
418 23.1072 73.8515
724 26.6815 71.925
971 26.9417 71.7848
223 27.217 71.6364
21 27.5052 71.481
635 27.7506 71.3488
80 28.0558 71.1843
252 28.2213 71.0951
614 28.3822 71.0083
608 28.3822 71.0083
404 28.3822 71.0083
266 28.3822 71.0083
604 28.3822 71.0083
658 28.3822 71.0083
220 28.3822 71.0083
591 28.3822 71.0083
910 28.3822 71.0083
359 28.3822 71.0083
878 28.3822 71.0083
189 28.3822 71.0083
308 28.402 70.9486
662 28.4182 70.9
99 28.4349 70.8496
327 28.4526 70.7965
41 28.4678 70.7506
443 28.4874 70.6917
888 28.5079 70.6298
60 28.5271 70.5721
730 28.5477 70.51
16 28.5666 70.4533
124 28.5864 70.3935
578 28.606 70.3346
571 28.6297 70.2631
270 28.6495 70.2037
689 28.6694 70.1436
954 28.6883 70.0868
757 28.7079 70.0276
789 28.8062 69.7316
550 28.9013 69.4454
226 29.1756 68.6195
574 29.6108 67.3091
171 30.14 65.7155
645 30.6629 64.1413
410 31.1474 62.6824
846 31.1829 61.8185
365 31.2176 60.9745
587 31.2561 60.0361
965 31.2988 58.9975
522 31.3476 57.8088
302 31.3476 57.8088
688 31.3476 57.8088
912 31.3476 57.8088
461 31.3476 57.8088
127 31.3476 57.8088
104 31.3476 57.8088
459 31.3476 57.8088
576 31.3316 57.8037
370 31.3152 57.7985
732 31.2988 57.7933
210 31.2818 57.7879
30 31.1518 57.7468
922 31.0228 57.7059
501 30.896 57.6658
54 30.7788 57.6286
267 30.6401 57.5847
237 30.5173 57.5458
89 30.3814 57.5028
891 30.248 57.4605
34 30.1107 57.417
640 29.9941 57.3801
929 29.8828 57.3448
765 29.7683 57.3086
390 29.6297 57.2647
809 29.5009 57.2239
147 29.3517 57.1766
349 29.2101 57.1318
596 29.0818 57.0911
507 28.8692 57.0238
981 28.6767 56.9628
720 28.5136 56.9112
733 28.3443 56.8576
510 28.1789 56.8052
545 28.0192 56.7546
533 27.8749 56.7089
839 27.6514 56.6381
49 27.418 56.5641
913 27.1512 56.4796
603 26.9119 56.4038
269 26.6694 56.327
493 26.4296 56.2511
756 26.1511 56.1629
599 25.8731 56.0748
142 25.5694 55.9786
233 25.3138 55.8977
764 25.0609 55.8176
59 24.8544 55.7522
137 24.6472 55.6865
79 24.3829 55.6028
903 24.1317 55.5233
705 23.8472 55.4331
957 23.5885 55.3512
901 23.3014 55.2603
788 23.0046 55.1663
403 22.6558 55.0558
735 22.3521 54.9596
956 22.0288 54.8572
324 21.7224 54.7601
677 21.394 54.6561
729 21.1522 54.5795
382 20.8779 54.4927
938 20.559 54.3917
601 20.2715 54.3006
451 19.7426 54.1331
897 19.1908 53.9583
633 18.5937 53.7692
182 17.9231 53.5568
908 17.3577 53.3777
329 16.7404 53.1822
391 15.8626 52.9041
698 14.8218 52.5745
703 13.7018 52.2197
760 12.5859 51.8663
531 11.5777 51.5469
925 11.5777 51.5469
784 11.5777 51.5469
122 11.5777 51.5469
166 11.6092 51.4403
849 11.6422 51.329
616 11.6812 51.197
123 11.7123 51.0919
858 11.7401 50.9982
691 11.7662 50.9099
214 11.7932 50.8186
352 11.8267 50.7056
384 11.8603 50.592
990 11.8895 50.4936
936 11.9137 50.4118
749 11.9398 50.3236
116 11.966 50.235
222 12.0043 50.1055
228 12.0419 49.9787
422 12.0725 49.875
57 12.106 49.7619
909 12.1408 49.6446
218 12.1731 49.5353
336 12.2096 49.4119
527 12.2459 49.2895
100 12.2873 49.1496
797 12.3319 48.9989
423 12.3717 48.8645
157 12.4044 48.7538
841 12.4436 48.6216
663 12.4841 48.4846
341 12.5192 48.366
463 12.5567 48.2395
212 12.5966 48.1047
312 12.6324 47.9837
279 12.6663 47.869
731 12.7045 47.74
652 12.7385 47.6252
708 12.7704 47.5176
489 12.8515 47.2434
565 12.93 46.9782
972 13.0275 46.6492
174 13.1418 46.2627
958 13.2576 45.8717
476 13.3534 45.5482
771 13.4449 45.2388
496 13.5368 44.9286
863 13.6319 44.6073
438 13.7215 44.3045
770 13.6842 44.1973
805 13.6507 44.1009
47 13.6134 43.9935
758 13.5734 43.8786
475 13.5304 43.7548
148 13.4848 43.6236
32 13.4409 43.4974
505 13.4034 43.3894
542 13.3624 43.2716
303 13.3193 43.1477
373 13.2241 42.8736
949 13.1262 42.5922
330 13.0183 42.2817
128 12.927 42.0189
499 12.0812 39.5859
985 12.0815 39.5711
87 12.0819 39.5573
10 12.0822 39.5439
154 12.0825 39.5307
534 12.0829 39.5171
283 12.0832 39.5032
78 12.0836 39.4893
46 12.0839 39.4763
328 12.0842 39.463
514 12.1848 35.4381
86 12.2178 34.1201
299 12.2386 33.2878
133 12.2542 32.6649
74 12.2692 32.0661
641 12.2813 31.5798
700 12.2914 31.1764
65 12.3035 30.6938
125 12.3167 30.1642
836 12.3323 29.5407
898 12.3471 28.9481
366 12.4638 24.2796
902 12.4945 23.0528
646 12.5227 21.9243
211 12.5331 21.5095
474 12.5418 21.1632
187 12.5512 20.7841
963 12.5512 20.7841
362 12.5512 20.7841
348 12.5512 20.7841
682 12.5512 20.7841
268 12.5512 20.7841
331 12.5512 20.7841
412 12.5512 20.7841
943 12.5512 20.7841
572 12.5512 20.7841
794 12.5512 20.7841
710 12.5869 20.5292
4 12.6244 20.262
258 12.7256 19.5391
661 12.8508 18.6449
402 12.9883 17.6631
673 13.1374 16.5989
722 13.328 15.2378
254 13.3347 15.19
674 13.3424 15.135
629 13.35 15.081
455 13.3565 15.0342
61 13.3649 14.9743
588 13.373 14.9168
741 13.3809 14.86
899 13.3892 14.801
812 13.4325 14.4917
881 15.2495 14.5885
8 18.1528 14.7431
488 20.9456 14.8919
354 24.7811 15.0962
643 25.7788 15.0267
915 26.8327 14.9532
518 34.0569 14.4494
337 34.0468 14.8831
407 34.0378 15.2705
351 34.0282 15.6825
669 34.0179 16.1225
439 34.0061 16.6315
709 33.9957 17.0757
284 33.9868 17.4616
787 33.9783 17.8243
363 33.972 18.0959
702 33.9646 18.4126
111 33.9576 18.7146
626 33.9506 19.0134
883 33.9439 19.303
573 33.9372 19.5894
64 33.93 19.9002
704 33.923 20.2001
307 33.9153 20.5298
246 33.9084 20.826
822 33.9012 21.1348
824 33.8944 21.4271
287 33.8885 21.6808
653 33.8759 22.2214
261 33.8514 23.2725
310 33.8278 24.2846
834 33.7972 25.5974
934 33.7695 26.7843
26 33.7395 28.0733
7 33.6935 30.0462
602 33.6665 31.202
529 33.6158 33.3765
397 33.5696 35.359
508 33.5623 35.671
37 33.5579 35.861
121 33.5579 35.861
151 33.5564 35.9462
664 33.555 36.0322
205 33.5535 36.1169
525 33.5519 36.2108
535 33.5513 36.2478
549 33.5508 36.2806
783 33.5501 36.3187
388 33.5495 36.3562
38 33.5489 36.3927
829 33.5483 36.4267
706 33.5473 36.4845
687 33.5463 36.5424
486 33.5453 36.5996
989 33.5443 36.6609
876 33.5432 36.7253
655 33.5423 36.7778
221 33.5416 36.8224
935 33.5407 36.872
679 33.5397 36.9307
811 33.5388 36.9866
612 33.5379 37.0404
869 33.537 37.0909
379 33.5362 37.1411
723 33.535 37.2063
586 33.6098 37.2398
413 33.6707 37.2671
748 33.7323 37.2947
278 33.7939 37.3223
619 33.8587 37.3514
414 33.9209 37.3792
11 33.9848 37.4079
543 34.0559 37.4398
917 36.8211 38.6791
906 39.3412 39.8086
66 39.3461 39.8108
790 39.3461 39.8108
862 39.3461 39.8108
512 39.3461 39.8108
472 39.3461 39.8108
342 39.3461 39.8108
421 39.3461 39.8108
160 39.3461 39.8108
778 39.3461 39.8108
194 39.7721 39.5813
180 40.1903 39.356
191 40.69 39.0869
853 41.1853 38.8201
692 41.668 38.5601
257 42.1912 38.2782
848 42.7027 38.0027
865 43.262 37.7015
681 43.6816 37.4755
69 43.9727 37.3186
452 44.2746 37.156
356 44.599 36.9813
566 44.9562 36.7889
155 45.393 36.5536
873 45.9081 36.2761
844 46.1991 36.1193
480 46.4773 35.9695
164 46.8423 35.7729
467 47.1201 35.6233
289 47.4395 35.4512
209 47.7254 35.2972
276 47.9781 35.1611
197 48.2963 34.9897
63 48.6218 34.8143
716 48.9625 34.6308
930 49.3283 34.4338
458 49.6655 34.2522
870 49.9888 34.078
831 50.3671 33.8742
781 50.4702 33.8187
355 50.5618 33.7694
19 50.6535 33.72
785 50.7566 33.6644
828 50.862 33.6077
43 50.9582 33.5558
978 51.0376 33.5131
45 53.0185 32.1137
27 53.0185 32.1137
6 53.0185 32.1137
821 53.0185 32.1137
419 53.0185 32.1137
594 53.0186 32.1137
250 53.0186 32.1137
555 53.0186 32.1137
634 53.0186 32.1137
751 53.0186 32.1137
358 53.0186 32.1137
55 53.0186 32.1137
377 53.0186 32.1137
217 53.0186 32.1137
959 57.8648 26.195
819 61.2537 22.0561
721 64.7492 17.7871
295 64.9528 17.5384
581 65.1722 17.2704
176 65.4045 16.9868
598 65.6164 16.728
777 65.8395 16.4555
24 66.0699 16.1741
504 66.3184 15.8706
103 66.5874 15.542
