0,627,979,260,483,345,243,590,33,520,98,835,136,497,745,506,977,170,198,242,107,884,951,387,684,425,941,553,920,195,838,274,102,466,967,609,932,143,656,29,583,592,670,323,647,152,85,35,538,485,190,942,907,926,842,767,850,70,727,238,847,595,654,975,385,837,904,83,290,71,315,393,478,931,605,668,340,460,962,818,900,51,937,579,509,68,867,481,201,67,650,744,775,334,383,852,332,420,110,528,173,18,450,648,473,685,322,159,25,889,660,204,311,372,854,725,158,813,893,742,820,983,928,135,149,417,580,353,740,666,864,494,251,544,52,622,992,464,318,145,624,801,177,567,984,477,584,313,406,823,395,42,845,285,817,620,273,887,317,378,297,754,202,40,851,737,465,800,23,12,229,335,940,816,118,575,344,305,861,896,434,856,140,774,280,895,636,880,826,185,802,690,952,746,511,165,659,882,259,911,245,415,320,319,367,62,755,980,536,82,375,642,179,562,408,618,193,961,105,532,156,541,206,947,389,129,530,449,516,369,807,5,241,752,877,271,766,96,548,713,539,795,139,181,918,672,256,343,569,72,239,309,808,763,53,559,294,22,614,814,146,840,230,707,613,215,437,92,974,265,448,866,874,172,292,960,416,470,394,738,773,561,20,231,611,919,806,296,490,141,288,28,872,50,456,120,44,521,249,491,651,306,418,954,424,183,610,368,833,36,871,885,761,696,73,167,859,13,115,495,593,768,392,150,339,886,2,631,409,714,430,76,253,638,786,428,227,441,469,41,827,780,1,199,108,95,969,914,380,325,905,435,750,719,776,15,364,868,93,444,695,386,48,973,711,446,200,138,236,637,447,17,557,699,106,955,753,815,628,585,678,988,178,982,90,39,803,547,953,568,718,830,759,213,736,263,693,405,304,301,401,240,58,436,169,300,560,203,892,712,247,426,933,608,399,442,916,316,462,398,888,443,825,88,184,479,326,487,946,546,728,657,615,554,570,796,551,701,890,224,400,457,168,153,321,792,75,244,970,361,431,429,31,360,944,939,371,717,686,346,277,524,948,667,445,680,639,556,207,192,130,734,376,482,131,589,132,703,272,81,760,764,347,607,219,77,433,517,500,14,502,503,799,162,3,97,255,665,630,119,113,427,374,411,196,966,772,879,860,991,34,925,552,694,298,381,747,739,234,338,531,784,797,423,116,128,691,214,352,489,391,166,157,341,463,663,849,708,122,154,222,990,758,148,633,476,279,731,652,57,534,182,114,47,373,303,542,505,909,218,336,422,100,841,616,228,770,936,749,123,805,527,312,233,846,698,324,59,924,599,956,913,971,451,897,720,733,981,601,972,403,174,565,496,735,771,677,382,329,729,587,349,507,903,705,957,901,79,137,938,545,756,645,171,365,327,571,910,404,291,270,537,724,578,689,223,60,99,124,600,927,16,950,730,220,635,726,275,757,574,226,252,604,658,550,697,189,662,789,649,591,359,878,80,965,454,526,333,266,175,308,134,671,126,782,540,743,163,564,762,350,976,109,617,769,144,248,563,513,453,94,855,216,208,987,112,968,440,964,632,857,921,432,9,468,558,582,832,91,577,161,282,484,779,986,798,515,810,625,225,791,793,676,523,84,235,894,264,286,522,945,597,293,623,188,472,923,512,186,410,498,804,89,809,839,342,101,596,603,21,621,281,765,912,461,127,104,459,576,370,732,210,54,30,683,922,501,929,533,56,471,147,49,788,640,390,269,778,237,493,715,267,180,194,7,525,510,397,37,748,11,989,612,543,529,302,876,891,688,692,783,619,508,549,535,679,811,142,191,151,486,121,787,278,908,414,723,869,413,475,438,706,205,388,65,32,602,664,836,655,687,38,829,354,212,858,949,863,125,328,330,514,78,499,384,10,898,268,794,74,661,331,402,86,46,958,4,700,985,943,572,283,87,710,258,899,133,299,673,187,881,455,8,674,254,963,588,682,348,646,412,211,61,902,741,474,629,812,488,366,362,641,722,915,518,669,653,363,702,111,626,883,573,64,704,407,351,643,287,26,379,160,307,284,439,709,834,310,261,822,824,221,246,337,934,917,257,421,906,586,63,930,853,19,716,164,681,781,355,467,785,865,250,217,155,566,935,69,862,790,480,356,452,848,675,870,875,843,594,262,492,396,27,314,821,232,606,377,519,644,357,117,276,55,289,197,458,43,828,209,419,819,959,358,978,66,751,6,634,873,555,45,844,777,831,24,504,581,721,295,598,176,103,
value : 441.829 running time : 390.105578
0 80 20
627 84.9168 18.1109
979 85.6041 17.8468
260 86.2684 17.5916
483 86.2684 17.5916
345 86.2815 18.5915
243 86.293 19.4755
590 86.4062 28.1252
33 86.4434 30.968
520 86.4746 33.3571
98 86.5003 35.3246
835 86.5692 40.5946
136 86.65 46.7712
497 86.6902 49.844
745 80.0088 50.7455
506 80.0088 50.7455
977 80.0088 50.7455
170 80.0088 50.7455
198 80.0088 50.7455
242 80.0088 50.7455
107 80.0088 50.7455
884 79.8031 50.7765
951 79.5878 50.8089
387 79.3706 50.8417
684 79.1562 50.874
425 78.9115 50.9109
941 78.6758 50.9465
553 78.4503 50.9805
920 78.2336 51.0131
195 78.0147 51.0461
838 77.7983 51.0787
274 77.569 51.1133
102 77.3322 51.149
466 77.1068 51.183
967 76.8925 51.2153
609 76.6699 51.2489
932 76.4548 51.2813
143 76.2295 51.3153
656 76.0271 51.3458
29 75.8215 51.3768
583 75.6214 51.4069
592 75.4161 51.4379
670 75.2082 51.4693
323 75.0058 51.4998
647 69.6063 56.73
152 68.4905 57.811
85 67.5821 58.6909
35 67.6013 58.9396
538 67.6202 59.1842
485 67.6386 59.4222
190 67.6576 59.6685
942 67.6769 59.9185
907 67.696 60.1655
926 67.7132 60.3887
842 67.7352 60.6729
767 67.7727 61.1587
850 67.8103 61.6465
70 67.8503 62.1647
727 67.9654 63.6558
238 68.039 64.609
847 68.1171 65.621
595 68.1726 66.3396
654 68.2353 67.153
975 68.29 67.8608
385 68.345 68.5732
837 68.3966 69.2422
904 68.4447 69.8659
83 68.4945 70.5109
290 68.5363 71.0515
71 68.5798 71.6156
315 68.6159 72.0835
393 68.6288 72.2507
478 68.643 72.4344
931 68.6686 72.7659
605 68.8307 72.7245
668 69.0239 72.6751
340 69.2241 72.624
460 69.4191 72.5742
962 69.6519 72.5147
818 69.8647 72.4604
900 70.0689 72.4082
51 70.2525 72.3613
937 70.448 72.3114
579 70.6568 72.258
509 70.8403 72.2111
68 71.0633 72.1542
867 71.289 72.0965
481 71.5083 72.0405
201 71.756 71.9772
67 71.9595 71.9253
650 72.1833 71.8681
744 72.4024 71.8121
775 72.6461 71.7499
334 72.9158 71.681
383 72.9279 71.6918
852 72.9395 71.7021
332 72.9518 71.713
420 72.9621 71.7222
110 72.9748 71.7336
528 72.9883 71.7456
173 72.999 71.7551
18 73.0099 71.7649
450 82.4667 80.1958
648 82.9824 80.6556
473 83.5082 81.1244
685 83.9283 81.499
322 84.2375 81.7747
159 84.5028 82.0112
25 84.8257 82.2991
889 85.081 82.5267
660 85.2889 82.7121
204 85.5052 82.9049
311 85.7537 83.1265
372 86.0011 83.347
854 82.428 87.1128
725 82.1304 87.4265
158 81.8239 87.7496
813 81.7697 87.8068
893 81.7166 87.8628
742 81.6655 87.9166
820 81.6091 87.9761
983 81.5548 88.0334
928 81.5449 88.0438
135 78.2809 88.0987
149 75.3084 88.1485
417 74.804 88.1568
580 74.3032 88.165
353 73.8044 88.1732
740 73.3328 88.1809
666 72.4294 88.1958
864 71.5206 88.2108
494 70.5683 88.2265
251 69.4695 88.2447
544 68.3607 88.263
52 67.2645 88.2811
622 66.1872 88.2989
992 65.117 88.3166
464 64.1056 88.3333
318 63.0905 88.35
145 61.2653 88.3803
624 59.0928 88.4164
801 59.0928 88.4164
177 59.0927 88.4164
567 59.0927 88.4164
984 59.0927 88.4164
477 59.0926 88.4164
584 59.0926 88.4164
313 59.0926 88.4164
406 59.0926 88.4164
823 59.0925 88.4164
395 59.0925 88.4164
42 59.0925 88.4164
845 59.0924 88.4164
285 59.0924 88.4164
817 59.0924 88.4164
620 59.0924 88.4164
273 58.9959 88.4175
887 58.9007 88.4186
317 58.8061 88.4197
378 58.7086 88.4209
297 58.6063 88.4221
754 58.495 88.4234
202 58.3908 88.4246
40 58.2891 88.4258
851 58.1887 88.427
737 58.0914 88.4281
465 57.9993 88.4292
800 56.2614 88.4497
23 56.0695 88.452
12 55.9042 88.4539
229 55.7387 88.4559
335 55.564 88.4579
940 55.3884 88.46
816 55.2363 88.4618
118 55.0695 88.4638
575 54.9002 88.4658
344 54.7226 88.4679
305 54.5368 88.4701
861 54.3797 88.4719
896 54.2284 88.4737
434 54.0702 88.4756
856 53.918 88.4774
140 53.7521 88.4794
774 53.5882 88.4813
280 53.4298 88.4832
895 53.2616 88.4852
636 53.1025 88.487
880 52.952 88.4888
826 52.795 88.4907
185 52.6594 88.4923
802 52.4818 88.4944
690 52.3656 88.4958
952 52.2389 88.4973
746 52.1071 88.4988
511 51.9804 88.5003
165 51.8465 88.5019
659 51.7252 88.5033
882 51.6189 88.5046
259 51.5065 88.5059
911 51.3907 88.5073
245 51.2151 88.5094
415 51.0434 88.5114
320 50.8666 88.5135
319 50.6974 88.5155
367 50.5467 88.5173
62 50.379 88.5193
755 50.2034 88.5213
980 50.0539 88.5231
536 49.8797 88.5252
82 49.7038 88.5272
375 49.5455 88.5291
642 49.3953 88.5309
179 49.2442 88.5327
562 49.0805 88.5346
408 48.9373 88.5363
618 48.7906 88.538
193 48.6237 88.54
961 48.4795 88.5417
105 48.3259 88.5435
532 48.1743 88.5453
156 48.0183 88.5472
541 47.862 88.549
206 47.6994 88.5509
947 47.5537 88.5527
389 47.3875 88.5546
129 47.2294 88.5565
530 47.0881 88.5582
449 46.9399 88.5599
516 46.8074 88.5615
369 46.6669 88.5632
807 45.2942 88.5793
5 44.1154 88.5932
241 42.7816 88.6088
752 41.6149 88.6226
877 41.4794 88.6242
271 41.3441 88.6258
766 41.2198 88.6273
96 41.0796 88.6289
548 40.9722 88.6302
713 40.8685 88.6314
539 40.7456 88.6329
795 40.6133 88.6344
139 40.4993 88.6358
181 40.4478 88.6364
918 40.3912 88.6371
672 40.3396 88.6377
256 40.2927 88.6382
343 40.2489 88.6387
569 40.1969 88.6394
72 40.1447 88.64
239 40.0972 88.6405
309 40.0423 88.6412
808 39.9867 88.6418
763 39.9417 88.6424
53 39.8914 88.643
559 39.8433 88.6435
294 39.7928 88.6441
22 39.7381 88.6448
614 39.6888 88.6454
814 39.6419 88.6459
146 39.5864 88.6466
840 39.5348 88.6472
230 39.4834 88.6478
707 39.4328 88.6484
613 39.3834 88.649
215 39.3357 88.6495
437 39.2852 88.6501
92 39.2327 88.6508
974 39.1865 88.6513
265 39.1391 88.6519
448 39.0918 88.6524
866 39.0466 88.653
874 38.9971 88.6535
172 38.0383 88.6648
292 37.1066 88.6758
960 36.1064 88.6876
416 35.6802 88.6926
470 35.1925 88.6984
394 34.7368 88.7037
738 34.2442 88.7096
773 33.7368 88.7155
561 33.2672 88.7211
20 32.6042 88.7289
231 32.1245 88.7346
611 31.6125 88.7406
919 31.3446 88.7438
806 31.0527 88.7472
296 30.7381 88.7509
490 30.42 88.7547
141 30.1313 88.7581
288 29.8078 88.7619
28 29.5324 88.7652
872 29.268 88.7683
50 28.9497 88.772
456 28.6722 88.7753
120 28.4326 88.7781
44 28.1598 88.7814
521 27.8983 88.7844
249 27.6828 88.787
491 27.4757 88.7894
651 27.3185 88.7913
306 27.1654 88.7931
418 27.0155 88.7949
954 26.8632 88.7967
424 26.687 88.7987
183 26.5176 88.8007
610 26.3627 88.8026
368 26.198 88.8045
833 26.0387 88.8064
36 25.8844 88.8082
871 25.7215 88.8101
885 25.5745 88.8119
761 25.4247 88.8136
696 25.2743 88.8154
73 25.1274 88.8172
167 24.9705 88.819
859 24.7958 88.8211
13 24.6143 88.8232
115 24.4543 88.8251
495 24.3055 88.8269
593 24.1707 88.8284
768 24.0392 88.83
392 23.9157 88.8315
150 23.3037 88.8387
339 22.6437 88.8464
886 22.5467 88.8476
2 22.4635 88.8486
631 22.2969 88.8505
409 22.1072 88.8528
714 21.9131 88.8551
430 21.7318 88.8572
76 21.5463 88.8594
253 21.3596 88.8616
638 21.1655 88.8639
786 20.6996 88.8694
428 20.0345 88.8773
227 19.23 88.8867
441 18.4933 88.8954
469 17.6785 88.9051
41 16.8644 88.9147
827 13.9414 88.949
780 13.7741 88.951
1 13.5976 88.9531
199 13.4274 88.9551
108 13.2658 88.957
95 13.1126 88.9588
969 12.9448 88.9608
914 12.793 88.9626
380 12.6482 88.9643
325 12.5221 88.9658
905 12.383 88.9675
435 12.2541 88.969
750 12.1673 88.97
719 12.078 88.9711
776 11.9986 88.972
15 11.9058 88.9731
364 11.7965 88.9744
868 11.6949 88.9756
93 11.6129 88.9766
444 11.5177 88.9777
695 11.4342 88.9787
386 11.3348 88.9798
48 11.2383 88.981
973 11.1393 88.9822
711 11.0345 88.9834
446 10.9377 88.9845
200 10.8395 88.9857
138 10.7461 88.9868
236 10.6511 88.9879
637 10.5542 88.9891
447 10.461 88.9902
17 10.3766 88.9912
557 10.2799 88.9923
699 10.1798 88.9935
106 10.0747 88.9947
955 9.98723 88.9958
753 9.89836 88.9968
815 9.78621 88.9981
628 9.67257 88.9995
585 9.55766 89.0008
678 9.45453 89.0021
988 9.35358 89.0032
178 9.34565 88.9565
982 9.33914 88.918
90 9.33256 88.8791
39 9.32737 88.8485
803 9.32132 88.8127
547 9.31524 88.7768
953 9.30938 88.7422
568 9.30342 88.707
718 9.29684 88.6681
830 9.29025 88.6292
759 9.29025 88.6292
213 9.29025 88.6292
736 9.34139 88.4589
263 9.38946 88.2988
693 9.43607 88.1435
405 9.48226 87.9897
304 9.53405 87.8172
301 9.58806 87.6373
401 9.64291 87.4546
240 9.69817 87.2705
58 9.74763 87.1058
436 9.79684 86.9418
169 9.84364 86.786
300 9.89217 86.6243
560 9.94237 86.4571
203 9.98795 86.3053
892 10.0314 86.1607
712 10.0726 86.0234
247 10.1207 85.863
426 10.171 85.6955
933 10.2146 85.5505
608 10.4099 84.8999
399 10.4531 84.7561
442 10.4954 84.6151
916 10.5436 84.4546
316 10.5897 84.3008
462 10.6376 84.1414
398 12.2762 78.6835
888 12.5419 77.7985
443 12.5399 77.7971
825 12.5378 77.7957
88 12.5358 77.7943
184 12.5338 77.7929
479 12.5318 77.7916
326 12.5298 77.7902
487 12.5278 77.7887
946 12.5257 77.7873
546 12.5232 77.7856
728 12.5209 77.784
657 12.5189 77.7826
615 12.5168 77.7812
554 12.5148 77.7798
570 12.513 77.7785
796 12.5114 77.7774
551 12.5095 77.7761
701 12.5076 77.7747
890 12.5052 77.7731
224 12.5032 77.7717
400 12.5032 77.7717
457 12.5032 77.7717
168 12.5032 77.7717
153 12.5032 77.7717
321 12.4898 77.6366
792 12.4776 77.5129
75 12.459 77.3239
244 12.4395 77.1276
970 12.4175 76.9042
361 12.4014 76.7419
431 12.3862 76.5874
429 12.3695 76.4183
31 12.3547 76.269
360 12.3385 76.1053
944 12.3226 75.9439
939 11.7299 69.948
371 11.7299 69.948
717 11.7299 69.948
686 11.7299 69.948
346 11.7299 69.948
277 11.7299 69.948
524 11.7299 69.948
948 11.7299 69.948
667 11.7299 69.948
445 11.7299 69.948
680 11.7299 69.948
639 11.7299 69.948
556 11.7299 69.948
207 11.7299 69.948
192 11.7259 69.8417
130 11.7218 69.7309
734 11.7174 69.6135
376 11.7133 69.5028
482 11.7091 69.3923
131 11.705 69.2821
589 11.7009 69.1722
132 11.6968 69.0624
703 11.6926 68.9506
272 11.6885 68.84
81 11.6844 68.7313
760 11.6803 68.6209
764 11.6762 68.5127
347 11.6719 68.3979
607 11.6719 68.3979
219 11.6719 68.3979
77 11.6719 68.3979
433 11.6719 68.3979
517 11.6988 68.3393
500 11.7251 68.282
14 11.7506 68.2265
502 11.7768 68.1693
503 11.8015 68.1155
799 11.8267 68.0605
162 11.853 68.0033
3 11.8795 67.9455
97 11.9041 67.8919
255 11.9283 67.8391
665 11.9534 67.7845
630 11.9807 67.7251
119 12.0055 67.671
113 12.0301 67.6173
427 12.0543 67.5646
374 12.08 67.5086
411 12.1112 67.4405
196 12.138 67.3821
966 12.1609 67.3324
772 12.2032 67.24
879 12.2377 67.1649
860 12.2722 67.0899
991 12.3129 67.001
34 12.6294 66.3113
925 12.264 66.2982
552 11.9859 66.2883
694 11.6049 66.2747
298 11.3114 66.2642
381 11.3376 65.4409
747 11.378 64.1694
739 11.4132 63.063
234 11.4499 61.9074
338 11.4847 60.8114
531 11.5414 59.0289
784 11.6017 57.1296
797 11.6945 54.2112
423 11.7314 53.0479
116 11.7314 53.0479
128 11.741 53.0429
691 11.7553 53.0355
214 11.7668 53.0296
352 11.78 53.0227
489 11.7923 53.0163
391 11.806 53.0093
166 11.8162 53.004
157 11.8277 52.998
341 11.8411 52.9911
463 11.8538 52.9845
663 11.8667 52.9778
849 11.877 52.9725
708 11.8888 52.9664
122 11.9013 52.9599
154 12.0944 52.8599
222 12.2933 52.7569
990 12.4892 52.6555
758 12.4988 52.6615
148 12.5073 52.6668
633 12.5164 52.6725
476 12.524 52.6773
279 12.5321 52.6823
731 12.5391 52.6868
652 12.5473 52.6919
57 12.556 52.6973
534 12.5651 52.703
182 12.5743 52.7088
114 12.5832 52.7144
47 12.5903 52.7188
373 12.5982 52.7237
303 12.6066 52.729
542 12.615 52.7343
505 12.6233 52.7394
909 12.6314 52.7445
218 12.6403 52.7501
336 12.6497 52.756
422 12.6584 52.7615
100 12.6655 52.7659
841 12.6729 52.7705
616 12.6806 52.7753
228 12.6887 52.7804
770 12.6969 52.7856
936 12.7058 52.7911
749 12.7139 52.7962
123 12.7224 52.8015
805 12.7317 52.8073
527 12.7403 52.8128
312 12.7495 52.8185
233 15.1663 54.3316
846 16.8445 55.3824
698 17.5532 55.8262
324 18.3233 56.3084
59 19.0355 56.7544
924 19.6812 57.1587
599 19.8351 57.2551
956 19.972 57.3409
913 20.1204 57.4338
971 20.1204 57.4338
451 20.1204 57.4338
897 20.1204 57.4338
720 20.1204 57.4338
733 20.1204 57.4338
981 20.1204 57.4338
601 20.1204 57.4338
972 20.1204 57.4338
403 20.1204 57.4338
174 20.1204 57.4338
565 20.1204 57.4338
496 20.1204 57.4338
735 20.1204 57.4338
771 20.1204 57.4338
677 20.4753 57.9107
382 20.8993 58.4803
329 21.2604 58.9656
729 21.6136 59.4401
587 21.9673 59.9154
349 22.2594 60.3078
507 22.5369 60.6807
903 22.8312 61.0761
705 23.0891 61.4226
957 23.3824 61.8167
901 23.6578 62.1868
79 23.9279 62.5497
137 24.2097 62.9283
938 24.4436 63.2426
545 24.997 63.9862
756 25.7406 64.9854
645 26.7221 66.304
171 27.6574 67.5608
365 27.8664 67.8416
327 28.0595 68.1011
571 28.2804 68.3978
910 28.5049 68.6995
404 28.7015 68.9636
291 28.8837 69.2085
270 29.0721 69.4616
537 29.2249 69.6669
724 29.3973 69.8986
578 29.5445 70.0964
689 29.556 70.1118
223 29.5678 70.1276
60 29.5791 70.1428
99 29.5898 70.1572
124 29.6014 70.1727
600 29.6121 70.1871
927 29.6232 70.2021
16 29.6354 70.2185
950 29.6465 70.2333
730 29.6577 70.2485
220 29.6687 70.2633
635 29.6799 70.2783
726 29.6911 70.2933
275 29.702 70.308
757 29.7142 70.3243
574 29.8867 70.3131
226 30.0536 70.3023
252 30.2056 70.2924
604 30.3475 70.2831
658 30.4892 70.2739
550 30.641 70.264
697 31.0479 70.2375
189 31.6467 70.1986
662 32.1612 70.1651
789 32.6521 70.1331
649 33.2059 70.0971
591 33.2545 70.0939
359 33.3047 70.0907
878 33.3555 70.0874
80 33.4063 70.0841
965 33.4486 70.0813
454 33.4945 70.0783
526 33.5401 70.0753
333 33.5868 70.0723
266 34.5485 70.0097
175 37.4279 69.8222
308 39.9652 69.6569
134 44.3102 69.3741
671 49.0173 69.0676
126 49.0173 69.0676
782 49.0173 69.0676
540 49.0173 69.0676
743 49.0173 69.0676
163 49.0173 69.0676
564 49.0173 69.0676
762 49.0259 69.0665
350 49.0331 69.0655
976 49.0412 69.0644
109 49.0505 69.0631
617 49.0588 69.062
769 49.0669 69.0609
144 49.0741 69.0599
248 49.0824 69.0588
563 49.0905 69.0577
513 49.0986 69.0566
453 49.1068 69.0555
94 49.1151 69.0544
855 49.1228 69.0533
216 49.131 69.0522
208 49.1401 69.051
987 49.1487 69.0498
112 49.1564 69.0488
968 49.1639 69.0478
440 49.1722 69.0466
964 49.1799 69.0456
632 49.1877 69.0445
857 49.1956 69.0435
921 49.2037 69.0424
432 49.2121 69.0412
9 49.22 69.0401
468 49.2271 69.0392
558 49.2344 69.0382
582 49.2435 69.037
832 49.252 69.0358
91 49.1716 68.4618
577 49.0771 67.7874
161 49.02 67.38
282 48.9674 67.0047
484 48.9192 66.6609
779 48.8651 66.2747
986 48.8109 65.8875
798 48.7467 65.4293
515 48.6905 65.0286
810 48.6304 64.5993
625 48.576 64.2113
225 48.5269 63.861
791 48.4648 63.4176
793 48.4039 62.9831
676 48.3537 62.6248
523 48.3023 62.2582
84 48.2425 61.8313
235 48.1851 61.4219
894 48.1235 60.9821
264 48.0057 60.1413
286 47.8944 59.3473
522 47.7852 58.568
945 47.7852 58.568
597 47.7852 58.568
293 47.7852 58.568
623 47.5766 58.5566
188 47.0805 58.5295
472 46.5107 58.4984
923 45.9779 58.4693
512 45.4291 58.4393
186 44.9754 58.4146
410 44.4129 58.3839
498 43.8871 58.3551
804 43.2786 58.3219
89 42.6697 58.2887
809 42.2525 58.2659
839 41.8447 58.2436
342 41.5097 58.2253
101 41.1109 58.2036
596 40.6165 58.1766
603 40.1533 58.1513
21 39.8159 58.1328
621 39.6179 58.122
281 39.3902 58.1096
765 39.1291 58.0953
912 38.8782 58.0816
461 38.6533 58.0694
127 38.4156 58.0564
104 38.1728 58.0431
459 37.9449 58.0307
576 37.7085 58.0178
370 37.4661 58.0045
732 37.2261 57.9914
210 36.9773 57.9778
54 36.7139 57.9635
30 36.4516 57.9491
683 36.2031 57.9356
922 35.9186 57.92
501 35.6273 57.9041
929 35.5714 57.7755
533 35.5205 57.6585
56 35.4702 57.5429
471 35.4096 57.4035
147 35.346 57.2573
49 35.2903 57.1292
788 35.2429 57.0203
640 35.1905 56.8998
390 35.138 56.779
269 35.0759 56.6363
778 35.0218 56.512
237 34.9727 56.3991
493 34.9249 56.2891
715 34.8759 56.1765
267 34.2012 54.6253
180 33.484 52.9763
194 32.7928 51.3871
7 32.1122 49.8223
525 31.8592 49.2405
510 31.6227 48.6967
397 31.3156 47.9906
37 31.0486 47.3768
748 30.8082 46.8241
11 30.5696 46.2754
989 30.3475 45.7649
612 30.0954 45.1851
543 30.0014 44.9691
529 29.8982 44.7317
302 29.8144 44.539
876 29.7246 44.3327
891 29.6307 44.1166
688 29.5103 43.8399
692 29.378 43.5358
783 29.2588 43.2617
619 29.1389 42.986
508 29.0133 42.6972
549 28.8722 42.3729
535 28.762 42.1195
679 28.6416 41.8427
811 28.5268 41.5787
142 28.4184 41.3294
191 28.0322 40.4415
151 27.5514 40.0661
486 27.0331 39.6615
121 26.5711 39.3008
787 26.1879 39.0016
278 25.9776 38.9923
908 25.7503 38.9822
414 25.5445 38.9731
723 25.3294 38.9635
869 25.1252 38.9544
413 24.9112 38.945
475 24.6808 38.9347
438 24.4602 38.9249
706 24.2432 38.9153
205 23.9898 38.9041
388 23.7367 38.8928
65 23.479 38.8814
32 23.2276 38.8702
602 22.9874 38.8596
664 22.7459 38.8489
836 22.4945 38.8377
655 22.4797 38.837
687 22.4655 38.8364
38 22.4503 38.8357
829 22.4348 38.835
354 22.4197 38.8344
212 19.7058 38.7129
858 19.7058 38.7129
949 17.7373 37.9802
863 15.1019 36.9993
125 13.4149 36.3714
328 11.0652 35.4968
330 10.9285 35.446
514 10.8026 35.3991
78 10.6926 35.3581
499 10.5374 35.3004
384 10.6123 34.7727
10 10.6939 34.1983
898 10.7775 33.6095
268 10.8506 33.0953
794 10.9154 32.639
74 10.9786 32.1936
661 11.0403 31.7592
331 11.0904 31.4066
402 11.1356 31.0881
86 11.1715 30.8354
46 11.2097 30.5671
958 11.2617 30.2003
4 11.3259 29.7487
700 11.381 29.3606
985 11.4474 28.8929
943 11.518 28.3962
572 11.583 27.9384
283 11.6429 27.5166
87 11.7484 26.7738
710 11.8801 25.846
258 12.0109 24.9253
899 12.1411 24.0083
133 12.2603 23.1694
299 12.4053 22.1483
673 12.5686 20.9978
187 12.7467 19.7438
881 12.9089 18.6134
455 12.9616 18.2462
8 13.0262 17.7964
674 13.0538 17.6039
254 13.0811 17.4134
963 13.1078 17.2275
588 13.1411 16.9951
682 13.1731 16.7723
348 13.2043 16.5545
646 13.2351 16.3399
412 13.2656 16.1276
211 13.2979 15.9024
61 13.3277 15.6948
902 13.3576 15.486
741 13.3917 15.2488
474 13.4278 14.9972
629 13.4707 14.698
812 13.5095 14.4277
488 13.5589 14.4293
366 13.6021 14.4308
362 13.6433 14.4321
641 13.6922 14.4338
722 13.7305 14.435
915 24.8346 14.8011
518 34.8354 15.131
669 34.9307 15.5012
653 35.0423 15.9351
363 35.134 16.2912
702 35.233 16.6763
111 35.281 16.8452
626 35.3263 17.0048
883 35.3702 17.1597
573 35.4124 17.3085
64 35.4566 17.464
704 35.4983 17.6111
407 35.5395 17.7565
351 35.5842 17.9137
643 35.6334 18.0873
287 35.6846 18.2676
26 35.744 18.4769
379 35.8017 18.6802
160 35.8524 18.8589
307 35.8925 19.0002
284 35.9324 19.1411
439 35.9743 19.2886
709 36.1236 19.8144
834 36.2665 20.3182
310 36.3824 20.7263
261 36.5138 21.1892
822 36.6416 21.6397
824 36.7691 22.0887
221 36.8937 22.5276
246 37.4322 23.1306
337 39.1393 25.0416
934 41.6125 27.8103
917 44.4119 30.9443
257 44.9365 31.5316
421 45.4732 32.1324
906 46.0255 32.7508
586 46.3471 33.1108
63 46.7639 33.5774
930 46.9461 33.7814
853 47.0954 33.9485
19 47.2745 34.149
716 47.4508 34.3464
164 47.6013 34.5148
681 47.785 34.7205
781 47.9585 34.9147
355 48.0275 34.9919
467 48.0872 35.0587
785 48.1639 35.1446
865 48.2382 35.2279
250 48.3148 35.3136
217 48.401 35.4101
155 48.401 35.4101
566 48.401 35.4101
935 48.6988 35.6234
69 49.0134 35.8486
862 49.2712 36.0332
790 49.5574 36.2382
480 49.8717 36.4633
356 50.4983 36.9119
452 51.328 37.5061
848 52.2705 38.1809
675 53.2588 38.8886
870 53.8778 39.3318
875 54.5225 39.7935
843 55.1445 40.2388
594 55.7502 40.6725
262 56.3633 41.1115
492 56.9032 41.4982
396 57.4768 41.9089
27 57.7991 41.5816
314 58.0604 41.3163
821 58.319 41.0537
232 58.5225 40.847
606 58.5225 40.847
377 58.5225 40.847
519 58.5225 40.847
644 58.5039 40.728
357 58.4848 40.6064
117 58.4662 40.4875
276 58.4532 40.405
55 57.5334 34.5403
289 57.0907 31.7175
197 57.0907 31.7175
458 57.0907 31.7175
43 57.0907 31.7175
828 57.0907 31.7175
209 57.0907 31.7175
419 57.0907 31.7175
819 57.0907 31.7175
959 57.0907 31.7175
358 57.0907 31.7175
978 57.0907 31.7175
66 57.1439 31.6313
751 57.2079 31.5276
6 57.271 31.4254
634 57.325 31.3378
873 57.3848 31.2409
555 57.4422 31.1478
45 57.498 31.0575
844 57.5553 30.9646
777 61.3745 24.7763
831 62.16 23.5034
24 63.1289 21.9334
504 64.0136 20.4998
581 64.8409 19.1592
721 65.6973 17.7715
295 66.0154 17.256
598 66.3835 16.6594
176 66.8056 15.9754
103 67.1919 15.3495
