0,979,483,243,260,627,345,98,590,274,33,835,466,609,520,884,497,506,838,136,198,387,170,951,920,242,684,107,425,195,967,553,592,29,232,670,323,357,745,977,383,932,583,70,117,850,334,102,656,385,201,852,460,937,173,847,668,340,393,110,650,579,332,975,71,83,818,465,290,727,204,740,450,648,417,473,25,372,660,528,311,685,322,889,928,135,983,864,666,494,159,820,775,845,481,742,725,893,318,251,580,817,149,544,854,145,813,353,42,177,620,315,285,52,823,158,851,464,273,432,582,530,754,536,140,297,690,317,622,259,992,335,434,961,185,313,5,408,737,856,12,882,511,156,866,569,105,559,532,23,344,541,624,230,375,343,437,539,320,129,974,877,206,389,72,814,713,807,952,774,62,980,319,165,766,874,181,763,896,584,746,911,516,305,82,239,642,477,984,659,202,18,378,801,575,940,118,816,367,245,369,406,229,280,921,832,947,567,415,395,755,179,126,861,40,931,618,193,564,887,895,636,802,880,394,141,614,724,976,215,840,226,144,294,292,562,416,649,225,806,509,9,80,270,350,894,878,471,533,683,365,359,175,855,134,94,540,349,804,56,390,604,924,733,411,971,946,266,587,571,574,501,645,382,132,897,910,454,113,99,927,600,327,443,361,81,500,903,507,965,735,482,601,479,326,701,16,658,124,223,487,552,954,537,189,252,662,872,888,429,469,88,490,168,41,689,60,697,550,730,789,220,950,635,21,591,96,638,757,256,578,695,120,795,548,172,960,241,167,92,919,296,561,2,786,73,150,139,738,392,448,53,265,449,309,707,409,253,752,613,20,871,28,808,611,306,231,470,44,428,672,918,271,773,146,288,22,76,424,491,761,768,753,304,696,521,368,462,610,430,631,651,36,236,442,859,885,58,418,50,456,333,17,431,593,833,933,557,249,815,750,153,247,892,200,608,776,495,227,560,386,115,714,441,678,988,95,568,712,405,973,1,15,39,803,969,868,585,827,435,380,547,699,183,13,780,106,213,914,718,693,401,982,444,169,364,203,759,263,446,953,792,301,637,138,711,199,108,316,447,736,300,93,436,916,399,628,944,686,426,207,665,830,890,570,178,615,240,719,75,346,554,546,381,966,255,717,371,639,905,551,991,48,680,433,955,360,886,244,825,457,298,445,799,517,90,607,694,224,325,339,796,184,726,860,556,427,374,272,502,119,219,728,31,321,329,114,275,162,784,398,131,400,657,14,667,166,972,77,708,503,948,338,277,97,524,630,764,747,376,703,939,234,925,849,303,214,734,805,760,565,531,347,589,47,3,879,970,218,772,192,739,423,863,496,731,128,534,157,116,122,46,222,749,936,909,527,616,57,505,956,542,182,841,78,958,100,797,700,123,663,949,770,475,677,758,336,228,125,990,352,476,655,330,312,463,341,154,652,373,489,499,328,86,299,283,384,10,212,794,673,898,74,331,133,985,258,741,572,412,514,710,268,963,661,836,455,4,702,682,899,366,812,211,674,488,474,61,588,187,722,646,629,881,362,8,348,351,246,402,641,643,439,787,915,586,902,254,669,709,310,834,518,704,337,653,407,363,287,284,26,111,573,467,64,626,307,822,160,7,250,934,883,278,289,261,681,790,257,379,164,935,180,917,69,421,862,480,356,191,748,151,692,853,687,512,529,566,706,612,403,908,829,354,824,619,397,508,664,414,65,38,87,148,679,811,11,388,549,37,32,602,869,486,205,221,943,121,981,633,510,858,142,901,279,438,705,771,691,756,723,451,720,545,137,788,957,640,535,599,525,543,267,174,196,891,698,422,324,130,846,778,291,308,237,171,596,526,603,676,233,34,493,89,49,765,79,729,59,929,127,147,302,391,839,54,688,370,938,848,104,597,922,413,912,876,461,783,269,989,210,913,923,472,101,194,155,163,576,30,809,161,281,84,743,791,625,793,188,498,732,621,459,779,264,968,468,262,577,715,986,404,605,769,484,523,857,248,112,235,987,782,800,410,671,91,208,238,563,513,558,762,617,964,632,453,109,810,216,826,282,744,478,152,51,900,837,420,962,867,68,595,515,907,538,67,904,654,440,35,293,396,485,647,767,941,190,942,926,842,217,875,623,519,342,276,522,945,186,85,798,286,452,66,594,606,716,781,492,843,43,458,197,978,644,844,870,314,675,930,63,355,906,143,45,6,358,634,419,504,598,295,581,828,377,821,819,751,865,959,555,873,209,19,785,55,27,831,103,176,777,721,24,
value : 511.043 running time : 42.598852
0 80 20
979 84.3101 18.344
483 86.2684 17.5916
243 86.2684 17.5916
260 86.2684 17.5916
627 86.1592 19.8507
345 86.0042 23.0575
98 85.7528 28.2623
590 85.5799 31.8386
274 85.4288 34.9648
33 85.3396 36.8119
835 85.2323 39.032
466 85.1276 41.198
609 85.3204 42.6248
520 85.5674 44.4529
884 86.0252 47.8407
497 86.3515 50.2548
506 85.8644 50.3045
838 85.3586 50.356
136 84.8956 50.4033
198 84.4278 50.451
387 83.9617 50.4985
170 83.5571 50.5398
951 83.0642 50.5901
920 82.5367 50.6439
242 82.0816 50.6903
684 81.6145 50.738
107 81.1162 50.7888
425 80.1118 50.8913
195 79.2313 50.9811
967 78.3699 51.0689
553 77.4943 51.1583
592 76.746 51.2346
29 75.9414 51.3167
232 75.1241 51.4
670 74.4126 51.4726
323 73.7091 51.5444
357 73.2342 51.5928
745 73.2342 51.5928
977 72.9821 55.2492
383 72.9153 56.2181
932 72.8966 56.4893
583 72.8765 56.7808
70 72.8567 57.0684
117 72.8345 57.391
850 72.7467 58.6637
334 72.6509 60.0537
102 72.5593 61.3826
656 72.441 63.0993
385 72.2926 65.2508
201 72.1813 66.8666
852 72.0577 68.6586
460 71.9097 70.8056
937 71.9395 70.8321
173 71.9625 70.8527
847 71.9873 70.8748
668 72.0126 70.8973
340 72.3066 71.1595
393 72.6285 71.4465
110 73.0366 71.8103
650 73.4302 72.1612
579 73.9698 72.6422
332 74.4856 73.1021
975 74.9177 73.4874
71 75.3679 73.8887
83 75.8291 74.2999
818 76.3034 74.7228
465 76.7475 75.1187
290 77.0481 75.3866
727 77.4309 75.728
204 79.7391 77.7858
740 81.4379 79.3003
450 82.9602 80.6575
648 83.5204 81.157
417 84.0908 81.6655
473 84.8814 82.3703
25 85.5267 82.9456
372 86.002 83.3694
660 85.8476 83.5334
528 85.527 83.8739
311 85.1318 84.2937
685 84.3941 85.0772
322 83.4712 86.0573
889 82.6626 86.9161
928 81.6396 88.0027
135 80.3882 87.9972
983 80.3882 87.9972
864 79.9067 87.9855
666 79.464 87.9748
494 79.079 87.9655
159 78.695 87.9562
820 78.31 87.9469
775 77.8751 87.9364
845 77.4791 87.9269
481 77.1612 87.9192
742 76.9342 87.9137
725 76.7005 87.9081
893 76.4234 87.9014
318 76.1032 87.8936
251 75.8344 87.8871
580 75.5966 87.8814
817 72.4355 87.4182
149 71.7116 87.3121
544 70.9937 87.2069
854 70.3217 87.1084
145 69.5597 86.9968
813 68.8315 86.8901
353 68.0148 86.7704
42 67.0725 86.6323
177 66.18 86.5015
620 65.3781 86.384
315 61.9449 85.881
285 61.8869 85.8725
52 61.818 85.8624
823 61.7444 85.8516
158 61.6672 85.8403
851 60.795 85.7125
464 60.1708 85.621
273 59.3067 85.4944
432 58.2355 85.3374
582 57.9215 85.5241
530 57.4737 85.7903
754 57.1565 85.9788
536 56.8413 86.1662
140 56.5919 86.3145
297 56.3593 86.4527
690 56.0473 86.6382
317 55.7717 86.802
622 55.4655 86.9841
259 54.8836 87.33
992 54.348 87.6483
335 53.6893 88.0399
434 52.9184 88.4982
961 52.413 88.7986
185 52.1322 88.9656
313 51.748 89.194
5 51.3341 89.44
408 51.1394 89.5558
737 50.943 89.6725
856 50.724 89.8027
12 50.5065 89.932
882 50.2169 90.1041
511 49.9587 90.2576
156 49.7113 90.4047
866 49.4596 90.5543
569 49.2197 90.6969
105 49.0492 90.7983
559 48.8754 90.9016
532 48.717 90.9958
23 48.5585 91.09
344 48.3884 91.1911
541 48.2061 91.2995
624 48.0335 91.402
230 47.8515 91.5102
375 47.7049 91.5974
343 47.5689 91.6782
437 47.4223 91.7654
539 47.2766 91.852
320 47.1317 91.9382
129 46.955 92.0432
974 46.777 92.149
877 46.9513 91.9701
206 47.1333 91.7833
389 47.3086 91.6034
72 47.4867 91.4207
814 47.7787 91.121
713 48.0307 90.8624
807 48.3013 90.5847
952 48.3435 90.5584
774 48.3814 90.5348
62 48.4178 90.5121
980 48.4532 90.49
319 48.4843 90.4707
165 48.5142 90.452
766 48.5453 90.4326
874 48.5803 90.4109
181 48.6165 90.3883
763 48.7084 90.3311
896 48.806 90.2702
584 48.8945 90.2151
746 48.971 90.1674
911 49.0544 90.1154
516 49.5408 89.3165
305 50.0438 88.4903
82 50.6026 87.5726
239 51.0516 86.8352
642 51.7166 85.7429
477 52.29 84.8013
984 52.3813 84.6513
659 52.474 84.499
202 52.5763 84.331
18 52.6968 84.1331
378 52.6198 84.118
801 52.5368 84.1016
575 52.4491 84.0843
940 52.3573 84.0662
118 52.2824 84.0514
816 52.2053 84.0362
367 52.1189 84.0191
245 52.0351 84.0026
369 51.9585 83.9875
406 51.8743 83.9709
229 51.8026 83.9567
280 51.7209 83.9406
921 51.6412 83.9249
832 51.571 83.911
947 51.4931 83.8957
567 51.4244 83.8821
415 51.2444 83.8466
395 51.0829 83.8147
755 50.855 83.7698
179 50.6781 83.7348
126 50.5002 83.6997
861 50.3336 83.6669
40 50.173 83.6352
931 50.0106 83.6031
618 49.4225 83.4871
193 48.7656 83.3575
564 48.1892 83.2438
887 47.6853 83.1443
895 47.0544 83.0199
636 46.4125 82.8932
802 45.7576 82.764
880 45.0664 82.6276
394 44.137 82.4443
141 43.3465 82.2883
614 43.4322 82.197
724 43.517 82.1065
976 43.5984 82.0197
215 43.674 81.9391
840 43.7508 81.8572
226 43.8318 81.7709
144 43.9179 81.679
294 43.994 81.5979
292 44.0665 81.5205
562 44.1477 81.434
416 44.2201 81.3568
649 44.2985 81.2732
225 44.3849 81.181
806 44.4549 81.1064
509 49.7244 75.4873
9 48.4172 74.6407
80 46.3766 73.3191
270 44.93 72.3823
350 44.0145 71.7894
894 43.0803 71.1844
878 42.0694 70.5298
471 41.3125 70.0396
533 41.3125 70.0396
683 41.3125 70.0396
365 41.3125 70.0396
359 41.3125 70.0396
175 41.3125 70.0396
855 41.3125 70.0396
134 41.3125 70.0396
94 41.3125 70.0396
540 38.1344 70.1587
349 34.5316 70.2937
804 34.0969 70.31
56 33.337 70.3385
390 32.4426 70.372
604 31.6173 70.4029
924 30.8252 70.4326
733 30.3076 70.452
411 29.7906 70.4714
971 29.6362 70.4772
946 29.4778 70.4831
266 29.333 70.4885
587 29.1911 70.4938
571 29.0502 70.4991
574 28.8967 70.5049
501 28.7431 70.5106
645 28.5869 70.5165
382 28.4029 70.5234
132 28.2232 70.5301
897 28.0737 70.5357
910 27.953 70.5402
454 27.7768 70.5468
113 27.5715 70.5545
99 27.4216 70.5602
927 27.2728 70.5657
600 27.1188 70.5715
327 26.9675 70.5772
443 26.8051 70.5833
361 26.6411 70.5894
81 26.4922 70.595
500 26.3846 70.599
903 26.3846 70.599
507 26.3846 70.599
965 26.3846 70.599
735 26.3846 70.599
482 25.1899 71.2045
601 25.2794 71.4825
479 25.3771 71.7862
326 25.4671 72.0658
701 25.5514 72.3276
16 25.6445 72.6169
658 25.7256 72.8689
124 25.8096 73.1301
223 25.8866 73.3692
487 25.9528 73.5749
552 26.02 73.7838
954 26.1082 74.0579
537 26.1858 74.2989
189 26.2685 74.5558
252 26.3281 74.7409
662 26.3861 74.9214
872 26.4424 75.0962
888 26.493 75.2533
429 26.5481 75.4246
469 26.6218 75.6535
88 26.685 75.8499
490 26.7469 76.0422
168 26.7984 76.2023
41 26.8564 76.3825
689 26.9091 76.5461
60 26.9659 76.7226
697 27.0197 76.89
550 27.072 77.0524
730 27.122 77.2078
789 27.174 77.3692
220 27.2275 77.5355
950 27.2842 77.7116
635 27.3424 77.8927
21 27.4022 78.0782
591 27.8137 79.357
96 28.4936 81.4693
638 28.6955 82.0966
757 28.8767 82.6599
256 29.0816 83.2965
578 29.2609 83.8537
695 29.4747 84.5178
120 29.7161 85.2678
795 29.9193 85.8993
548 30.116 86.5105
172 30.2811 87.0233
960 30.4442 87.5301
241 30.4442 87.5301
167 30.4442 87.5301
92 30.4442 87.5301
919 30.4442 87.5301
296 30.4442 87.5301
561 30.4442 87.5301
2 30.4002 87.9888
786 30.3495 88.5176
73 30.3069 88.9627
150 30.2635 89.4158
139 30.2194 89.8761
738 30.2078 89.9968
392 30.1971 90.1084
448 30.1848 90.2366
53 30.173 90.3599
265 30.1616 90.4789
449 30.0771 90.4721
309 29.885 90.4568
707 29.666 90.4392
409 29.4384 90.421
253 29.2523 90.4061
752 29.0935 90.3934
613 28.8982 90.3778
20 28.6674 90.3593
871 28.438 90.3409
28 28.2626 90.3269
808 28.0894 90.313
611 27.8969 90.2976
306 27.7105 90.2827
231 27.5451 90.2695
470 27.3576 90.2545
44 27.139 90.237
428 26.9609 90.2227
672 26.7854 90.2087
918 26.605 90.1942
271 26.4265 90.18
773 26.2262 90.1639
146 26.0328 90.1484
288 25.7835 90.1285
22 25.5963 90.1135
76 25.0533 90.07
424 24.5307 90.0282
491 24.075 89.9917
761 23.6275 89.9559
768 23.154 89.918
753 22.6402 89.8769
304 22.1446 89.8373
696 22.1088 89.8344
521 22.0677 89.8311
368 22.0243 89.8276
462 21.9805 89.8241
610 21.9442 89.8212
430 21.9038 89.818
631 21.8615 89.8146
651 21.8151 89.8109
36 21.769 89.8072
236 21.7149 89.8029
442 21.7149 89.8029
859 21.7149 89.8029
885 21.7149 89.8029
58 21.7149 89.8029
418 21.7149 89.8029
50 21.7149 89.8029
456 21.7149 89.8029
333 21.7149 89.8029
17 21.2288 89.8049
431 20.7546 89.8069
593 20.3252 89.8087
833 19.8413 89.8108
933 19.3408 89.8129
557 18.8159 89.8152
249 18.3376 89.8172
815 17.8308 89.8193
750 17.3943 89.8212
153 17.1893 89.8221
247 17.0545 89.8226
892 16.9186 89.8232
200 16.8039 89.8237
608 16.7006 89.8241
776 16.5872 89.8246
495 16.4586 89.8252
227 16.3393 89.8257
560 16.2021 89.8262
386 16.0801 89.8268
115 15.9674 89.8272
714 15.8513 89.8277
441 14.9239 89.8316
678 11.6757 89.8454
988 10.2682 89.8513
95 10.2684 89.845
568 10.2686 89.8399
712 10.2687 89.8345
405 10.2689 89.8299
973 10.2691 89.8245
1 10.2692 89.8194
15 10.2694 89.8145
39 10.2695 89.8101
803 10.2697 89.8051
969 10.2699 89.8005
868 10.27 89.7959
585 10.2702 89.791
827 10.2703 89.7861
435 10.2705 89.781
380 10.2707 89.7755
547 10.2709 89.7693
699 10.2711 89.7635
183 10.2713 89.7581
13 10.2714 89.7533
780 10.2716 89.7483
106 10.2717 89.7444
213 10.2719 89.74
914 10.2819 89.4345
718 10.2918 89.1307
693 10.301 88.8511
401 10.3104 88.563
982 10.3198 88.2775
444 10.329 87.9955
169 10.3378 87.7284
364 10.3463 87.4689
203 10.3556 87.1829
759 10.364 86.9281
263 10.3715 86.6974
446 10.3795 86.454
953 10.3876 86.2071
792 10.3964 85.9397
301 10.4043 85.6961
637 10.4125 85.4481
138 10.4203 85.2078
711 10.4288 84.9485
199 10.4417 84.5555
108 10.4555 84.1362
316 10.4686 83.7343
447 10.4811 83.3526
736 10.4952 82.9223
300 10.5096 82.4847
93 10.5242 82.0386
436 10.5392 81.5813
916 10.5533 81.149
399 10.5678 80.7076
628 10.5825 80.2579
944 10.5986 79.7668
686 10.6158 79.242
426 10.6288 78.8468
207 10.6439 78.3838
665 10.6525 78.1219
830 10.6594 77.9133
890 10.6667 77.6882
570 10.6741 77.4638
178 10.6818 77.2272
615 10.6898 76.9836
240 10.6978 76.7388
719 10.706 76.4906
75 10.7168 76.1601
346 10.7284 75.8049
554 10.7387 75.4905
546 10.7505 75.132
381 10.7647 74.6976
966 10.7763 74.3441
255 10.7767 74.3307
717 10.7772 74.3178
371 10.7776 74.3056
639 10.7779 74.2944
905 10.7783 74.2834
551 10.7787 74.2703
991 10.7792 74.2563
48 10.7796 74.2434
680 10.7801 74.2278
433 10.7805 74.2153
955 10.7809 74.203
360 10.7813 74.1902
886 10.7817 74.1792
244 10.782 74.1684
825 10.7824 74.1571
457 10.7828 74.1461
298 10.7831 74.135
445 10.7835 74.1235
799 10.7839 74.1124
517 10.7842 74.1026
90 10.7845 74.0939
607 10.7922 73.8584
694 10.7991 73.6461
224 10.8054 73.4553
325 10.8112 73.2778
339 10.8184 73.0593
796 10.8259 72.8291
184 10.8333 72.6025
726 10.8415 72.3522
860 10.8493 72.1131
556 10.8575 71.8645
427 10.8662 71.5994
374 10.8739 71.3636
272 10.8827 71.0934
502 10.8906 70.853
119 10.8984 70.6139
219 10.9058 70.3878
728 10.9123 70.1919
31 10.9196 69.9674
321 10.9352 69.4904
329 10.954 68.9184
114 10.9692 68.4524
275 10.9827 68.0416
162 10.9966 67.6173
784 11.0119 67.1478
398 11.0257 66.7262
131 11.0399 66.2929
400 11.0525 65.9102
657 11.0663 65.4865
14 11.0835 64.9627
667 11.1015 64.414
166 11.1313 63.5018
972 11.1402 63.2314
77 11.1475 63.0089
708 11.1559 62.7513
503 11.1608 62.6023
948 11.1668 62.4181
338 11.1735 62.2148
277 11.1804 62.0035
97 11.1876 61.7838
524 11.1953 61.5483
630 11.2028 61.3181
764 11.211 61.0689
747 11.2183 60.8471
376 11.2254 60.6296
703 11.2329 60.4009
939 11.2401 60.1817
234 11.2496 59.8899
925 11.2595 59.5877
849 11.2692 59.2925
303 11.2762 59.0774
214 11.2827 58.8801
734 11.2886 58.7008
805 11.2967 58.4525
760 11.3035 58.2444
565 11.3108 58.0215
531 11.3178 57.8088
347 11.3249 57.59
589 11.3332 57.3374
47 11.3418 57.0762
3 11.3485 56.8711
879 11.3561 56.6382
970 11.3702 56.2082
218 11.3878 55.6692
772 11.4029 55.2097
192 11.4199 54.6907
739 11.441 54.0468
423 11.4912 52.512
863 11.5032 52.1469
496 11.5063 52.0522
731 11.5094 51.9558
128 11.5123 51.8688
534 11.515 51.7845
157 11.5178 51.6993
116 11.5206 51.614
122 11.5235 51.5275
46 11.5559 50.5369
222 11.5632 50.3134
749 11.5708 50.0838
936 11.5781 49.8593
909 11.5859 49.6199
527 11.5936 49.3856
616 11.602 49.1287
57 11.6093 48.9062
505 11.6166 48.6831
956 11.6239 48.4611
542 11.6338 48.1592
182 11.6436 47.8588
841 11.6539 47.5442
78 11.6642 47.2296
958 11.6738 46.937
100 11.6816 46.6975
797 11.6907 46.4224
700 11.7005 46.1213
123 11.7089 45.8641
663 11.7171 45.6153
949 11.7252 45.367
770 11.7336 45.1098
475 11.7412 44.8777
677 11.7416 44.8642
758 11.748 44.619
336 11.7543 44.3781
228 11.764 44.0072
125 11.7731 43.6603
990 11.78 43.3948
352 11.7866 43.1443
476 11.7947 42.8331
655 11.8025 42.5335
330 11.8092 42.2774
312 11.8162 42.0126
463 11.8231 41.7461
341 11.8306 41.4604
154 11.8386 41.1565
652 11.8465 40.8514
373 11.8546 40.5444
489 11.8633 40.2105
499 11.8736 39.8164
328 11.8912 39.1453
86 11.9894 35.3877
299 12.0091 34.6353
283 12.0209 34.1832
384 12.034 33.6855
10 12.0495 33.0922
212 12.0662 32.4543
794 12.0926 31.4451
673 12.1132 30.6557
898 12.13 30.0151
74 12.1452 29.4347
331 12.1595 28.8872
133 12.1716 28.424
985 12.1843 27.9401
258 12.2002 27.33
741 12.2149 26.7694
572 12.2274 26.2906
412 12.2411 25.7674
514 12.2509 25.3918
710 12.265 24.8515
268 12.2798 24.2871
963 12.2962 23.6608
661 12.3114 23.0812
836 12.3266 22.4985
455 12.3445 21.8143
4 12.3622 21.1381
702 12.393 19.9589
682 12.4203 18.9149
899 12.4432 18.0393
366 12.4819 16.5602
812 12.5182 15.1748
211 12.5182 15.1748
674 12.5182 15.1748
488 12.5182 15.1748
474 12.5182 15.1748
61 12.5182 15.1748
588 12.5182 15.1748
187 12.5182 15.1748
722 12.7311 15.2454
646 13.2606 15.4211
629 13.9566 15.652
881 14.7726 15.9227
362 15.9408 16.3102
8 18.4953 17.1575
348 21.4209 18.128
351 24.0858 19.0123
246 24.6337 19.1941
402 25.1373 19.3611
641 26.087 19.6762
643 27.2731 20.0697
439 28.5617 20.4972
787 29.9933 20.9721
915 31.3555 21.424
586 33.0333 21.9806
902 33.0264 21.9166
254 33.0197 21.855
669 35.133 19.6463
709 35.437 19.3285
310 35.7844 18.9654
834 36.1236 18.6109
518 37.7878 16.8716
704 37.7803 17.3514
337 37.773 17.8254
653 37.7662 18.2627
407 37.7595 18.6944
363 37.7516 19.2005
287 37.7431 19.7495
284 37.7323 20.4474
26 37.9178 21.0891
111 38.0917 21.6906
573 38.263 22.2834
467 38.4732 23.0103
64 38.6308 23.5556
626 38.8488 24.3096
307 39.1137 25.2262
822 39.4612 26.4284
160 39.8531 27.7841
7 40.2305 29.0894
250 40.3338 29.4468
934 40.4311 29.7836
883 40.5354 30.1441
278 40.7588 30.9169
289 40.9728 31.6574
261 41.2078 32.4702
681 41.5236 33.5627
790 41.4492 33.7167
257 41.3873 33.8448
379 41.3289 33.9655
164 41.2706 34.0862
935 40.4909 35.6995
180 39.6491 37.4413
917 39.6491 37.4413
69 39.6491 37.4413
421 39.4572 37.4485
862 39.2667 37.4557
480 39.074 37.4629
356 38.8883 37.4699
191 38.681 37.4776
748 38.4832 37.4851
151 38.3098 37.4916
692 38.1583 37.4973
853 37.995 37.5034
687 37.8259 37.5097
512 37.6764 37.5153
529 35.9871 37.5787
566 34.5927 37.631
706 32.6118 37.7053
612 30.4293 37.7872
403 28.8797 37.8453
908 28.0477 37.8765
829 28.0477 37.8765
354 28.0477 37.8765
824 28.0477 37.8765
619 27.418 38.0309
397 26.7115 38.2042
508 26.0757 38.3601
664 25.3931 38.5276
414 24.6704 38.7048
65 23.878 38.8991
38 23.1588 39.0755
87 22.2631 39.2952
148 22.2631 39.2952
679 22.2631 39.2952
811 22.2631 39.2952
11 22.2631 39.2952
388 22.2631 39.2952
549 22.2631 39.2952
37 22.2631 39.2952
32 22.2631 39.2952
602 22.2631 39.2952
869 22.2695 39.3472
486 22.2759 39.3992
205 22.2826 39.453
221 22.289 39.5046
943 22.3418 39.9317
121 22.5187 41.3617
981 23.3135 47.7866
633 23.3871 48.3808
510 23.4572 48.948
858 23.514 49.4067
142 23.5742 49.8938
901 23.6398 50.4242
279 23.674 50.7001
438 23.7081 50.9759
705 23.7523 51.3329
771 23.7881 51.6228
691 23.8348 52.0002
756 23.8752 52.3268
723 23.9114 52.6193
451 23.9652 53.0544
720 24.0116 53.4292
545 24.0437 53.6883
137 24.0805 53.9859
788 24.0994 54.139
957 24.1169 54.2801
640 24.1329 54.4095
535 24.1473 54.5258
599 24.1675 54.6896
525 24.1825 54.8109
543 24.2009 54.9591
267 24.2229 55.1371
174 24.2403 55.2776
196 24.2619 55.4523
891 24.5371 55.804
698 24.7722 56.1045
422 25.0616 56.4744
324 25.3607 56.8566
130 25.6829 57.2685
846 26.5513 58.1204
778 27.3276 58.882
291 28.3004 59.8363
308 28.8371 60.3628
237 29.2737 60.7912
171 29.7513 61.2597
596 29.7513 61.2597
526 29.7513 61.2597
603 31.8798 60.5566
676 33.69 59.9586
233 33.4534 59.5768
34 33.3098 59.345
493 33.1868 59.1464
89 33.0529 58.9303
49 32.9212 58.7176
765 32.8018 58.5249
79 32.6517 58.2826
729 32.5149 58.0618
59 32.3849 57.852
929 32.27 57.6666
127 32.1466 57.4674
147 32.0015 57.2332
302 31.859 57.0031
391 31.7323 56.7987
839 31.7323 56.7987
54 31.7323 56.7987
688 31.7323 56.7987
370 31.7323 56.7987
938 31.7323 56.7987
848 38.7447 55.1043
104 38.7447 55.1043
597 38.7447 55.1043
922 38.7447 55.1043
413 38.7447 55.1043
912 38.7447 55.1043
876 38.7447 55.1043
461 38.7447 55.1043
783 38.7447 55.1043
269 38.7873 55.1341
989 38.8333 55.1662
210 38.8835 55.2012
913 38.9268 55.2315
923 39.3579 55.5325
472 39.6829 55.7595
101 39.9958 55.978
194 40.2567 56.1603
155 40.5553 56.3688
163 41.2511 56.8547
576 41.6685 57.1462
30 42.0756 57.4305
809 42.5374 57.753
161 43.0749 58.1284
281 43.4431 58.3856
84 43.8581 58.6753
743 44.0204 58.7887
791 44.178 58.8987
625 44.3258 59.002
793 44.349 59.0182
188 44.3721 59.0343
498 44.3935 59.0492
732 44.4152 59.0644
621 44.4398 59.0816
459 44.4651 59.0993
779 44.4927 59.1185
264 44.5192 59.137
968 44.5502 59.1587
468 44.5769 59.1773
262 44.5999 59.1934
577 45.3243 60.306
715 45.983 61.3177
986 46.6462 62.3363
404 47.1036 63.0388
605 48.7072 64.9796
769 49.4091 65.829
484 49.9194 66.4465
523 50.445 67.0826
857 51.0515 67.8165
248 51.5925 68.4713
112 51.6026 68.4834
235 51.6127 68.4957
987 51.6245 68.51
782 51.6358 68.5237
800 51.6463 68.5364
410 51.6559 68.548
671 51.668 68.5627
91 51.6787 68.5756
208 51.6891 68.5881
238 51.6997 68.601
563 51.7115 68.6152
513 51.7219 68.6278
558 51.7314 68.6393
762 51.7422 68.6524
617 51.7534 68.666
964 51.7647 68.6796
632 51.7771 68.6947
453 51.7879 68.7077
109 51.7992 68.7213
810 51.8094 68.7337
216 51.8213 68.7481
826 51.8351 68.7648
282 56.1347 67.8162
744 61.3383 66.6683
478 61.3383 66.6683
152 61.3383 66.6683
51 61.3383 66.6683
900 61.3383 66.6683
837 61.3303 66.6175
420 61.2894 66.3582
962 61.2574 66.1554
867 61.2214 65.927
68 61.182 65.6771
595 61.145 65.4429
515 61.1085 65.2114
907 61.0711 64.9746
538 61.0367 64.7562
67 61.0076 64.5718
904 60.9774 64.3805
654 60.9413 64.1515
440 60.8943 63.854
35 60.8445 63.5384
293 60.7994 63.2523
396 60.7561 62.9781
485 60.7197 62.7474
647 60.6857 62.5316
767 60.6468 62.2851
941 60.61 62.0518
190 59.5806 60.4022
942 58.5753 58.7912
926 57.1082 56.4401
842 56.0802 54.9805
217 54.8848 53.2831
875 54.3186 52.4789
623 53.8514 51.8156
519 53.3668 51.1275
342 52.8374 50.3757
276 52.3687 49.7102
522 51.965 49.137
945 51.965 49.137
186 51.965 49.137
85 51.965 49.137
798 51.965 49.137
286 52.4211 48.3665
452 52.9413 47.4877
66 53.5038 46.5374
594 54.0678 45.5845
606 54.5983 44.6883
716 55.0261 43.9656
781 55.4711 43.2139
492 55.4877 43.1858
843 55.5078 43.1519
43 55.5326 43.11
458 55.5547 43.0726
197 55.5747 43.0388
978 55.5956 43.0035
644 55.6167 42.9678
844 55.637 42.9336
870 55.6585 42.8973
314 55.6819 42.8576
675 55.7029 42.8222
930 55.7223 42.7895
63 55.7415 42.7571
355 55.7639 42.7193
906 55.7839 42.6854
143 55.8066 42.6471
45 56.9302 39.5505
6 58.0095 36.5764
358 58.8763 34.1879
634 59.7418 31.803
419 60.6471 29.3083
504 60.6471 29.3083
598 60.6471 29.3083
295 60.6471 29.3083
581 60.6471 29.3083
828 60.6471 29.3083
377 60.6471 29.3083
821 60.6471 29.3083
819 60.6471 29.3083
751 60.6471 29.3083
865 60.6471 29.3083
959 60.6471 29.3083
555 60.6471 29.3083
873 60.6471 29.3083
209 60.6471 29.3083
19 60.6471 29.3083
785 61.0227 28.5468
55 61.666 27.2421
27 62.4116 25.7302
831 64.8217 20.8424
103 67.6054 15.1971
176 68.5727 15.5719
777 69.6478 15.9886
721 71.6507 16.7647
24 74.0445 17.6923
