0,176,24,581,103,295,598,777,959,504,721,314,819,45,55,831,419,355,828,458,751,19,978,873,821,930,63,43,781,935,289,377,358,6,472,27,785,634,209,250,555,681,164,790,66,421,848,586,865,716,906,276,356,467,853,480,69,844,566,155,197,452,862,512,257,917,191,180,342,11,413,612,811,655,529,869,194,543,508,486,723,414,619,278,748,7,525,397,37,121,379,787,687,706,829,38,388,783,549,535,679,692,354,205,664,151,221,824,160,653,934,834,602,407,573,337,310,64,363,643,246,626,915,351,26,261,111,704,307,702,822,284,439,518,883,709,669,287,812,881,674,254,488,629,455,8,61,588,741,366,722,899,902,646,211,474,187,963,362,348,682,268,331,898,943,572,794,710,4,258,661,402,673,412,299,133,74,641,700,65,125,836,86,985,87,10,154,534,283,78,46,328,499,514,476,771,496,128,958,770,805,47,758,475,148,32,505,542,303,373,949,438,565,972,938,174,330,166,849,616,123,858,691,214,352,384,990,936,749,116,222,228,422,122,909,218,703,336,527,100,797,423,157,841,663,341,463,212,312,279,731,652,708,57,863,489,182,908,633,925,234,747,764,760,784,531,601,677,507,587,451,897,729,382,34,552,640,142,510,733,720,981,349,329,391,545,956,735,403,788,901,957,705,903,79,137,59,233,324,698,846,599,756,965,302,493,269,688,603,913,49,104,839,533,522,127,989,876,291,597,264,171,929,390,912,365,732,576,765,410,922,210,30,645,596,147,370,498,461,101,459,715,281,56,621,163,779,558,804,175,778,501,54,267,237,89,891,471,724,971,223,21,635,80,252,614,608,404,266,604,658,220,591,910,359,878,418,927,537,697,454,333,872,526,424,327,41,443,888,60,730,16,124,578,571,270,689,954,99,141,806,469,638,308,662,189,789,550,226,574,757,600,487,326,184,950,916,132,500,411,77,589,939,162,97,347,948,277,346,686,717,371,734,376,482,131,192,130,772,275,524,991,657,517,113,119,114,665,860,639,445,667,966,630,799,427,3,255,14,196,374,728,272,457,615,924,726,556,694,338,739,381,81,207,719,360,886,244,431,551,203,479,892,321,560,503,570,502,426,554,361,680,495,31,325,433,970,830,905,298,944,75,178,399,607,219,240,339,796,701,879,400,224,890,429,398,946,168,90,825,88,988,227,106,693,868,446,792,833,153,95,304,301,953,316,547,969,955,364,288,759,405,17,803,753,213,914,108,776,401,138,200,435,973,93,300,436,15,386,695,718,982,48,585,736,750,678,380,711,628,827,199,699,815,780,568,39,557,249,442,263,1,546,933,247,712,236,637,447,462,13,58,444,169,44,167,28,960,773,611,521,428,96,150,786,768,593,392,115,2,441,631,409,306,183,610,368,36,871,885,761,696,73,859,714,120,456,50,253,76,808,491,651,430,20,490,146,561,231,763,343,918,172,672,256,877,181,707,230,795,919,752,974,807,72,53,22,215,569,309,613,470,394,738,840,294,292,265,649,139,296,416,271,437,305,766,448,241,92,548,874,536,319,82,530,947,961,911,415,369,23,156,434,511,105,882,539,642,206,165,375,564,866,562,5,559,516,755,408,449,245,541,532,129,280,12,636,952,880,659,179,40,389,320,126,802,317,567,737,984,177,344,193,992,624,575,851,814,713,406,273,18,239,895,980,856,118,477,259,229,746,313,754,816,690,940,931,800,801,378,62,367,618,185,584,896,140,774,52,887,544,202,42,464,395,620,666,149,285,845,145,817,823,725,820,318,465,353,740,251,622,494,813,928,983,135,864,893,158,854,580,372,685,742,417,311,159,660,322,528,889,648,25,450,473,204,332,867,975,385,383,818,579,51,201,668,340,420,290,847,393,904,837,460,775,238,654,509,297,962,440,110,937,744,852,67,900,481,315,335,857,632,727,671,595,478,83,71,173,68,861,762,208,782,855,94,826,432,647,513,248,350,144,894,743,798,216,484,134,810,582,986,523,225,286,453,976,540,683,832,161,563,109,769,605,921,112,235,791,515,964,282,84,91,676,617,987,968,625,9,809,923,262,870,793,577,945,186,468,675,519,232,926,70,188,492,623,35,842,594,875,843,907,217,85,117,644,396,850,767,538,967,357,293,485,334,102,583,609,942,941,592,323,425,29,190,606,932,466,650,152,143,656,553,745,274,107,838,977,198,670,884,506,951,920,242,684,195,136,387,170,497,520,98,33,835,345,590,483,979,243,627,260,
value : 429.442 running time : 470.310066
0 80 20
176 72.6881 17.4504
24 70.5486 16.7042
581 68.5683 16.0136
103 66.9225 15.4397
295 66.548 15.9719
598 66.2206 16.4374
777 65.9113 16.8771
959 65.5886 17.3358
504 65.3136 17.7268
721 65.0312 18.1281
314 55.694 31.3998
819 55.4293 31.5334
45 55.1454 31.6768
55 54.831 31.8356
831 54.5449 31.9801
419 54.2296 32.1393
355 53.9737 32.2686
828 53.7108 32.4013
458 53.4307 32.5428
751 53.1567 32.6812
19 52.8846 32.8185
978 52.6405 32.9418
873 52.4241 33.0511
821 52.2204 33.154
930 51.9523 33.2894
63 51.6882 33.4228
43 51.469 33.5335
781 51.2148 33.6618
935 50.9007 33.8205
289 50.6513 33.9464
377 50.4275 34.0594
358 50.1813 34.1838
6 49.77 34.3914
472 46.7672 35.9079
27 46.7672 35.9079
785 46.7672 35.9079
634 46.7672 35.9079
209 46.5988 35.9608
250 46.4326 36.0129
555 46.2772 36.0617
681 46.1058 36.1155
164 45.9214 36.1734
790 45.7112 36.2393
66 45.5431 36.2921
421 45.3552 36.351
848 45.1742 36.4078
586 45.0067 36.4604
865 44.8543 36.5083
716 44.6837 36.5618
906 44.5043 36.6181
276 44.3064 36.6802
356 44.111 36.7415
467 43.9384 36.7957
853 43.7568 36.8527
480 43.5858 36.9063
69 43.4339 36.954
844 43.2668 37.0065
566 43.0688 37.0686
155 42.8979 37.1222
197 42.7356 37.1732
452 42.5467 37.2325
862 42.3598 37.2911
512 42.1825 37.3468
257 42.0132 37.3999
917 41.8268 37.4584
191 41.644 37.5158
180 41.4561 37.5747
342 41.4561 37.5747
11 36.6627 37.8234
413 35.6031 37.8784
612 34.9455 37.9125
811 34.5954 37.9307
655 34.2313 37.9496
529 34.2313 37.9496
869 34.2313 37.9496
194 34.2313 37.9496
543 34.1223 37.8744
508 34.0173 37.8018
486 33.9063 37.7252
723 33.808 37.6573
414 33.7948 37.4895
619 33.7816 37.3212
278 33.7676 37.142
748 33.7555 36.988
7 33.7425 36.8226
525 33.7307 36.6721
397 33.7143 36.4625
37 33.6961 36.2307
121 33.6478 35.6162
379 33.6478 35.6162
787 33.6478 35.6162
687 33.6478 35.6162
706 33.6478 35.6162
829 33.6478 35.6162
38 33.6478 35.6162
388 33.6478 35.6162
783 33.6478 35.6162
549 33.6478 35.6162
535 33.6478 35.6162
679 33.6548 34.8476
692 33.662 34.0538
354 33.6704 33.1317
205 33.676 32.5138
664 33.6827 31.7771
151 33.693 30.6481
221 33.7114 28.629
824 33.7285 26.7473
160 33.744 25.0371
653 33.7628 22.9724
934 33.7652 22.7096
834 33.7676 22.4482
602 33.7703 22.145
407 33.7749 21.6388
573 33.7778 21.3251
337 33.7804 21.0354
310 33.7831 20.7378
64 33.7857 20.4589
363 33.7885 20.1507
643 33.7908 19.8921
246 33.7932 19.6287
626 33.7956 19.365
915 33.7981 19.0955
351 33.8019 18.6751
26 33.8048 18.3563
261 33.8078 18.0257
111 33.8113 17.6425
704 33.8148 17.2538
307 33.8179 16.9171
702 33.8216 16.5085
822 33.8255 16.0814
284 33.8299 15.59
439 33.8352 15.0058
518 33.8422 14.2392
883 32.4848 14.2465
709 30.9176 14.2548
669 29.5888 14.2619
287 28.2371 14.2691
812 13.6046 14.3472
881 13.5923 14.4234
674 13.5777 14.5135
254 13.5629 14.6051
488 13.5509 14.6797
629 13.5382 14.7579
455 13.5233 14.8501
8 13.5203 14.8686
61 13.5172 14.8878
588 13.5139 14.9083
741 13.5106 14.9287
366 13.5076 14.9473
722 13.5046 14.9659
899 13.3421 15.9712
902 13.2315 16.6556
646 13.1305 17.2804
211 13.0243 17.9375
474 12.9078 18.6578
187 12.7976 19.3398
963 12.7389 20.3966
362 12.6852 21.3651
348 12.6271 22.4129
682 12.564 23.5503
268 12.4823 25.0222
331 12.4057 26.403
898 12.3256 27.8476
943 12.3247 27.8638
572 12.3238 27.8799
794 12.3229 27.8961
710 12.322 27.9119
4 12.3211 27.9276
258 12.3203 27.9425
661 12.3195 27.957
402 12.3186 27.9725
673 12.3177 27.9888
412 12.3168 28.0048
299 12.2821 28.6314
133 12.2474 29.2564
74 12.2139 29.8583
641 12.1807 30.4577
700 12.141 31.1715
65 12.1064 31.7951
125 12.0726 32.405
836 12.0409 32.9752
86 12.0054 33.6149
985 11.9678 34.2928
87 11.9297 34.978
10 11.891 35.6758
154 11.8518 36.3815
534 11.8229 36.9019
283 11.8095 37.1438
78 11.795 37.4041
46 11.7808 37.6599
328 11.7666 37.9174
499 11.7556 38.114
514 11.7556 38.114
476 12.1869 39.488
771 12.569 40.7055
496 12.9069 41.7818
128 13.2059 42.7343
958 13.246 42.862
770 13.2926 43.0102
805 13.3424 43.1688
47 13.3865 43.3091
758 13.4195 43.414
475 13.4513 43.5151
148 13.4832 43.6167
32 13.5164 43.7223
505 13.5546 43.8439
542 13.5909 43.9593
303 13.626 44.0711
373 13.6574 44.171
949 13.6894 44.2727
438 13.7235 44.3814
565 13.4734 45.382
972 13.3819 45.7481
938 13.2965 46.0896
174 13.2185 46.4018
330 13.1434 46.7023
166 12.4398 49.5162
849 12.113 50.8235
616 12.0964 50.8898
123 12.0762 50.9706
858 12.0537 51.0606
691 12.0301 51.1551
214 12.0093 51.2381
352 11.9912 51.3106
384 11.9738 51.3804
990 11.9494 51.4778
936 11.9192 51.5986
749 11.892 51.7078
116 11.8643 51.8182
222 11.8422 51.9069
228 11.8192 51.9988
422 11.7901 52.1152
122 11.7631 52.2233
909 11.7631 52.2233
218 11.7631 52.2233
703 11.7631 52.2233
336 11.7631 52.2233
527 11.7631 52.2233
100 11.7631 52.2233
797 11.7631 52.2233
423 11.7631 52.2233
157 11.7631 52.2233
841 11.7631 52.2233
663 11.7631 52.2233
341 11.7631 52.2233
463 11.7631 52.2233
212 11.7631 52.2233
312 11.7631 52.2233
279 11.7631 52.2233
731 11.7631 52.2233
652 11.7631 52.2233
708 11.7631 52.2233
57 11.7631 52.2233
863 11.7631 52.2233
489 11.8031 52.4413
182 11.8406 52.6456
908 11.8784 52.8514
633 11.9238 53.0982
925 11.9658 53.3274
234 12.0085 53.5598
747 12.2637 53.6299
764 12.5353 53.7045
760 12.7666 53.768
784 13.0157 53.8364
531 13.2776 53.9084
601 18.1236 55.2394
677 19.0742 55.5005
507 20.3375 55.8475
587 21.3872 56.1359
451 21.5094 56.1694
897 21.6374 56.2046
729 21.7688 56.2407
382 21.8962 56.2757
34 22.0173 56.3089
552 22.1431 56.3435
640 22.4064 56.3115
142 22.6362 56.2835
510 22.8888 56.2528
733 23.1196 56.2247
720 23.349 56.1968
981 23.5672 56.1703
349 23.8032 56.1416
329 24.0256 56.1145
391 24.2739 56.0843
545 24.5315 56.053
956 24.762 56.0249
735 25.0156 55.9941
403 25.2703 55.9631
788 25.5243 55.9322
901 25.7664 55.9027
957 26.0125 55.8728
705 26.243 55.8448
903 26.4904 55.8147
79 26.7339 55.785
137 26.9925 55.7536
59 27.2129 55.7268
233 27.4343 55.6998
324 27.6742 55.6707
698 27.9055 55.6425
846 28.1852 55.6085
599 28.5053 55.5696
756 28.8232 55.5309
965 29.1285 55.4937
302 29.5573 55.4416
493 29.9873 55.3893
269 30.3879 55.3405
688 30.7803 55.2928
603 31.1956 55.2423
913 31.6094 55.1919
49 32.0651 55.1365
104 32.4757 55.0866
839 32.8748 55.038
533 33.3073 54.9854
522 33.7106 54.9364
127 34.0829 54.8911
989 34.4321 54.8486
876 34.8592 55.3381
291 35.3303 55.8779
597 35.7585 56.3687
264 36.0981 56.7578
171 36.4059 57.1106
929 36.4223 57.1293
390 36.4409 57.1506
912 36.4607 57.1733
365 36.4816 57.1973
732 36.5012 57.2198
576 36.5204 57.2418
765 36.5393 57.2634
410 36.5583 57.2852
922 36.5745 57.3038
210 36.5926 57.3245
30 36.6114 57.3461
645 36.6305 57.3679
596 36.6501 57.3904
147 36.667 57.4097
370 36.6883 57.4342
498 36.7102 57.4593
461 36.6139 57.6283
101 36.5123 57.8067
459 36.2782 58.2177
715 36.0753 58.5737
281 35.9076 58.8681
56 35.6938 59.2435
621 35.5168 59.5542
163 35.2853 59.9607
779 35.0912 60.3013
558 34.9421 60.5631
804 34.7734 60.8591
175 34.6008 61.1622
778 34.4477 61.4308
501 34.2078 61.8521
54 34.027 62.1695
267 33.8418 62.4945
237 33.6632 62.808
89 33.433 63.2122
891 33.1772 63.6613
471 32.8631 64.2126
724 31.9123 65.8816
971 31.1996 67.1326
223 30.5496 68.2738
21 30.2461 68.8064
635 29.8995 69.4149
80 29.6193 69.9067
252 29.2654 70.528
614 28.9292 71.1182
608 28.6406 71.6248
404 28.5315 71.8163
266 28.397 72.0524
604 28.2652 72.2837
658 28.1354 72.5116
220 28.0176 72.7185
591 27.9127 72.9025
910 27.8005 73.0996
359 27.6363 73.3878
878 27.4432 73.7268
418 27.2238 74.1119
927 27.1816 74.186
537 27.132 74.2731
697 27.0824 74.3602
454 27.0377 74.4386
333 26.991 74.5206
872 26.9468 74.5981
526 26.9023 74.6762
424 26.8508 74.7666
327 26.836 74.7926
41 26.8174 74.8254
443 26.801 74.8541
888 26.7852 74.8818
60 26.7687 74.9109
730 26.7527 74.9389
16 26.7352 74.9696
124 26.7186 74.9987
578 26.7017 75.0284
571 26.6873 75.0537
270 26.6702 75.0837
689 26.6527 75.1143
954 26.6343 75.1467
99 26.6168 75.1775
141 26.5977 75.211
806 26.533 75.2023
469 26.4597 75.1925
638 26.4059 75.1853
308 26.3408 75.1765
662 26.1431 75.15
189 25.9284 75.1212
789 25.5897 75.0758
550 25.2883 75.0354
226 25.0308 75.0009
574 24.2638 74.8981
757 23.4649 74.791
600 22.6482 74.6815
487 21.8445 74.5737
326 21.1093 74.4751
184 20.4084 74.3812
950 19.7371 74.2911
916 18.9992 74.1922
132 17.1605 73.56
500 15.3196 72.927
411 13.5219 72.3088
77 11.6136 71.6526
589 10.7581 71.3584
939 10.3865 71.2306
162 10.1756 71.1581
97 9.93108 71.074
347 9.66282 70.9818
948 9.66294 70.9821
277 9.66305 70.9825
346 9.66316 70.9828
686 9.66326 70.9832
717 9.66336 70.9835
371 9.66346 70.9838
734 9.66356 70.9841
376 9.66367 70.9845
482 9.66379 70.9848
131 9.66389 70.9852
192 9.66401 70.9855
130 9.66412 70.9859
772 9.66424 70.9862
275 9.70229 71.1078
524 9.70314 71.1294
991 9.70406 71.1529
657 9.70488 71.1737
517 9.70563 71.193
113 9.70644 71.2136
119 9.70719 71.2327
114 9.70794 71.252
665 9.7088 71.274
860 9.7097 71.2969
639 9.71048 71.3167
445 9.71121 71.3355
667 9.71196 71.3546
966 9.7127 71.3733
630 9.71343 71.392
799 9.7142 71.4117
427 9.715 71.4322
3 9.71575 71.4514
255 9.71656 71.472
14 9.71739 71.4932
196 9.71818 71.5134
374 9.72902 71.79
728 9.73813 72.0229
272 9.74612 72.2269
457 9.7555 72.4665
615 9.7642 72.6886
924 9.77123 72.8684
726 9.78056 73.1069
556 9.78882 73.3179
694 9.7967 73.5192
338 9.80503 73.7319
739 9.81364 73.952
381 9.82369 74.2086
81 9.83455 74.4862
207 9.84734 74.8126
719 9.86166 75.1786
360 9.86587 75.2861
886 9.86962 75.3819
244 9.87339 75.4781
431 9.87692 75.5682
551 9.88023 75.6528
203 9.88372 75.7418
479 9.88699 75.8255
892 9.89063 75.9184
321 9.89384 76.0003
560 9.89714 76.0847
503 9.90024 76.1639
570 9.90383 76.2557
502 9.90702 76.337
426 9.91085 76.435
554 9.91421 76.5207
361 9.91729 76.5994
680 9.92075 76.6877
495 9.92521 76.8015
31 9.92849 76.8854
325 9.93167 76.9667
433 9.93452 77.0394
970 9.93731 77.1107
830 9.94115 77.2088
905 9.94483 77.3028
298 9.948 77.3836
944 9.95162 77.4763
75 9.95507 77.5642
178 9.95836 77.6484
399 9.96152 77.729
607 9.96411 77.7953
219 9.96711 77.8718
240 9.97095 77.9699
339 9.97407 78.0496
796 9.97718 78.1291
701 9.98019 78.206
879 9.98332 78.286
400 9.98695 78.3787
224 9.99059 78.4717
890 9.9943 78.5665
429 9.99751 78.6483
398 10.001 78.7377
946 10.0253 79.3582
168 10.0792 80.737
90 10.1406 82.3038
825 10.2133 84.1612
88 10.3154 86.7701
988 10.4432 90.0352
227 10.511 90.0427
106 10.511 90.0427
693 10.511 90.0427
868 10.511 90.0427
446 10.511 90.0427
792 10.511 90.0427
833 10.511 90.0427
153 10.511 90.0427
95 10.511 90.0427
304 10.511 90.0427
301 10.511 90.0427
953 10.511 90.0427
316 10.511 90.0427
547 10.511 90.0427
969 10.511 90.0427
955 10.511 90.0427
364 10.511 90.0427
288 10.511 90.0427
759 10.511 90.0427
405 10.511 90.0427
17 10.511 90.0427
803 10.511 90.0427
753 10.511 90.0427
213 10.511 90.0427
914 10.5784 90.0405
108 10.6505 90.038
776 10.727 90.0355
401 10.7858 90.0335
138 10.8561 90.0312
200 10.9233 90.0289
435 10.9928 90.0266
973 11.0665 90.0241
93 11.1322 90.0219
300 11.1894 90.02
436 11.2974 90.0164
15 11.4078 90.0127
386 11.5024 90.0096
695 11.599 90.0063
718 11.6775 90.0037
982 11.7671 90.0007
48 11.8564 89.9977
585 11.9336 89.9952
736 12.029 89.992
750 12.1265 89.9887
678 12.2155 89.9857
380 12.3151 89.9824
711 12.4176 89.979
628 12.5166 89.9757
827 12.6173 89.9723
199 12.7252 89.9687
699 12.8376 89.965
815 12.9419 89.9615
780 13.0476 89.9579
568 13.1426 89.9548
39 13.2408 89.9515
557 13.3659 89.9473
249 13.4855 89.9433
442 13.5801 89.9401
263 13.668 89.9372
1 13.778 89.9335
546 13.8899 89.9298
933 14.02 89.9254
247 14.1305 89.9218
712 14.2485 89.9178
236 14.3499 89.9144
637 14.4552 89.9109
447 14.5727 89.907
462 14.7104 89.9024
13 14.8387 89.8981
58 14.9583 89.8941
444 15.0588 89.8907
169 15.1882 89.8864
44 18.4166 89.7786
167 21.5655 89.6734
28 23.4185 89.6115
960 25.0319 89.5576
773 25.1402 89.554
611 25.2366 89.5508
521 25.3362 89.5474
428 25.4492 89.5437
96 25.5575 89.54
150 25.6597 89.5366
786 25.7563 89.5334
768 25.8463 89.5304
593 25.9457 89.5271
392 26.0613 89.5232
115 26.1487 89.5203
2 26.2657 89.5164
441 26.3567 89.5133
631 26.4613 89.5098
409 26.5623 89.5065
306 26.6633 89.5031
183 26.7608 89.4998
610 26.8707 89.4961
368 26.9728 89.4927
36 27.0816 89.4891
871 27.1843 89.4857
885 27.2982 89.4819
761 27.4123 89.478
696 27.525 89.4743
73 27.6398 89.4704
859 27.7436 89.467
714 27.8488 89.4635
120 27.9998 89.4584
456 28.13 89.4541
50 28.2723 89.4493
253 28.436 89.4438
76 28.5856 89.4388
808 28.735 89.4338
491 28.865 89.4295
651 29.3199 89.4143
430 29.8401 89.3969
20 30.4394 89.3769
490 31.0148 89.3576
146 31.7632 89.3326
561 32.4268 89.3104
231 32.8325 89.2969
763 33.2852 89.2818
343 33.5612 89.2725
918 33.7097 89.2676
172 33.8872 89.2616
672 34.055 89.256
256 34.2433 89.2497
877 34.4367 89.2433
181 34.6221 89.2371
707 34.7907 89.2314
230 34.9625 89.2257
795 35.13 89.2201
919 35.3121 89.214
752 35.5004 89.2077
974 35.6922 89.2013
807 35.8756 89.1952
72 36.0477 89.1894
53 36.2301 89.1833
22 36.4015 89.1776
215 36.5804 89.1716
569 36.7505 89.1659
309 36.9179 89.1603
613 37.0768 89.155
470 37.2412 89.1495
394 37.4188 89.1436
738 37.5949 89.1377
840 37.7661 89.132
294 37.9453 89.126
292 38.101 89.1208
265 38.2577 89.1155
649 38.4184 89.1102
139 38.5742 89.105
296 38.731 89.0997
416 39.2841 89.0812
271 39.7788 89.0647
437 40.373 89.0448
305 40.946 89.0257
766 41.4331 89.0094
448 41.9322 88.9927
241 42.4757 88.9746
92 43.0164 88.9565
548 43.7844 88.9308
874 44.6762 88.901
536 45.6337 88.869
319 46.4771 88.8408
82 47.3133 88.8129
530 48.1857 88.7837
947 49.0512 88.7548
961 49.8322 88.7287
911 50.7601 88.6977
415 50.7719 88.6973
369 50.7847 88.6968
23 50.7969 88.6964
156 50.8086 88.696
434 50.8214 88.6956
511 50.8333 88.6952
105 50.8449 88.6948
882 50.8568 88.6944
539 50.867 88.6941
642 50.8788 88.6937
206 50.8907 88.6933
165 50.9034 88.6929
375 50.9157 88.6925
564 50.9273 88.6921
866 50.9402 88.6916
562 50.9527 88.6912
5 50.9662 88.6908
559 51.0199 88.689
516 51.0771 88.6871
755 51.1301 88.6853
408 51.1926 88.6832
449 51.2518 88.6812
245 51.3228 88.6789
541 51.3934 88.6765
532 51.459 88.6743
129 51.5181 88.6723
280 51.5864 88.67
12 51.6583 88.6676
636 51.7266 88.6654
952 51.801 88.6629
880 51.8677 88.6606
659 51.9342 88.6584
179 52.0081 88.656
40 52.0827 88.6535
389 52.1515 88.6512
320 52.224 88.6487
126 52.2957 88.6463
802 52.3731 88.6438
317 52.6724 88.6338
567 52.9214 88.6254
737 53.1395 88.6182
984 53.3614 88.6108
177 53.5647 88.604
344 53.743 88.598
193 53.9229 88.592
992 54.1794 88.5835
624 54.3805 88.5767
575 54.589 88.5698
851 54.7841 88.5633
814 54.9766 88.5568
713 55.2004 88.5494
406 55.4657 88.5405
273 55.7683 88.5304
18 56.0031 88.5226
239 56.0031 88.5226
895 56.0031 88.5226
980 56.0031 88.5226
856 56.0032 88.5226
118 56.0032 88.5226
477 56.0032 88.5226
259 56.0032 88.5226
229 56.0033 88.5226
746 56.0033 88.5226
313 56.0033 88.5226
754 56.0033 88.5226
816 56.0034 88.5226
690 56.0034 88.5226
940 56.0034 88.5226
931 56.0035 88.5226
800 56.0035 88.5225
801 56.5233 88.5333
378 56.9845 88.5429
62 57.3609 88.5507
367 57.8082 88.56
618 58.2783 88.5697
185 58.796 88.5804
584 59.2616 88.5901
896 59.726 88.5997
140 60.2389 88.6103
774 60.8632 88.6233
52 61.7014 88.6407
887 62.3666 88.6545
544 63.1476 88.6706
202 63.7904 88.684
42 64.5527 88.6998
464 65.2843 88.7149
395 66.0124 88.73
620 66.804 88.7464
666 67.6206 88.7634
149 68.3204 88.7779
285 69.0046 88.7921
845 69.6708 88.8059
145 70.3534 88.82
817 71.0528 88.8345
823 71.902 88.8521
725 72.8535 88.8718
820 73.4879 88.885
318 73.978 88.8951
465 74.5211 88.9064
353 75.1457 88.9193
740 75.8206 88.9333
251 76.3131 88.9435
622 76.9145 88.956
494 77.8375 88.9751
813 78.7289 88.9936
928 79.7622 89.015
983 79.7622 89.015
135 79.7622 89.015
864 79.7622 89.015
893 79.7622 89.015
158 79.7622 89.015
854 79.7622 89.015
580 79.7622 89.015
372 86.0049 83.4306
685 85.9204 83.3687
742 85.8149 83.2914
417 85.728 83.2278
311 85.6619 83.1793
159 85.5823 83.121
660 85.5169 83.0731
322 85.4447 83.0202
528 85.3637 82.9609
889 85.2984 82.9131
648 85.2183 82.8543
25 85.1509 82.805
450 85.0792 82.7525
473 83.6417 81.9357
204 81.2662 80.5859
332 78.2526 78.8736
867 75.4975 77.3082
975 74.5537 76.7719
385 73.7451 76.3124
383 72.8843 75.8233
818 72.0762 75.3642
579 71.1474 74.8364
51 70.1792 74.2863
201 69.271 73.7703
668 67.9212 73.0033
340 67.0768 72.5235
420 66.3263 72.0971
290 66.2696 72.094
847 66.208 72.0907
393 66.1534 72.0878
904 66.1017 72.085
837 66.0506 72.0822
460 65.9917 72.079
775 65.9417 72.0763
238 65.8819 72.0731
654 65.8282 72.0702
509 65.7706 72.0671
297 65.7187 72.0643
962 65.6688 72.0616
440 65.6114 72.0585
110 65.5656 72.056
937 65.5135 72.0532
744 65.4589 72.0503
852 65.4062 72.0474
67 64.9576 72.0232
900 64.553 72.0014
481 64.0698 71.9753
315 63.4765 71.9433
335 62.9636 71.9156
857 62.6693 71.8997
632 62.4472 71.8878
727 62.2753 71.8785
671 62.0676 71.8673
595 61.885 71.8574
478 61.6904 71.8469
83 61.4838 71.8358
71 61.1843 71.8196
173 59.8202 71.746
68 58.3777 71.6681
861 55.1879 71.4959
762 54.9252 71.3061
208 54.6939 71.139
782 54.4713 70.9782
855 54.2229 70.7987
94 54.0129 70.647
826 53.7945 70.4892
432 53.5712 70.3278
647 53.3314 70.1546
513 53.0978 69.9858
248 52.8604 69.8143
350 52.6057 69.6303
144 52.464 69.5279
894 52.3331 69.4333
743 52.2091 69.3437
798 52.0804 69.2507
216 51.9583 69.1625
484 51.8365 69.0745
134 51.7166 68.9879
810 51.6085 68.9098
582 51.4954 68.828
986 51.3593 68.7297
523 51.2156 68.6258
225 51.0897 68.5349
286 50.9797 68.4554
453 50.8732 68.3785
976 50.7615 68.2978
540 50.7386 68.1993
683 50.7127 68.0882
832 50.6924 68.0007
161 50.6615 67.8682
563 50.6373 67.7642
109 50.6088 67.6418
769 50.5807 67.5212
605 50.5504 67.3912
921 50.5207 67.2633
112 50.4872 67.1196
235 50.4508 66.9631
791 50.4169 66.8176
515 50.3864 66.6865
964 50.3544 66.5492
282 50.3234 66.4163
84 50.2946 66.2925
91 50.2672 66.1748
676 50.2338 66.0313
617 50.2052 65.9083
987 50.1769 65.7871
968 50.128 65.577
625 50.0799 65.3705
9 50.0373 65.1873
809 49.2975 62.0102
923 52.1685 58.82
262 54.8674 55.8209
870 57.0412 53.4054
793 57.0412 53.4054
577 57.0412 53.4054
945 57.0412 53.4054
186 57.0412 53.4054
468 57.0412 53.4054
675 59.8961 52.0879
519 60.5375 51.792
232 61.3236 51.4292
926 61.3236 51.4292
70 61.3236 51.4292
188 61.3236 51.4292
492 61.3236 51.4292
623 61.3236 51.4292
35 61.3236 51.4292
842 61.3236 51.4292
594 61.3236 51.4292
875 61.3236 51.4292
843 61.3236 51.4292
907 61.8655 51.518
217 62.3083 51.5906
85 62.8289 51.6759
117 63.4002 51.7695
644 63.9391 51.8578
396 64.4842 51.9471
850 65.1284 52.0527
767 65.6397 52.1365
538 66.1388 52.2183
967 66.7014 52.3104
357 67.0114 52.3613
293 67.3713 52.4202
485 67.8048 52.4913
334 68.2932 52.5713
102 68.6398 52.6281
583 69 52.6871
609 69.3335 52.7418
942 69.3335 52.7418
941 69.3335 52.7418
592 69.3335 52.7418
323 69.3335 52.7418
425 69.5087 52.8427
29 69.6639 52.932
190 69.8217 53.0228
606 69.9758 53.1115
932 70.1743 53.2258
466 70.3375 53.3198
650 71.5927 54.0425
152 72.7462 54.7065
143 73.9233 54.0398
656 75.3223 53.2476
553 77.1044 52.2383
745 79.1356 51.088
274 79.8369 50.979
107 80.5058 50.8751
838 80.8146 50.8271
977 81.1233 50.7792
198 81.4176 50.7335
670 81.6929 50.6907
884 82.2254 50.608
506 82.6878 50.5362
951 83.0963 50.4727
920 83.4905 50.4115
242 83.934 50.3426
684 84.3672 50.2753
195 84.7576 50.2147
136 85.2301 50.1412
387 85.6876 50.0702
170 86.1849 49.9929
497 86.6207 49.9252
520 86.5118 39.9334
98 86.4637 35.5134
33 86.4441 33.7111
835 86.4247 31.9306
345 86.3638 26.3493
590 86.3481 24.9015
483 86.2684 17.5916
979 86.2684 17.5916
243 86.2684 17.5916
627 86.2684 17.5916
260 86.2684 17.5916
