0,781,821,504,598,819,777,555,24,581,55,419,831,295,959,355,45,644,314,926,232,323,357,377,594,978,27,458,634,6,751,828,865,209,63,681,785,716,66,870,358,848,289,873,19,467,257,586,164,844,250,692,472,452,194,930,356,197,217,906,935,180,706,262,69,597,498,843,945,276,155,35,342,522,101,765,493,30,683,281,89,461,269,619,778,929,302,38,414,543,525,49,783,876,748,237,862,664,989,480,566,512,388,679,508,834,811,790,934,379,917,191,261,151,869,687,278,787,883,160,421,111,853,26,653,310,518,407,337,709,822,704,669,351,287,573,439,246,363,702,402,254,588,902,284,64,307,221,474,824,626,488,366,8,643,455,812,881,674,741,629,299,412,682,348,646,362,211,722,74,187,331,963,86,258,794,4,673,61,836,710,572,514,384,499,958,328,133,898,330,899,915,354,641,121,602,661,268,476,529,37,723,32,549,78,829,943,11,612,205,7,475,913,403,123,279,222,352,797,698,616,949,10,438,463,990,486,182,174,909,341,413,142,391,397,908,510,735,858,535,758,756,788,640,324,545,505,901,733,764,34,897,349,382,981,526,451,965,411,59,233,599,688,633,308,507,79,137,839,267,130,878,329,630,903,272,938,846,956,565,97,729,691,705,772,503,326,81,277,703,879,429,720,255,502,119,680,739,192,114,482,422,336,524,376,925,771,663,303,373,542,228,652,770,148,423,312,489,805,47,57,116,534,87,749,65,655,125,985,700,46,283,731,496,863,212,157,166,122,841,218,531,527,214,154,708,128,131,972,100,760,196,936,677,589,849,784,734,445,381,224,799,686,371,747,347,234,3,890,31,717,694,14,667,665,948,374,427,657,219,939,338,718,77,970,966,607,90,433,298,203,517,556,399,95,628,346,424,93,360,400,892,487,796,955,560,418,17,58,288,446,780,712,41,719,75,168,905,982,500,860,178,184,113,48,321,916,637,207,991,830,436,546,639,240,457,426,108,153,169,615,792,759,444,815,944,803,554,570,728,88,988,711,380,973,585,678,750,693,827,300,401,547,247,969,405,953,213,568,39,736,106,868,316,183,441,491,227,435,263,301,304,368,456,610,462,36,306,115,13,593,776,521,714,753,199,447,325,236,495,200,386,933,138,699,557,1,871,364,914,16,550,443,76,950,695,244,220,490,249,469,651,442,271,960,430,15,885,172,752,707,150,394,808,139,231,448,631,409,918,449,768,611,20,919,872,773,696,795,120,428,470,72,96,28,877,141,343,561,189,73,320,638,416,814,2,539,866,146,766,548,389,230,672,253,241,126,350,976,826,614,540,291,144,501,163,175,954,60,21,292,223,359,730,840,296,44,50,859,757,578,786,761,92,591,431,479,99,697,789,888,689,256,806,167,270,946,339,833,333,608,226,971,132,551,361,574,552,886,275,604,124,635,266,825,658,701,327,601,726,162,924,398,927,600,587,537,662,454,732,404,571,56,724,252,390,459,533,523,410,804,54,104,596,912,576,910,603,127,147,957,891,370,210,365,809,225,922,468,264,134,645,755,802,82,894,649,715,617,80,171,484,880,259,861,432,229,887,335,453,112,769,921,294,513,986,632,800,94,315,173,9,415,636,895,369,140,530,406,931,940,563,562,807,642,437,215,248,319,564,659,91,206,408,774,53,690,179,947,245,392,569,23,367,156,202,896,754,118,305,193,239,952,22,129,536,613,309,375,763,313,265,559,974,738,165,181,874,532,434,624,746,882,105,713,5,737,516,62,961,541,285,177,856,511,42,845,575,851,477,273,40,984,344,185,980,618,464,12,567,992,584,52,580,251,318,149,911,817,620,820,494,813,353,823,854,158,893,417,622,145,544,666,135,473,648,928,685,983,725,25,372,322,889,450,528,660,311,204,977,740,71,900,385,579,837,852,478,420,650,744,332,51,742,775,159,317,18,297,818,83,864,668,904,509,867,654,290,962,975,481,857,582,782,280,801,987,395,816,340,378,832,937,847,460,465,238,647,964,595,440,605,393,727,208,671,676,109,968,216,235,855,762,558,519,779,743,84,282,621,791,161,798,793,515,471,43,842,188,625,396,492,875,923,577,117,286,186,85,850,942,190,767,810,485,907,383,201,538,110,67,68,334,152,967,884,838,387,670,932,553,920,29,583,592,623,293,143,606,675,656,70,941,102,590,466,609,274,198,195,425,745,497,136,242,684,170,506,107,835,520,951,33,98,345,627,260,979,483,243,721,176,103,
value : 583.736 running time : 24.544794
0 80 20
781 68.4516 24.6412
821 67.949 24.8428
504 67.5132 25.0175
598 67.077 25.1924
819 66.64 25.3676
777 66.2188 25.5364
555 63.6128 27.2084
24 62.9857 27.6101
581 62.3426 28.0221
55 61.5937 28.502
419 60.8573 28.9739
831 60.7729 29.9296
295 60.6842 30.935
959 60.5574 32.3685
355 60.4019 34.1248
45 60.2434 35.9159
644 60.0921 37.6257
314 59.974 38.9618
926 59.8609 40.2419
232 59.6888 40.2098
323 59.4459 40.1645
357 59.1408 40.1076
377 58.8223 40.0482
594 58.4972 39.9875
978 58.1727 39.927
27 57.8509 39.8669
458 57.5371 39.8084
634 57.2286 39.7509
6 56.9236 39.694
751 56.16 39.5539
828 55.3993 39.4142
865 54.684 39.2829
209 54.025 39.1619
63 53.4666 39.0591
681 52.93 38.9604
785 52.4064 38.8641
716 51.8845 38.768
66 51.366 38.6726
870 50.8445 38.5767
358 50.3118 38.4787
848 49.6531 38.3578
289 48.9502 38.2287
873 48.9502 38.2287
19 48.3104 38.1767
467 47.6223 38.1207
257 47.6223 38.1207
586 47.6222 38.1207
164 47.6222 38.1207
844 47.5102 38.515
250 47.3935 38.926
692 47.2648 39.3789
472 47.1386 39.8227
452 47.0243 40.2252
194 46.9151 40.6096
930 46.8114 40.975
356 46.7067 41.3438
197 46.6018 41.713
217 46.496 42.0856
906 46.3784 42.4996
935 46.2579 42.9238
180 46.1348 43.357
706 46.0239 43.7473
262 46.2032 45.2839
69 46.3336 46.4004
597 46.4597 47.4803
498 46.5556 48.3003
843 46.6375 49.0007
945 46.7174 49.6829
276 46.7977 50.3687
155 46.8821 51.0905
35 46.9763 51.8964
342 45.8902 52.1307
522 44.7801 52.3702
101 43.8149 52.5784
765 42.7586 52.8063
493 42.1135 52.9454
30 42.1135 52.9454
683 42.1135 52.9454
281 41.8158 52.2481
89 41.4635 51.4233
461 41.1152 50.6076
269 40.7538 49.7613
619 40.4421 49.0314
778 40.2055 48.4771
929 39.9727 47.9316
302 39.3594 46.4963
38 38.8493 45.3023
414 38.4638 44.3996
543 38.169 43.7091
525 38.1483 43.525
49 38.1263 43.3279
783 38.1035 43.1253
876 38.0804 42.9193
748 38.0566 42.7066
237 38.0321 42.4883
862 37.9865 42.0823
664 37.9398 41.6673
989 37.8955 41.2731
480 37.8505 40.8725
566 37.8053 40.4707
512 37.7584 40.0531
388 37.6976 39.513
679 37.6333 38.9417
508 37.5697 38.3771
834 37.4392 37.2211
811 37.3398 36.3393
790 37.2363 35.4211
934 37.1257 34.4409
379 37.0757 33.9957
917 37.029 33.5802
191 36.9773 33.1204
261 36.9257 32.6617
151 36.8794 32.2496
869 36.8255 31.7705
687 36.7703 31.2795
278 36.6626 30.3248
787 36.5538 29.3602
883 36.4535 28.4703
160 36.3789 27.8074
421 36.3033 27.1363
111 36.1713 25.9667
853 36.0552 24.9368
26 35.7538 22.2732
653 35.4699 19.7639
310 35.2119 17.482
518 34.9569 15.2271
407 34.3535 15.3075
337 33.7145 15.3926
709 33.0431 15.4819
822 32.4575 15.56
704 31.8499 15.6409
669 31.2235 15.7243
351 30.5994 15.8075
287 29.9481 15.8942
573 29.1112 16.0055
439 28.1305 16.1358
246 27.2098 16.2583
363 26.2841 16.3814
702 25.1156 16.5365
402 24.0065 16.6838
254 23.4224 16.7616
588 22.8715 16.835
902 22.8715 16.835
284 22.8715 16.835
64 22.8715 16.835
307 22.8715 16.835
221 22.8715 16.835
474 22.3571 16.7449
824 21.8368 16.6538
626 21.0935 16.5238
488 19.4188 16.2317
366 18.0404 15.9911
8 16.7302 15.7622
643 15.3162 15.5153
455 13.2161 15.1493
812 12.6892 15.0571
881 12.663 15.2058
674 12.6375 15.3507
741 12.6119 15.4966
629 12.5856 15.6457
299 12.5608 15.7868
412 12.5417 15.8952
682 12.5227 16.0031
348 12.504 16.1098
646 12.4856 16.2145
362 12.4671 16.3194
211 12.4484 16.426
722 12.4303 16.5291
74 12.1514 18.0958
187 11.8711 19.6761
331 11.5929 21.2443
963 11.3203 22.7804
86 11.0584 24.257
258 11.0584 24.257
794 11.0584 24.257
4 11.0584 24.257
673 11.0584 24.257
61 11.0584 24.257
836 10.8583 25.9455
710 10.6502 27.7017
572 10.4431 29.4502
514 10.2464 31.1106
384 10.0626 32.6625
499 9.86899 34.2956
958 10.0658 34.3308
328 10.2709 34.3675
133 10.6353 34.4328
898 11.0139 34.5007
330 12.9898 34.856
899 16.8889 35.5591
915 17.4109 35.6528
354 17.4109 35.6528
641 17.4109 35.6528
121 17.4109 35.6528
602 17.4109 35.6528
661 17.4109 35.6528
268 18.5216 36.4573
476 19.2235 36.9661
529 20.0344 37.5538
37 20.3196 37.7599
723 20.6018 37.9638
32 20.8849 38.1684
549 21.1598 38.3671
78 21.4332 38.5646
829 21.7129 38.7667
943 21.9911 38.9678
11 22.2819 39.178
612 22.5902 39.4009
205 22.8925 39.6194
7 23.1816 39.8284
475 22.7602 40.1869
913 22.2475 40.6231
403 21.7417 41.0535
123 21.2591 41.4641
279 20.706 41.9343
222 20.478 42.1278
352 20.3111 42.2694
797 20.2084 42.3564
698 20.1101 42.4397
616 20.0108 42.5239
949 19.9148 42.6052
10 19.8186 42.6867
438 19.7253 42.7659
463 19.6347 42.8427
990 19.6347 42.8427
486 19.6347 42.8427
182 19.8437 43.9533
174 20.0203 44.8905
909 20.1833 45.7557
341 20.3114 46.4349
413 20.4529 47.1856
142 20.5741 47.8283
391 20.6913 48.4497
397 20.8067 49.0616
908 20.9306 49.7193
510 21.0547 50.3776
735 21.1601 50.9363
858 21.2499 51.4124
535 21.3402 51.8906
758 21.4417 52.429
756 21.5483 52.9945
788 21.6447 53.5053
640 21.7007 53.8017
324 21.7516 54.0709
545 21.8014 54.3345
505 21.8508 54.5962
901 22.0273 55.5332
733 22.1704 56.2927
764 22.2925 56.9399
34 22.4074 57.5493
897 22.5161 58.1259
349 22.6182 58.6673
382 22.7114 59.1612
981 22.8005 59.6333
526 22.888 60.097
451 22.9293 60.3158
965 22.9697 60.5293
411 23.0083 60.7334
59 23.0462 60.9336
233 23.0843 61.135
599 23.123 61.34
688 23.1625 61.5487
633 23.2227 61.8673
308 23.3172 62.3688
507 23.3543 62.5648
79 23.3918 62.763
137 23.4298 62.9643
839 23.4678 63.1652
267 23.5102 63.3894
130 23.5538 63.6203
878 23.5971 63.8492
329 23.2647 63.9191
630 22.9506 63.9851
903 22.6954 64.0388
272 22.4231 64.0961
938 22.2091 64.1411
846 21.9852 64.1882
956 21.7599 64.2356
565 21.5304 64.2839
97 21.3429 64.3234
729 21.2027 64.3529
691 21.0554 64.3839
705 20.9114 64.4142
772 20.7599 64.4461
503 20.6112 64.4774
326 20.5633 64.4874
81 17.9609 62.768
277 15.3886 61.0686
703 15.3273 61.0281
879 15.2671 60.9883
429 15.2075 60.9488
720 15.1149 60.8876
255 13.6956 59.9498
502 13.6707 59.8187
119 13.6371 59.6418
680 13.5972 59.4319
739 13.5454 59.159
192 13.4889 58.8616
114 13.4279 58.5403
482 13.3607 58.1861
422 13.2738 57.7289
336 13.1869 57.2709
524 13.1026 56.8268
376 12.982 56.1918
925 12.7844 55.1505
771 12.5599 53.967
663 12.4543 53.4106
303 12.4031 53.1414
373 12.3524 52.8739
542 12.3047 52.6228
228 12.2581 52.3778
652 12.2227 52.1911
770 12.1895 52.0165
148 12.1616 51.8696
423 12.1373 51.7418
312 12.1174 51.6369
489 12.1004 51.5476
805 12.0836 51.4592
47 12.0667 51.3699
57 12.0497 51.2805
116 12.0328 51.1915
534 12.9059 48.8099
87 13.7259 46.573
749 13.902 46.094
65 14.0752 45.6227
655 14.0752 45.6227
125 14.0752 45.6227
985 14.0752 45.6227
700 13.9294 46.1056
46 13.7718 46.6273
283 13.5932 47.2183
731 13.3876 47.8987
496 13.1674 48.6269
863 12.9387 49.3834
212 12.6806 50.2367
157 12.4036 51.1518
166 12.1424 52.015
122 11.8947 52.834
841 11.8947 52.834
218 11.8947 52.834
531 11.8947 52.834
527 11.8947 52.834
214 11.8947 52.834
154 11.8947 52.834
708 11.8947 52.834
128 11.8947 52.834
131 11.8114 53.8877
972 11.7583 54.5576
100 11.7062 55.2145
760 11.6528 55.8882
196 11.6038 56.506
936 11.5568 57.0979
677 11.506 57.739
589 11.4544 58.3891
849 11.4035 59.0304
784 11.2103 61.4837
734 11.0318 63.7479
445 10.8883 65.5665
381 10.7938 66.7609
224 10.7186 67.7117
799 10.7016 67.9245
686 10.6848 68.1349
371 10.6683 68.3422
747 10.6515 68.5526
347 10.6338 68.7743
234 10.6072 69.1086
3 10.5706 69.5701
890 10.5318 70.0592
31 10.5132 70.2923
717 10.5006 70.4497
694 10.4881 70.6059
14 10.4758 70.7604
667 10.4634 70.9157
665 10.451 71.0704
948 10.4386 71.2254
374 10.4263 71.3802
427 10.414 71.5333
657 10.4018 71.6859
219 10.3896 71.8386
939 10.3772 71.9939
338 10.2476 73.6355
718 10.1056 75.4368
77 10.1056 75.4368
970 10.1056 75.4368
966 10.1056 75.4368
607 10.1917 75.5842
90 10.2885 75.75
433 10.3865 75.9177
298 10.4849 76.0861
203 10.5917 76.2689
517 10.695 76.4457
556 11.1234 77.1793
399 11.6348 78.0551
95 11.9932 78.6687
628 12.2594 79.1243
346 12.5019 79.5396
424 12.7731 80.0039
93 12.868 80.1662
360 12.9562 80.3173
400 13.04 80.4607
892 13.1307 80.616
487 13.2214 80.7712
796 13.3121 80.9265
955 13.4054 81.0861
560 13.5002 81.2485
418 13.5962 81.4127
17 13.5962 81.4127
58 13.5962 81.4127
288 13.5962 81.4127
446 13.5962 81.4127
780 13.5962 81.4127
712 13.5962 81.4127
41 13.5662 81.4116
719 12.9898 81.3904
75 12.5699 81.3749
168 12.3199 81.3656
905 12.0572 81.3558
982 11.8097 81.3466
500 11.5649 81.3375
860 11.3134 81.3282
178 11.0689 81.3191
184 10.8421 81.3107
113 10.5977 81.3016
48 10.2951 81.2904
321 9.9831 81.2788
916 9.67146 81.2672
637 9.32281 81.2544
207 8.98381 81.2418
991 9.00989 81.4582
830 9.03642 81.6786
436 9.06375 81.9054
546 9.09132 82.1344
639 9.11947 82.368
240 9.15109 82.6308
457 9.18362 82.901
426 9.21652 83.1745
108 9.24984 83.4514
153 9.28307 83.7275
169 9.31617 84.0025
615 9.34931 84.2777
792 9.38259 84.5543
759 9.41637 84.8349
444 9.4507 85.1203
815 9.4853 85.4078
944 9.52021 85.6979
803 9.55686 86.0026
554 9.5945 86.3153
570 9.64179 86.7087
728 9.69251 87.1307
88 9.82708 88.255
988 9.9841 89.5686
711 9.99306 89.5693
380 10.002 89.57
973 10.0112 89.5708
585 10.0198 89.5714
678 10.0288 89.5722
750 10.038 89.5729
693 10.047 89.5736
827 10.0557 89.5743
300 10.0646 89.575
401 10.0738 89.5757
547 10.083 89.5765
247 10.0923 89.5772
969 10.1011 89.5779
405 10.1101 89.5786
953 10.1192 89.5793
213 10.1282 89.5801
568 10.4402 89.6049
39 10.7582 89.6303
736 11.1168 89.6589
106 11.4986 89.6894
868 11.9298 89.7238
316 12.6308 89.7798
183 13.3534 89.8376
441 14.0029 89.8895
491 14.3121 89.9142
227 14.3121 89.9142
435 14.3121 89.9142
263 14.5078 89.9074
301 14.8706 89.895
304 15.256 89.8819
368 15.6429 89.8688
456 16.0321 89.8556
610 16.3912 89.8433
462 16.6761 89.8335
36 16.944 89.8244
306 17.1896 89.8159
115 17.1896 89.8159
13 17.1896 89.8159
593 17.1896 89.8159
776 17.1896 89.8159
521 17.1896 89.8159
714 17.1896 89.8159
753 17.1896 89.8159
199 17.1896 89.8159
447 17.1896 89.8159
325 17.1896 89.8159
236 17.1896 89.8159
495 17.1896 89.8159
200 17.1896 89.8159
386 17.1896 89.8159
933 17.1896 89.8159
138 17.1896 89.8159
699 17.1896 89.8159
557 17.1896 89.8159
1 17.1896 89.8159
871 17.1896 89.8159
364 17.1896 89.8159
914 17.1896 89.8159
16 19.4321 87.3908
550 19.8802 86.9054
443 20.3103 86.4396
76 20.7041 86.013
950 21.0899 85.5951
695 21.1162 85.5666
244 21.1421 85.5384
220 21.1676 85.5107
490 21.7943 85.9939
249 22.4518 86.5008
469 23.1142 87.0115
651 23.774 87.5202
442 24.4398 88.0335
271 25.155 88.5846
960 25.7342 89.0312
430 25.7342 89.0312
15 25.7342 89.0312
885 26.9047 89.1516
172 27.8963 89.2536
752 29.0014 89.367
707 29.3122 89.3986
150 29.6145 89.4294
394 29.9022 89.4586
808 30.18 89.4869
139 30.4458 89.5139
231 30.4458 89.5139
448 30.4458 89.5139
631 30.4458 89.5139
409 30.4458 89.5139
918 30.4458 89.5139
449 30.4458 89.5139
768 30.4458 89.5139
611 30.6449 89.4467
20 30.878 89.368
919 31.1377 89.2803
872 31.3956 89.1932
773 31.6244 89.116
696 31.8559 89.0379
795 32.0914 88.9584
120 32.3318 88.8772
428 32.5753 88.7951
470 32.8235 88.7113
72 33.0735 88.6269
96 33.3266 88.5414
28 33.5844 88.4544
877 34.0889 88.2838
141 34.5963 88.1122
343 35.094 87.9438
561 35.4689 87.8172
189 35.8151 87.7002
73 36.1525 87.5863
320 36.4926 87.4714
638 36.4926 87.4714
416 36.4926 87.4714
814 36.4926 87.4714
2 36.4926 87.4714
539 36.4926 87.4714
866 36.4926 87.4714
146 36.4926 87.4714
766 36.4926 87.4714
548 36.6028 86.9717
389 36.7203 86.439
230 36.883 85.7009
672 37.0561 84.9156
253 37.24 84.0806
241 37.4413 83.1665
126 37.6427 82.2516
350 37.2871 81.528
976 36.9784 80.8998
826 36.6942 80.3217
614 36.0461 79.0022
540 35.4083 77.7037
291 34.7902 76.4452
144 34.7032 76.5157
501 34.6129 76.5887
163 34.5188 76.6648
175 34.4192 76.7454
954 34.1019 77.0025
60 33.7787 77.2644
21 33.4498 77.5308
292 33.1046 77.8105
223 32.7528 78.0957
359 32.3914 78.3885
730 31.2082 79.3485
840 29.9689 80.3541
296 28.7378 81.3535
44 27.5502 82.3175
50 27.5502 82.3175
859 27.5502 82.3175
757 27.5502 82.3175
578 27.5502 82.3175
786 27.5502 82.3175
761 27.4987 82.1554
92 27.3965 81.8331
591 27.2343 81.3223
431 27.1995 81.2125
479 27.1652 81.1044
99 27.1353 81.0102
697 27.1078 80.9234
789 27.0805 80.8371
888 27.0542 80.7541
689 27.029 80.6746
256 27.0043 80.5967
806 26.9785 80.5153
167 26.9524 80.4332
270 26.926 80.3499
946 26.8998 80.2671
339 26.8743 80.187
833 26.8497 80.1094
333 26.5946 79.3055
608 26.352 78.5412
226 26.1033 77.7578
971 25.8021 76.8091
132 25.6332 76.277
551 25.578 76.103
361 25.5319 75.9576
574 25.4886 75.8211
552 25.4461 75.6872
886 25.4071 75.564
275 25.3671 75.4379
604 25.3294 75.3191
124 25.2916 75.1997
635 25.2524 75.0762
266 25.2138 74.9546
825 25.1757 74.8344
658 25.1375 74.7139
701 25.0992 74.593
327 25.0619 74.4754
601 25.0258 74.3616
726 24.9929 74.2579
162 24.9601 74.1544
924 25.3729 73.7645
398 25.7843 73.3759
927 26.4285 72.7674
600 27.0543 72.1762
587 27.8049 71.4672
537 28.4911 70.8191
662 29.4339 69.9285
454 30.4262 68.9911
732 32.6591 66.8816
404 32.8666 66.6857
571 33.0709 66.4927
56 33.291 66.2847
724 33.4993 66.088
252 33.7167 65.8827
390 34.038 65.5792
459 34.3839 65.2524
533 34.6863 64.9668
523 34.9371 64.7299
410 35.1733 64.5068
804 35.383 64.3087
54 35.5733 64.129
104 35.7542 63.9582
596 35.9305 63.7916
912 36.1096 63.6224
576 36.2846 63.4571
910 36.4474 63.3033
603 36.6168 63.1433
127 36.6881 63.0761
147 36.7515 63.0161
957 36.7515 63.0161
891 36.7515 63.0161
370 36.7516 63.0161
210 36.7516 63.0161
365 37.4604 63.7078
809 38.1526 64.3833
225 38.9523 65.1636
922 39.6226 65.8178
468 42.7116 68.8307
264 42.7411 68.8596
134 42.7715 68.8892
645 42.8017 68.9187
755 43.6075 69.7049
802 44.076 70.1622
82 44.4256 70.5034
894 44.6717 70.7437
649 44.9171 70.9832
715 45.6392 71.2938
617 46.4357 71.6364
80 47.1785 71.9559
171 48.0458 72.3289
484 49.4508 72.9332
880 51.0376 73.6157
259 52.1533 74.0956
861 52.1755 74.1051
432 52.1978 74.1147
229 52.2207 74.1246
887 52.2428 74.1341
335 52.2637 74.1431
453 52.2837 74.1517
112 52.3055 74.161
769 52.3268 74.1702
921 52.3476 74.1792
294 52.3683 74.1881
513 52.3903 74.1975
986 52.4127 74.2072
632 52.4358 74.2171
800 52.4588 74.227
94 52.481 74.2366
315 52.504 74.2464
173 52.5266 74.2562
9 52.2929 74.9521
415 52.0658 75.6283
636 51.8602 76.2412
895 51.6611 76.8345
369 51.4686 77.4083
140 51.2854 77.9546
530 51.1081 78.4833
406 50.9357 78.9973
931 50.7658 79.5041
940 50.5895 80.0297
563 50.4142 80.5523
562 50.2425 81.0643
807 50.0728 81.5702
642 49.9074 82.0633
437 49.747 82.5418
215 49.6154 82.9345
248 49.4858 83.3212
319 49.3586 83.7006
564 49.2304 84.0832
659 49.1021 84.466
91 48.9712 84.8565
206 48.7243 85.591
408 48.4629 86.3695
774 48.21 87.1228
53 47.9657 87.8503
690 47.8415 88.221
179 47.7193 88.586
947 47.5971 88.9504
245 47.4737 89.3186
392 47.3509 89.685
569 47.2836 89.886
23 47.2187 90.0801
367 47.1745 90.2122
156 47.1319 90.3397
202 47.0882 90.4702
896 47.0452 90.5989
754 47.0016 90.7293
118 46.9583 90.8589
305 46.9147 90.9893
193 46.8699 91.1232
239 46.8248 91.2581
952 46.7786 91.3962
22 46.7334 91.5313
129 46.6882 91.6665
536 46.6432 91.8011
613 46.6001 91.9299
309 46.6001 91.9299
375 46.6001 91.9299
763 46.6001 91.9299
313 46.6001 91.9299
265 46.6001 91.9299
559 46.6001 91.9299
974 46.6001 91.9299
738 46.954 91.9094
165 47.4129 91.883
181 47.9007 91.8549
874 48.4653 91.8224
532 49.063 91.7881
434 49.671 91.7532
624 50.2781 91.7183
746 50.8863 91.6833
882 51.4868 91.6488
105 52.1007 91.6135
713 52.7319 91.5772
5 53.3788 91.54
737 54.1235 91.4975
516 54.9254 91.4515
62 55.7266 91.4056
961 56.5556 91.3582
541 57.4539 91.307
285 58.0591 91.273
177 58.316 91.2581
856 58.5754 91.243
511 58.8331 91.228
42 59.1179 91.2115
845 59.4066 91.1948
575 59.6944 91.178
851 59.9761 91.1617
477 60.2492 91.1459
273 60.5288 91.1296
40 60.8172 91.1129
984 61.1019 91.0964
344 61.3992 91.0791
185 61.7878 91.0567
980 62.1978 91.033
618 62.6255 91.0083
464 63.0906 90.9815
12 63.5915 90.9526
567 64.1616 90.9199
992 64.7573 90.8856
584 65.3708 90.8504
52 66.0418 90.8121
580 66.7165 90.7735
251 66.7165 90.7735
318 66.7165 90.7735
149 66.7165 90.7735
911 66.7165 90.7735
817 67.8288 90.5858
620 68.8897 90.4068
820 69.7837 90.2558
494 70.3934 90.1533
813 71.0051 90.0505
353 71.616 89.9479
823 72.2235 89.8459
854 72.8246 89.7448
158 73.4339 89.6425
893 74.0342 89.5416
417 74.6552 89.4372
622 75.2955 89.3297
145 75.951 89.2195
544 76.6438 89.1031
666 77.4439 88.9683
135 78.2535 88.8319
473 79.0614 88.6957
648 79.935 88.5486
928 80.7984 88.4032
685 81.1966 87.9937
983 81.1966 87.9937
725 82.8739 85.961
25 84.4813 84.0128
372 86.0101 82.1606
322 85.7496 81.76
889 85.4194 81.2521
450 84.4646 79.7826
528 83.6823 78.5787
660 82.9789 77.4964
311 82.0051 75.9978
204 80.442 73.5913
977 78.4329 70.4974
740 77.9868 70.5477
71 76.5428 70.7105
900 75.9067 70.7823
385 75.3222 70.8482
579 74.661 70.9227
837 74.0249 70.9944
852 73.4596 71.0582
478 72.8463 71.1273
420 72.6884 71.4649
650 72.3685 72.1488
744 71.9731 72.9936
332 71.5881 73.8163
51 71.0158 75.0389
742 70.4548 76.2373
775 70.2669 76.2298
159 70.0751 76.2222
317 69.6241 76.2041
18 69.3279 76.1923
297 69.0525 76.1814
818 68.7923 76.171
83 68.5149 76.16
864 68.2295 76.1486
668 67.5448 76.1212
904 67.233 76.1088
509 66.9297 76.0967
867 66.6447 76.0853
654 66.3519 76.0737
290 66.0554 76.0619
962 65.7502 76.0497
975 65.4219 76.0366
481 64.6513 76.0057
857 63.7594 75.97
582 63.7594 75.97
782 63.7594 75.97
280 63.7594 75.97
801 63.7594 75.97
987 63.7594 75.97
395 63.7594 75.97
816 63.7594 75.97
340 63.6421 75.7794
378 63.5356 75.6063
832 63.4235 75.4243
937 63.3144 75.247
847 63.1809 75.0302
460 63.0535 74.8231
465 62.9275 74.6185
238 61.3295 72.0222
647 60.6281 70.8828
964 60.2058 70.1967
595 59.9246 69.7399
440 59.6609 69.3115
605 59.4151 68.9122
393 59.1697 68.5136
727 58.9184 68.1053
208 58.544 67.497
671 58.1622 66.8767
676 56.4212 64.0483
109 56.2435 63.7596
968 56.0429 63.4336
216 55.8402 63.1044
235 55.6484 62.7928
855 55.4575 62.4827
762 55.2602 62.1622
558 55.0432 61.8096
519 54.855 61.5039
779 54.7107 61.2695
743 54.6325 61.1367
84 54.5545 61.0043
282 54.4772 60.873
621 54.4002 60.7423
791 54.3245 60.6138
161 54.2499 60.4872
798 54.1758 60.3614
793 54.1019 60.236
515 54.0269 60.1086
471 53.9546 59.9858
43 60.883 53.9222
842 60.883 53.9222
188 60.883 53.9222
625 60.883 53.9222
396 60.883 53.9222
492 60.883 53.9222
875 60.883 53.9222
923 60.883 53.9222
577 61.3976 54.0366
117 61.9466 54.1587
286 62.5444 54.2917
186 63.1681 54.4304
85 63.9205 54.5976
850 64.6841 54.7671
942 65.4681 54.9413
190 66.2524 55.1157
767 67.039 55.2905
810 67.8539 55.4716
485 69.4121 55.8171
907 70.9217 56.1516
383 71.8256 56.3516
201 71.8256 56.3516
538 71.8256 56.3516
110 71.8256 56.3516
67 71.8256 56.3516
68 72.2758 56.1398
334 72.9482 55.8232
152 73.6382 55.4984
967 75.2146 54.7555
884 76.6131 54.0966
838 75.8745 53.8105
387 75.0682 53.4981
670 74.218 53.1685
932 73.4287 52.8628
553 72.6147 52.5473
920 71.7879 52.227
29 70.8939 51.8805
583 69.9657 51.5208
592 69.0103 51.1505
623 67.7989 50.6806
293 68.1723 50.5626
143 68.8696 50.342
606 69.601 50.1107
675 70.3846 49.8628
656 71.6455 49.4637
70 73.0265 49.0266
941 74.8369 48.4534
102 77.2429 47.6913
590 84.5692 45.3668
466 84.5692 45.3668
609 84.6695 45.474
274 84.7817 45.5938
198 84.8985 45.7186
195 85.0159 45.8442
425 85.1344 45.9707
745 85.2549 46.0995
497 87.7519 48.76
136 87.7519 48.76
242 87.7519 48.76
684 87.7519 48.76
170 87.7314 48.531
506 87.7084 48.2753
107 87.6169 47.2573
835 87.3565 44.3624
520 87.2022 42.6466
951 87.1058 41.5735
33 86.4998 34.842
98 86.0786 30.1613
345 85.4211 22.8577
627 85.1129 19.4323
260 84.8631 16.656
979 84.8289 16.2746
483 84.8001 15.9537
243 83.2315 15.3232
721 78.5868 13.4542
176 74.9427 11.9885
103 72.8887 11.1628
