0,260,979,176,721,103,164,831,598,819,959,873,295,777,24,504,581,653,407,287,518,934,681,27,209,935,634,785,452,419,257,586,289,421,865,342,555,692,250,19,751,63,55,821,45,781,594,675,828,355,377,6,870,844,906,197,978,358,323,314,492,623,930,43,458,117,583,217,485,190,478,293,519,577,286,262,188,644,101,69,843,396,85,798,472,498,875,180,276,461,35,788,848,471,264,597,30,891,603,688,929,510,922,839,370,716,945,356,66,127,210,89,237,512,414,147,619,155,989,269,49,38,566,522,194,413,876,778,811,783,853,790,917,862,687,480,78,829,679,11,121,748,706,525,261,278,467,915,824,379,7,626,111,26,834,787,612,549,205,529,354,486,64,307,160,191,709,310,221,363,573,669,822,883,704,351,337,710,902,643,439,284,641,943,402,246,702,661,812,646,629,488,8,254,474,722,674,588,187,881,348,682,899,61,74,602,362,211,741,366,331,412,455,673,572,133,268,299,87,836,258,4,514,963,898,700,125,794,86,328,499,46,128,958,10,222,985,384,869,37,508,664,65,990,151,723,388,534,182,397,476,913,438,148,633,535,908,797,475,32,302,858,47,505,542,336,279,312,863,655,731,212,771,652,303,57,373,218,330,663,841,122,283,423,708,116,166,805,123,749,936,463,770,949,616,228,849,100,157,758,698,527,925,543,154,489,909,267,957,640,599,720,901,705,691,324,733,142,233,403,451,411,589,507,756,981,496,565,174,677,972,341,214,352,524,77,948,717,371,939,531,784,338,255,3,427,772,630,680,445,667,433,381,376,347,113,207,966,970,686,890,374,119,97,639,860,272,398,81,799,503,734,219,14,500,760,361,162,234,739,192,114,131,552,517,665,747,703,429,482,694,277,657,298,607,554,90,400,457,879,701,224,184,546,203,560,830,759,991,944,300,364,585,39,615,325,905,426,556,916,48,955,719,628,444,240,728,178,988,1,199,108,95,969,914,827,435,380,386,138,236,301,718,436,31,570,321,736,401,169,75,568,693,982,547,637,792,106,153,868,405,803,447,213,678,815,892,316,953,263,249,442,200,304,711,50,696,58,750,115,247,776,608,346,168,551,446,479,796,339,244,780,469,399,761,526,333,16,635,41,730,490,93,825,220,424,360,183,695,256,253,833,699,15,431,871,409,973,753,441,418,712,885,859,651,227,368,593,714,491,462,430,631,521,28,578,768,17,933,13,76,296,456,120,495,557,124,960,20,610,139,974,707,786,448,265,288,72,773,271,918,672,428,44,392,470,231,306,611,808,752,613,569,146,22,150,539,36,167,82,642,2,449,806,189,559,649,416,141,437,343,73,408,394,239,541,919,92,165,156,53,375,763,305,516,172,738,874,215,105,826,548,193,536,659,406,532,947,5,320,230,309,638,181,96,766,223,840,206,389,814,713,866,129,795,877,530,880,894,614,872,270,976,513,126,715,241,404,292,562,171,662,226,80,252,604,454,275,658,88,789,950,888,60,886,487,971,443,726,600,537,327,326,946,757,954,266,697,689,550,571,924,99,349,390,502,903,846,764,897,132,329,196,130,735,422,391,382,645,137,21,938,545,601,59,956,493,965,729,79,587,34,878,910,523,359,596,591,308,459,574,804,104,533,912,927,501,56,540,558,281,968,350,724,576,621,216,54,809,683,484,225,365,291,144,779,134,163,855,410,453,282,238,810,84,923,186,161,175,765,986,235,732,468,68,647,595,632,109,676,793,112,743,791,625,762,515,208,964,509,782,800,605,9,617,861,807,432,769,857,563,91,802,636,895,887,564,582,561,179,755,294,671,94,335,940,816,118,140,315,229,921,280,987,481,319,18,832,248,904,340,71,317,744,575,801,395,285,202,12,460,465,817,185,52,961,62,145,477,245,746,896,313,259,367,415,567,297,931,40,737,42,774,952,980,511,851,434,622,690,754,618,856,378,344,584,624,882,911,23,149,937,369,823,620,854,845,177,813,273,464,544,992,318,666,984,83,820,740,893,983,580,158,353,251,135,818,928,494,742,25,372,889,322,648,685,311,332,159,450,864,775,204,417,660,725,528,473,847,852,962,654,385,727,579,383,656,420,201,152,650,900,867,290,51,837,393,975,173,440,668,110,907,334,538,67,232,143,553,102,942,70,670,941,606,926,357,850,838,842,920,977,932,767,107,198,136,884,387,506,497,170,242,684,967,951,195,425,609,590,466,745,592,29,274,835,33,520,98,345,627,243,483,
value : 491.714 running time : 53.826572
0 80 20
260 77.7522 16.2484
979 77.0445 16.2366
176 71.0425 16.1361
721 68.2665 16.0896
103 63.5793 16.0112
164 56.8215 16.4971
831 56.7415 16.5029
598 56.6628 16.5085
819 56.5609 16.5159
959 56.4587 16.5232
873 56.3475 16.5312
295 56.2667 16.537
777 56.1747 16.5436
24 56.0829 16.5502
504 55.9756 16.558
581 53.8376 16.7117
653 49.1607 17.048
407 45.673 17.2988
287 45.673 17.2988
518 45.673 17.2988
934 46.9504 22.4948
681 48.0873 27.119
27 48.5113 28.8434
209 48.8169 30.0863
935 49.1469 31.4285
634 49.45 32.6617
785 49.6041 33.2882
452 49.7711 33.9673
419 49.8212 34.1714
257 49.931 34.6179
586 50.0375 35.051
289 50.1615 35.5555
421 50.3372 36.2698
865 50.5112 36.9778
342 50.7204 37.8285
555 50.7204 37.8285
692 50.7204 37.8285
250 51.0039 37.8717
19 51.2811 37.914
751 51.562 37.9567
63 51.8234 37.9966
55 52.1224 38.0421
821 52.4086 38.0857
45 52.4785 38.0964
781 52.5403 38.1058
594 52.5991 38.1148
675 52.664 38.1246
828 52.7228 38.1336
355 52.7808 38.1424
377 52.8406 38.1516
6 52.9 38.1606
870 53.6762 39.2187
844 54.4147 40.2254
906 55.2337 41.3419
197 56.0714 42.4838
978 57.2976 44.1552
358 58.4481 45.7235
323 59.9355 47.751
314 59.9592 47.7846
492 59.9818 47.8167
623 60.0072 47.8526
930 60.0313 47.8868
43 60.0577 47.9243
458 60.0837 47.9611
117 60.8966 49.1138
583 61.6949 50.2457
217 61.6006 50.26
485 61.5253 50.2715
190 61.447 50.2834
478 61.3638 50.296
293 60.3086 50.4564
519 59.2921 50.6108
577 58.3958 50.747
286 57.644 50.8613
262 56.9313 50.9696
188 56.2643 51.0709
644 55.6297 51.1674
101 54.6859 51.3108
69 53.9778 51.4184
843 53.3543 51.5131
396 52.7935 51.5984
85 52.114 51.7016
798 51.3405 51.8192
472 50.6812 51.9193
498 50.0532 52.0148
875 49.4622 52.1046
180 48.6879 52.2222
276 48.1464 52.3045
461 47.5624 52.3933
35 47.0761 52.4672
788 37.8345 53.8715
848 37.9006 53.6325
471 37.9409 53.4868
264 37.984 53.3309
597 38.0294 53.1666
30 38.0699 53.0201
891 38.1146 52.8584
603 38.1601 52.6939
688 38.2061 52.5275
929 38.2523 52.3603
510 38.3002 52.187
922 38.5481 51.2901
839 38.8111 50.3385
370 39.255 48.7327
716 39.8492 46.5826
945 39.9934 46.061
356 40.1455 45.5107
66 40.2887 44.9928
127 40.1181 44.8999
210 39.945 44.8056
89 39.7585 44.7041
237 39.4637 44.4396
512 39.1393 44.1484
414 38.7592 43.8074
147 38.4849 43.5613
619 38.1903 43.297
155 37.9338 43.0668
989 37.6371 42.8006
269 37.3457 42.5391
49 37.0523 42.2759
38 36.7362 41.9922
566 36.4748 41.7577
522 36.2042 41.5149
194 35.8852 41.2287
413 35.5036 40.8863
876 35.1579 40.576
778 34.7888 40.2448
811 34.3175 39.8219
783 33.933 39.4769
853 33.5379 39.1224
790 33.1415 38.7667
917 32.7048 38.3748
862 32.2062 37.9275
687 31.5132 37.3057
480 30.8353 36.6974
78 29.9123 35.8692
829 29.8858 35.7129
679 29.8634 35.5803
11 29.8402 35.4434
121 29.814 35.2889
748 29.7931 35.1659
706 29.7694 35.0259
525 29.7426 34.8678
261 29.069 30.8873
278 29.0291 30.6516
467 28.9891 30.4154
915 28.9478 30.1717
824 28.9095 29.9457
379 28.8742 29.7375
7 28.8393 29.5312
626 28.5683 27.9306
111 28.348 26.6297
26 28.1683 25.5684
834 28.1683 25.5684
787 28.1683 25.5684
612 28.1683 25.5684
549 28.1683 25.5684
205 28.1683 25.5684
529 28.1683 25.5684
354 28.1683 25.5684
486 28.1683 25.5684
64 28.1683 25.5684
307 28.1683 25.5684
160 28.1682 25.5684
191 28.1682 25.5684
709 27.9254 24.1712
310 27.6389 22.5221
221 27.3223 22.1625
363 27.0205 21.8195
573 26.7667 21.5312
669 26.4916 21.2187
822 26.4916 21.2187
883 26.4916 21.2187
704 26.4916 21.2187
351 26.4916 21.2187
337 26.4916 21.2187
710 16.3893 17.5355
902 16.3893 17.5355
643 16.3893 17.5355
439 16.3893 17.5355
284 16.3893 17.5355
641 16.3893 17.5355
943 16.3893 17.5355
402 16.1621 17.4266
246 15.9636 17.3314
702 15.0645 16.9004
661 13.742 16.2664
812 12.0686 15.4641
646 12.0649 15.6148
629 12.0613 15.7575
488 12.0575 15.9115
8 12.0528 16.1025
254 12.0471 16.3309
474 12.0423 16.5272
722 12.0386 16.6768
674 12.027 17.1433
588 12.0156 17.607
187 12.0044 18.0593
881 11.9942 18.4726
348 11.9748 19.2558
682 11.955 20.0551
899 11.9335 20.9263
61 11.9156 21.6486
74 11.8819 23.0113
602 11.8559 24.06
362 11.8523 24.2072
211 11.8482 24.3721
741 11.8406 24.6782
366 11.8335 24.9674
331 11.8233 25.3803
412 11.8137 25.7684
455 11.8018 26.2469
673 11.7901 26.7188
572 11.7783 27.1974
133 11.7668 27.6631
268 11.7559 28.1024
299 11.7452 28.5342
87 11.7333 29.015
836 11.7236 29.4063
258 11.7142 29.7886
4 11.7031 30.2364
514 11.6914 30.7075
963 11.6805 31.1506
898 11.666 31.735
700 11.6459 32.5485
125 11.6286 33.2445
794 11.6132 33.8665
86 11.5821 35.1261
328 11.5186 37.6925
499 11.4996 38.4623
46 11.4891 38.8835
128 11.4783 39.3229
958 12.4344 39.606
10 13.4713 39.913
222 14.4491 40.2025
985 15.4983 40.5132
384 16.7304 40.878
869 18.6354 41.4421
37 18.8619 42.4846
508 19.0833 43.5032
664 19.0833 43.5032
65 19.0833 43.5032
990 19.0833 43.5032
151 19.0833 43.5032
723 19.0853 43.5147
388 19.0874 43.5259
534 19.0892 43.5361
182 19.0912 43.5474
397 19.0932 43.5586
476 19.0952 43.5695
913 19.0974 43.5817
438 19.0993 43.5922
148 19.1011 43.6026
633 19.1033 43.6147
535 19.1052 43.6254
908 19.1071 43.6359
797 19.1089 43.646
475 19.1108 43.6565
32 19.1126 43.6666
302 19.1148 43.6787
858 17.1893 44.9921
47 15.4074 46.2076
505 15.1672 46.3715
542 14.9399 46.5265
336 14.7182 46.6778
279 14.5094 46.8202
312 14.3064 46.9586
863 14.1156 47.0888
655 13.9321 47.214
731 13.6675 47.3945
212 13.4214 47.5623
771 13.1882 47.7214
652 12.9078 47.9127
303 12.6322 48.1006
57 12.3921 48.2644
373 12.1639 48.4201
218 11.9271 48.5816
330 11.7373 48.7111
663 11.5304 49.0807
841 11.2664 49.5523
122 10.9989 50.0301
283 10.9989 50.0301
423 11.0764 50.0843
708 11.1416 50.1299
116 11.211 50.1784
166 11.2925 50.2355
805 11.3755 50.2935
123 11.4501 50.3457
749 11.5267 50.3993
936 11.6073 50.4557
463 11.6827 50.5084
770 11.7598 50.5623
949 11.8435 50.6209
616 11.9136 50.67
228 11.9849 50.7199
849 12.0504 50.7657
100 12.2831 50.9285
157 12.5045 51.0833
758 13.1156 51.5108
698 13.6424 51.8794
527 14.0845 52.1886
925 14.7364 52.6447
543 17.376 54.4912
154 17.4187 54.5828
489 17.4673 54.6872
909 17.7091 55.2059
267 18.1925 56.2432
957 18.1731 56.2592
640 18.1519 56.2767
599 18.1294 56.2954
720 18.1071 56.3138
901 18.0856 56.3316
705 18.0637 56.3497
691 18.0412 56.3683
324 18.0214 56.3847
733 17.9994 56.4028
142 17.9785 56.4201
233 17.9562 56.4386
403 17.9351 56.456
451 17.9052 56.4807
411 17.8753 56.5054
589 17.8489 56.5273
507 17.8275 56.545
756 17.8046 56.5639
981 17.7774 56.5864
496 17.7521 56.6073
565 17.722 56.6322
174 17.6955 56.6541
677 17.6655 56.679
972 17.6381 56.7016
341 17.6104 56.7245
214 14.125 60.6692
352 13.9177 61.3222
524 13.5698 62.4184
77 13.274 63.3503
948 13.0583 64.03
717 12.8785 64.5963
371 12.7187 65.0999
939 12.5782 65.5426
531 12.5113 65.7533
784 12.4363 65.9895
338 12.3555 66.2441
255 12.281 66.4789
3 12.2097 66.7035
427 12.1337 66.9431
772 12.0679 67.1504
630 11.9874 67.4041
680 11.9048 67.6642
445 11.8234 67.9206
667 11.746 68.1645
433 11.6719 68.3979
381 11.6719 68.3979
376 11.6719 68.3979
347 11.6719 68.3979
113 11.6103 68.9939
207 11.5514 69.5639
966 11.5388 69.6856
970 11.5257 69.8119
686 11.5123 69.9423
890 11.4985 70.0755
374 11.4972 70.0883
119 11.496 70.0999
97 11.4946 70.1127
639 11.4932 70.1265
860 11.4919 70.1395
272 11.4907 70.1508
398 11.4894 70.1631
81 11.4881 70.1754
799 11.4868 70.1883
503 11.4854 70.202
734 11.4841 70.2142
219 11.4828 70.2272
14 11.4814 70.2405
500 11.48 70.2538
760 11.4789 70.2653
361 11.4774 70.2795
162 11.4761 70.2917
234 11.475 70.3027
739 11.4516 70.5289
192 11.4274 70.7633
114 11.4022 71.0065
131 11.3758 71.2616
552 11.3471 71.5401
517 11.32 71.8019
665 11.2929 72.0642
747 11.2682 72.3031
703 11.234 72.6341
429 11.1835 73.1223
482 11.1403 73.5404
694 11.0929 73.998
277 11.0455 74.4564
657 10.9933 74.9622
298 10.9437 75.4418
607 10.8958 75.9046
554 10.839 76.4542
90 10.7946 76.8832
400 10.7613 77.2059
457 10.7228 77.5778
879 10.6874 77.92
701 10.6399 78.3801
224 10.5862 78.8997
184 10.5242 79.499
546 10.464 80.0816
203 10.4081 80.6221
560 10.3552 81.1334
830 10.3015 81.6533
759 10.2441 82.2077
991 10.19 82.731
944 10.1244 83.366
300 10.0545 84.0425
364 9.98761 84.689
585 9.92564 85.2884
39 9.91009 85.4388
615 9.89818 85.554
325 9.88446 85.6867
905 9.86992 85.8273
426 9.8555 85.9668
556 9.84152 86.102
916 9.82407 86.2709
48 9.80749 86.4312
955 9.79042 86.5963
719 9.77205 86.774
628 9.75489 86.94
444 9.73818 87.1016
240 9.72189 87.2592
728 9.7048 87.4244
178 9.62659 88.181
988 9.52639 89.1503
1 9.53257 89.1488
199 9.53827 89.1474
108 9.54415 89.1459
95 9.54993 89.1444
969 9.55486 89.1432
914 9.56025 89.1419
827 9.56553 89.1406
435 9.57126 89.1391
380 9.57733 89.1376
386 9.58401 89.1359
138 9.58987 89.1345
236 9.5957 89.133
301 9.60148 89.1316
718 9.60751 89.1301
436 9.6137 89.1285
31 9.61966 89.127
570 9.62507 89.1257
321 9.63084 89.1242
736 9.63578 89.123
401 9.64101 89.1217
169 9.6466 89.1203
75 9.65218 89.1189
568 9.65765 89.1175
693 9.66326 89.1161
982 9.66898 89.1147
547 9.67413 89.1134
637 9.67968 89.1121
792 9.685 89.1107
106 9.69013 89.1094
153 9.69577 89.108
868 9.70091 89.1067
405 9.70662 89.1053
803 9.71252 89.1039
447 9.71808 89.1025
213 9.72332 89.1012
678 10.0091 89.0298
815 10.3184 88.9526
892 10.6027 88.8816
316 10.8778 88.8129
953 11.1379 88.748
263 11.436 88.6735
249 11.7786 88.588
442 12.049 88.5205
200 12.3096 88.4554
304 12.6071 88.3812
711 12.912 88.305
50 13.2739 88.2147
696 13.5906 88.1356
58 13.5906 88.1356
750 13.5906 88.1356
115 14.0688 87.7461
247 14.5408 87.3616
776 15.0641 86.9353
608 16.0969 86.094
346 16.8484 85.4818
168 17.2088 85.2969
551 17.5212 85.1367
446 17.8283 84.9793
479 18.2534 84.7612
796 18.6098 84.5785
339 18.9629 84.3974
244 19.2847 84.2323
780 19.6113 84.0648
469 19.9745 83.8786
399 20.3246 83.699
761 20.769 83.4711
526 21.2196 83.24
333 21.2196 83.24
16 21.2196 83.24
635 21.2196 83.24
41 21.2196 83.24
730 21.2196 83.24
490 21.3907 83.5258
93 21.5436 83.781
825 21.701 84.0439
220 21.8798 84.3426
424 22.1249 84.7519
360 22.3481 85.1247
183 22.5916 85.5313
695 22.8206 85.9136
256 23.0704 86.3309
253 23.2705 86.665
833 23.4523 86.9686
699 23.6298 87.2649
15 23.9875 87.8624
431 23.9975 87.8791
871 24.011 87.9015
409 24.023 87.9216
973 24.0333 87.9389
753 24.0798 88.0027
441 24.1261 88.0663
418 24.1661 88.1214
712 24.2114 88.1837
885 24.2573 88.2468
859 24.3054 88.3128
651 24.3549 88.3809
227 24.4033 88.4475
368 24.4306 88.4495
593 24.456 88.4514
714 24.4819 88.4533
491 24.5076 88.4552
462 24.5329 88.457
430 24.5626 88.4592
631 24.5903 88.4613
521 24.6158 88.4631
28 24.6424 88.4651
578 24.6664 88.4669
768 24.6896 88.4686
17 24.7124 88.4703
933 24.7379 88.4721
13 24.7649 88.4741
76 24.7956 88.4764
296 24.8238 88.4785
456 24.8472 88.4802
120 24.8738 88.4821
495 24.8954 88.4837
557 24.9218 88.4857
124 27.4215 88.6697
960 28.795 88.7708
20 29.7809 88.8434
610 30.7782 88.9168
139 31.8327 88.9945
974 32.0215 89.0084
707 32.1181 89.0155
786 32.211 89.0223
448 32.3156 89.03
265 32.409 89.0369
288 32.4367 89.0389
72 32.4763 89.0419
773 32.5099 89.0443
271 32.5459 89.047
918 32.5792 89.0494
672 32.6133 89.0519
428 32.6471 89.0544
44 32.6816 89.057
392 32.7239 89.0601
470 32.7611 89.0628
231 32.796 89.0654
306 32.8286 89.0678
611 32.8698 89.0708
808 33.259 89.0995
752 33.6584 89.1289
613 34.0168 89.1553
569 34.3634 89.1808
146 34.668 89.2032
22 34.9787 89.226
150 35.2749 89.2478
539 35.6071 89.2723
36 35.8835 89.2926
167 36.6623 89.3499
82 37.9609 89.4456
642 38.8113 89.5082
2 38.9192 89.5161
449 39.0507 89.5258
806 39.1669 89.5343
189 39.3088 89.5448
559 39.4577 89.5557
649 39.5823 89.5649
416 39.7128 89.5745
141 39.8345 89.5835
437 39.9843 89.5945
343 40.1297 89.6052
73 40.25 89.6141
408 40.442 89.6282
394 40.5863 89.6388
239 40.7485 89.6507
541 40.897 89.6617
919 40.8995 89.6449
92 40.9015 89.6315
165 40.9032 89.6194
156 40.9052 89.6062
53 40.9073 89.5922
375 40.9094 89.5779
763 40.9117 89.5623
305 40.9139 89.5469
516 40.9161 89.5321
172 40.9184 89.517
738 40.9203 89.5037
874 40.9225 89.4891
215 40.9252 89.4706
105 40.9272 89.4573
826 40.9298 89.4395
548 40.9318 89.426
193 40.9341 89.4108
536 40.936 89.3979
659 40.9381 89.3834
406 40.94 89.3705
532 40.9417 89.3591
947 40.9755 89.1301
5 41.0034 88.9414
320 41.0413 88.6846
230 41.0744 88.4605
309 41.1099 88.2198
638 41.1465 87.9722
181 41.182 87.7314
96 41.2229 87.4547
766 41.2916 86.9894
223 41.4459 85.9441
840 41.4459 85.9441
206 41.4459 85.9441
389 41.4459 85.9441
814 41.4459 85.9441
713 41.4459 85.9441
866 41.4459 85.9441
129 41.4459 85.9441
795 41.4459 85.9441
877 41.4459 85.9441
530 41.4459 85.9441
880 41.4459 85.9441
894 37.5725 81.4349
614 37.5725 81.4349
872 37.5725 81.4349
270 37.5725 81.4349
976 37.5725 81.4349
513 37.5725 81.4349
126 37.5725 81.4349
715 33.071 76.9023
241 33.046 76.892
404 33.0202 76.8815
292 32.9967 76.8718
562 32.9733 76.8622
171 32.4516 76.6482
662 31.9021 76.4227
226 31.3738 76.206
80 30.8213 75.9793
252 30.1247 75.6935
604 29.3614 75.3803
454 28.6357 75.0826
275 27.8501 74.7603
658 27.226 74.5042
88 26.6156 74.2538
789 26.5769 74.0087
950 26.5407 73.779
888 26.506 73.559
60 26.4734 73.3518
886 26.4388 73.1325
487 26.3982 72.8754
971 26.3544 72.5972
443 26.3194 72.3752
726 26.2812 72.1329
600 26.2419 71.884
537 26.2048 71.6487
327 26.1652 71.3975
326 26.1315 71.1834
946 26.0959 70.958
757 26.0609 70.736
954 26.0166 70.4549
266 25.9671 70.1407
697 25.9226 69.8585
689 25.8697 69.523
550 25.8146 69.1733
571 25.7401 68.7009
924 25.6707 68.2607
99 25.6053 67.8459
349 25.531 67.3748
390 25.4654 66.959
502 25.4041 66.5696
903 25.3138 65.9974
846 25.2225 65.4178
764 25.1307 64.8357
897 25.0578 64.3732
132 24.9874 63.9269
329 24.9092 63.431
196 24.8298 62.9275
130 25.1522 62.4947
735 25.5506 61.9597
422 25.9115 61.475
391 26.2735 60.9888
382 26.6034 61.0567
645 26.9349 61.125
137 27.2221 61.1841
21 27.4854 61.2383
938 27.6914 61.2807
545 27.9912 61.3424
601 28.2764 61.4011
59 28.5937 61.4664
956 28.9071 61.531
493 29.3102 61.6139
965 29.6442 61.6827
729 29.9849 61.7528
79 30.344 61.8267
587 30.7258 61.9053
34 31.1253 61.9876
878 31.6213 62.0897
910 32.0855 62.1852
523 32.4691 62.2642
359 32.5802 62.2871
596 32.7036 62.3125
591 32.8208 62.3366
308 32.9461 62.3624
459 33.0751 62.3889
574 33.1842 62.4114
804 33.3179 62.4389
104 33.4334 62.4627
533 33.5494 62.4866
912 33.6565 62.5086
927 33.7593 62.5298
501 35.2327 62.8331
56 37.2126 63.2406
540 39.1079 63.6308
558 39.8907 63.7919
281 40.617 63.9414
968 41.3659 64.0956
350 41.6856 64.1614
724 41.9935 64.2248
576 42.3141 64.2907
621 42.6689 64.3638
216 43.0358 64.4393
54 43.3279 64.4994
809 43.6553 64.5668
683 44.0431 64.6467
484 44.4302 64.7263
225 44.7689 64.7961
365 45.1022 64.8647
291 45.4945 64.9454
144 45.959 65.041
779 46.3958 65.1309
134 46.8268 65.2197
163 47.2486 65.3065
855 47.7446 65.4086
410 48.1879 65.4998
453 48.7093 65.6072
282 49.1963 65.7074
238 49.69 65.809
810 49.69 65.809
84 49.69 65.809
923 49.69 65.809
186 49.69 65.809
161 49.7305 65.8317
175 49.7657 65.8514
765 49.811 65.8767
986 50.3133 66.1576
235 50.7254 66.3882
732 51.1233 66.6107
468 52.7201 67.5039
68 54.2732 68.3725
647 54.2515 68.4523
595 54.2276 68.54
632 54.2003 68.64
109 54.1779 68.7224
676 54.1575 68.7974
793 54.1372 68.8718
112 54.032 69.2579
743 53.9419 69.5888
791 53.8508 69.923
625 53.7552 70.2739
762 53.6387 70.7019
515 53.5179 71.1452
208 53.3822 71.6431
964 53.2519 72.1218
509 53.0831 72.7411
782 52.9176 73.3488
800 52.7716 73.8846
605 52.6367 74.3798
9 52.4795 74.957
617 52.3271 75.5163
861 52.123 76.2657
807 51.9561 76.8782
432 51.956 76.8788
769 51.9558 76.8795
857 51.9556 76.8802
563 51.9554 76.8809
91 51.9552 76.8816
802 51.955 76.8824
636 51.9548 76.8831
895 51.9546 76.8838
887 51.9544 76.8845
564 51.9542 76.8852
582 51.954 76.8858
561 51.9538 76.8866
179 52.3002 77.035
755 52.626 77.1746
294 52.9745 77.3238
671 53.3884 77.5012
94 53.7625 77.6614
335 54.1422 77.8241
940 54.509 77.9812
816 54.8961 78.147
118 55.2385 78.2937
140 55.4826 78.3983
315 55.7388 78.508
229 55.9947 78.6176
921 56.2388 78.7222
280 56.5072 78.8372
987 56.7839 78.9557
481 57.0608 79.0743
319 57.0608 79.0743
18 57.1374 79.0742
832 57.2058 79.0741
248 57.2712 79.0741
904 57.36 79.074
340 57.436 79.0739
71 59.0981 82.0167
317 59.1145 82.3216
744 59.1291 82.5938
575 59.1882 83.6923
801 59.2448 84.745
395 59.307 85.9018
285 59.3795 87.2497
202 59.3795 87.2497
12 59.3795 87.2497
460 59.3795 87.2497
465 59.1519 87.9787
817 58.7794 89.1721
185 58.4911 90.0955
52 58.2345 90.9174
961 58.0012 91.6646
62 58.0824 91.653
145 58.1797 91.6391
477 58.2514 91.6289
245 58.3137 91.62
746 58.3796 91.6106
896 58.4597 91.5991
313 58.5427 91.5873
259 58.6278 91.5751
367 58.7093 91.5634
415 58.7963 91.551
567 58.8927 91.5372
297 58.9809 91.5246
931 59.0542 91.5142
40 59.1192 91.5049
737 59.1921 91.4944
42 59.2695 91.4834
774 59.3335 91.4742
952 59.4058 91.4639
980 59.4805 91.4532
511 59.5532 91.4428
851 59.6383 91.4307
434 59.7222 91.4187
622 59.8228 91.4043
690 59.8962 91.3938
754 59.971 91.3831
618 60.0477 91.3722
856 60.1314 91.3602
378 60.2195 91.3476
344 60.2848 91.3383
584 60.3615 91.3273
624 60.4354 91.3167
882 60.5166 91.3051
911 60.9071 91.2493
23 61.2998 91.1932
149 62.5701 91.0116
937 63.3896 90.8945
369 63.819 90.8331
823 64.5107 90.7343
620 65.1355 90.6449
854 65.7847 90.5522
845 66.3075 90.4774
177 66.8148 90.4049
813 67.4216 90.3182
273 67.9141 90.2478
464 68.4624 90.1694
544 69.061 90.0839
992 69.6409 90.001
318 70.3708 89.8967
666 71.0711 89.7966
984 71.6881 89.7084
83 72.9049 89.5345
820 74.1854 89.3514
740 75.2651 89.1971
893 75.922 89.1032
983 76.5697 89.0107
580 76.843 88.9716
158 77.1685 88.9251
353 77.5331 88.873
251 77.9375 88.8152
135 78.6858 88.7082
818 79.5228 88.5886
928 80.7905 88.4074
494 81.6986 87.4224
742 83.1648 85.8322
25 84.9751 83.8688
372 85.9908 82.7671
889 85.7857 82.5386
322 85.5437 82.2692
648 85.2742 81.9691
685 85.0512 81.7209
311 84.7553 81.3914
332 84.447 81.0482
159 84.2353 80.8124
450 84.0195 80.5721
864 83.8068 80.3354
775 83.5854 80.0888
204 83.4493 79.9373
417 83.306 79.7777
660 83.1802 79.6376
725 83.0396 79.4811
528 82.8609 79.2821
473 82.7086 79.1126
847 71.4993 66.632
852 71.469 66.5434
962 71.4436 66.4689
654 71.4185 66.3954
385 71.3929 66.3207
727 71.3664 66.2432
579 71.34 66.1657
383 71.31 66.0779
656 71.2782 65.9849
420 71.2517 65.9076
201 71.2278 65.8374
152 71.203 65.765
650 71.1772 65.6895
900 71.1538 65.6211
867 71.1292 65.5489
290 71.1048 65.4777
51 71.0796 65.4038
837 71.0521 65.3232
393 71.0217 65.2345
975 70.9949 65.1561
173 70.966 65.0715
440 70.9365 64.9849
668 71.0161 64.2109
110 71.1339 63.0655
907 71.26 61.84
334 71.3824 60.651
538 71.5005 59.5031
67 71.6199 58.3425
232 71.9668 54.9708
143 71.9925 54.7219
553 72.0149 54.5033
102 72.0368 54.2912
942 72.0603 54.0626
70 72.0866 53.8072
670 72.112 53.5602
941 72.1331 53.3552
606 72.1599 53.0943
926 72.1704 52.9929
357 72.1809 52.8903
850 73.0025 52.7491
838 73.8504 52.6035
842 74.4066 52.5079
920 75.285 52.357
977 76.0615 52.2236
932 76.6178 52.128
767 77.1513 52.0364
107 81.0659 51.3637
198 81.9487 51.212
136 82.8199 51.0624
884 83.6548 50.9189
387 84.3871 50.7931
506 85.2844 50.6389
497 86.1736 50.4862
170 86.1294 50.1016
242 86.085 49.7158
684 86.0399 49.323
967 85.922 48.2982
951 85.7982 47.2213
195 85.6654 46.0662
425 85.539 44.9675
609 85.3643 43.4484
590 85.2334 42.3097
466 85.136 41.463
745 85.1778 40.8889
592 85.2171 40.3491
29 85.2645 39.6979
274 85.3925 37.9384
835 85.5348 35.9826
33 85.7103 33.5705
520 85.876 31.2942
98 86.1126 28.0423
345 86.4508 23.3942
627 86.647 20.6982
243 86.7745 18.9449
483 86.837 18.087
