0,260,979,345,483,627,243,590,98,33,835,520,497,107,170,387,136,195,684,242,920,951,506,884,670,198,977,745,274,592,941,942,838,323,466,932,606,190,29,425,609,967,553,102,152,334,440,485,293,357,650,926,70,188,143,623,583,907,656,35,396,538,842,767,850,519,217,644,186,117,85,232,675,870,875,843,594,468,945,461,923,262,492,848,688,104,597,804,267,147,778,839,49,237,645,788,640,876,493,390,30,269,891,929,522,596,210,471,912,922,576,765,281,127,308,89,732,501,809,533,410,163,621,54,225,21,370,56,235,498,715,459,286,264,101,175,161,577,743,793,968,810,432,921,832,683,540,826,453,769,857,976,126,193,94,855,112,987,782,248,91,208,563,558,762,617,964,282,9,676,144,636,280,671,861,895,986,582,523,632,791,109,727,802,134,484,84,216,515,894,625,798,513,779,238,900,668,605,654,509,931,478,393,315,71,290,18,744,647,340,83,904,837,937,420,110,201,385,383,51,67,847,962,867,68,595,173,460,528,579,818,332,775,975,852,450,648,473,311,204,660,889,25,159,322,685,372,983,854,820,742,893,813,158,725,928,135,149,622,52,544,251,494,864,666,481,740,353,580,417,992,145,318,464,624,313,584,477,984,567,177,801,406,378,317,887,273,620,817,285,845,42,344,465,575,297,800,320,415,940,12,880,335,851,823,754,395,737,40,229,659,389,896,202,911,618,961,980,259,947,185,140,530,82,23,511,434,882,319,118,367,62,536,129,532,541,245,449,408,755,179,746,856,952,774,690,816,369,239,516,559,5,105,305,156,713,807,874,866,564,448,375,165,265,974,766,92,241,437,215,569,309,271,613,53,181,707,230,795,206,840,642,146,814,614,22,294,562,20,470,394,752,548,960,773,738,96,139,231,763,343,918,561,72,416,877,288,28,611,141,490,296,256,806,919,672,539,649,878,359,591,172,292,526,350,266,333,327,291,404,910,571,270,223,689,578,724,537,80,454,965,171,365,220,789,662,189,697,550,658,604,252,226,574,757,275,726,635,469,41,924,946,487,326,479,184,88,825,443,888,60,730,950,16,927,600,124,99,768,392,872,593,495,115,13,859,167,73,696,761,885,871,36,833,368,610,183,424,954,418,306,409,631,441,2,714,430,651,491,227,76,253,50,456,120,638,44,786,808,428,521,150,608,169,914,108,776,401,138,399,200,444,435,973,93,300,436,15,386,933,247,244,712,695,236,718,637,982,446,988,736,892,750,678,585,380,711,628,827,199,699,815,780,753,203,447,462,916,364,213,39,803,969,868,547,316,953,301,304,405,95,693,557,249,58,442,263,48,321,1,106,546,560,17,955,792,153,759,568,75,607,503,570,298,551,168,360,502,886,426,554,361,207,500,219,944,240,339,796,178,701,879,400,224,890,429,90,830,431,719,31,325,905,433,970,966,411,615,77,457,728,630,799,427,3,255,14,772,374,196,347,97,162,657,517,113,119,114,665,860,556,639,680,445,667,991,948,524,277,346,686,717,371,939,531,784,694,338,234,739,747,381,764,760,81,272,703,132,589,131,482,376,734,130,192,34,552,925,59,233,324,698,846,398,756,599,913,603,956,545,938,137,79,901,957,705,903,507,349,587,729,329,382,677,771,735,496,565,174,403,972,601,981,733,720,897,451,971,7,142,748,37,397,510,525,989,302,529,543,612,180,194,486,413,869,723,692,414,619,278,508,549,535,679,811,11,191,121,151,783,205,787,388,65,354,602,664,836,655,687,38,829,706,125,858,384,438,797,908,475,148,633,758,212,32,47,949,373,303,542,505,909,218,336,527,422,100,841,616,228,770,936,749,123,805,423,116,128,691,214,352,489,391,166,157,341,463,663,849,708,122,154,222,990,312,279,731,652,57,534,182,283,330,863,78,46,328,499,514,476,86,985,700,943,572,794,710,4,258,474,661,402,673,299,898,87,958,412,10,133,74,641,187,331,268,881,674,254,488,629,455,8,812,722,741,366,61,211,899,646,963,362,348,682,588,518,26,653,287,643,351,407,704,669,64,883,626,111,702,363,379,709,439,284,307,160,902,934,834,915,573,337,246,221,824,822,261,310,472,69,480,276,356,197,209,66,155,917,452,586,467,566,342,512,257,862,790,935,421,853,681,63,19,906,289,43,930,355,785,873,865,164,358,716,377,314,458,844,959,634,751,828,978,821,45,831,555,250,781,6,27,55,419,176,504,819,777,24,721,103,581,295,598,
value : 446.969 running time : 293.300412
0 80 20
260 86.2682 17.5917
979 86.2683 17.5917
345 86.2683 17.5917
483 86.2684 17.5916
627 86.2775 18.4524
243 86.2866 19.307
590 86.3769 27.918
98 86.4103 31.0918
33 86.4469 34.56
835 86.488 38.4657
520 86.5237 41.8563
497 86.6085 49.9397
107 86.0902 50.0221
170 85.5343 50.1104
387 84.9393 50.205
136 84.3872 50.2927
195 83.8258 50.3819
684 83.3107 50.4638
242 82.7838 50.5475
920 82.2512 50.6321
951 81.741 50.7132
506 81.2064 50.7981
884 80.545 50.9032
670 79.7656 51.0271
198 79.161 51.1232
977 78.5196 51.2251
745 77.7885 51.3413
274 77.3023 51.4186
592 76.6081 51.5289
941 75.9074 51.6403
942 75.2364 51.7469
838 74.6637 51.8379
323 73.9932 51.9445
466 73.5217 52.252
932 72.9534 52.6226
606 72.3881 52.9912
190 72.2354 53.0908
29 72.1011 53.1783
425 71.9511 53.2762
609 71.7968 53.3768
967 71.0957 53.834
553 70.3246 54.3368
102 69.5146 54.865
152 68.7069 55.3916
334 67.4816 55.5164
440 64.7378 55.7957
485 64.6708 55.6654
293 64.6068 55.5409
357 64.5392 55.4094
650 64.4875 55.3087
926 64.4225 55.1822
70 64.3636 55.0676
188 64.3069 54.9573
143 64.2471 54.8409
623 64.193 54.7357
583 64.143 54.6383
907 64.0924 54.5398
656 64.0366 54.4312
35 63.9794 54.3201
396 63.9187 54.202
538 63.861 54.0897
842 63.7983 53.9677
767 63.7413 53.8567
850 63.6807 53.7388
519 63.6173 53.6155
217 63.5518 53.4881
644 63.5327 53.4508
186 63.5146 53.4156
117 63.4953 53.3781
85 63.4757 53.34
232 63.4542 53.298
675 62.9964 53.2487
870 55.8982 53.8611
875 55.8982 53.8611
843 55.8982 53.8611
594 55.8982 53.8611
468 53.4345 54.5811
945 51.5738 55.1249
461 49.9175 55.609
923 48.9136 55.9024
262 47.9157 56.1941
492 46.7709 56.5287
848 45.4362 56.9188
688 38.8042 58.8561
104 38.808 58.9075
597 38.8113 58.9528
804 38.8145 58.9958
267 38.8173 59.0328
147 38.8201 59.0704
778 38.8231 59.1115
839 38.8264 59.1566
49 38.8295 59.1978
237 38.833 59.2446
645 38.8365 59.2924
788 38.8397 59.3349
640 38.8426 59.3749
876 38.8454 59.4132
493 38.8529 59.5134
390 38.8599 59.6086
30 38.8658 59.688
269 38.8714 59.7639
891 38.8786 59.8613
929 38.8861 59.9628
522 38.8933 60.0597
596 38.9021 60.1787
210 38.9092 60.2744
471 38.9173 60.384
912 38.9253 60.4919
922 38.933 60.5957
576 38.9413 60.707
765 38.9492 60.814
281 38.9566 60.9144
127 38.9643 61.0182
308 38.973 61.1358
89 38.9805 61.2366
732 38.989 61.3524
501 38.9977 61.4687
809 39.4509 61.7414
533 39.9299 62.0297
410 40.4375 62.3351
163 40.8976 62.612
621 41.329 62.8716
54 41.7646 63.1337
225 42.2327 63.4153
21 42.6496 63.6663
370 43.1483 63.9663
56 43.8117 64.3655
235 44.5255 64.795
498 45.1295 65.1585
715 45.7831 65.5518
459 46.5014 65.984
286 47.3068 66.4687
264 47.3925 66.5859
101 47.4828 66.7094
175 47.5925 66.8594
161 47.702 67.0093
577 47.8101 67.1571
743 47.9306 67.3219
793 48.0476 67.4819
968 48.3547 67.9021
810 48.6516 68.3082
432 49.0054 68.7922
921 49.2985 69.1931
832 49.5666 69.5598
683 49.686 69.7232
540 49.8378 69.9308
826 50.0003 70.1532
453 50.1363 70.3392
769 50.2857 70.5435
857 50.4239 70.7325
976 50.5564 70.9138
126 50.7098 71.1238
193 50.8434 71.3064
94 50.9606 71.3124
855 51.0722 71.3182
112 51.1905 71.3242
987 51.3015 71.3299
782 51.399 71.3349
248 51.4966 71.34
91 51.606 71.3456
208 51.716 71.3512
563 51.814 71.3562
558 51.9191 71.3616
762 52.0418 71.3679
617 52.1494 71.3735
964 52.259 71.3791
282 52.3614 71.3843
9 52.4627 71.3895
676 52.5547 71.3943
144 52.657 71.3995
636 52.7782 71.4057
280 52.9085 71.4124
671 53.0334 71.4188
861 53.1436 71.4245
895 53.2583 71.4304
986 53.3753 71.4364
582 53.4981 71.4427
523 53.6103 71.4484
632 53.921 71.4644
791 54.2218 71.4798
109 54.5385 71.4961
727 54.8597 71.5126
802 54.8767 71.5135
134 54.8945 71.5144
484 54.9152 71.5154
84 54.9377 71.5166
216 54.959 71.5177
515 54.9815 71.5188
894 55.0006 71.5198
625 55.0228 71.521
798 55.043 71.522
513 55.2178 71.531
779 55.4119 71.5409
238 58.6364 71.7068
900 61.6936 71.864
668 61.9363 71.8764
605 62.1836 71.8891
654 62.4462 71.9026
509 62.6907 71.9151
931 62.941 71.928
478 63.2049 71.9415
393 63.4463 71.9539
315 63.6832 71.9661
71 63.9531 71.9799
290 64.1957 71.9923
18 64.4268 72.0042
744 64.6695 72.0166
647 64.8999 72.0285
340 65.1434 72.041
83 65.3938 72.0538
904 65.6307 72.066
837 65.8772 72.0786
937 66.1144 72.0908
420 66.3452 72.1026
110 67.4473 72.7279
201 68.4724 73.3094
385 68.8047 73.4978
383 69.0625 73.6441
51 69.2034 73.724
67 69.3426 73.803
847 69.4959 73.8899
962 69.664 73.9853
867 69.8242 74.0761
68 69.9809 74.165
595 70.233 74.308
173 70.7074 74.5771
460 71.3144 74.9214
528 72.533 75.6127
579 72.7911 75.759
818 73.0563 75.9095
332 73.3103 76.0536
775 73.5412 76.1845
975 73.7668 76.3125
852 74.0152 76.4534
450 84.8496 82.6001
648 84.967 82.6948
473 85.0864 82.7912
311 85.1914 82.8758
204 85.2963 82.9605
660 85.4124 83.0542
889 85.522 83.1426
25 85.6211 83.2226
159 85.7057 83.2909
322 85.8126 83.3771
685 85.9158 83.4604
372 86.0105 83.5369
983 81.6124 88.0136
854 81.6123 88.0138
820 81.6121 88.0139
742 81.612 88.0141
893 81.6118 88.0143
813 81.6116 88.0144
158 81.6115 88.0146
725 81.6113 88.0147
928 81.6112 88.0149
135 78.0704 88.0848
149 75.2107 88.1412
622 74.8489 88.1483
52 74.5309 88.1545
544 74.295 88.1591
251 74.0813 88.1633
494 73.8808 88.1673
864 73.6681 88.1714
666 73.4447 88.1758
481 73.225 88.1801
740 73.0249 88.1841
353 72.6945 88.1905
580 72.3722 88.1969
417 70.7117 88.2295
992 68.3604 88.2759
145 66.7735 88.3071
318 65.1429 88.3392
464 62.3597 88.394
624 59.1446 88.4574
313 59.1375 88.4575
584 59.1309 88.4576
477 59.1247 88.4578
984 59.1181 88.4579
567 59.1114 88.458
177 59.1046 88.4582
801 59.0978 88.4583
406 59.0903 88.4584
378 59.0841 88.4586
317 59.0773 88.4587
887 59.0702 88.4588
273 59.0638 88.459
620 59.0573 88.4591
817 58.9748 88.4607
285 58.8929 88.4624
845 58.5926 88.4683
42 58.2867 88.4744
344 57.9838 88.4804
465 57.9622 88.4809
575 57.3328 88.4933
297 56.6269 88.5072
800 56.1468 88.5166
320 56.1463 88.5166
415 56.1459 88.5166
940 56.1455 88.5167
12 56.1451 88.5167
880 56.1446 88.5167
335 56.1442 88.5167
851 56.1438 88.5167
823 56.1435 88.5167
754 55.7123 88.5317
395 55.3039 88.546
737 54.8334 88.5624
40 54.3221 88.5802
229 53.8195 88.5977
659 53.2602 88.6171
389 52.8054 88.633
896 52.7262 88.6357
202 52.6429 88.6386
911 52.5536 88.6418
618 52.4536 88.6452
961 52.3545 88.6487
980 52.268 88.6517
259 52.1782 88.6548
947 52.085 88.6581
185 51.9977 88.6611
140 51.8857 88.665
530 51.7742 88.6689
82 51.6721 88.6725
23 51.5868 88.6754
511 51.4901 88.6788
434 51.3941 88.6822
882 51.2946 88.6856
319 51.1937 88.6891
118 51.1034 88.6923
367 51.003 88.6958
62 50.8964 88.6995
536 50.7863 88.7033
129 50.6753 88.7072
532 50.5857 88.7103
541 50.4935 88.7135
245 50.4031 88.7167
449 50.3022 88.7202
408 50.2198 88.7231
755 50.1346 88.726
179 50.056 88.7288
746 49.9752 88.7316
856 49.8983 88.7343
952 49.6291 88.7437
774 49.3556 88.7532
690 49.0899 88.7625
816 48.8024 88.7725
369 48.4301 88.7854
239 47.9565 88.8019
516 47.5361 88.8166
559 47.099 88.8318
5 46.7051 88.8455
105 46.3368 88.8584
305 45.9627 88.8714
156 45.5864 88.8845
713 45.1913 88.8983
807 44.7897 88.9123
874 44.4197 88.9252
866 44.0614 88.9377
564 43.7039 88.9501
448 43.3209 88.9635
375 42.9905 88.975
165 42.6393 88.9872
265 42.2557 89.0006
974 41.9947 89.0097
766 41.8001 89.0165
92 41.6014 89.0234
241 41.4256 89.0295
437 41.2453 89.0358
215 41.0615 89.0422
569 40.8683 89.0489
309 40.6761 89.0556
271 40.4773 89.0626
613 40.2976 89.0688
53 40.1288 89.0747
181 39.9544 89.0808
707 39.7788 89.0869
230 39.6109 89.0928
795 39.444 89.0986
206 39.2952 89.1038
840 39.1397 89.1092
642 38.9838 89.1146
146 38.7397 89.1231
814 38.5251 89.1306
614 38.2805 89.1391
22 38.0399 89.1475
294 37.816 89.1553
562 37.5483 89.1647
20 35.0449 89.2519
470 34.958 89.2549
394 34.8742 89.2578
752 34.7834 89.261
548 34.6955 89.2641
960 34.6032 89.2673
773 34.5202 89.2702
738 34.4367 89.2731
96 34.3502 89.2761
139 34.2695 89.2789
231 34.1902 89.2817
763 34.1137 89.2843
343 34.028 89.2873
918 33.924 89.2909
561 33.8326 89.2941
72 33.7253 89.2979
416 33.624 89.3014
877 33.5096 89.3054
288 33.3855 89.3097
28 33.3855 89.3097
611 33.3855 89.3097
141 33.2908 88.3168
490 33.205 87.4174
296 33.1297 86.6283
256 33.0652 85.9523
806 32.9997 85.2659
919 32.9414 84.6548
672 32.8829 84.0425
539 32.8173 83.3541
649 32.6276 81.3666
878 32.4332 79.329
359 32.3326 78.2749
591 32.319 78.132
172 32.307 78.006
292 32.2694 77.6117
526 32.2268 77.1652
350 32.1935 76.817
266 32.161 76.4758
333 32.13 76.1512
327 32.0953 75.7873
291 32.067 75.4912
404 32.0335 75.5122
910 31.9983 75.5344
571 31.9593 75.5588
270 31.9214 75.5826
223 31.883 75.6067
689 31.8472 75.6292
578 31.8101 75.6525
724 31.7801 75.6713
537 31.7452 75.6933
80 31.7147 75.7124
454 31.6787 75.735
965 31.6467 75.7551
171 31.6152 75.7748
365 31.5791 75.7975
220 31.3697 75.929
789 31.2294 76.017
662 31.0982 76.0994
189 30.9563 76.1884
697 30.7999 76.2866
550 30.6572 76.3762
658 30.5276 76.4575
604 30.4068 76.5334
252 30.2855 76.6095
226 30.1544 76.6918
574 30.0085 76.7834
757 29.8575 76.8781
275 29.7192 76.965
726 29.5835 77.0501
635 29.4603 77.1275
469 29.3332 77.2072
41 29.3332 77.2072
924 29.3332 77.2073
946 29.1341 77.5928
487 28.9394 77.9699
326 28.7771 78.2842
479 28.6261 78.5766
184 28.4759 78.8674
88 28.3423 79.1262
825 28.2541 79.2971
443 28.1786 79.4431
888 28.1038 79.5881
60 28.025 79.7407
730 27.9466 79.8925
950 27.8623 80.0558
16 27.7774 80.2201
927 27.6951 80.3795
600 27.3587 81.0309
124 26.9081 81.9035
99 26.3637 82.9579
768 24.0636 87.413
392 24.0636 87.413
872 24.0418 87.4203
593 23.9879 87.4385
495 23.9322 87.4573
115 23.8806 87.4746
13 23.8298 87.4918
859 23.7802 87.5085
167 23.73 87.5253
73 23.68 87.5422
696 23.6282 87.5596
761 23.5763 87.5771
885 23.5237 87.5948
871 23.472 87.6123
36 23.4208 87.6295
833 23.3679 87.6473
368 23.3162 87.6647
610 23.2656 87.6818
183 23.2127 87.6996
424 23.1614 87.7168
954 23.1113 87.7337
418 23.0609 87.7507
306 23.0116 87.7673
409 22.9612 87.7842
631 22.9104 87.8013
441 22.859 87.8187
2 22.8093 87.8354
714 22.7572 87.853
430 22.7572 87.853
651 22.7572 87.853
491 22.7572 87.853
227 22.7572 87.853
76 22.7572 87.853
253 22.7572 87.853
50 22.7572 87.853
456 22.7572 87.853
120 22.7572 87.853
638 22.7572 87.853
44 22.7572 87.853
786 22.7572 87.853
808 22.7572 87.853
428 21.9414 87.9641
521 21.0401 88.0869
150 19.9661 88.2332
608 17.432 88.578
169 15.2959 88.8686
914 14.8222 88.9332
108 14.4186 88.9882
776 14.0383 89.04
401 13.6481 89.0932
138 13.329 89.1367
399 13.0184 89.179
200 12.693 89.2234
444 12.3909 89.2646
435 12.0927 89.3052
973 11.8758 89.3348
93 11.6576 89.3645
300 11.4253 89.3962
436 11.3398 89.4079
15 11.2564 89.4192
386 11.1625 89.432
933 11.071 89.4445
247 10.9726 89.4579
244 10.8809 89.4704
712 10.7799 89.4842
695 10.6743 89.4986
236 10.5543 89.515
718 10.4414 89.5303
637 10.3334 89.5451
982 10.2292 89.5593
446 10.1204 89.5741
988 10.006 89.5897
736 10.0068 89.5818
892 10.0076 89.5743
750 10.0082 89.5679
678 10.0089 89.5609
585 10.0097 89.5538
380 10.0104 89.5465
711 10.0112 89.5385
628 10.0121 89.5301
827 10.0128 89.5229
199 10.0137 89.5146
699 10.0146 89.506
815 10.0154 89.4979
780 10.0162 89.4899
753 10.0169 89.483
203 10.0177 89.4758
447 10.0184 89.4692
462 10.0191 89.462
916 10.0198 89.4546
364 10.0205 89.4483
213 10.0211 89.4422
39 10.0402 89.2564
803 10.0605 89.0579
969 10.08 88.8681
868 10.0998 88.6757
547 10.122 88.4593
316 10.1434 88.2505
953 10.1636 88.0537
301 10.1843 87.8516
304 10.2048 87.6516
405 10.2258 87.4471
95 10.2495 87.2162
693 10.2718 86.999
557 10.2947 86.7754
249 10.3182 86.5466
58 10.3406 86.3281
442 10.3614 86.1255
263 10.3836 85.9092
48 10.4078 85.6732
321 10.4303 85.4538
1 10.4501 85.2615
106 10.471 85.0571
546 10.5173 84.6058
560 10.5617 84.1731
17 10.6016 83.7846
955 10.6482 83.3303
792 10.6927 82.8961
153 10.7393 82.4422
759 10.7897 81.9502
568 10.8401 81.4598
75 10.9463 80.423
607 11.0591 79.3228
503 11.0761 79.1577
570 11.0913 79.0092
298 11.108 78.8463
551 11.1236 78.6946
168 11.1392 78.5423
360 11.1545 78.3932
502 11.1715 78.2277
886 11.1861 78.0858
426 11.2008 77.9426
554 11.2173 77.7812
361 11.2356 77.6034
207 11.2522 77.4417
500 11.2609 77.3563
219 11.2694 77.2736
944 11.2764 77.205
240 11.2844 77.1273
339 11.2931 77.0424
796 11.3017 76.9584
178 11.3101 76.8771
701 11.3197 76.7834
879 11.3286 76.6967
400 11.3364 76.6201
224 11.344 76.5467
890 11.3516 76.4724
429 11.3598 76.3925
90 11.367 76.322
830 11.3753 76.2412
431 11.3837 76.1599
719 11.3919 76.0799
31 11.4441 75.5704
325 11.499 75.0354
905 11.5608 74.4329
433 11.652 73.5431
970 11.7561 72.528
966 11.8442 71.6688
411 11.8509 71.603
615 11.8568 71.5458
77 11.8908 71.2142
457 11.9198 70.9315
728 11.9515 70.6229
630 11.9914 70.2336
799 12.0288 69.8684
427 12.0645 69.5211
3 12.1012 69.1628
255 12.1362 68.8221
14 12.1704 68.4884
772 12.2053 68.1477
374 12.2368 67.8415
196 12.2759 67.46
347 12.3103 67.1245
97 12.3189 67.1145
162 12.3272 67.1048
657 12.3351 67.0956
517 12.3437 67.0855
113 12.3531 67.0745
119 12.3619 67.0643
114 12.3705 67.0543
665 12.3779 67.0457
860 12.3857 67.0365
556 12.3938 67.0271
639 12.4025 67.017
680 12.4121 67.0058
445 12.4201 66.9964
667 12.4287 66.9864
991 12.4378 66.9758
948 12.4573 66.953
524 12.4766 66.9304
277 12.4923 66.9122
346 12.5084 66.8933
686 12.5247 66.8743
717 12.542 66.8542
371 12.5594 66.8338
939 12.5773 66.8129
531 12.6 66.7864
784 12.6215 66.7614
694 12.6409 66.7388
338 12.6645 66.7112
234 12.6879 66.6839
739 12.7117 66.6561
747 12.7335 66.6307
381 12.7544 66.6063
764 12.9114 66.423
760 13.0542 66.2563
81 13.1959 66.0909
272 13.3365 65.9268
703 13.4805 65.7587
132 13.6233 65.592
589 13.7623 65.4298
131 13.8981 65.2712
482 14.0339 65.1127
376 14.1704 64.9533
734 14.309 64.7916
130 14.4813 64.5904
192 14.6519 64.3913
34 14.8261 64.1879
552 14.9841 64.0035
925 15.1456 63.815
59 16.2466 62.5306
233 16.9513 61.7082
324 17.6105 60.939
698 18.1504 60.3088
846 18.6408 59.7365
398 19.1286 59.1672
756 19.6884 58.514
599 20.2147 57.8997
913 20.7329 57.2949
603 21.0165 56.9639
956 21.2497 56.6917
545 21.4772 56.4263
938 21.7015 56.1644
137 21.9234 55.9053
79 21.9235 55.9053
901 21.9235 55.9052
957 21.9236 55.9051
705 21.9236 55.905
903 21.9237 55.905
507 21.9238 55.9049
349 21.9238 55.9048
587 21.9239 55.9047
729 21.9239 55.9047
329 21.924 55.9046
382 21.9241 55.9045
677 21.9241 55.9044
771 21.9242 55.9043
735 21.9243 55.9042
496 21.9243 55.9042
565 21.9244 55.9041
174 21.9245 55.904
403 21.9245 55.9039
972 21.9246 55.9039
601 21.9246 55.9038
981 21.9247 55.9037
733 21.9247 55.9036
720 21.9248 55.9036
897 21.9249 55.9035
451 21.9249 55.9034
971 21.925 55.9033
7 27.8617 48.502
142 28.0672 48.2458
748 28.2973 47.959
37 28.5115 47.692
397 28.7281 47.422
510 28.9443 47.1525
525 29.1861 46.8511
989 29.4349 46.541
302 29.6423 46.2825
529 29.8553 46.0169
543 30.0223 45.8088
612 30.2007 45.5865
180 30.2756 45.4931
194 30.3499 45.4005
486 29.3623 43.2516
413 29.2703 43.0515
869 29.1653 42.823
723 29.0786 42.6345
692 28.992 42.446
414 28.9019 42.2501
619 28.8112 42.0529
278 28.711 41.8348
508 28.6325 41.6641
549 28.5422 41.4676
535 28.4635 41.2965
679 28.3786 41.112
811 28.295 40.9301
11 28.2123 40.7502
191 28.1244 40.559
121 27.6178 40.1673
151 27.2835 39.9088
783 26.9273 39.6334
205 26.4515 39.2656
787 26.0361 38.9444
388 25.4155 38.897
65 24.767 38.8475
354 24.1978 38.8041
602 23.6965 38.7659
664 23.2688 38.7332
836 22.7769 38.6957
655 22.7769 38.6957
687 22.7769 38.6957
38 22.7769 38.6957
829 22.7769 38.6957
706 22.7769 38.6957
125 21.5383 39.7046
858 20.2909 40.7206
384 19.2924 41.534
438 18.8438 41.8995
797 18.3862 42.2724
908 17.9353 42.6398
475 17.4871 43.005
148 17.0277 43.3793
633 16.5614 43.7592
758 16.0898 44.1435
212 15.6239 44.5231
32 15.1726 44.8908
47 14.6901 45.284
949 14.4976 45.4408
373 14.2928 45.6077
303 14.0947 45.7692
542 13.9205 45.9111
505 13.7465 46.0529
909 13.5746 46.193
218 13.4016 46.334
336 13.3249 46.3965
527 13.2458 46.461
422 13.2458 46.461
100 13.0857 46.4731
841 12.9187 46.4857
616 12.7515 46.4984
228 12.5913 46.5105
770 12.4376 46.5221
936 12.2844 46.5337
749 12.1303 46.5454
123 11.9721 46.5574
805 11.817 46.5691
423 11.66 46.581
116 11.5169 46.5918
128 11.5167 46.5918
691 11.5166 46.5918
214 11.3074 46.6074
352 11.1368 46.6202
489 10.9598 46.6334
391 10.791 46.646
166 10.4697 46.6699
157 10.2085 46.6894
341 9.97018 46.7072
463 9.72793 46.7252
663 9.48596 46.7433
849 9.20344 46.7643
708 8.99732 46.7797
122 8.80481 46.7941
154 8.85353 46.4102
222 8.90013 46.0431
990 8.94769 45.6684
312 8.98953 45.3388
279 9.02957 45.0234
731 9.08929 44.553
652 9.14553 44.1099
57 9.20234 43.6625
534 9.26698 43.1532
182 9.33587 42.6105
283 9.42149 41.9358
330 9.49847 41.3293
863 9.57673 40.7128
78 9.65532 40.0936
46 9.73205 39.4891
328 9.8101 38.8742
499 9.89669 38.192
514 10.0101 37.2986
476 10.0895 36.6724
86 10.1994 35.8071
985 10.2914 35.0818
700 10.3818 34.3694
943 10.4823 33.5781
572 10.5641 32.9335
794 10.6381 32.3504
710 10.7067 31.81
4 10.7717 31.2979
258 10.835 30.7995
474 10.8921 30.3493
661 10.9343 30.017
402 10.9725 29.716
673 11.0065 29.4481
299 11.0391 29.1918
898 11.0707 28.9429
87 11.1042 28.6793
958 11.1408 28.3903
412 11.2453 27.5672
10 11.2941 27.1831
133 11.4535 25.9272
74 11.6332 24.5112
641 11.8492 22.8083
187 12.0829 20.967
331 12.1827 20.1806
268 12.2911 19.3263
881 12.4532 18.049
674 12.5266 17.4706
254 12.5979 16.9091
488 12.6738 16.3112
629 12.7134 15.9996
455 12.7487 15.7209
8 12.8029 15.2938
812 12.8473 14.9444
722 12.8838 14.9514
741 12.9257 14.9594
366 12.9654 14.967
61 13.0009 14.9738
211 13.0433 14.9819
899 13.0847 14.9899
646 13.0847 14.9899
963 13.0847 14.9899
362 13.8905 14.9526
348 15.0439 14.8992
682 16.2711 14.8424
588 19.1415 14.7095
518 33.6458 14.0374
26 33.6242 14.2593
653 33.6035 14.4722
287 33.5831 14.6813
643 33.5608 14.9101
351 33.5415 15.1086
407 33.5211 15.3182
704 33.499 15.5446
669 33.4772 15.7685
64 33.4532 16.0151
883 33.4313 16.2396
626 33.4093 16.4658
111 33.3882 16.6824
702 33.367 16.9001
363 33.3475 17.1002
379 33.3247 17.3339
709 33.3054 17.5323
439 33.2872 17.7196
284 33.2691 17.9054
307 33.2514 18.0869
160 33.2345 18.2607
902 33.2337 18.2691
934 34.018 19.2808
834 34.4258 19.8068
915 34.6605 20.1095
573 34.9982 20.5452
337 35.3564 21.0072
246 35.702 21.453
221 36.1263 22.0004
824 36.8639 22.9518
822 37.958 24.3629
261 39.1274 25.8713
310 40.3228 27.4131
472 46.9896 36.0106
69 47.0479 36.0857
480 47.0973 36.1495
276 47.1505 36.2182
356 47.1979 36.2792
197 47.2435 36.3381
209 47.2882 36.3957
66 47.3414 36.4644
155 47.391 36.5284
917 47.4372 36.5879
452 47.4838 36.648
586 47.5258 36.7022
467 47.5741 36.7645
566 47.6356 36.8438
342 47.6943 36.9195
512 47.8077 36.8433
257 48.0548 36.6772
862 48.2997 36.5125
790 48.5805 36.3238
935 48.8802 36.1223
421 49.1813 35.9199
853 49.4844 35.7162
681 49.8378 35.4786
63 50.1791 35.2491
19 50.5409 35.006
906 50.9001 34.7645
289 51.279 34.5098
43 51.6463 34.2629
930 51.9924 34.0303
355 52.3418 33.7954
785 52.6885 33.5623
873 53.0339 33.3302
865 53.3689 33.105
164 53.7088 32.8764
358 54.0446 32.6507
716 54.3695 32.4323
377 54.7474 32.1783
314 55.1251 31.9244
458 55.1251 31.9244
844 55.1252 31.9243
959 55.1252 31.9242
634 55.1253 31.9242
751 55.1253 31.9241
828 55.1253 31.924
978 55.1254 31.924
821 55.6119 31.2427
45 56.087 30.5773
831 56.5919 29.8702
555 57.0848 29.1799
250 57.5792 28.4875
781 58.2261 27.5817
6 58.8999 26.6381
27 59.5949 25.6649
55 60.3875 24.555
419 61.2547 23.3407
176 62.4469 21.6719
504 63.2119 20.6006
819 63.968 19.5418
777 64.7437 18.4556
24 65.5078 17.3857
721 66.2757 16.3104
103 66.8901 15.45
581 70.0146 16.5345
295 73.6633 17.8009
598 78.1925 19.3727
