0,103,721,959,176,419,581,598,295,819,504,24,777,45,865,716,785,930,870,209,875,314,751,831,675,844,358,978,27,63,6,781,250,555,821,681,458,43,828,55,377,197,853,467,289,873,594,164,934,276,66,69,19,906,692,989,848,935,421,7,355,586,790,78,32,778,121,612,869,529,783,748,723,876,413,535,414,619,278,664,908,438,549,151,566,65,824,354,687,480,11,525,205,679,811,486,356,302,388,706,829,915,221,160,257,602,787,191,379,261,653,669,284,834,704,883,822,351,307,709,64,573,111,310,26,518,643,702,246,363,287,407,626,337,439,646,488,211,741,366,362,722,348,902,812,402,641,963,254,61,187,629,412,881,8,661,74,474,674,710,258,455,899,588,682,673,299,331,572,836,268,4,794,499,985,330,898,86,514,125,10,700,476,128,384,943,958,328,283,133,475,403,37,397,655,46,749,936,57,771,87,116,652,731,279,212,463,341,157,228,222,496,312,863,663,841,677,990,534,182,122,166,849,616,123,858,214,352,489,154,423,47,949,373,303,542,505,909,218,336,527,100,565,174,938,805,770,708,148,698,760,764,747,633,327,192,422,797,79,897,233,130,956,391,329,913,772,601,132,735,34,924,972,59,927,142,733,324,691,901,720,599,640,756,981,846,451,957,349,758,596,89,603,127,765,891,370,382,507,545,729,705,49,903,688,267,237,390,54,147,269,543,38,508,175,912,410,917,533,30,804,461,576,929,472,512,155,862,452,210,194,522,843,281,264,793,186,809,922,180,519,498,923,188,577,286,262,492,715,235,104,35,617,563,91,84,282,964,810,144,826,440,109,800,894,762,832,921,432,769,857,782,208,605,582,9,987,340,755,126,513,540,910,743,625,968,112,453,94,683,676,161,134,484,459,225,986,471,171,621,291,163,779,101,791,597,855,468,558,216,56,493,523,788,137,510,645,732,839,404,365,80,571,730,223,773,614,578,658,608,2,189,600,825,724,886,965,359,587,878,604,99,726,806,308,701,275,333,537,431,697,266,662,789,479,757,526,21,252,454,124,167,60,270,954,16,501,424,41,220,574,550,226,443,872,689,168,490,296,591,888,635,244,219,971,589,427,502,376,234,298,925,703,879,531,784,347,326,398,552,551,517,503,630,374,860,948,780,97,680,321,890,433,966,81,272,196,381,657,346,686,717,371,939,694,338,739,162,77,429,734,131,830,31,556,570,667,799,445,524,487,950,339,560,400,14,119,113,482,114,639,207,411,361,3,665,970,224,277,607,255,184,17,991,88,500,58,796,905,546,90,39,364,95,316,249,300,1,203,325,457,728,240,444,628,719,955,48,916,554,759,944,200,803,405,106,247,447,637,792,153,868,815,678,263,953,547,693,442,360,973,75,988,615,399,213,288,585,426,108,914,827,435,380,386,736,401,169,969,178,199,436,718,568,750,236,138,711,446,301,768,557,712,892,982,304,368,699,93,610,50,253,76,946,456,786,44,638,120,28,593,183,141,150,392,20,651,495,933,871,776,227,859,462,15,695,13,115,753,611,469,631,441,418,36,409,306,491,833,73,696,885,761,714,430,521,428,271,807,231,139,918,649,919,256,672,795,230,92,292,960,96,808,416,874,245,239,559,265,974,738,394,470,613,752,309,569,215,22,53,72,814,866,172,181,437,305,766,448,241,548,707,713,206,389,146,877,5,319,618,367,62,536,896,561,408,532,961,129,530,539,415,947,976,350,294,642,659,840,343,23,562,564,165,375,105,511,434,156,882,193,118,856,317,952,880,40,320,895,541,887,774,202,980,280,369,179,636,82,763,449,273,516,406,185,911,624,575,851,746,690,816,754,313,940,12,344,584,248,861,140,802,259,229,737,632,18,335,395,931,52,477,285,42,145,817,149,992,481,177,801,984,567,378,620,845,318,544,983,464,353,158,580,251,622,864,465,823,820,928,666,813,893,135,83,417,494,159,854,372,322,528,725,473,204,685,740,742,648,889,450,311,660,332,25,852,297,383,744,847,290,509,460,775,385,671,393,201,238,67,818,937,647,71,173,595,68,867,962,900,51,152,975,315,650,110,579,668,904,837,654,727,485,941,478,515,907,538,942,926,396,798,85,623,293,945,644,634,217,342,670,143,842,466,190,102,553,70,656,767,850,838,606,357,609,117,583,323,932,334,232,420,29,497,684,170,592,506,107,425,195,967,198,884,920,274,242,136,977,387,951,745,33,835,520,590,98,345,979,627,483,243,260,
value : 455.799 running time : 254.124233
0 80 20
103 66.8925 15.4493
721 66.2769 16.3124
959 64.9035 18.2377
176 63.9372 19.5924
419 62.0274 22.2698
581 61.75 22.6588
598 61.453 23.0751
295 61.1347 23.5214
819 60.8019 23.9881
504 60.4788 24.4411
24 60.0841 24.9944
777 59.6167 25.6498
45 57.2557 28.9595
865 56.2512 30.3678
716 55.4337 31.5139
785 55.1696 31.8842
930 54.8982 32.2647
870 54.6436 32.6217
209 54.4536 32.888
875 54.2522 33.1704
314 54.2522 33.1704
751 54.2522 33.1704
831 54.2522 33.1704
675 54.2522 33.1704
844 54.021 33.2345
358 53.8317 33.2869
978 53.6175 33.3462
27 53.4067 33.4046
63 53.1866 33.4656
6 53.0053 33.5158
781 52.7952 33.574
250 52.559 33.6394
555 52.3571 33.6954
821 52.1628 33.7492
681 51.9001 33.8219
458 51.6517 33.8908
43 51.4101 33.9577
828 51.1134 34.0399
55 50.7893 34.1296
377 50.4391 34.2266
197 50.033 34.3391
853 49.6588 34.4428
467 49.3807 34.5198
289 49.161 34.5807
873 48.9408 34.6417
594 48.7044 34.7072
164 48.344 34.807
934 47.9457 34.9173
276 47.6264 35.0058
66 47.3292 35.0881
69 47.0115 35.1761
19 46.7155 35.2581
906 46.3911 35.3479
692 46.0325 35.4472
989 45.7236 35.5328
848 45.4854 35.5988
935 45.2507 35.6638
421 45.0031 35.7324
7 44.7391 35.8055
355 44.5389 35.861
586 40.5547 36.9643
790 36.2608 38.1533
78 31.1563 39.5667
32 31.1313 39.5736
778 31.1083 39.58
121 31.0835 39.5868
612 31.0608 39.5931
869 31.0393 39.5991
529 31.0178 39.605
783 30.9947 39.6114
748 30.9697 39.6183
723 30.9446 39.6253
876 30.9228 39.6313
413 30.8988 39.638
535 30.8749 39.6446
414 30.8529 39.6507
619 30.8304 39.6569
278 30.8079 39.6632
664 30.7819 39.6704
908 30.7552 39.6778
438 30.8119 39.2895
549 30.8709 38.8858
151 30.9265 38.505
566 30.9827 38.1203
65 31.0478 37.6745
824 31.1068 37.2708
354 31.1068 37.2708
687 31.1068 37.2708
480 31.1068 37.2708
11 31.1068 37.2708
525 31.1068 37.2708
205 31.1068 37.2708
679 31.1068 37.2707
811 31.1068 37.2707
486 31.1068 37.2707
356 31.1068 37.2707
302 31.1389 36.9618
388 31.2297 36.0866
706 31.3332 35.0897
829 31.4635 33.833
915 31.5949 32.565
221 31.6977 31.5752
160 31.7954 30.634
257 31.89 29.722
602 32.0214 28.4555
787 32.1512 27.2044
191 32.2836 25.9285
379 32.4619 24.208
261 32.6574 22.3219
653 32.8666 20.3033
669 32.9016 19.9664
284 32.9259 19.7331
834 32.9516 19.4865
704 32.9959 19.0596
883 33.0371 18.6633
822 33.0783 18.2674
351 33.1229 17.8383
307 33.1622 17.4606
709 33.2069 17.0304
64 33.2574 16.5437
573 33.3105 16.0329
111 33.3616 15.5417
310 33.4158 15.0197
26 33.4705 14.4934
518 33.5306 13.9145
643 32.5886 13.9362
702 31.9368 13.9511
246 31.4853 13.9615
363 31.0716 13.9709
287 30.6347 13.9809
407 30.1182 13.9927
626 29.5546 14.0057
337 28.9883 14.0186
439 22.8362 14.1613
646 14.858 14.3465
488 14.6757 14.3506
211 14.4748 14.3553
741 14.2827 14.3597
366 14.1006 14.3639
362 13.902 14.3684
722 13.7277 14.3724
348 13.6808 14.3735
902 13.633 14.3746
812 13.5707 14.376
402 13.3887 15.3461
641 13.2292 16.1962
963 13.1141 16.8097
254 13.0331 17.242
61 12.9498 17.6863
187 12.867 18.1277
629 12.867 18.1277
412 12.867 18.1278
881 12.867 18.1278
8 12.867 18.1278
661 12.7191 19.3321
74 12.597 20.3252
474 12.5319 20.8554
674 12.4687 21.3694
710 12.3907 22.0044
258 12.3246 22.5426
455 12.2638 23.0373
899 12.2059 23.5085
588 12.1492 23.9697
682 12.0796 24.5366
673 11.9651 25.4686
299 11.8521 26.3879
331 11.7426 27.2795
572 11.6184 28.2905
836 11.4934 29.3072
268 11.3637 30.3633
4 11.2246 31.4949
794 11.0516 32.903
499 10.7184 35.6153
985 10.7184 35.6153
330 10.7184 35.6153
898 10.7184 35.6153
86 10.7366 35.956
514 10.7569 36.3369
125 10.7798 36.7652
10 10.8041 37.2203
700 10.8281 37.6694
476 10.8526 38.1295
128 10.8757 38.5617
384 11.0282 38.5933
943 11.1894 38.6267
958 11.3233 38.9317
328 11.4592 39.2413
283 11.6316 39.634
133 11.8048 40.0286
475 12.9106 42.549
403 13.2605 43.3461
37 13.5433 43.9904
397 13.7387 44.4357
655 13.6486 44.6861
46 13.5515 44.9562
749 13.4409 45.2635
936 13.3376 45.5505
57 13.2449 45.8082
771 13.1614 46.0404
87 13.0774 46.2738
116 11.9781 49.3298
652 11.9503 49.4072
731 11.9221 49.4855
279 11.8925 49.5677
212 11.8637 49.6477
463 11.8325 49.7347
341 11.802 49.8194
157 11.7716 49.9037
228 11.7455 49.9764
222 11.7157 50.0592
496 11.6872 50.1384
312 11.6564 50.224
863 11.6268 50.3063
663 11.5962 50.3913
841 11.5609 50.4895
677 11.5268 50.5844
990 11.4974 50.6661
534 11.4622 50.7638
182 11.426 50.8645
122 11.3866 50.9741
166 11.4888 51.0342
849 11.5951 51.0967
616 11.7187 51.1694
123 11.8417 51.2417
858 11.9731 51.319
214 12.0804 51.3821
352 12.2029 51.4542
489 12.3177 51.5216
154 12.4405 51.5939
423 12.5641 51.6666
47 12.6854 51.7379
949 12.8219 51.8182
373 12.9405 51.8879
303 13.0657 51.9615
542 13.1957 52.038
505 13.3212 52.1118
909 13.4449 52.1846
218 13.5736 52.2602
336 13.7149 52.3433
527 13.8371 52.4152
100 13.9796 52.499
565 14.1324 52.5889
174 14.2743 52.6723
938 14.4133 52.754
805 14.5334 52.8247
770 14.6593 52.8987
708 14.8193 52.9928
148 15.2328 53.236
698 15.6674 53.4915
760 16.0864 53.7379
764 16.5726 54.0238
747 17.0367 54.2967
633 19.5607 55.7804
327 21.894 57.1519
192 21.894 57.1519
422 21.9656 57.1591
797 22.0359 57.1662
79 22.1119 57.1739
897 22.1812 57.1809
233 22.2499 57.1878
130 22.3167 57.1946
956 22.3879 57.2017
391 22.46 57.209
329 22.5323 57.2163
913 22.608 57.2239
772 22.6729 57.2305
601 22.7456 57.2378
132 22.817 57.245
735 22.8901 57.2524
34 22.9604 57.2595
924 23.0291 57.2664
972 23.0981 57.2734
59 23.1828 57.2819
927 23.2623 57.2899
142 23.5302 57.2286
733 23.8063 57.1654
324 24.0724 57.1045
691 24.323 57.0472
901 24.6157 56.9802
720 24.8951 56.9162
599 25.1742 56.8523
640 25.4534 56.7885
756 25.7166 56.7282
981 25.9589 56.6728
846 26.2246 56.612
451 26.5124 56.5461
957 26.8278 56.4739
349 27.1173 56.4076
758 27.4191 56.3386
596 30.517 55.6294
89 30.7129 55.5846
603 30.905 55.5407
127 31.1074 55.4943
765 31.2775 55.4554
891 31.434 55.4196
370 31.5938 55.383
382 31.7281 55.3523
507 31.879 55.3178
545 32.0467 55.2794
729 32.2157 55.2407
705 32.3991 55.1988
49 32.6139 55.1496
903 32.7946 55.1082
688 33.0222 55.0562
267 33.2578 55.0022
237 33.5059 54.9455
390 33.7246 54.8954
54 33.9964 54.8332
147 34.2324 54.7792
269 34.4696 54.7249
543 34.7102 54.6699
38 35.036 54.5953
508 35.6601 54.4525
175 36.334 54.2983
912 37.1161 54.1193
410 37.9713 53.9236
917 38.8879 53.2539
533 39.0048 53.3748
30 39.1148 53.4886
804 39.2224 53.5998
461 39.3187 53.6995
576 39.4216 53.8059
929 39.5159 53.9034
472 39.6069 53.9975
512 39.7006 54.0945
155 39.7953 54.1924
862 39.8938 54.2943
452 40.1929 54.6035
210 40.5948 55.0191
194 40.9909 55.4286
522 41.4186 55.8707
843 41.8674 56.3347
281 42.3183 56.8009
264 42.7559 57.2534
793 43.1814 57.6932
186 43.5375 58.0615
809 43.8731 58.4084
922 44.214 58.7609
180 44.5801 59.1394
519 45.1302 59.7081
498 45.1303 59.7082
923 45.1303 59.7083
188 45.1304 59.7083
577 45.1304 59.7084
286 45.1305 59.7085
262 45.1305 59.7085
492 45.1618 59.7526
715 45.9216 60.8226
235 46.6381 61.8317
104 47.3786 62.8744
35 48.2921 64.161
617 49.1251 65.3342
563 49.9468 66.4914
91 50.17 66.8056
84 50.3858 67.1095
282 50.6003 67.4113
964 50.8186 67.7186
810 51.0339 68.0217
144 51.25 68.326
826 51.4791 68.6484
440 51.4791 68.6484
109 51.4791 68.6484
800 51.4791 68.6484
894 51.4791 68.6484
762 51.4791 68.6484
832 51.4791 68.6484
921 51.4791 68.6484
432 51.4791 68.6484
769 51.4791 68.6484
857 51.4791 68.6484
782 51.4791 68.6484
208 51.4791 68.6484
605 51.4791 68.6484
582 51.4791 68.6484
9 51.4791 68.6484
987 51.4791 68.6484
340 51.4791 68.6484
755 50.592 68.7984
126 50.3363 68.8416
513 50.0864 68.7649
540 49.8372 68.6884
910 49.6214 68.6221
743 49.4622 68.5732
625 49.3018 68.524
968 49.128 68.4706
112 48.9543 68.4173
453 48.7595 68.3575
94 48.5683 68.2987
683 48.351 68.2321
676 48.1615 68.1739
161 47.9823 68.1188
134 47.792 68.0604
484 47.6041 68.0027
459 47.41 67.9431
225 47.2324 67.8886
986 47.061 67.8359
471 46.8649 67.7757
171 46.6975 67.7243
621 46.5364 67.6749
291 46.3819 67.6274
163 46.2429 67.5848
779 46.108 67.5433
101 45.9704 67.501
791 45.4581 67.4782
597 44.8724 67.452
855 44.2458 67.424
468 43.5777 67.3942
558 42.4995 67.3462
216 41.3569 67.2953
56 39.5968 67.217
493 37.8297 67.1383
523 36.4272 67.0759
788 34.8249 67.0046
137 33.4905 66.9452
510 32.1924 66.8873
645 32.1311 66.9671
732 32.0722 67.0439
839 31.6618 67.5779
404 31.143 68.2529
365 30.6062 68.9514
80 29.9926 69.7498
571 29.2337 70.7372
730 28.4568 71.748
223 27.6895 72.7462
773 26.9746 73.6763
614 26.9746 73.6763
578 26.9059 73.688
658 26.8455 73.6982
608 26.7904 73.7075
2 26.7428 73.7155
189 26.6893 73.7245
600 26.6214 73.736
825 26.5602 73.7463
724 26.52 73.7531
886 26.4583 73.7635
965 26.4097 73.7717
359 26.3605 73.78
587 26.3051 73.7894
878 26.2534 73.7981
604 26.1939 73.8082
99 26.1327 73.8185
726 26.0763 73.828
806 26.0287 73.8361
308 25.975 73.8451
701 25.9057 73.8568
275 25.8469 73.8668
333 25.7916 73.8761
537 25.7349 73.8857
431 25.6756 73.8957
697 25.6224 73.9047
266 25.5696 73.9136
662 25.5186 73.9222
789 25.4557 73.9328
479 25.3933 73.9433
757 25.3402 73.9523
526 25.2885 73.961
21 25.241 73.969
252 25.1873 73.9781
454 25.1269 73.9883
124 25.0682 73.9982
167 25.0079 74.0084
60 24.9508 74.018
270 24.895 74.0275
954 24.8253 74.0392
16 24.7572 74.0507
501 24.6914 74.0618
424 24.6211 74.0737
41 24.6211 74.0737
220 24.6211 74.0737
574 24.6211 74.0737
550 24.6211 74.0737
226 24.6211 74.0737
443 24.391 73.9754
872 24.1825 73.8863
689 23.9496 73.7869
168 23.6923 73.677
490 23.4627 73.5789
296 22.9991 73.3809
591 22.2751 73.0717
888 21.2046 72.6146
635 20.0675 72.1291
244 18.8498 71.6092
219 17.11 70.8664
971 16.011 70.3972
589 14.4861 69.7462
427 13.7131 69.4161
502 13.0494 69.1327
376 12.3531 68.8353
234 11.7079 68.5598
298 11.3446 68.4047
925 11.0304 68.2704
703 11.0254 68.3621
879 11.0201 68.4582
531 11.0154 68.5442
784 11.0099 68.6436
347 11.0042 68.748
326 10.9975 68.8708
398 10.992 68.9705
552 10.9863 69.0739
551 10.9804 69.182
517 10.9754 69.2715
503 10.9699 69.3723
630 10.9645 69.4699
374 10.9585 69.5805
860 10.953 69.6804
948 10.9478 69.774
780 10.9422 69.8773
97 10.9376 69.9598
680 10.9325 70.0522
321 10.927 70.1535
890 10.922 70.2446
433 10.9177 70.3225
966 10.9139 70.3908
81 10.9099 70.464
272 10.9056 70.5424
196 10.9014 70.6195
381 10.8962 70.7139
657 10.8909 70.8099
346 10.8861 70.898
686 10.8818 70.9763
717 10.8775 71.0533
371 10.8731 71.1337
939 10.8685 71.2179
694 10.8617 71.3424
338 10.8554 71.4557
739 10.8492 71.5684
162 10.8423 71.6954
77 10.8358 71.8136
429 10.8287 71.9421
734 10.8222 72.0602
131 10.8151 72.1893
830 10.8062 72.3529
31 10.7993 72.4779
556 10.7933 72.5862
570 10.7873 72.6954
667 10.7824 72.7845
799 10.7773 72.878
445 10.7716 72.9819
524 10.7662 73.08
487 10.7594 73.2037
950 10.7534 73.3137
339 10.747 73.4292
560 10.7411 73.5377
400 10.7358 73.6334
14 10.7305 73.7297
119 10.7249 73.8325
113 10.719 73.9393
482 10.7135 74.0389
114 10.7076 74.1461
639 10.7006 74.2744
207 10.6943 74.3891
411 10.6886 74.4917
361 10.6782 74.6825
3 10.6687 74.8539
665 10.6577 75.0541
970 10.6465 75.2586
224 10.6339 75.4884
277 10.622 75.7046
607 10.6091 75.9392
255 10.5955 76.1867
184 10.442 78.9823
17 10.2886 81.7758
991 10.2742 82.0379
88 10.2579 82.3355
500 10.2423 82.6182
58 10.2213 83.0007
796 10.2038 83.3189
905 10.1839 83.681
546 10.1641 84.0426
90 10.1435 84.4165
39 10.1193 84.8565
364 10.1139 84.9565
95 10.1086 85.0521
316 10.1032 85.1495
249 10.0979 85.246
300 10.0926 85.3428
1 10.0871 85.4427
203 10.0823 85.5312
325 10.0772 85.6241
457 10.0722 85.7151
728 10.0665 85.8173
240 10.0603 85.9319
444 10.0539 86.0471
628 10.0478 86.1579
719 10.0419 86.2651
955 10.0364 86.3659
48 10.0305 86.4735
916 10.0244 86.5851
554 10.0186 86.6895
759 10.0116 86.8168
944 10.0043 86.9511
200 9.99564 87.1081
803 9.9887 87.2343
405 9.98148 87.3658
106 9.97495 87.4848
247 9.96906 87.5918
447 9.9628 87.7058
637 9.9567 87.8168
792 9.95056 87.9286
153 9.94381 88.0514
868 9.93679 88.1793
815 9.93084 88.2876
678 9.92426 88.4073
263 9.91819 88.5178
953 9.9119 88.6322
547 9.9058 88.7434
693 9.89955 88.857
442 9.89346 88.9679
360 9.88764 89.0738
973 9.8807 89.2002
75 9.87478 89.3078
988 9.86659 89.457
615 9.8996 89.453
399 9.93178 89.4491
213 9.95906 89.4458
288 10.1133 89.4272
585 10.2166 89.4147
426 10.3377 89.4001
108 10.4641 89.3848
914 10.5871 89.3699
827 10.7119 89.3548
435 10.844 89.3389
380 10.9819 89.3222
386 11.1277 89.3046
736 11.2583 89.2888
401 11.3928 89.2725
169 11.5357 89.2552
969 11.6812 89.2377
178 11.836 89.2189
199 12.2106 89.1737
436 12.6112 89.1253
718 13.0047 89.0777
568 13.4126 89.0284
750 13.8349 88.9774
236 14.3685 88.913
138 14.9261 88.8456
711 15.5117 88.7749
446 16.2984 88.6798
301 17.1506 88.5769
768 18.9699 88.3574
557 18.9699 88.3574
712 18.9699 88.3574
892 18.97 88.3574
982 19.178 88.3209
304 19.4058 88.281
368 19.6666 88.2353
699 19.9033 88.1938
93 20.1664 88.1477
610 20.4478 88.0984
50 20.7017 88.0539
253 20.9658 88.0076
76 21.2029 87.9661
946 21.4297 87.9264
456 21.7021 87.9618
786 21.9886 87.9991
44 22.2432 88.0323
638 22.5101 88.067
120 22.7388 88.0968
28 22.954 88.1248
593 23.1533 88.1507
183 23.3651 88.1783
141 23.5946 88.2081
150 23.799 88.2347
392 23.9969 88.2605
20 24.0729 88.2704
651 24.0729 88.2704
495 24.0729 88.2704
933 24.0729 88.2704
871 24.0729 88.2704
776 24.0729 88.2704
227 24.0729 88.2704
859 24.1244 88.2698
462 24.1691 88.2692
15 24.2172 88.2687
695 24.2721 88.2681
13 24.3233 88.2675
115 24.3779 88.2668
753 24.4354 88.2662
611 24.4945 88.2655
469 24.543 88.2649
631 24.5908 88.2643
441 24.6376 88.2638
418 24.6879 88.2632
36 24.734 88.2627
409 24.7795 88.2621
306 24.8255 88.2616
491 24.8711 88.2611
833 24.9201 88.2605
73 24.9711 88.2599
696 25.0172 88.2594
885 25.0635 88.2588
761 25.109 88.2583
714 25.1536 88.2578
430 25.8003 88.2503
521 26.4739 88.2424
428 28.5902 88.2177
271 30.7707 88.1922
807 32.6177 88.1706
231 33.4725 88.1607
139 34.338 88.1506
918 34.4293 88.1495
649 34.5269 88.1484
919 34.6205 88.1473
256 34.7156 88.1462
672 34.8104 88.1451
795 34.9096 88.1439
230 35.0112 88.1428
92 35.1083 88.1416
292 35.2085 88.1405
960 35.3031 88.1394
96 36.2898 88.1279
808 37.4594 88.1143
416 39.0205 88.096
874 40.5762 88.0779
245 40.5873 88.0778
239 40.6025 88.0776
559 40.6172 88.0774
265 40.6311 88.0772
974 40.6469 88.0771
738 40.6663 88.0768
394 40.6857 88.0766
470 40.7052 88.0764
613 40.7259 88.0761
752 40.747 88.0759
309 40.8926 88.0742
569 41.0364 88.0725
215 41.1779 88.0709
22 41.3223 88.0692
53 41.4703 88.0674
72 41.6157 88.0657
814 41.7679 88.064
866 41.9143 88.0623
172 42.0543 88.0606
181 42.2028 88.0589
437 42.3505 88.0572
305 42.5046 88.0554
766 42.6515 88.0536
448 42.7962 88.0519
241 42.9435 88.0502
548 43.097 88.0484
707 43.2548 88.0466
713 43.4223 88.0446
206 43.5799 88.0428
389 43.7373 88.0409
146 43.8912 88.0391
877 44.0552 88.0372
5 44.2291 88.0352
319 44.3934 88.0333
618 44.5668 88.0313
367 44.7285 88.0294
62 44.878 88.0276
536 45.0227 88.0259
896 45.1696 88.0242
561 45.1696 88.0242
408 45.1696 88.0242
532 45.1696 88.0242
961 45.1696 88.0242
129 45.2848 87.6489
530 45.401 87.2706
539 45.5101 86.9153
415 45.6238 86.5451
947 45.7344 86.1849
976 45.8476 85.8162
350 45.913 85.8437
294 46.496 86.0896
642 47.1024 86.3454
659 47.7359 86.6125
840 48.3922 86.8893
343 49.7753 87.4729
23 51.2013 88.0746
562 51.2013 88.0746
564 51.2013 88.0746
165 51.2013 88.0746
375 51.2013 88.0746
105 51.2013 88.0746
511 51.2013 88.0746
434 51.2013 88.0746
156 51.2013 88.0746
882 51.2013 88.0746
193 51.2013 88.0746
118 51.2013 88.0746
856 51.2013 88.0746
317 51.2013 88.0746
952 51.2013 88.0746
880 51.2013 88.0746
40 51.2013 88.0746
320 51.2013 88.0746
895 51.2013 88.0746
541 51.2013 88.0746
887 51.2013 88.0746
774 51.2013 88.0746
202 51.2013 88.0746
980 51.2013 88.0746
280 51.2013 88.0746
369 51.2013 88.0746
179 51.2013 88.0746
636 51.2013 88.0746
82 51.2013 88.0746
763 51.2013 88.0746
449 51.2013 88.0746
273 52.9863 87.964
516 52.9863 87.964
406 52.9863 87.964
185 52.9863 87.964
911 52.9863 87.964
624 52.9863 87.964
575 52.9863 87.964
851 52.9863 87.964
746 52.9863 87.964
690 52.9863 87.964
816 52.9863 87.964
754 52.9863 87.964
313 52.9863 87.964
940 52.9863 87.964
12 52.9863 87.964
344 52.9863 87.964
584 53.2617 87.6616
248 53.5587 87.3354
861 53.8652 86.9986
140 54.1661 86.6682
802 54.4674 86.3372
259 54.7388 86.0392
229 55.0219 85.7282
737 55.2663 85.4597
632 55.5697 85.1265
18 57.1524 85.4704
335 58.3313 85.7267
395 59.6249 86.0078
931 60.8748 86.2794
52 62.1341 86.5531
477 62.9297 86.7261
285 63.7204 86.8979
42 64.3629 87.0376
145 64.9868 87.1733
817 65.5864 87.3036
149 66.169 87.4303
992 66.5488 87.5129
481 66.9459 87.5992
177 67.3375 87.6844
801 67.7479 87.7736
984 68.2753 87.8883
567 68.8528 88.0139
378 69.4876 88.1519
620 70.4651 88.3643
845 71.5108 88.5916
318 72.634 88.8357
544 73.7917 89.0873
983 75.2072 89.3949
464 75.2072 89.3949
353 75.5063 89.3973
158 75.8108 89.3998
580 76.1246 89.4024
251 76.4348 89.4049
622 76.7651 89.4076
864 77.1615 89.4108
465 77.5629 89.414
823 78.0366 89.4178
820 78.6181 89.4225
928 79.177 89.427
666 79.2618 89.1281
813 79.3452 88.834
893 79.4252 88.5519
135 79.5133 88.2412
83 80.2484 85.6516
417 80.4481 85.54
494 80.639 85.4333
159 80.8574 85.3113
854 81.0758 85.1892
372 85.9975 82.4385
322 85.8713 82.3563
528 85.7357 82.2679
725 85.618 82.1911
473 85.5013 82.1151
204 85.3728 82.0313
685 85.2526 81.953
740 85.1027 81.8553
742 84.9642 81.765
648 84.8436 81.6864
889 84.7316 81.6134
450 84.5909 81.5217
311 84.4452 81.4268
660 84.2899 81.3255
332 84.1097 81.2081
25 83.969 81.1164
852 74.0299 74.6391
297 72.1219 73.3955
383 71.6416 72.9765
744 71.1717 72.5666
847 70.7028 72.1575
290 70.2868 71.7946
509 69.8783 71.4382
460 69.4851 71.0951
775 69.1067 70.765
385 68.5593 70.2875
671 67.9464 69.7529
393 67.9464 69.7529
201 67.9464 69.7529
238 67.9464 69.7529
67 67.9464 69.7529
818 67.9464 69.7529
937 67.9464 69.7529
647 67.8974 69.6761
71 67.8567 69.6122
173 67.8095 69.5383
595 67.7636 69.4663
68 67.7204 69.3985
867 67.6797 69.3347
962 67.6383 69.2698
900 67.5962 69.2038
51 67.5539 69.1376
152 67.5092 69.0674
975 67.4657 68.9993
315 67.4216 68.9301
650 67.1551 68.4308
110 66.9153 67.9815
579 66.6759 67.5329
668 66.3783 66.9752
904 66.1162 66.4842
837 65.8311 65.95
654 65.4615 65.2575
727 64.9989 64.3907
485 64.3659 63.2046
941 63.9106 62.3516
478 63.4589 61.5052
515 62.9956 60.637
907 62.5061 59.7199
538 62.0107 58.7916
942 61.5225 57.877
926 60.9961 56.8906
396 60.5624 56.078
798 60.1583 55.3209
85 59.683 54.3954
623 59.2132 53.4805
293 58.7482 52.575
945 58.2839 51.671
644 57.9702 51.0602
634 57.6644 50.4647
217 57.6644 50.4647
342 57.6644 50.4647
670 62.9891 50.2807
143 64.2249 50.2381
842 65.3707 50.1986
466 66.5496 50.158
190 67.1865 50.1361
102 67.8682 50.1126
553 68.5529 50.089
70 69.1799 50.0675
656 69.8792 50.0434
767 70.5562 50.0201
850 71.3235 49.9936
838 72.081 49.9675
606 72.254 49.9616
357 72.4593 49.9545
609 72.7184 49.9456
117 72.9458 49.9378
583 73.2262 49.9281
323 73.501 49.9187
932 73.7986 49.9084
334 74.0687 49.8991
232 74.3318 49.8901
420 74.6148 49.8803
29 78.5489 49.7444
497 87.0449 49.4506
684 87.0433 49.3828
170 87.0413 49.3006
592 87.0392 49.2152
506 87.0375 49.1474
107 87.0355 49.067
425 87.0335 48.9839
195 87.0315 48.9034
967 87.0298 48.8314
198 87.028 48.7582
884 87.026 48.6796
920 87.024 48.5967
274 87.022 48.5123
242 87.0204 48.4494
136 87.0187 48.3788
977 87.017 48.3094
387 86.9852 47.0017
951 86.9169 44.1886
745 86.8187 40.1354
33 86.7592 37.6821
835 86.704 35.4081
520 86.6417 32.8412
590 86.5727 29.9985
98 86.4948 26.7843
345 86.3983 22.7968
979 86.318 19.4844
627 86.2948 18.5315
483 86.272 17.5949
243 86.2605 17.5955
260 86.2467 17.5962
