0,777,721,103,176,24,785,295,873,959,819,598,504,831,751,209,19,634,865,55,458,555,45,581,419,363,337,653,704,287,407,518,709,669,643,439,787,915,586,641,310,834,26,111,573,467,284,626,307,822,191,160,250,934,883,278,289,261,64,790,257,379,164,935,681,862,480,356,7,748,151,508,692,853,687,512,529,421,829,354,824,908,148,664,679,811,11,388,549,414,475,612,37,32,602,869,486,205,87,397,619,797,133,10,228,125,943,121,221,700,710,74,673,299,455,8,246,402,351,702,902,474,661,61,588,187,722,646,629,881,362,488,211,348,674,812,682,899,366,254,268,898,836,331,963,741,258,412,4,572,794,157,128,514,86,312,909,985,46,328,123,384,990,499,652,489,863,958,936,841,731,122,100,330,849,747,341,336,703,749,78,352,542,303,505,222,182,758,534,65,655,373,663,616,949,283,423,463,212,476,57,770,956,496,677,739,565,154,47,116,219,166,531,708,214,218,347,760,589,376,527,925,799,966,667,805,970,657,14,400,482,972,192,234,398,131,784,119,298,503,825,326,339,479,457,879,601,184,338,948,162,114,734,764,445,502,427,374,860,272,680,630,772,551,524,556,916,48,955,780,701,21,252,604,275,954,552,487,806,223,124,658,163,872,662,886,16,591,76,256,757,96,360,150,424,183,726,888,638,635,950,220,789,730,550,697,695,60,689,120,578,244,399,796,41,168,761,93,608,490,526,560,88,469,346,277,97,429,991,426,736,321,570,31,436,728,433,3,939,371,717,607,77,255,224,446,628,719,240,444,546,203,890,178,944,517,694,554,207,639,665,830,381,401,169,686,759,90,447,213,75,803,405,435,827,718,693,914,316,699,108,325,982,495,615,199,711,138,263,973,637,95,301,1,364,969,776,568,905,712,386,15,792,547,39,953,678,868,106,300,988,585,227,115,441,491,714,13,380,200,892,247,153,750,815,768,753,304,36,651,631,430,610,462,368,521,696,236,557,933,833,593,431,17,333,249,456,50,418,58,885,859,442,449,288,146,773,271,918,672,428,44,392,470,231,306,611,808,28,871,20,613,752,253,409,738,707,448,309,181,961,807,713,814,72,389,206,877,960,795,73,786,2,561,296,919,92,167,241,82,642,239,394,614,141,454,189,225,649,416,562,292,294,80,671,91,404,410,800,782,987,235,112,248,857,523,484,769,605,509,9,18,618,931,40,861,126,179,755,395,415,567,947,832,921,280,229,406,369,245,367,816,118,940,575,801,378,477,202,659,984,297,259,622,317,690,432,140,536,754,530,582,193,880,802,636,895,887,564,548,172,516,305,563,513,763,129,320,539,437,343,375,230,139,265,53,974,5,511,746,156,22,165,866,569,105,559,766,980,313,952,774,408,319,851,532,874,62,12,23,185,624,856,344,541,737,896,584,149,882,911,434,864,742,494,817,145,481,666,823,464,177,992,544,285,251,620,353,42,854,845,813,318,273,52,983,135,158,580,928,322,893,473,725,820,372,685,889,25,159,450,311,660,332,740,204,648,727,290,51,837,937,775,818,975,71,393,654,962,417,465,528,83,385,579,852,420,152,201,293,35,102,767,396,68,485,190,478,440,941,538,656,904,900,595,647,67,340,907,110,668,867,847,650,744,173,335,460,109,238,216,810,558,453,632,964,617,515,762,208,315,826,282,270,894,350,144,878,365,683,533,471,621,468,986,264,779,459,308,968,359,540,94,134,855,175,912,596,171,291,715,724,840,215,976,349,56,804,59,226,910,897,132,382,645,501,574,571,587,266,946,971,411,733,924,537,113,500,81,361,443,327,600,927,99,691,756,903,735,965,507,196,390,846,130,324,422,698,891,723,174,267,543,525,599,535,640,957,788,729,545,329,279,438,705,771,451,79,233,901,633,510,858,142,981,706,38,403,566,778,89,127,603,147,302,391,839,938,104,34,720,137,597,922,413,237,876,461,783,49,269,989,493,210,913,688,848,929,452,923,370,155,917,194,180,101,472,262,161,765,54,809,576,30,732,498,188,676,793,625,791,743,843,84,281,926,577,217,286,798,85,186,945,522,276,69,342,66,519,623,875,358,314,644,70,716,117,63,930,821,781,594,675,828,355,377,197,870,844,906,27,978,492,6,29,323,43,835,745,143,592,195,553,967,425,942,842,609,670,606,357,850,334,232,977,583,932,383,198,107,684,242,920,951,170,387,497,136,838,506,520,466,884,590,33,274,627,98,345,243,260,483,979,
value : 569.216 running time : 26.035705
0 80 20
777 70.6235 16.784
721 68.7965 16.1573
103 66.8091 15.4755
176 65.1054 17.7735
24 62.8166 20.8604
785 60.4682 24.0278
295 60.297 24.2587
873 60.0971 24.5283
959 59.9363 24.7452
819 59.769 24.9709
598 59.6011 25.1974
504 59.4091 25.4563
831 59.1639 25.7871
751 58.9201 26.116
209 58.7086 26.4013
19 58.5155 26.6617
634 58.5155 26.6617
865 58.5155 26.6617
55 58.5155 26.6617
458 58.5155 26.6617
555 58.5155 26.6617
45 58.5155 26.6617
581 55.772 25.2313
419 50.0526 22.2492
363 43.7394 18.9576
337 43.332 18.7451
653 42.9422 18.5419
704 42.4959 18.3092
287 42.0958 18.1006
407 41.7185 17.9039
518 41.3887 17.7319
709 36.9972 19.1936
669 35.5481 19.6759
643 34.0059 21.2695
439 33.166 22.1373
787 32.513 22.8121
915 31.9155 23.4296
586 31.4367 23.9243
641 30.7115 24.6737
310 31.0635 24.9887
834 31.4436 25.3289
26 31.7452 25.5988
111 32.0411 25.8636
573 32.3439 26.1345
467 32.7479 26.496
284 33.0468 26.7635
626 33.4353 27.1112
307 33.8658 27.4964
822 34.3516 27.9312
191 34.8594 28.3855
160 35.2924 28.773
250 35.7327 29.1671
934 35.8112 29.2373
883 35.8871 29.3053
278 35.9771 29.3858
289 36.0754 29.4737
261 36.1557 29.5456
64 36.2357 29.6172
790 37.7073 30.9341
257 38.7367 31.8553
379 39.6516 32.674
164 40.8562 33.7521
935 41.1687 34.0317
681 41.4837 34.3136
862 40.7735 34.8956
480 40.1834 35.3792
356 39.6296 35.8331
7 39.08 36.2834
748 38.5429 36.7236
151 38.2158 36.9916
508 37.9118 37.2408
692 37.9118 37.2408
853 37.9118 37.2408
687 37.9118 37.2408
512 37.9118 37.2408
529 36.2717 37.28
421 34.9015 37.3128
829 30.3102 37.4225
354 28.6487 37.4623
824 27.6996 37.485
908 26.8476 37.5054
148 26.607 37.5112
664 26.4063 37.516
679 26.1927 37.5211
811 25.9578 37.5267
11 25.7078 37.5327
388 25.4685 37.5384
549 25.2295 37.5441
414 24.9842 37.55
475 24.7177 37.5564
612 24.4791 37.5621
37 24.2301 37.568
32 23.9915 37.5737
602 23.7801 37.5788
869 23.5516 37.5843
486 23.3001 37.5903
205 23.0305 37.5967
87 22.7495 37.6035
397 22.7937 37.6241
619 22.8306 37.6413
797 22.2049 36.6348
133 19.4658 32.228
10 19.39 32.1061
228 19.3145 31.9846
125 18.9332 31.3713
943 18.5168 30.7014
121 18.128 30.0759
221 17.703 29.3923
700 17.218 28.612
710 16.4637 27.3986
74 15.8113 26.3492
673 16.1881 25.6689
299 16.5516 25.0128
455 16.9937 24.2145
8 19.8613 19.0376
246 20.3613 18.1351
402 20.809 17.3268
351 21.4598 16.1518
702 20.1953 16.0136
902 18.7996 15.8611
474 17.2327 15.6899
661 15.5378 15.5047
61 13.5221 15.2845
588 13.0429 15.2321
187 12.5182 15.1748
722 12.5182 15.1748
646 12.5182 15.1748
629 12.5182 15.1748
881 12.5182 15.1748
362 12.5182 15.1748
488 12.5182 15.1748
211 12.5182 15.1748
348 12.5182 15.1748
674 12.5182 15.1748
812 12.5182 15.1748
682 12.3111 16.9146
899 12.1071 18.6288
366 11.9781 19.7121
254 11.8134 21.0964
268 11.5264 23.5081
898 11.3064 25.3557
836 11.2565 25.7751
331 11.2107 26.1599
963 11.1617 26.5717
741 11.1121 26.9882
258 11.0573 27.4488
412 11.004 27.8972
4 10.8113 29.5158
572 10.6138 31.1755
794 10.3767 33.167
157 9.55431 40.0771
128 9.55431 40.0771
514 9.55431 40.0771
86 9.55431 40.0771
312 9.62888 40.6473
909 9.69521 41.1545
985 9.7452 41.5366
46 9.80705 42.0095
328 9.86915 42.4843
123 9.93795 43.0103
384 10.0023 43.5025
990 10.0699 44.0194
499 10.1387 44.5455
652 10.2211 45.1751
489 10.2985 45.7669
863 10.3643 46.2701
958 10.4396 46.8455
936 10.5392 47.6076
841 10.6229 48.2469
731 10.7045 48.8708
122 10.8032 49.626
100 10.8032 49.626
330 10.8032 49.626
849 10.8382 49.8443
747 10.8691 50.0374
341 10.9453 49.9351
336 11.0088 49.8497
703 11.073 49.7634
749 11.4104 49.31
78 11.7416 48.8649
352 11.9623 48.5684
542 12.195 48.2556
303 12.4282 47.9423
505 12.6974 47.5805
222 12.9742 47.2084
182 13.2464 46.8427
758 13.5293 46.4625
534 13.8123 46.0821
65 14.1322 45.6523
655 14.0176 46.0046
373 13.883 46.4185
663 13.7746 46.7518
616 13.6604 47.103
949 13.5424 47.466
283 13.4281 47.8175
423 13.2854 48.2561
463 13.1265 48.745
212 12.9881 49.1705
476 12.8358 49.6389
57 12.6542 50.1974
770 12.4998 50.6721
956 12.3196 51.2263
496 12.1505 51.7463
677 11.937 52.4027
739 11.7436 52.9977
565 11.7436 52.9977
154 11.7436 52.9977
47 11.7436 52.9977
116 11.7436 52.9977
219 11.6567 56.1932
166 11.6433 56.6855
531 11.6282 57.2395
708 11.615 57.7256
214 11.6003 58.2675
218 11.5842 58.8596
347 11.5661 59.5255
760 11.5515 60.0608
589 11.5371 60.5914
376 11.5221 61.1429
527 11.509 61.6222
925 11.4879 62.3997
799 11.4633 63.3043
966 11.4426 64.0654
667 11.4426 64.0654
805 11.4426 64.0654
970 11.5528 64.4184
657 11.6576 64.7542
14 11.7404 65.0198
400 11.8259 65.2937
482 11.8965 65.5199
972 11.9636 65.735
192 12.0582 66.0381
234 12.1488 66.3284
398 12.2587 66.6805
131 12.3521 66.98
784 12.4524 67.3014
119 12.5686 67.6736
298 12.6819 68.0367
503 12.8427 68.1847
825 13.0074 68.3363
326 13.1471 68.4648
339 13.2746 68.5822
479 13.385 68.6838
457 13.4849 68.7757
879 13.5913 68.8737
601 13.7189 68.9911
184 13.8368 69.0996
338 13.9238 69.1797
948 14.0221 69.2702
162 14.1269 69.3666
114 14.2225 69.4546
734 14.3168 69.5413
764 14.4444 69.6588
445 14.565 69.7698
502 14.7878 69.9748
427 14.9808 70.1525
374 15.2044 70.3583
860 15.4104 70.5479
272 15.6058 70.7277
680 15.8121 70.9175
630 16.0164 71.1055
772 16.2287 71.3009
551 16.4632 71.5168
524 16.6708 71.7079
556 16.8912 71.9107
916 19.5163 74.3267
48 19.5163 74.3267
955 19.5163 74.3267
780 20.6231 74.3049
701 22.3822 74.2703
21 24.2987 74.2326
252 24.856 74.2216
604 25.2549 74.2137
275 25.6438 74.2061
954 26.0775 74.1975
552 26.4794 74.1896
487 26.9071 74.1812
806 27.4838 74.1698
223 27.9874 74.1599
124 28.4601 74.1506
658 28.9085 74.1417
163 29.4856 74.1304
872 28.9622 75.0243
662 28.4667 75.8706
886 27.9038 76.832
16 27.5055 77.5122
591 27.1161 78.1773
76 26.5721 79.1065
256 26.1275 79.8658
757 25.6627 80.6596
96 25.1988 81.4519
360 25.1772 81.4492
150 25.1599 81.4471
424 25.1389 81.4445
183 25.1187 81.442
726 25.0983 81.4395
888 25.0805 81.4372
638 25.064 81.4352
635 25.0422 81.4325
950 25.0222 81.43
220 25.0035 81.4277
789 24.9865 81.4256
730 24.9695 81.4235
550 24.9517 81.4213
697 24.9343 81.4192
695 24.9169 81.417
60 24.9002 81.415
689 24.8827 81.4128
120 24.8658 81.4107
578 24.4856 81.3637
244 24.1045 81.3166
399 23.7593 81.2739
796 23.7593 81.2739
41 23.7593 81.2739
168 23.7593 81.2739
761 23.7593 81.2739
93 22.4758 80.768
608 21.5407 80.3995
490 20.5947 80.0266
526 19.4055 79.5579
560 18.1479 79.0622
88 17.0456 78.6277
469 15.8892 78.1719
346 14.4125 77.5899
277 13.149 77.0919
97 12.536 76.8503
429 11.964 76.6249
991 11.3125 76.368
426 10.7428 76.1435
736 10.2319 75.9422
321 9.94362 75.7973
570 9.65065 75.6502
31 9.38096 75.5147
436 9.08116 75.3641
728 8.75715 75.2014
433 8.45708 75.0506
3 8.15296 74.8979
939 7.82439 74.7328
371 7.86293 74.9938
717 7.90508 75.2792
607 7.94894 75.5762
77 7.99178 75.8663
255 8.04862 76.2512
224 8.12023 76.7361
446 8.20107 77.2837
628 8.21375 77.3695
719 8.22561 77.4498
240 8.23677 77.5253
444 8.24854 77.6051
546 8.25957 77.6797
203 8.2705 77.7537
890 8.28101 77.8249
178 8.29209 77.8999
944 8.30252 77.9705
517 8.31198 78.0346
694 8.32356 78.113
554 8.33632 78.1994
207 8.34741 78.2744
639 8.35923 78.3545
665 8.37097 78.434
830 8.38408 78.5227
381 8.39584 78.6023
401 8.54677 79.6242
169 8.66084 80.3965
686 8.75932 81.0632
759 9.01713 82.8087
90 9.28282 84.6076
447 9.66231 87.1772
213 9.99036 89.3984
75 9.99102 89.4028
803 9.99178 89.408
405 9.99257 89.4134
435 9.99333 89.4185
827 9.99403 89.4232
718 9.99468 89.4276
693 9.99538 89.4324
914 9.99609 89.4372
316 9.99675 89.4417
699 9.99745 89.4464
108 9.99818 89.4513
325 9.99887 89.456
982 9.99962 89.4611
495 10.0004 89.4661
615 10.0011 89.4714
199 10.002 89.4773
711 10.0028 89.4828
138 10.0036 89.4878
263 10.0043 89.4927
973 10.005 89.4976
637 10.0057 89.5025
95 10.0064 89.5073
301 10.0072 89.5126
1 10.008 89.5178
364 10.0088 89.5231
969 10.0095 89.5284
776 10.0103 89.5332
568 10.011 89.5381
905 10.0117 89.5428
712 10.0124 89.5478
386 10.0132 89.5531
15 10.014 89.5585
792 10.0147 89.5633
547 10.0155 89.5685
39 10.0163 89.574
953 10.017 89.5789
678 10.0178 89.584
868 10.0185 89.5891
106 10.0192 89.594
300 10.0199 89.5986
988 10.0207 89.604
585 10.988 89.7173
227 12.4638 89.8901
115 13.3615 89.9953
441 14.2166 90.0954
491 14.7596 90.1591
714 15.0608 90.1943
13 15.0608 90.1943
380 15.0608 90.1943
200 15.3135 90.1949
892 15.5824 90.1954
247 15.8964 90.1961
153 16.2023 90.1967
750 16.6064 90.1976
815 17.0634 90.1985
768 17.6087 90.1996
753 17.9887 90.2004
304 18.3471 90.2012
36 18.8337 90.2022
651 19.2367 90.203
631 19.6414 90.2039
430 19.9138 90.2044
610 20.1595 90.205
462 20.3801 90.2054
368 20.6427 90.206
521 20.908 90.2065
696 21.1467 90.207
236 21.3535 90.2075
557 21.7422 90.2083
933 22.2181 90.2092
833 22.6855 90.2102
593 23.1343 90.2111
431 23.5349 90.212
17 23.9941 90.2129
333 24.5021 90.214
249 24.6736 90.2235
456 24.85 90.2334
50 25.0356 90.2437
418 25.2292 90.2545
58 25.4088 90.2645
885 25.598 90.275
859 25.7841 90.2853
442 25.9644 90.2954
449 29.917 90.5154
288 29.9609 90.5178
146 30.0187 90.521
773 30.0667 90.5237
271 30.1154 90.5264
918 30.1612 90.5289
672 30.2075 90.5315
428 30.2527 90.534
44 30.2979 90.5366
392 30.3548 90.5397
470 30.4035 90.5424
231 30.4488 90.545
306 30.4892 90.5472
611 30.5357 90.5498
808 30.5844 90.5525
28 30.6281 90.5549
871 30.6722 90.5574
20 31.3522 90.5952
613 32.0544 90.6343
752 32.6522 90.6676
253 33.1524 90.6954
409 33.7394 90.7281
738 34.9505 90.7955
707 35.9934 90.8536
448 37.0789 90.914
309 38.1378 90.9729
181 39.1873 91.0313
961 40.2456 91.0902
807 40.2456 91.0902
713 40.2456 91.0902
814 40.2456 91.0902
72 40.2456 91.0902
389 40.2456 91.0902
206 40.2456 91.0902
877 40.2456 91.0902
960 40.2456 91.0902
795 40.2517 90.3924
73 40.2574 89.7391
786 40.2634 89.0427
2 40.2739 87.8421
561 40.2831 86.7802
296 40.2923 85.7153
919 40.298 85.0604
92 40.3037 84.4063
167 40.3103 83.6388
241 40.3325 83.4948
82 40.3554 83.3467
642 40.3772 83.2052
239 40.3982 83.0695
394 40.4328 82.8452
614 40.4696 82.6067
141 40.5013 82.4012
454 40.5382 82.1626
189 41.2497 81.4395
225 42.0223 80.6544
649 42.4519 80.2179
416 42.9158 79.7465
562 43.529 79.1234
292 44.0867 78.5566
294 44.7791 77.853
80 45.5129 77.1073
671 46.2215 76.3872
91 46.2215 76.3872
404 46.2215 76.3872
410 46.2215 76.3872
800 46.9935 76.8055
782 47.5682 77.1169
987 48.092 77.4007
235 48.2881 77.5069
112 48.5348 77.6406
248 48.7486 77.7564
857 48.9722 77.8776
523 49.1745 77.9872
484 49.568 78.2004
769 50.048 78.4604
605 50.4998 78.7053
509 51.338 79.7567
9 51.6757 80.1803
18 52.0478 80.6471
618 52.2059 80.8454
931 52.31 80.976
40 52.406 81.0964
861 52.4955 81.2086
126 52.5898 81.3269
179 52.6933 81.4567
755 52.7935 81.5825
395 52.9192 81.7401
415 53.0298 81.8789
567 53.1443 82.0226
947 53.2265 82.1256
832 53.3087 82.2288
921 53.3935 82.3352
280 53.4949 82.4624
229 53.5958 82.5889
406 53.6924 82.7101
369 53.7963 82.8405
245 53.8979 82.9679
367 54.0059 83.1033
816 54.1019 83.2238
118 54.192 83.3368
940 54.273 83.4384
575 54.3709 83.5612
801 54.4679 83.6829
378 54.5683 83.8088
477 54.6711 83.9378
202 54.7563 84.0447
659 54.8327 84.1405
984 54.9416 84.2771
297 55.03 84.388
259 55.1147 84.4943
622 55.2116 84.6158
317 54.8541 84.7082
690 54.4589 84.8102
432 54.1039 84.9019
140 53.5959 85.0331
536 53.1087 85.1589
754 52.6809 85.2694
530 52.2247 85.3872
582 51.8262 85.4901
193 51.2637 85.6354
880 50.7898 85.7578
802 50.2652 85.8932
636 49.7419 86.0284
895 49.2225 86.1625
887 48.6989 86.2977
564 48.0223 86.4725
548 47.3962 86.6342
172 47.3962 86.6342
516 47.3962 86.6342
305 47.3962 86.6342
563 47.3962 86.6342
513 47.3962 86.6342
763 47.1571 87.4321
129 46.9754 88.0387
320 46.8083 88.5966
539 46.6324 89.1836
437 46.4594 89.7611
343 46.2749 90.377
375 46.0798 91.0284
230 45.9103 91.5943
139 45.7258 92.2101
265 45.888 92.1927
53 46.0666 92.1736
974 46.2422 92.1549
5 46.5209 92.1251
511 46.7951 92.0957
746 47.037 92.0699
156 47.2613 92.0459
22 47.4676 92.0238
165 47.7347 91.9952
866 47.9909 91.9678
569 48.2437 91.9407
105 48.5414 91.9089
559 48.822 91.8789
766 49.1175 91.8472
980 49.4936 91.807
313 49.8154 91.7726
952 50.1123 91.7408
774 50.3957 91.7105
408 50.6736 91.6808
319 50.9572 91.6504
851 51.2555 91.6185
532 51.5195 91.5902
874 51.8046 91.5597
62 52.4365 91.4921
12 53.0585 91.4256
23 53.5725 91.3706
185 54.1405 91.3098
624 54.6089 91.2597
856 55.1283 91.2041
344 55.6119 91.1523
541 56.1118 91.0988
737 57.0785 90.9954
896 57.9794 90.899
584 58.9794 90.7921
149 60.0203 90.6807
882 60.0203 90.6807
911 60.2347 90.6556
434 60.4592 90.6293
864 65.5486 90.0325
742 66.2714 89.9478
494 66.6841 89.8994
817 66.9879 89.8638
145 67.3391 89.8226
481 67.7018 89.7801
666 68.0527 89.7389
823 68.364 89.7024
464 68.6721 89.6663
177 69.0037 89.6275
992 69.3759 89.5838
544 69.8019 89.5339
285 70.2199 89.4849
251 70.6171 89.4383
620 71.004 89.393
353 71.4335 89.3426
42 71.8327 89.2958
854 72.3119 89.2396
845 72.7415 89.1893
813 73.2082 89.1346
318 73.64 89.0839
273 74.0847 89.0318
52 74.9383 88.9318
983 77.198 88.6668
135 77.4685 88.6351
158 77.734 88.6039
580 78.0524 88.5666
928 81.2131 88.1957
322 81.5602 87.8577
893 81.8684 87.5576
473 82.2474 87.1884
725 82.5855 86.8592
820 82.9267 86.5268
372 86.0098 83.5239
685 85.713 83.294
889 85.3915 83.0449
25 85.043 82.7749
159 84.6066 82.4368
450 84.2565 82.1656
311 83.996 81.9639
660 83.7164 81.7474
332 82.0205 80.4339
740 81.0463 79.6794
204 79.9629 78.8403
648 78.7079 77.8684
727 76.9305 76.4918
290 76.3983 76.0796
51 75.9644 75.7435
837 75.5798 75.4456
937 75.2211 75.1678
775 74.8473 74.8783
818 74.4456 74.5672
975 73.9983 74.2208
71 73.5762 73.8939
393 73.1051 73.529
654 72.9247 73.3893
962 72.7531 73.2564
417 72.5957 73.1346
465 72.4112 72.9916
528 72.1996 72.8278
83 71.4494 72.2468
385 70.737 71.695
579 69.8611 71.0166
852 68.9159 70.2846
420 67.9101 69.5056
152 67.1347 68.9051
201 66.2578 68.2259
293 64.5402 66.8956
35 63.7231 66.2628
102 63.2231 65.8756
767 62.7984 65.5467
396 62.3793 65.2221
68 62.3793 65.2221
485 62.3793 65.2221
190 62.3793 65.2221
478 62.3793 65.2221
440 62.3793 65.2221
941 62.3793 65.2221
538 62.3302 65.2957
656 62.2793 65.3718
904 62.2146 65.4686
900 62.1628 65.5462
595 62.1116 65.6228
647 62.0583 65.7027
67 62.001 65.7885
340 61.9449 65.8724
907 61.8934 65.9495
110 61.8358 66.0357
668 61.7688 66.136
867 61.7005 66.2382
847 61.6335 66.3386
650 61.5709 66.4322
744 61.4964 66.5437
173 58.5224 67.582
335 53.8813 69.2021
460 53.5368 69.193
109 53.1476 69.1827
238 52.8043 69.1736
216 52.3554 69.1617
810 51.9698 69.1515
558 51.5129 69.1395
453 51.1554 69.13
632 50.8055 69.1207
964 50.4531 69.1114
617 50.0689 69.1013
515 49.7063 69.0917
762 49.2388 69.0793
208 48.7014 69.0651
315 48.1028 69.0492
826 47.0622 69.0217
282 45.9847 68.9932
270 44.4977 68.9539
894 44.4977 68.9539
350 44.4977 68.9539
144 44.4977 68.9539
878 44.4977 68.9539
365 44.4977 68.9539
683 44.4977 68.9539
533 44.4977 68.9539
471 44.4977 68.9539
621 44.4977 68.9539
468 44.3529 68.9774
986 44.1649 69.0079
264 43.969 69.0397
779 43.7773 69.0708
459 43.5806 69.1027
308 43.3898 69.1336
968 43.2439 69.1573
359 43.0309 69.1918
540 42.8947 69.2139
94 42.7662 69.2348
134 42.5707 69.2665
855 42.3853 69.2965
175 42.1602 69.3331
912 41.9516 69.3669
596 41.7734 69.3958
171 41.6047 69.4232
291 41.4327 69.4511
715 41.2655 69.4782
724 41.0923 69.5063
840 40.9217 69.534
215 40.8119 69.5518
976 38.0499 68.9955
349 34.7658 68.3339
56 33.7422 68.1278
804 32.6125 67.9003
59 30.2434 67.4232
226 30.0041 67.375
910 29.6763 67.309
897 29.2379 67.2207
132 28.8996 67.1526
382 28.624 67.0971
645 28.3641 67.0447
501 28.0742 66.9864
574 27.7809 66.9273
571 27.4786 66.8664
587 27.149 66.8001
266 26.8307 66.736
946 26.5085 66.6711
971 26.2158 66.6121
411 25.9063 66.5498
733 25.6361 66.4954
924 25.3465 66.4371
537 25.0729 66.382
113 24.7415 66.3153
500 24.4465 66.2558
81 24.4708 66.0754
361 24.4919 65.9188
443 24.5144 65.7515
327 24.5617 65.3994
600 24.605 65.0774
927 24.6526 64.7239
99 24.7001 64.3706
691 24.7596 63.9283
756 24.8082 63.5671
903 24.8479 63.2719
735 24.8909 62.9521
965 24.9297 62.6632
507 24.9735 62.3375
196 25.0136 62.0395
390 25.146 61.382
846 25.286 60.6871
130 25.4376 59.9345
324 25.6652 58.8045
422 25.8564 57.855
698 26.054 56.874
891 26.2238 56.0312
723 26.3947 55.1826
174 26.4065 55.1243
267 26.4175 55.0695
543 26.4318 54.9986
525 26.444 54.9379
599 26.4542 54.8872
535 26.4681 54.8184
640 26.4782 54.7683
957 26.4894 54.7126
788 26.5016 54.6522
729 26.5147 54.5868
545 26.5287 54.5176
329 26.5411 54.456
279 26.5573 54.3753
438 26.5729 54.2981
705 26.5849 54.2384
771 26.599 54.1684
451 26.9285 54.1099
79 27.2853 54.0465
233 27.63 53.9852
901 28.0009 53.9193
633 28.348 53.8576
510 28.7088 53.7935
858 29.0333 53.7358
142 29.4725 53.6578
981 29.9809 53.5674
706 30.6623 53.4463
38 31.1208 53.3648
403 31.5535 53.2879
566 32.3725 53.1424
778 32.3725 53.1424
89 32.3725 53.1424
127 32.3725 53.1424
603 32.3725 53.1424
147 32.3725 53.1424
302 32.3725 53.1424
391 32.3725 53.1424
839 32.3725 53.1424
938 32.3725 53.1424
104 32.4784 53.4083
34 32.58 53.6634
720 32.6722 53.8951
137 33.6984 53.8076
597 34.8336 53.7107
922 35.1111 53.6871
413 35.3808 53.6641
237 35.7068 53.6362
876 36.0097 53.6104
461 36.3319 53.5829
783 36.6064 53.5595
49 36.8994 53.5345
269 37.1902 53.5097
989 37.5224 53.4813
493 37.8027 53.4574
210 38.1363 53.429
913 38.4041 53.4061
688 38.7671 53.3752
848 39.2603 53.3331
929 39.5945 53.3046
452 40.0166 53.2686
923 40.3786 53.2377
370 40.6736 53.2125
155 41.0008 53.1846
917 41.3123 53.158
194 41.939 53.1045
180 42.5528 53.0522
101 43.2284 52.9945
472 43.8907 52.938
262 44.4954 52.8864
161 44.955 52.8472
765 45.0944 52.8353
54 45.2765 52.8198
809 45.4942 52.8012
576 45.7395 52.7802
30 45.9845 52.7593
732 46.3739 52.7261
498 46.8019 52.6896
188 47.2049 52.6552
676 47.5216 52.6282
793 48.2337 52.5674
625 48.8858 52.5118
791 49.3446 52.4726
743 49.7774 52.4357
843 50.3029 52.3908
84 50.9164 52.3385
281 52.4127 51.5958
926 55.1162 50.2536
577 55.0835 50.2403
217 55.0536 50.2281
286 55.0225 50.2155
798 54.9898 50.2022
85 54.3073 49.7752
186 53.5262 49.2865
945 52.7003 48.7697
522 51.9106 48.2756
276 52.3045 47.9034
69 52.6792 47.5492
342 53.0439 47.2045
66 53.4776 46.7945
519 53.8428 46.4493
623 54.2502 46.0643
875 54.6808 45.6573
358 55.1492 45.2146
314 55.5061 44.8773
644 55.7969 44.6023
70 56.0777 44.337
716 56.3393 44.0897
117 56.6483 43.7976
63 56.9337 43.5279
930 57.2797 43.2008
821 57.6433 42.8572
781 57.7795 42.7284
594 57.894 42.6202
675 58.0249 42.4965
828 58.1502 42.378
355 58.2663 42.2683
377 58.3808 42.1601
197 58.4856 42.0611
870 58.6066 41.9466
844 58.7369 41.8235
906 58.8751 41.6929
27 59.0311 41.5454
978 59.1567 41.4268
492 59.2908 41.2999
6 60.9205 39.7596
29 65.8544 42.1755
323 67.2551 42.8615
43 68.5845 43.5124
835 74.959 46.6337
745 74.9699 46.7615
143 74.9821 46.9034
592 74.9924 47.0239
195 75.0034 47.1513
553 75.0147 47.2839
967 75.0252 47.4067
425 75.0353 47.5235
942 75.0457 47.6454
842 75.0457 47.6454
609 75.0457 47.6454
670 75.0457 47.6454
606 75.0457 47.6454
357 75.0457 47.6454
850 76.0067 48.8783
334 76.8428 49.9509
232 77.3488 50.6002
977 78.3991 51.9477
583 79.0436 52.7745
932 79.7345 53.6609
383 80.5197 54.6684
198 81.1955 54.2676
107 81.811 53.9025
684 82.2679 53.6315
242 82.7557 53.3422
920 83.2484 53.05
951 83.7972 52.7245
170 84.2966 52.4283
387 84.7427 52.1637
497 85.2979 51.8344
136 85.2813 50.8859
838 85.2655 49.9792
506 85.2486 49.0148
520 85.1626 44.0954
466 85.1293 42.1881
884 85.1293 42.1881
590 85.3096 38.2945
33 85.4247 35.8108
274 85.5218 33.7126
627 85.9868 23.6729
98 86.0167 23.0274
345 86.121 20.7753
243 86.2205 18.6263
260 86.2684 17.5916
483 86.2684 17.5916
979 84.1277 18.4141
