0,721,504,959,24,777,598,176,581,295,103,518,407,111,704,307,653,822,284,439,261,883,709,669,287,351,573,824,310,26,64,363,643,246,337,702,602,354,787,943,915,626,902,8,221,362,641,673,61,741,366,474,588,402,331,488,812,722,211,629,646,963,899,412,881,254,674,187,348,682,455,898,661,710,74,572,133,268,299,836,985,258,4,514,794,86,125,46,78,328,863,87,384,212,972,936,771,499,352,57,303,849,122,797,116,708,958,330,677,938,279,336,154,489,47,909,616,949,463,123,925,157,128,312,496,174,10,214,698,731,476,182,222,373,749,505,542,770,652,228,990,841,758,534,805,100,527,166,283,663,423,747,218,565,341,783,612,549,619,414,664,706,723,65,151,700,858,391,397,876,121,205,535,32,37,811,913,679,49,302,148,908,403,413,278,438,778,388,475,11,38,508,529,869,748,829,687,486,142,655,688,691,633,756,525,543,576,89,461,269,705,459,912,171,878,308,365,175,732,493,370,891,922,929,971,897,382,422,329,957,733,735,601,956,927,603,237,596,839,147,267,645,79,599,349,788,545,720,640,507,233,510,903,390,451,981,34,901,59,137,324,501,729,765,404,574,571,526,715,256,840,649,919,614,872,189,60,600,730,789,16,270,223,296,806,124,724,591,431,99,965,587,825,537,658,220,608,500,479,635,846,662,359,954,252,275,689,888,604,333,697,226,550,454,41,443,266,130,327,764,132,772,701,234,667,799,445,524,487,950,339,560,400,14,119,113,482,114,639,207,411,361,3,665,970,224,277,607,255,184,196,326,552,97,946,589,427,502,376,531,192,760,703,879,347,939,381,657,346,686,717,371,457,244,399,219,570,694,338,739,162,77,429,734,131,830,31,426,169,298,321,890,433,966,81,272,784,240,554,944,75,615,728,178,948,680,503,630,860,374,551,398,517,90,726,796,991,924,973,58,444,905,168,914,108,556,236,442,933,776,753,469,115,780,815,699,401,736,200,803,718,17,386,93,405,88,695,759,288,364,955,969,547,316,953,301,304,95,300,213,39,203,436,568,263,892,678,711,199,719,988,868,325,693,982,106,138,48,827,750,380,628,585,546,249,435,153,792,637,916,1,462,446,447,247,886,761,409,36,418,441,28,631,651,430,768,593,610,183,424,150,76,253,50,456,120,638,44,231,491,833,167,918,786,428,611,714,360,306,871,859,227,578,490,757,495,521,368,885,696,73,712,20,141,15,13,557,808,392,96,877,960,92,265,738,241,437,230,181,72,309,375,613,215,530,193,394,271,389,139,672,239,129,569,22,548,53,448,763,707,874,752,974,470,292,146,2,773,624,795,807,172,416,766,343,165,206,156,516,5,713,82,539,961,866,746,952,259,319,561,305,564,118,367,62,536,754,245,861,415,541,559,105,659,814,449,344,882,511,947,980,434,895,23,313,532,408,896,851,185,911,584,618,856,395,737,406,140,335,477,177,940,887,12,378,575,880,636,369,774,317,801,229,40,320,202,671,642,126,18,620,464,145,622,297,273,992,52,353,984,823,158,42,567,817,251,931,149,854,666,285,816,690,318,742,893,864,465,813,544,845,580,135,494,983,928,820,685,725,159,473,889,648,322,740,528,25,417,204,311,660,450,372,332,579,668,110,775,744,383,290,67,818,727,937,173,481,340,201,595,650,509,867,238,654,51,900,852,975,962,385,460,837,904,393,847,832,647,440,83,71,68,152,755,94,563,315,802,91,432,826,987,800,540,280,632,523,84,558,562,964,112,134,921,857,617,782,109,144,208,762,515,986,582,248,605,9,453,513,968,769,179,910,235,855,225,976,410,216,350,468,484,894,56,294,471,163,291,597,804,779,80,683,621,21,127,210,522,512,945,180,54,281,30,264,923,809,104,533,676,843,194,586,63,875,681,865,342,452,356,566,155,873,844,480,164,160,853,692,989,257,848,935,421,7,66,790,862,69,906,834,934,917,191,379,467,472,209,978,45,377,355,930,870,751,821,27,6,594,419,831,289,250,555,781,819,675,55,785,828,43,458,197,323,606,396,276,644,314,519,492,217,186,716,358,634,19,70,625,85,262,926,143,293,942,538,623,357,35,791,798,101,188,793,810,498,907,420,743,282,577,286,161,656,485,842,478,583,609,466,850,117,136,932,920,425,195,334,242,592,274,941,838,967,232,670,29,553,767,102,190,745,951,198,977,107,884,506,170,684,387,497,835,520,33,98,590,483,979,243,627,345,260,
value : 444.6 running time : 362.594429
0 80 20
721 74.3775 18.7293
504 71.9029 18.17
959 69.859 17.708
24 68.5734 17.4175
777 67.3175 17.1336
598 66.3444 16.9137
176 65.3 16.6776
581 64.2913 16.4497
295 63.2974 16.225
103 62.1467 15.9649
518 44.2168 16.651
407 41.2703 16.7638
111 39.4971 16.8316
704 37.925 16.8918
307 36.4927 16.9466
653 36.0126 16.965
822 35.3341 16.9909
284 34.6366 17.0176
439 34.1563 17.036
261 33.847 17.0478
883 33.4597 17.0627
709 33.0383 17.0788
669 32.6756 17.0927
287 32.3407 17.1055
351 31.9384 17.1209
573 31.5585 17.1354
824 31.1351 17.1516
310 30.7899 17.1648
26 30.3795 17.1805
64 29.8497 17.2008
363 29.3771 17.2189
643 28.8373 17.2395
246 28.3843 17.2569
337 27.958 17.2732
702 27.1376 17.3046
602 26.4371 17.3314
354 25.8605 17.3534
787 25.3112 17.3745
943 21.0977 17.5357
915 21.0977 17.5357
626 21.0977 17.5357
902 21.0977 17.5357
8 21.0977 17.5357
221 21.0977 17.5357
362 16.5809 16.1934
641 15.8279 15.9696
673 14.8682 15.6844
61 13.9645 15.4159
741 13.8266 15.3749
366 13.6883 15.3338
474 13.5479 15.2921
588 13.3781 15.2416
402 13.2241 15.1958
331 13.0501 15.1441
488 12.8983 15.099
812 12.7094 15.0429
722 12.6922 15.355
211 12.667 15.8121
629 12.6428 16.2517
646 12.6154 16.749
963 12.5863 17.2777
899 12.5623 17.7126
412 12.5433 18.0574
881 12.524 18.407
254 12.4913 19.0015
674 12.4604 19.5614
187 12.4279 20.1518
348 12.3536 21.4997
682 12.2716 22.9864
455 12.1518 25.1595
898 12.0249 27.4604
661 12.0026 27.8662
710 11.9788 28.2983
74 11.9555 28.7211
572 11.9316 29.1546
133 11.9074 29.5938
268 11.8838 30.0213
299 11.8602 30.4497
836 11.8346 30.9145
985 11.8087 31.3835
258 11.7857 31.8017
4 11.7557 32.3455
514 11.7217 32.9636
794 11.6865 33.6018
86 11.632 34.5908
125 11.559 35.914
46 11.4863 37.2324
78 11.4194 38.4464
328 11.3596 39.532
863 11.312 40.3959
87 11.2655 41.24
384 11.2111 42.2255
212 11.1549 43.2463
972 11.0951 44.3295
936 11.0676 44.8284
771 11.0429 45.2771
499 11.0182 45.7259
352 10.9649 46.6932
57 10.9164 47.5718
303 10.8696 48.4223
849 10.8272 49.1908
122 10.8032 49.6259
797 10.8032 49.6259
116 10.8032 49.6259
708 10.8032 49.6259
958 10.8032 49.6259
330 10.8032 49.6259
677 10.8114 49.6386
938 10.8179 49.6487
279 10.8242 49.6584
336 10.8301 49.6676
154 10.8353 49.6756
489 10.841 49.6845
47 10.8469 49.6937
909 10.8525 49.7024
616 10.8581 49.7109
949 10.8644 49.7207
463 10.8703 49.7299
123 10.8762 49.7391
925 10.8828 49.7493
157 10.8882 49.7577
128 10.8939 49.7665
312 10.8997 49.7755
496 10.906 49.7852
174 10.9124 49.7951
10 10.918 49.8039
214 10.9252 49.815
698 10.9314 49.8246
731 10.9369 49.8331
476 10.9432 49.843
182 10.95 49.8534
222 10.956 49.8627
373 10.9622 49.8723
749 10.9684 49.8819
505 10.9748 49.892
542 10.9809 49.9013
770 10.9864 49.9098
652 10.9925 49.9194
228 10.9986 49.9288
990 11.005 49.9387
841 11.0122 49.95
758 11.0194 49.961
534 11.0258 49.971
805 11.0323 49.9811
100 11.0387 49.9909
527 11.0449 50.0005
166 11.0508 50.0097
283 11.0558 50.0174
663 11.0718 50.0423
423 11.0886 50.0683
747 11.1081 50.0986
218 12.1819 49.5453
565 14.062 48.5763
341 16.6977 47.218
783 22.4875 44.2341
612 22.6658 44.1422
549 22.8449 44.0499
619 23.0109 43.9643
414 23.1648 43.885
664 23.3127 43.8088
706 23.4575 43.7342
723 23.5732 43.6745
65 23.6994 43.6095
151 23.8376 43.5383
700 23.9474 43.4817
858 24.078 43.4144
391 24.2339 43.334
397 24.4041 43.2463
876 24.5715 43.1601
121 24.6957 43.096
205 24.812 43.0361
535 24.9242 42.9783
32 25.0398 42.9187
37 25.1646 42.8544
811 25.2981 42.7856
913 25.4128 42.7265
679 25.5407 42.6606
49 25.6514 42.6035
302 25.7286 42.5637
148 25.8025 42.5256
908 25.8907 42.4802
403 25.9871 42.4305
413 26.0942 42.3753
278 26.1963 42.3227
438 26.2339 42.4775
778 26.2711 42.6307
388 26.2984 42.7431
475 26.3279 42.8645
11 26.3569 42.9837
38 26.3868 43.1067
508 26.4159 43.2262
529 26.4405 43.3277
869 26.4685 43.4428
748 26.5031 43.5851
829 26.5319 43.7035
687 26.5753 43.8822
486 26.6143 44.0426
142 27.116 46.1066
655 27.5175 47.7587
688 28.2948 50.9562
691 28.9822 53.7841
633 29.1103 54.3113
756 29.244 54.8615
525 29.373 55.3921
543 29.5311 56.0423
576 29.7377 56.8922
89 29.7377 56.8922
461 29.7377 56.8922
269 29.743 58.2282
705 29.7484 59.6008
459 29.7536 60.8934
912 29.7543 61.0675
171 29.755 61.2551
878 29.755 61.2551
308 29.755 61.2551
365 29.755 61.2551
175 29.755 61.2551
732 29.755 61.2551
493 29.7522 61.3096
370 29.7494 61.3646
891 29.7464 61.4247
922 29.7429 61.4923
929 29.7394 61.5617
971 29.7357 61.6329
897 29.7326 61.6941
382 29.7294 61.7572
422 29.7262 61.8185
329 29.7225 61.8907
957 29.7191 61.9574
733 29.7157 62.0241
735 29.7124 62.0883
601 29.7089 62.1581
956 29.7058 62.2181
927 29.7021 62.2899
603 29.6994 62.3432
237 29.6961 62.4083
596 29.6916 62.4956
839 29.688 62.5649
147 29.6845 62.6342
267 29.679 62.7419
645 29.6735 62.8501
79 29.6685 62.9463
599 29.6633 63.0487
349 29.6582 63.1479
788 29.6535 63.2407
545 29.6489 63.3298
720 29.6435 63.4366
640 29.6386 63.5312
507 29.6337 63.6267
233 29.6289 63.7219
510 29.6237 63.8237
903 29.6178 63.9394
390 29.6125 64.0424
451 29.6078 64.1344
981 29.6028 64.231
34 29.5976 64.3335
901 29.5923 64.4365
59 29.5872 64.5361
137 29.5816 64.6471
324 29.5763 64.7498
501 29.5399 65.4616
729 29.5077 66.092
765 29.473 66.7695
404 29.4243 67.7229
574 29.3788 68.6113
571 29.338 69.41
526 29.2969 70.213
715 29.2595 70.9458
256 29.0966 74.1294
840 29.0966 74.1294
649 29.0137 74.1101
919 28.9173 74.0878
614 28.8161 74.0642
872 28.7033 74.038
189 28.5976 74.0135
60 28.4746 73.9849
600 28.3502 73.956
730 28.2511 73.933
789 28.149 73.9093
16 28.0574 73.888
270 27.9697 73.8676
223 27.8677 73.8439
296 27.7642 73.8199
806 27.6634 73.7964
124 27.5569 73.7717
724 27.4521 73.7473
591 27.3201 73.7167
431 27.1837 73.685
99 27.0651 73.6574
965 26.9547 73.6318
587 26.8411 73.6054
825 26.7278 73.5791
537 26.6299 73.5563
658 26.5221 73.5313
220 26.4119 73.5057
608 26.3085 73.4817
500 26.1972 73.4558
479 26.1132 73.4363
635 26.0347 73.418
846 25.9555 73.3997
662 25.8871 73.3838
359 25.8018 73.3639
954 25.715 73.3438
252 25.6256 73.323
275 25.5137 73.297
689 25.4271 73.2769
888 25.3234 73.2528
604 25.2305 73.2312
333 25.1327 73.2085
697 25.0381 73.1865
226 24.9494 73.1659
550 24.1503 72.9802
454 23.4042 72.8069
41 22.4934 72.5953
443 21.3046 72.3191
266 20.128 72.0457
130 18.7906 71.735
327 17.6249 71.4642
764 16.1424 71.1197
132 15.208 70.9027
772 14.165 70.6603
701 13.0826 70.4088
234 11.6868 70.0846
667 11.6586 70.078
799 11.6324 70.072
445 11.6098 70.0667
524 11.5899 70.0621
487 11.57 70.0575
950 11.5469 70.0521
339 11.521 70.0461
560 11.4921 70.0393
400 11.4609 70.0321
14 11.4286 70.0246
119 11.4034 70.0188
113 11.3788 70.013
482 11.3501 70.0064
114 11.3211 69.9996
639 11.2925 69.993
207 11.2657 69.9868
411 11.244 69.9817
361 11.2187 69.9758
3 11.1877 69.9686
665 11.1588 69.9619
970 11.1325 69.9558
224 11.105 69.9494
277 11.0796 69.9435
607 11.0544 69.9377
255 11.0314 69.9323
184 11.0122 69.9279
196 10.9852 69.9216
326 10.9622 69.9162
552 10.9351 69.91
97 10.9045 69.9028
946 10.8774 69.8966
589 10.8334 69.8863
427 10.796 69.8776
502 10.762 69.8697
376 10.7217 69.8604
531 10.6825 69.8513
192 10.6825 69.8514
760 10.6825 69.8514
703 10.6825 69.8515
879 10.6825 69.8516
347 10.6825 69.8516
939 10.6703 70.1935
381 10.6563 70.5848
657 10.6426 70.9693
346 10.6292 71.3426
686 10.6162 71.7059
717 10.6033 72.0658
371 10.5898 72.4433
457 10.5753 72.8498
244 10.5611 73.2443
399 10.5501 73.5516
219 10.5479 73.6124
570 10.5451 73.6911
694 10.5429 73.7539
338 10.5406 73.818
739 10.5382 73.885
162 10.5353 73.9641
77 10.5327 74.0388
429 10.5297 74.1213
734 10.527 74.1985
131 10.5239 74.2837
830 10.5198 74.399
31 10.5163 74.4969
426 10.513 74.5875
169 10.5101 74.6699
298 10.5101 74.6699
321 10.5101 74.6699
890 10.5101 74.6699
433 10.5101 74.6699
966 10.5101 74.6699
81 10.5101 74.6699
272 10.5101 74.6699
784 10.5101 74.6699
240 10.5096 74.6943
554 10.5093 74.7151
944 10.5089 74.7342
75 10.5086 74.7521
615 10.5082 74.769
728 10.5079 74.7854
178 10.5076 74.8017
948 10.5074 74.816
680 10.5071 74.8312
503 10.5068 74.8484
630 10.5064 74.8655
860 10.5061 74.8857
374 10.5057 74.9041
551 10.5054 74.9213
398 10.5051 74.9382
517 10.5047 74.9588
90 10.5043 74.979
726 10.5041 74.9941
796 10.5037 75.0126
991 10.5033 75.0323
924 10.503 75.0488
973 10.3438 83.5857
58 10.3372 83.937
444 10.331 84.2673
905 10.3249 84.5966
168 10.3188 84.9252
914 10.3093 85.4319
108 10.3014 85.8563
556 10.2939 86.2589
236 10.2793 87.0411
442 10.268 87.6479
933 10.257 88.2342
776 10.2474 88.7496
753 10.2469 88.7791
469 10.2464 88.8056
115 10.2458 88.8373
780 10.2453 88.8632
815 10.2447 88.895
699 10.2441 88.9272
401 10.2435 88.9582
736 10.2429 88.9919
200 10.2422 89.0287
803 10.2417 89.0585
718 10.2411 89.0891
17 10.2405 89.1224
386 10.2399 89.1537
93 10.2393 89.1836
405 10.2387 89.2155
88 10.2382 89.2424
695 10.2376 89.2738
759 10.2371 89.303
288 10.2364 89.3381
364 10.2359 89.3684
955 10.2353 89.3979
969 10.2347 89.4324
547 10.2341 89.464
316 10.2335 89.4968
953 10.2329 89.5302
301 10.2322 89.5632
304 10.2316 89.5964
95 10.2311 89.6264
300 10.2305 89.657
213 10.2298 89.6937
39 10.2296 89.7035
203 10.2295 89.7121
436 10.2293 89.722
568 10.2291 89.7335
263 10.2289 89.7441
892 10.2287 89.7544
678 10.2284 89.7665
711 10.2282 89.7775
199 10.2281 89.7877
719 10.2279 89.7979
988 10.2276 89.8098
868 10.4008 89.8098
325 10.5918 89.8098
693 10.7617 89.8099
982 10.9369 89.8099
106 11.0994 89.8099
138 11.2858 89.8099
48 11.4629 89.81
827 11.6175 89.81
750 11.7942 89.81
380 11.954 89.8101
628 12.119 89.8101
585 12.2895 89.8101
546 12.5152 89.8101
249 12.775 89.8102
435 12.9574 89.8102
153 13.1685 89.8102
792 13.3986 89.8103
637 13.8194 89.8103
916 14.283 89.8104
1 14.6684 89.8105
462 15.1011 89.8105
446 15.4878 89.8106
447 15.9073 89.8107
247 16.4655 89.8108
886 17.1034 89.8109
761 17.6511 89.811
409 18.1255 89.811
36 18.5102 89.8111
418 18.8626 89.8111
441 19.1845 89.8112
28 19.5324 89.8112
631 19.7817 89.8113
651 19.9368 89.8113
430 20.1011 89.8113
768 20.2539 89.8114
593 20.404 89.8114
610 20.5619 89.8114
183 20.7058 89.8114
424 20.8672 89.8115
150 21.0434 89.8115
76 21.1912 89.8115
253 21.3398 89.8115
50 21.4732 89.8116
456 21.6252 89.8116
120 21.7947 89.8116
638 21.9458 89.8116
44 22.0699 89.8116
231 22.214 89.8117
491 22.2996 89.8117
833 22.3961 89.8117
167 22.506 89.8117
918 22.6116 89.8117
786 22.708 89.8117
428 22.799 89.8118
611 22.8849 89.8118
714 22.966 89.8118
360 23.05 89.8118
306 23.1493 89.8118
871 23.2393 89.8118
859 23.3352 89.8118
227 23.4249 89.8119
578 23.5218 89.8119
490 23.6211 89.8119
757 23.7146 89.8119
495 23.8004 89.8119
521 23.9051 89.8119
368 24.0073 89.812
885 24.1135 89.812
696 24.2186 89.812
73 24.3227 89.812
712 24.4128 89.812
20 24.5248 89.812
141 24.6238 89.812
15 24.7028 89.8121
13 24.7965 89.8121
557 24.9036 89.8121
808 26.78 89.8124
392 28.1648 89.8126
96 29.1724 89.8128
877 30.2087 89.8129
960 30.9991 89.813
92 31.8148 89.8132
265 32.6601 89.8133
738 33.1793 89.8134
241 33.6542 89.8134
437 34.1248 89.8135
230 34.561 89.8136
181 35.0122 89.8136
72 35.4236 89.8137
309 35.8603 89.8138
375 36.2856 89.8138
613 36.5678 89.8139
215 36.8701 89.8139
530 37.1904 89.814
193 37.3934 89.814
394 37.5589 89.814
271 37.73 89.8141
389 37.9334 89.8141
139 38.1095 89.8141
672 38.2959 89.8141
239 38.5305 89.8142
129 38.7211 89.8142
569 38.907 89.8142
22 39.0918 89.8143
548 39.2856 89.8143
53 39.4886 89.8143
448 39.6852 89.8144
763 39.8925 89.8144
707 40.0721 89.8144
874 40.2752 89.8145
752 40.4476 89.8145
974 40.6361 89.8145
470 40.8221 89.8145
292 41.0233 89.8146
146 41.225 89.8146
2 41.4262 89.8146
773 41.6711 89.8147
624 44.3341 89.8151
795 44.3341 89.8151
807 44.5094 89.802
172 44.6768 89.7896
416 44.8616 89.7758
766 45.0443 89.7622
343 45.2387 89.7477
165 45.4219 89.7341
206 45.6013 89.7207
156 45.7957 89.7063
516 45.9783 89.6927
5 46.1443 89.6803
713 46.3143 89.6676
82 46.4792 89.6554
539 46.6522 89.6425
961 46.8429 89.6283
866 47.0192 89.6152
746 47.2137 89.6007
952 47.4051 89.5864
259 47.5755 89.5738
319 47.7204 89.563
561 47.8749 89.5515
305 48.0612 89.5376
564 48.2505 89.5235
118 48.466 89.5074
367 48.6472 89.494
62 48.8156 89.4814
536 48.9829 89.469
754 49.164 89.4555
245 49.3293 89.4432
861 49.4924 89.431
415 49.6523 89.4191
541 49.7959 89.4084
559 49.9479 89.3971
105 50.1225 89.3841
659 50.2941 89.3713
814 50.4752 89.3579
449 50.657 89.3443
344 50.9005 89.3262
882 51.1069 89.3108
511 51.3037 89.2962
947 51.5014 89.2815
980 51.7089 89.266
434 51.9003 89.2518
895 52.082 89.2382
23 52.2855 89.2231
313 52.4834 89.2083
532 52.6701 89.1945
408 52.8751 89.1792
896 53.1026 89.1622
851 53.322 89.1459
185 53.5568 89.1284
911 53.7551 89.1137
584 53.9456 89.0995
618 54.1248 89.0861
856 54.3245 89.0713
395 54.5078 89.0576
737 54.6707 89.0455
406 54.8184 89.0345
140 54.9948 89.0214
335 55.1909 89.0068
477 55.3948 88.9916
177 55.5645 88.9789
940 55.7083 88.9682
887 55.887 88.9549
12 56.0665 88.9416
378 56.2517 88.9278
575 56.4093 88.9161
880 56.5587 88.9049
636 56.7172 88.8931
369 56.9068 88.879
774 57.0839 88.8658
317 57.2835 88.851
801 57.46 88.8378
229 57.6211 88.8258
40 57.7753 88.8144
320 57.9363 88.8024
202 58.1355 88.7875
671 58.315 88.7742
642 58.3151 88.7742
126 58.4111 88.7713
18 59.3458 88.7432
620 59.9887 88.7239
464 60.4474 88.7101
145 60.9085 88.6963
622 61.3167 88.684
297 61.7024 88.6724
273 62.0621 88.6616
992 62.435 88.6504
52 62.8387 88.6383
353 63.2314 88.6265
984 63.5495 88.617
823 63.9168 88.6059
158 64.2631 88.5955
42 64.5606 88.5866
567 64.8699 88.5773
817 65.2043 88.5673
251 65.5506 88.5569
931 65.8554 88.5477
149 66.2048 88.5372
854 66.5429 88.5271
666 66.8393 88.5182
285 67.1018 88.5103
816 67.3453 88.503
690 67.646 88.4939
318 69.1191 88.4497
742 70.5212 88.4076
893 71.5964 88.3753
864 72.1521 88.3586
465 72.6695 88.3431
813 73.241 88.3259
544 73.7978 88.3092
845 74.5057 88.2879
580 75.3529 88.2625
135 77.2161 88.2065
494 78.6157 88.1645
983 80.2112 88.1166
928 81.4659 88.0789
820 81.8274 87.697
685 82.3258 87.1707
725 82.6122 86.8682
159 82.9097 86.554
473 83.2344 86.2111
889 83.5534 85.8742
648 83.8456 85.5656
322 84.1452 85.2491
740 84.4722 84.9037
528 84.8138 84.543
25 85.0203 84.3249
417 85.1991 84.1361
204 85.4467 83.8746
311 85.6714 83.6373
660 85.8672 83.4304
450 85.9989 83.2914
372 85.9989 83.2914
332 79.0727 79.6237
579 74.1281 77.0054
668 70.0332 74.837
110 70.0332 74.837
775 70.0332 74.837
744 70.0332 74.837
383 70.0332 74.837
290 70.0332 74.837
67 70.0332 74.837
818 70.0332 74.837
727 70.0332 74.837
937 70.0332 74.837
173 70.0332 74.837
481 70.0332 74.837
340 70.0332 74.837
201 70.0332 74.837
595 69.6177 74.7494
650 69.3097 74.6845
509 69.0138 74.6221
867 68.752 74.5669
238 68.463 74.506
654 68.3929 74.4912
51 68.3211 74.4761
900 68.2509 74.4612
852 68.1759 74.4454
975 68.0879 74.4269
962 67.9946 74.4072
385 67.9052 74.3884
460 67.4017 74.2822
837 66.9669 74.1906
904 66.4813 74.0882
393 65.9964 73.986
847 65.5511 73.8921
832 65.1186 73.8009
647 64.7027 73.7133
440 64.3879 73.6469
83 64.1262 73.5917
71 63.8022 73.5234
68 63.4005 73.4388
152 63.0346 73.3616
755 54.3545 71.5317
94 54.1632 71.4914
563 53.9771 71.4521
315 53.8171 71.4184
802 53.6347 71.38
91 53.4669 71.3446
432 53.3069 71.3109
826 53.1334 71.2743
987 52.9808 71.2421
800 52.8001 71.204
540 52.5964 71.1611
280 52.5964 71.1611
632 52.5964 71.1611
523 52.5964 71.1611
84 52.5964 71.1611
558 52.5964 71.1611
562 52.5964 71.1611
964 52.5963 71.1611
112 52.5963 71.1611
134 52.5963 71.1611
921 52.5963 71.1611
857 52.5963 71.1611
617 52.5963 71.1611
782 52.5963 71.1611
109 52.5963 71.1611
144 52.5963 71.1611
208 52.5963 71.1611
762 52.5963 71.1611
515 52.5963 71.1611
986 52.5963 71.1611
582 52.5963 71.1611
248 52.5963 71.1611
605 52.5963 71.1611
9 52.5963 71.1611
453 52.5963 71.1611
513 52.5963 71.1611
968 52.5963 71.1611
769 52.5963 71.1611
179 52.5963 71.1611
910 50.4699 70.0043
235 50.3974 69.9649
855 50.321 69.9233
225 50.2377 69.878
976 50.1603 69.8358
410 50.091 69.7981
216 50.0223 69.7608
350 49.9454 69.7189
468 49.878 69.6822
484 49.7977 69.6385
894 49.7186 69.5955
56 49.6403 69.5529
294 49.6403 69.5529
471 47.9579 67.5166
163 47.5508 67.024
291 47.1662 66.5585
597 46.8564 66.1835
804 46.5668 65.833
779 46.2914 65.4997
80 46.0001 65.1472
683 45.7131 64.7998
621 45.4268 64.4532
21 45.1271 64.0905
127 45.0902 60.7824
210 45.0756 59.4764
522 45.065 58.5279
512 45.0586 57.9565
945 45.054 57.5416
180 45.0498 57.1703
54 45.0464 56.8645
281 45.0423 56.4954
30 45.0382 56.1278
264 45.0338 55.7398
923 45.0292 55.323
809 45.0248 54.9345
104 45.0202 54.5232
533 45.0129 53.8641
676 45.0049 53.1498
843 44.9645 49.5312
194 44.923 45.8099
586 44.8789 41.8643
63 44.8738 41.4095
875 44.8681 40.8974
681 44.861 40.2566
865 44.8553 39.7473
342 44.8514 39.3965
452 44.8461 38.9236
356 44.8405 38.4222
566 44.8346 37.8975
155 44.8283 37.3278
873 44.8204 36.6256
844 44.8201 36.5997
480 44.8198 36.5712
164 44.8194 36.5374
160 44.8191 36.512
853 44.8189 36.4875
692 44.8186 36.4631
989 44.8183 36.4376
257 44.818 36.408
848 44.8177 36.3822
935 44.8173 36.3505
421 44.817 36.3209
7 44.8167 36.2944
66 44.8164 36.2675
790 44.8161 36.2394
862 44.8158 36.2122
69 44.8155 36.1838
906 44.8151 36.15
834 44.8147 36.1137
934 44.8143 36.0811
917 44.8141 36.0563
191 44.8137 36.0252
379 44.8134 35.9947
467 45.3133 35.9888
472 45.8113 35.983
209 48.7984 35.2993
978 51.3648 34.7119
45 52.4697 34.459
377 52.6653 34.4142
355 52.8539 34.371
930 53.0411 34.3282
870 53.2279 34.2854
751 53.4359 34.2378
821 53.6568 34.1873
27 53.8359 34.1463
6 54.0229 34.1034
594 54.1921 34.0647
419 54.3571 34.0269
831 54.5768 33.9767
289 54.7555 33.9358
250 54.9873 33.8827
555 55.2565 33.8211
781 55.5306 33.7583
819 55.7952 33.6978
675 56.0617 34.8648
55 56.241 35.6501
785 56.4539 36.5824
828 56.7077 37.6938
43 56.9806 38.8887
458 57.2266 39.9659
197 57.4909 41.1233
323 57.8131 42.5344
606 57.828 42.7343
396 57.8427 42.9302
276 57.8539 43.0806
644 57.8658 43.2396
314 57.8772 43.3932
519 57.8902 43.5664
492 57.9013 43.7158
217 57.9121 43.8598
186 57.9239 44.0179
716 57.9318 44.1245
358 57.9405 44.2406
634 57.9503 44.3713
19 57.9609 44.5133
70 58.1769 47.4059
625 58.3398 49.5863
85 58.368 49.9652
262 58.3946 50.3213
926 58.4208 50.6721
143 58.4492 51.0521
293 58.4822 51.4937
942 58.5106 51.8751
538 58.5361 52.2155
623 58.5582 52.5125
357 58.5824 52.8364
35 58.6146 53.2678
791 58.6436 53.6562
798 58.6659 53.955
101 58.6828 54.1813
188 58.7002 54.4133
793 58.7185 54.6594
810 58.7369 54.906
498 58.7543 55.1386
907 58.7715 55.3684
420 58.7886 55.5971
743 58.7886 55.5971
282 59.2551 55.4957
577 59.8253 55.3717
286 60.4602 55.2337
161 61.1469 55.0845
656 63.5092 54.5709
485 64.8583 54.2777
842 66.3554 53.9522
478 67.9077 53.6148
583 69.9017 53.1814
609 71.6095 52.8101
466 72.2622 52.6682
850 72.7645 52.5591
117 73.295 52.4437
136 74.1676 52.254
932 74.4388 52.1951
920 74.7013 52.138
425 74.9517 52.0836
195 75.2071 52.0281
334 75.448 51.9757
242 75.7241 51.9157
592 75.9515 51.8663
274 76.1854 51.8154
941 76.2571 51.7998
838 76.3481 51.7801
967 76.4248 51.7634
232 76.4984 51.7474
670 76.5797 51.7297
29 76.6631 51.7116
553 76.7381 51.6953
767 76.8131 51.679
102 76.9046 51.6591
190 77.006 51.6371
745 77.4768 51.5347
951 79.1475 51.25
198 80.3171 51.0507
977 81.4058 50.8652
107 82.5441 50.6712
884 83.2901 50.5441
506 83.9736 50.4276
170 84.6335 50.3151
684 85.2052 50.2177
387 85.8086 50.1149
497 86.5704 49.985
835 86.5029 42.7443
520 86.4599 38.1348
33 86.4253 34.4259
98 86.3943 31.099
590 86.3647 27.9294
483 86.2684 17.5916
979 86.2684 17.5916
243 86.2684 17.5916
627 86.2683 17.5916
345 86.2683 17.5916
260 86.2683 17.5916
