0,103,721,959,581,295,598,176,504,819,777,24,55,164,821,43,6,781,250,555,831,314,681,458,63,197,634,675,844,358,45,27,978,828,419,69,934,289,873,276,586,19,853,865,716,785,209,751,355,906,356,467,194,917,155,191,257,862,790,66,421,935,848,834,679,535,913,508,664,38,619,11,403,278,869,687,655,205,612,706,302,989,566,692,876,452,269,915,307,121,602,486,829,723,748,438,160,32,78,151,414,7,480,65,783,475,397,388,529,811,354,549,413,543,787,653,221,902,261,379,26,310,111,573,64,709,351,822,883,704,824,246,669,287,363,407,626,518,337,439,702,284,899,682,646,643,741,812,488,8,674,254,722,61,412,881,362,348,629,588,963,187,710,943,211,985,474,455,366,87,74,661,402,331,268,258,794,125,86,133,283,514,299,673,898,641,771,330,10,384,958,328,4,836,572,499,46,700,908,148,37,128,770,990,222,228,116,936,749,677,166,863,391,476,633,142,157,841,663,341,463,212,312,279,731,652,708,57,423,47,122,123,214,352,489,154,949,616,347,373,303,542,505,909,218,336,527,100,565,174,805,925,534,182,849,531,858,758,972,691,703,131,589,601,234,784,797,698,760,764,747,192,705,879,938,846,956,552,237,49,147,267,688,79,599,349,545,981,929,891,496,596,525,901,59,324,756,422,89,809,461,451,390,522,640,507,922,370,30,180,597,104,512,233,778,603,127,732,510,210,264,765,54,281,576,471,410,137,965,382,729,897,34,329,957,733,735,645,327,291,404,910,912,839,266,493,365,171,788,359,903,591,454,697,550,226,574,443,730,571,223,689,600,658,724,308,252,872,662,789,124,526,21,501,60,270,954,16,927,886,469,296,587,878,604,946,971,888,635,578,418,772,720,220,537,275,360,168,502,130,411,346,99,81,429,162,924,371,272,196,939,554,240,457,31,556,570,667,799,445,524,487,950,339,560,400,14,119,113,482,114,639,207,255,361,3,665,970,224,277,607,500,184,830,966,77,203,132,376,905,796,728,399,426,178,892,615,48,325,381,338,726,948,734,739,321,890,551,219,427,433,860,374,630,503,517,717,686,694,657,97,680,431,701,298,780,398,244,944,75,333,825,608,326,479,17,719,90,991,88,759,546,955,792,153,106,15,169,914,108,776,401,138,200,444,435,973,93,300,436,753,736,750,678,585,380,711,628,827,199,699,815,568,39,803,969,868,547,316,953,301,304,405,95,693,557,249,58,442,263,1,213,364,386,933,247,712,695,236,718,637,982,446,988,871,13,447,462,491,424,306,409,521,441,227,714,430,768,833,611,44,786,150,183,593,495,651,638,41,28,20,392,141,757,960,859,368,696,761,885,288,610,36,73,115,916,231,631,490,76,253,50,456,120,271,659,614,428,416,808,96,139,918,167,807,874,649,292,92,230,795,672,256,919,642,343,877,755,265,2,189,146,389,206,713,707,548,241,448,766,305,437,181,172,866,814,72,53,22,215,569,309,752,613,470,394,738,974,559,245,408,561,539,976,806,773,840,23,880,82,763,882,156,434,511,105,375,165,564,562,802,406,536,280,320,636,202,774,887,541,861,40,952,980,449,532,129,239,193,530,5,516,961,62,367,618,415,801,12,940,754,816,690,746,851,624,344,896,369,584,313,464,185,575,992,273,823,737,895,140,782,118,335,42,477,800,179,911,149,856,567,317,229,259,52,817,145,845,285,620,984,177,622,158,580,251,544,740,465,893,318,417,854,725,928,353,820,983,813,494,864,666,135,450,742,311,372,204,473,685,25,648,889,528,322,660,159,775,383,332,340,847,393,904,837,460,647,744,975,478,67,420,290,671,668,962,900,51,152,385,579,818,762,481,68,595,173,71,83,937,201,110,297,238,654,509,727,395,867,832,315,931,987,432,964,857,769,605,921,440,18,378,126,826,947,294,319,9,282,84,91,563,617,798,513,248,350,144,894,743,515,112,235,791,986,810,625,793,804,558,779,163,621,56,498,715,459,101,175,683,286,632,468,453,855,216,676,161,134,484,523,225,80,968,582,109,208,94,540,533,492,186,907,930,217,472,923,870,843,875,594,842,35,623,577,650,293,945,262,342,377,188,85,850,190,396,644,29,117,656,232,519,357,538,767,466,852,334,143,838,926,70,485,941,425,606,609,967,553,102,323,942,583,977,506,136,195,684,242,920,951,670,932,107,497,745,835,520,274,592,170,884,198,387,33,590,98,243,627,483,979,345,260,
value : 441.222 running time : 444.197223
0 80 20
103 66.9296 15.4374
721 66.4229 16.1602
959 65.6397 17.2774
581 65.0863 18.0669
295 64.5475 18.8355
598 64.0528 19.5412
176 63.5806 20.2149
504 62.8948 21.1931
819 62.1511 22.2542
777 61.4824 23.2081
24 60.5271 24.5709
55 59.1495 26.536
164 58.0765 28.0667
821 57.2147 29.2961
43 56.273 30.6396
6 56.1459 30.821
781 56.001 31.0276
250 55.8558 31.2348
555 55.721 31.4271
831 55.5825 31.6246
314 55.4171 31.8606
681 55.3053 32.0201
458 55.1891 32.1858
63 55.0718 32.3532
197 55.0718 32.3532
634 55.0718 32.3532
675 55.0718 32.3532
844 54.6028 32.5019
358 54.2461 32.615
45 53.8456 32.742
27 53.2363 32.9353
978 52.6248 33.1292
828 51.8358 33.3794
419 50.8997 33.6763
69 49.5204 34.1137
934 49.1293 34.2377
289 48.8001 34.3421
873 48.4721 34.4462
276 48.0944 34.566
586 47.7586 34.6725
19 47.4681 34.7646
853 47.1368 34.8697
865 46.8735 34.9532
716 46.5851 35.0446
785 46.301 35.1347
209 45.993 35.2324
751 45.6888 35.3289
355 45.3397 35.4396
906 44.804 35.6095
356 44.212 35.7972
467 43.7217 35.9527
194 43.2404 36.1054
917 42.8292 36.2358
155 42.4454 36.3575
191 42.0708 36.4763
257 41.7101 36.5907
862 41.3391 36.7084
790 40.9934 36.818
66 40.6688 36.921
421 40.0463 37.1184
935 39.3715 37.3324
848 38.6082 37.5745
834 37.4443 37.9436
679 36.0593 38.3828
535 34.8588 38.7636
913 34.2605 38.9533
508 33.9704 39.0453
664 33.6926 39.1334
38 33.4114 39.2226
619 33.1314 39.3114
11 32.8482 39.4012
403 32.5768 39.4873
278 32.5768 39.4873
869 32.5768 39.4873
687 32.5768 39.4873
655 32.5768 39.4873
205 32.5768 39.4873
612 32.5768 39.4873
706 32.5768 39.4873
302 32.5768 39.4873
989 32.5768 39.4873
566 32.5768 39.4873
692 32.5768 39.4873
876 32.5768 39.4873
452 32.5768 39.4873
269 32.3244 39.1746
915 30.3365 36.712
307 30.3317 36.7061
121 30.3317 36.7061
602 30.3317 36.7061
486 30.3317 36.7061
829 30.3317 36.7061
723 30.3317 36.7061
748 30.3317 36.7061
438 30.3317 36.7061
160 30.3317 36.7061
32 30.3317 36.7061
78 30.3317 36.7061
151 30.3399 36.6452
414 30.348 36.5853
7 30.3565 36.5215
480 30.3649 36.4589
65 30.373 36.3988
783 30.3802 36.3451
475 30.388 36.2876
397 30.3967 36.223
388 30.406 36.1538
529 30.4158 36.0805
811 30.4248 36.0136
354 30.4345 35.9417
549 30.4419 35.8861
413 30.4489 35.8343
543 30.4715 35.6659
787 31.5093 27.9475
653 32.6528 19.4419
221 32.6741 19.2835
902 32.7019 19.0772
261 32.7304 18.8647
379 32.7593 18.6502
26 32.7929 18.4005
310 32.8248 18.1632
111 32.8538 17.9475
573 32.8841 17.7224
64 32.9109 17.523
709 32.9397 17.3087
351 32.9743 17.0514
822 33.0019 16.8463
883 33.0337 16.6099
704 33.0654 16.3744
824 33.0934 16.166
246 33.1419 15.8057
669 33.1953 15.4082
287 33.2422 15.0596
363 33.2846 14.7441
407 33.3268 14.4306
626 33.3649 14.1469
518 33.4135 13.7859
337 31.6984 13.8303
439 27.6591 13.9349
702 25.1566 13.9997
284 22.9841 14.056
899 19.8562 14.137
682 16.0973 14.2343
646 14.6569 14.2716
643 14.4027 14.2782
741 14.0096 14.2884
812 13.6624 14.2974
488 13.6478 14.3832
8 13.6321 14.4756
674 13.6162 14.5693
254 13.6005 14.6621
722 13.5878 14.7369
61 13.487 15.3306
412 13.4074 15.7993
881 13.3378 16.2094
362 13.2479 16.7389
348 13.1676 17.212
629 13.0876 17.6835
588 12.9812 18.3102
963 12.8687 18.9732
187 12.7789 19.5022
710 12.6924 20.6555
943 12.6253 21.5515
211 12.5785 22.1761
985 12.4995 23.2297
474 12.4684 23.6459
455 12.4351 24.0894
366 12.4026 24.5231
87 12.3489 25.2403
74 12.3155 25.6854
661 12.2839 26.1079
402 12.2498 26.5619
331 12.2127 27.0579
268 12.1724 27.5954
258 12.1344 28.1024
794 12.0922 28.6658
125 12.0494 29.2364
86 12.0152 29.6935
133 11.9833 30.118
283 11.9489 30.5774
514 11.9213 30.9453
299 11.8941 31.3082
673 11.8637 31.714
898 11.8273 32.2002
641 11.7595 33.1053
771 11.5621 35.7387
330 11.5539 35.8486
10 11.546 35.9538
384 11.538 36.0603
958 11.5305 36.1607
328 11.5232 36.258
4 11.5232 36.258
836 11.6116 36.8192
572 11.7237 37.5314
499 12.0509 39.61
46 12.2334 40.7695
700 12.4188 41.9475
908 12.637 43.3339
148 12.7078 43.7841
37 12.7794 44.2392
128 12.651 45.2781
770 12.5437 46.1464
990 12.4309 47.0593
222 12.3056 48.0729
228 12.1832 49.0629
116 12.0467 50.1679
936 12.034 50.2701
749 12.0215 50.371
677 12.0084 50.4775
166 11.9965 50.5731
863 11.9867 50.6528
391 11.9752 50.7453
476 11.9632 50.8423
633 11.9497 50.9519
142 11.9365 51.058
157 11.9242 51.1576
841 11.9115 51.2604
663 11.8989 51.3619
341 11.885 51.4746
463 11.8716 51.5828
212 11.8588 51.6858
312 11.8437 51.8084
279 11.8269 51.9442
731 11.8126 52.0595
652 11.7961 52.1929
708 11.7785 52.3346
57 11.7636 52.4554
423 11.7492 52.5712
47 11.7267 52.7535
122 11.7056 52.9239
123 11.6915 53.0381
214 11.6736 53.1825
352 11.6583 53.3062
489 11.6428 53.4312
154 11.6277 53.5532
949 11.6119 53.6808
616 11.5942 53.8238
347 11.3433 55.8518
373 11.4148 55.8735
303 11.485 55.8948
542 11.5578 55.9169
505 11.6259 55.9376
909 11.692 55.9576
218 11.7586 55.9778
336 11.8342 56.0008
527 11.8969 56.0198
100 11.9708 56.0422
565 12.0488 56.0659
174 12.1209 56.0878
805 12.1837 56.1068
925 12.248 56.1264
534 12.323 56.1491
182 12.3926 56.1702
849 12.452 56.1883
531 12.6169 56.2383
858 12.8178 56.2993
758 12.9866 56.3505
972 13.1367 56.396
691 13.293 56.4435
703 13.4345 56.4864
131 13.5876 56.5329
589 13.745 56.5807
601 13.9123 56.6314
234 13.9123 56.6314
784 13.9123 56.6314
797 13.9123 56.6314
698 13.9123 56.6314
760 13.9123 56.6314
764 13.9123 56.6314
747 13.9123 56.6314
192 13.9123 56.6314
705 13.9123 56.6314
879 13.9123 56.6314
938 15.8312 56.5476
846 17.5822 56.4711
956 18.915 56.4129
552 20.2292 56.3556
237 25.739 55.6443
49 25.739 55.6443
147 25.739 55.6443
267 25.739 55.6443
688 25.739 55.6443
79 25.739 55.6443
599 25.739 55.6443
349 25.739 55.6443
545 25.739 55.6443
981 25.739 55.6443
929 25.7391 55.6443
891 25.7391 55.6443
496 25.7391 55.6443
596 30.8922 55.3587
525 31.002 55.3526
901 31.1112 55.3465
59 31.2273 55.3401
324 31.3468 55.3335
756 31.4723 55.3265
422 31.5926 55.3198
89 31.7725 55.3098
809 31.9386 55.3006
461 32.0862 55.2924
451 32.1997 55.2861
390 32.4174 55.274
522 32.6561 55.2607
640 32.8385 55.2506
507 33.0429 55.2392
922 33.3089 55.2245
370 33.5525 55.2109
30 33.7714 55.1988
180 34.0009 55.186
597 34.2208 55.1738
104 34.2208 55.1738
512 34.2208 55.1738
233 33.895 55.8739
778 33.8616 55.9455
603 33.8254 56.0234
127 33.7911 56.0971
732 33.7527 56.1796
510 33.7144 56.2619
210 33.6824 56.3305
264 33.6449 56.4112
765 33.6056 56.4956
54 33.5694 56.5733
281 33.5358 56.6455
576 33.132 57.5133
471 32.7303 58.3766
410 32.2289 59.4539
137 31.9638 59.9442
965 31.7009 60.4305
382 31.4849 60.8301
729 31.2667 61.2336
897 31.0447 61.6443
34 30.8443 62.0149
329 30.6402 62.3924
957 30.5042 62.644
733 30.3568 62.9166
735 30.2133 63.182
645 30.0673 63.4521
327 29.9081 63.7466
291 29.7819 63.98
404 29.6375 64.2472
910 29.5004 64.5007
912 29.3695 64.7428
839 29.2176 65.0237
266 29.0327 65.3657
493 28.9053 65.6015
365 28.7583 65.8733
171 28.6 66.1661
788 28.4359 66.4696
359 28.2579 66.7987
903 28.0766 67.1342
591 27.8857 67.4873
454 27.6859 67.8568
697 27.5059 68.1897
550 27.4422 68.3075
226 27.4094 68.3681
574 27.3802 68.4222
443 27.3483 68.4812
730 27.3206 68.5324
571 27.2925 68.5844
223 27.2605 68.6436
689 27.2323 68.6957
600 27.204 68.7482
658 27.1755 68.8008
724 27.1507 68.8468
308 27.1011 68.9384
252 27.0428 69.0463
872 26.9879 69.1479
662 26.9373 69.2415
789 26.8878 69.3332
124 26.8367 69.4277
526 26.7903 69.5135
21 26.7422 69.6026
501 26.6899 69.6994
60 26.6305 69.8093
270 26.578 69.9064
954 25.8816 70.5176
16 25.2482 71.0734
927 24.6664 71.584
886 23.9628 72.2014
469 23.434 72.6655
296 23.302 72.7814
587 23.1792 72.8892
878 23.0334 73.0171
604 22.851 73.1772
946 22.6728 73.3336
971 22.5134 73.4734
888 22.3277 73.6365
635 22.1438 73.7978
578 21.9524 73.9658
418 21.7805 74.1166
772 19.0462 73.5252
720 18.9938 73.5139
220 18.6323 73.4357
537 18.2771 73.3588
275 17.8598 73.2685
360 17.4599 73.182
168 17.0153 73.0858
502 16.5517 72.9855
130 16.124 72.8929
411 15.7125 72.8039
346 15.2892 72.7123
99 14.9097 72.6301
81 14.44 72.5285
429 13.9971 72.4327
162 13.5345 72.3326
924 13.0831 72.2349
371 12.5109 72.1111
272 12.2467 72.0539
196 11.9565 71.9911
939 10.544 72.0034
554 11.1063 73.715
240 11.1065 73.7155
457 11.1066 73.7159
31 11.1067 73.7163
556 11.1068 73.7166
570 11.107 73.717
667 11.1071 73.7173
799 11.1072 73.7176
445 11.1073 73.718
524 11.1075 73.7184
487 11.1076 73.7189
950 11.1078 73.7193
339 11.1079 73.7197
560 11.108 73.7201
400 11.1081 73.7204
14 11.1082 73.7207
119 11.1084 73.7211
113 11.1085 73.7215
482 11.1086 73.7218
114 11.1087 73.7222
639 11.1089 73.7226
207 11.109 73.7229
255 11.1091 73.7233
361 11.1092 73.7237
3 11.1094 73.7241
665 11.1095 73.7244
970 11.1096 73.7248
224 11.1097 73.7252
277 11.1099 73.7256
607 11.11 73.726
500 11.1102 73.7264
184 11.1103 73.7268
830 11.1104 73.7272
966 11.1105 73.7275
77 11.13 73.7856
203 11.1531 73.8547
132 11.172 73.9112
376 11.1925 73.9724
905 11.2174 74.0465
796 11.239 74.1112
728 11.2601 74.1742
399 11.283 74.2425
426 11.3026 74.301
178 11.322 74.3592
892 11.3421 74.419
615 11.3609 74.4753
48 11.3803 74.5331
325 11.3981 74.5865
381 11.4137 74.633
338 11.4336 74.6923
726 11.455 74.7564
948 11.4739 74.8129
734 11.4932 74.8705
739 11.5212 74.954
321 11.5521 75.0463
890 11.5804 75.131
551 11.6076 75.2121
219 11.6322 75.2858
427 11.66 75.3687
433 11.6897 75.4575
860 11.7175 75.5406
374 11.7445 75.6212
630 11.7698 75.6967
503 11.7972 75.7784
517 11.8232 75.8561
717 11.8596 75.9649
686 11.9167 76.1355
694 11.9746 76.3087
657 12.0433 76.5139
97 12.112 76.7192
680 12.1829 76.9309
431 12.2551 77.1465
701 12.3262 77.3591
298 12.3998 77.5788
780 12.475 77.8037
398 12.5493 78.0257
244 12.6279 78.2604
944 12.7064 78.4951
75 12.7882 78.7394
333 12.8724 78.9911
825 12.7685 79.5198
608 12.6612 80.0651
326 12.5539 80.611
479 12.434 81.2207
17 12.2842 81.9832
719 12.1848 82.4886
90 12.0953 82.9437
991 11.9972 83.4428
88 11.882 84.0287
759 11.7533 84.6833
546 11.6275 85.323
955 11.4995 85.9742
792 11.3571 86.6986
153 11.2172 87.4102
106 11.0785 88.1159
15 10.9668 88.6837
169 10.9608 88.7142
914 10.9537 88.7504
108 10.9468 88.7855
776 10.9392 88.8242
401 10.9329 88.8564
138 10.9256 88.8937
200 10.9185 88.9297
444 10.9123 88.961
435 10.9046 89.0006
973 10.8984 89.0321
93 10.8926 89.0615
300 10.8863 89.0934
436 10.8796 89.1276
753 10.8717 89.1679
736 10.8646 89.204
750 10.8564 89.2459
678 10.8497 89.2801
585 10.8426 89.3162
380 10.8355 89.3524
711 10.8291 89.3845
628 10.8232 89.4148
827 10.8158 89.4526
199 10.8095 89.4843
699 10.8034 89.5157
815 10.7966 89.5501
568 10.7891 89.5882
39 10.7819 89.6249
803 10.7754 89.6582
969 10.7684 89.6936
868 10.7615 89.7289
547 10.7554 89.76
316 10.7489 89.7928
953 10.7418 89.8291
301 10.7349 89.8641
304 10.7279 89.9
405 10.7209 89.9356
95 10.7148 89.9664
693 10.7081 90.0007
557 10.7017 90.0332
249 10.6955 90.065
58 10.6886 90.1
442 10.681 90.1388
263 10.6739 90.1748
1 10.6665 90.2122
213 10.6589 90.2513
364 10.6586 90.2526
386 10.6583 90.2539
933 10.6581 90.2553
247 10.6578 90.2567
712 10.6575 90.2581
695 10.6572 90.2596
236 10.6569 90.2613
718 10.6566 90.2628
637 10.6563 90.2643
982 10.656 90.2658
446 10.6557 90.2673
988 10.6554 90.269
871 12.553 90.1348
13 13.5715 90.0627
447 14.4793 89.9985
462 15.7279 89.9102
491 16.982 89.8215
424 17.8691 89.7587
306 18.6656 89.7024
409 19.1419 89.6687
521 19.5464 89.64
441 19.9246 89.6133
227 20.2981 89.5869
714 20.7154 89.5573
430 21.1286 89.5281
768 21.4925 89.5024
833 21.8464 89.4773
611 22.2298 89.4502
44 22.4797 89.4325
786 22.7502 89.4134
150 22.9889 89.3965
183 23.1961 89.3818
593 23.4269 89.3655
495 23.6566 89.3493
651 23.9462 89.3288
638 24.2417 89.3079
41 24.4894 89.2904
28 24.7442 89.2723
20 25.0066 89.2538
392 25.2606 89.2358
141 25.4679 89.2211
757 25.6634 89.2073
960 25.8798 89.192
859 26.0114 89.1827
368 26.1488 89.173
696 26.3002 89.1623
761 26.4496 89.1517
885 26.5951 89.1414
288 26.7426 89.131
610 26.9033 89.1196
36 27.0569 89.1088
73 27.2077 89.0981
115 27.3398 89.0888
916 27.5149 89.0764
231 27.9328 89.0468
631 28.2619 89.0235
490 28.5908 89.0003
76 28.943 88.9754
253 29.2982 88.9502
50 29.6286 88.9269
456 30.0243 88.8989
120 31.6271 88.7855
271 33.2932 88.6676
659 34.8989 88.5541
614 35.2964 88.526
428 35.6252 88.5027
416 36.0268 88.4743
808 36.3613 88.4506
96 36.7409 88.4238
139 37.1648 88.3938
918 37.6045 88.3627
167 38.0951 88.328
807 39.2339 88.2475
874 40.1864 88.1801
649 40.194 88.1758
292 40.2011 88.1718
92 40.2075 88.1682
230 40.2146 88.1642
795 40.2216 88.1602
672 40.2291 88.156
256 40.2372 88.1514
919 40.2454 88.1469
642 40.254 88.142
343 40.2608 88.1381
877 40.2676 88.1343
755 40.2755 88.1299
265 40.2816 88.1265
2 40.2891 88.1222
189 40.2968 88.1179
146 40.3035 88.1141
389 40.3108 88.11
206 40.3184 88.1057
713 40.3257 88.1016
707 40.3325 88.0978
548 40.34 88.0936
241 40.3478 88.0892
448 40.3546 88.0853
766 40.3622 88.081
305 40.3705 88.0764
437 40.3778 88.0723
181 40.3845 88.0685
172 40.3921 88.0642
866 40.3998 88.0599
814 40.4075 88.0555
72 40.414 88.0519
53 40.4212 88.0478
22 40.4287 88.0436
215 40.4367 88.0391
569 40.4432 88.0354
309 40.4502 88.0315
752 40.4568 88.0278
613 40.4643 88.0236
470 40.4721 88.0192
394 40.4803 88.0145
738 40.4875 88.0105
974 40.4953 88.0061
559 40.8982 87.7794
245 41.3483 87.5262
408 41.6858 87.3364
561 42.0025 87.1582
539 42.3235 86.9776
976 42.6468 86.7958
806 42.6964 86.8057
773 42.7574 86.8179
840 45.6672 87.4022
23 50.2404 88.3211
880 50.2404 88.3211
82 50.2404 88.3211
763 50.2404 88.3211
882 50.2404 88.3211
156 50.2404 88.3211
434 50.2404 88.3211
511 50.2404 88.3211
105 50.2404 88.3211
375 50.2404 88.3211
165 50.2404 88.3211
564 50.2404 88.3211
562 50.2404 88.3211
802 50.2404 88.3211
406 50.2404 88.3211
536 50.2404 88.3211
280 50.2404 88.3211
320 50.2404 88.3211
636 50.2404 88.3211
202 50.2404 88.3211
774 50.2404 88.3211
887 50.2404 88.3211
541 50.2404 88.3211
861 50.2404 88.3211
40 50.2404 88.3211
952 50.2404 88.3211
980 50.2404 88.3211
449 50.2404 88.3211
532 50.2404 88.3211
129 50.2404 88.3211
239 50.2404 88.3211
193 50.2404 88.3211
530 50.2404 88.3211
5 50.2404 88.3211
516 50.4994 88.3198
961 50.7658 88.3185
62 51.0294 88.3172
367 51.2952 88.3159
618 51.5651 88.3145
415 51.8307 88.3132
801 52.0908 88.3119
12 52.3151 88.3108
940 52.5386 88.3098
754 52.7716 88.3086
816 52.9986 88.3075
690 53.2247 88.3064
746 53.449 88.3054
851 53.6744 88.3043
624 53.9077 88.3031
344 54.1362 88.302
896 54.3633 88.3009
369 54.5865 88.2998
584 54.8299 88.2986
313 55.0602 88.2975
464 55.2856 88.2963
185 55.467 88.2955
575 55.6395 88.2946
992 55.829 88.2937
273 56.0079 88.2929
823 56.1787 88.292
737 56.1792 88.292
895 56.1797 88.292
140 56.1801 88.292
782 56.1807 88.292
118 56.4642 88.2908
335 56.7532 88.2896
42 57.0493 88.2884
477 57.3028 88.2873
800 57.5301 88.2863
179 58.9783 88.2803
911 60.8033 88.2728
149 63.0574 88.2637
856 63.3246 88.2626
567 63.6929 88.261
317 64.0507 88.2595
229 64.406 88.2579
259 64.897 88.2559
52 65.5709 88.253
817 66.2303 88.2502
145 66.9128 88.2473
845 67.5625 88.2446
285 68.196 88.2419
620 68.7968 88.2393
984 69.4236 88.2366
177 70.1859 88.2334
622 71.1483 88.2294
158 72.1615 88.2251
580 73.1714 88.2209
251 73.7064 88.2186
544 74.2934 88.2161
740 75.0377 88.2129
465 75.5928 88.2105
893 76.2467 88.2078
318 76.8301 88.2053
417 77.8099 88.2011
854 78.8368 88.1968
725 80.0829 88.1916
928 81.232 88.1868
353 81.232 88.1868
820 81.232 88.1868
983 81.232 88.1868
813 81.232 88.1867
494 81.232 88.1867
864 81.232 88.1867
666 81.232 88.1867
135 81.232 88.1867
450 85.9989 83.2914
742 85.9989 83.2914
311 85.9989 83.2914
372 85.9989 83.2914
204 85.7713 83.1566
473 85.5804 83.0436
685 85.3858 82.9284
25 85.1678 82.7993
648 84.9027 82.6424
889 84.6854 82.5137
528 84.4236 82.3587
322 84.2003 82.2265
660 83.9494 82.0779
159 80.5208 80.0479
775 77.2257 78.0968
383 74.8765 76.7059
332 73.6359 75.9713
340 71.567 74.7464
847 70.714 74.2413
393 70.108 73.8825
904 69.6487 73.6105
837 69.2018 73.3459
460 68.682 73.0381
647 68.2238 72.7668
744 68.1138 72.7017
975 67.9863 72.6262
478 67.8359 72.5371
67 67.7149 72.4655
420 67.5974 72.3959
290 67.5718 72.4006
671 67.545 72.4056
668 67.5239 72.4094
962 67.5042 72.4131
900 67.4833 72.4169
51 67.4601 72.4212
152 67.4398 72.4249
385 67.4183 72.4289
579 67.3922 72.4337
818 67.3656 72.4386
762 67.3386 72.4435
481 67.3151 72.4478
68 67.2927 72.452
595 67.2688 72.4563
173 67.2446 72.4608
71 67.2223 72.4649
83 67.1994 72.4691
937 67.1765 72.4733
201 67.1564 72.477
110 66.5837 72.5823
297 65.8759 72.7123
238 65.289 72.8202
654 64.7472 72.9198
509 64.158 73.028
727 63.623 73.1264
395 63.0351 73.2344
867 62.5102 73.3309
832 61.8323 73.4555
315 61.2195 73.5681
931 60.666 73.6698
987 60.111 73.7718
432 59.5441 73.876
964 59.0122 73.9737
857 58.4818 74.0712
769 58.018 74.1564
605 57.5804 74.2369
921 57.1008 74.325
440 56.7036 74.398
18 56.2733 74.4771
378 55.7405 74.575
126 55.0853 74.6954
826 54.5356 74.7964
947 54.0615 74.8835
294 54.0615 74.8835
319 54.0615 74.8835
9 53.7404 74.2294
282 53.4014 73.5388
84 53.1994 73.1273
91 53.0313 72.7848
563 52.8541 72.4237
617 52.6504 72.0087
798 52.4609 71.6226
513 52.3464 71.3894
248 52.224 71.1399
350 52.0796 70.8457
144 51.939 70.5594
894 51.7994 70.2749
743 51.6634 69.9978
515 51.5405 69.7473
112 51.4174 69.4965
235 51.277 69.2105
791 51.1415 68.9345
986 51.0177 68.6823
810 50.8773 68.3962
625 50.7455 68.1276
793 50.6168 67.8654
804 50.518 67.6641
558 50.4244 67.4735
779 50.3319 67.2849
163 50.2325 67.0825
621 50.1278 66.8691
56 50.0497 66.7101
498 50.0497 66.7101
715 50.0497 66.7101
459 50.0497 66.7101
101 50.0497 66.7101
175 50.0497 66.7101
683 50.0497 66.7101
286 50.0497 66.7101
632 50.0497 66.7101
468 50.0497 66.7101
453 50.0497 66.7101
855 50.0497 66.7101
216 50.0497 66.7101
676 50.0497 66.7101
161 50.0497 66.7101
134 50.0497 66.7101
484 50.0497 66.7101
523 50.0497 66.7101
225 50.0497 66.7101
80 50.0497 66.7101
968 50.0497 66.7101
582 50.0497 66.7101
109 50.0497 66.7101
208 50.0497 66.7101
94 50.0497 66.7101
540 50.0497 66.7101
533 50.4445 62.5998
492 53.4008 57.3991
186 54.4195 55.6069
907 55.4206 53.8458
930 56.9633 51.1319
217 57.1251 51.3047
472 57.2952 51.4862
923 57.4988 51.7036
870 57.6779 51.8948
843 57.9257 52.1594
875 58.1784 52.4291
594 58.4593 52.729
842 58.8485 53.1445
35 59.2013 53.5212
623 59.5118 53.8526
577 59.8721 54.2373
650 60.2421 54.6322
293 59.3605 53.4135
945 58.3074 51.9578
262 57.9447 51.4563
342 57.5835 50.957
377 59.9518 49.414
188 60.8383 49.6649
85 61.812 49.9405
850 62.9374 50.259
190 63.551 50.4327
396 64.099 50.5878
644 64.7175 50.7628
29 65.415 50.9602
117 65.5953 51.0113
656 65.7972 51.0684
232 65.9659 51.1162
519 66.1196 51.1597
357 67.0041 51.41
538 68.036 51.7021
767 69.4249 52.0952
466 70.8543 52.4998
852 72.5279 52.9734
334 72.5279 52.9734
143 72.5279 52.9734
838 72.5279 52.9734
926 72.5279 52.9734
70 72.5279 52.9734
485 72.5279 52.9734
941 72.5279 52.9734
425 72.528 52.9734
606 72.528 52.9734
609 72.8606 52.7455
967 73.1462 52.5498
553 73.4486 52.3427
102 73.7514 52.1353
323 74.0782 51.9114
942 74.9908 51.7733
583 76.4341 51.5548
977 78.1153 51.3003
506 79.3146 51.1188
136 79.6917 51.0617
195 80.0292 51.0107
684 80.4036 50.954
242 80.7416 50.9028
920 81.0615 50.8544
951 81.4127 50.8013
670 81.7079 50.7566
932 83.2379 50.525
107 85.1703 50.2325
497 86.5365 50.0257
745 86.324 44.2392
835 86.324 44.2392
520 86.324 44.2392
274 86.324 44.2392
592 86.324 44.2392
170 86.324 44.2392
884 86.324 44.2392
198 86.324 44.2392
387 86.324 44.2392
33 86.31 37.4739
590 86.2999 32.6906
98 86.2888 27.4493
243 86.2725 19.4967
627 86.2705 18.5531
483 86.2684 17.5916
979 86.2684 17.5916
345 86.2683 17.5916
260 86.2683 17.5916
