0,295,581,598,103,176,504,819,777,24,721,419,377,314,458,844,959,634,751,828,978,821,45,831,555,250,781,6,27,55,716,43,930,355,785,873,865,164,358,289,69,480,356,197,209,66,155,917,452,586,467,566,257,862,790,935,421,853,681,63,19,906,778,49,276,875,623,848,7,783,151,748,529,302,989,525,37,706,397,876,612,486,413,869,723,692,414,619,278,508,549,679,811,11,191,475,655,687,38,829,121,125,836,205,787,388,65,354,602,664,902,379,709,439,284,307,160,915,934,834,310,221,824,822,261,363,26,653,287,643,351,407,704,518,669,64,883,626,111,702,246,573,337,588,362,348,682,963,741,366,61,211,899,646,268,331,722,881,674,254,488,629,455,8,812,187,412,641,4,74,283,514,985,700,943,572,794,710,258,474,661,402,673,299,898,78,330,32,86,534,328,87,10,797,499,731,652,990,212,133,958,122,166,46,116,157,496,949,972,708,384,764,128,863,303,279,936,341,57,196,463,312,214,565,771,758,663,352,909,925,805,47,489,123,423,100,841,616,228,770,542,505,749,373,222,182,476,527,849,192,858,336,114,130,132,698,633,218,174,154,938,897,142,589,391,438,510,324,733,691,382,601,329,79,640,908,148,403,587,493,603,756,451,846,59,34,956,735,957,705,927,543,545,720,903,180,237,913,535,269,147,788,507,981,422,901,599,522,729,688,461,233,839,404,80,210,533,390,194,765,365,171,621,929,596,471,597,910,281,923,809,104,56,267,264,137,89,30,127,370,891,512,21,912,922,54,614,308,732,410,291,349,645,724,41,175,266,658,591,537,950,662,789,526,252,124,333,954,359,60,550,189,99,454,689,223,270,600,16,730,888,443,574,226,604,220,571,327,501,965,971,878,924,578,697,757,275,726,88,168,615,556,991,162,703,665,255,97,346,3,374,457,400,686,445,338,371,411,272,966,381,277,694,739,77,234,517,14,734,799,81,398,860,552,948,677,639,701,551,479,796,531,487,946,339,635,772,667,427,113,119,630,298,970,433,717,939,747,326,680,240,879,376,760,784,131,524,429,657,482,728,31,347,436,75,607,503,570,360,502,886,426,554,361,207,500,219,944,178,224,890,90,830,431,719,325,568,955,792,153,905,17,546,560,106,547,316,953,301,304,405,95,693,557,249,58,442,263,48,321,1,868,39,803,969,13,495,115,988,386,933,247,244,712,695,236,718,637,982,446,213,736,892,750,678,585,380,711,628,827,199,699,815,780,753,203,447,462,916,364,469,169,914,108,776,401,138,399,200,444,435,973,93,300,759,825,184,768,296,288,28,611,141,490,227,2,714,430,651,491,593,15,392,872,608,76,253,50,456,120,638,44,786,808,428,521,150,441,859,167,73,696,761,885,871,36,833,368,610,183,424,418,306,409,631,20,960,470,394,752,548,877,773,738,96,139,231,763,343,918,561,72,416,562,265,974,766,92,241,437,215,569,309,271,613,53,181,707,230,795,206,840,642,146,814,22,294,292,256,806,919,672,539,649,172,5,564,866,807,126,961,82,536,129,239,659,449,389,713,448,305,559,516,165,532,375,895,415,980,280,335,874,344,12,861,259,947,530,434,156,23,618,408,896,105,319,882,511,887,690,584,575,541,856,140,460,802,800,826,582,9,755,369,857,632,782,477,563,179,315,378,185,636,931,464,297,193,911,984,118,317,880,40,774,816,754,851,940,202,313,737,746,367,62,245,567,273,622,992,177,801,320,952,406,624,620,740,135,544,580,158,353,251,417,854,820,823,42,145,817,52,845,318,149,71,937,285,864,742,928,983,893,494,666,813,372,322,25,473,685,204,725,311,660,889,818,450,648,110,852,775,332,481,465,67,395,18,867,201,385,528,290,962,383,744,83,159,208,975,847,478,904,762,440,68,173,51,579,152,900,837,654,727,595,238,393,650,668,987,986,617,340,671,229,453,513,855,605,964,468,109,968,921,216,832,509,248,432,894,91,112,484,235,523,779,558,683,459,163,350,976,576,715,94,134,804,743,144,540,498,769,225,161,793,286,810,101,85,35,293,186,798,492,843,625,791,84,282,342,515,188,676,945,472,217,594,357,870,606,232,262,519,577,396,117,647,644,538,926,850,70,907,745,675,767,387,420,656,334,583,670,842,143,932,485,609,190,942,323,102,941,553,920,29,838,466,425,967,195,592,977,684,242,198,170,506,497,835,107,33,520,274,136,951,884,98,590,483,260,979,345,243,627,
value : 438.109 running time : 455.398372
0 80 20
295 73.5696 17.7714
581 70.7071 16.7791
598 68.8438 16.1333
103 66.881 15.4529
176 66.5455 15.9207
504 66.1823 16.4271
819 65.8324 16.915
777 65.5441 17.317
24 65.2465 17.7319
721 64.9614 18.1294
419 59.1737 26.1987
377 56.5397 29.8714
314 54.9164 32.1349
458 54.793 32.2297
844 54.6794 32.317
959 54.6005 32.3775
634 54.4228 32.5141
751 54.2479 32.6485
828 54.0824 32.7757
978 53.9116 32.9069
821 53.7798 33.0082
45 53.6297 33.1236
831 53.4707 33.2457
555 53.286 33.3877
250 53.1058 33.5261
781 52.953 33.6435
6 52.787 33.7711
27 52.5984 33.916
55 52.4111 34.0599
716 52.2097 34.2147
43 52.0405 34.3447
930 51.8635 34.4807
355 51.6916 34.6128
785 51.5161 34.7476
873 51.3409 34.8822
865 51.1518 35.0275
164 50.9711 35.1664
358 50.7851 35.3093
289 50.5582 35.4837
69 50.3219 35.6653
480 50.1076 35.8299
356 50.0097 35.9051
197 49.9287 35.9674
209 49.8453 36.0315
66 49.7485 36.1059
155 49.6415 36.1881
917 49.5502 36.2582
452 49.4693 36.3204
586 49.3937 36.3785
467 49.3127 36.4407
566 48.6713 37.7272
257 48.3721 38.3275
862 48.0514 38.9708
790 47.7816 39.512
935 47.5245 40.0278
421 47.2563 40.5658
853 46.9672 41.1457
681 46.6802 41.7215
63 46.2846 42.5149
19 45.9159 43.2546
906 45.4312 44.2268
778 44.9072 45.2779
49 44.9072 45.2779
276 44.9072 45.2779
875 44.9072 45.2779
623 44.9072 45.2779
848 43.4131 44.2857
7 41.8165 43.2254
783 40.5627 42.3928
151 39.3784 41.6063
748 38.5101 41.0295
529 37.7225 40.5065
302 37.1043 40.0959
989 36.5077 39.6997
525 35.8575 39.2679
37 35.3363 38.9217
706 35.1282 38.7835
397 34.9004 38.6322
876 34.6999 38.4991
612 34.4433 38.3286
486 34.2468 38.1981
413 34.0899 38.0939
869 33.9003 37.968
723 33.7332 37.8571
692 33.641 37.7958
414 33.5295 37.7218
619 33.422 37.6504
278 33.3074 37.5742
508 33.2013 37.5038
549 33.0837 37.4257
679 32.9807 37.3573
811 32.874 37.2864
11 32.7672 37.2154
191 32.6654 37.1479
475 32.5491 37.0707
655 32.0978 36.259
687 31.6532 35.4596
38 31.1307 34.52
829 30.3244 33.0701
121 29.6814 31.9138
125 29.1197 30.9036
836 28.6369 30.0354
205 28.6369 30.0354
787 28.6369 30.0354
388 28.6369 30.0354
65 28.7264 29.7162
354 28.8344 29.3311
602 28.9306 28.9883
664 29.0193 28.672
902 29.2921 27.6996
379 29.5039 26.9445
709 29.7171 26.1846
439 29.9263 25.4387
284 30.1151 24.7658
307 30.2938 24.1288
160 30.473 23.4902
915 30.6818 22.746
934 30.9038 21.9545
834 31.0426 21.4596
310 31.2259 20.8062
221 31.3658 20.3076
824 31.5538 19.6371
822 31.7718 18.8601
261 32.004 18.0323
363 32.2778 17.0562
26 32.5099 16.2286
653 32.7632 15.3254
287 32.8392 15.0545
643 32.9085 14.8075
351 32.9961 14.4948
407 33.0812 14.1913
704 33.162 13.9035
518 33.2478 13.5974
669 32.5876 13.6796
64 32.0249 13.7496
883 31.5217 13.8123
626 30.9549 13.8829
111 30.4163 13.9499
702 29.7816 14.0289
246 29.2727 14.0923
573 28.8 14.1512
337 28.2083 14.2248
588 19.5138 15.3072
362 16.6649 15.6619
348 15.7566 15.775
682 14.8443 15.8886
963 14.0492 15.9876
741 14.0491 15.9876
366 14.0491 15.9876
61 14.0491 15.9876
211 14.0491 15.9876
899 14.0491 15.9876
646 14.0491 15.9876
268 14.0491 15.9876
331 13.5399 15.7839
722 13.0488 15.5874
881 12.9644 15.5537
674 12.8859 15.5223
254 12.8109 15.4923
488 12.7128 15.453
629 12.6133 15.4132
455 12.5279 15.3791
8 12.438 15.3431
812 12.3295 15.2997
187 12.2264 17.8864
412 12.1462 19.8975
641 12.0579 22.1147
4 11.9845 23.9577
74 11.9265 25.4124
283 11.869 26.8553
514 11.8516 27.2916
985 11.8343 27.7267
700 11.8179 28.139
943 11.8054 28.4527
572 11.7925 28.7754
794 11.7789 29.1163
710 11.7651 29.4624
258 11.7515 29.8038
474 11.7375 30.1551
661 11.7211 30.5674
402 11.7036 31.0071
673 11.6832 31.5177
299 11.661 32.076
898 11.6356 32.7122
78 11.5776 34.1695
330 11.5451 34.9832
32 11.5203 35.6071
86 11.4973 36.1829
534 11.4545 37.2588
328 11.4366 37.7065
87 11.4228 38.0539
10 11.407 38.4493
797 11.3902 38.8713
499 11.3792 39.1491
731 11.3684 39.4202
652 11.3577 39.6887
990 11.3481 39.9281
212 11.3385 40.1695
133 11.3294 40.3991
958 11.1846 44.0336
122 10.9498 49.925
166 10.9793 49.9473
46 11.0086 49.9694
116 11.0371 49.9909
157 11.0693 50.0153
496 11.1067 50.0436
949 11.138 50.0673
972 11.1649 50.0875
708 11.1903 50.1067
384 11.2194 50.1288
764 11.2507 50.1524
128 11.2719 50.1684
863 11.2972 50.1876
303 11.3242 50.208
279 11.352 50.229
936 11.3756 50.2468
341 11.3996 50.265
57 11.4244 50.2837
196 11.451 50.3038
463 11.4737 50.321
312 11.4971 50.3387
214 11.5233 50.3585
565 11.5528 50.3808
771 11.5791 50.4007
758 11.6047 50.42
663 11.6285 50.438
352 11.6514 50.4553
909 11.6742 50.4726
925 11.6979 50.4905
805 11.723 50.5095
47 11.7468 50.5274
489 11.7717 50.5463
123 11.7971 50.5655
423 11.8234 50.5853
100 11.8479 50.6039
841 11.8731 50.6229
616 11.8982 50.6419
228 11.9235 50.661
770 11.9479 50.6794
542 11.9735 50.6988
505 11.9981 50.7174
749 12.0219 50.7354
373 12.0476 50.7548
222 12.0737 50.7745
182 12.1005 50.7948
476 12.1252 50.8135
527 12.1464 50.8295
849 12.1705 50.8477
192 14.5668 52.6588
858 15.1386 53.0909
336 15.7481 53.5516
114 16.3857 54.0335
130 16.9358 54.4493
132 17.3505 54.7627
698 17.3505 54.7627
633 17.3505 54.7627
218 17.3505 54.7627
174 17.7162 54.7836
154 18.0727 54.804
938 18.5564 54.8317
897 19.0064 54.8575
142 19.4083 54.8805
589 19.8028 54.9031
391 20.2905 54.931
438 20.776 54.9588
510 20.776 54.9588
324 20.776 54.9588
733 20.776 54.9588
691 20.776 54.9588
382 20.776 54.9588
601 20.776 54.9588
329 20.776 54.9588
79 20.776 54.9588
640 20.776 54.9588
908 20.776 54.9588
148 20.776 54.9588
403 21.6157 55.3862
587 22.5838 55.8789
493 22.8859 56.0327
603 23.1227 56.1532
756 23.3541 56.271
451 23.578 56.3849
846 23.8186 56.5074
59 24.0484 56.6244
34 24.2781 56.7413
956 24.5051 56.8568
735 24.7606 56.9868
957 25.0169 57.1173
705 25.2437 57.2327
927 25.4911 57.3587
543 26.4014 57.1522
545 27.19 56.9733
720 27.9592 56.7987
903 28.838 56.5994
180 29.8705 56.3652
237 29.8705 56.3652
913 29.8705 56.3652
535 29.8705 56.3652
269 30.1286 56.5149
147 30.3803 56.6609
788 30.6181 56.7988
507 30.8386 56.9267
981 31.063 57.0568
422 31.319 57.2053
901 31.6841 57.4171
599 32.0342 57.6201
522 32.3671 57.8132
729 32.6639 57.9853
688 32.9797 58.1685
461 33.3415 58.3783
233 33.6444 58.554
839 34.5926 59.104
404 35.5852 59.6796
80 36.2183 60.0468
210 36.5286 59.4002
533 36.7666 58.9042
390 37.0014 58.4151
194 37.299 57.7949
765 37.299 57.7949
365 37.299 57.7949
171 37.299 57.7949
621 37.299 57.7949
929 37.299 57.7949
596 37.299 57.7949
471 37.299 57.7949
597 37.299 57.7949
910 37.299 57.7949
281 37.299 57.7949
923 37.299 57.7949
809 37.2937 57.805
104 37.2885 57.8148
56 37.2835 57.8243
267 37.279 57.8327
264 37.2747 57.8408
137 37.2699 57.8498
89 37.2657 57.8577
30 37.2614 57.8659
127 37.2573 57.8735
370 37.2529 57.8818
891 37.2485 57.8901
512 37.2443 57.898
21 36.0802 60.0915
912 35.3682 61.4333
922 34.6332 62.8184
54 33.5518 64.8562
614 32.1185 67.5571
308 32.1185 67.5571
732 32.1185 67.5571
410 31.8964 67.7684
291 31.3693 68.2696
349 30.7811 68.8291
645 30.2748 69.3106
724 29.7169 69.8412
41 29.0401 70.4848
175 29.0401 70.4848
266 29.0401 70.4848
658 29.0401 70.4848
591 29.0401 70.4848
537 29.0401 70.4848
950 29.0401 70.4848
662 29.0401 70.4848
789 29.0401 70.4848
526 29.0401 70.4848
252 29.0401 70.4848
124 29.0401 70.4848
333 29.0401 70.4848
954 29.0401 70.4849
359 29.0401 70.4849
60 29.0401 70.4849
550 29.0401 70.4849
189 29.0401 70.4849
99 28.7823 70.5016
454 28.5671 70.5156
689 28.349 70.5298
223 28.1181 70.5448
270 27.8822 70.5602
600 27.5881 70.5793
16 27.3398 70.5954
730 27.0909 70.6116
888 26.8233 70.629
443 26.5698 70.6455
574 26.3525 70.6596
226 26.131 70.674
604 25.6647 70.7044
220 25.1918 70.7351
571 24.7981 70.7607
327 24.3554 70.7895
501 23.9359 70.8168
965 23.4833 70.8462
971 23.0232 70.8762
878 22.5841 70.9047
924 21.8831 70.9503
578 21.2556 70.9911
697 20.6008 71.0337
757 19.8813 71.0805
275 18.5729 71.1656
726 17.1296 71.2595
88 15.6122 71.3581
168 13.9853 71.4639
615 12.068 71.5885
556 12.0591 71.4973
991 12.0499 71.4037
162 12.0399 71.3007
703 12.0303 71.2024
665 12.0227 71.1242
255 12.0145 71.0404
97 12.0066 70.9589
346 11.999 70.8817
3 11.9906 70.7951
374 11.9835 70.7226
457 11.9757 70.6427
400 11.9672 70.5553
686 11.9592 70.4734
445 11.951 70.389
338 11.9424 70.3008
371 11.934 70.215
411 11.9257 70.1294
272 11.9182 70.0523
966 11.9111 69.9796
381 11.9038 69.9046
277 11.8962 69.8275
694 11.8888 69.7508
739 11.8805 69.6662
77 11.8731 69.5899
234 11.8655 69.5118
517 11.8593 69.4483
14 11.8527 69.3811
734 11.8459 69.3115
799 11.8393 69.2437
81 11.8329 69.1775
398 11.8267 69.1136
860 11.8206 69.0512
552 11.8133 68.9769
948 11.8065 68.9069
677 11.799 68.8303
639 11.799 68.8303
701 11.799 68.8303
551 11.799 68.8303
479 11.799 68.8303
796 11.799 68.8303
531 11.799 68.8303
487 11.799 68.8303
946 11.799 68.8303
339 11.799 68.8303
635 11.799 68.8303
772 11.6861 68.9439
667 11.5407 69.09
427 11.4192 69.2122
113 11.306 69.326
119 11.1882 69.4444
630 11.0679 69.5653
298 10.9295 69.7044
970 10.8176 69.8169
433 10.6842 69.951
717 10.5787 70.057
939 10.4715 70.1648
747 10.3707 70.2662
326 10.258 70.3795
680 10.1415 70.4966
240 10.0106 70.6281
879 10.0106 70.6281
376 10.0106 70.6281
760 10.0106 70.6281
784 10.0106 70.6281
131 10.0106 70.6281
524 10.0106 70.6281
429 10.0106 70.6281
657 10.0106 70.6281
482 10.0106 70.6281
728 10.0106 70.6281
31 10.0106 70.6281
347 10.0106 70.6281
436 10.0126 72.3016
75 10.0138 73.2708
607 10.0143 73.7183
503 10.015 74.2221
570 10.0157 74.7914
360 10.0162 75.2625
502 10.0166 75.5702
886 10.0171 75.9509
426 10.0175 76.2742
554 10.0178 76.5727
361 10.0182 76.852
207 10.0185 77.1459
500 10.0189 77.4734
219 10.0193 77.8006
944 10.0199 78.2575
178 10.0204 78.6655
224 10.0208 79.0362
890 10.0214 79.47
90 10.0219 79.9041
830 10.0224 80.3193
431 10.0229 80.7395
719 10.0235 81.1832
325 10.024 81.5967
568 10.0245 82.0316
955 10.0249 82.3515
792 10.0253 82.7064
153 10.0258 83.0662
905 10.0262 83.4003
17 10.0266 83.7602
546 10.027 84.0474
560 10.0274 84.3653
106 10.0278 84.7372
547 10.0281 84.9499
316 10.0284 85.1676
953 10.0286 85.3943
301 10.0289 85.6143
304 10.0292 85.8378
405 10.0294 86.053
95 10.0297 86.2358
693 10.0299 86.4359
557 10.0301 86.6292
249 10.0304 86.8165
58 10.0306 87.0135
442 10.0309 87.2192
263 10.0311 87.4004
48 10.0313 87.5808
321 10.0315 87.7743
1 10.0319 88.0201
868 10.0321 88.2511
39 10.0324 88.4559
803 10.0326 88.643
969 10.0329 88.842
13 10.0331 89.0405
495 10.0333 89.2181
115 10.0336 89.4244
988 10.0338 89.6167
386 10.0462 89.6164
933 10.0583 89.6161
247 10.0691 89.6158
244 10.0811 89.6155
712 10.092 89.6152
695 10.1026 89.615
236 10.1118 89.6147
718 10.1218 89.6145
637 10.1324 89.6142
982 10.1434 89.6139
446 10.1538 89.6137
213 10.1635 89.6134
736 10.2065 89.6123
892 10.25 89.6112
750 10.2906 89.6101
678 10.3274 89.6092
585 10.3669 89.6082
380 10.4107 89.6071
711 10.4538 89.606
628 10.4947 89.6049
827 10.5358 89.6039
199 10.5791 89.6027
699 10.6239 89.6016
815 10.6662 89.6005
780 10.7102 89.5994
753 10.7532 89.5983
203 10.7884 89.5974
447 10.8292 89.5963
462 10.8761 89.5951
916 10.9178 89.5941
364 10.9552 89.5931
469 10.9994 89.592
169 11.0338 89.5911
914 11.073 89.5901
108 11.1157 89.589
776 11.1612 89.5878
401 11.197 89.5869
138 11.2397 89.5858
399 11.281 89.5847
200 11.3189 89.5838
444 11.3574 89.5828
435 11.3984 89.5817
973 11.4414 89.5806
93 11.4792 89.5797
300 11.5122 89.5788
759 11.9526 89.5675
825 15.9677 89.4646
184 17.9126 89.4148
768 19.7121 89.3687
296 20.974 89.3363
288 21.4675 89.3237
28 21.9832 89.3105
611 22.4644 89.2982
141 22.8031 89.2895
490 23.0848 89.2823
227 23.3663 89.275
2 23.7389 89.2655
714 23.9987 89.2588
430 24.2968 89.2512
651 24.5831 89.2439
491 24.8777 89.2363
593 25.1874 89.2284
15 25.5131 89.22
392 26.3607 89.1983
872 26.9531 89.1831
608 27.0532 89.1806
76 27.1654 89.1777
253 27.277 89.1748
50 27.3787 89.1722
456 27.4908 89.1694
120 27.6226 89.166
638 27.7454 89.1628
44 27.8504 89.1601
786 27.9726 89.157
808 28.0913 89.154
428 28.2031 89.1511
521 28.3071 89.1484
150 28.434 89.1452
441 28.5461 89.1423
859 28.6769 89.139
167 28.8122 89.1355
73 28.9368 89.1323
696 29.0546 89.1293
761 29.1768 89.1262
885 29.2992 89.123
871 29.4191 89.12
36 29.6214 89.1148
833 29.8126 89.1099
368 30.0139 89.1047
610 30.2259 89.0993
183 30.4242 89.0942
424 30.6563 89.0883
418 30.8951 89.0822
306 31.1217 89.0764
409 31.3708 89.07
631 31.6476 89.0629
20 31.9529 89.0551
960 32.2814 89.0466
470 32.6103 89.0382
394 32.9357 89.0299
752 33.2315 89.0223
548 33.5228 89.0148
877 33.8068 89.0076
773 34.0724 89.0008
738 34.3673 88.9932
96 34.6395 88.9862
139 34.9476 88.9783
231 35.2369 88.9709
763 35.5601 88.9626
343 35.8308 88.9557
918 36.0525 88.95
561 36.3296 88.9429
72 36.5819 88.9365
416 36.8527 88.9295
562 37.1172 88.9228
265 37.2582 88.9191
974 37.4136 88.9152
766 37.5776 88.911
92 37.7242 88.9072
241 37.8932 88.9029
437 38.0608 88.8986
215 38.2245 88.8944
569 38.3763 88.8905
309 38.5304 88.8866
271 38.6769 88.8828
613 38.8391 88.8786
53 39.0095 88.8743
181 39.1702 88.8702
707 39.3226 88.8663
230 39.4823 88.8622
795 39.6435 88.858
206 39.8316 88.8532
840 39.9989 88.8489
642 40.1803 88.8443
146 40.3243 88.8406
814 40.4935 88.8363
22 40.6387 88.8325
294 40.7982 88.8285
292 40.9423 88.8248
256 41.086 88.8211
806 41.2389 88.8172
919 41.4578 88.8116
672 41.6852 88.8057
539 41.9732 88.7983
649 42.2298 88.7918
172 42.4835 88.7853
5 42.7636 88.7781
564 43.0268 88.7714
866 43.2735 88.765
807 43.5276 88.7585
126 43.8077 88.7514
961 44.0409 88.7454
82 44.222 88.7407
536 44.4065 88.736
129 44.5746 88.7317
239 44.7648 88.7268
659 44.9518 88.722
449 45.124 88.7176
389 45.3121 88.7128
713 45.5043 88.7079
448 45.6813 88.7034
305 45.9032 88.6977
559 46.1093 88.6924
516 46.3267 88.6868
165 46.5242 88.6818
532 46.7339 88.6764
375 46.9322 88.6713
895 47.1454 88.6658
415 47.3626 88.6603
980 47.5694 88.655
280 47.7631 88.65
335 47.9487 88.6453
874 48.0996 88.6414
344 50.2793 88.5855
12 50.3386 88.5397
861 50.3897 88.5003
259 50.4378 88.4631
947 50.4839 88.4275
530 50.5292 88.3926
434 50.57 88.361
156 50.6172 88.3246
23 50.6661 88.2868
618 50.7325 88.2355
408 50.7949 88.1873
896 50.854 88.1416
105 50.913 88.0961
319 50.9815 88.0432
882 51.04 87.998
511 51.1365 87.9235
887 51.2481 87.8373
690 51.3424 87.7644
584 51.4328 87.6946
575 51.5315 87.6184
541 51.6112 87.5568
856 51.8166 87.3982
140 53.0538 86.4425
460 54.3403 85.4487
802 54.3403 85.4487
800 54.3403 85.4487
826 54.3403 85.4487
582 54.3403 85.4487
9 54.3403 85.4487
755 54.3403 85.4487
369 54.3403 85.4487
857 54.3403 85.4487
632 54.3403 85.4487
782 54.5017 85.5696
477 54.6775 85.7012
563 54.8084 85.7992
179 54.979 85.927
315 55.1494 86.0546
378 55.3488 86.2039
185 55.5397 86.3469
636 55.6896 86.4591
931 55.8727 86.5963
464 56.0592 86.7359
297 56.069 86.7433
193 56.0783 86.7502
911 56.1077 86.7723
984 56.1303 86.7892
118 56.1511 86.8048
317 56.1719 86.8203
880 56.1928 86.836
40 56.2163 86.8536
774 56.24 86.8713
816 56.2626 86.8883
754 56.2848 86.9049
851 56.3067 86.9213
940 56.328 86.9373
202 56.3543 86.957
313 56.3781 86.9748
737 56.402 86.9927
746 56.4235 87.0088
367 56.4465 87.026
62 56.4693 87.0431
245 56.4913 87.0596
567 56.5166 87.0785
273 56.5422 87.0977
622 56.5656 87.1152
992 56.589 87.1327
177 56.6102 87.1487
801 56.63 87.1635
320 56.6518 87.1798
952 56.6781 87.1995
406 56.7028 87.218
624 56.74 87.2459
620 66.8396 87.8622
740 73.6237 88.2761
135 74.6097 88.3362
544 74.6097 88.3362
580 74.6097 88.3362
158 74.6097 88.3362
353 74.6097 88.3362
251 74.6097 88.3362
417 74.6097 88.3362
854 74.6097 88.3362
820 74.6097 88.3362
823 74.6097 88.3362
42 74.6097 88.3362
145 74.6097 88.3362
817 74.6097 88.3362
52 74.836 88.3269
845 75.0972 88.3162
318 75.3707 88.305
149 75.6425 88.2939
71 76.1937 88.2713
937 76.9542 88.2401
285 77.8829 88.202
864 79.0096 88.1557
742 80.2144 88.1062
928 81.5254 88.0524
983 81.5412 88.0364
893 81.8688 87.7053
494 82.2258 87.3443
666 82.6274 86.9383
813 83.2372 86.3218
372 86.0095 83.5189
322 85.9204 83.447
25 85.8329 83.3765
473 85.7365 83.2988
685 85.6417 83.2222
204 85.5352 83.1364
725 85.4434 83.0624
311 85.3549 82.991
660 85.2648 82.9183
889 85.1775 82.8479
818 85.0585 82.752
450 84.972 82.6823
648 80.4883 80.2817
110 74.3185 76.9784
852 73.5441 76.5638
775 73.3691 76.4701
332 73.1761 76.3668
481 72.9738 76.2584
465 72.765 76.1466
67 72.5271 76.0193
395 72.3955 75.9488
18 72.2789 75.8864
867 72.1686 75.8273
201 72.0639 75.7713
385 72.0639 75.7713
528 72.0639 75.7713
290 71.8228 75.6874
962 71.6145 75.6149
383 71.4229 75.5483
744 71.2058 75.4727
83 70.9987 75.4006
159 70.7882 75.3274
208 67.0635 74.0314
975 66.4063 73.8027
847 65.5234 73.4955
478 64.7723 73.2342
904 64.536 73.152
762 64.2746 73.061
440 64.0537 72.9841
68 63.8554 72.9151
173 63.6576 72.8463
51 63.4706 72.7812
579 63.2752 72.7133
152 63.0369 72.6304
900 62.7461 72.5292
837 62.3976 72.4079
654 62.0093 72.2728
727 61.6128 72.1348
595 61.196 71.9898
238 60.7896 71.8484
393 60.4167 71.7187
650 60.0395 71.5874
668 59.5812 71.428
987 59.1353 71.2728
986 58.6464 71.1027
617 58.2473 70.9639
340 57.906 70.8451
671 57.5259 70.7129
229 57.1103 70.5682
453 56.6225 70.3985
513 56.2033 70.2527
855 55.838 70.1256
605 55.5158 70.0135
964 55.1495 69.886
468 54.7885 69.7604
109 54.4432 69.6403
968 54.0844 69.5154
921 53.7493 69.3988
216 53.4026 69.2782
832 53.1166 69.1787
509 52.7712 69.0585
248 52.3235 68.9027
432 52.2164 68.8655
894 52.0957 68.8235
91 51.992 68.7874
112 51.8864 68.7506
484 51.7654 68.7085
235 51.6531 68.6695
523 51.5366 68.6289
779 51.4297 68.5917
558 51.323 68.5546
683 51.2112 68.5157
459 51.1033 68.4781
163 51.0011 68.4426
350 50.9074 68.41
976 50.8141 68.3775
576 50.8657 67.717
715 50.8657 67.717
94 50.8657 67.717
134 50.8657 67.717
804 50.8657 67.717
743 50.8657 67.717
144 50.8657 67.717
540 50.8657 67.717
498 51.1609 66.8631
769 51.3114 66.4278
225 51.4947 65.8976
161 51.8017 65.0096
793 52.0889 64.1791
286 52.3301 63.4815
810 52.5468 62.8546
101 52.7649 62.224
85 52.97 61.6306
35 53.1464 61.1205
293 53.3269 60.5983
186 53.4996 60.0988
798 53.6585 59.6394
492 53.8477 59.0919
843 53.981 58.7064
625 54.085 58.4056
791 54.1971 58.0815
84 54.3193 57.7282
282 54.4545 57.3371
342 54.604 56.9047
515 54.604 56.9047
188 54.604 56.9047
676 54.604 56.9047
945 55.3592 56.0146
472 56.132 55.1038
217 57.042 54.0314
594 57.5344 53.4511
357 57.7735 53.1693
870 57.9849 52.9201
606 60.7284 52.4458
232 62.4198 52.1535
262 62.64 52.1154
519 62.9106 52.0686
577 63.21 52.0169
396 63.6631 51.9386
117 64.133 51.8573
647 64.5617 51.7832
644 65.0946 51.6911
538 65.6232 51.5998
926 66.2248 51.4958
850 66.8051 51.3955
70 67.3015 51.3097
907 67.8309 51.2182
745 70.4317 50.7686
675 70.4317 50.7686
767 70.6717 50.7515
387 70.9505 50.7316
420 71.1656 50.7162
656 71.4059 50.6991
334 71.657 50.6812
583 71.8805 50.6652
670 72.0986 50.6497
842 72.3115 50.6345
143 72.5585 50.6169
932 72.8295 50.5975
485 73.04 50.5825
609 73.4518 50.5532
190 73.7986 50.5284
942 74.2128 50.4989
323 74.6712 50.4662
102 75.1812 50.4298
941 75.7685 50.3879
553 76.3817 50.3442
920 77.0456 50.2968
29 77.6419 50.2543
838 78.2957 50.2077
466 78.8343 50.1693
425 79.5077 50.1212
967 80.2071 50.0713
195 80.9227 50.0203
592 81.6644 49.9674
977 82.4576 49.9108
684 83.2471 49.8545
242 83.968 49.8031
198 84.7092 49.7502
170 85.5008 49.6938
506 86.2034 49.6437
497 86.9128 49.5931
835 86.8779 47.8548
107 86.856 46.7659
33 86.8142 44.6883
520 86.804 44.1798
274 86.7955 43.7564
136 86.7878 43.376
951 86.7783 42.9038
884 86.7672 42.3499
98 86.5873 33.4048
590 86.4976 28.948
483 86.2693 17.5924
260 86.2629 17.5928
979 85.8745 17.7421
345 85.4939 17.8884
243 85.0778 18.0483
627 84.4651 18.2838
