0,260,98,483,627,243,345,979,590,274,835,33,520,198,850,334,497,170,242,684,967,951,195,425,920,932,553,136,884,387,506,107,583,977,838,143,232,842,745,466,592,357,606,670,609,644,102,6,29,751,623,675,594,828,117,930,45,821,323,314,781,358,978,27,458,716,43,926,217,577,492,923,396,793,70,519,767,478,35,843,810,84,238,68,942,293,286,190,485,676,791,625,85,848,498,472,262,188,101,945,69,186,471,264,127,576,855,779,621,235,597,281,540,56,349,390,901,359,163,765,912,596,591,134,350,804,798,558,161,216,683,54,523,144,104,484,365,468,533,248,453,910,809,404,225,968,175,291,976,112,986,762,515,617,964,410,605,800,782,769,91,9,208,282,94,743,852,654,962,975,656,900,51,440,595,647,727,340,907,110,668,420,173,393,290,509,847,650,867,579,152,941,538,385,744,775,71,818,937,67,528,383,83,648,204,837,201,864,322,660,311,332,159,25,685,889,742,450,372,823,580,158,353,251,135,928,854,983,473,725,820,740,893,494,666,845,813,575,887,567,816,177,318,149,992,544,896,156,690,285,434,882,911,620,23,185,624,856,344,52,817,464,317,622,273,801,395,984,202,12,832,465,481,477,145,259,367,415,297,931,40,861,126,313,851,319,584,42,118,417,140,18,369,245,378,904,315,987,921,280,229,460,632,109,432,335,671,857,826,802,636,895,564,840,582,561,179,755,294,563,530,642,536,193,880,940,807,614,62,754,746,22,165,866,659,618,947,406,713,814,389,206,877,241,737,961,5,105,559,541,980,952,774,532,766,309,181,511,738,548,172,516,874,763,129,539,437,343,375,230,53,795,638,806,320,239,408,394,513,82,649,416,141,562,724,292,16,92,919,296,305,960,265,448,786,707,974,139,610,20,761,150,215,76,490,757,253,183,72,449,288,146,569,613,752,808,611,306,231,470,392,44,428,672,918,271,773,36,58,696,695,768,418,441,578,28,521,631,430,462,491,714,593,368,227,651,859,885,712,167,833,495,120,456,776,557,431,409,871,115,15,699,711,247,750,827,435,570,31,436,718,301,236,138,386,380,868,13,933,17,973,753,678,304,200,442,249,263,953,316,892,815,300,905,325,615,39,585,364,988,213,447,803,405,93,446,199,914,969,95,108,736,203,637,547,982,693,568,75,169,401,792,106,153,554,457,701,90,916,433,426,178,728,240,444,628,719,955,48,546,207,830,944,991,759,224,560,321,879,400,381,1,667,469,339,780,168,796,346,551,479,966,556,113,14,219,734,503,799,81,398,272,860,639,97,119,374,890,686,970,361,162,445,607,298,657,277,948,338,825,694,234,665,517,552,131,114,192,739,531,77,371,717,747,244,482,184,487,326,946,608,399,99,266,550,41,730,50,454,574,256,360,600,443,726,73,223,96,124,424,220,927,500,658,88,789,950,888,60,886,635,333,697,459,270,872,878,2,662,715,226,894,189,80,954,171,604,252,275,689,903,501,327,537,971,526,705,34,965,30,571,956,324,130,587,233,132,79,839,59,411,729,938,788,329,720,599,137,645,640,957,382,267,545,308,21,510,735,633,370,756,733,493,924,601,429,502,451,3,100,846,764,524,703,376,427,680,630,772,255,677,939,784,218,347,760,157,925,373,534,909,422,312,279,336,542,505,897,543,352,527,698,758,403,731,691,78,589,174,565,496,981,688,475,196,341,958,384,985,222,10,37,388,303,489,154,863,652,57,212,949,990,463,228,616,972,858,841,771,936,46,128,122,749,214,47,849,330,499,123,116,166,708,805,663,423,898,963,299,74,86,328,770,87,32,700,125,673,283,943,331,836,674,514,572,4,258,455,412,794,710,268,741,254,812,474,881,661,362,629,348,682,61,187,588,646,722,8,402,702,366,133,902,488,211,669,643,439,284,160,915,824,641,221,64,121,612,354,899,602,549,205,811,11,486,787,151,529,748,679,586,706,829,655,65,182,869,525,783,142,391,619,397,476,913,438,148,535,908,797,269,723,461,891,603,302,413,237,876,49,507,732,210,929,566,922,862,180,917,89,692,687,147,414,508,66,155,194,522,480,664,989,778,853,875,870,844,906,197,19,452,7,38,276,790,512,865,55,634,191,935,356,342,63,377,831,681,250,209,555,785,355,626,261,278,257,421,834,289,337,310,883,379,26,111,822,307,653,246,467,573,934,704,351,709,287,363,407,518,164,581,419,873,598,959,721,103,504,295,777,24,176,819,
value : 528.119 running time : 41.351995
0 80 20
260 84.3894 17.841
98 89.2809 19.6345
483 89.2809 19.6345
627 89.2672 19.7059
243 89.2535 19.7777
345 89.2388 19.854
979 89.2241 19.9309
590 88.2466 25.0335
274 86.7124 33.0415
835 86.1133 36.1671
33 85.5558 39.075
520 84.8816 42.5927
198 84.0259 47.0584
850 83.3259 50.7106
334 83.3259 50.7106
497 85.3171 51.8001
170 85.0214 51.6291
242 84.7328 51.4622
684 84.4473 51.2971
967 84.1562 51.1288
951 83.8665 50.9613
195 83.5889 50.8007
425 83.3204 50.6455
920 83.0611 50.4955
932 82.8089 50.3497
553 82.5635 50.2077
136 82.3527 50.0858
884 82.1468 49.9667
387 81.9392 49.8466
506 81.7264 49.7235
107 81.4164 49.5443
583 80.7978 49.1868
977 80.2241 48.8551
838 78.7904 48.0266
143 77.1764 47.0941
232 76.2615 46.5653
842 75.4497 46.096
745 75.0344 45.8559
466 74.6479 45.6324
592 74.2735 45.416
357 73.9157 45.2091
606 73.6359 45.0473
670 73.3803 44.8995
609 73.1343 44.7572
644 72.8973 44.6202
102 72.6848 44.4973
6 63.3687 39.1172
29 63.2689 39.4166
751 63.0794 39.9065
623 62.7323 40.8033
675 62.6689 40.9675
594 62.6069 41.1278
828 62.5447 41.2889
117 62.4832 41.4479
930 62.4215 41.6076
45 62.3591 41.769
821 62.2975 41.9286
323 62.233 42.0954
314 62.1682 42.2631
781 62.1019 42.4344
358 62.0263 42.6301
978 61.9503 42.8266
27 61.8718 43.0297
458 61.4931 44.0081
716 61.0621 45.1216
43 60.6844 46.0974
926 60.2932 47.1081
217 59.9083 48.1025
577 59.5142 49.1205
492 59.2432 49.8208
923 58.9912 50.4722
396 58.8034 50.9575
793 58.6253 51.4181
70 58.4501 51.8709
519 58.2839 52.3007
767 58.1155 52.7361
478 57.9555 53.1496
35 57.836 53.4585
843 57.7182 53.7633
810 57.603 54.0612
84 57.4922 54.3475
238 57.3948 54.5995
68 57.316 54.8033
942 56.7731 54.9494
293 56.1548 55.1159
286 55.5209 55.2866
190 54.8424 55.4693
485 53.9329 55.7143
676 53.0349 55.9563
791 52.3799 56.1326
625 51.6935 56.3174
85 50.9802 56.5094
848 50.28 56.698
498 50.0418 56.8203
472 49.7928 56.9483
262 49.5416 57.0773
188 49.2938 57.2047
101 49.0488 57.3306
945 48.7934 57.4618
69 48.5366 57.5938
186 47.6615 58.0438
471 46.8045 58.4845
264 45.9209 58.9389
127 45.0374 59.3933
576 44.1441 59.8527
855 43.2262 60.3247
779 42.3399 60.7804
621 41.4174 61.2548
235 40.4934 61.7299
597 39.4786 62.2518
281 38.3966 62.8083
540 37.1913 63.4284
56 37.1912 63.4285
349 37.1911 63.4285
390 37.3609 63.4962
901 37.5384 63.567
359 37.9291 63.7226
163 38.3413 63.8867
765 38.7523 64.0505
912 39.167 64.2156
596 39.602 64.3889
591 40.0484 64.5667
134 40.5997 64.7862
350 41.1147 64.9914
804 41.5774 65.1756
798 42.0278 65.3551
558 42.4268 65.514
161 42.8122 65.6675
216 43.1094 65.7859
683 43.3924 65.8987
54 43.6761 66.0117
523 43.9714 66.1293
144 44.2693 66.248
104 44.5682 66.3671
484 44.9018 66.5
365 45.2389 66.6343
468 45.6175 66.7851
533 45.9688 66.925
248 46.5098 67.1405
453 46.5098 67.1405
910 46.5098 67.1405
809 46.5098 67.1405
404 46.7268 67.1601
225 46.98 67.183
968 47.2459 67.2069
175 47.5039 67.2302
291 47.8091 67.2578
976 48.3184 67.3037
112 49.1861 67.3819
986 49.8992 67.4462
762 50.6053 67.5098
515 51.1974 67.5632
617 51.6939 67.608
964 52.18 67.6518
410 52.6499 67.6943
605 53.3619 67.7584
800 54.0252 67.8182
782 54.6358 67.8733
769 55.2713 67.9306
91 55.918 67.9889
9 56.6224 68.0524
208 57.3261 68.1159
282 58.0395 68.1802
94 58.852 68.2534
743 59.9395 68.3514
852 64.1796 68.7326
654 64.6148 68.7719
962 65.0328 68.8096
975 65.4246 68.8449
656 65.7629 68.8755
900 65.8411 68.8825
51 65.9172 68.8894
440 65.9938 68.8963
595 66.0729 68.9035
647 66.1518 68.9106
727 66.2317 68.9178
340 66.3118 68.9251
907 66.393 68.9324
110 66.4766 68.94
668 66.557 68.9473
420 66.6402 68.9548
173 66.7208 68.9621
393 66.8026 68.9695
290 66.8851 68.9769
509 66.967 68.9843
847 67.0515 68.992
650 67.1395 68.9999
867 67.2261 69.0077
579 67.3123 69.0155
152 67.3962 69.0231
941 67.4784 69.0305
538 67.487 69.0372
385 68.9402 70.1578
744 69.8982 70.8967
775 70.771 71.5699
71 71.409 72.0621
818 72.0017 72.5193
937 72.5487 72.9413
67 73.071 73.3442
528 73.8609 73.9535
383 74.4373 74.3982
83 75.0291 74.8547
648 75.6023 75.2969
204 76.0474 75.6403
837 76.3575 75.8795
201 76.6656 76.1173
864 79.763 78.5053
322 82.735 80.7967
660 83.4812 81.3723
311 83.7078 81.5471
332 83.9277 81.7169
159 84.2615 81.9744
25 84.5973 82.2335
685 84.8308 82.4136
889 85.0412 82.576
742 85.2267 82.7192
450 85.416 82.8653
372 85.9998 83.3157
823 79.7231 88.9917
580 79.6058 89.0979
158 79.5701 89.1302
353 79.5355 89.1615
251 79.5021 89.1917
135 79.5021 89.1917
928 79.5021 89.1917
854 79.0674 89.2018
983 78.6773 89.2108
473 78.2265 89.2212
725 77.6025 89.2357
820 76.9132 89.2517
740 76.151 89.2693
893 74.9712 89.2968
494 73.4669 89.3318
666 71.7146 89.3726
845 69.8633 89.4157
813 68.1556 89.4555
575 66.0188 89.5053
887 65.1166 89.5262
567 64.6625 89.5367
816 64.2224 89.5469
177 63.8132 89.5564
318 63.4109 89.5657
149 62.9107 89.5773
992 62.0333 89.5977
544 61.1354 89.6185
896 59.6769 89.6525
156 58.6488 89.6763
690 58.6488 89.6763
285 58.6488 89.6763
434 58.6488 89.6763
882 58.6488 89.6763
911 58.6424 89.6171
620 58.6358 89.5561
23 58.6281 89.4843
185 58.6187 89.3972
624 58.6092 89.3088
856 58.5985 89.2103
344 58.5874 89.1073
52 58.5688 88.9343
817 58.5471 88.733
464 58.523 88.5092
317 58.497 88.2674
622 58.4715 88.0308
273 58.4456 87.79
801 58.4187 87.5402
395 58.3928 87.3003
984 58.3675 87.0653
202 58.3419 86.8273
12 58.316 86.5872
832 58.2906 86.3513
465 58.2684 86.1448
481 58.2468 85.9448
477 58.2198 85.9199
145 58.1928 85.895
259 58.164 85.8684
367 58.1361 85.8427
415 58.109 85.8176
297 58.0825 85.7932
931 58.0549 85.7677
40 58.0265 85.7415
861 57.9988 85.7159
126 57.9715 85.6908
313 57.9448 85.6662
851 57.9183 85.6417
319 57.8919 85.6174
584 58.2947 85.4271
42 59.9133 84.6615
118 61.7034 83.8149
417 63.4564 82.9856
140 62.6449 82.9568
18 62.0423 82.9355
369 61.4964 82.9161
245 60.962 82.8972
378 60.4399 82.8788
904 59.9433 82.8612
315 59.2616 82.837
987 58.6012 82.8136
921 57.9706 82.7912
280 57.4001 82.771
229 56.8331 82.7509
460 56.2797 82.7313
632 55.7378 82.7121
109 55.2178 82.6937
432 54.7359 82.8458
335 54.2453 83.0006
671 53.7467 83.158
857 53.2619 83.3111
826 52.7748 83.4649
802 52.2666 83.6253
636 51.7631 83.7843
895 51.258 83.9437
564 50.7732 84.0968
840 50.2854 84.2508
582 50.1029 84.3083
561 49.9331 84.3618
179 49.7526 84.4187
755 49.5814 84.4727
294 49.4096 84.5269
563 49.2325 84.5827
530 49.0584 84.6376
642 48.8839 84.6926
536 48.7119 84.7468
193 48.5393 84.8012
880 48.3625 84.8569
940 48.1968 84.9091
807 48.0377 84.9593
614 47.8714 85.0117
62 47.8681 85.721
754 47.8644 86.5581
746 47.8608 87.3499
22 47.8568 88.2448
165 47.8568 88.2448
866 47.8568 88.2448
659 47.8568 88.2448
618 47.8568 88.2448
947 47.8568 88.2448
406 47.8568 88.2448
713 47.8568 88.2448
814 47.8568 88.2448
389 47.8568 88.2448
206 47.8568 88.2448
877 47.8568 88.2448
241 47.8568 88.2448
737 47.8568 88.2448
961 47.6192 88.2063
5 47.386 88.1686
105 47.1476 88.1299
559 46.911 88.0916
541 46.6592 88.0508
980 46.3953 88.008
952 46.1539 87.9689
774 45.9272 87.9322
532 45.7125 87.8975
766 45.5038 87.8637
309 45.2854 87.8283
181 45.0534 87.7908
511 44.8329 87.755
738 44.5592 87.7108
548 44.5592 87.7108
172 44.5592 87.7108
516 44.5592 87.7108
874 44.5592 87.7108
763 44.4031 87.5614
129 44.2441 87.4093
539 44.085 87.2571
437 43.9262 87.1053
343 43.7676 86.9534
375 43.6075 86.8003
230 43.4209 86.6218
53 43.235 86.4439
795 43.0327 86.2504
638 42.8725 86.0972
806 42.7369 85.9674
320 42.6412 85.8758
239 42.5457 85.7845
408 42.4465 85.6895
394 42.3439 85.5914
513 42.2412 85.4932
82 41.9021 85.4533
649 41.5709 85.4143
416 41.2417 85.3756
141 40.9202 85.3377
562 40.6067 85.3008
724 40.3098 85.2659
292 37.3692 86.7613
16 34.7755 88.0803
92 34.7751 88.0805
919 34.7747 88.0807
296 34.7743 88.0809
305 34.774 88.0811
960 34.7734 88.0814
265 34.773 88.0816
448 34.6959 88.0856
786 34.6182 88.0896
707 34.5409 88.0936
974 34.4645 88.0975
139 34.3797 88.1019
610 33.3766 88.1533
20 32.6624 88.19
761 32.5166 88.1975
150 32.3785 88.2046
215 32.2407 88.2117
76 32.0847 88.2198
490 31.9333 88.2276
757 31.7882 88.235
253 31.6544 88.242
183 31.5222 88.2488
72 31.4629 88.2519
449 31.4021 88.255
288 31.3188 88.2593
146 31.2425 88.2632
569 31.1651 88.2672
613 31.062 88.2726
752 30.9542 88.2781
808 30.3894 88.3071
611 29.8109 88.3368
306 29.513 88.3522
231 29.251 88.3657
470 28.984 88.3794
392 28.705 88.3938
44 28.4092 88.409
428 28.1237 88.4237
672 27.8375 88.4384
918 27.5454 88.4535
271 27.2456 88.4689
773 26.9147 88.4859
36 26.5712 88.5036
58 26.2323 88.521
696 25.9086 88.5376
695 25.5914 88.5539
768 25.2894 88.5695
418 25.0192 88.5834
441 24.7489 88.5973
578 24.4935 88.6105
28 24.232 88.624
521 23.9626 88.6378
631 23.7058 88.651
430 23.4215 88.6657
462 23.1246 88.6809
491 22.856 88.6948
714 22.5984 88.708
593 22.3524 88.7207
368 22.11 88.7332
227 21.8692 88.7456
651 21.651 88.7568
859 21.4321 88.7681
885 21.2111 88.7795
712 20.9877 88.791
167 20.7655 88.8025
833 20.5166 88.8153
495 20.2663 88.8282
120 20.0173 88.841
456 19.6817 88.8583
776 19.3395 88.8759
557 19.0083 88.8929
431 18.6892 88.9093
409 18.3555 88.9265
871 17.6386 88.9633
115 16.879 89.0023
15 16.1143 89.0415
699 15.3086 89.0828
711 14.5429 89.1221
247 13.9275 89.1537
750 13.3345 89.1842
827 12.8419 89.2095
435 12.5024 89.2269
570 12.3372 89.2355
31 12.2478 89.2401
436 12.1585 89.2447
718 12.0703 89.2492
301 11.9835 89.2537
236 11.8981 89.2581
138 11.8131 89.2625
386 11.7285 89.2669
380 11.643 89.2713
868 11.5629 89.2754
13 11.4898 89.2792
933 11.4149 89.2831
17 11.3372 89.2871
973 11.2576 89.2912
753 11.1778 89.2953
678 11.0914 89.2998
304 11.0102 89.304
200 10.929 89.3082
442 10.8494 89.3123
249 10.7685 89.3165
263 10.6793 89.3211
953 10.5946 89.3254
316 10.5137 89.3296
892 10.4323 89.3338
815 10.351 89.338
300 10.2689 89.3422
905 10.1953 89.346
325 10.1223 89.3498
615 10.0472 89.3537
39 9.9744 89.3574
585 9.90437 89.3611
364 9.83771 89.3645
988 9.77048 89.368
213 9.76836 89.3088
447 9.76137 89.1136
803 9.75435 88.9179
405 9.74738 88.7234
93 9.73989 88.5146
446 9.73257 88.3104
199 9.72523 88.1055
914 9.71764 87.8939
969 9.70991 87.6783
95 9.70188 87.4543
108 9.69389 87.2315
736 9.68594 87.0097
203 9.67801 86.7884
637 9.67057 86.5808
547 9.66296 86.3684
982 9.65533 86.1554
693 9.64759 85.9396
568 9.63958 85.716
75 9.63082 85.4719
169 9.62288 85.2502
401 9.61499 85.0301
792 9.60698 84.8065
106 9.59907 84.5858
153 9.55402 83.3304
554 9.49844 81.7817
457 9.45203 80.4883
701 9.411 79.3444
90 9.40903 79.2893
916 9.40701 79.2329
433 9.40491 79.1743
426 9.40285 79.1168
178 9.40074 79.0581
728 9.39862 78.999
240 9.39656 78.9414
444 9.39449 78.8837
628 9.39237 78.8245
719 9.3902 78.7637
955 9.38791 78.7001
48 9.38565 78.637
546 9.38338 78.5737
207 9.38106 78.509
830 9.37891 78.449
944 9.37674 78.3884
991 9.37451 78.3262
759 9.37233 78.2654
224 9.37006 78.2019
560 9.36787 78.1408
321 9.36564 78.0788
879 9.36338 78.0156
400 9.36133 77.9585
381 9.35934 77.903
1 9.35934 77.903
667 9.36281 77.7156
469 9.36678 77.4995
339 9.3712 77.261
780 9.37563 77.0221
168 9.37989 76.7925
796 9.38417 76.562
346 9.38848 76.33
551 9.39277 76.0988
479 9.39692 75.8753
966 9.40127 75.6408
556 9.4048 75.4495
113 9.40812 75.2699
14 9.41143 75.0909
219 9.41465 74.9165
734 9.41789 74.7407
503 9.42105 74.5685
799 9.42403 74.4064
81 9.42702 74.2436
398 9.42991 74.0856
272 9.43278 73.9286
860 9.43578 73.7647
639 9.43854 73.6134
97 9.44119 73.4692
119 9.44392 73.3198
374 9.44678 73.163
890 9.44951 73.0139
686 9.45204 72.876
970 9.4546 72.7363
361 9.45731 72.5881
162 9.45997 72.443
445 9.4627 72.2938
607 9.46535 72.1489
298 9.468 72.004
657 9.47057 71.8636
277 9.47307 71.7273
948 9.47565 71.5868
338 9.47821 71.4465
825 9.48085 71.3023
694 9.48341 71.1629
234 9.48586 71.03
665 9.48816 70.9038
517 9.49042 70.7804
552 9.49274 70.6536
131 9.49274 70.6536
114 9.49274 70.6536
192 9.49274 70.6535
739 9.49274 70.6535
531 9.49274 70.6535
77 9.99376 70.9908
371 10.5233 71.3472
717 11.1038 71.7378
747 11.7189 72.1517
244 12.6694 72.791
482 13.4638 73.3255
184 14.2407 73.8482
487 15.0021 74.3606
326 15.7473 74.862
946 16.4682 75.347
608 17.177 75.824
399 17.8827 76.2989
99 18.5871 76.7729
266 19.2557 77.2228
550 19.9085 77.6621
41 20.5469 78.0917
730 21.1814 78.5187
50 21.7939 78.9309
454 22.3643 79.3148
574 22.9208 79.6893
256 23.4605 80.0526
360 23.7608 80.2548
600 24.0473 80.4477
443 24.3291 80.6375
726 24.6077 80.8251
73 24.8748 81.0049
223 25.1345 81.1798
96 25.3967 81.3563
124 25.4628 80.6787
424 25.5381 79.9058
220 25.6039 79.2303
927 25.6685 78.5671
500 25.7362 77.8723
658 26.1251 77.4096
88 26.5259 76.9328
789 26.9274 76.4551
950 27.3588 75.9419
888 27.803 75.4135
60 28.2712 74.8565
886 28.7438 74.2942
635 29.2837 73.6517
333 29.8765 72.9462
697 30.4563 72.2562
459 30.9589 71.6579
270 31.0077 71.5999
872 31.0551 71.5437
878 31.1011 71.489
2 31.1497 71.4313
662 31.4012 71.132
715 31.6464 70.8404
226 31.9304 70.5025
894 32.1972 70.1853
189 32.0574 69.9283
80 31.907 69.6514
954 31.7434 69.3505
171 31.585 69.0592
604 31.4091 68.7354
252 31.2371 68.4191
275 31.0705 68.1123
689 30.8922 67.7844
903 30.7301 67.4861
501 30.5512 67.1569
327 30.3682 66.8202
537 30.1817 66.4771
971 30.008 66.1574
526 29.8296 65.8291
705 29.6637 65.5237
34 29.491 65.206
965 29.3084 64.87
30 29.1361 64.5531
571 28.9642 64.2368
956 28.817 63.966
324 28.7203 63.7882
130 28.6212 63.6059
587 28.6873 63.3104
233 28.7446 63.0543
132 28.8107 62.759
79 28.8699 62.4948
839 28.9318 62.2183
59 28.9949 61.9366
411 29.0654 61.6214
729 29.1277 61.3432
938 29.1892 61.0683
788 29.1892 61.0683
329 29.1892 61.0683
720 29.1892 61.0683
599 29.1892 61.0683
137 29.1892 61.0683
645 29.1892 61.0683
640 29.1892 61.0683
957 29.1892 61.0683
382 29.1892 61.0683
267 29.1892 61.0683
545 29.1892 61.0683
308 29.1892 61.0683
21 29.1892 61.0683
510 29.1892 61.0683
735 29.1892 61.0683
633 29.1892 61.0683
370 29.1892 61.0683
756 27.6817 61.0227
733 26.1432 60.9763
493 24.6219 60.9303
924 22.1334 60.8553
601 19.9097 60.7882
429 17.4327 60.7136
502 16.8263 60.5673
451 16.1807 60.4116
3 15.5942 60.2702
100 14.9597 60.1171
846 14.3291 59.965
764 13.7409 59.8231
524 13.1404 59.6783
703 12.5607 59.5385
376 11.9511 59.3915
427 11.3157 59.2382
680 11.3157 59.2382
630 11.3157 59.2382
772 11.3157 59.2382
255 11.3157 59.2382
677 11.3157 59.2382
939 11.3157 59.2382
784 11.4128 58.637
218 11.5131 58.0163
347 11.6148 57.3871
760 11.8976 55.6345
157 12.2277 53.5887
925 12.3394 53.448
373 12.4612 53.2948
534 12.5825 53.1421
909 12.7016 52.9923
422 12.8209 52.842
312 12.9368 52.6961
279 13.234 52.5698
336 13.5315 52.4433
542 13.8253 52.3185
505 14.1198 52.1933
897 14.4147 52.0679
543 15.3985 51.0106
352 15.4149 50.9929
527 15.4317 50.9749
698 15.5755 50.8203
758 15.7169 50.6683
403 15.8554 50.5194
731 15.9823 50.3829
691 16.1088 50.247
78 16.2396 50.1063
589 16.3573 49.9798
174 16.5415 49.7818
565 16.7252 49.5842
496 16.9279 49.3663
981 17.1264 49.1529
688 17.3524 48.9101
475 17.346 48.8824
196 17.3399 48.8558
341 16.8997 46.9384
958 16.4808 45.1137
384 16.4303 44.8935
985 16.3847 44.695
222 16.3847 44.695
10 16.3847 44.695
37 16.3847 44.695
388 16.3847 44.695
303 15.6578 44.8251
489 15.2397 44.9
154 14.8235 44.9746
863 14.4188 45.0472
652 14.0159 45.1194
57 13.6182 45.1907
212 13.2161 45.2628
949 12.8003 45.3374
990 12.4244 45.4048
463 12.0494 45.472
228 11.6595 45.542
616 11.2746 45.611
972 10.8741 45.6828
858 10.4851 45.7525
841 10.1048 45.8207
771 9.70507 45.8924
936 9.32646 45.9602
46 8.94484 46.0286
128 8.56111 46.0974
122 8.1648 46.1685
749 8.17353 46.0588
214 8.18212 45.9509
47 8.19166 45.8311
849 8.20155 45.7069
330 8.21649 45.5193
499 8.23041 45.3445
123 8.24364 45.1783
116 8.25647 45.0172
166 8.27046 44.8414
708 8.29572 44.5241
805 8.37361 43.5461
663 8.53612 41.5056
423 8.74194 38.9217
898 9.00595 35.6071
963 9.08417 34.6249
299 9.09842 34.446
74 9.11119 34.2855
86 9.12282 34.1395
328 9.13415 33.9972
770 9.14738 33.8309
87 9.16222 33.6445
32 9.17706 33.4581
700 9.22784 32.8204
125 9.28825 32.0619
673 9.37465 30.9768
283 9.4385 30.1749
943 9.53658 28.9433
331 9.63125 27.7545
836 9.70889 26.7793
674 9.79052 25.7542
514 9.82351 25.3398
572 9.86322 24.8411
4 9.9045 24.3226
258 9.94992 23.7522
455 9.9968 23.1635
412 10.0447 22.5622
794 10.0874 22.0261
710 10.144 21.3143
268 10.2133 20.4447
741 10.3251 19.0404
254 10.4446 17.5396
812 10.5471 16.2524
474 10.6386 16.3262
881 10.7229 16.3942
661 10.8097 16.4642
362 10.8915 16.5302
629 10.9733 16.5961
348 11.0575 16.664
682 11.1419 16.7321
61 11.2271 16.8008
187 11.3156 16.8722
588 11.412 16.9499
646 11.5092 17.0282
722 11.6107 17.1101
8 12.3585 17.7127
402 12.5065 17.8496
702 12.6516 17.9838
366 12.7676 18.0911
133 12.8815 18.1966
902 15.4177 18.4182
488 16.8934 18.5472
211 19.4734 18.8918
669 22.1327 19.2472
643 22.874 20.7709
439 23.7083 22.4858
284 24.6488 24.4188
160 25.7241 26.629
915 25.8624 26.9131
824 26.0029 27.2019
641 26.1433 27.4905
221 26.3004 27.8134
64 26.4546 28.1303
121 26.6309 28.4927
612 26.8041 28.8487
354 26.9601 29.1693
899 27.1222 29.5026
602 27.3202 29.9094
549 27.5355 30.352
205 27.7379 30.7681
811 27.9346 31.1723
11 28.1007 31.5137
486 28.1898 31.6967
787 28.2808 31.8838
151 28.3767 32.0809
529 28.4637 32.2597
748 28.5486 32.4343
679 28.5958 32.5313
586 28.6418 32.6258
706 27.8532 35.9283
829 27.4289 37.7049
655 26.9307 39.7908
65 26.4907 41.6327
182 25.6523 45.144
869 25.6523 45.144
525 25.8546 45.3428
783 26.0627 45.5471
142 26.2938 45.774
391 26.5107 45.9871
619 26.7248 46.1974
397 26.9542 46.4227
476 27.1842 46.6486
913 27.4072 46.8677
438 27.6514 47.1075
148 27.8991 47.3508
535 28.1589 47.6059
908 28.4272 47.8694
797 28.6984 48.1357
269 28.9658 48.3983
723 29.2564 48.6836
461 29.5152 48.9378
891 29.5265 48.9489
603 29.5375 48.9597
302 29.5484 48.9704
413 29.5596 48.9814
237 29.571 48.9927
876 29.582 49.0034
49 29.5931 49.0144
507 29.6044 49.0255
732 36.3773 49.6173
210 36.5935 49.2724
929 36.8261 48.9014
566 37.05 48.5444
922 37.2951 48.1534
862 37.527 47.7837
180 37.775 47.3881
917 38.0215 46.995
89 38.287 46.5715
692 38.5392 46.1693
687 38.8127 45.7331
147 39.0884 45.2934
414 39.3544 44.8692
508 39.6321 44.4264
66 39.9119 43.9802
155 39.9119 43.9802
194 39.9119 43.9802
522 39.9119 43.9802
480 39.9119 43.9802
664 39.9119 43.9802
989 40.4756 43.5057
778 41.054 43.0189
853 41.6028 42.557
875 42.2096 42.0463
870 42.2096 42.0463
844 42.2096 42.0463
906 42.2096 42.0463
197 42.2096 42.0463
19 42.2096 42.0463
452 42.2096 42.0463
7 42.2096 42.0463
38 42.2096 42.0463
276 43.0388 41.0559
790 43.8783 40.0531
512 44.7266 39.0399
865 45.6654 37.9187
55 46.4825 36.9427
634 46.6062 36.7948
191 46.6062 36.7948
935 46.6062 36.7948
356 46.6062 36.7948
342 46.6062 36.7948
63 47.1376 35.0425
377 47.7754 32.9391
831 48.4951 30.5647
681 48.2282 30.3461
250 47.9495 30.1179
209 47.6659 29.8856
555 47.3783 29.65
785 47.0831 29.4082
355 46.7807 29.1604
626 41.7614 25.0463
261 41.3086 24.6754
278 40.8469 24.2972
257 40.7856 24.1456
421 40.7097 23.9582
834 40.5986 23.6836
289 40.4811 23.3933
337 40.3588 23.0912
310 40.2375 22.7912
883 40.1183 22.4967
379 40.0006 22.206
26 39.8829 21.9152
111 39.765 21.6238
822 39.6473 21.3329
307 39.5297 21.0424
653 39.4195 20.7703
246 39.3099 20.4993
467 39.3919 20.3834
573 39.4773 20.2626
934 39.5622 20.1427
704 39.648 20.0215
351 39.7334 19.9008
709 39.9823 19.7893
287 40.9435 19.3586
363 41.9093 18.9259
407 43.1626 18.3643
518 45.3325 17.3917
164 49.2921 17.0655
581 52.8143 16.7754
419 53.9676 16.6803
873 55.2744 16.5725
598 59.2196 16.2475
959 60.8652 16.1118
721 62.3683 15.9879
103 62.3978 15.9855
504 63.8032 16.3061
295 64.9693 16.5722
777 66.0838 16.8265
24 67.4578 17.14
176 68.847 17.457
819 70.5877 17.8541
