0,483,345,243,627,979,260,103,24,721,777,176,504,598,295,581,828,377,821,819,751,865,959,555,873,209,19,785,55,419,6,831,143,45,358,466,609,553,592,29,232,670,323,357,745,195,926,716,781,492,843,43,458,197,978,644,844,870,314,675,930,63,594,634,27,66,452,906,355,421,480,681,935,26,834,164,257,191,250,934,289,261,790,356,512,692,848,917,69,180,783,379,7,151,529,862,706,388,278,679,989,748,619,876,205,829,709,869,111,586,310,64,486,883,602,853,467,160,704,626,824,246,307,337,653,407,518,287,351,254,669,363,643,354,702,822,573,943,787,641,423,11,38,403,397,221,543,37,496,148,413,687,549,811,908,121,863,32,439,915,402,87,985,284,455,268,572,899,474,673,902,366,211,674,812,61,588,187,722,646,629,881,362,488,741,258,682,963,710,348,8,514,412,74,331,133,898,794,299,770,836,661,283,384,10,4,312,463,341,154,652,373,489,499,328,46,86,128,157,122,731,303,214,849,212,330,222,116,936,909,527,616,57,858,505,749,972,166,542,182,698,841,78,958,100,797,700,123,663,324,949,956,612,65,228,125,990,279,352,476,771,142,655,336,938,664,535,633,438,723,414,508,913,475,525,756,510,390,391,922,302,269,705,901,677,174,758,981,534,114,924,275,733,113,846,361,691,162,957,196,545,788,720,640,507,971,79,734,739,192,772,218,970,879,3,47,589,347,531,565,760,805,77,925,234,939,703,376,81,747,764,630,524,97,277,338,948,503,708,381,371,717,255,966,784,400,14,657,667,131,398,639,321,31,728,219,119,502,272,374,427,556,860,726,184,796,339,325,224,694,607,90,517,799,445,298,457,825,244,886,360,955,433,680,537,48,991,551,905,736,546,554,346,75,719,240,615,178,570,890,830,665,207,426,686,944,628,399,916,436,93,300,249,200,108,199,236,892,138,711,637,446,301,316,447,953,304,792,678,780,263,759,203,364,58,247,169,444,982,401,693,815,153,718,914,213,106,988,750,13,183,699,547,380,435,827,585,868,969,859,803,39,15,1,973,405,456,712,568,95,600,50,431,608,714,115,462,386,560,557,442,227,495,776,288,753,17,578,150,120,695,418,833,73,960,141,786,773,96,256,757,808,271,28,651,139,470,871,36,44,885,918,933,610,638,428,253,672,449,521,696,491,761,409,611,593,430,752,230,613,22,231,309,72,424,368,92,306,265,20,631,768,76,441,167,795,41,60,697,730,172,950,490,469,954,296,658,326,888,333,88,168,635,429,16,571,689,124,223,550,220,487,443,552,946,587,226,604,574,266,479,735,729,789,411,500,701,132,482,99,599,329,327,965,601,130,422,929,308,501,645,878,596,927,526,137,451,34,493,715,89,891,49,359,765,349,382,897,233,676,688,370,59,903,603,54,591,21,576,912,80,270,724,350,30,404,225,56,171,175,459,163,976,671,540,782,800,215,910,986,109,454,561,919,2,649,82,294,562,193,146,394,840,189,252,662,872,806,292,614,416,807,548,62,980,880,202,319,816,245,241,437,801,9,317,378,575,940,406,229,280,921,931,477,165,754,642,530,895,802,248,564,774,992,177,618,887,305,952,814,126,713,320,763,866,23,659,415,690,511,882,344,156,367,239,105,118,532,541,539,569,707,974,375,559,343,53,877,129,448,392,206,516,738,536,766,911,746,313,896,584,5,874,181,389,12,856,737,408,620,984,624,185,961,434,140,947,335,259,179,861,40,315,273,464,851,158,823,52,285,864,42,353,622,813,145,854,567,544,149,817,580,251,318,893,725,742,481,845,775,820,159,494,666,135,983,685,889,322,928,204,740,473,25,450,417,648,372,311,528,660,208,238,832,605,71,727,290,297,465,818,83,478,907,515,595,68,867,962,420,837,900,51,152,744,579,650,110,393,340,67,369,937,432,18,395,509,668,904,847,173,855,617,282,453,743,968,654,632,216,161,460,894,755,94,582,134,826,513,563,636,144,683,987,91,410,769,484,523,857,112,791,365,84,286,440,498,235,281,186,810,798,762,468,964,558,35,945,188,85,104,779,101,625,793,293,210,732,533,291,155,778,809,804,839,267,522,264,147,472,461,597,194,875,396,262,127,471,237,577,621,923,519,623,566,70,606,276,342,217,842,485,647,767,583,941,190,942,334,538,117,332,385,201,383,852,102,975,387,850,920,932,656,497,242,977,951,835,170,136,198,107,506,684,838,884,425,967,590,33,274,520,98,
value : 537.031 running time : 31.108829
0 80 20
483 84.3401 15.2891
345 84.3401 15.2891
243 84.3401 15.2891
627 84.3401 15.2891
979 82.0873 15.1775
260 79.3052 15.0397
103 69.03 14.5315
24 68.4915 15.4808
721 68.0184 16.3147
777 67.3789 17.442
176 66.7433 18.5624
504 65.9604 19.9424
598 65.1647 21.345
295 64.3524 22.7767
581 63.5102 24.2612
828 62.4655 26.1022
377 61.8729 27.1469
821 61.652 27.5365
819 61.4402 27.91
751 61.2129 28.3107
865 61.0125 28.664
959 60.9381 28.7952
555 60.8547 28.9424
873 60.774 29.0847
209 60.6933 29.2269
19 60.6471 29.3083
785 60.6471 29.3083
55 60.6471 29.3083
419 60.6471 29.3083
6 62.0951 31.5707
831 63.6149 33.9455
143 65.0546 36.1958
45 65.5497 36.969
358 66.0397 37.7343
466 66.5325 38.5038
609 66.9885 39.216
553 67.3989 39.857
592 67.4338 39.9114
29 67.466 39.9616
232 67.4978 40.0112
670 67.53 40.0614
323 67.5612 40.1102
357 67.5933 40.1602
745 67.627 40.2128
195 67.6603 40.2648
926 64.7965 39.8754
716 60.3414 39.2702
781 57.8812 38.9355
492 55.3671 38.5936
843 54.3024 38.4487
43 54.3024 38.4487
458 54.3024 38.4487
197 54.3024 38.4487
978 54.3024 38.4487
644 54.3024 38.4487
844 53.956 38.2608
870 53.5894 38.062
314 53.2035 37.8528
675 52.7678 37.6165
930 52.2282 37.3239
63 51.6599 37.0158
594 51.0512 36.6858
634 50.415 36.3409
27 49.7552 35.9832
66 49.0622 35.6076
452 48.3525 35.2229
906 47.6023 34.8162
355 46.8252 34.395
421 46.0278 33.9629
480 45.1865 33.5069
681 44.3068 33.0301
935 43.422 32.5506
26 42.5293 32.0668
834 42.3636 32.3773
164 42.1919 32.6988
257 42.0046 33.0494
191 41.8139 33.4066
250 41.6162 33.7768
934 41.4165 34.1509
289 41.1989 34.5583
261 40.9601 35.0055
790 40.6749 35.5393
356 40.3887 36.0752
512 40.1119 36.5935
692 39.9992 36.8045
848 39.8858 37.0169
917 39.7792 37.2166
69 39.6723 37.4169
180 39.6314 37.4414
783 39.5499 37.3933
379 39.467 37.3443
7 39.3912 37.2996
151 39.3152 37.2548
529 39.2398 37.2103
862 39.1664 37.1669
706 39.0924 37.1233
388 39.0178 37.0792
278 39.0178 37.0792
679 39.0178 37.0792
989 39.0178 37.0792
748 39.0178 37.0792
619 39.0178 37.0792
876 39.0178 37.0792
205 34.0536 30.7426
829 33.7844 30.3992
709 33.9121 29.8415
869 34.0448 29.2616
111 34.1777 28.6812
586 34.3089 28.1078
310 34.4323 27.5688
64 34.5234 27.1711
486 34.6124 26.7823
883 34.7113 26.3503
602 34.811 25.9149
853 34.9471 25.3206
467 35.1134 24.5939
160 35.2839 23.8486
704 35.4558 23.0976
626 35.6278 22.3458
824 35.8015 21.5866
246 35.9864 20.7789
307 36.178 19.9415
337 36.3833 19.0439
653 36.5865 18.1559
407 36.7802 17.3095
518 36.9659 16.4976
287 35.7974 17.8717
351 34.5809 19.302
254 33.3328 20.7692
669 33.3328 20.7692
363 32.9374 21.5467
643 32.5013 22.4046
354 32.056 23.2804
702 31.631 24.1163
822 31.2012 24.9617
573 30.7774 25.7953
943 29.3354 28.6289
787 28.1911 30.8785
641 27.052 33.118
423 25.3264 36.5084
11 25.2898 36.5804
38 25.2533 36.6524
403 25.2163 36.7252
397 25.1819 36.7929
221 25.1486 36.8585
543 25.1105 36.9334
37 25.0747 37.004
496 25.0392 37.0739
148 25.0392 37.0739
413 25.0391 37.0739
687 24.961 37.0336
549 24.8774 36.9905
811 24.8001 36.9507
908 24.7196 36.9092
121 20.9752 34.9784
863 16.9998 32.9284
32 16.3768 31.1941
439 15.2815 28.1444
915 15.147 27.7702
402 15.0071 27.3808
87 14.8729 27.0076
985 14.7238 26.5928
284 14.5604 26.1382
455 14.2366 25.2593
268 13.9148 24.3859
572 13.5966 23.5222
899 13.2649 22.6217
474 12.933 21.7209
673 12.596 20.8062
902 12.2501 19.8676
366 11.8956 18.9056
211 11.5419 17.9457
674 11.1949 17.0041
812 10.8654 16.1098
61 10.8654 16.1098
588 10.8654 16.1098
187 10.8654 16.1098
722 10.8654 16.1098
646 10.8654 16.1098
629 10.8654 16.1098
881 10.8655 16.1098
362 10.8655 16.1098
488 10.8655 16.1098
741 10.865 16.1166
258 10.8645 16.1229
682 10.8642 16.1283
963 10.8637 16.1344
710 10.8634 16.14
348 10.863 16.1448
8 10.8626 16.1502
514 10.4507 22.0732
412 10.3734 23.1891
74 10.2894 24.4012
331 10.2081 25.5749
133 10.1251 26.7718
898 10.0449 27.9304
794 9.97121 28.9936
299 9.8962 30.0765
770 9.81737 31.2141
836 9.78927 31.6208
661 9.76031 32.0397
283 9.69535 32.9775
384 9.63421 33.8604
10 9.57866 34.663
4 9.52561 35.4295
312 9.45449 36.456
463 9.39367 37.3342
341 9.35723 37.861
154 9.32977 38.2583
652 9.30503 38.6163
373 9.28199 38.9498
489 9.26245 39.2328
499 9.24702 39.4565
328 9.23182 39.6767
46 9.21662 39.8969
86 9.20149 40.1161
128 9.01449 42.809
157 8.86351 44.9842
122 8.74247 46.7289
731 8.8773 46.7244
303 8.9963 46.7205
214 9.11447 46.7165
849 9.23902 46.7124
212 9.39533 46.7071
330 9.54145 46.7023
222 9.6921 46.6972
116 9.83453 46.6925
936 10.0022 46.6869
909 10.1641 46.6815
527 10.323 46.6762
616 10.5016 46.6702
57 10.6667 46.6647
858 10.8421 46.6589
505 10.9967 46.6537
749 11.1523 46.6485
972 11.3133 46.6431
166 11.4688 46.6379
542 11.9176 46.623
182 12.3638 46.6081
698 12.7966 46.5937
841 13.1963 46.5804
78 13.6138 46.5665
958 13.9903 46.5539
100 14.5004 46.5369
797 15.093 46.5172
700 15.6514 46.4986
123 16.2153 46.4798
663 16.8488 46.4587
324 17.475 46.4379
949 17.9432 46.4222
956 18.4128 46.4066
612 18.8676 46.3914
65 18.9545 46.5011
228 19.0824 46.6623
125 19.2145 46.8291
990 19.372 47.0277
279 19.5512 47.2539
352 19.7172 47.4633
476 19.8836 47.6733
771 20.059 47.8946
142 20.2393 48.1221
655 20.4126 48.3407
336 20.5983 48.575
938 20.7751 48.7981
664 20.9435 49.0106
535 21.2116 49.3489
633 21.4809 49.6887
438 21.7406 50.0164
723 22.009 50.3552
414 22.298 50.7198
508 22.678 51.1993
913 23.042 51.6587
475 23.3979 52.1078
525 23.791 52.6039
756 24.2 53.1201
510 24.5829 53.6033
390 24.9534 54.071
391 24.9959 54.1245
922 25.0459 54.1876
302 24.5806 54.5271
269 24.0777 54.894
705 23.5252 55.2972
901 22.9613 55.7087
677 22.3811 56.132
174 21.9195 56.4688
758 21.471 56.796
981 21.0258 57.1208
534 20.5812 57.4452
114 19.6406 58.3865
924 18.8373 59.1903
275 18.1905 59.8375
733 17.6275 60.4008
113 17.036 60.9927
846 16.96 61.0686
361 16.8801 61.1485
691 16.8801 61.1485
162 16.8801 61.1485
957 16.8801 61.1485
196 16.8801 61.1485
545 16.8801 61.1485
788 16.8801 61.1485
720 16.7184 61.1576
640 16.551 61.167
507 15.8031 61.2095
971 15.0425 61.2527
79 14.3767 61.2908
734 14.1974 61.301
739 13.9954 61.3124
192 13.7951 61.3236
772 13.592 61.335
218 13.3987 61.3458
970 13.2037 61.3568
879 13.0111 61.3676
3 12.817 61.3785
47 12.6227 61.3894
589 12.6017 61.4551
347 12.5814 61.5183
531 12.5604 61.584
565 12.5385 61.6525
760 12.5183 61.7155
805 12.4978 61.7796
77 12.4786 61.8393
925 12.4583 61.9028
234 12.4383 61.9651
939 12.4181 62.0284
703 12.4181 62.0284
376 12.4181 62.0284
81 12.4181 62.0284
747 12.4181 62.0284
764 12.4181 62.0284
630 12.4181 62.0284
524 12.4181 62.0284
97 12.4181 62.0284
277 12.4181 62.0284
338 12.4181 62.0284
948 12.4181 62.0285
503 12.4181 62.0285
708 12.4181 62.0285
381 12.212 64.8946
371 12.1677 65.5058
717 12.1243 66.1034
255 12.0815 66.6942
966 12.0388 67.2822
784 12.0134 67.6317
400 11.9882 67.9784
14 11.9624 68.3339
657 11.9371 68.6815
667 11.9119 69.0289
131 11.8873 69.3666
398 11.863 69.7018
639 11.8381 70.0443
321 11.8145 70.3681
31 11.7916 70.6836
728 11.7715 70.9593
219 11.7528 71.2171
119 11.7342 71.4723
502 11.7156 71.7281
272 11.6967 71.987
374 11.6777 72.249
427 11.6587 72.5098
556 11.64 72.767
860 11.6216 73.0198
726 11.6034 73.2698
184 11.5852 73.519
796 11.5674 73.7642
339 11.5497 74.0074
325 11.5319 74.2523
224 11.5145 74.4909
694 11.4975 74.7235
607 11.4802 74.9616
90 11.4625 75.2051
517 11.47 75.2095
799 11.4777 75.214
445 11.6672 75.3244
298 11.8614 75.4376
457 12.0586 75.5525
825 12.257 75.6681
244 12.4569 75.7846
886 12.6606 75.9033
360 12.8635 76.0215
955 13.0695 76.1415
433 13.2757 76.2616
680 13.4826 76.3822
537 13.6756 76.4947
48 13.3992 76.7203
991 13.1115 76.9552
551 12.8332 77.1824
905 12.569 77.3981
736 12.31 77.6095
546 12.1395 77.7487
554 11.9727 77.8848
346 11.8324 77.9993
75 11.6975 78.1094
719 11.5691 78.2141
240 11.4442 78.3161
615 11.3212 78.4163
178 11.2004 78.5149
570 11.0816 78.6118
890 10.9637 78.7081
830 10.8475 78.8028
665 10.7324 78.8968
207 10.6185 78.9897
426 10.5493 79.4892
686 10.4888 79.9265
944 10.3909 80.6345
628 10.2998 81.2926
399 10.2172 81.8898
916 10.1377 82.4641
436 10.0609 83.0194
93 9.98208 83.5891
300 9.90498 84.1463
249 9.83338 84.6639
200 9.75773 85.2105
108 9.74071 85.3336
199 9.72277 85.4632
236 9.70553 85.5878
892 9.69017 85.6988
138 9.6727 85.8251
711 9.65625 85.944
637 9.6418 86.0484
446 9.62695 86.1557
301 9.61192 86.2644
316 9.59706 86.3718
447 9.58142 86.4848
953 9.56632 86.5939
304 9.55165 86.7
792 9.53764 86.8013
678 9.52278 86.9086
780 9.50968 87.0034
263 9.49454 87.1128
759 9.48046 87.2145
203 9.46574 87.3209
364 9.4501 87.4339
58 9.43577 87.5375
247 9.41993 87.652
169 9.40481 87.7612
444 9.38948 87.8721
982 9.37368 87.9863
401 9.35791 88.1002
693 9.34221 88.2137
815 9.32709 88.323
153 9.31141 88.4363
718 9.29559 88.5507
914 9.27888 88.6714
213 9.26186 88.7944
106 9.25358 88.8542
988 9.24532 88.9139
750 9.40714 88.8566
13 9.57682 88.7965
183 9.72975 88.7423
699 9.85535 88.6978
547 9.9744 88.6556
380 10.0983 88.6117
435 10.2356 88.5631
827 10.4928 88.472
585 10.7834 88.369
868 11.1696 88.2322
969 11.8911 87.9766
859 12.9186 87.6126
803 12.9366 87.6062
39 12.9561 87.5993
15 13.2603 87.4915
1 13.4896 87.4103
973 13.7339 87.3238
405 13.9765 87.2378
456 16.8674 86.2137
712 17.3468 85.9295
568 17.858 85.6263
95 18.9308 84.9903
600 20.2246 84.2234
50 20.9784 85.0918
431 21.7057 85.9296
608 22.5062 86.8516
714 23.4182 87.902
115 23.4182 87.902
462 23.4182 87.902
386 23.4182 87.902
560 23.4182 87.902
557 23.5385 87.9747
442 23.6708 88.0546
227 23.8104 88.1389
495 24.0009 88.2108
776 24.1991 88.2855
288 24.4424 88.3772
753 24.6877 88.4697
17 24.938 88.564
578 25.1989 88.6623
150 25.4644 88.7624
120 25.7269 88.8614
695 25.9891 88.9602
418 26.2561 89.0608
833 26.525 89.1622
73 26.7959 89.2643
960 27.0649 89.3656
141 27.2887 89.45
786 27.509 89.533
773 27.7268 89.6152
96 27.9427 89.6966
256 28.157 89.7774
757 28.3673 89.8566
808 28.5877 89.9397
271 28.803 90.0209
28 29.0133 90.1002
651 29.2223 90.1789
139 29.4369 90.2598
470 29.4703 90.2724
871 29.5021 90.2844
36 29.5366 90.2974
44 29.5708 90.3103
885 29.6056 90.3234
918 29.6424 90.3373
933 29.6774 90.3505
610 29.717 90.3655
638 29.7547 90.3797
428 29.7925 90.394
253 29.8313 90.4086
672 29.8718 90.4239
449 29.9134 90.4395
521 29.9221 90.4428
696 29.9314 90.4463
491 29.9413 90.45
761 29.9514 90.4538
409 29.962 90.4578
611 29.9726 90.4618
593 29.9825 90.4656
430 29.9936 90.4697
752 30.0051 90.4741
230 30.0152 90.4779
613 30.0258 90.4819
22 30.0356 90.4856
231 30.0452 90.4892
309 30.0555 90.4931
72 30.0647 90.4965
424 30.0728 90.4996
368 30.0829 90.5034
92 30.0945 90.5077
306 30.1056 90.5119
265 30.1172 90.5163
20 30.0823 90.3391
631 30.0445 90.1467
768 30.0031 89.9362
76 29.9372 89.6017
441 29.876 89.2903
167 29.6322 88.0523
795 29.4261 87.0054
41 29.2037 85.8758
60 29.0077 84.8801
697 28.8365 84.0103
730 28.6848 83.2397
172 28.5728 82.6706
950 28.3865 81.7238
490 28.2879 81.2229
469 28.1829 80.6895
954 28.0732 80.1319
296 27.9658 79.5864
658 27.8535 79.016
326 27.7489 78.4844
888 27.6566 78.0153
333 27.571 77.5801
88 27.4846 77.1412
168 27.363 76.5236
635 27.2445 75.9213
429 27.1323 75.3515
16 27.0869 75.1208
571 27.0386 74.875
689 26.9929 74.6428
124 26.946 74.4047
223 26.8971 74.156
550 26.8446 73.8892
220 26.7895 73.6091
487 26.7367 73.3409
443 26.6812 73.059
552 26.6236 72.7659
946 26.5708 72.498
587 26.5166 72.2223
226 26.4664 71.9672
604 26.4027 71.6436
574 26.3364 71.3064
266 26.2695 70.9668
479 26.2011 70.6191
735 26.1276 70.2457
729 26.0981 70.0957
789 26.0722 69.964
411 26.0431 69.8164
500 26.0161 69.679
701 25.9701 69.4451
132 25.9224 69.2031
482 25.876 68.9669
99 26.1713 68.5301
599 26.4908 68.0575
329 26.7812 67.6281
327 27.0762 67.1918
965 27.3819 66.7397
601 27.685 66.2913
130 28.0027 65.8214
422 28.9001 64.4939
929 29.1275 64.3201
308 29.3518 64.1488
501 29.5729 63.9798
645 29.7917 63.8126
878 30.0132 63.6433
596 30.2336 63.4749
927 30.4593 63.3025
526 30.6907 63.1256
137 30.985 62.9006
451 31.292 62.666
34 31.6203 62.4151
493 31.9618 62.154
715 32.3059 61.891
89 32.6397 61.6359
891 32.9655 61.3868
49 33.2831 61.144
359 33.2831 61.144
765 33.2831 61.144
349 33.2831 61.144
382 33.2831 61.144
897 33.2831 61.144
233 33.3341 61.201
676 33.731 61.644
688 33.8771 61.8071
370 34.0905 62.0453
59 34.2928 62.2712
903 34.5718 62.5826
603 34.8511 62.8944
54 35.4737 63.5895
591 36.0574 64.2411
21 36.5883 64.8338
576 37.1027 65.4081
912 37.6309 65.9977
80 38.2998 66.7445
270 38.8694 67.3804
724 39.241 67.7952
350 39.5871 68.1815
30 39.8795 68.508
404 40.321 69.0009
225 40.7664 69.4982
56 41.1935 69.975
171 41.672 70.5092
175 42.177 71.0729
459 42.8146 71.7848
163 43.6649 72.734
976 44.8787 74.0891
671 46.2689 75.641
540 45.9648 75.8723
782 45.6661 76.0995
800 45.3571 76.3346
215 44.9999 76.6063
910 44.6474 76.8744
986 44.3015 77.1376
109 43.942 77.4111
454 41.5622 79.2229
561 41.7268 79.517
919 41.8947 79.8168
2 42.0638 80.1189
649 42.2363 80.4268
82 42.4087 80.7348
294 42.5796 81.0399
562 42.7488 81.3422
193 42.9161 81.6409
146 43.0828 81.9386
394 43.0828 81.9386
840 43.0828 81.9386
189 43.0828 81.9386
252 43.0828 81.9386
662 43.0828 81.9386
872 43.0828 81.9386
806 43.1284 81.9832
292 43.1746 82.0284
614 43.2207 82.0734
416 43.269 82.1206
807 43.3155 82.1661
548 43.3643 82.2138
62 47.1686 83.7574
980 48.2111 84.1802
880 48.5278 84.3086
202 48.8406 84.4354
319 49.0134 84.5055
816 49.203 84.5823
245 49.3605 84.6462
241 49.5128 84.7079
437 49.7532 84.8054
801 50.0572 84.9287
9 50.2312 84.9992
317 50.9017 85.6451
378 51.3394 86.0666
575 51.3535 86.2574
940 51.3676 86.4493
406 51.3817 86.6399
229 51.3951 86.8214
280 51.41 87.0237
921 51.4251 87.2291
931 51.4473 87.5292
477 51.4771 87.9336
165 51.4845 88.0337
754 51.4912 88.1247
642 51.4976 88.2108
530 51.5044 88.3026
895 51.5111 88.3939
802 51.5184 88.4929
248 51.5314 88.6698
564 51.5479 88.8932
774 51.5728 89.2306
992 51.5955 89.5385
177 51.4603 89.6485
618 51.3069 89.7732
887 51.1574 89.8946
305 50.9967 90.0253
952 50.8447 90.1488
814 50.6913 90.2735
126 50.5416 90.3951
713 50.3781 90.528
320 50.2237 90.6536
763 50.0656 90.782
866 49.9152 90.9042
23 49.774 91.019
659 49.6358 91.1314
415 49.4961 91.2449
690 49.3489 91.3646
511 49.1915 91.4925
882 49.0404 91.6154
344 48.8936 91.7346
156 48.7482 91.8528
367 48.6062 91.9682
239 48.4559 92.0904
105 48.3101 92.2089
118 48.1711 92.3219
532 48.0164 92.4476
541 47.8662 92.5697
539 47.7196 92.6888
569 47.5693 92.811
707 47.4289 92.9251
974 47.3709 92.9722
375 47.3709 92.9722
559 47.3709 92.9722
343 47.3709 92.9722
53 47.3709 92.9722
877 47.3709 92.9722
129 47.3709 92.9722
448 47.3709 92.9722
392 47.3709 92.9722
206 47.5394 92.9322
516 47.7095 92.8919
738 47.8826 92.8508
536 48.094 92.8006
766 48.3102 92.7493
911 48.5248 92.6984
746 48.7319 92.6492
313 48.9356 92.6009
896 49.1392 92.5526
584 49.3428 92.5042
5 49.5466 92.4559
874 49.7494 92.4077
181 49.9572 92.3584
389 51.0853 92.0914
12 52.2428 91.8175
856 53.452 91.5313
737 54.6546 91.2466
408 55.8863 90.955
620 57.0592 90.6774
984 57.0592 90.6774
624 57.0592 90.6774
185 57.0592 90.6774
961 57.0592 90.6774
434 57.4265 90.2851
140 57.8789 89.802
947 58.3312 89.319
335 58.7859 88.8334
259 59.2441 88.3441
179 59.7093 87.8473
861 60.1871 87.337
40 60.6942 86.7955
315 61.2049 86.2502
273 61.8881 86.328
464 62.5319 86.4013
851 63.1177 86.4681
158 64.2948 86.6021
823 65.0873 86.6923
52 65.83 86.7769
285 66.5203 86.8556
864 67.1536 86.9277
42 67.6761 86.9873
353 68.2226 87.0495
622 68.7315 87.1075
813 69.2581 87.1675
145 69.7584 87.2245
854 70.2729 87.2832
567 70.7537 87.338
544 71.34 87.4047
149 71.9662 87.4761
817 72.6913 87.5587
580 75.3906 87.8657
251 75.581 87.8698
318 75.7959 87.8746
893 76.0481 87.8801
725 76.2819 87.8853
742 76.4952 87.89
481 76.7063 87.8946
845 76.9822 87.9007
775 77.3126 87.908
820 77.6787 87.916
159 78.014 87.9234
494 78.3549 87.9309
666 78.7019 87.9386
135 79.096 87.9472
983 81.0674 87.9906
685 81.4249 87.9961
889 81.5012 87.9973
322 81.574 87.9985
928 81.6468 87.9996
204 83.8171 85.6513
740 84.3772 85.0455
473 84.9406 84.4361
25 85.5195 83.8099
450 85.9989 83.2914
417 85.9989 83.2914
648 85.9989 83.2914
372 85.9989 83.2914
311 85.4778 82.9967
528 84.9278 82.6858
660 84.5005 82.4442
208 67.9302 73.0767
238 67.7977 73.0018
832 67.6808 72.9357
605 67.5673 72.8716
71 67.4695 72.8163
727 67.3586 72.7536
290 67.2511 72.6928
297 67.1454 72.633
465 67.0368 72.5716
818 66.8321 72.4558
83 66.5728 72.3093
478 66.2862 72.1472
907 66.0449 72.0108
515 66.0449 72.0108
595 66.0449 72.0108
68 66.0449 72.0108
867 66.0449 72.0108
962 66.0449 72.0108
420 66.0449 72.0108
837 65.7793 72.0026
900 65.5141 71.9944
51 65.2573 71.9865
152 64.9833 71.9781
744 64.7172 71.9699
579 64.4375 71.9613
650 64.1637 71.9528
110 63.8841 71.9442
393 63.6143 71.936
340 63.3267 71.9272
67 63.0305 71.9181
369 62.7384 71.9091
937 62.7384 71.9091
432 62.3285 71.8808
18 61.8782 71.8497
395 61.4408 71.8196
509 61.0004 71.7892
668 60.5577 71.7586
904 60.1025 71.7272
847 59.6698 71.6973
173 59.2392 71.6676
855 58.8415 71.6401
617 58.442 71.6126
282 58.0466 71.5853
453 57.6717 71.5595
743 57.3004 71.5339
968 56.9375 71.5089
654 56.5652 71.4832
632 56.1856 71.457
216 55.7964 71.4302
161 55.4043 71.4031
460 55.0071 71.3758
894 54.66 71.3518
755 54.3207 71.3284
94 54.3207 71.3284
582 54.3207 71.3284
134 54.3207 71.3284
826 54.3207 71.3284
513 54.3207 71.3284
563 54.3207 71.3284
636 54.3207 71.3284
144 53.3461 69.7555
683 52.7279 68.7574
987 52.3933 68.217
91 52.0407 67.6477
410 51.6808 67.0665
769 51.3322 66.5035
484 50.9637 65.9084
523 50.5854 65.2975
857 50.1988 64.6732
112 49.7329 63.9208
791 49.0876 62.8791
365 48.405 61.7771
84 48.4013 61.7711
286 48.3974 61.7649
440 48.3935 61.7586
498 48.3892 61.7516
235 48.3851 61.7451
281 48.381 61.7384
186 48.3772 61.7322
810 48.3734 61.7261
798 48.3694 61.7196
762 48.3656 61.7135
468 48.3615 61.7069
964 48.3574 61.7003
558 48.3532 61.6934
35 48.3492 61.687
945 48.3449 61.68
188 48.3449 61.68
85 48.3449 61.68
104 48.3449 61.68
779 48.3449 61.68
101 48.3449 61.68
625 48.3449 61.68
793 48.3449 61.68
293 48.3448 61.68
210 46.0517 60.0286
732 44.8642 59.1736
533 43.7418 58.3653
291 42.7331 57.639
155 41.7368 56.9217
778 41.7368 56.9217
809 41.7368 56.9217
804 41.7368 56.9217
839 41.7368 56.9217
267 41.7368 56.9217
522 42.2313 56.5521
264 42.7433 56.1695
147 43.2644 55.78
472 43.8659 55.3305
461 44.4692 54.8796
597 45.0591 54.4388
194 45.6417 54.0034
875 46.1981 53.5876
396 46.5161 53.3499
262 46.5161 53.3499
127 46.5161 53.3499
471 46.5161 53.3499
237 46.5161 53.3499
577 46.5161 53.3499
621 46.5161 53.3499
923 46.5161 53.3499
519 46.5161 53.3499
623 46.5161 53.3499
566 46.5161 53.3499
70 55.417 53.3035
606 56.7884 53.2963
276 56.7884 53.2963
342 56.8162 53.304
217 57.9617 53.6209
842 60.0347 54.1942
485 61.66 54.6437
647 63.1767 55.0632
767 64.6076 55.459
583 65.9175 55.8213
941 66.8945 56.0915
190 67.72 56.3199
942 68.5956 56.5621
334 69.5084 56.8146
538 70.2148 57.01
117 71.2559 57.298
332 78.5293 59.3089
385 78.6287 59.2132
201 78.7366 59.1093
383 78.8457 59.0043
852 78.9572 58.8969
102 79.0732 58.7853
975 79.199 58.6642
387 79.7455 58.1383
850 80.2843 57.6198
920 80.8741 57.0522
932 81.4371 56.5104
656 81.9946 55.9739
497 84.5084 53.5558
242 84.4497 52.9914
977 84.3895 52.4126
951 84.324 51.7828
835 84.2587 51.1546
170 84.2294 50.8731
136 84.1985 50.5766
198 84.1676 50.2795
107 84.136 49.9762
506 84.1021 49.6509
684 84.0599 49.2451
838 83.9497 48.1849
884 83.8261 46.9943
425 83.6703 45.4942
967 83.4955 43.8107
590 83.1608 40.5831
33 82.9313 38.3714
274 82.7299 36.4312
520 82.5174 34.3838
98 82.3026 32.3138
