0,243,627,260,483,979,345,520,98,33,590,274,951,884,497,506,136,835,425,592,195,684,977,170,198,967,242,107,838,466,334,656,583,745,70,850,232,387,29,920,553,941,102,323,942,190,609,485,932,143,842,670,644,907,767,538,647,314,35,262,926,519,793,492,188,186,85,870,117,623,945,396,606,594,357,675,798,282,577,843,810,923,340,94,293,986,617,791,208,134,498,84,80,440,804,743,540,161,144,459,410,779,558,683,235,286,432,894,91,112,484,715,515,225,625,727,248,509,832,216,769,968,109,468,964,605,855,513,453,671,350,668,887,315,563,632,857,755,9,582,826,904,861,921,393,460,962,650,238,595,68,654,837,900,152,579,51,173,987,229,762,975,847,378,18,201,867,83,481,67,420,478,290,159,332,385,383,744,852,528,742,110,775,465,685,204,725,25,473,372,648,889,660,311,450,813,322,983,494,864,666,928,135,544,622,158,740,818,71,937,251,580,318,893,854,417,353,820,52,149,285,845,823,145,620,185,464,156,911,280,179,624,369,406,952,320,642,319,477,42,12,335,940,816,118,367,62,817,980,782,800,297,395,317,801,992,273,177,737,313,575,584,202,140,856,984,746,851,895,774,896,754,567,931,713,659,636,389,259,511,245,802,40,618,880,408,882,415,23,690,5,961,239,532,434,344,874,375,193,536,82,530,947,126,105,516,305,541,165,449,129,752,866,564,649,539,672,919,806,256,292,294,22,814,146,206,795,707,271,309,569,437,241,766,265,416,561,918,230,559,738,394,470,613,92,172,974,840,181,231,807,53,215,562,614,763,72,428,448,226,139,343,768,96,548,877,631,20,73,960,773,593,150,808,786,44,833,696,761,885,521,36,368,610,253,50,76,490,141,611,28,288,296,392,227,2,714,430,651,491,15,409,608,456,120,638,441,859,167,871,183,418,424,306,988,759,300,93,973,435,444,200,138,401,776,108,914,169,469,364,462,447,753,780,815,699,199,827,628,711,380,585,678,750,892,736,213,446,982,637,718,236,695,712,247,933,386,868,115,495,13,969,803,39,106,1,263,442,58,249,557,693,95,405,304,301,953,316,547,890,546,17,905,153,955,568,325,719,88,944,321,244,431,792,333,90,399,48,825,950,554,503,570,360,502,886,184,178,560,75,224,426,607,916,203,436,97,347,298,970,717,939,747,326,680,240,879,376,760,784,131,524,429,657,482,728,31,234,168,615,556,162,207,346,3,400,686,445,338,966,381,277,374,830,924,275,726,991,361,552,411,457,630,799,427,255,665,667,119,113,371,81,739,219,860,272,694,635,77,500,517,433,948,14,772,734,398,639,701,551,479,796,487,946,339,114,132,451,349,99,266,658,604,872,574,600,223,954,591,220,501,965,971,757,252,550,189,359,789,662,175,724,689,270,571,578,124,16,730,60,888,443,41,327,526,454,697,537,576,976,523,756,729,927,878,237,390,533,404,291,89,461,846,302,137,104,30,127,370,891,264,267,101,163,621,56,194,597,471,596,929,171,365,765,910,809,281,512,645,732,308,54,922,912,21,452,210,778,49,676,11,522,783,839,908,876,180,903,720,545,543,705,957,735,956,34,59,422,535,493,587,981,507,788,147,269,438,599,901,688,603,913,148,496,192,764,972,677,79,382,691,130,733,324,510,640,391,142,897,703,589,174,329,601,531,154,222,938,858,233,849,708,423,336,100,841,616,228,770,936,749,123,805,527,312,949,633,698,476,212,758,122,218,925,797,771,196,279,731,652,57,534,303,863,384,990,116,128,166,157,341,214,565,352,909,47,489,542,505,373,182,463,663,328,499,958,403,723,46,283,794,985,330,32,78,258,899,74,4,661,402,673,299,474,331,268,898,710,572,943,87,514,125,10,86,133,836,700,682,963,702,65,646,412,641,187,812,348,362,588,881,674,254,488,629,455,8,722,741,366,61,211,824,351,307,709,64,902,669,704,653,518,407,363,643,439,337,287,246,284,261,822,160,834,915,626,883,573,111,310,26,221,934,869,692,414,619,278,508,549,679,811,191,475,655,687,38,829,121,205,787,388,413,7,151,748,529,989,525,37,706,397,612,486,602,354,379,664,217,342,472,848,289,69,480,356,197,209,66,155,917,586,467,566,257,862,790,935,421,853,681,63,19,906,276,875,978,634,751,828,43,821,45,831,555,250,781,6,27,55,716,959,419,458,844,358,930,355,785,873,865,164,377,103,176,819,777,24,721,504,581,598,295,
value : 426.354 running time : 580.428013
0 80 20
243 84.8335 18.1429
627 85.6767 17.819
260 86.2684 17.5916
483 86.2684 17.5916
979 86.2904 18.8413
345 86.359 22.7293
520 86.4735 29.2245
98 86.5157 31.6167
33 86.5622 34.2495
590 86.6119 37.069
274 86.6775 40.787
951 86.7518 45.0005
884 86.7992 47.6894
497 86.8343 49.6799
506 86.2913 49.7307
136 85.7608 49.7803
835 85.237 49.8293
425 84.6935 49.8801
592 84.2362 49.9228
195 83.8434 49.9596
684 83.5065 49.9911
977 83.1271 50.0265
170 82.7584 50.061
198 82.2989 50.1039
967 81.8362 50.1472
242 81.4433 50.1839
107 81.0445 50.2212
838 79.926 50.3258
466 78.7115 50.4393
334 77.847 50.5201
656 77.0389 50.5957
583 76.4191 50.6536
745 75.8404 50.7077
70 75.1512 50.7722
850 74.7241 50.8121
232 74.3035 50.8514
387 73.9181 50.8874
29 73.4646 50.9298
920 73.0099 50.9723
553 72.4802 51.0219
941 71.9715 51.0694
102 71.4657 51.1167
323 71.0032 51.1599
942 70.525 51.2046
190 70.0745 51.2468
609 69.677 51.2839
485 69.1302 51.335
932 68.7045 51.3748
143 68.03 51.4379
842 67.3979 51.497
670 66.8243 51.5506
644 66.1236 51.6161
907 65.4944 51.6749
767 64.9508 51.7257
538 64.3524 51.7817
647 63.7949 51.8338
314 63.3303 51.8772
35 62.7262 51.9337
262 62.2088 51.9821
926 61.799 52.0204
519 61.2523 52.0715
793 60.7612 52.1174
492 60.3186 52.1588
188 59.9766 52.1908
186 59.628 52.2234
85 59.3077 52.2533
870 58.981 52.2838
117 58.9703 52.3073
623 58.9603 52.3292
945 58.9504 52.3509
396 58.9423 52.3686
606 58.9351 52.3844
594 58.9268 52.4025
357 58.9179 52.4221
675 58.908 52.4437
798 57.7244 55.0342
282 57.2198 56.1388
577 56.8367 56.9773
843 56.4703 57.7794
810 55.7866 59.2759
923 55.1187 60.7379
340 54.3271 62.4707
94 53.7182 63.8036
293 53.5312 64.2129
986 53.278 64.7671
617 53.0724 65.2171
791 52.8691 65.6623
208 52.6445 66.1539
134 52.434 66.6146
498 52.2683 66.9773
84 51.8721 67.8446
80 51.439 68.7927
440 51.4474 68.7995
804 51.4539 68.8049
743 51.4615 68.811
540 51.4683 68.8166
161 51.4744 68.8216
144 51.4799 68.826
459 51.4853 68.8305
410 51.4913 68.8354
779 51.4975 68.8405
558 51.5036 68.8454
683 51.5098 68.8505
235 51.5166 68.8561
286 51.5234 68.8615
432 51.5302 68.8671
894 51.5359 68.8718
91 51.5426 68.8772
112 51.5489 68.8824
484 51.5543 68.8868
715 51.5601 68.8915
515 52.0635 69.3024
225 52.5048 69.6626
625 53.5346 70.5031
727 54.8277 71.5586
248 54.7373 71.6176
509 54.6752 71.6582
832 54.6021 71.7059
216 54.5251 71.7562
769 54.453 71.8033
968 54.382 71.8498
109 54.3119 71.8955
468 54.2431 71.9405
964 54.174 71.9857
605 54.1003 72.0338
855 54.017 72.0882
513 53.9399 72.1386
453 53.872 72.1829
671 53.8052 72.2266
350 53.7256 72.2786
668 54.5352 72.4328
887 55.2828 72.5752
315 55.2828 72.5752
563 55.2828 72.5752
632 55.2828 72.5752
857 55.2828 72.5752
755 55.2828 72.5752
9 55.5828 72.567
582 55.8489 72.5597
826 56.1102 72.5526
904 56.4879 72.5422
861 56.7646 72.5347
921 57.5625 72.5129
393 58.5681 72.4854
460 59.4465 72.4614
962 60.3393 72.4371
650 60.9134 72.4214
238 61.3209 72.4102
595 61.7648 72.3981
68 62.1955 72.3864
654 62.6145 72.3749
837 63.0395 72.3633
900 63.439 72.3524
152 63.7733 72.3433
579 64.0504 72.3357
51 64.2852 72.3293
173 64.5193 72.3229
987 64.7569 72.3164
229 65.0187 72.3092
762 65.3252 72.3009
975 65.6867 72.291
847 65.9496 72.2838
378 66.2395 72.2759
18 66.5684 72.2669
201 66.9293 72.2571
867 66.9293 72.2571
83 66.9293 72.2571
481 66.9293 72.2571
67 66.9293 72.2571
420 66.9293 72.2571
478 67.5487 72.6155
290 69.623 73.8158
159 71.9464 75.1601
332 72.3244 75.3789
385 72.6457 75.5648
383 72.957 75.7449
744 73.2662 75.9238
852 73.6064 76.1207
528 74.2251 76.4787
742 74.6545 76.7271
110 74.9999 76.927
775 76.3346 77.6993
465 77.8147 78.5557
685 83.2285 81.6884
204 83.8051 82.022
725 84.4193 82.3774
25 85.0745 82.7565
473 85.5393 83.0255
372 85.9989 83.2914
648 85.9989 83.2914
889 85.9989 83.2914
660 85.9989 83.2914
311 85.9989 83.2914
450 85.9989 83.2914
813 82.8407 86.6549
322 82.2167 87.3196
983 81.5525 88.027
494 81.5471 88.0327
864 81.5421 88.0381
666 81.5364 88.0442
928 81.5309 88.05
135 78.5407 88.0917
544 76.6222 88.1184
622 76.2441 88.1237
158 75.9411 88.1279
740 75.6606 88.1319
818 75.2957 88.1369
71 74.9298 88.142
937 74.6101 88.1465
251 74.3293 88.1504
580 74.0551 88.1542
318 73.7415 88.1586
893 73.4641 88.1625
854 73.1339 88.1671
417 72.818 88.1715
353 72.5021 88.1759
820 72.2048 88.1801
52 70.6887 88.2012
149 69.5421 88.2172
285 68.4293 88.2327
845 67.2711 88.2489
823 66.1017 88.2652
145 64.8828 88.2822
620 63.5558 88.3007
185 61.7691 88.3256
464 60.096 88.3489
156 57.7409 88.3818
911 57.6415 88.3832
280 57.5454 88.3845
179 57.4411 88.386
624 57.3392 88.3874
369 57.2503 88.3886
406 57.1466 88.3901
952 57.048 88.3915
320 56.9488 88.3928
642 56.8571 88.3941
319 56.7696 88.3953
477 56.7088 88.3962
42 56.6355 88.3972
12 56.5495 88.3984
335 56.4654 88.3996
940 56.3796 88.4008
816 56.3055 88.4018
118 56.2238 88.4029
367 56.1413 88.4041
62 56.0622 88.4052
817 55.9937 88.4062
980 55.7241 88.4099
782 55.4879 88.4132
800 55.3997 88.4145
297 55.3089 88.4157
395 55.1995 88.4172
317 55.087 88.4188
801 54.9746 88.4204
992 54.8689 88.4219
273 54.7536 88.4235
177 54.6263 88.4252
737 54.4928 88.4271
313 54.3598 88.429
575 54.2385 88.4306
584 54.1179 88.4323
202 53.9897 88.4341
140 53.8569 88.436
856 53.7422 88.4376
984 53.6183 88.4393
746 53.4707 88.4413
851 53.3436 88.4431
895 53.214 88.4449
774 53.0994 88.4465
896 52.9854 88.4481
754 52.8692 88.4497
567 52.7567 88.4513
931 52.6231 88.4532
713 52.4577 88.4555
659 52.3122 88.4575
636 52.1838 88.4593
389 52.0575 88.4611
259 51.9576 88.4624
511 51.8459 88.464
245 51.7332 88.4656
802 51.618 88.4672
40 51.5137 88.4686
618 51.4032 88.4702
880 51.2845 88.4718
408 51.1713 88.4734
882 51.0663 88.4749
415 50.9503 88.4765
23 50.8428 88.478
690 50.7175 88.4797
5 50.5845 88.4816
961 50.5845 88.4816
239 50.5845 88.4816
532 50.5845 88.4816
434 50.5845 88.4816
344 50.5845 88.4816
874 47.0545 88.3924
375 46.7549 88.3849
193 46.4821 88.3781
536 46.2056 88.3711
82 45.9126 88.3638
530 45.6348 88.3568
947 45.3629 88.35
126 45.0627 88.3425
105 44.7625 88.3349
516 44.447 88.327
305 44.1072 88.3185
541 43.7749 88.3101
165 43.0767 88.2926
449 42.3521 88.2744
129 41.6611 88.2571
752 40.9816 88.24
866 40.9135 88.2383
564 40.8446 88.2366
649 40.7626 88.2345
539 40.6816 88.2325
672 40.5924 88.2302
919 40.5162 88.2283
806 40.4412 88.2264
256 40.3716 88.2247
292 40.3055 88.223
294 40.2386 88.2214
22 40.1644 88.2195
814 40.0958 88.2178
146 40.0142 88.2157
206 39.9399 88.2139
795 39.8556 88.2117
707 39.7815 88.2099
271 39.7083 88.2081
309 39.6412 88.2064
569 39.5702 88.2046
437 39.499 88.2028
241 39.4257 88.201
766 39.3542 88.1992
265 39.2784 88.1973
416 39.2088 88.1955
561 39.1351 88.1937
918 39.0521 88.1916
230 38.983 88.1898
559 38.916 88.1882
738 38.7996 88.1852
394 38.6897 88.1825
470 38.5723 88.1795
613 38.4614 88.1768
92 38.3532 88.1741
172 38.2513 88.1715
974 38.1458 88.1688
840 38.0465 88.1664
181 37.9365 88.1636
231 37.8281 88.1609
807 37.7314 88.1585
53 37.6241 88.1558
215 37.525 88.1533
562 37.422 88.1507
614 37.3093 88.1479
763 37.2041 88.1452
72 37.0856 88.1422
428 36.9708 88.1394
448 36.8733 88.1369
226 36.7737 88.1344
139 35.5569 88.2325
343 34.3577 88.3292
768 28.867 88.7718
96 28.7272 88.7831
548 28.5948 88.7937
877 28.4472 88.8056
631 28.275 88.8195
20 28.1205 88.832
73 27.9715 88.844
960 27.8246 88.8558
773 27.6631 88.8689
593 27.4883 88.883
150 27.347 88.8943
808 27.1964 88.9065
786 27.0316 88.9198
44 26.8547 88.934
833 26.691 88.9472
696 26.5397 88.9594
761 26.3863 88.9718
885 26.2301 88.9844
521 26.075 88.9969
36 25.9295 89.0086
368 25.7792 89.0207
610 25.6398 89.032
253 25.4987 89.0434
50 25.3396 89.0562
76 25.2005 89.0674
490 25.0569 89.079
141 24.9202 89.09
611 24.7654 89.1025
28 24.6071 89.1152
288 24.4495 89.1279
296 24.312 89.139
392 24.1639 89.151
227 23.883 89.1736
2 23.6875 89.1894
714 23.4309 89.2101
430 23.1994 89.2287
651 22.9586 89.2481
491 22.7194 89.2674
15 22.4863 89.2862
409 22.2875 89.3022
608 22.0802 89.319
456 21.867 89.3361
120 21.6736 89.3517
638 21.4547 89.3694
441 21.0509 89.4019
859 20.6943 89.4307
167 20.3339 89.4597
871 19.8754 89.4967
183 19.4509 89.5309
418 19.0458 89.5636
424 18.5993 89.5995
306 18.1314 89.6373
988 10.6314 90.242
759 10.6315 90.2412
300 10.6317 90.2404
93 10.6318 90.2397
973 10.632 90.2391
435 10.6321 90.2384
444 10.6322 90.2376
200 10.6324 90.237
138 10.6325 90.2362
401 10.6327 90.2355
776 10.6328 90.2348
108 10.633 90.234
914 10.6331 90.2333
169 10.6333 90.2325
469 10.6335 90.2317
364 10.6336 90.2311
462 10.6337 90.2304
447 10.6339 90.2297
753 10.634 90.2289
780 10.6342 90.2281
815 10.6343 90.2275
699 10.6345 90.2268
199 10.6346 90.2262
827 10.6347 90.2256
628 10.6349 90.2248
711 10.635 90.2242
380 10.6351 90.2235
585 10.6353 90.2228
678 10.6354 90.2221
750 10.6356 90.2214
892 10.6357 90.2206
736 10.6359 90.2199
213 10.636 90.2192
446 10.6711 90.0439
982 10.7051 89.8738
637 10.7377 89.7111
718 10.7701 89.5491
236 10.8005 89.3973
695 10.8347 89.226
712 10.8656 89.0716
247 10.8976 88.9119
933 10.9283 88.7582
386 10.9601 88.5993
868 10.9908 88.4457
115 11.0256 88.2722
495 11.0615 88.0927
13 11.0932 87.9342
969 11.1269 87.7658
803 11.1618 87.5913
39 11.1952 87.4246
106 11.2325 87.2378
1 11.2739 87.0311
263 11.3144 86.8286
442 11.3538 86.6316
58 11.3957 86.4225
249 11.4346 86.2279
557 11.471 86.0459
693 11.5082 85.8602
95 11.5469 85.6666
405 11.583 85.4864
304 11.6324 85.2396
301 11.6831 84.9859
953 11.7341 84.7309
316 11.7896 84.4535
547 11.8445 84.1791
890 11.9036 83.884
546 11.9557 83.6238
17 12.0054 83.3755
905 12.0619 83.0931
153 12.1163 82.821
955 12.1743 82.5313
568 12.228 82.2626
325 12.2958 81.9241
719 12.3617 81.5948
88 12.4316 81.2454
944 12.5006 80.9002
321 12.5735 80.5359
244 12.6434 80.1869
431 12.7149 79.8295
792 12.7853 79.4777
333 12.875 79.0298
90 12.4117 77.6895
399 12.3643 77.5522
48 12.3113 77.3989
825 12.2559 77.2385
950 12.2007 77.0787
554 12.1507 76.9341
503 12.1011 76.7905
570 12.0577 76.6649
360 12.0129 76.5354
502 11.9588 76.3786
886 11.9145 76.2505
184 11.8663 76.111
178 11.8179 75.9709
560 11.7675 75.8251
75 11.7168 75.6782
224 11.6615 75.5183
426 11.6147 75.3828
607 11.5612 75.228
916 11.5197 75.108
203 11.2322 74.2758
436 10.8896 73.2841
97 10.4182 71.9201
347 9.98219 70.6581
298 9.98219 70.6581
970 9.98219 70.6581
717 9.98219 70.6581
939 9.98219 70.6581
747 9.98219 70.6581
326 9.98219 70.6581
680 9.9822 70.6581
240 9.9822 70.6581
879 9.9822 70.6581
376 9.9822 70.6581
760 9.9822 70.6581
784 9.9822 70.6581
131 9.9822 70.6581
524 9.9822 70.6581
429 9.9822 70.6581
657 9.9822 70.6581
482 9.9822 70.6581
728 9.9822 70.6581
31 9.9822 70.6581
234 9.9822 70.6581
168 9.9822 70.6581
615 9.9822 70.6581
556 9.9822 70.6581
162 9.9822 70.6581
207 9.9822 70.6581
346 9.9822 70.6581
3 9.9822 70.6581
400 9.9822 70.6581
686 9.9822 70.6581
445 9.9822 70.6581
338 9.9822 70.6581
966 9.9822 70.6581
381 9.9822 70.6581
277 9.9822 70.6581
374 9.9822 70.6581
830 9.9822 70.6581
924 10.1897 70.6562
275 10.3522 70.6547
726 10.476 70.6536
991 10.5823 70.6527
361 10.7225 70.6514
552 10.8525 70.6502
411 10.9611 70.6492
457 11.058 70.6483
630 11.1647 70.6474
799 11.2594 70.6465
427 11.371 70.6455
255 11.4827 70.6445
665 11.6025 70.6434
667 11.7244 70.6423
119 11.8677 70.641
113 12.0009 70.6397
371 12.108 70.6388
81 12.2477 70.6375
739 12.3695 70.6364
219 12.4819 70.6354
860 12.6011 70.6343
272 12.7258 70.6332
694 12.8386 70.6321
635 12.9925 70.6307
77 13.0939 70.6298
500 13.2258 70.6286
517 13.3359 70.6276
433 13.4673 70.6264
948 13.6251 70.625
14 13.7768 70.6236
772 13.9556 70.622
734 14.0988 70.6207
398 14.2954 70.6189
639 14.4618 70.6174
701 15.1562 70.6111
551 15.7369 70.6058
479 16.3558 70.6002
796 16.9308 70.5949
487 17.5385 70.5894
946 18.1388 70.5839
339 18.6851 70.579
114 19.2121 70.5742
132 19.8569 70.5683
451 20.4987 70.5625
349 21.1207 70.5568
99 21.6699 70.5519
266 22.2426 70.5466
658 22.809 70.5415
604 23.4202 70.5359
872 23.9884 70.5308
574 24.391 70.5271
600 24.7808 70.5236
223 25.2329 70.5195
954 25.5954 70.5162
591 25.9437 70.513
220 26.2497 70.5102
501 26.6273 70.5068
965 26.9799 70.5036
971 27.3305 70.5004
757 27.6951 70.4971
252 28.1613 70.4928
550 28.5343 70.4894
189 29.0401 70.4848
359 29.0401 70.4848
789 29.0401 70.4848
662 29.0401 70.4848
175 29.0401 70.4848
724 29.0401 70.4848
689 29.0401 70.4848
270 29.0401 70.4848
571 29.0401 70.4848
578 29.0401 70.4848
124 29.0401 70.4848
16 29.0401 70.4848
730 29.0401 70.4848
60 29.0401 70.4848
888 29.0401 70.4848
443 29.0401 70.4848
41 29.0401 70.4848
327 29.2515 70.2124
526 29.443 69.9657
454 29.6331 69.7207
697 29.8283 69.4693
537 30.4445 68.6754
576 31.2704 67.6112
976 31.2704 67.6112
523 31.6803 66.8332
756 32.0017 66.2232
729 32.2491 65.7536
927 32.4932 65.2903
878 32.8156 64.6782
237 33.1848 63.9774
390 33.3406 63.6817
533 33.5209 63.3395
404 33.6736 63.0496
291 33.8508 62.7134
89 34.032 62.3694
461 34.2005 62.0495
846 34.2543 61.9474
302 35.9507 58.7277
137 36 58.6341
104 36.0553 58.529
30 36.1154 58.4151
127 36.1774 58.2974
370 36.234 58.1899
891 36.2896 58.0844
264 36.3414 57.9861
267 36.3954 57.8835
101 36.4505 57.779
163 36.4851 57.7134
621 36.5294 57.6292
56 36.5684 57.5551
194 36.6187 57.4597
597 36.6187 57.4597
471 36.6187 57.4597
596 36.6187 57.4597
929 36.6187 57.4597
171 36.6187 57.4597
365 36.6187 57.4597
765 36.6187 57.4597
910 36.6187 57.4597
809 36.6575 57.366
281 36.696 57.2729
512 36.7311 57.1882
645 36.7533 57.1344
732 36.7803 57.0692
308 36.8055 57.0084
54 36.835 56.9371
922 36.8647 56.8655
912 36.8919 56.7996
21 36.9203 56.7311
452 37.9027 54.3578
210 37.9027 54.3578
778 37.9027 54.3578
49 37.9027 54.3578
676 37.9027 54.3578
11 29.0663 54.4744
522 29.0663 54.4744
783 29.0338 54.4801
839 28.9954 54.4869
908 28.9568 54.4937
876 28.9241 54.4995
180 28.8891 54.5056
903 28.6232 54.5526
720 28.381 54.5953
545 28.1618 54.634
543 27.9405 54.673
705 27.7073 54.7142
957 27.491 54.7524
735 27.2573 54.7936
956 27.0283 54.834
34 26.8162 54.8714
59 26.6124 54.9074
422 26.3984 54.9452
535 26.2106 54.9783
493 26.0129 55.0132
587 25.7786 55.0546
981 25.3798 55.0015
507 25.0276 54.9546
788 24.6864 54.9092
147 24.325 54.8611
269 23.8988 54.8043
438 23.4321 54.7422
599 23.0064 54.6855
901 22.5367 54.623
688 22.0422 54.5572
603 21.5195 54.4876
913 20.8651 54.4005
148 20.1035 54.2992
496 19.4825 54.2166
192 18.9215 54.1419
764 18.9215 54.1419
972 18.9215 54.1419
677 18.9215 54.1419
79 18.9215 54.1419
382 18.9215 54.1419
691 18.9215 54.1419
130 18.9215 54.1419
733 18.9215 54.1419
324 18.9215 54.1419
510 18.9215 54.1419
640 18.9215 54.1419
391 18.9215 54.1419
142 18.9215 54.1419
897 18.9215 54.1419
703 18.9215 54.1419
589 18.9215 54.1419
174 18.9215 54.1419
329 18.9215 54.1419
601 18.9215 54.1419
531 11.6861 51.6494
154 11.6861 51.6494
222 11.6861 51.6494
938 11.6861 51.6494
858 11.6861 51.6494
233 11.6861 51.6494
849 11.6861 51.6494
708 11.6861 51.6494
423 11.6861 51.6494
336 11.6861 51.6494
100 11.6861 51.6494
841 11.6861 51.6494
616 11.6861 51.6494
228 11.6861 51.6494
770 11.6861 51.6494
936 11.6861 51.6494
749 11.6861 51.6494
123 11.6861 51.6494
805 11.6861 51.6494
527 11.6861 51.6494
312 11.6861 51.6494
949 11.6861 51.6494
633 11.6861 51.6494
698 11.6596 51.6142
476 11.6303 51.5753
212 11.6024 51.5383
758 11.5802 51.5089
122 11.556 51.4768
218 11.5641 51.2746
925 11.5728 51.0598
797 11.583 50.8057
771 11.5919 50.5837
196 11.5993 50.4008
279 11.6089 50.163
731 11.6189 49.9147
652 11.6274 49.7041
57 11.6355 49.5039
534 11.6441 49.2888
303 11.6525 49.0798
863 11.6628 48.8249
384 11.6716 48.607
990 11.6793 48.4159
116 11.6858 48.2552
128 11.695 48.025
166 11.7036 47.8119
157 11.7148 47.533
341 11.7256 47.266
214 11.7356 47.0174
565 11.7485 46.6984
352 11.7652 46.282
909 11.7819 45.8682
47 11.7976 45.4781
489 11.8148 45.0508
542 11.8319 44.6272
505 11.8498 44.1817
373 11.869 43.7062
182 11.8883 43.2265
463 11.9101 42.6865
663 11.9332 42.112
328 11.956 41.5457
499 11.9614 41.4132
958 11.9667 41.2795
403 11.9716 41.1579
723 11.9886 40.7372
46 12.0659 38.818
283 12.1512 36.7001
794 12.241 34.4698
985 12.2503 34.241
330 12.2592 34.0185
32 12.274 33.6528
78 12.2906 33.2388
258 12.318 32.559
899 12.3338 32.1658
74 12.3427 31.9453
4 12.3516 31.724
661 12.3606 31.5005
402 12.3692 31.2879
673 12.377 31.0953
299 12.3846 30.9051
474 12.3925 30.7092
331 12.3996 30.5328
268 12.4062 30.3691
898 12.4129 30.2021
710 12.4351 29.9542
572 12.4567 29.7133
943 12.4771 29.4854
87 12.4968 29.2654
514 12.5188 29.02
125 12.5395 28.7879
10 12.5625 28.5313
86 12.5895 28.2303
133 12.6297 27.7811
836 12.6683 27.3491
700 12.7066 26.9222
682 12.8201 25.6537
963 12.8461 25.3639
702 12.871 25.085
65 12.871 25.085
646 12.8575 20.7115
412 12.8554 20.0512
641 12.8535 19.436
187 12.8511 18.6704
812 13.2867 14.6099
348 13.2867 14.6099
362 13.2867 14.6099
588 13.2867 14.6099
881 13.2867 14.6099
674 13.2867 14.6099
254 13.2867 14.6099
488 13.2867 14.6099
629 13.2867 14.6099
455 13.2867 14.6099
8 13.3975 14.6065
722 13.4841 14.6039
741 13.6232 14.5996
366 13.7655 14.5952
61 13.8921 14.5914
211 17.6089 14.4772
824 25.787 14.226
351 26.5134 14.2037
307 27.2343 14.1815
709 27.9455 14.1597
64 28.6092 14.1393
902 29.267 14.1191
669 30.5913 14.0784
704 32.068 14.0331
653 33.4324 13.9912
518 33.5973 13.9861
407 33.5281 14.7265
363 33.4542 15.5179
643 33.3764 16.3505
439 33.3062 17.1017
337 33.2496 17.7074
287 33.1942 18.3001
246 33.1194 19.1003
284 33.0466 19.8794
261 32.9813 20.578
822 32.9178 21.2582
160 32.8544 21.9368
834 32.8015 22.5026
915 32.7573 22.9759
626 32.7171 23.406
883 32.6751 23.855
573 32.6312 24.3247
111 32.574 24.9365
310 32.517 25.5474
26 32.4324 26.4518
221 32.3267 27.5832
934 32.2318 28.5995
869 32.0501 30.5431
692 31.8857 32.3028
414 31.7749 33.4883
619 31.6929 34.3658
278 31.6604 34.7141
508 31.6192 35.1547
549 31.6036 35.322
679 31.5859 35.5112
811 31.5685 35.6973
191 31.5515 35.879
475 31.5316 36.092
655 31.5316 36.092
687 31.5316 36.092
38 31.5316 36.092
829 31.5316 36.092
121 31.5316 36.092
205 31.5316 36.092
787 31.5316 36.092
388 31.5316 36.092
413 31.5316 36.092
7 31.5316 36.092
151 31.5316 36.092
748 31.5316 36.092
529 31.5316 36.092
989 31.5316 36.092
525 31.5316 36.092
37 31.5316 36.092
706 31.5316 36.092
397 31.5316 36.092
612 31.5316 36.092
486 31.5316 36.092
602 31.5316 36.092
354 32.0081 36.1153
379 34.8028 36.2522
664 37.2621 36.3726
217 47.3247 36.8658
342 47.3247 36.8658
472 47.3968 36.7968
848 47.4767 36.7202
289 47.5643 36.6363
69 47.6286 36.5747
480 47.6987 36.5075
356 47.774 36.4354
197 47.8595 36.3535
209 47.9434 36.2732
66 48.0111 36.2083
155 48.0761 36.1461
917 48.1515 36.0738
586 48.2365 35.9924
467 48.3145 35.9176
566 48.3823 35.8527
257 48.4917 35.7479
862 48.5935 35.6504
790 48.7117 35.5371
935 48.8349 35.4192
421 48.9548 35.3043
853 49.07 35.1939
681 49.1877 35.0812
63 49.2947 34.9786
19 49.4143 34.8641
906 49.5228 34.7601
276 49.6334 34.6542
875 49.7545 34.5382
978 49.8837 34.4145
634 50.1617 34.1482
751 50.4197 33.901
828 50.665 33.6661
43 50.892 33.4486
821 53.0232 31.3227
45 54.4026 29.9467
831 54.4026 29.9467
555 54.4026 29.9467
250 54.4026 29.9467
781 54.4026 29.9467
6 54.4026 29.9467
27 54.4026 29.9467
55 54.4026 29.9467
716 54.4026 29.9467
959 54.5373 29.7868
419 54.6358 29.6699
458 54.7242 29.565
844 54.8199 29.4513
358 55.0782 29.1447
930 55.332 28.8435
355 55.6506 28.4653
785 55.9786 28.076
873 56.3227 27.6676
865 56.6527 27.2759
164 57.0261 26.8325
377 57.4028 26.3854
103 66.5223 15.5607
176 67.1919 15.7813
819 67.8668 16.0036
777 68.5539 16.2299
24 69.4131 16.5129
721 70.2257 16.7805
504 71.0275 17.0446
581 71.8334 17.3101
598 73.0157 17.6995
295 74.3586 18.1419
