0,176,24,581,295,598,777,959,504,721,103,314,45,55,831,419,355,828,458,751,19,819,873,821,930,63,978,781,935,289,377,358,6,43,27,785,634,209,250,555,681,472,790,66,421,164,586,865,716,906,276,356,467,853,480,69,844,566,155,197,452,862,512,917,257,342,876,848,180,191,11,811,679,535,549,508,278,619,414,692,723,869,413,486,194,529,612,543,121,664,602,354,65,388,787,205,783,151,836,125,706,829,38,687,655,834,899,221,26,379,824,160,915,573,337,310,64,363,246,626,902,111,704,307,702,822,284,439,261,883,709,669,407,287,643,351,653,934,518,722,881,674,254,488,629,455,8,812,588,741,366,61,211,474,646,963,362,348,682,268,331,898,943,572,794,710,4,258,661,402,673,412,187,133,74,641,10,299,985,87,700,154,534,283,78,46,328,499,514,476,86,958,157,770,805,423,128,438,336,218,909,505,542,303,373,949,47,32,212,758,633,148,475,908,797,858,384,527,330,228,222,116,749,936,990,352,214,691,123,616,849,166,122,182,489,863,57,708,652,731,279,312,463,341,663,841,100,422,925,403,545,956,599,756,398,846,698,324,233,59,677,720,733,981,601,972,938,174,565,496,735,771,587,451,897,729,382,34,552,302,493,269,688,603,913,391,137,329,349,507,903,705,957,901,79,7,989,525,510,397,37,748,142,147,471,597,264,171,929,390,912,365,732,576,765,410,922,210,30,645,596,522,501,54,267,237,89,891,778,127,461,101,459,715,498,56,621,163,779,558,804,175,281,49,370,104,839,809,404,662,266,604,658,608,21,635,80,252,223,614,724,971,291,308,757,574,226,550,789,189,591,418,878,872,333,454,697,537,927,910,526,359,490,469,424,806,141,99,954,689,270,571,578,124,16,730,60,888,443,41,600,487,326,184,950,327,788,965,640,531,948,277,346,686,717,371,734,376,482,131,192,130,772,275,524,991,657,517,113,119,114,665,860,639,445,667,966,630,799,427,3,255,14,347,589,939,162,97,77,747,764,760,784,234,374,728,196,457,615,924,726,556,694,338,739,381,81,272,703,132,500,411,207,719,360,886,244,431,551,203,479,892,321,560,503,570,502,426,554,361,680,495,31,325,433,970,830,905,298,944,75,178,399,607,219,240,339,796,701,879,400,224,890,429,90,946,168,916,446,106,693,868,792,153,95,304,301,953,316,547,969,955,364,288,759,405,17,803,753,213,914,108,776,401,138,200,435,973,93,300,436,15,386,695,718,982,48,988,736,750,678,380,711,628,827,199,699,815,780,568,39,557,249,442,263,1,546,933,247,712,236,637,585,447,462,227,825,88,58,444,169,220,638,13,768,392,593,115,859,73,696,761,885,871,36,833,368,610,183,306,409,631,441,2,714,430,651,491,808,76,253,50,456,120,44,786,150,96,428,521,611,773,960,28,167,181,548,92,241,448,766,305,437,271,265,172,649,672,256,296,877,416,561,918,343,763,231,20,146,292,707,230,795,919,752,974,807,72,53,22,215,569,309,613,470,394,738,840,139,294,874,961,947,530,82,319,536,129,532,541,245,449,408,755,516,559,5,562,866,564,375,165,206,642,539,882,105,511,434,156,23,369,415,335,40,179,911,320,389,344,992,624,575,851,814,713,239,940,690,816,754,313,746,406,259,477,118,856,980,395,229,464,273,800,659,880,952,774,12,140,896,584,185,618,367,62,378,801,193,126,202,823,887,317,177,984,737,567,620,42,52,817,145,845,285,149,666,544,580,820,465,353,740,251,622,318,983,135,864,893,158,854,725,928,813,494,372,742,417,311,159,660,322,528,889,648,25,685,473,204,450,867,975,385,332,818,579,51,201,668,383,420,290,847,393,904,837,460,775,238,654,509,297,962,440,110,937,340,852,67,744,18,931,900,315,481,68,595,173,71,83,478,861,280,671,727,632,857,636,94,855,782,208,762,676,9,625,968,987,617,563,91,84,282,964,515,791,235,112,921,605,769,109,976,161,832,683,540,826,453,286,225,523,895,986,582,810,802,134,484,216,798,743,894,144,350,248,513,793,533,432,492,262,468,945,923,577,870,675,594,875,843,186,926,70,188,143,623,583,907,656,35,396,538,842,767,850,519,217,644,232,117,85,647,967,553,102,152,334,650,485,293,357,609,466,932,606,190,29,425,323,592,941,942,745,274,107,170,387,136,195,684,242,920,951,506,884,670,198,977,838,497,520,590,98,33,835,243,627,483,345,979,260,
value : 438.014 running time : 469.098009
0 80 20
176 75.3995 18.3944
24 73.9638 17.8926
581 72.6763 17.4425
295 71.6739 17.092
598 70.7438 16.7668
777 69.8527 16.4552
959 69.0804 16.1851
504 68.3592 15.9328
721 67.6408 15.6815
103 66.9364 15.4352
314 55.8859 31.2374
45 55.7289 31.3078
55 55.5522 31.3871
831 55.3699 31.4689
419 55.1926 31.5485
355 55.0169 31.6273
828 54.8341 31.7094
458 54.6523 31.7909
751 54.4623 31.8762
19 54.2717 31.9617
819 54.0647 32.0546
873 53.6835 32.2258
821 53.2808 32.4066
930 52.9035 32.5761
63 52.5151 32.7505
978 52.1606 32.9097
781 52.0338 32.9666
935 51.8969 33.0281
289 51.7716 33.0843
377 51.6523 33.1379
358 51.5286 33.1934
6 51.3933 33.2541
43 51.2488 33.319
27 50.6917 33.5693
785 50.1038 33.8333
634 49.5 34.1046
209 48.7273 34.4518
250 47.9319 34.8092
555 47.1093 35.1788
681 46.091 35.6364
472 44.8548 36.192
790 44.7725 36.229
66 44.6951 36.2637
421 44.6164 36.2991
164 44.5392 36.3337
586 44.4429 36.377
865 44.351 36.4183
716 44.2529 36.4623
906 44.1548 36.5064
276 44.0539 36.5517
356 43.9562 36.5956
467 43.8646 36.6368
853 43.7677 36.6802
480 43.6715 36.7235
69 43.5793 36.7649
844 43.4863 36.8066
566 43.3866 36.8514
155 43.2931 36.8934
197 43.2028 36.934
452 43.1062 36.9774
862 43.0109 37.0202
512 42.9171 37.0623
917 42.8275 37.1026
257 42.7384 37.1425
342 42.6433 37.1853
876 39.4034 37.5334
848 38.9423 37.5832
180 38.3595 37.646
191 37.5832 37.7297
11 36.8083 37.8132
811 36.3105 37.8669
679 35.8381 37.9179
535 35.383 37.967
549 35.1732 37.9897
508 34.9764 38.011
278 34.792 38.0309
619 34.6029 38.0514
414 34.4204 38.0711
692 34.2429 38.0903
723 34.0561 38.1105
869 34.0561 38.1105
413 34.0561 38.1105
486 34.0561 38.1105
194 34.0561 38.1105
529 33.5736 37.6509
612 33.0877 37.1881
543 32.6335 36.7555
121 32.0172 36.168
664 31.4907 35.6664
602 31.0052 35.2039
354 30.6521 34.8677
65 30.3242 34.5555
388 30.0364 34.2816
787 29.7616 34.0201
205 29.4788 33.7509
783 29.193 33.4789
151 28.6051 32.9187
836 28.048 32.3876
125 28.048 32.3876
706 28.048 32.3876
829 28.0798 32.2867
38 28.1102 32.1905
687 28.1973 31.9141
655 28.2979 31.5946
834 28.7371 30.1992
899 29.1342 28.938
221 29.4889 27.8116
26 29.8546 26.6497
379 30.0113 26.1525
824 30.1664 25.66
160 30.324 25.1597
915 30.4875 24.6407
573 30.6601 24.0925
337 30.7814 23.7078
310 30.8914 23.3587
64 30.9852 23.0609
363 31.0792 22.7626
246 31.1531 22.528
626 31.2268 22.2943
902 31.3001 22.0617
111 31.3776 21.8158
704 31.4533 21.5754
307 31.5238 21.3518
702 31.5971 21.1191
822 31.6714 20.8834
284 31.7465 20.6451
439 31.8238 20.4
261 31.903 20.1487
883 31.9839 19.8919
709 32.0635 19.6393
669 32.1496 19.366
407 32.2215 19.1377
287 32.2861 18.9329
643 32.3431 18.7519
351 32.403 18.5618
653 32.4593 18.3834
934 32.4593 18.3834
518 33.3143 13.674
722 13.647 14.5932
881 13.5744 14.5965
674 13.5157 14.5993
254 13.4638 14.6017
488 13.4047 14.6045
629 13.3425 14.6074
455 13.2867 14.61
8 13.2867 14.61
812 13.2867 14.61
588 13.1383 15.2901
741 12.9897 15.9712
366 12.8424 16.6465
61 12.6958 17.319
211 12.5524 17.9766
474 12.4077 18.6399
646 12.2646 19.2959
963 12.1149 19.9823
362 11.9704 20.6446
348 11.8232 21.3196
682 11.6734 22.0064
268 11.5141 22.7366
331 11.3602 23.4421
898 11.209 24.135
943 11.209 24.135
572 11.209 24.135
794 11.209 24.135
710 11.209 24.135
4 11.209 24.135
258 11.209 24.135
661 11.209 24.135
402 11.209 24.135
673 11.209 24.135
412 11.209 24.135
187 11.209 24.135
133 11.2496 25.5679
74 11.2882 26.9345
641 11.3278 28.3332
10 11.371 29.8582
299 11.405 31.0635
985 11.4423 32.381
87 11.4785 33.6604
700 11.5133 34.8906
154 11.5455 36.031
534 11.564 36.6897
283 11.5692 36.8782
78 11.5744 37.0666
46 11.5795 37.2507
328 11.5846 37.4327
499 11.5887 37.5813
514 11.5887 37.5813
476 11.5887 37.5813
86 11.5887 37.5813
958 11.9334 41.1026
157 12.2008 43.8316
770 12.471 44.124
805 12.7394 44.4146
423 13.0139 44.7118
128 13.2831 45.0033
438 13.8202 45.585
336 13.6694 45.8714
218 13.526 46.1435
909 13.5147 46.165
505 13.5031 46.187
542 13.4915 46.209
303 13.4796 46.2315
373 13.4689 46.252
949 13.4584 46.2719
47 13.4465 46.2945
32 13.4367 46.313
212 13.4247 46.3358
758 13.4133 46.3574
633 13.4021 46.3787
148 13.3908 46.4
475 13.3791 46.4224
908 13.3662 46.4468
797 13.3533 46.4713
858 13.3401 46.4963
384 13.3276 46.5201
527 13.3135 46.5468
330 13.3135 46.5468
228 12.8604 47.8565
222 12.4364 49.0822
116 12.0057 50.3275
749 11.9688 50.4339
936 11.932 50.54
990 11.8954 50.6455
352 11.8552 50.7613
214 11.8146 50.8785
691 11.7771 50.9867
123 11.7389 51.0968
616 11.6993 51.211
849 11.6555 51.3375
166 11.6171 51.4484
122 11.5801 51.555
182 11.6725 51.6246
489 11.7559 51.6874
863 11.8405 51.7511
57 11.9661 51.8457
708 12.0912 51.9399
652 12.2211 52.0377
731 12.3541 52.1379
279 12.5029 52.25
312 12.6337 52.3485
463 12.9331 52.5739
341 13.2548 52.8162
663 13.6022 53.0778
841 13.9769 53.3601
100 14.3893 53.6707
422 14.8482 54.0164
925 15.2643 54.3297
403 16.0998 54.9592
545 16.9309 55.5853
956 17.4798 55.9987
599 18.0149 56.4018
756 18.3478 56.6525
398 18.6218 56.8589
846 18.7405 56.8277
698 18.8606 56.7962
324 18.9789 56.7652
233 19.0915 56.7357
59 19.2044 56.706
677 19.3123 56.6777
720 19.4271 56.6476
733 19.5385 56.6184
981 19.6475 56.5898
601 19.7556 56.5614
972 19.8664 56.5323
938 19.9818 56.5021
174 20.093 56.4729
565 20.2024 56.4442
496 20.3193 56.4135
735 20.4314 56.3841
771 20.5436 56.3547
587 20.6502 56.3267
451 20.6502 56.3267
897 20.6502 56.3267
729 20.6502 56.3267
382 20.6502 56.3267
34 20.6502 56.3267
552 20.6502 56.3267
302 22.1914 55.5805
493 22.8036 55.2843
269 23.2358 55.0752
688 23.6003 54.8988
603 23.946 54.7317
913 24.2667 54.5765
391 24.5706 54.4295
137 24.8784 54.2807
329 25.1569 54.146
349 25.5436 53.959
507 25.9787 53.7485
903 26.4338 53.5283
705 27.1767 53.1688
957 27.9898 52.7753
901 28.8796 52.3447
79 30.0093 51.7979
7 31.8686 50.8976
989 31.9515 51.0289
525 32.0347 51.1609
510 32.1195 51.2952
397 32.2033 51.428
37 32.2922 51.5689
748 32.3903 51.7244
142 32.491 51.8842
147 33.34 53.2329
471 34.1742 54.5582
597 34.954 55.7968
264 35.4529 56.5887
171 35.91 57.3143
929 35.983 57.4298
390 36.0569 57.547
912 36.1298 57.6625
365 36.203 57.7786
732 36.2747 57.8921
576 36.3455 58.0043
765 36.4157 58.1156
410 36.4855 58.2262
922 36.5524 58.3322
210 36.62 58.4393
30 36.6888 58.5482
645 36.7574 58.6571
596 36.8257 58.7653
522 36.8924 58.8709
501 36.9623 58.9817
54 36.9623 58.9817
267 36.9623 58.9817
237 36.9623 58.9817
89 36.9623 58.9817
891 36.9623 58.9817
778 36.9624 58.9817
127 36.9624 58.9817
461 36.9624 58.9817
101 36.9624 58.9817
459 36.9624 58.9817
715 36.9624 58.9817
498 36.9624 58.9817
56 36.8213 59.2138
621 36.685 59.438
163 36.5416 59.6738
779 36.405 59.8985
558 36.2759 60.1107
804 36.144 60.3277
175 36.0116 60.5454
281 35.8805 60.761
49 35.7343 61.0015
370 35.2131 61.8593
104 34.5975 62.8728
839 33.945 63.9471
809 33.2355 65.1153
404 32.38 66.5242
662 31.5333 67.9186
266 30.8214 69.0909
604 30.2213 70.0787
658 29.6711 70.9845
608 29.2052 71.7512
21 29.1531 71.8368
635 29.0978 71.9277
80 29.0449 72.0147
252 28.9869 72.11
223 28.929 72.2052
614 28.8734 72.2966
724 28.8177 72.3882
971 28.7602 72.4827
291 28.7035 72.5758
308 28.5968 72.7512
757 28.4823 72.9396
574 28.3776 73.1118
226 28.2723 73.2849
550 28.1643 73.4625
789 28.0619 73.6308
189 27.9599 73.7985
591 27.859 73.9644
418 27.7545 74.1363
878 27.7457 74.1507
872 27.7354 74.1678
333 27.7251 74.1846
454 27.7154 74.2006
697 27.7055 74.2169
537 27.6964 74.2319
927 27.6875 74.2465
910 27.6783 74.2616
526 27.5882 74.4098
359 27.4947 74.5636
490 27.3992 74.7207
469 27.3124 74.8634
424 27.2943 74.8932
806 27.2943 74.8932
141 27.2943 74.8932
99 27.1401 74.727
954 26.9909 74.5661
689 26.8386 74.4018
270 26.6848 74.236
571 26.5166 74.0546
578 26.3516 73.8766
124 26.1817 73.6935
16 26.0071 73.5051
730 25.8282 73.3122
60 25.6491 73.1191
888 25.4612 72.9165
443 25.275 72.7156
41 25.0882 72.5142
600 24.8836 72.2936
487 24.6832 72.0776
326 24.4821 71.8607
184 24.2819 71.6449
950 24.0749 71.4217
327 23.868 71.1986
788 23.6637 70.9782
965 23.47 70.7694
640 23.2777 70.5621
531 10.684 69.8502
948 10.684 69.8502
277 10.684 69.8502
346 10.684 69.8502
686 10.684 69.8502
717 10.684 69.8502
371 10.684 69.8502
734 10.684 69.8502
376 10.684 69.8502
482 10.684 69.8502
131 10.684 69.8502
192 10.684 69.8502
130 10.684 69.8502
772 10.684 69.8502
275 10.684 69.8502
524 10.684 69.8502
991 10.684 69.8502
657 10.684 69.8502
517 10.684 69.8502
113 10.684 69.8502
119 10.684 69.8502
114 10.684 69.8502
665 10.684 69.8502
860 10.684 69.8502
639 10.684 69.8502
445 10.684 69.8502
667 10.684 69.8502
966 10.684 69.8502
630 10.684 69.8502
799 10.684 69.8502
427 10.6839 69.8502
3 10.6839 69.8502
255 10.6839 69.8502
14 10.6839 69.8502
347 10.6839 69.8502
589 10.6813 69.9171
939 10.6785 69.9915
162 10.6755 70.0671
97 10.6728 70.1384
77 10.6701 70.2076
747 10.6674 70.2759
764 10.6646 70.3472
760 10.6609 70.4427
784 10.6569 70.5458
234 10.6528 70.6529
374 10.6465 70.8133
728 10.6408 70.9604
196 10.6356 71.0943
457 10.6283 71.2841
615 10.6213 71.4633
924 10.6159 71.604
726 10.6099 71.7564
556 10.6042 71.9051
694 10.5986 72.0478
338 10.5931 72.1897
739 10.5875 72.3333
381 10.5816 72.4865
81 10.5756 72.639
272 10.5694 72.7984
703 10.5632 72.9598
132 10.5545 73.1835
500 10.541 73.5339
411 10.5275 73.8816
207 10.4967 74.6849
719 10.4643 75.5291
360 10.4601 75.6372
886 10.4562 75.7378
244 10.4523 75.8375
431 10.4485 75.9334
551 10.4449 76.0265
203 10.4412 76.1218
479 10.4377 76.2128
892 10.4339 76.3095
321 10.4304 76.3995
560 10.4269 76.4903
503 10.4234 76.5792
570 10.4197 76.6748
502 10.4162 76.7639
426 10.4124 76.8627
554 10.4089 76.9539
361 10.4055 77.0404
680 10.4019 77.1323
495 10.3979 77.2373
31 10.3944 77.3271
325 10.3909 77.4151
433 10.3877 77.4989
970 10.3845 77.5815
830 10.38 77.6967
905 10.3757 77.808
298 10.3716 77.9121
944 10.3673 78.0225
75 10.3632 78.1294
178 10.3591 78.2335
399 10.3552 78.3354
607 10.3515 78.4301
219 10.3474 78.5341
240 10.342 78.6748
339 10.3369 78.8056
796 10.3318 78.9374
701 10.3266 79.0688
879 10.321 79.2153
400 10.3135 79.4087
224 10.3057 79.61
890 10.2974 79.8242
429 10.2893 80.0331
90 10.2804 80.2624
946 10.2719 80.4809
168 10.2308 81.5536
916 10.1824 82.8161
446 10.1368 84.0053
106 10.0951 85.091
693 10.0782 85.5302
868 10.0618 85.9531
792 10.0545 86.1416
153 10.047 86.3348
95 10.0395 86.5276
304 10.032 86.7227
301 10.0246 86.9115
953 10.0173 87.099
316 10.0102 87.2827
547 10.003 87.4685
969 9.99578 87.6544
955 9.98883 87.8334
364 9.98146 88.0234
288 9.97421 88.2101
759 9.967 88.3959
405 9.95913 88.599
17 9.95175 88.7893
803 9.94447 88.9769
753 9.9371 89.1671
213 9.9304 89.3394
914 9.92986 89.3535
108 9.92931 89.3678
776 9.92873 89.383
401 9.92817 89.3973
138 9.92759 89.4126
200 9.927 89.4279
435 9.92644 89.4424
973 9.92595 89.4552
93 9.92546 89.4679
300 9.92492 89.4819
436 9.92438 89.4957
15 9.9238 89.511
386 9.9238 89.511
695 9.9238 89.511
718 9.9238 89.511
982 9.9238 89.511
48 9.9238 89.511
988 9.9238 89.511
736 10.0139 89.4745
750 10.103 89.4384
678 10.1934 89.4018
380 10.2859 89.3644
711 10.3828 89.3252
628 10.481 89.2855
827 10.5765 89.2468
199 10.6779 89.2058
699 10.781 89.1641
815 10.8814 89.1235
780 10.9814 89.083
568 11.0763 89.0446
39 11.1729 89.0055
557 11.2783 88.9628
249 11.3822 88.9208
442 11.4785 88.8818
263 11.5744 88.843
1 11.6744 88.8025
546 11.7756 88.7616
933 11.8773 88.7205
247 11.976 88.6805
712 12.0752 88.6404
236 12.1714 88.6014
637 12.2693 88.5618
585 12.3674 88.5221
447 12.968 88.2795
462 13.5935 88.0268
227 14.2376 87.7667
825 14.631 87.6077
88 14.9839 87.465
58 15.3281 87.3259
444 15.6673 87.1888
169 16.0434 87.0368
220 19.7423 85.5458
638 21.6704 86.4847
13 22.7924 87.0315
768 23.9223 87.582
392 24.14 87.6882
593 24.1954 87.7153
115 24.2511 87.7424
859 24.3119 87.7721
73 24.374 87.8024
696 24.4327 87.831
761 24.4917 87.8598
885 24.5493 87.8879
871 24.609 87.917
36 24.6696 87.9466
833 24.727 87.9746
368 24.7871 88.0039
610 24.8506 88.0348
183 24.9103 88.0639
306 24.9764 88.0962
409 25.0386 88.1265
631 25.0992 88.1561
441 25.1552 88.1834
2 25.2123 88.2112
714 25.2704 88.2395
430 25.4537 88.2513
651 25.6375 88.2631
491 25.8165 88.2746
808 26.0038 88.2866
76 26.1965 88.299
253 26.382 88.3109
50 26.5697 88.323
456 26.7494 88.3345
120 26.929 88.346
44 27.1131 88.3579
786 27.2918 88.3693
150 27.4731 88.381
96 27.6551 88.3927
428 27.8384 88.4044
521 28.0203 88.4161
611 28.6829 88.4596
773 29.3641 88.5043
960 30.0557 88.5497
28 30.8384 88.6009
167 31.5729 88.6491
181 32.1471 88.6868
548 32.6 88.7161
92 33.056 88.7457
241 33.493 88.7741
448 33.9288 88.8023
766 34.3531 88.8298
305 34.4884 88.8385
437 34.4884 88.8385
271 34.4884 88.8385
265 34.4884 88.8385
172 34.4884 88.8385
649 34.4884 88.8385
672 34.4884 88.8385
256 34.4884 88.8385
296 34.4884 88.8385
877 34.4884 88.8385
416 34.4884 88.8385
561 34.4884 88.8385
918 34.4884 88.8385
343 34.4884 88.8385
763 34.4884 88.8385
231 34.4884 88.8385
20 34.4885 88.8385
146 34.7761 88.8336
292 35.0633 88.8288
707 35.3515 88.8239
230 35.6369 88.8191
795 35.923 88.8142
919 36.2083 88.8094
752 36.4995 88.8045
974 36.7874 88.7996
807 37.0733 88.7948
72 37.3589 88.7899
53 37.6413 88.7852
22 37.9215 88.7804
215 38.2003 88.7757
569 38.4824 88.7709
309 38.7605 88.7662
613 39.0398 88.7615
470 39.3218 88.7568
394 39.6052 88.752
738 39.8914 88.7471
840 40.1804 88.7422
139 40.4738 88.7373
294 41.6518 88.7166
874 42.8326 88.6959
961 43.9091 88.6771
947 44.1364 88.6732
530 44.3611 88.6695
82 44.5849 88.6657
319 44.81 88.6619
536 45.0372 88.6581
129 45.2633 88.6543
532 45.4911 88.6504
541 45.7095 88.6468
245 45.9205 88.6432
449 46.1339 88.6396
408 46.3454 88.6361
755 46.5577 88.6325
516 46.7761 88.6288
559 46.9941 88.6251
5 47.2137 88.6215
562 47.441 88.6176
866 47.6742 88.6137
564 47.9078 88.6098
375 48.1516 88.6057
165 48.397 88.6015
206 48.6452 88.5973
642 48.8972 88.5931
539 49.157 88.5887
882 49.4253 88.5841
105 49.6549 88.5803
511 49.8873 88.5764
434 50.1188 88.5724
156 50.3395 88.5687
23 50.5605 88.565
369 50.7481 88.5618
415 50.9338 88.5587
335 51.1189 88.5556
40 51.3038 88.5525
179 51.4875 88.5494
911 51.676 88.5463
320 51.8269 88.5437
389 51.9806 88.5412
344 52.1623 88.5381
992 52.3315 88.5353
624 52.4382 88.5335
575 52.5433 88.5318
851 52.6499 88.53
814 52.7564 88.5282
713 52.8653 88.5264
239 52.9746 88.5246
940 53.0855 88.5228
690 53.2013 88.5208
816 53.3147 88.5189
754 53.427 88.5171
313 53.5393 88.5152
746 53.6502 88.5134
406 53.7607 88.5115
259 53.8756 88.5096
477 53.9924 88.5076
118 54.1037 88.5058
856 54.2156 88.5039
980 54.3228 88.5022
395 54.4291 88.5004
229 54.5334 88.4986
464 54.6411 88.4969
273 54.7008 88.4959
800 54.7574 88.495
659 54.7779 88.4946
880 54.8017 88.4942
952 54.8255 88.4937
774 54.849 88.4933
12 54.8729 88.4929
140 54.8962 88.4925
896 54.921 88.492
584 54.9462 88.4916
185 54.9701 88.4911
618 54.9915 88.4907
367 55.0141 88.4903
62 55.0369 88.4899
378 55.0609 88.4895
801 55.0829 88.4891
193 55.1032 88.4887
126 55.9736 88.4729
202 57.0883 88.4526
823 58.198 88.4324
887 59.0692 88.4165
317 59.9186 88.401
177 60.7638 88.3856
984 61.6085 88.3702
737 62.4601 88.3547
567 63.349 88.3385
620 64.2441 88.3222
42 65.1007 88.3066
52 65.9569 88.291
817 66.818 88.2753
145 67.702 88.2592
845 68.5824 88.2432
285 69.4679 88.227
149 70.3613 88.2108
666 71.2997 88.1937
544 72.2503 88.1763
580 73.2792 88.1576
820 73.8462 88.1473
465 74.3436 88.1382
353 74.8458 88.129
740 75.3605 88.1196
251 75.8509 88.1106
622 76.4272 88.1001
318 77.1776 88.0864
983 79.9918 88.0355
135 80.0821 88.0339
864 80.3106 88.0299
893 80.5487 88.0257
158 80.7938 88.0214
854 81.0642 88.0166
725 81.3364 88.0118
928 81.6304 88.0066
813 82.3737 87.2482
494 83.5115 86.0876
372 86.0107 83.5391
742 85.9085 83.4566
417 85.8159 83.3817
311 85.7403 83.3206
159 85.658 83.254
660 85.5836 83.1938
322 85.507 83.1318
528 85.4232 83.0641
889 85.3517 83.0063
648 85.2703 82.9405
25 85.1971 82.8812
685 85.1175 82.8169
473 85.0318 82.7475
204 84.9389 82.6725
450 84.8485 82.5993
867 76.0855 77.6342
975 75.2832 77.1798
385 74.6094 76.7983
332 73.9298 76.4135
818 73.0857 75.9355
579 72.1875 75.4269
51 71.2846 74.9156
201 70.4466 74.4411
668 69.693 74.0143
383 69.4386 73.8703
420 66.2887 72.086
290 66.2346 72.0826
847 66.1784 72.0792
393 66.1276 72.076
904 66.0792 72.073
837 66.0313 72.0701
460 65.9777 72.0668
775 65.9305 72.0639
238 65.8755 72.0605
654 65.8253 72.0574
509 65.7721 72.0541
297 65.7231 72.051
962 65.6755 72.0481
440 65.6222 72.0448
110 65.5774 72.042
937 65.5268 72.0389
340 65.4736 72.0356
852 65.4257 72.0327
67 65.1609 72.0163
744 64.9081 72.0007
18 64.6382 71.984
931 64.3745 71.9677
900 64.1377 71.9531
315 63.8458 71.9351
481 63.5982 71.9198
68 63.3089 71.902
595 63.0138 71.8837
173 62.7173 71.8654
71 62.4296 71.8477
83 62.0258 71.8228
478 61.1959 71.7715
861 54.8386 71.3785
280 54.8386 71.3785
671 54.8386 71.3785
727 54.8386 71.3785
632 54.6126 71.3355
857 54.379 71.291
636 54.1412 71.2458
94 54.0175 71.1499
855 53.8932 71.0536
782 53.7687 70.9572
208 53.6418 70.8589
762 53.517 70.7622
676 53.3954 70.668
9 53.2751 70.5747
625 53.1548 70.4815
968 53.0383 70.3912
987 52.9209 70.3002
617 52.8048 70.2103
563 52.6889 70.1205
91 52.5695 70.0279
84 52.4476 69.9335
282 52.3284 69.8412
964 52.2101 69.7495
515 52.0931 69.6588
791 51.9775 69.5692
235 51.8617 69.4795
112 51.7434 69.3878
921 51.6266 69.2973
605 51.5076 69.205
769 51.3904 69.1142
109 51.2726 69.023
976 51.1557 68.9324
161 51.1508 68.8971
832 51.1468 68.8677
683 51.1423 68.8353
540 51.1383 68.8061
826 51.134 68.7748
453 51.1283 68.7339
286 51.123 68.695
225 51.1194 68.6693
523 51.1157 68.6423
895 51.1121 68.6162
986 51.108 68.5866
582 51.1039 68.5573
810 51.0995 68.5254
802 51.096 68.4998
134 51.0919 68.4705
484 51.0878 68.4404
216 51.0835 68.4091
798 51.0794 68.3799
743 51.0758 68.3537
894 51.0724 68.3291
144 51.0689 68.3034
350 51.0652 68.2768
248 51.0615 68.2499
513 50.8452 66.6763
793 50.5736 64.6988
533 50.3317 62.9388
432 50.3317 62.9388
492 53.411 58.777
262 54.0317 57.9381
468 54.5075 57.295
945 55.1926 56.369
923 55.815 55.5279
577 56.5812 54.4923
870 57.5813 53.1406
675 60.9346 53.0478
594 60.9346 53.0478
875 60.9346 53.0478
843 60.9346 53.0478
186 61.0862 53.0827
926 61.2405 53.1182
70 61.3925 53.1532
188 61.5438 53.1881
143 61.6953 53.223
623 61.8479 53.2581
583 62.0063 53.2946
907 62.1486 53.3274
656 62.2879 53.3595
35 62.421 53.3902
396 62.5543 53.4209
538 62.6898 53.4521
842 62.8236 53.4829
767 62.9593 53.5142
850 63.0925 53.5449
519 63.2215 53.5747
217 63.3528 53.6049
644 64.311 53.8248
232 65.3059 54.053
117 65.8767 54.1842
85 66.4595 54.3181
647 67.1627 54.4796
967 67.8962 54.648
553 68.5182 54.7909
102 69.1401 54.9338
152 69.7537 55.0747
334 69.9311 54.9182
650 70.1091 54.761
485 70.2994 54.5931
293 70.4945 54.4209
357 70.7732 54.1749
609 71.8315 53.4528
466 71.9769 53.3534
932 72.0735 53.2874
606 72.1686 53.2224
190 72.6728 52.8781
29 73.156 52.5482
425 73.6263 52.227
323 74.1028 51.9017
592 74.818 51.7893
941 75.5237 51.6784
942 76.256 51.5633
745 77.4271 51.3791
274 79.008 51.1304
107 80.2317 50.938
170 80.4267 50.9074
387 80.587 50.8823
136 80.7506 50.8566
195 80.9094 50.8317
684 81.0743 50.8058
242 81.2324 50.781
920 81.3882 50.7566
951 81.5495 50.7313
506 81.7066 50.7066
884 81.8548 50.6834
670 81.9968 50.6611
198 83.0699 50.4924
977 84.1478 50.323
838 85.3434 50.135
497 86.6121 49.9354
520 86.5264 41.8947
590 86.4831 37.8058
98 86.4497 34.6384
33 86.4271 32.4921
835 86.4043 30.3259
243 86.2884 19.5012
627 86.2784 18.5399
483 86.2684 17.5917
345 86.2683 17.5917
979 86.2682 17.5917
260 86.2681 17.5917
