0,103,819,721,295,581,176,598,777,24,959,504,781,355,19,785,828,43,458,197,45,27,6,821,419,831,289,250,555,634,751,358,55,594,69,452,356,566,155,873,844,480,164,681,865,906,66,790,862,512,472,342,421,917,7,853,692,989,257,848,935,191,209,467,716,930,63,586,413,748,278,619,414,11,723,508,543,679,811,612,869,529,655,32,876,160,354,65,151,664,205,525,535,549,783,388,38,829,706,687,486,121,37,397,602,261,310,915,787,363,702,111,626,883,573,64,704,407,934,834,643,287,26,379,221,246,822,824,351,307,284,439,709,653,337,669,518,641,474,881,8,488,366,362,722,812,254,674,963,258,710,629,455,741,902,61,211,412,646,348,682,588,794,899,673,299,133,402,331,661,74,187,86,4,836,898,384,499,87,700,985,10,863,943,514,330,328,125,46,268,572,958,283,527,100,805,534,758,841,990,228,652,770,542,505,749,373,222,182,476,731,698,214,633,78,708,116,148,154,909,47,57,279,849,303,663,423,858,391,122,784,531,218,233,312,123,936,616,422,336,463,341,157,489,352,128,949,212,166,925,438,475,908,142,691,677,972,735,403,174,565,496,971,797,771,382,329,729,927,34,938,601,324,59,599,956,913,451,897,720,733,981,89,839,756,507,903,705,957,901,79,137,194,545,267,510,765,281,621,645,603,180,715,291,493,237,778,269,390,640,788,49,147,471,56,533,929,501,922,30,54,210,732,370,576,459,104,127,461,912,891,688,302,522,80,872,270,60,600,730,789,16,266,550,454,41,443,526,574,571,226,591,99,965,587,537,658,220,697,365,878,308,757,910,275,635,846,662,359,954,252,171,349,404,604,333,773,189,689,888,500,578,296,327,418,167,916,830,224,400,168,487,347,298,607,219,132,374,196,14,255,3,427,799,630,966,667,445,639,860,665,114,119,339,113,517,657,991,524,433,680,948,81,381,739,338,694,556,726,924,728,457,272,879,764,760,703,503,502,234,552,747,184,950,411,130,192,131,482,376,734,371,717,686,346,277,207,772,97,162,939,589,77,398,326,701,970,546,554,570,796,551,944,321,792,75,244,946,825,88,479,615,361,431,429,31,360,890,364,868,93,444,695,386,48,973,711,446,200,138,236,637,447,17,557,699,106,955,753,815,628,585,678,90,178,982,153,39,803,547,953,568,718,776,827,780,1,199,108,95,969,914,380,325,905,435,750,719,15,988,462,759,213,736,263,693,405,304,301,401,240,58,436,169,300,560,203,892,712,247,426,933,399,442,316,495,13,115,227,638,806,859,651,491,808,50,456,120,73,608,124,424,469,593,768,392,150,960,231,141,428,20,146,490,441,886,2,631,409,714,430,76,253,786,96,288,28,44,249,833,696,761,885,871,36,368,610,183,306,521,611,223,294,292,752,840,738,394,470,613,309,569,215,22,53,72,807,974,265,713,763,139,649,561,559,614,548,92,241,448,766,305,437,271,416,449,919,795,230,707,181,877,256,672,172,918,239,874,516,408,755,406,746,5,961,947,530,82,319,536,245,802,126,320,389,40,179,659,880,952,636,12,280,129,532,541,814,856,562,866,564,375,165,206,642,539,882,105,511,434,156,23,369,415,344,193,895,118,911,259,861,940,690,816,754,313,980,477,931,887,343,18,273,800,774,140,896,584,185,618,367,62,378,801,544,622,317,177,984,737,567,992,851,575,624,52,395,464,42,202,465,620,149,417,580,353,740,666,494,285,845,145,817,823,318,251,928,135,854,725,158,813,893,742,820,983,311,864,159,660,372,473,25,685,322,528,889,648,450,204,332,68,297,420,867,975,385,383,818,579,51,201,668,340,744,290,847,393,904,837,460,775,238,654,509,152,650,852,110,937,440,67,900,481,315,671,727,71,595,478,83,335,173,962,229,647,432,225,144,894,743,798,216,484,134,810,582,986,523,683,9,968,625,987,161,563,109,769,605,921,112,235,791,515,964,282,84,91,676,617,350,513,248,826,762,208,782,855,94,632,857,779,724,175,558,832,453,976,540,21,596,101,804,498,163,410,264,597,286,468,809,923,793,577,945,186,188,519,396,492,262,276,843,875,870,485,538,293,623,850,675,314,377,117,357,644,907,466,102,232,606,70,926,767,29,85,35,842,978,217,323,941,838,195,583,190,592,274,656,143,932,920,942,553,670,334,684,745,425,506,387,242,170,967,835,609,977,107,884,951,198,136,497,590,98,33,520,243,345,979,483,627,260,
value : 427.993 running time : 539.677286
0 80 20
103 66.5664 15.5481
819 66.0142 16.2164
721 65.6375 16.6722
295 64.9419 17.514
581 64.3516 18.2284
176 63.7977 18.8987
598 63.0701 19.7792
777 62.3471 20.6542
24 61.538 21.6334
959 60.6202 22.744
504 59.7196 23.8339
781 57.7075 26.2689
355 56.1752 28.1233
19 55.2157 29.2843
785 54.5544 30.0846
828 53.9301 30.8401
43 53.2631 31.6473
458 53.2631 31.6473
197 53.2631 31.6473
45 53.2631 31.6473
27 53.0431 31.7699
6 52.8309 31.8881
821 52.6035 32.0149
419 52.3339 32.1651
831 52.0788 32.3072
289 51.7659 32.4816
250 51.4916 32.6344
555 51.2417 32.7737
634 50.9934 32.912
751 50.7203 33.0641
358 50.4541 33.2125
55 49.9311 33.5039
594 49.3811 33.8104
69 48.4082 34.3525
452 47.8928 34.6397
356 47.4715 34.8745
566 47.1225 35.0689
155 46.9032 35.1911
873 46.7213 35.2924
844 46.4811 35.4263
480 46.2335 35.5643
164 46.0428 35.6705
681 45.8137 35.7981
865 45.558 35.9406
906 45.29 36.09
66 45.0166 36.2423
790 44.7141 36.4108
862 44.4388 36.5643
512 44.188 36.704
472 43.9699 36.8255
342 43.7696 36.9372
421 43.7696 36.9372
917 43.7696 36.9372
7 43.7696 36.9372
853 43.7695 36.9372
692 43.7695 36.9372
989 43.7695 36.9372
257 43.7695 36.9372
848 43.7695 36.9372
935 43.7695 36.9372
191 43.7695 36.9372
209 43.7695 36.9372
467 43.7695 36.9372
716 43.7695 36.9372
930 43.7695 36.9372
63 42.9772 36.9197
586 39.1345 36.835
413 34.8379 36.7404
748 34.4833 36.7325
278 34.1572 36.7253
619 33.8363 36.7183
414 33.5065 36.711
11 33.1792 36.7038
723 32.8676 36.6969
508 32.7152 36.6935
543 32.5534 36.69
679 32.4314 36.6873
811 32.2991 36.6843
612 32.1602 36.6813
869 32.0323 36.6785
529 31.9017 36.6756
655 31.7528 36.6723
32 31.6205 36.6694
876 31.6205 36.6694
160 31.6235 36.2519
354 31.6261 35.8894
65 31.6283 35.57
151 31.6327 35.5211
664 31.6373 35.4702
205 31.642 35.4178
525 31.6461 35.3711
535 31.6536 35.288
549 31.6621 35.1922
783 31.6693 35.1127
388 31.6768 35.028
38 31.6847 34.9402
829 31.6934 34.8436
706 31.7008 34.7607
687 31.7089 34.6697
486 31.7177 34.5721
121 31.7255 34.484
37 31.7326 34.4053
397 31.7584 34.1173
602 32.0933 30.3749
261 32.3138 27.9111
310 32.4784 26.0729
915 32.5341 25.4496
787 32.5956 24.7626
363 32.6679 23.9555
702 32.6986 23.6124
111 32.7286 23.2772
626 32.7591 22.9358
883 32.7903 22.587
573 32.8221 22.2318
64 32.8504 21.9162
704 32.8807 21.5775
407 32.9092 21.2595
934 32.9288 21.0398
834 32.9513 20.7889
643 32.9815 20.4511
287 33.0108 20.1244
26 33.0321 19.8862
379 33.0529 19.6541
221 33.0765 19.3894
246 33.1113 19.0015
822 33.1424 18.6532
824 33.1754 18.2846
351 33.2166 17.8243
307 33.2464 17.4916
284 33.2819 17.095
439 33.3202 16.6674
709 33.3598 16.2247
653 33.408 15.6859
337 33.4593 15.1135
669 33.5147 14.4944
518 33.5634 13.9499
641 20.9869 14.1834
474 19.1894 14.2167
881 17.5513 14.247
8 16.8726 14.2596
488 16.1021 14.2739
366 15.2645 14.2894
362 14.3856 14.3057
722 13.7158 14.3181
812 13.6367 14.3196
254 13.4828 15.2361
674 13.3507 16.0227
963 13.213 16.8429
258 13.1195 17.3997
710 13.0739 17.6715
629 13.0384 17.8825
455 12.9896 18.1736
741 12.9475 18.4243
902 12.9061 18.6706
61 12.8689 18.8924
211 12.8292 19.1288
412 12.7856 19.3886
646 12.7437 19.6377
348 12.6994 19.9017
682 12.654 20.1724
588 12.6054 20.4618
794 12.5512 20.7841
899 12.5512 20.7841
673 12.5512 20.7841
299 12.5512 20.7841
133 12.5512 20.7841
402 12.5512 20.7841
331 12.5512 20.7841
661 12.5512 20.7841
74 12.5512 20.7841
187 12.5512 20.7841
86 12.2047 28.325
4 12.1684 29.1169
836 12.1301 29.9523
898 12.0905 30.8157
384 11.8897 35.1911
499 11.7556 38.1139
87 11.7556 38.1139
700 11.7556 38.1139
985 11.7556 38.1139
10 11.7556 38.114
863 11.7556 38.114
943 11.7556 38.114
514 11.7556 38.114
330 11.7553 38.2261
328 11.7549 38.3243
125 11.7547 38.4077
46 11.7544 38.4987
268 11.7541 38.578
572 11.7538 38.6756
958 11.7473 40.705
283 11.7403 42.8868
527 11.733 45.2009
100 11.732 45.4867
805 11.7312 45.7499
534 11.7304 45.9957
758 11.7296 46.245
841 11.7288 46.4989
990 11.728 46.7389
228 11.7271 47.0048
652 11.7262 47.2893
770 11.7253 47.5618
542 11.7244 47.8566
505 11.7235 48.1365
749 11.7226 48.4045
373 11.7218 48.6696
222 11.7209 48.9287
182 11.7201 49.1879
476 11.7193 49.438
731 11.7184 49.7207
698 11.7174 50.0228
214 11.7164 50.3256
633 11.7156 50.5755
78 11.7091 50.6214
708 11.6995 50.6885
116 11.6914 50.746
148 11.684 50.798
154 11.6751 50.8607
909 11.6659 50.9256
47 11.6566 50.9912
57 11.6479 51.0521
279 11.6392 51.1133
849 11.6304 51.1755
303 11.6226 51.2301
663 11.6157 51.2789
423 11.6075 51.3363
858 11.5979 51.4045
391 11.5882 51.4724
122 11.5777 51.5469
784 11.5777 51.5469
531 11.5777 51.5469
218 11.6531 51.5749
233 11.7378 51.6064
312 11.7797 51.622
123 11.8331 51.6418
936 11.8917 51.6636
616 11.9496 51.6851
422 12.0149 51.7094
336 12.0653 51.7281
463 12.11 51.7447
341 12.1588 51.7628
157 12.2072 51.7808
489 12.2636 51.8017
352 12.321 51.823
128 12.3704 51.8414
949 12.6386 51.941
212 12.8593 52.023
166 13.4198 52.2313
925 14.2939 52.556
438 20.8435 54.989
475 21.015 55.0785
908 21.1828 55.166
142 21.3436 55.25
691 21.5021 55.3327
677 21.6576 55.4138
972 21.8323 55.505
735 22.0262 55.6062
403 22.1888 55.691
174 22.3539 55.7771
565 22.534 55.8711
496 22.7258 55.9712
971 22.9528 56.0897
797 23.0854 56.1589
771 23.2406 56.2398
382 23.8099 56.5369
329 24.3194 56.8028
729 24.8417 57.0753
927 25.3535 57.3423
34 25.6376 57.2679
938 25.9199 57.1939
601 26.1928 57.1224
324 26.5121 57.0387
59 26.8104 56.9606
599 27.098 56.8852
956 27.3924 56.8081
913 27.7137 56.7239
451 27.9796 56.6542
897 28.2708 56.5779
720 28.5963 56.4926
733 28.9293 56.4053
981 29.2717 56.3156
89 29.6696 56.2113
839 30.0163 56.1205
756 30.3373 56.0364
507 30.6538 55.9534
903 30.9949 55.864
705 31.3649 55.7671
957 31.7627 55.6629
901 32.1593 55.5589
79 32.5863 55.447
137 33.0804 55.3176
194 33.6046 55.1802
545 33.6046 55.1802
267 33.6046 55.1802
510 33.6046 55.1802
765 33.6046 55.1802
281 33.6046 55.1802
621 33.4616 55.5264
645 33.276 55.9758
603 33.111 56.3754
180 32.953 56.7579
715 32.7756 57.1875
291 32.7565 57.2336
493 32.7395 57.275
237 32.7237 57.3131
778 32.7061 57.3557
269 32.6861 57.4041
390 32.6632 57.4596
640 32.6449 57.5039
788 32.6277 57.5455
49 32.6131 57.5808
147 32.5953 57.624
471 32.5763 57.6699
56 32.5551 57.7212
533 32.5374 57.7642
929 32.5182 57.8106
501 32.4976 57.8605
922 32.4824 57.8974
30 32.465 57.9395
54 32.4478 57.981
210 32.4321 58.019
732 32.4131 58.065
370 32.395 58.1089
576 32.3753 58.1566
459 32.3558 58.2038
104 32.3384 58.2459
127 32.3229 58.2836
461 32.3053 58.3262
912 32.285 58.3753
891 32.2671 58.4185
688 32.2487 58.4632
302 32.2302 58.5079
522 32.2113 58.5537
80 28.7696 66.8868
872 28.3143 67.9891
270 28.0651 68.5924
60 27.9904 68.7733
600 27.9212 68.9408
730 27.8502 69.1129
789 27.7778 69.2881
16 27.7046 69.4653
266 27.6374 69.628
550 27.5651 69.803
454 27.5001 69.9603
41 27.4316 70.1262
443 27.4257 70.1405
526 27.42 70.1542
574 27.4141 70.1686
571 27.408 70.1834
226 27.4014 70.1994
591 27.3951 70.2146
99 27.3884 70.2308
965 27.3823 70.2455
587 27.3756 70.2619
537 27.3679 70.2804
658 27.3609 70.2974
220 27.3544 70.3131
697 27.3481 70.3283
365 27.3431 70.3405
878 27.3366 70.3562
308 27.33 70.3722
757 27.322 70.3916
910 27.3163 70.4055
275 27.3097 70.4214
635 27.3029 70.4378
846 27.2969 70.4524
662 27.29 70.4689
359 27.2837 70.4842
954 27.2761 70.5026
252 27.2699 70.5177
171 27.2642 70.5316
349 26.9767 71.2277
404 26.6748 71.9587
604 26.3916 72.6443
333 26.0942 73.3642
773 25.7563 74.1824
189 25.7563 74.1824
689 25.2976 74.1759
888 24.7776 74.1685
500 24.2822 74.1614
578 23.9298 74.1564
296 23.5714 74.1513
327 23.1439 74.1452
418 22.738 74.1394
167 21.8448 74.1267
916 18.4648 74.0786
830 10.3607 71.036
224 10.3221 70.9178
400 10.2823 70.7964
168 10.2454 70.6836
487 10.2079 70.5693
347 10.1706 70.4552
298 10.1706 70.4552
607 10.1706 70.4552
219 10.1706 70.4552
132 10.1706 70.4552
374 10.1706 70.4552
196 10.1706 70.4552
14 10.1706 70.4552
255 10.1706 70.4552
3 10.1706 70.4552
427 10.1706 70.4552
799 10.1706 70.4552
630 10.1706 70.4552
966 10.1706 70.4552
667 10.1706 70.4552
445 10.1706 70.4552
639 10.1706 70.4552
860 10.1706 70.4552
665 10.1706 70.4552
114 10.1706 70.4552
119 10.1706 70.4552
339 10.1706 70.4552
113 10.1706 70.4552
517 10.1706 70.4552
657 10.1706 70.4552
991 10.1706 70.4552
524 10.1706 70.4552
433 10.1706 70.4552
680 10.1706 70.4552
948 10.1706 70.4552
81 10.1706 70.4552
381 10.1706 70.4552
739 10.1706 70.4552
338 10.1706 70.4552
694 10.1706 70.4552
556 10.1706 70.4552
726 10.1706 70.4552
924 10.1706 70.4552
728 10.1706 70.4552
457 10.1706 70.4552
272 10.1706 70.4552
879 10.1706 70.4552
764 10.1706 70.4552
760 10.1704 70.4923
703 10.1702 70.5334
503 10.1699 70.5795
502 10.1697 70.6181
234 10.1695 70.6528
552 10.1693 70.6922
747 10.1691 70.7306
184 10.1688 70.7779
950 10.1686 70.8123
411 10.1685 70.8429
130 10.1683 70.8755
192 10.1681 70.909
131 10.1679 70.9443
482 10.1677 70.9818
376 10.1675 71.0172
734 10.1673 71.0544
371 10.1671 71.092
717 10.1669 71.1307
686 10.1667 71.1707
346 10.1665 71.2092
277 10.1663 71.2424
207 10.1661 71.2776
772 10.1659 71.3079
97 10.1656 71.3701
162 10.1653 71.43
939 10.165 71.4825
589 10.1647 71.5371
77 10.1621 72.0213
398 10.1592 72.544
326 10.1562 73.0986
701 10.1536 73.5744
970 10.1511 74.0435
546 10.1478 74.6439
554 10.1452 75.1422
570 10.1427 75.5879
796 10.1406 75.9872
551 10.1383 76.4097
944 10.136 76.8358
321 10.1338 77.2371
792 10.1315 77.6623
75 10.1296 78.0174
244 10.1278 78.3538
946 10.1261 78.6732
825 10.1239 79.0789
88 10.1216 79.4954
479 10.1196 79.8745
615 10.1173 80.2986
361 10.1151 80.704
431 10.1123 81.2294
429 10.1096 81.7179
31 10.1055 82.481
360 10.1013 83.247
890 10.0975 83.9509
364 10.0927 84.8341
868 10.0883 85.645
93 10.0879 85.7336
444 10.0873 85.8285
695 10.0868 85.9276
386 10.0862 86.0332
48 10.0857 86.1297
973 10.0851 86.2486
711 10.0845 86.3555
446 10.084 86.4512
200 10.0834 86.559
138 10.0828 86.6552
236 10.0823 86.7513
637 10.0818 86.84
447 10.0813 86.9361
17 10.0808 87.0311
557 10.0803 87.1256
699 10.0798 87.2219
106 10.0792 87.3247
955 10.0787 87.4101
753 10.0782 87.5183
815 10.0777 87.5991
628 10.0773 87.6841
585 10.0767 87.7794
678 10.0763 87.8617
90 10.0759 87.9339
178 10.0754 88.0248
982 10.0748 88.1294
153 10.0743 88.2325
39 10.0737 88.3389
803 10.0732 88.4297
547 10.0727 88.522
953 10.0722 88.6205
568 10.0716 88.7183
718 10.0711 88.8117
776 10.0705 88.9183
827 10.0703 88.9612
780 10.0701 88.997
1 10.0698 89.0447
199 10.0696 89.091
108 10.0694 89.1338
95 10.0691 89.1795
969 10.0688 89.2282
914 10.0686 89.2753
380 10.0683 89.3236
325 10.0681 89.3613
905 10.0679 89.4081
435 10.0675 89.4679
750 10.0673 89.5158
719 10.0671 89.5557
15 10.0668 89.6075
988 10.0666 89.6487
462 10.0971 89.648
759 10.1207 89.6474
213 10.1461 89.6467
736 10.2475 89.6442
263 10.3497 89.6417
693 10.4593 89.639
405 10.5655 89.6364
304 10.6724 89.6338
301 10.7687 89.6314
401 10.8653 89.629
240 10.9715 89.6264
58 11.0933 89.6234
436 11.1822 89.6212
169 11.275 89.6189
300 11.3745 89.6165
560 11.6226 89.6104
203 11.8334 89.6052
892 12.0681 89.5994
712 12.3192 89.5933
247 12.5302 89.5881
426 12.743 89.5829
933 13.7697 89.5576
399 14.7507 89.5336
442 15.7534 89.5089
316 16.7817 89.4837
495 17.9321 89.4554
13 19.1355 89.4259
115 20.3834 89.3952
227 21.6887 89.3631
638 23.3041 89.3233
806 24.3652 89.2973
859 24.6441 89.2904
651 24.929 89.2834
491 25.2295 89.276
808 25.5627 89.2679
50 25.8504 89.2608
456 26.1652 89.2531
120 26.5089 89.2446
73 26.8241 89.2369
608 27.1223 89.2296
124 27.4661 89.2211
424 27.471 89.221
469 27.4762 89.2209
593 27.4813 89.2207
768 27.4873 89.2206
392 27.4942 89.2204
150 27.5 89.2203
960 27.5057 89.2201
231 27.5117 89.22
141 27.5173 89.2198
428 27.5225 89.2197
20 27.5277 89.2196
146 27.5335 89.2194
490 27.5385 89.2193
441 27.5435 89.2192
886 27.5493 89.2191
2 27.591 89.218
631 27.6236 89.2172
409 27.6587 89.2164
714 27.695 89.2155
430 27.787 89.2132
76 27.8808 89.211
253 27.9738 89.2087
786 28.061 89.2065
96 28.1448 89.2045
288 28.2209 89.2026
28 28.3056 89.2006
44 28.3864 89.1986
249 28.469 89.1966
833 28.5563 89.1944
696 28.6469 89.1922
761 28.7341 89.1901
885 28.8184 89.188
871 28.8995 89.186
36 28.9906 89.1838
368 29.0763 89.1817
610 29.166 89.1795
183 29.2501 89.1775
306 29.3397 89.1753
521 29.4287 89.1731
611 30.6376 89.1435
223 33.1467 89.082
294 35.8965 89.0147
292 36.0515 89.0109
752 36.196 89.0074
840 36.3563 89.0035
738 36.5024 88.9999
394 36.6547 88.9962
470 36.798 88.9927
613 36.9534 88.9888
309 37.1191 88.9848
569 37.2759 88.981
215 37.4302 88.9772
22 37.5723 88.9737
53 37.7242 88.97
72 37.8716 88.9664
807 38.031 88.9625
974 38.1723 88.959
265 38.3292 88.9552
713 38.5009 88.951
763 38.6461 88.9474
139 38.7787 88.9442
649 38.9253 88.9406
561 39.0838 88.9367
559 39.2361 88.933
614 39.3671 88.9298
548 39.5022 88.9264
92 39.6423 88.923
241 39.8037 88.9191
448 39.9582 88.9153
766 40.1223 88.9113
305 40.2824 88.9074
437 40.4167 88.9041
271 40.5515 88.9008
416 40.7101 88.8969
449 40.8579 88.8933
919 40.9907 88.89
795 41.1359 88.8865
230 41.2985 88.8825
707 41.4577 88.8786
181 41.6231 88.8745
877 41.7757 88.8708
256 41.9229 88.8672
672 42.0791 88.8634
172 42.2715 88.8587
918 42.4578 88.8541
239 42.8437 88.8447
874 43.1816 88.8364
516 43.5252 88.828
408 43.8288 88.8205
755 44.1109 88.8136
406 44.413 88.8062
746 44.6889 88.7995
5 44.9591 88.7929
961 45.2517 88.7857
947 45.5109 88.7793
530 45.7496 88.7735
82 45.9963 88.7674
319 46.2654 88.7609
536 46.5466 88.754
245 46.8202 88.7473
802 47.0683 88.7412
126 47.2609 88.7365
320 47.4446 88.732
389 47.6297 88.7274
40 47.858 88.7219
179 48.0559 88.717
659 48.2428 88.7124
880 48.4593 88.7071
952 48.6564 88.7023
636 48.8478 88.6976
12 49.0525 88.6926
280 49.2276 88.6883
129 49.3782 88.6846
532 49.5713 88.6799
541 49.768 88.6751
814 49.9685 88.6702
856 50.185 88.6649
562 50.3101 88.6618
866 50.448 88.6584
564 50.5977 88.6548
375 50.7469 88.6511
165 50.9068 88.6472
206 51.0684 88.6433
642 51.2476 88.6389
539 51.4103 88.6349
882 51.5974 88.6303
105 51.7668 88.6262
511 51.9517 88.6216
434 52.1343 88.6172
156 52.3049 88.613
23 52.4969 88.6083
369 52.6718 88.604
415 52.837 88.6
344 53.0042 88.5959
193 53.1516 88.5923
895 53.339 88.5877
118 53.5413 88.5827
911 53.7278 88.5781
259 53.8915 88.5741
861 54.0521 88.5702
940 54.2259 88.5659
690 54.4197 88.5612
816 54.6057 88.5567
754 54.7729 88.5526
313 54.9469 88.5483
980 55.1306 88.5438
477 55.3256 88.539
931 55.49 88.535
887 55.6383 88.5314
343 55.7893 88.5277
18 56.0065 88.5224
273 56.0087 88.5223
800 56.0106 88.5223
774 56.2216 88.5195
140 56.4571 88.5163
896 56.6833 88.5133
584 56.9278 88.5101
185 57.177 88.5067
618 57.41 88.5036
367 57.6559 88.5004
62 57.9098 88.497
378 58.2039 88.4931
801 58.4604 88.4897
544 58.6987 88.4865
622 58.7424 88.4859
317 58.7828 88.4854
177 58.8227 88.4848
984 58.8633 88.4843
737 58.9037 88.4838
567 58.9485 88.4832
992 58.99 88.4826
851 59.0293 88.4821
575 59.0744 88.4815
624 59.1153 88.481
52 60.8469 88.4579
395 61.9481 88.4433
464 63.0772 88.4283
42 64.1361 88.4142
202 65.1505 88.4007
465 66.6248 88.3811
620 67.9804 88.3631
149 69.4481 88.3436
417 70.9334 88.3238
580 72.1457 88.3077
353 72.5154 88.3028
740 72.9071 88.2976
666 73.1083 88.2949
494 73.3204 88.2921
285 73.5137 88.2895
845 73.7163 88.2868
145 73.9294 88.284
817 74.1477 88.2811
823 74.8696 88.2715
318 75.6883 88.2606
251 76.7946 88.2459
928 81.232 88.1868
135 81.232 88.1867
854 81.2509 88.1682
725 81.2712 88.1484
158 81.2878 88.1321
813 81.3064 88.1139
893 81.3249 88.0958
742 81.3446 88.0765
820 81.3624 88.0591
983 81.3824 88.0395
311 84.7142 84.7782
864 84.9969 84.5016
159 85.3668 84.1395
660 85.8417 83.6746
372 86.0091 83.5108
473 85.8647 83.398
25 85.7237 83.2877
685 85.5696 83.1672
322 85.402 83.0361
528 85.2268 82.8991
889 85.0861 82.789
648 84.9418 82.6762
450 84.8087 82.5722
204 80.6985 80.1116
332 75.6123 77.0668
68 69.8389 73.6103
297 68.9192 73.0598
420 67.8915 72.4446
867 67.8915 72.4446
975 67.8915 72.4446
385 67.8915 72.4446
383 67.8915 72.4446
818 67.7841 72.4244
579 67.6697 72.4028
51 67.5504 72.3803
201 67.4433 72.3602
668 67.2911 72.3315
340 67.1692 72.3085
744 67.0588 72.2877
290 66.9357 72.2645
847 66.8022 72.2394
393 66.684 72.2171
904 66.5738 72.1964
837 66.4644 72.1758
460 66.3373 72.1518
775 66.2303 72.1317
238 66.095 72.1062
654 65.9799 72.0845
509 65.8578 72.0615
152 65.7536 72.0419
650 65.6337 72.0193
852 65.5229 71.9984
110 65.2775 71.9522
937 65.0178 71.9033
440 64.6878 71.8411
67 64.435 71.7935
900 64.1963 71.7485
481 63.9145 71.6954
315 63.5604 71.6287
671 63.2725 71.5745
727 63.0218 71.5273
71 62.7575 71.4775
595 62.4149 71.413
478 62.0895 71.3517
83 61.7837 71.2941
335 60.9221 71.1318
173 60.3604 71.026
962 59.7869 70.9179
229 58.4361 70.6635
647 57.077 70.4075
432 55.2388 70.0613
225 53.1599 69.6697
144 53.0611 69.651
894 52.9738 69.6346
743 52.8946 69.6197
798 52.81 69.6038
216 52.7249 69.5877
484 52.6365 69.5711
134 52.5537 69.5555
810 52.4832 69.5422
582 52.4002 69.5266
986 52.305 69.5086
523 52.2079 69.4903
683 52.1266 69.475
9 52.0619 69.4628
968 51.9824 69.4479
625 51.9053 69.4333
987 51.8268 69.4185
161 51.732 69.4007
563 51.645 69.3843
109 51.5674 69.3697
769 51.4882 69.3548
605 51.4081 69.3397
921 51.3174 69.3226
112 51.2338 69.3068
235 51.1419 69.2895
791 51.0636 69.2748
515 50.9881 69.2605
964 50.9006 69.2441
282 50.809 69.2268
84 50.7208 69.2102
91 50.6292 69.193
676 50.5319 69.1746
617 50.4498 69.1591
350 50.3577 69.1418
513 50.2786 69.1269
248 50.199 69.1119
826 50.1236 69.0977
762 50.054 69.0846
208 49.9721 69.0692
782 49.8816 69.0521
855 49.7899 69.0349
94 49.706 69.019
632 49.6178 69.0024
857 49.5247 68.9849
779 49.42 68.9652
724 49.3204 68.9464
175 49.3204 68.9464
558 49.3204 68.9464
832 49.3204 68.9464
453 48.4351 68.348
976 47.4904 67.7095
540 46.6223 67.1228
21 45.7386 66.5254
596 46.0631 66.1353
101 46.4441 65.6774
804 46.7097 65.3582
498 46.9934 65.0172
163 47.2168 64.7486
410 47.4862 64.4248
264 47.7741 64.0787
597 48.0681 63.7254
286 48.3475 63.3895
468 48.5716 63.1201
809 48.7872 62.8611
923 49.962 61.449
793 50.8879 60.3361
577 51.7002 59.3598
945 52.4759 58.4274
186 53.0792 57.7023
188 53.6639 56.9995
519 54.2401 56.307
396 54.7806 55.6573
492 55.283 55.0536
262 55.7773 54.4594
276 56.2703 53.8668
843 56.9745 53.2417
875 57.7344 52.5672
870 58.4623 51.921
485 59.0493 51.3999
538 59.6533 50.8637
293 60.3077 50.2828
623 61.0312 49.6405
850 61.7594 48.9942
675 61.7594 48.9942
314 61.7594 48.9942
377 61.7594 48.9942
117 62.2115 49.0768
357 62.6336 49.1538
644 63.0634 49.2323
907 63.5081 49.3135
466 63.9531 49.3947
102 63.9788 49.3994
232 64.004 49.404
606 64.0276 49.4083
70 64.0526 49.4129
926 64.0789 49.4177
767 64.1047 49.4224
29 64.1304 49.4271
85 64.1304 49.4271
35 64.1304 49.4271
842 64.7862 49.4244
978 65.3831 49.422
217 66.2046 49.4186
323 68.6087 49.4088
941 70.6482 49.4005
838 72.563 49.3927
195 72.8924 49.3914
583 73.1944 49.3902
190 73.5046 49.3889
592 73.9127 49.3872
274 74.2858 49.3857
656 74.5851 49.3845
143 74.9216 49.3831
932 75.3476 49.3814
920 75.7148 49.3799
942 76.0326 49.3786
553 76.9073 49.375
670 77.8628 49.3712
334 79.0165 49.3664
684 81.0441 49.3582
745 81.2912 49.3572
425 81.6437 49.3557
506 82.0383 49.3541
387 82.3295 49.3529
242 82.646 49.3516
170 82.9549 49.3504
967 83.2024 49.3494
835 83.4795 49.3482
609 83.7535 49.3471
977 84.2984 49.3449
107 84.8486 49.3426
884 85.3109 49.3408
951 85.7507 49.339
198 86.2014 49.3371
136 86.6704 49.3352
497 87.1572 49.3332
590 86.8723 39.0887
98 86.7432 34.4486
33 86.6684 31.7598
520 86.5853 28.7691
243 86.3326 19.6845
345 86.3126 18.9656
979 86.2908 18.1792
483 86.2746 17.5973
627 86.2536 17.5983
260 86.2318 17.5994
