0,345,979,483,627,243,504,721,260,777,176,819,103,6,55,781,45,581,959,24,295,598,785,555,821,358,355,458,377,606,634,43,357,466,623,314,644,906,217,870,675,716,594,875,978,262,117,873,751,935,865,828,681,831,209,586,27,164,467,197,250,419,19,421,289,930,414,379,934,853,160,191,834,307,26,573,363,287,111,337,626,883,822,261,351,518,407,310,653,709,899,602,439,284,246,702,669,704,643,787,8,641,221,836,268,488,722,881,362,629,61,812,331,646,572,299,211,254,673,674,348,402,412,682,4,963,187,258,710,74,794,661,366,588,455,741,65,612,943,64,121,205,125,474,486,902,915,829,824,354,700,283,423,212,133,514,86,32,898,770,863,312,330,154,46,328,499,936,463,496,758,182,542,698,87,384,534,214,565,100,949,142,78,391,858,341,352,663,10,731,958,985,476,990,228,616,123,303,148,373,841,652,222,909,805,489,128,157,749,174,47,849,122,57,708,527,166,116,925,607,734,207,347,381,14,219,517,234,218,667,784,677,970,329,338,131,81,505,747,764,972,34,733,691,132,336,196,760,938,897,482,507,279,701,903,266,729,901,846,601,927,756,876,543,705,788,809,493,965,587,720,403,981,422,957,778,302,413,233,797,382,349,599,49,633,324,59,451,735,510,640,79,956,104,269,267,11,388,706,783,748,38,438,811,475,688,480,908,278,723,679,664,549,790,7,545,891,619,508,529,655,397,535,151,869,37,147,771,180,525,452,276,989,844,356,917,687,194,522,862,257,922,603,913,512,63,804,127,342,848,281,461,155,566,692,69,66,396,577,519,597,843,492,186,923,472,793,235,84,968,286,471,743,208,85,216,855,558,765,810,498,798,101,80,945,370,621,30,732,912,54,237,89,210,839,576,137,596,410,404,929,264,365,484,56,175,683,791,270,910,523,976,134,986,779,540,676,459,533,645,291,225,171,163,112,724,649,562,416,335,582,319,94,921,659,144,755,564,252,21,614,591,689,715,390,226,561,60,253,124,73,327,757,608,574,294,662,241,878,872,2,428,550,16,454,697,167,359,635,490,604,954,537,730,571,971,501,308,526,524,275,500,114,503,130,726,162,703,680,739,376,772,630,948,600,99,552,3,728,321,556,991,325,443,220,224,890,457,796,361,665,966,436,694,560,400,546,570,657,445,939,77,589,272,879,502,799,277,119,192,427,531,255,686,371,717,830,955,300,554,426,446,615,203,178,75,792,547,678,399,815,346,433,825,168,429,585,90,169,298,860,637,699,39,263,988,213,435,200,405,401,106,236,914,199,736,969,380,227,115,750,973,13,827,868,711,240,719,718,93,693,444,301,905,108,48,88,244,339,184,487,95,447,386,568,479,153,628,759,953,885,316,304,557,442,944,946,495,886,833,183,888,364,113,982,639,892,31,374,398,924,50,326,551,411,97,658,431,247,58,1,789,950,138,780,803,916,418,41,333,360,960,712,249,469,631,491,424,448,288,714,695,768,15,933,17,593,456,521,462,28,92,76,776,753,871,859,761,651,96,231,611,409,766,974,265,271,738,752,36,696,368,392,795,919,610,786,120,430,877,44,139,20,441,806,306,309,256,672,808,150,146,296,578,638,807,141,223,248,215,343,516,305,156,746,814,940,189,773,918,292,394,437,613,181,874,539,172,53,642,193,206,563,415,952,947,840,530,636,126,408,406,82,737,754,259,548,22,5,861,449,62,536,165,774,23,541,569,961,72,230,470,129,763,707,532,389,866,239,375,434,911,105,559,896,980,320,624,882,344,40,713,202,511,584,42,817,313,856,992,395,575,229,887,280,880,245,618,984,118,816,823,567,801,185,177,367,481,9,782,931,857,690,800,465,460,622,845,775,851,632,509,317,179,769,369,744,140,12,297,71,962,290,826,895,904,477,238,513,453,894,91,350,109,617,802,671,605,987,315,432,832,188,161,468,293,595,68,485,964,515,420,762,907,282,625,847,190,583,440,647,727,102,393,173,900,656,650,850,538,478,35,668,110,67,334,70,842,553,143,425,242,932,926,977,767,340,867,975,332,838,684,385,852,201,383,528,648,740,159,152,654,378,18,937,579,51,837,818,83,417,813,666,580,864,742,983,464,353,251,158,494,52,273,854,318,149,544,820,285,620,135,145,685,889,372,893,322,725,25,473,928,311,660,450,204,198,497,884,136,941,506,107,609,232,745,835,387,592,195,670,920,170,951,942,967,29,323,274,590,520,33,98,
value : 528.958 running time : 37.889315
0 80 20
345 83.4344 16.2721
979 83.9115 15.7543
483 84.3401 15.2891
627 84.3401 15.2891
243 83.4845 15.2231
504 77.2434 14.742
721 76.7876 14.7068
260 76.3763 14.6751
777 71.1716 14.2738
176 70.3699 14.212
819 69.6636 14.1575
103 69.6636 14.1575
6 66.276 23.6487
55 65.4518 25.9577
781 65.1993 26.6652
45 64.9971 27.2316
581 64.8738 27.5772
959 64.6855 28.1048
24 64.4911 28.6492
295 64.245 29.3388
598 63.9167 30.2585
785 63.1163 32.5012
555 63.1163 32.5012
821 63.0605 32.9124
358 63.0058 33.3146
355 62.9545 33.6931
458 62.9046 34.0608
377 62.8571 34.4107
606 62.8104 34.7542
634 62.7708 35.046
43 62.7313 35.3376
357 62.6935 35.6159
466 62.6594 35.8672
623 58.9035 38.9555
314 58.8118 39.0308
644 58.7095 39.1149
906 58.6087 39.1977
217 58.5159 39.2741
870 58.4229 39.3505
675 58.3372 39.4209
716 58.2409 39.5001
594 58.1528 39.5725
875 58.0609 39.6481
978 57.9754 39.7184
262 57.8869 39.7911
117 57.8869 39.7911
873 54.5667 37.8088
751 54.5183 37.7799
935 54.47 37.751
865 54.4262 37.7249
828 54.3856 37.7007
681 54.3414 37.6743
831 54.2967 37.6476
209 52.2787 36.6777
586 50.5268 35.8356
27 49.9063 35.5372
164 49.2316 35.2127
467 48.6097 34.9136
197 48.2101 34.7214
250 47.783 34.5161
419 47.3645 34.3147
19 46.8958 34.2693
421 46.3865 34.22
289 45.9102 34.1739
930 45.4404 34.1284
414 37.8908 33.3961
379 37.6801 32.0521
934 37.5027 30.9207
853 37.3632 30.0304
160 37.1951 28.9583
191 37.0247 27.8712
834 36.8161 26.5407
307 36.5756 25.0069
26 36.349 23.5611
573 36.1425 22.2441
363 35.9801 21.2084
287 35.8635 20.4642
111 35.7835 19.9538
337 35.6992 19.4159
626 35.6142 18.8735
883 35.5259 18.31
822 35.4361 17.7371
261 35.3295 17.0568
351 35.1795 16.1004
518 35.0545 15.3025
407 34.6029 15.3522
310 34.1626 15.4006
653 33.6916 15.4524
709 30.5014 15.8031
899 28.0661 16.0709
602 27.4982 16.1333
439 27.4752 16.1358
284 27.4527 16.1383
246 27.4304 16.1408
702 27.4077 16.1433
669 27.3867 16.1456
704 27.3644 16.148
643 27.338 16.1509
787 27.3133 16.1536
8 26.6958 16.2216
641 26.0735 16.2902
221 25.7218 16.3289
836 17.389 16.3289
268 16.6559 16.252
488 14.9066 15.6793
722 13.2377 15.133
881 13.1393 15.1008
362 13.0484 15.071
629 12.9568 15.041
61 12.8693 15.0124
812 12.7893 14.9862
331 12.7815 15.6868
646 12.7754 16.2341
572 12.7689 16.8176
299 12.765 17.1698
211 12.762 17.4416
254 12.7586 17.7413
673 12.7553 18.0454
674 12.7523 18.3195
348 12.749 18.6099
402 12.7457 18.9147
412 12.7425 19.2021
682 12.7392 19.4968
4 12.7356 19.8209
963 12.7356 19.8209
187 12.7356 19.8209
258 12.805 20.2576
710 12.8721 20.6793
74 12.9385 21.0973
794 12.9991 21.4791
661 13.6413 21.9697
366 14.2416 22.4283
588 14.8571 22.8985
455 15.5363 23.4173
741 16.391 24.0705
65 17.1943 24.6845
612 17.8237 25.1654
943 17.8237 25.1654
64 17.8237 25.1654
121 17.5592 25.5296
205 17.3034 25.8818
125 17.0886 26.1775
474 16.9122 26.4203
486 16.7336 26.6662
902 16.5529 26.9149
915 16.3593 27.1815
829 16.1494 27.4704
824 15.9476 27.7481
354 15.3256 28.6047
700 14.4291 29.8395
283 13.7273 30.806
423 13.1929 31.5418
212 12.7999 32.0829
133 12.5528 32.4231
514 12.2999 32.7712
86 12.0704 33.0872
32 11.8829 33.3453
898 11.6787 33.6264
770 11.5172 35.4662
863 11.4102 36.6858
312 11.3172 37.7452
330 11.2434 38.5858
154 11.1749 39.3659
46 11.1201 39.9894
328 11.0635 40.6345
499 11.007 41.2775
936 10.9548 41.8721
463 10.9153 42.3229
496 10.879 42.7358
758 10.8424 43.1525
182 10.8092 43.5312
542 10.7789 43.8754
698 10.7516 44.1867
87 10.7299 44.4342
384 10.7002 44.7716
534 10.6668 45.152
214 10.6341 45.5244
565 10.6202 45.683
100 10.6133 45.7623
949 10.6068 45.8353
142 10.5997 45.9168
78 10.5931 45.9919
391 10.5852 46.0821
858 10.5852 46.0821
341 10.5852 46.0821
352 10.5852 46.0821
663 10.5852 46.0821
10 10.5852 46.0821
731 10.5852 46.0821
958 10.5852 46.0821
985 10.5852 46.0821
476 10.5396 46.399
990 10.4953 46.707
228 10.4477 47.0376
616 10.3983 47.3814
123 10.3451 47.7508
303 10.2877 48.1504
148 10.2407 48.4766
373 10.1851 48.8635
841 10.1312 49.2383
652 10.0773 49.6131
222 10.0204 50.0084
909 9.96221 50.4129
805 9.9029 50.8252
489 9.84776 51.2086
128 9.7926 51.5921
157 9.72957 52.0302
749 9.6647 52.4813
174 9.59494 52.9662
47 9.51868 53.4964
849 9.4417 54.0315
122 9.36972 54.532
57 9.30428 54.9869
708 9.23099 55.4964
527 9.15863 55.9995
166 9.08441 56.5155
116 9.00943 57.0368
925 8.65222 59.5197
607 8.26217 62.2308
734 8.1279 63.1642
207 8.0025 64.0359
347 8.21915 63.9716
381 8.43399 63.9078
14 8.67592 63.836
219 8.92921 63.7609
517 9.16752 63.6902
234 9.43318 63.6113
218 9.71066 63.529
667 9.97084 63.4518
784 10.3894 63.3276
677 10.808 63.2034
970 11.186 63.0912
329 11.581 62.974
338 11.9115 62.876
131 12.2772 62.7674
81 12.6483 62.6573
505 13.0067 62.551
747 13.467 62.5167
764 13.9795 62.4785
972 14.4682 62.4421
34 14.9853 62.4036
733 15.42 62.3712
691 15.7313 62.3481
132 16.046 62.3246
336 16.3415 62.3027
196 16.6435 62.2802
760 16.9588 62.2567
938 17.3504 62.2275
897 17.6975 62.2017
482 18.0226 62.1775
507 18.3818 62.1508
279 18.6993 62.1271
701 19.0378 62.1019
903 19.398 62.0751
266 19.7112 62.0518
729 20.4812 61.3714
901 21.1604 60.7713
846 21.7704 60.2322
601 22.4144 59.6632
927 23.1608 59.0037
756 24.6978 57.6455
876 26.0276 56.4705
543 26.0529 56.4481
705 26.0757 56.428
788 26.1008 56.4057
809 26.1279 56.3818
493 26.1491 56.3631
965 26.1689 56.3456
587 26.1909 56.3262
720 26.2147 56.3051
403 26.2389 56.2837
981 26.2615 56.2638
422 26.2864 56.2418
957 26.3142 56.2172
778 26.3432 56.1916
302 26.3672 56.1704
413 26.3894 56.1507
233 26.4088 56.1336
797 26.4308 56.1141
382 26.4524 56.0951
349 26.4751 56.075
599 26.5005 56.0526
49 26.5283 56.028
633 26.5489 56.0098
324 26.5703 55.9909
59 26.5919 55.9718
451 26.6132 55.953
735 26.637 55.932
510 26.662 55.9099
640 26.6857 55.8889
79 26.709 55.8683
956 26.7342 55.8461
104 26.7632 55.8205
269 27.155 54.3108
267 27.5123 52.934
11 27.9066 51.4145
388 28.2045 50.2667
706 28.4457 49.3373
783 28.6402 48.5884
748 28.8138 47.9197
38 28.9788 47.2841
438 29.1367 46.6762
811 29.2944 46.0689
475 29.4314 45.5412
688 29.5734 44.9942
480 29.7369 44.3647
908 29.8572 43.9013
278 30.0008 43.3483
723 30.0008 43.3483
679 30.0008 43.3483
664 30.0008 43.3483
549 30.0008 43.3483
790 30.0008 43.3483
7 30.0008 43.3483
545 30.0008 43.3483
891 30.0008 43.3483
619 30.0008 43.3483
508 30.0008 43.3483
529 30.0008 43.3483
655 30.0008 43.3483
397 30.0008 43.3483
535 30.0008 43.3483
151 30.0008 43.3483
869 30.0008 43.3483
37 30.0008 43.3483
147 30.0008 43.3483
771 30.0008 43.3483
180 32.2096 44.1238
525 34.0702 44.7774
452 36.1185 45.4967
276 37.8496 46.1047
989 38.9515 46.4919
844 40.0565 46.8801
356 40.0565 46.8801
917 40.0565 46.8801
687 40.0565 46.8801
194 40.0565 46.8801
522 40.0565 46.8801
862 40.0565 46.8801
257 40.0565 46.8801
922 40.1747 47.0386
603 40.2796 47.1793
913 40.3866 47.3227
512 41.2545 48.4861
63 42.1087 49.6309
804 42.8315 50.5997
127 42.8849 50.5503
342 42.9408 50.4987
848 42.9936 50.45
281 43.0402 50.4069
461 43.0943 50.3569
155 43.1529 50.3029
566 43.2079 50.2521
692 43.2612 50.2029
69 43.9037 50.1906
66 44.5139 50.1789
396 46.8611 56.7663
577 46.895 56.9968
519 46.9263 57.21
597 46.9593 57.4342
843 46.9908 57.6491
492 47.0256 57.8856
186 47.0655 58.157
923 47.1056 58.4304
472 47.146 58.7053
793 47.2089 59.133
235 47.2732 59.5701
84 47.3283 59.9451
968 47.3799 60.2964
286 47.4265 60.6136
471 47.4756 60.9472
743 47.5282 61.3054
208 47.579 61.6508
85 47.499 61.6547
216 47.4035 61.6594
855 47.3084 61.6641
558 47.2113 61.6688
765 47.1172 61.6734
810 47.0376 61.6773
498 46.9429 61.682
798 46.8488 61.6866
101 46.7511 61.6913
80 46.6508 61.6963
945 46.6507 61.6963
370 46.0188 61.737
621 45.4162 61.7758
30 44.8346 61.8133
732 44.279 61.849
912 43.7339 61.8841
54 43.2181 61.9173
237 42.6974 61.9508
89 42.2215 61.9814
210 42.2653 62.2509
839 42.313 62.5436
576 42.365 62.8632
137 42.4155 63.1739
596 42.4698 63.5072
410 42.5239 63.8398
404 42.5757 64.1585
929 42.6263 64.4691
264 42.6949 64.8907
365 42.7629 65.3086
484 42.8333 65.7411
56 42.9 66.1515
175 42.9679 66.5686
683 43.0377 66.9974
791 43.1083 67.4316
270 43.1803 67.874
910 43.185 67.9028
523 43.1899 67.9328
976 43.1949 67.9638
134 43.1995 67.9921
986 43.2042 68.0206
779 43.2085 68.0472
540 43.2131 68.0752
676 43.2171 68.0999
459 43.2213 68.1259
533 43.2256 68.152
645 43.2304 68.1818
291 43.3758 69.0755
225 43.5398 70.0844
171 43.7082 71.1199
163 43.8871 72.2199
112 44.0838 73.4292
724 44.22 74.2666
649 44.3589 75.1207
562 44.4814 75.8741
416 44.5967 76.583
335 44.5967 76.583
582 44.1814 76.5689
319 43.6794 76.5519
94 43.1613 76.5343
921 42.5484 76.5136
659 41.8476 76.4899
144 41.0814 76.464
755 40.3145 76.438
564 39.4864 76.4101
252 38.5821 76.3796
21 37.7079 76.3501
614 36.9419 76.3242
591 36.1531 76.2975
689 35.4257 76.2729
715 34.7116 76.2487
390 33.7715 76.217
226 33.3169 76.6538
561 32.8597 77.0931
60 32.4012 77.5336
253 31.9445 77.9724
124 31.5553 78.3464
73 31.1626 78.7237
327 31.1626 78.7237
757 31.1626 78.7237
608 31.1626 78.7237
574 31.1626 78.7237
294 31.1626 78.7237
662 31.055 78.6435
241 30.9498 78.565
878 30.832 78.4772
872 30.7239 78.3966
2 30.6162 78.3163
428 30.5051 78.2335
550 30.3854 78.1442
16 30.2705 78.0585
454 30.1565 77.9735
697 30.0441 77.8897
167 29.9318 77.806
359 29.8123 77.7168
635 29.7109 77.6412
490 29.6147 77.5695
604 29.5112 77.4923
954 29.4101 77.4169
537 29.3053 77.3388
730 29.2016 77.2615
571 29.0964 77.183
971 28.9922 77.1053
501 28.8973 77.0346
308 28.8046 76.9654
526 24.9574 75.7079
524 21.3767 74.5374
275 20.2664 74.1742
500 19.1455 73.8076
114 18.1065 73.4678
503 17.4399 73.2497
130 16.8282 73.0496
726 16.2505 72.8606
162 15.6012 72.6482
703 14.9648 72.44
680 14.7737 72.3774
739 14.5768 72.313
376 14.3827 72.2495
772 14.2106 72.1932
630 14.0394 72.1371
948 13.8696 72.0816
600 13.7078 72.0286
99 13.5269 71.9694
552 13.3174 71.9009
3 13.0939 71.8278
728 12.8996 71.7642
321 12.7243 71.7068
556 12.5431 71.6475
991 12.3718 71.5915
325 12.2145 71.54
443 12.0379 71.4822
220 11.8101 71.4076
224 11.5467 71.3215
890 11.3546 71.2586
457 11.1921 71.2054
796 11.0309 71.1527
361 10.8506 71.0937
665 10.642 71.0254
966 10.4553 70.9643
436 10.3098 70.9167
694 10.1412 70.8616
560 9.99914 70.8151
400 9.82495 70.7581
546 9.64014 70.6976
570 9.49734 70.6509
657 9.49734 70.6509
445 9.49733 70.6509
939 9.49733 70.6509
77 9.49733 70.6509
589 9.49733 70.6509
272 9.49732 70.6509
879 9.49732 70.6508
502 9.49732 70.6508
799 9.49732 70.6508
277 9.49731 70.6508
119 9.49731 70.6508
192 9.49731 70.6508
427 9.49731 70.6508
531 9.4973 70.6508
255 9.48478 71.389
686 9.47084 72.2107
371 9.45715 73.0181
717 9.43828 74.1281
830 9.41119 75.7187
955 9.38937 77.0018
300 9.37018 78.1316
554 9.36209 78.6097
426 9.35401 79.0871
446 9.34623 79.5465
615 9.34024 79.9015
203 9.33409 80.2651
178 9.32797 80.627
75 9.32175 80.9946
792 9.31536 81.3721
547 9.3092 81.7363
678 9.30362 82.0663
399 9.30262 82.1256
815 9.30159 82.1868
346 9.30065 82.243
433 9.29956 82.3072
825 9.29849 82.3709
168 9.29734 82.4386
429 9.29612 82.5109
585 9.26393 84.4008
90 9.26393 84.4008
169 9.26393 84.4008
298 9.26393 84.4008
860 9.33376 85.1115
637 9.42906 86.0811
699 9.51756 86.9817
39 9.60505 87.872
263 9.675 88.584
988 9.75021 89.3494
213 9.79997 89.3498
435 9.92522 89.3506
200 10.0465 89.3514
405 10.1619 89.3521
401 10.2804 89.3529
106 10.4037 89.3537
236 10.5361 89.3546
914 10.6564 89.3553
199 10.7824 89.3562
736 10.9076 89.357
969 11.0349 89.3578
380 11.1754 89.3587
227 11.3356 89.3598
115 11.3684 89.2415
750 11.3994 89.129
973 11.4358 88.9977
13 11.4713 88.869
827 11.5065 88.7416
868 11.5466 88.5966
711 11.593 88.4289
240 11.6446 88.2423
719 11.6894 88.0804
718 11.7334 87.9211
93 11.7775 87.7618
693 11.8204 87.6064
444 11.8658 87.4425
301 11.9094 87.2847
905 11.9557 87.1173
108 11.9998 86.9577
48 12.0459 86.7912
88 12.0905 86.6298
244 12.1336 86.4739
339 12.1764 86.3191
184 12.2112 86.1931
487 12.244 86.0746
95 12.2725 85.9715
447 12.3018 85.8652
386 12.3337 85.75
568 12.3673 85.6284
479 12.4057 85.4896
153 12.4057 85.4895
628 12.4057 85.4895
759 12.4058 85.4894
953 12.4058 85.4894
885 12.4058 85.4893
316 12.4832 85.1821
304 12.5611 84.8732
557 12.6471 84.5323
442 12.7365 84.1774
944 12.8363 83.7816
946 12.9284 83.4161
495 12.9877 83.1811
886 13.0502 82.9334
833 13.1086 82.7017
183 13.3037 81.9273
888 13.7589 80.1197
364 13.7726 80.0653
113 13.8302 79.8369
982 13.8797 79.6407
639 13.9364 79.4158
892 14.0659 79.2615
31 14.2071 79.0933
374 14.3556 78.9165
398 14.5069 78.7363
924 14.6335 78.5855
50 14.7093 78.4953
326 14.9693 78.1856
551 15.219 77.8882
411 15.4796 77.5779
97 15.5305 78.053
658 15.592 78.6256
431 15.6568 79.23
247 15.7216 79.8337
58 15.7688 80.2737
1 15.814 80.6957
789 15.8361 80.9016
950 15.9376 81.8474
138 16.0767 83.1418
780 16.0803 83.1762
803 16.0844 83.2145
916 17.7178 84.2913
418 19.3789 85.3863
41 20.6473 86.2224
333 21.8009 86.9829
360 23.2297 87.9247
960 25.6721 89.5349
712 25.8484 89.6511
249 26.0405 89.7777
469 26.252 89.9171
631 26.5199 90.0937
491 26.7439 90.2414
424 26.9584 90.3827
448 27.2137 90.551
288 27.2137 90.551
714 27.2137 90.551
695 27.2137 90.551
768 27.2137 90.551
15 27.2137 90.551
933 27.2137 90.551
17 27.2137 90.551
593 27.2137 90.551
456 27.2137 90.551
521 27.2137 90.551
462 27.2137 90.551
28 27.2137 90.551
92 27.2137 90.551
76 27.2137 90.551
776 27.2137 90.551
753 27.5397 90.5785
871 27.914 90.61
859 28.3528 90.647
761 28.8005 90.6848
651 29.2571 90.7232
96 29.7953 90.7686
231 30.3048 90.8115
611 30.7539 90.8494
409 31.2567 90.8917
766 31.9089 90.9467
974 31.9089 90.9467
265 31.9089 90.9467
271 31.9089 90.9467
738 31.9089 90.9467
752 31.9089 90.9467
36 31.9089 90.9467
696 31.9089 90.9467
368 31.9089 90.9467
392 31.9089 90.9467
795 31.9089 90.9467
919 31.9089 90.9467
610 31.9089 90.9467
786 31.9089 90.9467
120 31.9089 90.9467
430 31.9089 90.9467
877 31.9089 90.9467
44 31.9089 90.9467
139 31.9089 90.9467
20 31.9089 90.9467
441 31.9089 90.9467
806 31.9094 90.7731
306 31.9099 90.5869
309 31.9104 90.4055
256 31.9109 90.2174
672 31.9115 90.0197
808 31.912 89.8214
150 31.9125 89.6301
146 31.9131 89.4434
296 31.9136 89.2534
578 31.9141 89.0661
638 33.3202 89.0981
807 34.7495 89.1306
141 35.7157 89.1526
223 36.756 89.1764
248 40.0525 89.2509
215 40.2225 89.2548
343 40.394 89.2587
516 40.5631 89.2626
305 40.7134 89.266
156 40.8616 89.2694
746 41.0014 89.2726
814 41.13 89.2756
940 41.256 89.2785
189 41.3436 89.2805
773 41.4384 89.2827
918 41.5633 89.2856
292 41.7184 89.2891
394 41.8685 89.2926
437 42.0188 89.296
613 42.1641 89.2993
181 42.3293 89.3031
874 42.501 89.3071
539 42.6641 89.3108
172 42.8236 89.3145
53 42.9965 89.3184
642 43.1801 89.3226
193 43.3462 89.3264
206 43.5085 89.3302
563 43.6833 89.3342
415 43.963 89.5104
952 44.2189 89.6716
947 44.4292 89.8041
840 44.6276 89.9291
530 44.8832 90.0901
636 45.1405 90.2523
126 45.4018 90.4169
408 45.679 90.5915
406 45.9367 90.7539
82 46.1978 90.9184
737 46.5333 91.1297
754 46.5118 91.129
259 46.4877 91.1282
548 46.4581 91.1273
22 46.4358 91.1265
5 46.418 91.126
861 46.3996 91.1254
449 46.3783 91.1247
62 46.3605 91.1241
536 46.3399 91.1234
165 46.3189 91.1227
774 46.3 91.1221
23 46.2793 91.1214
541 46.2543 91.1206
569 46.2279 91.1197
961 46.2061 91.119
72 46.1791 91.1181
230 46.1561 91.1174
470 46.1351 91.1167
129 46.3433 91.0406
763 46.5433 90.9675
707 46.7354 90.8974
532 47.1523 90.7451
389 47.56 90.5961
866 47.997 90.4365
239 48.4637 90.266
375 48.9341 90.0942
434 49.4819 89.8941
911 50.021 89.6971
105 50.2266 89.622
559 50.4544 89.5388
896 50.7894 89.4165
980 51.1017 89.3024
320 51.3874 89.198
624 51.6773 89.0921
882 51.9826 88.9806
344 52.3502 88.8463
40 52.7899 88.6857
713 53.1993 88.5361
202 53.7887 88.3208
511 54.3041 88.1326
584 55.3349 87.756
42 56.4396 87.3525
817 57.0376 87.134
313 57.0941 87.0039
856 57.1494 86.8763
992 57.2185 86.717
395 57.2944 86.5421
575 57.3617 86.387
229 57.427 86.2364
887 57.4872 86.0976
280 57.5484 85.9566
880 57.6065 85.8224
245 57.6632 85.6918
618 57.7192 85.5628
984 57.7792 85.4242
118 57.8424 85.2785
816 57.9066 85.1307
823 57.9692 84.9864
567 58.034 84.837
801 58.0998 84.6852
185 58.1589 84.5489
177 58.2358 84.3716
367 58.3169 84.1848
481 58.4089 83.9727
9 58.483 83.8019
782 58.5495 83.6484
931 58.6131 83.5019
857 58.6782 83.3518
690 58.7294 83.2337
800 58.7884 83.0976
465 58.8419 82.9743
460 58.8965 82.8484
622 58.9448 82.737
845 58.9967 82.6175
775 60.1904 79.8692
851 60.1904 79.8692
632 60.2461 79.702
509 60.3031 79.5311
317 60.3572 79.3688
179 60.4106 79.2086
769 60.4687 79.0342
369 60.5269 78.8597
744 60.5871 78.6788
140 60.6417 78.5152
12 60.7022 78.3335
297 60.7669 78.1395
71 60.8315 77.9456
962 60.8922 77.7634
290 60.1674 77.8162
826 59.7139 77.8492
895 59.7139 77.8492
904 59.7139 77.8492
477 59.7139 77.8492
238 55.7254 74.9592
513 55.2291 74.5997
453 54.8093 74.2956
894 54.4386 74.0271
91 54.1813 73.8408
350 53.9154 73.6481
109 54.5577 73.0037
617 55.1727 72.3869
802 55.7562 71.8016
671 56.5182 71.0371
605 57.3098 70.243
987 58.0819 69.4685
315 58.8791 68.6688
432 59.8037 67.7413
832 60.9502 66.5911
188 63.1732 64.3603
161 63.2677 64.2847
468 63.3752 64.1987
293 63.4956 64.1024
595 63.6085 64.0122
68 63.7194 63.9235
485 63.828 63.8366
964 63.9277 63.7569
515 64.0364 63.67
420 64.1525 63.5772
762 64.2538 63.4961
907 64.3644 63.4077
282 64.4703 63.323
625 64.6324 63.1934
847 64.8001 63.0592
190 65.0185 62.8846
583 65.2139 62.7284
440 65.3558 62.6149
647 65.5168 62.4861
727 65.6794 62.3561
102 65.8675 62.2058
393 66.0277 62.0776
173 66.1997 61.9401
900 66.3937 61.785
656 66.5866 61.6308
650 66.7613 61.4911
850 66.9436 61.3453
538 67.1002 61.22
478 67.2636 61.0893
35 67.4264 60.9591
668 67.6242 60.801
110 67.8671 60.6068
67 68.1041 60.4173
334 68.3709 60.2039
70 68.6128 60.0106
842 68.8488 59.8218
553 69.0706 59.6445
143 69.2713 59.4841
425 71.9026 60.1143
242 72.8528 60.3419
932 72.8528 60.3419
926 72.8528 60.3419
977 72.8428 60.5926
767 72.8306 60.9017
340 72.8198 61.1734
867 73.2721 61.2529
975 73.723 61.3321
332 74.1825 61.4129
838 74.1825 61.4129
684 74.1825 62.5291
385 74.1825 64.7955
852 74.1826 66.286
201 74.1826 67.912
383 74.1826 69.9463
528 74.1827 72.7469
648 74.1828 75.3373
740 74.1828 76.131
159 74.1828 76.7386
152 74.1828 77.1685
654 74.1828 78.3662
378 74.1829 80.2936
18 74.2217 80.6389
937 74.2647 81.0206
579 74.3054 81.3825
51 74.3544 81.8187
837 74.416 82.3653
818 74.5044 83.151
83 74.6004 84.0041
417 74.7211 85.0766
813 74.8647 86.3518
666 74.992 87.4829
580 75.1046 88.4832
864 75.1343 88.7479
742 75.1686 89.0522
983 75.2072 89.3949
464 75.2072 89.3949
353 75.2208 89.3921
251 75.2343 89.3894
158 75.2487 89.3864
494 75.2631 89.3835
52 75.2754 89.381
273 75.2892 89.3781
854 75.332 89.3694
318 75.3709 89.3614
149 75.4116 89.3531
544 75.4558 89.3441
820 75.5059 89.3338
285 75.5483 89.3251
620 75.5944 89.3157
135 76.7077 89.088
145 77.8782 88.8486
685 83.949 87.607
889 85.507 87.2883
372 86.7457 87.035
893 86.7457 87.035
322 86.7457 87.035
725 86.7457 87.035
25 86.7457 87.035
473 86.7457 87.035
928 86.7457 87.035
311 86.0462 79.8565
660 85.6999 76.3033
450 85.4 73.2263
204 85.1019 70.1676
198 84.3703 62.6597
497 84.1891 60.8014
884 83.3577 58.9833
136 82.6529 57.4423
941 82.066 56.1591
506 81.6315 55.2091
107 81.0691 53.9796
609 79.8866 51.3934
232 79.5771 50.7169
745 79.5462 50.6493
835 79.5246 50.602
387 79.5246 50.602
592 79.5246 50.602
195 79.5246 50.602
670 79.5246 50.602
920 79.5246 50.602
170 79.5246 50.602
951 78.5354 50.431
942 77.3186 50.2204
967 77.8925 47.8796
29 78.5752 45.0939
323 79.2311 42.418
274 79.9397 39.527
590 80.6711 36.5429
520 81.1819 34.4594
33 81.689 32.3904
98 82.1798 30.3886
