0,979,103,260,721,598,819,504,24,295,176,581,777,323,314,634,821,377,959,555,831,419,781,6,55,45,675,594,458,27,751,358,785,217,716,828,865,19,945,870,452,356,790,844,848,194,355,164,160,69,421,692,681,843,467,155,289,257,834,822,379,787,307,934,209,250,935,873,26,64,586,824,363,407,246,709,626,573,351,518,261,287,653,111,310,337,704,669,915,899,474,741,702,211,902,643,254,8,331,348,682,402,588,187,674,629,366,488,881,812,61,646,722,362,412,514,330,794,455,963,572,258,898,499,74,749,128,423,805,652,47,116,122,849,708,312,936,303,463,222,214,565,212,489,972,770,771,909,341,283,958,373,46,100,86,87,157,328,228,154,384,863,731,616,133,710,65,700,836,985,990,949,123,10,4,268,439,602,299,354,661,673,284,121,641,943,869,829,549,664,883,811,783,612,205,278,679,221,191,151,414,529,853,862,461,480,917,989,566,876,486,543,496,397,324,525,535,438,11,633,38,687,7,413,748,403,508,908,778,706,619,723,78,858,125,32,913,756,422,589,663,352,336,142,510,505,391,476,534,938,475,655,797,174,37,182,279,841,758,542,148,764,524,493,698,388,267,839,233,603,269,688,929,302,49,922,459,359,903,34,599,735,640,788,451,957,897,349,30,720,545,733,587,59,79,705,326,697,971,645,137,327,596,715,308,878,2,404,662,730,796,431,927,500,167,757,482,275,600,162,184,825,339,886,658,657,16,950,924,479,635,376,113,411,390,526,846,398,81,329,901,574,501,99,965,361,888,382,601,429,701,130,552,255,925,219,677,218,131,981,956,502,772,879,507,57,531,527,703,691,784,166,192,747,234,680,739,347,630,272,338,3,114,966,799,77,970,667,400,119,132,457,717,277,97,734,196,760,607,517,948,890,694,445,665,298,207,169,75,381,224,830,939,371,153,955,892,728,637,108,346,860,503,31,686,203,557,718,554,178,240,436,90,699,944,433,14,399,560,316,615,220,628,447,364,991,803,736,719,301,693,17,426,95,446,551,93,427,639,556,168,374,321,300,263,444,969,759,905,827,953,401,39,1,570,546,780,247,916,982,405,138,325,15,988,933,236,213,750,585,106,380,815,792,547,678,914,868,568,199,435,200,712,711,593,776,409,442,96,48,973,696,58,183,288,753,44,244,871,41,386,249,578,227,424,88,443,695,487,608,550,859,304,919,50,495,368,761,20,714,631,611,456,13,115,521,462,768,428,490,885,491,610,960,22,146,613,569,795,738,172,766,786,707,265,974,752,72,306,441,430,73,28,120,448,833,651,954,223,253,638,231,92,392,230,150,808,36,76,333,469,271,806,60,418,872,296,360,252,266,256,124,724,773,604,789,726,946,591,537,454,689,171,21,564,270,141,406,305,215,144,309,659,918,189,840,292,226,672,470,755,181,62,165,105,713,139,206,239,536,807,539,548,416,882,618,375,53,5,559,156,866,389,763,896,449,961,511,313,624,874,877,541,984,464,911,746,532,434,992,23,952,690,544,259,367,516,774,408,177,737,584,344,856,202,353,845,251,666,149,285,817,42,854,280,851,887,118,980,620,622,273,318,185,823,465,813,52,580,567,983,740,494,322,725,928,135,893,820,685,25,372,660,473,889,450,311,204,684,528,332,977,506,238,595,744,290,904,975,962,579,818,650,173,152,648,654,229,393,68,837,110,83,67,727,477,145,937,51,378,71,159,742,864,158,335,801,395,317,847,297,900,417,775,481,315,575,800,208,857,832,18,432,987,112,91,769,245,754,343,513,140,986,509,642,460,369,816,12,294,671,931,814,129,649,193,126,530,179,394,241,248,82,319,802,947,415,109,782,40,632,861,563,320,437,562,163,350,855,940,880,636,826,895,921,9,582,976,798,440,186,793,968,498,85,396,188,484,791,676,453,605,617,216,478,647,286,907,732,523,264,804,621,94,779,964,577,468,810,161,175,291,540,561,910,558,894,225,80,614,56,571,729,237,282,410,683,522,147,89,54,809,891,365,104,765,912,597,533,235,134,84,576,281,743,101,63,370,471,492,180,342,210,923,519,262,127,472,625,512,197,276,66,930,978,906,875,842,623,485,70,644,357,35,117,538,102,926,767,143,942,293,762,515,668,420,340,867,838,852,201,385,334,107,136,884,198,941,932,920,387,383,497,170,242,850,29,609,466,190,656,274,583,425,43,553,670,195,606,232,520,967,951,592,745,835,590,483,243,33,627,98,345,
value : 568.79 running time : 23.695872
0 80 20
979 76.3501 15.381
103 72.9503 11.0788
260 72.9503 11.0788
721 71.7865 13.2451
598 70.6082 15.438
819 69.6055 17.3046
504 68.9089 18.6014
24 68.2483 19.8314
295 67.609 21.0217
176 66.9741 22.2038
581 66.0405 23.9417
777 65.051 25.7836
323 61.9335 31.5814
314 61.1561 31.8437
634 60.3652 32.1106
821 59.5708 32.3786
377 58.7807 32.6452
959 57.9513 32.925
555 56.9856 33.2509
831 56.0076 33.5809
419 54.9598 33.9345
781 54.7165 34.0426
6 54.4664 34.1537
55 54.2103 34.2674
45 53.9489 34.3835
675 53.6633 34.5104
594 53.2051 34.714
458 52.7258 34.927
27 52.2354 35.1449
751 51.7422 35.3641
358 51.2373 35.5885
785 50.6638 35.8434
217 50.0757 36.1048
716 49.4296 36.392
828 48.7466 36.6956
865 47.9694 37.0411
19 47.1669 37.3979
945 46.3442 37.7637
870 46.3442 37.7637
452 46.3441 37.7637
356 46.3441 37.7637
790 46.3441 37.7637
844 46.3441 37.7637
848 46.3441 37.7637
194 46.3441 37.7637
355 46.3441 37.7637
164 46.3441 37.7637
160 45.715 37.7056
69 45.7296 37.7762
421 45.7419 37.8355
692 45.7548 37.8979
681 45.7685 37.9641
843 45.7818 38.0284
467 45.1552 36.6439
155 44.5679 35.3456
289 43.8743 33.8128
257 43.199 32.3204
834 42.559 30.9059
822 41.9411 29.5405
379 41.3823 28.3052
787 40.8512 27.1311
307 40.4059 26.1467
934 40.3428 26.0072
209 40.2803 25.8688
250 40.2158 25.7259
935 40.1492 25.5786
873 39.8836 24.9911
26 39.4176 23.961
64 38.9436 22.9133
586 38.5692 22.0855
824 38.1231 21.0994
363 37.7385 20.2491
407 37.4011 19.5031
246 37.1047 18.8476
709 36.8323 18.2453
626 36.5488 17.6182
573 36.2628 16.9857
351 35.9841 16.3695
518 35.7142 15.7726
261 35.191 15.759
287 34.6129 15.744
653 34.0109 15.7284
111 33.0307 15.7031
310 31.9725 15.6758
337 30.7747 15.645
704 29.2381 15.6055
669 27.4237 15.559
915 25.4188 15.5076
899 23.5929 15.4608
474 22.0003 15.4199
741 20.5747 15.3832
702 19.822 15.3637
211 19.0579 15.344
902 18.3299 15.3251
643 17.5699 15.3055
254 16.7365 15.2839
8 15.8448 15.2609
331 14.888 15.2363
348 14.3903 15.2234
682 13.9027 15.2107
402 13.4391 15.1987
588 12.9737 15.1866
187 12.5182 15.1748
674 12.5182 15.1748
629 12.5182 15.1748
366 12.5182 15.1748
488 12.5182 15.1748
881 12.5182 15.1748
812 12.5182 15.1748
61 12.4724 15.5137
646 12.4308 15.8209
722 12.3906 16.1188
362 11.9879 19.0984
412 11.549 22.3457
514 10.6953 28.6617
330 10.2737 31.7809
794 10.2406 32.0257
455 10.2057 32.2845
963 10.1633 32.5981
572 10.1066 33.0181
258 10.0447 33.4756
898 9.93433 34.2927
499 9.74597 35.6865
74 9.68662 36.1258
749 9.15766 40.0394
128 8.95409 41.5459
423 8.82092 42.5315
805 8.66895 43.6561
652 8.56762 44.406
47 8.46569 45.1604
116 8.38201 45.7797
122 8.31122 46.3035
849 8.31122 46.3035
708 8.31122 46.3035
312 8.31122 46.3035
936 8.31122 46.3035
303 8.31122 46.3035
463 8.31122 46.3035
222 8.31122 46.3035
214 8.31122 46.3035
565 8.31122 46.3035
212 8.38087 45.9547
489 8.44878 45.6147
972 8.51839 45.2662
770 8.61071 44.8038
771 8.70343 44.3395
909 8.79554 43.8782
341 8.8895 43.4076
283 8.9854 42.9272
958 9.07991 42.4539
373 9.17456 41.98
46 9.27195 41.4922
100 9.37081 40.9971
86 9.55431 40.0771
87 9.55431 40.0771
157 9.55431 40.0771
328 9.7155 39.8164
228 9.88885 39.536
154 10.0619 39.2562
384 10.2477 38.9557
863 10.4354 38.6521
731 10.6271 38.342
616 10.8279 38.0172
133 11.0374 37.6784
710 11.2258 37.3737
65 11.3832 37.1191
700 11.5312 36.8798
836 11.6821 36.6357
985 11.8094 36.4297
990 11.9351 36.2264
949 12.064 36.0179
123 12.2399 35.7334
10 12.4322 35.4224
4 12.6298 35.1028
268 15.2935 32.7156
439 17.7144 30.546
602 17.7144 30.546
299 17.7144 30.546
354 18.3687 30.499
661 18.8989 30.461
673 19.4443 30.4219
284 20.7638 30.3272
121 21.6078 30.2667
641 22.4419 30.2069
943 23.3693 30.1404
869 24.4427 30.0634
829 25.4218 29.9932
549 26.5228 29.9142
664 27.6572 29.8328
883 28.7822 29.7521
811 29.4013 32.5243
783 29.7803 34.2218
612 29.8886 34.7069
205 29.9997 35.2048
278 30.1151 35.7217
679 30.2419 36.2897
221 30.3597 36.8174
191 30.5436 37.6409
151 30.7538 38.5823
414 30.9561 39.4885
529 31.1424 40.3229
853 31.3602 41.2984
862 31.7359 42.9811
461 32.065 44.4551
480 31.6133 44.3963
917 31.1274 44.3331
989 30.5689 44.2605
566 29.9445 44.1792
876 29.1606 44.0772
486 28.3019 43.9654
543 28.2448 44.0059
496 28.1899 44.0449
397 28.1437 44.0777
324 28.0946 44.1125
525 28.0512 44.1433
535 28.0063 44.1752
438 27.9609 44.2074
11 27.9155 44.2396
633 27.8678 44.2735
38 27.8273 44.3022
687 27.7853 44.332
7 27.7407 44.3636
413 27.6881 44.401
748 27.6381 44.4365
403 27.5854 44.4739
508 27.5387 44.507
908 27.4888 44.5424
778 27.4455 44.5731
706 27.4004 44.6051
619 27.3486 44.6419
723 27.2937 44.6808
78 27.2398 44.7191
858 27.1867 44.7568
125 27.142 44.7885
32 26.0656 46.2768
913 24.6692 48.2076
756 23.2649 50.1495
422 22.0516 51.8271
589 21.0027 53.2773
663 21.0027 53.2773
352 21.0027 53.2773
336 21.0027 53.2773
142 21.0027 53.2773
510 21.0027 53.2773
505 21.0027 53.2773
391 21.0027 53.2773
476 21.0027 53.2773
534 21.0027 53.2773
938 21.0027 53.2773
475 21.0027 53.2773
655 21.0027 53.2773
797 21.0027 53.2773
174 21.0027 53.2773
37 21.0027 53.2773
182 21.0027 53.2773
279 21.0027 53.2773
841 21.0027 53.2773
758 21.0531 53.3591
542 21.1049 53.4433
148 21.1562 53.5267
764 21.2142 53.6209
524 21.269 53.7099
493 22.7617 53.3685
698 23.2103 53.2656
388 23.6358 53.168
267 23.7914 53.4025
839 23.9387 53.6246
233 24.0621 53.8107
603 24.1828 53.9927
269 24.3016 54.1719
688 24.4193 54.3494
929 24.5361 54.5255
302 24.6438 54.6879
49 24.7533 54.853
922 26.7691 60.0539
459 28.9266 65.6201
359 28.9093 65.681
903 28.8923 65.7411
34 28.8754 65.8003
599 28.8588 65.8588
735 28.8421 65.9174
640 28.8255 65.976
788 28.8086 66.0354
451 28.7915 66.0958
957 28.7746 66.1552
897 28.7573 66.2159
349 28.7404 66.2755
30 28.7236 66.3348
720 28.7057 66.3977
545 28.688 66.4599
733 28.5996 66.7721
587 28.5089 67.0921
59 28.4101 67.4407
79 28.3006 67.8271
705 28.1913 68.2128
326 27.9388 69.1066
697 27.9387 69.1066
971 27.9387 69.1067
645 27.9387 69.1067
137 27.9387 69.1068
327 27.9387 69.1068
596 27.9387 69.1069
715 27.9387 69.1069
308 27.563 70.4082
878 27.2092 71.6333
2 26.8697 72.8087
404 26.5964 72.7358
662 26.1993 72.63
730 25.758 72.5125
796 25.3075 72.3925
431 24.945 72.2959
927 24.5904 72.2014
500 24.2472 72.1099
167 23.9393 72.0278
757 23.3491 71.8706
482 22.7122 71.701
275 22.211 71.5675
600 21.7205 71.4368
162 21.2361 71.3078
184 20.7802 71.1863
825 20.3337 71.0673
339 19.8925 70.9498
886 19.4488 70.8315
658 18.9845 70.7078
657 18.5069 70.5806
16 18.5069 70.5806
950 18.4984 70.4717
924 18.4899 70.3631
479 18.4814 70.2546
635 18.4729 70.1448
376 18.4646 70.0389
113 18.4563 69.9326
411 18.4478 69.8245
390 18.4393 69.7152
526 18.2971 69.5556
846 18.1553 69.3963
398 18.012 69.2353
81 17.8707 69.0767
329 17.73 68.9187
901 17.5886 68.7599
574 17.4456 68.5993
501 17.2789 68.4121
99 17.0597 68.1659
965 16.8359 67.9144
361 16.5962 67.6452
888 16.3504 67.3691
382 16.0855 67.0714
601 15.7856 66.7345
429 15.4743 66.3847
701 15.1589 66.0303
130 14.8386 65.6703
552 14.5091 65.3001
255 14.1803 64.9306
925 13.8859 64.5996
219 13.673 64.3605
677 13.4652 64.1271
218 13.2636 63.9007
131 13.2636 63.9007
981 13.2636 63.9007
956 13.2636 63.9007
502 13.2636 63.9007
772 13.2636 63.9007
879 13.2636 63.9007
507 13.2636 63.9007
57 11.051 61.7782
531 11.014 61.9849
527 10.9768 62.1936
703 10.9341 62.4323
691 10.8921 62.6673
784 10.8493 62.9064
166 10.8068 63.1443
192 10.7541 63.4393
747 10.7023 63.7288
234 10.6502 64.0204
680 10.5963 64.322
739 10.5447 64.6105
347 10.4936 64.8966
630 10.4405 65.1933
272 10.3887 65.4834
338 10.3375 65.7694
3 10.287 66.0523
114 10.2363 66.3359
966 10.1852 66.6214
799 10.1363 66.8951
77 10.0875 67.168
970 10.0383 67.4434
667 9.98927 67.7175
400 9.941 67.9876
119 9.89448 68.2478
132 9.84793 68.5083
457 9.79938 68.7798
717 9.75334 69.0374
277 9.70686 69.2975
97 9.66024 69.5583
734 9.61389 69.8177
196 9.56646 70.0831
760 9.50982 70.3998
607 9.44558 70.759
517 9.38126 71.1186
948 9.31579 71.4847
890 9.25099 71.847
694 9.19059 72.1848
445 9.13035 72.5217
665 9.07001 72.8592
298 9.00937 73.1982
207 8.94961 73.5324
169 8.89007 73.8653
75 8.89007 73.8653
381 8.89007 73.8653
224 8.89007 73.8653
830 8.89007 73.8653
939 8.89007 73.8653
371 9.11461 74.7866
153 9.56347 76.6286
955 9.609 76.8153
892 9.65292 76.9954
728 9.69399 77.1639
637 9.73957 77.3508
108 9.76264 77.4454
346 9.7829 77.5285
860 9.80467 77.6178
503 9.82702 77.7094
31 9.85156 77.81
686 9.87371 77.9009
203 9.90063 78.0113
557 9.92732 78.1208
718 9.9407 78.1757
554 9.95303 78.2262
178 9.9665 78.2815
240 9.98031 78.3381
436 9.99419 78.395
90 10.0078 78.4508
699 10.0223 78.5105
944 10.0346 78.5606
433 10.0471 78.612
14 10.0598 78.664
399 10.1127 78.8812
560 10.1583 79.0683
316 10.2049 79.2594
615 10.2462 79.4285
220 10.2886 79.6026
628 10.3424 79.8229
447 10.3952 80.0396
364 10.4318 80.1898
991 10.4643 80.3232
803 10.5034 80.4834
736 10.5377 80.624
719 10.5714 80.7624
301 10.6062 80.9049
693 10.6391 81.0398
17 10.6703 81.1679
426 10.6595 81.1583
95 10.6507 81.1504
446 10.6414 81.1422
551 10.6313 81.1331
93 10.6217 81.1246
427 10.6096 81.1138
639 10.5868 81.4774
556 10.5602 81.9014
168 10.5325 82.3441
374 10.5019 82.8337
321 10.4697 83.3481
300 10.4358 83.8907
263 10.4036 84.406
444 10.3727 84.8996
969 10.3417 85.3951
759 10.3131 85.8526
905 10.2837 86.3213
827 10.2537 86.8016
953 10.2412 87.0005
401 10.229 87.1957
39 10.2165 87.3937
1 10.2053 87.5729
570 10.194 87.752
546 10.1823 87.9394
780 10.1702 88.1312
247 10.1572 88.3385
916 10.1446 88.5404
982 10.1312 88.7528
405 10.1178 88.9678
138 10.1053 89.1658
325 10.0932 89.3591
15 10.0801 89.5687
988 10.0745 89.6566
933 10.1048 89.6541
236 10.13 89.6521
213 10.1543 89.6502
750 10.3251 89.6365
585 10.4924 89.6231
106 10.671 89.6088
380 10.8555 89.594
815 11.0518 89.5783
792 11.2407 89.5632
547 11.4375 89.5474
678 11.644 89.5309
914 11.8629 89.5134
868 12.0861 89.4956
568 12.3599 89.4737
199 12.6362 89.4516
435 12.918 89.4291
200 13.6692 89.3692
712 14.5139 89.3019
711 15.3564 89.2347
593 16.3784 89.1534
776 17.2685 89.0825
409 18.1545 89.0119
442 18.6167 88.975
96 19.0862 88.9375
48 19.1543 88.932
973 19.2289 88.926
696 19.3094 88.9196
58 19.3837 88.9136
183 19.4583 88.9077
288 19.5334 88.9016
753 19.6077 88.8957
44 19.6831 88.8896
244 19.7556 88.8838
871 19.8314 88.8777
41 19.9068 88.8717
386 19.9768 88.866
249 20.0542 88.8598
578 20.1309 88.8537
227 20.2038 88.8478
424 20.2789 88.8418
88 20.3515 88.836
443 20.427 88.8299
695 20.6049 88.8627
487 20.7846 88.8958
608 21.0097 88.9373
550 21.2341 88.9787
859 21.4528 89.019
304 21.6589 89.057
919 23.0898 89.3209
50 23.3164 89.3627
495 23.5503 89.4058
368 23.826 89.4566
761 24.1054 89.5081
20 24.3752 89.5579
714 24.5978 89.5989
631 24.8326 89.6422
611 25.0492 89.6821
456 25.2408 89.7174
13 25.4356 89.7533
115 25.6599 89.7947
521 25.9156 89.8418
462 26.1607 89.887
768 26.5511 89.9589
428 26.9393 90.0305
490 27.3081 90.0985
885 27.693 90.1695
491 28.0987 90.2442
610 28.6179 90.34
960 29.1608 90.4401
22 29.6422 90.5289
146 30.0614 90.6061
613 30.4523 90.6782
569 30.8076 90.7437
795 31.0821 90.7943
738 31.3773 90.8487
172 31.6433 90.8977
766 31.9089 90.9467
786 31.9089 90.9467
707 31.9089 90.9467
265 31.9089 90.9467
974 31.9089 90.9467
752 31.9089 90.9467
72 31.9089 90.9467
306 31.9089 90.9467
441 31.9089 90.9467
430 31.8534 90.705
73 31.791 90.4336
28 31.7286 90.162
120 31.6631 89.8766
448 31.5969 89.5885
833 31.524 89.2713
651 31.4539 88.9659
954 31.3814 88.6504
223 31.3172 88.371
253 31.257 88.1089
638 31.1975 87.8499
231 31.1382 87.5918
92 31.078 87.3302
392 31.0174 87.0661
230 30.9551 86.7952
150 30.8905 86.514
808 30.8248 86.2281
36 30.7524 85.9127
76 30.6732 85.5679
333 30.594 85.2231
469 30.5197 84.8995
271 30.4578 84.6302
806 30.3854 84.3152
60 30.3128 83.9989
418 30.2409 83.6859
872 30.1704 83.379
296 30.1 83.0728
360 30.0295 82.7659
252 29.9847 82.571
266 29.9385 82.3696
256 29.8989 82.1974
124 29.8577 82.0184
724 29.8173 81.8425
773 29.7971 81.7548
604 29.7754 81.6602
789 29.7543 81.5686
726 29.734 81.4803
946 30.3099 81.33
591 31.3566 81.0567
537 32.1365 80.8531
454 33.0821 80.6063
689 34.0926 80.3425
171 35.125 80.073
21 35.1431 80.0975
564 35.8702 81.0822
270 36.6083 82.082
141 37.3472 83.0828
406 38.0423 84.0241
305 38.2143 84.2572
215 38.3576 84.4514
144 38.5022 84.6474
309 38.7086 84.9271
659 38.8947 85.1793
918 39.0813 85.4322
189 39.2678 85.6848
840 39.462 85.9481
292 39.6615 86.2183
226 39.8653 86.4946
672 40.1558 86.888
470 40.4542 87.2924
755 40.7463 87.6881
181 41.0673 88.123
62 41.3392 88.4914
165 41.4688 88.6671
105 41.5939 88.8365
713 41.6968 88.976
139 41.7978 89.1128
206 42.4741 89.0998
239 43.1373 89.0871
536 43.8043 89.0743
807 44.4722 89.0614
539 45.1226 89.0489
548 45.7861 89.0362
416 46.5384 89.0217
882 47.2852 89.0073
618 47.3775 89.0056
375 47.4573 89.004
53 47.5404 89.0024
5 47.6345 89.0006
559 47.729 88.9988
156 47.8266 88.997
866 47.9181 88.9952
389 48.012 88.9934
763 48.1109 88.9915
896 48.2141 88.9895
449 48.3017 88.9878
961 48.4023 88.9859
511 48.5027 88.984
313 48.6012 88.9821
624 48.6897 88.9804
874 48.7718 88.9788
877 48.9822 88.9748
541 50.7995 88.9399
984 53.1299 88.8951
464 54.79 88.8632
911 54.9837 88.8595
746 55.1696 88.8559
532 55.374 88.852
434 55.7424 88.8449
992 56.1781 88.8365
23 56.5843 88.8287
952 57.1965 88.817
690 57.823 88.8049
544 58.4518 88.7928
259 58.4818 88.7923
367 58.5142 88.7916
516 58.5466 88.791
774 58.5822 88.7903
408 58.6188 88.7896
177 58.6612 88.7888
737 58.6978 88.7881
584 58.734 88.7874
344 58.7697 88.7868
856 59.5295 88.7723
202 60.3367 88.7569
353 61.1321 88.7417
845 61.4747 88.7352
251 61.807 88.7288
666 62.0507 88.7242
149 62.231 88.7208
285 62.3151 88.7192
817 62.3967 88.7176
42 62.4789 88.7161
854 62.5614 88.7145
280 62.619 88.7134
851 62.9625 88.7069
887 63.3716 88.6991
118 63.8257 88.6904
980 64.321 88.681
620 65.0536 88.667
622 65.7737 88.6533
273 66.5024 88.6394
318 67.2496 88.6251
185 67.9779 88.6112
823 68.8793 88.594
465 69.8003 88.5764
813 70.747 88.5584
52 71.7086 88.54
580 72.7904 88.5194
567 73.6119 88.5037
983 78.3201 88.4134
740 78.8203 88.4038
494 79.3411 88.3939
322 79.8612 88.384
725 80.3602 88.3745
928 80.8724 88.3647
135 80.9245 88.2942
893 81.3505 87.7186
820 81.8917 86.9874
685 83.9446 84.2144
25 85.2136 82.5001
372 86.0881 81.3185
660 85.977 81.0421
473 85.8833 80.809
889 85.7713 80.5301
450 84.7898 78.0883
311 84.1198 76.4211
204 83.2225 74.1885
684 82.0794 71.3444
528 81.9317 70.9771
332 81.7697 70.5739
977 81.5982 70.1472
506 81.4788 69.8501
238 71.5181 71.5394
595 71.5677 71.7899
744 71.6233 72.0708
290 71.6774 72.3444
904 71.7317 72.6189
975 71.7883 72.9047
962 71.8436 73.1842
579 71.9002 73.4699
818 71.9557 73.7506
650 72.0093 74.0212
173 72.0785 74.3708
152 72.1576 74.7709
648 72.24 75.1874
654 70.6497 75.1563
229 69.0915 75.1258
393 69.0915 75.1258
68 69.0915 75.1258
837 69.046 75.5249
110 69.0014 75.9158
83 68.9365 76.4842
67 68.8719 77.0502
727 68.7638 77.9967
477 68.6519 78.9757
145 68.62 79.2555
937 68.5911 79.5089
51 68.5628 79.7577
378 68.5331 80.018
71 68.5027 80.2843
159 68.4715 80.5586
742 68.4422 80.8155
864 68.4148 81.0557
158 68.3882 81.2893
335 67.64 80.1522
801 67.6094 80.1057
395 67.5801 80.0612
317 67.5508 80.0166
847 67.5197 79.9694
297 67.4934 79.9294
900 67.4642 79.885
417 66.5002 79.9036
775 65.4533 79.9239
481 64.3617 79.9451
315 63.2668 79.9664
575 62.1987 79.9871
800 61.1317 80.0078
208 60.0959 80.0278
857 59.2653 80.0439
832 58.4789 80.0591
18 57.6992 80.0741
432 56.9169 80.0892
987 56.1235 80.1045
112 55.3282 80.1199
91 54.5327 80.1353
769 53.7315 80.1507
245 52.9287 80.1662
754 52.1353 80.1815
343 51.3395 80.1969
513 51.3395 80.1969
140 51.3395 80.1969
986 51.3395 80.1969
509 51.3395 80.1969
642 51.2028 80.1942
460 51.0682 80.1916
369 50.9183 80.1887
816 50.7666 80.1857
12 50.6004 80.1824
294 50.4309 80.1791
671 50.2649 80.1758
931 50.0947 80.1725
814 49.1031 80.1533
129 48.1443 80.1348
649 48.1432 80.1347
193 48.1422 80.1347
126 48.1412 80.1347
530 48.1401 80.1347
179 48.139 80.1347
394 48.1377 80.1347
241 48.1669 80.0561
248 48.1991 79.9696
82 48.2296 79.8876
319 48.2603 79.8052
802 48.2921 79.7197
947 48.3225 79.6381
415 48.3539 79.5536
109 48.3865 79.4661
782 48.4156 79.3879
40 48.4442 79.311
632 48.4746 79.2293
861 48.5033 79.1523
563 48.532 79.0752
320 48.5604 78.9989
437 48.5893 78.9212
562 49.7581 75.778
163 50.8969 72.7157
350 50.9555 72.5915
855 51.0174 72.4607
940 51.0757 72.3373
880 51.1387 72.2039
636 51.2132 72.0462
826 51.2985 71.8657
895 51.3906 71.6708
921 51.4868 71.4674
9 51.585 71.2594
582 51.6818 71.0545
976 51.7786 70.8497
798 52.7085 68.8792
440 53.4573 67.2926
186 54.1327 65.8617
793 54.2033 65.7122
968 54.2702 65.5708
498 54.3409 65.4212
85 54.4066 65.282
396 54.4627 65.1634
188 54.4627 65.1634
484 54.4627 65.1634
791 54.4627 65.1634
676 54.4627 65.1634
453 54.4627 65.1634
605 54.4627 65.1634
617 54.4627 65.1634
216 54.4627 65.1634
478 54.4627 65.1634
647 53.9595 65.408
286 53.3656 65.6967
907 52.6857 66.0272
732 51.4411 66.6319
523 51.0824 66.8063
264 50.7866 66.9502
804 50.5125 67.0834
621 50.2701 67.2013
94 50.0311 67.3175
779 49.7977 67.431
964 49.5806 67.5366
577 49.3409 67.6531
468 49.0248 67.8068
810 48.6939 67.9677
161 47.6842 68.4584
175 46.3075 69.1274
291 45.2757 69.6288
540 44.454 70.0283
561 43.7204 70.3848
910 43.2098 69.7618
558 42.7013 69.1413
894 42.2105 68.5423
225 41.7178 67.9411
80 41.2195 67.3329
614 40.7121 66.7138
56 39.4457 65.169
571 38.1694 63.6121
729 36.9645 62.1424
237 38.6461 60.9767
282 41.612 58.9208
410 41.612 58.9208
683 41.6121 58.9208
522 41.6121 58.9208
147 41.6121 58.9208
89 41.6121 58.9208
54 41.6121 58.9208
809 41.6121 58.9208
891 41.6121 58.9208
365 41.6121 58.9208
104 41.6121 58.9208
765 41.6121 58.9208
912 41.6121 58.9208
597 41.6121 58.9208
533 41.6121 58.9208
235 41.6121 58.9208
134 41.6121 58.9208
84 45.0408 56.129
576 45.4471 55.7985
281 45.8572 55.4649
743 46.2824 55.119
101 46.7154 54.7668
63 47.1496 54.4136
370 47.4457 54.1728
471 47.7404 53.9331
492 48.0336 53.6945
180 48.335 53.4494
342 48.6441 53.1981
210 48.9593 52.9417
923 49.2784 52.6822
519 49.5936 52.4258
262 49.911 52.1676
127 50.2365 51.9029
472 50.5808 51.6228
625 50.9357 51.3342
512 51.3063 51.0328
197 51.6695 50.7373
276 51.9318 50.7628
66 52.202 50.7891
930 52.4835 50.8165
978 53.177 51.126
906 53.8755 51.4378
875 54.7231 51.8161
842 55.6093 52.2116
623 56.3474 52.541
485 57.0698 52.8634
70 57.7415 53.1633
644 58.3702 53.4439
357 58.9761 53.7144
35 59.5811 53.9845
117 60.1711 54.2478
538 60.7504 54.5065
102 61.3122 54.7572
926 61.8353 54.9908
767 62.3361 55.2144
143 62.8211 55.4309
942 63.3012 55.6452
293 63.7724 55.8556
762 64.246 56.0671
515 64.7891 56.3095
668 65.3587 56.5638
420 65.9881 56.8447
340 66.609 57.1219
867 70.0292 57.4934
838 72.7335 57.6075
852 74.2504 57.672
201 75.7061 57.7338
385 77.1278 57.7942
334 78.5236 57.3202
107 80.0433 56.8041
136 80.4066 56.6807
884 80.7429 56.5664
198 81.0397 56.4655
941 81.326 56.3683
932 81.6829 56.247
920 82.0419 56.125
387 82.4039 56.002
383 82.7733 55.8765
497 83.9831 55.4657
170 82.6932 54.3832
242 81.0201 52.979
850 79.1523 51.4113
29 77.5241 50.0448
609 76.1741 48.9118
466 74.9794 47.9093
190 73.8599 46.9699
656 73.5973 46.7333
274 73.0095 46.2035
583 72.3575 45.6158
425 71.6971 45.0205
43 71.0385 44.4267
553 71.9807 44.1027
670 72.9122 43.7823
195 73.867 43.4539
606 74.8447 43.1177
232 76.2068 42.6491
520 77.5768 42.1777
967 77.972 42.0419
951 78.3722 41.9043
592 79.2151 39.9665
745 80.3774 37.2942
835 81.9702 33.6318
590 84.4259 27.9845
483 88.2872 19.1037
243 87.6385 19.9312
33 86.5344 21.3392
627 86.5344 21.3392
98 86.5344 21.3392
345 84.3948 20.9005
