0,345,979,260,627,483,243,98,520,590,33,835,387,592,609,45,117,745,274,932,143,926,920,485,850,70,190,656,941,967,852,420,232,466,425,583,670,195,29,102,152,684,385,201,553,334,497,951,838,242,107,506,884,198,977,136,170,332,450,204,660,528,372,311,725,740,648,889,685,25,580,864,813,742,820,135,318,854,251,666,322,893,473,983,928,818,775,158,816,481,937,931,494,845,285,992,823,544,620,817,273,149,353,947,71,18,567,51,159,317,417,83,145,465,383,975,579,515,67,393,964,340,907,987,837,460,962,605,595,654,744,440,968,727,290,867,650,538,900,110,904,942,35,68,847,668,238,478,810,832,779,762,986,216,647,582,782,791,235,294,563,861,173,229,406,636,91,94,802,484,315,453,857,335,369,671,575,109,378,801,259,112,9,509,208,800,477,395,40,880,12,408,126,313,245,887,297,280,755,763,896,856,179,52,42,156,624,305,746,532,618,367,320,774,911,984,202,177,185,511,434,344,541,62,239,713,622,464,882,584,980,921,564,248,415,118,23,690,737,754,432,940,769,632,144,82,851,146,513,642,826,562,140,530,559,895,215,539,193,814,292,437,649,319,952,416,548,448,919,840,172,53,309,961,22,72,659,230,129,569,766,613,375,206,516,536,165,5,105,389,449,394,960,874,610,866,181,265,139,877,470,392,752,974,738,707,786,343,808,631,120,15,753,859,13,441,885,651,456,521,871,695,768,50,699,28,491,271,92,368,430,20,714,306,611,409,247,231,593,41,418,184,442,36,761,115,557,227,712,58,988,301,827,380,106,750,776,435,969,495,88,973,213,304,200,405,138,199,815,914,868,628,39,585,263,637,711,386,17,95,183,300,792,933,462,236,401,678,953,447,982,364,803,916,547,178,570,615,568,361,93,469,168,502,429,48,796,169,759,944,153,75,892,554,321,736,108,718,436,693,444,1,719,830,360,31,90,426,446,556,316,240,325,244,905,424,918,696,490,886,428,833,487,167,253,431,697,658,550,16,2,288,150,76,249,44,561,252,614,189,96,773,241,73,124,454,806,333,540,638,526,578,574,946,730,954,226,672,256,141,795,807,872,223,724,296,60,825,757,635,326,113,950,399,457,701,339,132,97,879,888,524,601,500,482,220,162,3,233,726,443,119,131,665,772,686,560,747,427,376,970,219,503,346,398,680,338,400,479,589,608,780,955,433,694,551,298,991,14,667,948,203,657,728,445,546,224,255,517,703,234,207,607,381,734,799,639,890,81,277,966,374,860,347,739,47,849,218,272,114,34,630,939,784,717,196,371,382,192,565,677,691,925,527,652,981,130,422,341,336,972,841,463,77,531,352,708,328,863,731,499,128,122,166,116,214,100,157,279,423,534,805,123,228,312,489,46,936,909,154,985,663,87,384,700,65,723,10,78,949,616,174,990,476,475,655,770,505,749,57,771,760,698,542,324,182,373,222,956,451,729,303,640,735,599,929,79,59,545,137,89,496,758,938,552,705,390,587,688,633,764,846,689,537,788,897,957,927,329,910,662,104,359,411,733,349,720,30,839,809,507,924,99,965,275,327,501,971,600,903,266,291,901,571,596,645,878,789,604,21,404,350,56,80,715,163,270,308,591,171,225,976,676,533,894,523,765,617,282,798,134,683,855,365,576,804,281,410,922,180,370,459,732,54,175,891,558,862,783,264,269,237,510,267,342,923,512,621,101,461,471,756,778,522,493,127,566,147,188,945,597,498,186,492,843,472,210,912,84,625,293,161,743,793,468,623,217,43,875,85,594,978,262,767,286,577,396,519,606,644,358,675,681,848,155,906,66,69,989,811,209,257,935,716,687,194,692,278,586,790,467,706,421,38,853,356,535,388,913,876,438,480,549,397,191,679,414,151,7,525,49,413,908,32,797,142,603,858,302,403,543,391,748,37,508,11,664,612,486,205,619,379,160,529,869,661,834,787,148,121,86,710,283,330,958,212,898,836,125,514,133,331,268,74,4,794,646,362,412,963,673,258,572,187,455,61,812,588,641,299,674,741,366,211,348,682,722,881,629,402,488,902,829,64,709,602,439,254,643,284,246,474,307,354,221,943,111,8,883,915,626,702,407,287,704,310,337,573,26,824,822,899,261,363,351,669,518,581,55,819,959,831,164,289,934,250,653,865,873,828,555,419,917,19,276,452,197,355,844,377,785,63,870,930,27,6,314,458,751,634,357,781,842,821,323,598,24,504,295,721,176,777,103,
value : 524.556 running time : 52.874788
0 80 20
345 84.4256 18.183
979 85.2524 17.8435
260 85.9085 17.5741
627 86.0346 17.5223
483 86.1461 17.4765
243 85.8319 18.3562
98 83.1669 25.8196
520 81.4673 29.1271
590 80.0682 31.8494
33 78.4665 34.966
835 76.3377 39.1086
387 73.834 43.9814
592 73.834 43.9814
609 73.8339 43.9814
45 73.8339 43.9814
117 73.8478 45.3147
745 73.8562 46.1177
274 73.8647 46.9328
932 73.8738 47.8071
143 73.8833 48.7095
926 73.8926 49.6013
920 73.9019 50.4969
485 73.9111 51.3749
850 74.0977 51.5668
70 74.2837 51.7579
190 74.5044 51.9849
656 74.7448 52.2319
941 74.9801 52.4739
967 75.2105 52.7107
852 75.4355 52.9419
420 75.4929 53.001
232 75.5496 53.0593
466 75.6189 53.1306
425 75.8033 53.3201
583 75.9932 53.5153
670 76.1881 53.7156
195 76.448 53.9828
29 76.7336 54.2765
102 77.6907 55.2601
152 79.6464 57.2699
684 80.1018 57.738
385 80.5051 58.1526
201 80.629 58.2799
553 80.7518 58.4061
334 82.3047 60.002
497 84.8288 62.596
951 84.8288 62.596
838 84.8373 62.6872
242 84.8461 62.7831
107 84.8553 62.8823
506 84.8651 62.9884
884 84.8754 63.0989
198 84.8865 63.2196
977 84.8982 63.3462
136 84.9105 63.4781
170 85.0253 64.7128
332 85.2765 67.4092
450 85.5211 70.036
204 85.7482 72.4743
660 85.9679 74.8348
528 86.1844 77.1601
372 86.4181 79.6707
311 85.9121 80.3676
725 85.3551 81.1344
740 84.8632 81.812
648 84.3871 82.4675
889 83.9175 83.1142
685 83.4969 83.6934
25 83.045 84.3158
580 79.6257 89.0213
864 79.6049 89.0501
813 79.5841 89.0787
742 79.5634 89.1073
820 79.5426 89.1359
135 79.5222 89.164
318 79.5028 89.1908
854 79.5025 89.1912
251 79.5021 89.1917
666 79.5021 89.1917
322 79.5021 89.1917
893 79.5021 89.1917
473 79.5021 89.1917
983 79.5021 89.1917
928 79.5021 89.1917
818 76.5379 88.1939
775 74.495 87.5063
158 72.682 86.896
816 70.9751 86.3215
481 70.9672 86.3188
937 70.9593 86.3162
931 70.9514 86.3135
494 70.944 86.311
845 70.9359 86.3083
285 70.928 86.3056
992 70.9198 86.3029
823 70.9121 86.3003
544 70.9044 86.2977
620 70.8966 86.295
817 70.8886 86.2924
273 70.8807 86.2897
149 70.873 86.2871
353 68.1979 85.3868
947 63.0816 83.6647
71 63.7319 82.9707
18 64.3331 82.3292
567 64.9387 81.683
51 65.5654 81.0143
159 66.1899 80.3479
317 66.2722 79.533
417 66.358 78.6843
83 66.4468 77.8052
145 66.5403 76.8798
465 66.7952 74.3621
383 67.1457 70.9035
975 66.9005 70.692
579 66.6406 70.468
515 66.3744 70.2384
67 66.128 70.0259
393 65.8892 69.82
964 65.6601 69.6225
340 65.5343 69.514
907 65.413 69.4093
987 65.2966 69.309
837 65.1814 69.2096
460 65.0674 69.1113
962 64.9514 69.0112
605 64.8366 68.9122
595 64.72 68.8116
654 64.6019 68.7097
744 64.4845 68.6085
440 64.3658 68.5061
968 64.2461 68.4028
727 64.2461 68.4028
290 64.2461 68.4028
867 64.2461 68.4028
650 64.2461 68.4028
538 64.2461 68.4028
900 64.2461 68.4028
110 64.2461 68.4028
904 64.2461 68.4028
942 64.2461 68.4028
35 63.0152 68.9806
68 62.3407 69.2971
847 61.6644 69.6144
668 60.9517 69.9489
238 60.2109 70.2965
478 59.4437 70.6565
810 58.2202 71.2308
832 56.7629 71.9149
779 55.2547 72.6229
762 55.2547 72.6229
986 55.2547 72.6229
216 55.2547 72.6229
647 55.2547 72.6229
582 55.2345 72.9864
782 55.213 73.3724
791 55.1901 73.7841
235 55.1111 75.198
294 54.9713 77.6982
563 54.9713 77.6982
861 54.9713 77.6982
173 54.9713 77.6983
229 54.9713 77.6983
406 54.9713 77.6983
636 54.9713 77.6983
91 54.9713 77.6983
94 54.9713 77.6983
802 54.9713 77.6983
484 54.9713 77.6983
315 54.9687 77.8341
453 54.9661 77.9743
857 54.9623 78.1748
335 54.9585 78.3759
369 54.9546 78.5859
671 54.9505 78.8052
575 54.9465 79.0181
109 54.9422 79.2455
378 54.9382 79.4579
801 54.9341 79.6766
259 54.93 79.8993
112 54.9254 80.1426
9 54.921 80.3761
509 54.9166 80.6134
208 54.9119 80.8625
800 54.9028 81.3581
477 54.8937 81.85
395 54.8861 82.2616
40 54.8786 82.6635
880 54.8709 83.0773
12 54.8635 83.4756
408 54.8563 83.8645
126 54.849 84.2616
313 54.8422 84.6266
245 54.835 85.0109
887 54.828 85.3917
297 54.8209 85.7702
280 54.8136 86.1674
755 54.8064 86.5531
763 54.7751 88.2928
896 55.1925 88.6258
856 55.6264 88.972
179 56.0667 89.3232
52 56.4522 89.6308
42 56.3598 89.5883
156 56.2645 89.5445
624 56.1696 89.501
305 56.0764 89.4581
746 55.9856 89.4165
532 55.8964 89.3755
618 55.8129 89.3371
367 55.7308 89.2994
320 55.6501 89.2623
774 55.5679 89.2246
911 55.4847 89.1863
984 55.4004 89.1476
202 55.3163 89.109
177 55.23 89.0693
185 55.1423 89.0291
511 55.053 88.988
434 54.9619 88.9462
344 54.8682 88.9032
541 54.7703 88.8582
62 54.7461 88.8382
239 54.7217 88.8182
713 54.6971 88.7979
622 54.6719 88.7772
464 54.6156 88.7309
882 54.3999 88.5531
584 54.1095 88.3138
980 53.8027 88.0609
921 53.5022 87.8132
564 53.5022 87.8132
248 53.5022 87.8132
415 53.5022 87.8132
118 53.5022 87.8132
23 53.5022 87.8132
690 52.9628 87.0956
737 52.3942 86.3389
754 51.7195 85.4413
432 51.0376 84.5342
940 50.5575 84.578
769 50.0629 84.6232
632 49.2609 84.6964
144 47.6041 84.8475
82 47.2305 85.2116
851 46.8377 85.5942
146 46.4454 85.9765
513 46.351 86.0685
642 46.2086 86.2073
826 46.0625 86.3497
562 45.911 86.4973
140 45.7519 86.6524
530 45.5881 86.8121
559 45.4212 86.9747
895 45.3326 87.0611
215 45.2407 87.1506
539 45.1477 87.2413
193 45.0539 87.3328
814 44.9602 87.424
292 44.8666 87.5153
437 44.7734 87.6062
649 44.6801 87.6971
319 44.5858 87.7891
952 44.4918 87.8807
416 44.3973 87.9728
548 44.3042 88.0636
448 44.2151 88.1504
919 44.1343 88.2291
840 44.0615 88.3001
172 43.9898 88.3701
53 43.9193 88.4388
309 43.8521 88.5043
961 43.7864 88.5684
22 43.5137 88.5961
72 43.2343 88.6245
659 42.9418 88.6542
230 42.6897 88.6798
129 42.4263 88.7066
569 42.1692 88.7327
766 41.913 88.7587
613 41.6634 88.7841
375 41.4051 88.8103
206 41.152 88.836
516 40.8916 88.8624
536 40.6359 88.8884
165 40.3841 88.914
5 40.1229 88.9405
105 39.8153 88.9718
389 39.3222 89.022
449 38.8218 89.073
394 38.3177 89.1244
960 37.8222 89.1749
874 37.8222 89.1749
610 36.7721 89.2211
866 36.5348 89.2316
181 36.2957 89.2423
265 36.0514 89.2531
139 35.7987 89.2643
877 35.5383 89.2759
470 35.2818 89.2873
392 35.0204 89.2989
752 34.7555 89.3106
974 34.488 89.3225
738 34.2087 89.3349
707 33.9257 89.3475
786 33.6426 89.36
343 33.3445 89.3732
808 31.5307 89.4529
631 29.6852 89.5339
120 27.9532 89.6099
15 26.3265 89.6814
753 26.0686 89.6928
859 25.8172 89.704
13 25.5793 89.7146
441 25.3606 89.7243
885 25.1495 89.7337
651 24.945 89.7428
456 24.744 89.7517
521 24.5473 89.7604
871 24.3581 89.7689
695 24.1714 89.7772
768 23.9856 89.7854
50 23.8077 89.7933
699 23.6337 89.8011
28 23.544 89.8051
491 23.4576 89.809
271 23.3688 89.8129
92 23.2563 89.818
368 23.141 89.8231
430 23.0187 89.8286
20 22.8949 89.8341
714 22.7609 89.84
306 22.6232 89.8462
611 22.4838 89.8524
409 22.3332 89.8591
247 22.182 89.8658
231 22.0668 89.871
593 21.4411 89.8986
41 20.7664 89.9284
418 20.0512 89.9599
184 19.322 89.9921
442 18.5814 90.0248
36 17.8048 90.0591
761 16.9836 90.0953
115 16.0955 90.1344
557 15.1691 90.1752
227 14.1847 90.2186
712 13.1184 90.2656
58 12.0195 90.314
988 10.7436 90.3701
301 10.7436 90.3701
827 10.7436 90.3701
380 10.7436 90.3701
106 10.7436 90.3701
750 10.7436 90.3701
776 10.7436 90.3701
435 10.7436 90.3701
969 10.7436 90.3701
495 10.7436 90.3701
88 10.7436 90.3701
973 10.7436 90.3701
213 10.7436 90.3701
304 10.7749 90.2272
200 10.8081 90.076
405 10.8405 89.9283
138 10.8724 89.7824
199 10.9049 89.6344
815 10.9374 89.4862
914 10.9727 89.3251
868 11.0082 89.163
628 11.0421 89.0086
39 11.0801 88.8352
585 11.1169 88.6676
263 11.1535 88.5008
637 11.1921 88.3245
711 11.2328 88.139
386 11.2709 87.9651
17 11.3098 87.788
95 11.3491 87.6089
183 11.3898 87.4232
300 11.4327 87.2275
792 11.4741 87.0385
933 11.5191 86.8336
462 11.5632 86.6323
236 11.6083 86.4271
401 11.653 86.2232
678 11.7001 86.0083
953 11.7476 85.7916
447 11.7967 85.5679
982 11.8458 85.3445
364 11.8976 85.1083
803 11.9492 84.873
916 11.9997 84.643
547 12.055 84.391
178 12.1073 84.1527
570 12.1617 83.9049
615 12.2174 83.6508
568 12.2763 83.3827
361 12.3266 83.1532
93 12.377 82.9237
469 12.4225 82.7163
168 12.4658 82.5189
502 12.5091 82.3215
429 12.5091 82.3215
48 12.5091 82.3215
796 12.5091 82.3215
169 12.5091 82.3215
759 12.5091 82.3215
944 12.5091 82.3215
153 12.5091 82.3215
75 12.5091 82.3215
892 12.5091 82.3215
554 12.5091 82.3215
321 12.5245 82.3205
736 12.5398 82.3196
108 12.5552 82.3186
718 12.5706 82.3177
436 12.5862 82.3167
693 12.6018 82.3157
444 12.6174 82.3148
1 12.6332 82.3138
719 12.649 82.3128
830 12.665 82.3118
360 12.6821 82.3108
31 12.6988 82.3097
90 12.7156 82.3087
426 13.0199 82.29
446 13.3805 82.2679
556 13.7806 82.2433
316 14.2696 82.2133
240 14.8071 82.1804
325 15.5079 82.1374
244 16.2639 82.0911
905 17.059 82.0424
424 19.1937 81.912
918 21.2196 81.7882
696 21.4792 81.7723
490 21.7177 81.7576
886 21.9536 81.7431
428 22.1826 81.729
833 22.4065 81.7152
487 22.6321 81.7013
167 22.8513 81.6879
253 23.0697 81.6744
431 23.2863 81.6611
697 23.4974 81.6481
658 23.7082 81.6351
550 23.9169 81.6223
16 24.1225 81.6096
2 24.3262 81.5971
288 24.5233 81.585
150 24.7143 81.5732
76 24.7143 81.5732
249 24.7143 81.5732
44 24.7143 81.5732
561 29.2892 80.2724
252 29.2892 80.2724
614 29.2892 80.2724
189 29.2892 80.2724
96 29.2892 80.2724
773 29.3699 80.1413
241 29.4508 80.0097
73 29.5353 79.8723
124 29.6214 79.7324
454 29.7107 79.5872
806 29.8021 79.4386
333 29.8924 79.2918
540 29.9803 79.1488
638 29.9108 79.1296
526 29.8438 79.1111
578 29.776 79.0923
574 29.708 79.0735
946 29.6412 79.0551
730 29.5729 79.0362
954 29.5047 79.0173
226 29.4358 78.9983
672 29.3669 78.9793
256 29.2979 78.9602
141 29.2287 78.9411
795 29.1581 78.9216
807 29.0815 78.9004
872 28.6709 78.7866
223 28.2326 78.6651
724 27.7731 78.5378
296 26.9512 78.3099
60 26.1213 78.0798
825 25.3188 77.8572
757 24.4762 77.6236
635 23.682 77.4033
326 22.9107 77.1895
113 22.1524 76.9792
950 21.4007 76.7708
399 20.6932 76.5747
457 20.4643 75.9028
701 20.252 75.2788
339 20.0426 74.6632
132 19.8565 74.1164
97 19.6649 73.5532
879 19.4749 72.9948
888 19.2895 72.4499
524 19.1337 71.9919
601 18.9699 71.5103
500 18.8059 71.0281
482 18.6536 70.5805
220 18.4915 70.1038
162 18.3455 69.6745
3 18.2038 69.2581
233 18.0531 68.8149
726 17.7557 69.0018
443 17.4634 69.1855
119 17.1743 69.3671
131 16.8749 69.5553
665 16.5988 69.7288
772 16.3459 69.8878
686 16.1361 70.0197
560 16.136 70.0197
747 16.136 70.0198
427 16.1359 70.0198
376 16.1358 70.0199
970 16.1357 70.0199
219 16.1356 70.02
503 16.1356 70.02
346 16.1355 70.0201
398 16.1354 70.0201
680 16.1353 70.0202
338 16.1352 70.0202
400 16.1352 70.0203
479 16.1351 70.0203
589 16.135 70.0204
608 16.1349 70.0204
780 15.4045 70.2993
955 14.816 70.524
433 14.0725 70.8079
694 13.6034 70.9872
551 13.3064 71.1008
298 13.0574 71.196
991 12.8229 71.2857
14 12.5944 71.3731
667 12.3789 71.4555
948 12.1683 71.5361
203 11.9764 71.6095
657 11.943 71.6223
728 11.9103 71.6348
445 11.8781 71.6472
546 11.8457 71.6596
224 11.8042 71.3772
255 11.763 71.0966
517 11.718 70.7899
703 11.674 70.4896
234 11.6282 70.1775
207 11.6282 70.1775
607 11.6282 70.1775
381 11.6282 70.1774
734 11.6282 70.1774
799 11.6282 70.1774
639 11.6282 70.1774
890 11.6282 70.1774
81 11.5616 69.3781
277 11.4898 68.5169
966 11.4164 67.6355
374 11.3399 66.718
860 11.2501 65.6397
347 11.1446 64.3705
739 11.0238 62.9186
47 10.9144 61.6029
849 10.8452 60.7731
218 10.9817 60.7224
272 11.1261 60.6687
114 11.2631 60.6178
34 11.399 60.5673
630 11.504 60.5283
939 11.6093 60.4892
784 11.8077 60.4154
717 12.016 60.338
196 12.2613 60.2468
371 12.531 60.1465
382 13.9474 59.6188
192 13.5963 59.3701
565 13.2484 59.1236
677 12.8942 58.8726
691 12.5356 58.6186
925 12.1918 58.375
527 11.8643 58.143
652 11.5526 57.9222
981 11.5526 57.9222
130 11.5526 57.9222
422 11.5526 57.9222
341 11.5526 57.9222
336 11.5526 57.9222
972 11.5526 57.9222
841 11.5526 57.9222
463 11.5526 57.9222
77 11.5526 57.9222
531 11.0322 55.3878
352 10.4779 52.688
708 9.93643 50.0506
328 9.40894 47.481
863 9.40894 47.481
731 9.40894 47.481
499 9.40894 47.481
128 9.40894 47.481
122 9.40894 47.481
166 9.59639 47.4063
116 9.7965 47.3264
214 10.0157 47.239
100 10.2463 47.1469
157 10.4888 47.0502
279 10.7308 46.9536
423 10.9821 46.8533
534 11.2503 46.7463
805 11.5203 46.6386
123 11.7811 46.5345
228 12.0438 46.4297
312 12.3262 46.317
489 12.6073 46.2048
46 12.8828 46.0949
936 13.1756 45.9781
909 13.466 45.8622
154 13.7539 45.7473
985 14.0433 45.6318
663 14.0507 45.6305
87 14.0578 45.6292
384 14.0649 45.628
700 14.0727 45.6267
65 14.0803 45.6254
723 14.2032 45.8892
10 14.3287 46.1585
78 14.4644 46.4499
949 14.6064 46.7548
616 14.7528 47.069
174 14.9043 47.3943
990 15.0605 47.7294
476 15.2283 48.0897
475 15.4038 48.4664
655 15.5836 48.8524
770 15.7951 49.3065
505 16.0493 49.852
749 16.3192 50.4314
57 16.6689 51.1817
771 17.1165 52.1424
760 17.6541 53.296
698 17.8089 53.4299
542 17.9679 53.5675
324 18.1246 53.7031
182 18.2946 53.8502
373 18.466 53.9986
222 18.665 54.1707
956 18.8911 54.3665
451 19.1251 54.5691
729 19.3637 54.7755
303 19.6074 54.9865
640 20.3281 55.6107
735 21.001 56.1935
599 21.6323 56.7401
929 22.2267 57.2549
79 22.289 57.3088
59 22.3504 57.3619
545 22.4104 57.4138
137 22.4687 57.4642
89 22.5256 57.5134
496 22.5823 57.5624
758 23.0687 57.9836
938 23.6143 58.456
552 24.1565 58.9256
705 24.7158 59.4099
390 25.2382 59.8623
587 25.7912 60.3412
688 26.389 60.8588
633 26.9825 61.3728
764 27.6652 61.964
846 28.9614 63.0871
689 30.1612 64.1267
537 30.904 64.77
788 30.904 64.7701
897 30.9041 64.7701
957 30.9041 64.7701
927 30.9042 64.7701
329 30.9042 64.7701
910 30.9043 64.7701
662 30.9043 64.7701
104 30.9044 64.7701
359 30.9044 64.7701
411 30.9045 64.7701
733 30.9376 64.7767
349 30.9706 64.7833
720 31.0033 64.7898
30 31.0358 64.7963
839 31.0693 64.803
809 31.103 64.8097
507 31.1388 64.8168
924 31.1737 64.8238
99 31.209 64.8308
965 31.2496 64.8389
275 31.2914 64.8472
327 31.3335 64.8556
501 31.376 64.8641
971 31.4202 64.8729
600 31.4644 64.8817
903 31.6328 64.9154
266 31.8045 64.9498
291 31.9856 64.986
901 32.1867 65.0262
571 32.3764 65.0642
596 32.5648 65.1019
645 32.7659 65.1421
878 32.9675 65.1824
789 33.1769 65.2243
604 33.4479 65.2786
21 33.7242 65.3339
404 33.9958 65.3883
350 34.2675 65.4427
56 34.3068 65.4505
80 34.3452 65.4582
715 34.3837 65.4659
163 34.4222 65.4735
270 34.4613 65.4813
308 35.1036 65.1725
591 35.7544 64.8595
171 36.3647 64.566
225 36.9956 64.2626
976 37.6354 63.9549
676 38.2872 63.6415
533 38.985 63.3059
894 39.7001 62.962
523 40.3766 62.6367
765 41.0205 62.327
617 41.6213 62.038
282 41.5425 61.806
798 41.4485 61.5292
134 41.3457 61.2266
683 41.242 60.9214
855 41.1327 60.5994
365 41.0081 60.2325
576 40.8813 59.859
804 40.7482 59.4669
281 40.6155 59.0762
410 40.4754 58.6635
922 40.3458 58.2819
180 40.2122 57.8881
370 40.0706 57.4714
459 39.9238 57.039
732 39.7847 56.6291
54 39.6417 56.2079
175 39.4969 55.7817
891 39.3515 55.3532
558 39.188 54.8715
862 39.0181 54.3709
783 39.0181 54.3709
264 39.0181 54.3709
269 39.0181 54.3709
237 39.0181 54.3709
510 39.0181 54.3709
267 39.1065 54.3633
342 39.1991 54.3554
923 39.2914 54.3475
512 39.3807 54.3398
621 39.4685 54.3323
101 39.5545 54.325
461 39.6397 54.3177
471 39.7242 54.3105
756 39.81 54.3031
778 40.2031 54.2694
522 40.615 54.234
493 41.0543 54.1962
127 41.6116 54.1483
566 42.196 54.0981
147 42.8482 54.042
188 43.6259 53.9751
945 43.8583 53.9551
597 44.0866 53.9355
498 44.3061 53.9167
186 44.5185 53.8985
492 44.7233 53.8809
843 44.9205 53.864
472 45.1138 53.8475
210 45.3067 53.8309
912 45.4977 53.8146
84 48.3836 53.5654
625 49.1251 53.5016
293 49.758 53.4471
161 50.2045 53.4088
743 50.629 53.3723
793 51.0563 53.3355
468 51.475 53.2996
623 52.6512 52.8786
217 53.6554 52.5191
43 54.2632 52.3016
875 54.4897 52.2206
85 54.7102 52.1417
594 54.9254 52.0647
978 55.1103 51.9986
262 55.2856 51.9358
767 55.4612 51.873
286 55.1323 51.2723
577 54.7863 50.6402
396 54.4117 49.9559
519 54.014 49.2292
606 53.5935 48.4609
644 52.9906 47.3593
358 52.2611 46.0262
675 52.2059 45.9911
681 50.0201 44.6029
848 48.9606 43.93
155 47.9949 43.3167
906 47.179 42.7985
66 46.238 42.2009
69 45.0832 41.4675
989 43.314 40.3439
811 41.8716 39.4278
209 41.8716 39.4278
257 41.4696 39.4758
935 41.0564 39.525
716 40.6209 39.577
687 40.0712 39.6425
194 39.5843 39.7006
692 39.0892 39.7596
278 38.5972 39.8183
586 38.2956 39.8543
790 37.9812 39.8918
467 37.6611 39.93
706 37.1929 39.9858
421 36.7297 40.0411
38 36.1535 40.1098
853 35.6133 40.1742
356 35.0424 40.2423
535 34.4234 40.3161
388 33.9564 40.3718
913 33.5266 40.4231
876 33.1667 40.466
438 32.8143 40.508
480 32.488 40.547
549 32.1565 40.5865
397 31.8501 40.6231
191 31.5554 40.6583
679 31.2255 40.6976
414 30.8938 40.7372
151 30.5628 40.7767
7 30.2293 40.8165
525 29.8844 40.8576
49 29.5442 40.8982
413 29.1537 40.9448
908 28.7684 40.9907
32 28.4466 41.0291
797 28.1693 41.0622
142 27.9707 41.0859
603 27.879 41.0969
858 26.2788 41.2874
302 26.2516 41.0376
403 26.2224 40.7689
543 26.191 40.4803
391 26.1576 40.173
748 26.1149 39.7814
37 26.0695 39.3645
508 26.0207 38.9159
11 25.9652 38.4071
664 25.9069 37.8719
612 25.8472 37.3235
486 25.7869 36.7705
205 25.7265 36.2159
619 25.6647 35.6481
379 25.3296 32.5815
160 25.3264 32.5516
529 25.3232 32.5223
869 25.3201 32.4933
661 25.3169 32.4644
834 25.3169 32.4644
787 22.7938 32.4294
148 19.1363 32.3784
121 15.9879 32.3346
86 12.7563 32.2894
710 12.3304 32.2836
283 11.9125 32.2779
330 11.5179 32.2725
958 11.5248 31.9453
212 11.5329 31.5658
898 11.5473 30.8874
836 11.56 30.291
125 11.5721 29.7188
514 11.5889 28.9305
133 11.6073 28.0622
331 11.6263 27.1653
268 11.6436 26.3524
74 11.6614 25.5131
4 11.6801 24.6303
794 11.7017 23.6101
646 11.7334 22.1123
362 11.7439 21.6225
412 11.7535 21.1718
963 11.7626 20.7408
673 11.7724 20.2819
258 11.7828 19.7915
572 11.7953 19.2045
187 11.8117 18.4338
455 11.828 17.6631
61 11.8502 16.6159
812 11.8721 15.5818
588 11.973 15.6356
641 12.0748 15.6898
299 12.1472 15.7284
674 12.2192 15.7668
741 12.2914 15.8053
366 12.3635 15.8437
211 12.4356 15.8822
348 12.5083 15.9209
682 12.5814 15.9599
722 12.6555 15.9994
881 13.2752 16.3295
629 14.0928 16.7649
402 15.2715 17.3926
488 16.4528 18.0217
902 19.3577 19.5682
829 22.0804 21.0177
64 22.2152 20.946
709 22.35 20.8744
602 22.485 20.8026
439 22.6199 20.7309
254 22.7535 20.6599
643 22.8838 20.5907
284 23.0129 20.5221
246 23.1419 20.4535
474 23.272 20.3843
307 23.3983 20.3172
354 23.5267 20.2489
221 23.6555 20.1804
943 23.7869 20.1106
111 23.9275 20.0359
8 23.9382 20.0302
883 25.3702 19.82
915 26.3514 19.6758
626 27.281 19.5392
702 28.2 19.4041
407 29.0619 19.2775
287 29.6725 19.1878
704 29.9057 19.1534
310 30.1272 19.1208
337 30.3355 19.0902
573 30.5337 19.061
26 30.7241 19.0329
824 30.9103 19.0055
822 31.0906 18.979
899 31.2737 18.952
261 32.7877 18.7297
363 34.2713 18.5118
351 35.6997 18.302
669 37.1155 18.094
518 40.4029 17.612
581 51.9647 23.4939
55 51.9173 23.8255
819 51.8702 24.1557
959 51.8187 24.5163
831 51.7587 24.9367
164 51.6989 25.3558
289 51.6404 25.7655
934 51.5834 26.1649
250 51.5276 26.556
653 51.4732 26.9371
865 51.3061 28.1095
873 51.1441 29.2455
828 50.9759 30.4254
555 50.8156 31.5495
419 50.6435 32.7566
917 50.2861 35.2657
19 50.6265 35.4003
276 50.9725 35.5372
452 51.3108 35.671
197 51.8066 35.8671
355 52.3194 36.0699
844 52.8091 36.2637
377 53.3051 36.4598
785 53.7704 36.6439
63 54.2727 36.8426
870 54.7703 37.0394
930 55.2727 37.2381
27 55.7713 37.4353
6 56.279 37.6361
314 56.8133 37.8474
458 57.2762 38.0305
751 57.7527 38.219
634 58.2849 38.4295
357 58.8161 38.6396
781 59.28 38.8231
842 59.7581 39.0122
821 60.7963 36.0295
323 61.7476 33.2958
598 63.07 29.4975
24 64.1581 26.3711
504 65.123 23.5985
295 66.013 21.0409
721 66.8617 18.6023
176 67.2891 17.3739
777 67.6877 16.2279
103 68.121 14.9823
