0,345,243,627,483,979,33,98,590,520,835,387,274,232,920,195,670,29,609,745,951,592,323,170,506,932,107,198,838,242,497,136,884,110,201,852,977,684,317,383,975,385,837,417,83,818,152,51,579,937,18,378,654,528,159,740,648,311,332,204,450,660,372,928,473,25,889,685,983,893,813,725,864,742,845,149,544,820,465,285,620,135,318,580,322,984,622,823,666,481,353,251,158,494,52,273,854,464,671,962,584,42,817,313,856,992,395,575,511,177,367,185,140,12,880,947,895,826,179,775,567,297,477,369,145,931,71,290,744,245,280,857,636,802,816,904,774,561,82,800,539,126,690,940,193,206,642,449,40,754,62,536,165,861,713,851,202,259,215,887,618,343,516,248,305,548,22,5,866,389,532,707,763,129,470,230,72,961,569,541,23,896,980,320,746,118,737,434,156,882,624,375,344,911,105,559,239,611,430,409,231,974,265,271,738,766,874,752,181,36,696,368,120,392,960,44,92,139,768,20,491,808,521,306,712,933,753,441,227,593,150,76,249,424,115,610,469,456,631,28,871,918,859,761,651,613,146,96,714,428,550,16,2,288,448,919,253,786,167,60,840,415,309,53,172,406,806,952,394,649,437,562,292,814,530,408,877,73,270,226,773,189,672,223,638,256,141,795,807,294,241,563,662,308,526,490,537,954,604,418,41,878,872,359,971,398,846,574,730,924,327,501,903,131,162,524,729,266,589,272,879,502,799,77,680,739,376,772,630,948,600,99,703,97,658,431,411,58,333,360,339,578,296,757,601,789,886,399,825,888,552,113,275,220,608,244,500,701,326,833,635,247,183,426,31,815,138,446,556,780,950,890,916,803,236,726,955,697,443,325,88,495,946,300,457,905,401,240,953,442,678,13,557,695,304,48,973,316,776,750,15,885,462,106,435,988,1,213,827,301,405,380,868,199,711,200,39,982,736,615,203,178,75,792,914,944,547,321,719,718,93,693,551,554,830,444,50,184,487,17,95,447,386,568,479,153,628,759,108,436,694,374,168,429,560,361,796,400,546,570,657,991,433,169,298,860,667,637,728,892,699,585,969,263,364,347,381,966,14,224,503,219,517,346,939,445,207,338,639,90,196,970,665,607,734,686,717,371,925,708,57,214,122,849,81,234,565,3,784,760,277,255,531,427,192,119,505,34,972,764,747,733,114,482,336,132,130,691,938,267,908,936,534,279,422,391,981,382,507,349,302,599,233,38,413,49,913,438,858,633,698,324,59,545,451,735,510,758,640,79,956,587,493,720,137,543,291,571,163,756,705,788,390,897,957,645,965,927,329,171,976,134,454,124,252,715,689,540,591,614,21,112,225,724,416,564,755,144,659,986,921,94,319,582,335,782,9,894,238,743,617,968,832,632,769,987,109,315,350,509,847,91,340,867,432,208,229,460,801,810,293,625,282,907,605,468,762,420,515,440,964,485,35,68,595,727,583,656,900,173,393,102,650,767,942,190,478,67,84,668,334,647,967,941,850,538,425,70,143,553,842,634,357,43,926,466,644,314,217,875,675,623,45,716,870,262,594,978,930,289,555,906,821,785,828,55,681,781,831,6,164,873,467,197,250,27,834,191,844,19,421,865,790,935,751,934,586,989,853,160,209,194,522,862,257,687,566,692,69,155,117,355,458,377,606,358,492,186,923,472,101,843,855,286,216,804,127,597,621,498,765,519,85,188,577,396,793,929,30,683,175,56,484,798,365,264,80,791,523,910,558,513,453,161,235,471,779,839,901,404,676,732,596,210,237,922,54,912,104,809,576,461,459,410,533,945,512,342,63,778,891,281,370,180,619,66,917,848,276,508,356,452,529,655,706,397,535,151,78,869,876,37,147,771,480,664,7,278,549,679,11,388,603,89,142,525,783,723,748,496,829,414,797,475,403,32,811,688,269,463,148,542,303,373,182,841,652,949,222,909,476,123,423,616,677,805,489,352,128,157,341,749,174,527,100,47,116,218,166,514,312,499,898,663,770,133,384,228,985,958,283,46,731,10,154,86,330,328,455,794,863,990,87,212,700,612,354,943,307,64,915,121,902,205,641,125,474,824,299,486,65,268,836,741,221,661,588,366,211,254,673,674,348,402,412,682,4,963,187,258,710,74,572,646,331,812,61,722,881,362,629,488,8,899,602,439,284,246,702,669,704,643,787,883,709,407,419,337,310,573,261,653,518,626,822,379,111,287,363,351,26,24,777,581,103,295,959,819,598,176,260,504,721,
value : 563.341 running time : 32.625178
0 80 20
345 84.0198 18.6434
243 85.3669 18.1886
627 85.9986 17.9752
483 86.504 17.8046
979 86.1948 19.3446
33 85.1358 24.6269
98 84.4286 28.1506
590 83.6928 31.8176
520 82.9788 35.3754
835 82.2585 38.9648
387 81.5544 42.4734
274 81.5544 42.4734
232 81.5544 42.4734
920 81.5544 42.4734
195 81.5544 42.4734
670 81.5544 42.4734
29 81.5544 42.4734
609 81.5544 42.4734
745 81.5544 42.4734
951 81.5544 42.4734
592 81.5544 42.4734
323 81.5544 42.4734
170 82.5869 48.2179
506 82.9223 50.0862
932 83.1076 51.1186
107 83.29 52.1348
198 83.4542 53.0494
838 83.615 53.9458
242 83.776 54.8428
497 83.9359 55.7336
136 83.2094 57.0498
884 82.3106 58.6786
110 80.7531 61.501
201 79.9637 62.9314
852 79.2503 64.2241
977 78.59 65.4205
684 77.6784 67.0724
317 72.0268 77.3169
383 73.7045 77.5481
975 73.7045 77.5481
385 73.7045 77.5481
837 73.7045 77.5481
417 73.7045 77.5481
83 73.7045 77.5481
818 73.7045 77.5481
152 73.7045 77.5481
51 73.7045 77.5481
579 73.7045 77.5481
937 73.7045 77.5481
18 73.7045 77.5481
378 73.7045 77.5481
654 74.7525 78.0248
528 77.0112 79.0522
159 78.4776 79.7192
740 79.8675 80.3514
648 81.12 80.9211
311 82.3247 81.469
332 82.8494 81.7076
204 83.8756 82.1744
450 84.9287 82.6534
660 85.4674 83.1574
372 86.0192 83.6736
928 82.8818 87.5486
473 82.8818 87.5486
25 82.8818 87.5486
889 82.4224 87.6192
685 81.9041 87.6989
983 79.6026 88.0529
893 78.9752 88.0871
813 78.356 88.1209
725 77.8349 88.1494
864 77.243 88.1817
742 76.6804 88.2124
845 76.1031 88.2439
149 75.6252 88.2699
544 75.4225 88.281
820 75.2481 88.2905
465 75.0405 88.3018
285 74.8428 88.3126
620 74.6522 88.323
135 74.6522 88.323
318 74.628 88.2983
580 74.6046 88.2742
322 74.5798 88.2489
984 71.9996 85.6134
622 71.9984 85.6123
823 71.9974 85.6112
666 71.9963 85.6101
481 71.9952 85.609
353 71.9943 85.608
251 71.9933 85.607
158 71.9923 85.606
494 71.9913 85.605
52 71.9903 85.6039
273 71.9893 85.6029
854 71.9883 85.6019
464 71.9873 85.6008
671 68.7834 82.3168
962 68.7529 82.2855
584 61.3804 86.5897
42 60.9043 86.8676
817 60.4188 87.151
313 59.923 87.4403
856 59.4917 87.6921
992 59.1587 87.8864
395 58.8286 88.0791
575 58.4293 88.3121
511 57.9885 88.5694
177 58.1079 88.1347
367 58.2256 87.7062
185 58.35 87.2531
140 58.4912 86.739
12 58.6258 86.2487
880 58.7549 85.7784
947 58.8811 85.3188
895 59.0171 84.8237
826 59.1256 84.4285
179 59.6292 83.4316
775 60.1812 82.339
567 60.2195 82.2632
297 60.261 82.1811
477 60.2991 82.1056
369 60.3395 82.0256
145 60.3823 81.9409
931 60.4251 81.8562
71 60.4708 81.7659
290 60.5117 81.6848
744 60.3025 81.8313
245 60.058 82.0026
280 59.8546 82.145
857 59.6582 82.2826
636 59.4551 82.4248
802 59.2788 82.5484
816 59.13 82.6526
904 58.9898 82.7508
774 55.2602 85.3616
561 51.6706 87.875
82 51.6706 87.875
800 51.6706 87.875
539 51.4911 88.0261
126 51.3467 88.1477
690 51.1937 88.2765
940 51.0322 88.4124
193 50.8587 88.5586
206 50.6834 88.7062
642 50.5373 88.8291
449 50.3738 88.9668
40 50.2505 89.0706
754 50.1133 89.1861
62 49.9637 89.3121
536 49.8154 89.4369
165 49.6675 89.5614
861 49.5418 89.6673
713 49.3948 89.791
851 49.2687 89.8972
202 49.1371 90.008
259 48.9974 90.1255
215 48.8419 90.2565
887 48.7538 90.3505
618 48.6512 90.46
343 48.5513 90.5666
516 48.4578 90.6664
248 48.3685 90.7617
305 48.0796 91.07
548 47.7904 91.3786
22 47.5744 91.6092
5 47.3976 91.7978
866 47.2288 91.9779
389 47.0598 92.1583
532 46.8936 92.3356
707 46.7245 92.516
763 46.5857 92.6641
129 46.441 92.8186
470 46.2858 92.9842
230 46.3083 93.0079
72 46.333 93.034
961 46.3608 93.0634
569 46.3837 93.0876
541 46.4105 93.1159
23 46.4361 93.1429
896 46.4589 93.1671
980 46.4803 93.1897
320 46.5004 93.211
746 46.5233 93.2351
118 46.5476 93.2608
737 46.5713 93.2859
434 46.5927 93.3085
156 46.6133 93.3302
882 46.6364 93.3547
624 46.6582 93.3778
375 46.6787 93.3994
344 46.7029 93.425
911 46.725 93.4483
105 44.6927 93.313
559 42.3689 93.1583
239 39.6979 92.9805
611 35.9227 92.7292
430 35.1804 92.6797
409 35.0528 92.6712
231 34.9457 92.6641
974 34.8369 92.6569
265 34.7213 92.6492
271 34.5996 92.6411
738 34.4857 92.6335
766 34.3718 92.6259
874 34.2481 92.6177
752 33.8869 92.5936
181 33.532 92.57
36 33.1089 92.5418
696 32.7506 92.518
368 32.4287 92.4965
120 32.2044 92.4816
392 31.9755 92.4664
960 31.7142 92.449
44 31.4423 92.4309
92 31.2187 92.416
139 30.9785 92.4
768 30.6836 92.3804
20 30.4356 92.3639
491 30.1765 92.3466
808 29.9634 92.3324
521 29.7129 92.3157
306 29.4825 92.3004
712 29.2402 92.2843
933 29.0427 92.2711
753 28.8654 92.2593
441 28.6973 92.2481
227 28.5269 92.2368
593 28.5756 92.0901
150 28.6288 91.9297
76 28.6767 91.7855
249 28.7197 91.656
424 28.7622 91.5278
115 28.8014 91.4098
610 29.0132 90.7713
469 29.2307 90.1157
456 29.2307 90.1157
631 29.2308 90.1157
28 29.2308 90.1157
871 29.2308 90.1157
918 29.2308 90.1157
859 29.2308 90.1157
761 29.2308 90.1157
651 29.2308 90.1157
613 29.2308 90.1157
146 29.2308 90.1157
96 29.2308 90.1157
714 29.2308 90.1157
428 29.4515 89.6569
550 29.674 89.1945
16 30.2506 89.1574
2 30.8828 89.1167
288 31.5072 89.0765
448 32.3284 89.0236
919 33.0593 88.9765
253 33.8025 88.9286
786 34.5779 88.8787
167 35.3703 88.8277
60 36.2827 88.7689
840 38.7802 88.6074
415 41.3208 88.4432
309 41.4019 88.438
53 41.4863 88.4326
172 41.5712 88.4271
406 41.665 88.4211
806 41.7423 88.4161
952 41.8715 88.4078
394 41.6128 88.1886
649 41.3717 87.9842
437 41.1568 87.802
562 40.943 87.6209
292 40.7285 87.4391
814 40.5375 87.2772
530 40.3271 87.0988
408 40.1096 86.9145
877 39.845 86.6902
73 39.5704 86.4574
270 39.359 86.2782
226 39.1648 86.1137
773 38.9923 85.9674
189 38.829 85.829
672 38.666 85.6909
223 38.5025 85.5523
638 38.3575 85.4294
256 38.2144 85.3081
141 38.0702 85.1859
795 37.9323 85.0691
807 37.7993 84.9563
294 37.6595 84.8378
241 37.5109 84.7119
563 37.3617 84.5854
662 32.0522 80.0842
308 27.1581 75.9352
526 26.8851 75.7573
490 26.6451 75.601
537 26.382 75.4297
954 26.1289 75.2648
604 25.865 75.0929
418 25.6044 74.9232
41 25.2979 74.7235
878 24.9817 74.5176
872 24.6392 74.2946
359 24.2481 74.0398
971 23.8093 73.7541
398 23.3882 73.4798
846 23.0259 73.2439
574 22.6981 73.0304
730 22.3495 72.8034
924 21.9604 72.55
327 21.5906 72.3091
501 21.218 72.0664
903 20.8118 71.8019
131 20.3852 71.5242
162 20.3852 71.5242
524 20.3852 71.5242
729 20.3852 71.5242
266 16.9748 71.4327
589 13.5593 71.3409
272 13.5593 71.3409
879 13.5593 71.3409
502 13.5592 71.3409
799 13.5592 71.3409
77 13.5592 71.3409
680 13.6766 71.4895
739 13.7868 71.6289
376 13.8965 71.7676
772 14.0158 71.9185
630 14.14 72.0757
948 14.265 72.2339
600 14.4004 72.4052
99 14.523 72.5603
703 14.634 72.7007
97 15.0743 73.258
658 15.5172 73.8188
431 15.9518 74.3689
411 16.3864 74.9189
58 16.8066 75.4509
333 17.1306 75.861
360 17.4338 76.2446
339 17.7358 76.6268
578 18.037 77.008
296 18.3309 77.3799
757 18.3309 77.3799
601 18.3309 77.3799
789 18.1972 77.5792
886 18.0471 77.8027
399 17.9067 78.012
825 17.7972 78.1751
888 17.6916 78.3325
552 17.5762 78.5044
113 17.4274 78.726
275 17.2837 78.9401
220 17.0945 79.222
608 16.8937 79.5212
244 16.7002 79.8096
500 16.5269 80.0677
701 16.3445 80.3394
326 16.1323 80.6557
833 15.9056 80.9933
635 15.741 81.2385
247 15.4785 81.6298
183 15.2701 81.9402
426 15.0848 82.2162
31 14.9682 82.39
815 14.8438 82.5753
138 14.7244 82.7533
446 14.6607 82.8481
556 14.6035 82.9333
780 14.5417 83.0254
950 14.4797 83.1178
890 13.6021 84.4253
916 13.602 84.4256
803 13.6018 84.4259
236 13.6017 84.4262
726 13.6016 84.4264
955 13.6015 84.4266
697 13.6014 84.4268
443 13.5597 84.517
325 13.5127 84.6187
88 13.4678 84.7159
495 13.422 84.815
946 13.3809 84.9039
300 12.2486 87.3529
457 12.2315 87.3899
905 12.212 87.4321
401 12.1927 87.4738
240 12.1749 87.5124
953 12.1559 87.5535
442 12.1387 87.5907
678 12.1203 87.6305
13 12.104 87.6658
557 12.0874 87.7017
695 12.0707 87.7378
304 12.0518 87.7787
48 12.0346 87.8159
973 12.0152 87.8579
316 11.9968 87.8976
776 11.9777 87.9389
750 11.9591 87.9792
15 11.9561 87.9856
885 11.9561 87.9856
462 11.0714 88.1726
106 10.1605 88.3651
435 9.32231 88.5423
988 8.88839 88.634
1 8.88582 88.5975
213 8.88359 88.5658
827 8.88121 88.532
301 8.87866 88.4957
405 8.8764 88.4636
380 8.87414 88.4314
868 8.87168 88.3965
199 8.86927 88.3622
711 8.867 88.3299
200 8.8646 88.2958
39 8.86199 88.2588
982 8.85927 88.22
736 8.85658 88.1819
615 8.85388 88.1435
203 8.85143 88.1086
178 8.84904 88.0746
75 8.84676 88.0422
792 8.84461 88.0117
914 8.84246 87.9811
944 8.83998 87.9459
547 8.83776 87.9143
321 8.83539 87.8806
719 8.83328 87.8506
718 8.83112 87.8199
93 8.82891 87.7885
693 8.82656 87.7551
551 8.82392 87.7176
554 8.82157 87.6841
830 8.81939 87.6532
444 8.81745 87.6255
50 8.81553 87.5982
184 8.68568 85.7498
487 8.60988 84.6705
17 8.58267 84.2828
95 8.54893 83.8023
447 8.51475 83.3155
386 8.47791 82.7908
568 8.43858 82.2308
479 8.39203 81.5681
153 8.38844 81.5169
628 8.38452 81.4611
759 8.38052 81.4041
108 8.37638 81.3451
436 8.37194 81.2819
694 8.36745 81.2179
374 8.36745 81.2179
168 8.36745 81.2179
429 8.36745 81.2179
560 8.36745 81.2179
361 8.36745 81.2179
796 8.29922 81.2245
400 8.22705 81.2315
546 8.15173 81.2388
570 8.07991 81.2457
657 8.01291 81.2522
991 7.94526 81.2588
433 7.87914 81.2652
169 7.81343 81.2715
298 7.74727 81.2779
860 7.6856 81.2839
667 7.6185 81.2904
637 7.37551 81.6036
728 7.17362 81.8638
892 6.9553 82.1452
699 6.73375 82.4308
585 6.50239 82.729
969 6.63035 81.9312
263 6.83665 80.6453
364 7.10614 78.9656
347 8.2063 72.1136
381 8.21432 72.0635
966 8.22197 72.0159
14 8.22927 71.9704
224 8.23614 71.9276
503 8.24361 71.881
219 8.25133 71.8329
517 8.25843 71.7886
346 8.26527 71.746
939 8.27295 71.6981
445 8.27976 71.6556
207 8.28666 71.6126
338 8.29397 71.567
639 8.30078 71.5246
90 8.30794 71.4799
196 8.55901 69.9153
970 8.67605 69.1856
665 8.79215 68.4617
607 8.90969 67.7289
734 9.03239 66.9639
686 9.15539 66.1971
717 9.28932 65.3622
371 9.42885 64.4924
925 9.57441 63.5851
708 9.71151 62.7305
57 9.81121 62.1089
214 9.81121 62.1089
122 9.81121 62.1089
849 9.83916 62.098
81 10.109 61.9923
234 10.3426 61.9009
565 10.6143 61.7945
3 10.848 61.703
784 11.0829 61.611
760 11.319 61.5185
277 11.5497 61.4282
255 11.8003 61.3301
531 12.0877 61.2175
427 12.4015 61.0947
192 12.8269 60.9281
119 13.2378 60.7672
505 13.6688 60.5984
34 14.11 60.4256
972 14.4616 60.2879
764 14.8213 60.1471
747 15.1705 60.0104
733 15.5958 59.8438
114 15.9024 59.7238
482 16.2298 59.5956
336 16.5824 59.4576
132 16.9371 59.3186
130 17.28 59.1844
691 17.6381 59.0442
938 18.0074 58.8995
267 18.3696 58.7577
908 18.5433 58.6897
936 18.6898 58.6324
534 18.8754 58.5597
279 19.6673 58.2496
422 20.487 57.9286
391 21.311 57.6059
981 22.0331 57.3232
382 22.8005 57.0227
507 23.5468 56.7305
349 24.3047 56.4337
302 25.1272 56.1116
599 25.7326 55.8746
233 26.3807 55.6208
38 27.1411 55.3231
413 27.1813 55.3749
49 27.2224 55.428
913 27.2597 55.476
438 27.2964 55.5235
858 27.3393 55.5788
633 27.3859 55.6389
698 27.4315 55.6978
324 27.4825 55.7636
59 27.5324 55.8279
545 27.5798 55.8892
451 27.6266 55.9495
735 27.6728 56.0091
510 27.7173 56.0666
758 27.7599 56.1214
640 27.9711 56.394
79 28.1641 56.643
956 28.3531 56.8869
587 28.5707 57.1677
493 28.7554 57.406
720 28.9343 57.6368
137 29.1074 57.8602
543 29.2671 58.0662
291 29.9712 58.9749
571 30.4843 59.637
163 30.8495 60.1083
756 30.8495 60.1083
705 30.8495 60.1083
788 30.8495 60.1083
390 30.8495 60.1083
897 30.8495 60.1083
957 30.8496 60.1083
645 30.8496 60.1083
965 30.8496 60.1083
927 30.8496 60.1083
329 30.8496 60.1083
171 32.4783 62.0522
976 34.8837 64.9222
134 36.1821 66.4723
454 37.397 67.9226
124 38.2038 68.8859
252 38.8521 69.66
715 39.4926 70.4247
689 40.1548 71.2154
540 40.8173 72.0063
591 41.515 72.8393
614 42.311 73.7896
21 43.1493 74.7905
112 44.6754 76.6114
225 44.6754 76.6114
724 44.6754 76.6114
416 44.6754 76.6114
564 45.166 76.319
755 45.664 76.0221
144 46.1686 75.7213
659 46.6706 75.4221
986 47.2373 75.0844
921 47.7654 74.7696
94 48.282 74.4617
319 48.7743 74.1682
582 49.4067 73.7913
335 50.0022 73.4364
782 50.5847 73.0891
9 51.174 72.7379
894 51.7336 72.4043
238 52.365 72.0281
743 52.4648 71.9685
617 52.5661 71.9081
968 52.6663 71.8484
832 52.7635 71.7905
632 52.8599 71.733
769 52.9621 71.672
987 53.0677 71.6091
109 53.1661 71.5504
315 53.2641 71.492
350 53.3583 71.4358
509 54.1904 70.94
847 54.953 70.4855
91 55.672 70.0569
340 56.4399 69.5993
867 57.1294 69.1884
432 57.1294 69.1884
208 57.1294 69.1884
229 57.1294 69.1884
460 57.1294 69.1884
801 57.1294 69.1884
810 57.6541 68.6013
293 58.134 68.0644
625 58.4975 67.6578
282 58.8485 67.2651
907 59.212 66.8585
605 59.5423 66.489
468 59.8861 66.1044
762 60.2507 65.6966
420 60.6269 65.2757
515 60.9051 64.9645
440 61.1908 64.6449
964 61.4875 64.313
485 61.8022 63.9609
35 62.0821 63.6478
68 62.3699 63.326
595 62.6524 63.0099
727 62.9352 62.6936
583 63.2664 62.3231
656 63.2664 62.3231
900 63.2664 62.3231
173 63.3675 61.9864
393 63.4817 61.6061
102 63.6072 61.1881
650 63.716 60.8257
767 63.8308 60.4434
942 63.9384 60.0849
190 64.0411 59.7429
478 64.138 59.4204
67 64.2352 59.0967
84 64.3401 58.7474
668 64.5533 58.0372
334 64.9256 56.7968
647 65.3395 55.4179
967 65.9331 53.4397
941 65.7666 53.1326
850 65.5856 52.7986
538 65.3942 52.4455
425 65.2092 52.1041
70 64.8843 51.5047
143 64.5676 50.9204
553 64.2713 50.3738
842 63.9266 49.7378
634 63.562 49.0651
357 63.4967 48.9445
43 63.4308 48.8229
926 63.3723 48.715
466 63.3064 48.5935
644 62.4789 47.6584
314 61.6583 46.731
217 60.907 45.8819
875 60.2129 45.0976
675 59.5751 44.3767
623 58.9422 43.6614
45 58.2581 42.8883
716 57.5891 42.1322
870 57.0128 41.4808
262 56.4606 40.8567
594 55.6337 39.9221
978 54.7624 38.9376
930 53.7712 37.8175
289 52.7318 36.643
555 52.7318 36.643
906 52.7318 36.643
821 52.7318 36.643
785 52.7318 36.643
828 52.7318 36.643
55 52.7318 36.643
681 52.7318 36.643
781 52.7318 36.643
831 52.7318 36.643
6 52.0752 36.5811
164 51.0107 36.4807
873 49.9532 36.381
467 48.8942 36.2812
197 48.5251 36.2463
250 48.1401 36.21
27 47.7616 36.1742
834 47.3564 36.136
191 47.323 36.1328
844 47.2941 36.1301
19 47.2608 36.1269
421 47.2246 36.1235
865 47.1902 36.1202
790 47.1547 36.1169
935 47.1209 36.1137
751 47.0869 36.1105
934 47.0458 36.1066
586 46.7558 36.4564
989 46.4655 36.8066
853 46.2391 37.0798
160 46.0177 37.347
209 45.5829 37.8711
194 45.0979 38.4558
522 44.6452 39.0015
862 44.4285 39.2628
257 44.2151 39.52
687 43.9921 39.7887
566 45.3217 40.8094
692 46.7598 41.9134
69 48.5364 43.2774
155 50.3603 44.6776
117 52.4392 46.2739
355 52.5032 46.323
458 52.571 46.375
377 52.6429 46.4301
606 52.7163 46.4865
358 52.7163 46.4865
492 51.9309 48.0664
186 51.1935 49.5495
923 50.529 50.8861
472 49.9392 52.0722
101 49.3091 53.3396
843 48.7218 54.5208
855 48.0452 55.8816
286 47.982 56.0088
216 47.9121 56.1492
804 47.8478 56.2786
127 47.7904 56.394
597 47.73 56.5154
621 47.6683 56.6395
498 47.6073 56.7623
765 47.5432 56.8911
519 47.4928 56.9925
85 47.4347 57.1093
188 47.3718 57.2358
577 47.3066 57.367
396 47.243 57.4948
793 46.4542 59.0816
929 45.5912 60.8176
30 45.5022 60.9967
683 45.4144 61.1733
175 45.3298 61.3434
56 45.25 61.504
484 45.1753 61.6541
798 45.1063 61.7928
365 45.0276 61.9512
264 44.9553 62.0966
80 44.874 62.26
791 44.8075 62.3937
523 44.7293 62.5511
910 44.6566 62.6973
558 44.5914 62.8284
513 44.5197 62.9725
453 44.0081 62.5968
161 43.3936 62.1456
235 42.5985 61.5616
471 41.5718 60.8076
779 40.5893 60.0861
839 39.1659 59.0406
901 37.9636 58.1576
404 37.9636 58.1576
676 38.0334 57.8833
732 38.1037 57.6069
596 38.1715 57.3403
210 38.2514 57.0261
237 38.3214 56.7512
922 38.388 56.4894
54 38.453 56.2337
912 38.5219 55.9631
104 38.5927 55.6848
809 38.6682 55.3878
576 38.7443 55.0889
461 38.8236 54.777
459 38.8948 54.4973
410 38.989 54.1271
533 39.2946 52.9248
945 39.6453 51.5453
512 39.9607 50.3046
342 40.2626 49.1168
63 40.5559 47.9632
778 40.6002 47.7894
891 40.6488 47.5985
281 40.7041 47.3812
370 40.764 47.1456
180 40.8291 46.8897
619 40.8944 46.6329
66 40.967 46.3472
917 40.2515 46.1515
848 39.5947 45.9719
276 38.8179 45.7595
508 37.6269 45.4338
356 36.7774 45.2015
452 35.7939 44.9326
529 34.297 44.5232
655 33.2321 44.232
706 32.7577 44.1023
397 32.2286 43.9576
535 31.7578 43.8288
151 31.3183 43.7086
78 30.8556 43.5821
869 30.6888 43.5365
876 30.5388 43.4955
37 30.3566 43.4456
147 30.1948 43.4014
771 30.0008 43.3483
480 30.0008 43.3483
664 30.0008 43.3483
7 30.0008 43.3483
278 30.0008 43.3483
549 29.7124 43.3867
679 29.4524 43.4213
11 29.1809 43.4574
388 28.92 43.4921
603 28.6681 43.5256
89 28.3985 43.5615
142 27.86 43.6331
525 27.4517 43.6874
783 27.0459 43.7414
723 26.5548 43.8067
748 26.1058 43.8664
496 25.5966 43.9342
829 25.1906 43.9882
414 24.8247 44.0369
797 24.4003 44.0933
475 24.0254 44.1432
403 23.6456 44.1937
32 23.2727 44.2433
811 22.9326 44.2886
688 22.5316 44.3419
269 22.0565 44.4051
463 18.6646 44.856
148 17.7528 44.9773
542 16.7934 45.1049
303 15.9583 45.2159
373 15.7285 45.2465
182 15.5134 45.2751
841 15.2874 45.3052
652 15.0703 45.3341
949 14.8667 45.3612
222 14.6336 45.3922
909 14.4142 45.4213
476 14.2162 45.4477
123 13.9919 45.4775
423 13.7797 45.5057
616 13.551 45.5362
677 13.314 45.5677
805 13.0898 45.5975
489 12.8716 45.6265
352 12.6634 45.6542
128 12.4396 45.684
157 12.2471 45.7096
341 12.1046 45.7285
749 11.954 45.7486
174 11.8064 45.7682
527 11.6284 45.7919
100 11.4797 45.8116
47 11.3277 45.8319
116 11.1783 45.8517
218 11.1345 45.8575
166 11.0915 45.8633
514 11.0634 38.3138
312 11.0616 37.7995
499 11.0597 37.2393
898 11.052 35.0241
663 11.052 35.0241
770 11.052 35.0241
133 11.052 35.0241
384 11.052 35.0241
228 11.052 35.0241
985 11.052 35.0241
958 11.052 35.0241
283 11.052 35.0241
46 11.052 35.0241
731 11.052 35.0241
10 11.052 35.0241
154 11.052 35.0241
86 11.052 35.0241
330 11.052 35.024
328 11.052 35.024
455 11.925 33.5897
794 12.1232 33.264
863 12.3134 32.9513
990 12.5441 32.5721
87 12.8049 32.1435
212 13.0647 31.7166
700 13.7687 30.5598
612 14.6729 29.0743
354 15.7351 27.3291
943 16.4733 26.1162
307 17.2415 24.854
64 17.5195 24.397
915 17.5195 24.397
121 17.5195 24.397
902 17.5195 24.397
205 17.5195 24.397
641 17.4982 24.3782
125 17.4789 24.3614
474 17.3831 24.2774
824 17.2935 24.1988
299 17.1882 24.1064
486 17.1073 24.0355
65 16.9584 23.9049
268 16.7626 23.7332
836 16.5751 23.5688
741 16.3847 23.4018
221 16.2122 23.2505
661 15.9569 23.0266
588 15.7004 22.8016
366 15.4636 22.5939
211 15.2304 22.3894
254 15.0172 22.2024
673 14.7838 21.9977
674 14.5571 21.799
348 14.3473 21.615
402 14.137 21.4305
412 13.9117 21.2329
682 13.7032 21.0501
4 13.5013 20.8731
963 13.1779 19.8238
187 12.8467 18.7499
258 12.8467 18.7499
710 12.8467 18.7499
74 12.8467 18.7499
572 12.9314 18.0818
646 13.0629 17.0437
331 13.1801 16.1186
812 13.3808 14.534
61 13.4648 14.5405
722 13.5601 14.5479
881 14.2113 14.5984
362 14.9343 14.6545
629 16.0168 14.7386
488 17.932 14.8874
8 19.9292 15.0426
899 22.0033 15.2038
602 24.1512 15.3707
439 25.0142 15.4235
284 25.887 15.4769
246 26.7477 15.5296
702 27.5858 15.5809
669 28.5188 15.638
704 29.4407 15.6944
643 30.2094 15.7415
787 31.123 15.7974
883 32.8096 15.9007
709 34.2257 15.9874
407 37.0676 16.1614
419 40.4357 16.3677
337 40.4357 16.3677
310 40.4357 16.3677
573 40.4357 16.3677
261 40.4357 16.3677
653 40.4357 16.3677
518 40.4357 16.3677
626 40.4357 16.3677
822 40.4357 16.3677
379 40.4357 16.3677
111 40.8167 16.3619
287 41.2094 16.3559
363 41.6173 16.3497
351 42.0656 16.3429
26 48.3843 16.2455
24 56.0468 16.1259
777 58.4729 16.0888
581 60.8699 16.0521
103 63.2457 16.0157
295 64.9485 16.043
959 66.6615 16.0704
819 68.5764 16.1011
598 71.1725 16.1429
176 74.1093 16.1902
260 77.7544 16.2498
504 78.1273 16.8727
721 78.6659 17.7724
