TOUR_SECTION
1
111
109
41
110
7
4
133
44
9
134
45
5
8
46
135
107
43
112
194
136
195
132
193
6
108
42
429
521
523
519
430
271
520
347
343
268
428
522
389
477
574
269
427
426
203
344
346
573
345
431
517
270
518
540
444
282
283
362
280
447
281
536
538
284
445
361
360
359
443
446
539
358
537
528
476
204
475
572
349
348
474
306
387
570
527
571
307
388
273
433
436
272
205
525
526
350
351
435
524
434
529
432
569
381
383
469
170
234
304
566
303
169
472
471
384
305
385
563
302
235
301
382
233
171
386
236
567
473
468
470
232
564
172
300
565
568
52
159
78
129
80
105
161
31
223
81
82
128
160
40
225
50
3
30
162
130
39
224
79
2
51
104
106
38
158
188
163
178
180
98
181
73
25
245
96
244
23
95
97
72
177
179
74
26
243
75
24
256
336
332
510
260
413
190
255
505
333
509
261
419
506
334
259
508
417
335
415
258
414
189
416
192
257
504
418
331
191
330
131
507
68
100
69
28
182
127
70
27
183
99
21
71
102
29
101
126
67
339
341
196
262
137
138
337
199
266
265
338
424
340
514
422
420
425
264
198
421
342
515
263
512
511
423
197
516
513
267
278
354
440
276
208
209
356
355
533
437
207
210
438
211
531
439
441
442
274
532
535
279
277
530
534
353
206
275
357
352
479
481
482
311
309
480
310
391
390
308
237
478
575
579
576
392
578
577
393
120
145
36
147
13
119
60
143
146
118
59
89
117
37
14
15
61
12
116
58
90
144
62
148
585
490
320
318
246
402
319
247
401
586
588
587
317
491
403
248
489
399
321
400
488
398
315
583
316
487
395
485
312
314
580
242
241
396
394
484
313
397
582
581
483
486
584
240
77
11
200
174
92
49
22
115
48
93
47
142
176
141
76
140
238
113
173
10
114
139
94
201
239
202
175
91
34
166
33
83
57
55
53
32
231
167
84
165
86
87
35
85
299
54
56
168
164
88
230
229
287
448
449
217
366
542
285
541
365
451
544
286
364
543
363
450
212
17
124
16
150
65
125
19
123
122
153
154
216
215
63
20
121
66
64
213
149
18
214
152
151
546
453
455
325
454
545
368
452
369
547
548
594
549
595
407
367
497
561
298
296
228
226
376
462
463
464
295
380
294
557
562
461
297
293
227
466
377
465
560
374
378
379
375
467
556
559
558
405
404
589
406
593
495
592
591
496
494
493
492
590
411
371
499
500
553
253
372
460
552
292
409
498
551
459
254
370
290
329
501
408
326
502
550
187
456
457
327
412
252
222
291
373
410
555
328
503
554
186
458
103
323
324
221
249
250
157
218
289
185
288
156
322
155
219
220
251
184
-1
EOF
