0,819,777,959,721,24,295,581,176,504,598,103,675,458,19,43,716,555,6,873,209,289,164,45,831,419,821,55,377,250,63,828,634,355,751,681,930,27,865,785,781,358,217,875,66,978,197,594,421,870,906,844,472,155,69,834,210,748,935,356,269,989,480,191,811,461,147,679,913,853,49,38,917,257,862,692,529,194,848,276,342,522,180,512,452,790,237,508,127,543,302,413,612,566,706,619,783,397,525,438,778,535,414,549,876,11,687,388,7,869,467,151,586,278,664,486,934,160,915,787,626,284,702,379,351,221,653,883,64,287,337,669,518,26,824,643,709,261,407,111,573,363,822,704,310,254,902,246,439,307,402,366,812,8,211,682,674,362,963,741,412,187,348,881,488,331,474,722,629,588,61,646,899,572,354,133,673,602,943,958,125,455,794,74,258,641,121,46,661,205,268,283,836,4,898,299,86,514,32,710,700,829,212,65,10,985,990,652,328,222,384,655,228,87,499,330,531,148,423,122,214,849,805,123,352,128,908,663,505,534,116,770,616,749,527,336,949,542,489,841,708,925,166,565,771,972,57,157,142,182,863,764,691,731,463,956,909,218,303,858,677,373,100,936,154,47,312,341,589,37,496,698,476,938,403,797,688,510,78,174,279,633,349,267,422,391,640,723,475,758,912,59,891,545,233,324,971,34,733,903,897,507,705,603,591,809,225,79,645,382,957,729,137,901,735,359,451,30,839,756,54,308,89,533,471,720,965,370,922,929,104,56,986,676,350,604,724,571,596,410,21,390,540,765,124,779,732,404,80,365,976,459,523,878,134,715,576,894,804,662,493,846,223,730,252,689,454,537,872,270,144,226,840,189,789,171,614,163,296,327,806,910,526,291,443,574,757,950,60,333,658,788,587,946,175,220,599,552,550,16,501,196,219,927,772,701,329,411,266,635,888,981,338,479,482,275,600,99,168,433,728,339,601,234,346,991,48,556,361,376,97,703,240,955,429,113,739,192,81,825,445,657,734,381,747,371,503,457,502,398,551,784,924,970,686,694,517,717,966,796,939,680,639,879,948,114,799,131,14,860,524,630,326,500,130,119,374,321,207,667,277,665,224,347,760,184,726,162,427,272,607,77,3,890,132,400,830,255,316,298,300,736,815,554,75,203,90,325,719,944,169,827,585,360,244,213,560,780,750,31,399,178,615,95,1,792,263,106,759,914,711,988,380,199,88,982,304,386,301,39,153,547,436,637,693,916,462,17,446,247,953,108,435,868,447,200,905,568,236,442,678,718,405,557,364,892,803,444,426,401,570,546,628,969,138,431,608,41,871,886,699,859,695,487,954,773,231,918,256,167,578,13,610,456,36,76,776,491,631,490,469,418,50,368,651,2,28,288,409,428,430,973,20,611,808,253,753,441,697,115,768,714,712,885,833,761,593,933,15,495,306,93,183,424,521,44,73,672,786,227,58,696,249,96,795,569,960,974,271,92,470,763,150,141,120,392,707,649,638,752,437,448,613,416,919,72,139,265,22,394,172,877,548,305,53,146,292,961,807,738,129,713,367,241,230,766,874,746,449,165,181,532,40,659,343,248,215,541,564,105,309,896,5,434,866,12,294,562,202,690,624,406,245,375,206,559,814,389,755,754,516,530,940,561,415,861,126,539,851,82,193,636,408,536,887,239,313,344,563,511,911,177,259,185,584,642,774,335,320,319,980,737,618,895,856,882,378,179,23,880,947,62,156,140,952,118,826,280,567,317,369,622,18,297,816,395,575,931,782,149,318,477,817,417,823,620,158,42,159,285,494,353,992,145,544,52,464,845,813,984,273,251,580,742,928,725,864,648,322,889,820,666,983,135,893,740,854,685,311,473,204,25,372,450,660,497,506,838,201,884,684,107,242,385,136,198,170,528,332,977,951,553,583,932,387,967,942,110,383,334,393,900,852,420,904,605,515,654,152,595,340,727,173,650,867,68,987,238,671,668,481,83,937,975,290,962,837,832,51,509,818,579,744,465,71,229,460,775,800,582,432,801,513,855,625,264,802,647,907,315,558,91,683,468,67,538,216,440,597,968,617,769,281,282,632,484,109,847,921,112,9,161,577,453,857,94,188,293,964,743,621,84,208,945,843,235,478,85,791,793,498,101,798,102,623,35,186,262,286,396,492,762,923,810,519,485,357,143,926,70,323,232,670,850,644,656,190,941,606,466,29,592,609,767,117,842,195,425,920,314,520,835,745,274,590,33,98,483,979,243,345,627,260,
value : 420.171 running time : 652.458774
0 80 20
819 71.4465 17.0141
777 70.7717 16.7785
959 70.2972 16.6128
721 69.8773 16.4662
24 69.4516 16.3176
295 69.0143 16.1649
581 68.572 16.0105
176 68.162 15.8674
504 67.7837 15.7354
598 67.3771 15.5934
103 66.9299 15.4373
675 55.0701 32.3548
458 54.9094 32.4451
19 54.7308 32.5456
43 54.564 32.6395
716 54.3875 32.7387
555 54.2481 32.8171
6 54.1068 32.8966
873 53.9409 32.99
209 53.7756 33.083
289 53.6206 33.1702
164 53.4817 33.2483
45 53.3517 33.3214
831 53.1898 33.4125
419 53.006 33.5159
821 52.8363 33.6114
55 52.6291 33.7279
377 52.4244 33.8431
250 52.2046 33.9667
63 52.0135 34.0742
828 51.8441 34.1695
634 51.6577 34.2744
355 51.462 34.3845
751 51.2642 34.4958
681 51.0661 34.6072
930 50.8725 34.7161
27 50.681 34.8239
865 50.4763 34.939
785 50.2876 35.0452
781 50.1113 35.1444
358 49.9081 35.2587
217 49.6107 35.426
875 49.2873 35.6079
66 48.9876 35.7765
978 48.7022 35.9371
197 48.2194 36.2087
594 47.7758 36.4582
421 46.9971 36.8963
870 46.2629 37.3094
906 45.483 37.7481
844 44.6529 38.2151
472 43.7263 38.7363
155 42.8945 39.2043
69 42.1356 39.6312
834 41.3306 40.0841
210 40.3811 40.6183
748 39.9632 40.8533
935 39.6502 41.0294
356 39.2501 41.2545
269 38.8214 41.4957
989 38.7596 41.5305
480 38.6965 41.566
191 38.6291 41.6039
811 38.5505 41.6481
461 38.4789 41.6884
147 38.4055 41.7297
679 38.3423 41.7653
913 38.2747 41.8033
853 38.2747 41.8033
49 38.2747 41.8033
38 38.2747 41.8033
917 38.2747 41.8033
257 38.2747 41.8033
862 38.2747 41.8033
692 38.2747 41.8033
529 38.2747 41.8033
194 38.2747 41.8033
848 38.2747 41.8033
276 38.2747 41.8033
342 38.2747 41.8033
522 38.2747 41.8033
180 38.2747 41.8033
512 38.2747 41.8033
452 38.2747 41.8033
790 38.2747 41.8033
237 38.2747 41.8033
508 38.2747 41.8033
127 38.2747 41.8033
543 35.7185 39.0139
302 35.6427 38.9173
413 35.5635 38.8163
612 35.4792 38.7089
566 35.4792 38.7089
706 35.4792 38.7089
619 35.4792 38.7089
783 35.4792 38.7089
397 35.4792 38.7089
525 35.4792 38.7089
438 35.4792 38.7089
778 35.4792 38.7089
535 35.4662 38.4059
414 35.4489 38.0038
549 35.4316 37.6018
876 35.418 37.2849
11 35.3969 36.793
687 35.3733 36.2452
388 35.3493 35.6859
7 35.3217 35.0428
869 35.2921 34.3557
467 35.2651 33.7259
151 35.242 33.1899
586 35.2141 32.5398
278 35.1883 31.9386
664 35.1639 31.3705
486 35.1125 30.1749
934 35.0575 28.8951
160 35.0107 27.8055
915 34.9611 26.6514
787 34.9146 25.5681
626 34.8636 24.3823
284 34.8184 23.3294
702 34.776 22.3435
379 34.7509 21.7584
351 34.7186 21.0081
221 34.7004 20.5853
653 34.6642 19.7415
883 34.6287 18.9158
64 34.5919 18.0602
287 34.5531 17.1569
337 34.5207 16.4031
669 34.4828 15.5212
518 34.4523 14.8104
26 33.4812 14.9006
824 32.3026 15.01
643 32.3026 15.01
709 32.3026 15.01
261 32.3026 15.01
407 31.8363 15.004
111 31.3522 14.9978
573 30.8455 14.9913
363 30.3017 14.9843
822 29.7607 14.9774
704 29.0942 14.9688
310 28.3525 14.9593
254 27.0862 14.943
902 26.0818 14.9301
246 25.2346 14.9193
439 24.3092 14.9074
307 23.3872 14.8955
402 18.6434 14.8346
366 15.8008 14.7981
812 13.0903 14.7633
8 13.0496 14.9214
211 13.0062 15.0899
682 12.9625 15.2591
674 12.9189 15.4282
362 12.8743 15.6014
963 12.829 15.7772
741 12.7924 15.9189
412 12.7575 16.0544
187 12.7225 16.19
348 12.7225 16.19
881 12.7225 16.19
488 12.7225 16.19
331 12.7225 16.19
474 12.7225 16.19
722 12.7225 16.19
629 12.7344 16.8857
588 12.7499 17.7951
61 12.7653 18.7002
646 12.785 19.8608
899 12.8259 22.2613
572 12.8644 24.5196
354 12.8972 26.4462
133 12.8415 26.8882
673 12.7901 27.2962
602 12.7353 27.7307
943 12.6754 28.2056
958 12.6148 28.6869
125 12.5967 28.8307
455 12.5809 28.9556
794 12.5625 29.1015
74 12.5442 29.2472
258 12.5258 29.3926
641 12.5072 29.5404
121 12.4858 29.7105
46 12.4643 29.8806
661 12.4551 29.9541
205 12.4438 30.0435
268 12.4346 30.117
283 12.4244 30.1976
836 12.4158 30.2655
4 12.407 30.3352
898 12.3977 30.4093
299 12.3736 31.0309
86 12.3459 31.7442
514 12.3188 32.4438
32 12.2908 33.1653
710 12.2668 33.7828
700 12.2375 34.5383
829 12.2114 35.2111
212 12.182 35.9694
65 12.1568 36.6192
10 12.1299 37.3119
985 12.1037 37.9861
990 12.0737 38.7595
652 12.0449 39.5023
328 12.0207 40.126
222 11.9978 40.716
384 11.9787 41.2106
655 11.9586 41.7268
228 11.9375 42.2717
87 11.9171 42.7984
499 11.8938 43.3979
330 11.8079 45.6115
531 11.5776 51.5469
148 11.5776 51.5469
423 11.5776 51.5469
122 11.5776 51.5469
214 11.6046 51.5559
849 11.6318 51.5651
805 11.6617 51.575
123 11.689 51.5842
352 11.7183 51.594
128 11.7448 51.6028
908 11.779 51.6143
663 11.8045 51.6228
505 11.8284 51.6308
534 11.8527 51.639
116 11.8751 51.6465
770 11.9093 51.6579
616 11.9437 51.6694
749 11.9764 51.6804
527 12.011 51.6919
336 12.0505 51.7052
949 12.0846 51.7166
542 12.1152 51.7268
489 12.1451 51.7368
841 12.1775 51.7477
708 12.2087 51.7581
925 12.2431 51.7696
166 12.2781 51.7813
565 12.3176 51.7946
771 12.3521 51.8061
972 12.3843 51.8169
57 12.4141 51.8269
157 12.4462 51.8376
142 12.4866 51.8511
182 12.5188 51.8619
863 12.5494 51.8721
764 12.6154 51.8943
691 12.6736 51.9137
731 12.7228 51.9302
463 12.781 51.9497
956 12.8463 51.9715
909 12.8965 51.9883
218 12.9514 52.0067
303 13.0121 52.027
858 13.0767 52.0486
677 13.1314 52.0669
373 13.1831 52.0842
100 13.2385 52.1028
936 13.2956 52.1219
154 13.3511 52.1405
47 13.4062 52.1589
312 13.4638 52.1782
341 14.645 52.5735
589 15.9779 53.0196
37 17.3789 53.4884
496 17.3789 53.4884
698 17.3789 53.4884
476 17.3789 53.4884
938 17.3789 53.4884
403 17.3789 53.4884
797 17.3789 53.4884
688 17.3789 53.4884
510 17.3789 53.4884
78 17.3789 53.4884
174 17.6683 53.7098
279 17.9802 53.9484
633 18.3066 54.198
349 18.6411 54.4538
267 18.8256 54.595
422 18.8892 54.6436
391 18.9551 54.694
640 19.0284 54.7501
723 19.087 54.7949
475 20.0032 55.4957
758 21.5053 56.6446
912 24.0769 58.6116
59 24.4818 58.9212
891 24.9078 59.2471
545 25.269 59.5234
233 25.6365 59.8044
324 26.0399 60.113
971 26.4739 60.4449
34 26.8693 60.7474
733 27.2975 61.0749
903 27.7187 61.3971
897 28.1005 61.6891
507 28.5221 62.0115
705 28.9601 62.3466
603 29.4757 62.741
591 30.0871 63.2086
809 30.6024 63.6027
225 31.0935 63.9784
79 31.1509 64.0222
645 31.2213 64.0761
382 31.2861 64.1257
957 31.3563 64.1793
729 31.4257 64.2325
137 31.5016 64.2905
901 31.5698 64.3426
735 31.6406 64.3968
359 31.7215 64.4587
451 31.7896 64.5107
30 31.8544 64.5604
839 31.9134 64.6055
756 31.9717 64.6501
54 32.0389 64.7015
308 32.098 64.7466
89 32.152 64.7879
533 32.2117 64.8336
471 32.2678 64.8765
720 32.2877 64.8917
965 32.3101 64.9089
370 32.3333 64.9266
922 33.0636 65.546
929 33.9947 66.3356
104 35.1597 67.3237
56 36.3767 68.3559
986 37.6297 69.4185
676 37.4908 69.4608
350 37.3357 69.5081
604 37.1675 69.5594
724 37.0392 69.5986
571 36.9019 69.6404
596 36.7843 69.6763
410 36.6644 69.7128
21 36.5192 69.7571
390 36.3836 69.7985
540 36.2692 69.8333
765 36.1432 69.8718
124 36.0078 69.913
779 35.9005 69.9457
732 35.7746 69.9841
404 35.6259 70.0295
80 35.4861 70.0721
365 35.3449 70.1152
976 35.2099 70.1563
459 35.0744 70.1977
523 34.9313 70.2413
878 34.7768 70.2884
134 34.6472 70.3279
715 34.5038 70.3716
576 34.3619 70.4149
894 34.0907 70.4976
804 33.7779 70.593
662 33.3466 70.7245
493 32.9421 70.8478
846 32.5112 70.9792
223 32.5112 70.9792
730 32.5112 70.9792
252 32.5112 70.9792
689 32.5112 70.9792
454 32.5112 70.9792
537 32.5112 70.9792
872 32.5112 70.9792
270 32.5112 70.9792
144 32.5112 70.9792
226 32.5112 70.9792
840 32.5112 70.9792
189 32.2807 70.9712
789 32.0399 70.9629
171 31.8517 70.9564
614 31.6376 70.949
163 31.4055 70.941
296 31.1321 70.9315
327 30.8842 70.9229
806 30.6748 70.9157
910 30.4605 70.9083
526 30.1915 70.899
291 29.9725 70.8914
443 29.689 70.8816
574 29.4646 70.8738
757 29.228 70.8657
950 29.0131 70.8582
60 28.8197 70.8515
333 28.6078 70.8442
658 28.4074 70.8373
788 28.228 70.8311
587 28.0206 70.8239
946 27.8113 70.8167
175 27.6385 70.8107
220 26.3194 70.7651
599 25.2831 70.7292
552 24.1634 70.6905
550 23.1479 70.6554
16 22.1475 70.6208
501 20.8777 70.5769
196 19.0594 70.514
219 19.0594 70.514
927 19.0594 70.514
772 19.0594 70.514
701 19.0594 70.514
329 19.0594 70.514
411 19.0594 70.514
266 19.0594 70.514
635 19.0594 70.514
888 19.0594 70.514
981 19.0594 70.514
338 18.3487 70.532
479 17.6354 70.5501
482 16.9144 70.5683
275 16.1866 70.5867
600 15.4503 70.6053
99 14.6855 70.6247
168 13.8695 70.6454
433 13.0246 70.6668
728 12.4697 70.6808
339 12.0376 70.6917
601 11.5718 70.7035
234 10.9621 70.719
346 10.8899 70.7208
991 10.813 70.7228
48 10.7385 70.7246
556 10.6496 70.7269
361 10.5662 70.729
376 10.4719 70.7314
97 10.3885 70.7335
703 10.3043 70.7356
240 10.2307 70.7374
955 10.2247 70.7376
429 10.2188 70.7377
113 10.2126 70.7379
739 10.2061 70.7381
192 10.1994 70.7382
81 10.1929 70.7384
825 10.1861 70.7386
445 10.1785 70.7387
657 10.1717 70.7389
734 10.1648 70.7391
381 10.1582 70.7392
747 10.1521 70.7394
371 10.1458 70.7396
503 10.1401 70.7397
457 10.134 70.7398
502 10.1281 70.74
398 10.1219 70.7401
551 10.1153 70.7403
784 10.1086 70.7405
924 10.1023 70.7406
970 10.095 70.7408
686 10.0874 70.741
694 10.0803 70.7412
517 10.0736 70.7413
717 10.0671 70.7415
966 10.0608 70.7417
796 10.0551 70.7418
939 10.0483 70.742
680 10.0424 70.7421
639 10.0356 70.7423
879 10.0294 70.7424
948 10.023 70.7426
114 10.0166 70.7428
799 10.0096 70.7429
131 10.0034 70.7431
14 9.99686 70.7433
860 9.99097 70.7434
524 9.98517 70.7435
630 9.97897 70.7437
326 9.97282 70.7439
500 9.96611 70.744
130 9.95937 70.7442
119 9.95218 70.7444
374 9.94502 70.7445
321 9.93787 70.7447
207 9.93054 70.7449
667 9.92384 70.7451
277 9.91748 70.7452
665 9.91092 70.7454
224 9.90433 70.7456
347 9.89812 70.7457
760 9.89931 70.9454
184 9.90077 71.1913
726 9.90187 71.3759
162 9.90292 71.5528
427 9.90398 71.7323
272 9.90503 71.9092
607 9.90616 72.1002
77 9.90722 72.2797
3 9.90834 72.4674
890 9.90963 72.6868
132 9.91063 72.855
400 9.91617 73.7797
830 9.92154 74.6767
255 9.92634 75.4794
316 9.9368 77.2251
298 9.94293 78.2505
300 9.95013 79.4525
736 9.9549 80.2506
815 9.95901 80.9381
554 9.9626 81.5383
75 9.96651 82.1913
203 9.97053 82.8641
90 9.97456 83.5369
325 9.97893 84.2678
719 9.98328 84.9949
944 9.98745 85.6928
169 9.99247 86.5306
827 9.99776 87.4153
585 10.0008 87.9257
360 10.0033 88.3464
244 10.0063 88.8389
213 10.0098 89.4234
560 10.0098 89.4321
780 10.0099 89.4426
750 10.0099 89.455
31 10.01 89.464
399 10.0101 89.4741
178 10.0101 89.4843
615 10.0102 89.4949
95 10.0102 89.5061
1 10.0103 89.5174
792 10.0104 89.5281
263 10.0104 89.5394
106 10.0105 89.5506
759 10.0106 89.5604
914 10.0106 89.5718
711 10.0107 89.5833
988 10.0108 89.5943
380 10.0765 89.5926
199 10.142 89.5909
88 10.2107 89.5891
982 10.2677 89.5876
304 10.3258 89.5861
386 10.3838 89.5846
301 10.4366 89.5832
39 10.4909 89.5818
153 10.5504 89.5802
547 10.6098 89.5787
436 10.6757 89.5769
637 10.7392 89.5753
693 10.805 89.5736
916 10.877 89.5717
462 10.9402 89.57
17 10.9993 89.5685
446 11.0521 89.5671
247 11.107 89.5657
953 11.1592 89.5643
108 11.2185 89.5628
435 11.2773 89.5612
868 11.3341 89.5597
447 11.3968 89.5581
200 11.4603 89.5564
905 11.5201 89.5549
568 11.5848 89.5532
236 11.6488 89.5515
442 11.7094 89.5499
678 11.7618 89.5486
718 11.8209 89.547
405 11.8814 89.5454
557 11.9448 89.5438
364 12 89.5423
892 12.057 89.5408
803 12.1135 89.5394
444 12.17 89.5379
426 12.2263 89.5364
401 12.2867 89.5348
570 12.3491 89.5332
546 12.851 89.5201
628 13.4217 89.5051
969 14.0218 89.4894
138 14.9959 89.4639
431 16.0598 89.4361
608 16.9542 89.4127
41 17.7173 89.3927
871 18.2353 89.3792
886 18.7675 89.3652
699 19.2849 89.3517
859 19.9196 89.3351
695 20.4894 89.3202
487 21.0965 89.3043
954 23.1196 89.2514
773 23.1529 89.2505
231 23.1851 89.2496
918 23.2194 89.2487
256 23.2543 89.2478
167 23.2931 89.2468
578 23.3299 89.2458
13 23.3644 89.2449
610 23.4068 89.2438
456 23.4477 89.2428
36 23.4923 89.2416
76 23.5361 89.2404
776 23.5741 89.2395
491 23.6185 89.2383
631 23.666 89.237
490 23.7119 89.2358
469 23.7548 89.2347
418 23.7997 89.2335
50 23.8414 89.2324
368 23.8851 89.2313
651 23.9305 89.2301
2 23.9805 89.2288
28 24.0197 89.2278
288 24.0609 89.2267
409 24.1037 89.2256
428 24.1489 89.2244
430 24.1875 89.2234
973 24.2271 89.2223
20 24.2771 89.221
611 24.3242 89.2198
808 24.3716 89.2186
253 24.4145 89.2174
753 24.4527 89.2164
441 24.4955 89.2153
697 24.5407 89.2141
115 24.5793 89.2131
768 24.6225 89.212
714 24.6657 89.2109
712 24.7098 89.2097
885 24.7572 89.2085
833 24.8009 89.2073
761 24.8445 89.2062
593 24.8849 89.2051
933 24.9263 89.204
15 24.9688 89.2029
495 25.0138 89.2017
306 25.0616 89.2005
93 25.1051 89.1994
183 25.1538 89.1981
424 25.2034 89.1968
521 25.2489 89.1956
44 25.2983 89.1943
73 25.3501 89.1929
672 25.398 89.1917
786 25.4407 89.1906
227 25.4804 89.1895
58 26.2692 89.1689
696 27.1659 89.1454
249 28.0632 89.122
96 29.2107 89.092
795 30.3016 89.0634
569 31.3414 89.0362
960 31.9358 89.0207
974 32.5839 89.0037
271 32.9431 88.9943
92 33.3075 88.9848
470 33.6914 88.9748
763 34.0878 88.9644
150 34.3671 88.9571
141 34.6809 88.9489
120 35.0092 88.9403
392 35.3726 88.9308
707 35.7234 88.9216
649 36.0693 88.9126
638 36.3889 88.9042
752 36.7372 88.8951
437 37.1014 88.8856
448 37.4361 88.8768
613 37.7691 88.8681
416 38.1187 88.859
919 38.4355 88.8507
72 38.7775 88.8417
139 39.1251 88.8327
265 39.5128 88.8225
22 39.9018 88.8123
394 40.3005 88.8019
172 40.6983 88.7915
877 41.1103 88.7807
548 41.5331 88.7697
305 41.9951 88.7576
53 42.3809 88.7475
146 42.7732 88.7373
292 43.215 88.7257
961 43.7022 88.713
807 43.8296 88.7096
738 43.9631 88.7061
129 44.1155 88.7022
713 44.2782 88.6979
367 44.4319 88.6939
241 44.5553 88.6907
230 44.6966 88.687
766 44.8589 88.6827
874 45.0272 88.6783
746 45.1949 88.674
449 45.3432 88.6701
165 45.5052 88.6659
181 45.6622 88.6618
532 45.8509 88.6568
40 46.0191 88.6524
659 46.1644 88.6486
343 46.3208 88.6445
248 46.4773 88.6405
215 46.6342 88.6364
541 46.8114 88.6317
564 46.9732 88.6275
105 47.1423 88.6231
309 47.3054 88.6188
896 47.5035 88.6137
5 47.6665 88.6094
434 47.8453 88.6047
866 47.9464 88.6021
12 48.0568 88.5992
294 48.1538 88.5967
562 48.2705 88.5936
202 48.4046 88.5901
690 48.5191 88.5871
624 48.6237 88.5844
406 48.7224 88.5818
245 48.826 88.5791
375 48.9227 88.5766
206 49.0244 88.5739
559 49.1349 88.5711
814 49.2458 88.5682
389 49.3578 88.5652
755 49.4736 88.5622
754 49.6046 88.5588
516 49.7164 88.5559
530 49.8232 88.5531
940 49.9359 88.5501
561 50.0432 88.5473
415 50.1765 88.5439
861 50.2951 88.5408
126 50.4085 88.5378
539 50.5195 88.5349
851 50.648 88.5315
82 50.7576 88.5287
193 50.8784 88.5255
636 51.0079 88.5221
408 51.1344 88.5188
536 51.2615 88.5155
887 51.3926 88.5121
239 51.5077 88.5091
313 51.6415 88.5056
344 51.7665 88.5023
563 51.8763 88.4995
511 52.0115 88.4959
911 52.158 88.4921
177 52.2883 88.4887
259 52.4012 88.4858
185 52.5223 88.4826
584 52.6266 88.4799
642 52.7207 88.4774
774 52.8322 88.4745
335 52.9431 88.4716
320 53.0472 88.4689
319 53.1587 88.466
980 53.2876 88.4626
737 53.4096 88.4595
618 53.5181 88.4566
895 53.6264 88.4538
856 53.7497 88.4506
882 53.8627 88.4476
378 53.9796 88.4446
179 54.0812 88.4419
23 54.1928 88.439
880 54.2992 88.4362
947 54.4104 88.4333
62 54.5253 88.4303
156 54.6369 88.4274
140 54.7525 88.4244
952 54.8754 88.4212
118 54.9929 88.4181
826 55.0992 88.4153
280 55.2301 88.4119
567 55.3706 88.4083
317 55.4929 88.4051
369 55.6112 88.402
622 55.7431 88.3985
18 55.8531 88.3957
297 55.8531 88.3957
816 55.8531 88.3957
395 55.8531 88.3957
575 55.8531 88.3957
931 55.8531 88.3957
782 55.8531 88.3957
149 63.4437 88.4162
318 64.3612 88.4187
477 65.1035 88.4207
817 65.8918 88.4229
417 66.7538 88.4252
823 67.099 88.4261
620 67.4503 88.4271
158 67.8357 88.4281
42 68.1986 88.4291
159 68.6197 88.4302
285 68.9511 88.4311
494 69.3021 88.4321
353 69.6023 88.4329
992 69.8925 88.4337
145 70.2402 88.4346
544 70.5751 88.4355
52 70.913 88.4364
464 71.265 88.4374
845 71.6598 88.4384
813 72.0522 88.4395
984 72.3971 88.4404
273 73.1541 88.4425
251 74.4122 88.4459
580 75.9379 88.45
742 78.2486 88.4563
928 80.6862 88.4629
725 80.7116 88.424
864 80.7356 88.3875
648 80.7585 88.3526
322 80.7783 88.3224
889 80.7987 88.2913
820 80.8167 88.2637
666 80.8369 88.2331
983 80.8569 88.2026
135 80.8796 88.1678
893 81.1925 87.6908
740 81.5604 87.1297
854 81.8538 86.6824
685 83.3423 84.4126
311 84.329 82.908
473 84.783 82.2158
204 85.3583 81.3386
25 85.8612 80.5717
372 86.3944 79.7587
450 86.1088 75.0159
660 85.9075 71.6734
497 85.4312 63.7625
506 85.2107 63.6218
838 84.997 63.4854
201 84.8179 63.371
884 84.6678 63.2752
684 84.5137 63.1768
107 84.3593 63.0782
242 84.1925 62.9717
385 84.0394 62.874
136 83.8815 62.7732
198 83.7375 62.6812
170 83.6056 62.597
528 83.4738 62.5129
332 83.3047 62.4049
977 83.1213 62.2878
951 82.9323 62.1672
553 76.5596 61.9199
583 76.3211 62.1749
932 76.0883 62.4238
387 75.7931 62.7393
967 75.4664 63.0885
942 74.8408 63.7573
110 74.2308 64.4094
383 73.6777 65.0007
334 73.1412 65.5742
393 72.5263 66.2316
900 72.0175 66.7755
852 71.5383 67.2878
420 71.0303 67.8309
904 70.4333 68.469
605 69.9329 69.004
515 69.7903 69.1564
654 69.6673 69.2879
152 69.5513 69.4119
595 69.419 69.5534
340 69.2797 69.7023
727 69.1476 69.8435
173 69.0212 69.9786
650 68.9026 70.1054
867 68.7691 70.2482
68 68.6329 70.3938
987 68.4792 70.558
238 68.3518 70.6942
671 68.2103 70.8455
668 68.1241 70.9377
481 68.0361 71.0317
83 67.9508 71.123
937 67.864 71.2156
975 67.7885 71.2964
290 67.6978 71.3934
962 67.6085 71.4889
837 67.5109 71.5931
832 67.4077 71.7035
51 67.3214 71.7957
509 67.2321 71.8912
818 67.1498 71.9791
579 67.0638 72.0712
744 66.9647 72.177
465 66.863 72.2857
71 66.523 72.1238
229 66.1411 71.9419
460 65.8347 71.796
775 65.5583 71.6644
800 63.6907 70.775
582 62.517 70.216
432 61.6847 69.8196
801 60.9127 69.452
513 55.7948 67.0147
855 55.0416 66.656
625 54.3473 66.3253
264 53.5812 65.9605
802 53.5812 65.9605
647 53.6022 65.8866
907 53.6202 65.8232
315 53.6348 65.7719
558 53.6517 65.7121
91 53.6683 65.6536
683 53.6875 65.5859
468 53.7073 65.516
67 53.7269 65.4471
538 53.7457 65.3806
216 53.7613 65.3256
440 53.778 65.2669
597 53.7948 65.2076
968 53.8093 65.1566
617 53.8243 65.1035
769 53.8394 65.0502
281 53.8576 64.9862
282 53.8724 64.9341
632 53.8855 64.8879
484 53.9005 64.8348
109 53.9162 64.7797
847 53.9317 64.7248
921 53.947 64.6709
112 53.9951 64.5015
9 54.0435 64.3307
161 54.1015 64.1263
577 54.1534 63.9431
453 54.1954 63.795
857 54.2387 63.6425
94 54.2924 63.4532
188 54.5244 62.6353
293 54.7033 62.0043
964 54.8547 61.4705
743 55.0079 60.9304
621 55.1782 60.3301
84 55.3354 59.7758
208 55.5033 59.1839
945 55.7474 58.3232
843 55.7474 58.3232
235 55.7474 58.3232
478 56.0115 58.0281
85 56.2311 57.7828
791 56.4287 57.562
793 56.6523 57.3121
498 56.869 57.07
101 57.0988 56.8132
798 57.3429 56.5405
102 57.6436 56.2044
623 57.8602 55.9624
35 58.0608 55.7383
186 58.2752 55.4988
262 58.4982 55.2496
286 58.71 55.013
396 58.9375 54.7588
492 59.1485 54.5229
762 59.3491 54.2988
923 59.6595 53.952
810 60.0648 53.4991
519 60.5372 52.9713
485 61.0167 52.4355
357 61.5341 51.8574
143 61.9645 51.3765
926 62.3598 50.9348
70 62.7494 50.4995
323 63.1846 50.0132
232 63.3993 49.7734
670 63.5872 49.5634
850 63.7511 49.3803
644 63.9258 49.1851
656 64.0925 48.9988
190 64.2876 48.7808
941 64.5048 48.5381
606 65.1405 47.8279
466 65.788 47.1044
29 66.2892 46.5444
592 66.7156 46.0679
609 67.0431 45.702
767 67.3106 45.4031
117 67.7236 44.9417
842 68.2031 44.4059
195 68.7613 43.7822
425 69.234 43.2541
920 69.7132 42.7187
314 71.6726 40.2053
520 76.6165 33.8637
835 77.1985 33.1172
745 77.8167 32.3242
274 78.6801 31.2167
590 80.305 29.1325
33 81.8325 27.1732
98 83.631 24.8663
483 86.1721 17.5012
979 86.1001 17.5303
243 86.026 17.5603
345 85.9448 17.5932
627 85.8646 17.6257
260 85.7862 17.6574
