0,103,959,777,598,24,721,581,176,819,295,504,217,716,197,828,555,45,751,209,43,594,978,164,785,634,6,781,355,358,873,821,831,906,586,945,843,492,19,419,844,421,377,250,930,681,63,870,865,66,458,55,27,875,388,461,692,342,276,69,452,508,257,619,783,522,917,706,49,7,876,862,687,811,38,679,989,566,790,664,127,778,210,191,194,748,472,414,529,356,155,935,180,413,853,869,467,151,480,848,512,834,518,289,643,702,160,704,669,284,111,573,363,439,278,307,653,709,407,64,934,287,26,379,246,310,337,626,787,261,351,822,883,673,221,824,915,899,902,354,366,588,722,629,812,488,61,412,646,741,187,674,881,682,211,362,331,254,8,963,836,348,4,985,258,549,402,299,710,943,486,602,455,283,898,794,661,514,121,572,125,133,423,612,86,268,829,990,32,65,700,641,474,74,78,958,908,148,228,174,205,328,46,384,87,10,499,330,123,655,703,531,214,212,222,352,805,652,128,849,663,505,534,116,770,616,749,527,949,196,489,841,708,925,166,565,771,972,57,157,142,182,863,764,691,731,463,956,909,218,303,858,677,373,100,936,154,47,312,341,122,279,758,336,542,269,913,59,422,403,543,324,496,698,476,938,302,438,797,37,633,535,475,723,391,397,237,525,11,688,510,603,705,733,552,233,903,507,897,34,526,329,104,809,147,291,981,910,922,370,891,720,533,756,912,30,839,267,640,545,604,957,382,645,965,729,789,459,927,451,735,501,89,971,56,662,471,878,54,365,266,576,676,493,308,929,21,390,225,596,954,732,327,134,523,715,410,614,124,144,591,252,689,454,730,226,270,41,167,443,189,574,950,60,333,658,788,587,296,175,806,888,901,137,846,599,757,168,571,411,349,635,223,359,550,701,79,860,338,479,482,275,600,99,234,14,131,799,114,948,879,639,680,939,796,966,717,376,601,192,113,400,556,429,255,346,81,694,772,739,132,361,298,890,433,728,3,398,77,747,607,734,371,381,445,272,427,162,97,503,457,502,551,784,924,970,686,219,220,589,347,517,657,760,339,726,224,665,277,667,207,321,374,119,130,500,326,630,524,946,615,203,830,944,399,792,560,360,90,991,48,825,75,316,955,554,240,447,759,263,380,678,236,905,325,405,169,982,833,435,988,442,780,868,1,436,547,178,914,95,39,300,106,693,718,803,892,364,557,736,426,93,546,916,17,200,827,138,585,711,637,815,301,213,719,88,15,184,570,969,568,973,699,199,58,386,108,31,750,304,401,153,444,628,446,247,953,608,456,786,712,183,933,651,491,776,120,76,36,44,610,495,808,20,768,96,115,697,150,441,593,753,885,761,253,487,521,428,409,288,430,773,918,92,672,578,714,306,2,13,695,859,638,886,871,227,73,462,368,431,469,244,418,141,696,50,611,16,872,537,649,424,249,960,490,631,28,470,343,181,569,389,172,309,449,448,613,241,292,22,877,795,129,752,559,564,416,919,536,305,807,256,394,814,139,532,961,861,755,156,952,530,562,126,408,82,294,72,53,231,840,738,392,707,146,230,271,265,974,319,548,215,245,5,713,437,874,766,584,62,896,335,179,12,415,826,737,193,369,895,280,248,940,140,575,23,887,642,947,434,690,754,816,856,624,320,206,539,763,511,259,344,561,636,563,406,367,882,746,40,851,313,659,618,774,239,105,880,165,375,516,541,118,866,202,911,801,567,980,317,177,80,404,986,163,350,724,171,779,540,765,894,235,976,264,440,315,484,577,84,798,964,621,281,597,186,804,683,802,558,515,782,216,513,968,161,282,857,453,94,632,987,9,112,921,847,109,208,769,855,617,188,791,91,519,810,478,85,293,262,538,923,286,793,498,468,101,396,623,850,767,102,485,117,743,941,190,420,647,650,800,35,625,290,962,605,671,762,238,393,907,668,18,67,509,832,654,727,460,152,900,579,867,334,68,818,904,340,173,51,595,110,383,201,837,975,432,582,378,481,395,229,465,937,185,845,464,273,984,744,931,297,477,775,251,42,620,159,893,823,666,622,52,544,817,813,158,318,742,992,353,854,322,580,820,285,494,149,71,83,864,928,983,740,135,417,889,145,685,660,648,725,473,528,450,204,311,25,372,332,884,198,852,170,684,497,951,136,385,107,242,838,506,977,745,466,609,926,670,553,942,656,357,644,70,842,932,920,195,606,387,967,323,29,592,232,425,274,583,675,314,143,590,520,835,33,98,627,345,979,483,260,243,
value : 420.071 running time : 664.209508
0 80 20
103 66.6852 15.5133
959 66.2314 16.092
777 65.9022 16.5119
598 65.5816 16.9208
24 65.2792 17.3064
721 65.0023 17.6597
581 64.162 18.7313
176 63.3816 19.7267
819 62.122 21.3331
295 61.0203 22.7382
504 59.7108 24.4083
217 53.7111 32.0601
716 53.5763 32.232
197 53.4725 32.3643
828 53.3841 32.4772
555 53.2905 32.5965
45 53.1908 32.7236
751 53.072 32.8752
209 52.9503 33.0304
43 52.8246 33.1906
594 52.7078 33.3397
978 52.5987 33.4788
164 52.5111 33.5905
785 52.4104 33.7189
634 52.3089 33.8483
6 52.2146 33.9686
781 52.1056 34.1077
355 51.9908 34.2541
358 51.882 34.3928
873 51.7774 34.5263
821 51.6635 34.6715
831 51.4973 34.8835
906 50.5954 36.0338
586 49.8566 36.976
945 49.1695 37.8523
843 49.1207 37.7252
492 49.0174 37.4557
19 48.4309 35.9261
419 47.862 34.4423
844 47.7153 34.5777
421 47.5816 34.7012
377 47.4569 34.8163
250 47.3107 34.9513
930 47.1597 35.0907
681 47.006 35.2325
63 46.8383 35.3873
870 46.6878 35.5263
865 46.5476 35.6558
66 46.3907 35.8005
458 46.2443 35.9358
55 46.0942 36.0743
27 45.776 36.368
875 45.2725 36.8328
388 40.0769 41.6292
461 40.0769 41.6292
692 40.0769 41.6292
342 40.0769 41.6292
276 40.0769 41.6292
69 40.0769 41.6292
452 40.0769 41.6292
508 40.0769 41.6292
257 40.0769 41.6292
619 40.0769 41.6292
783 40.0769 41.6292
522 40.0769 41.6292
917 40.0769 41.6292
706 40.0769 41.6292
49 40.0769 41.6292
7 40.0769 41.6292
876 40.0769 41.6292
862 40.0769 41.6292
687 40.0769 41.6292
811 40.0769 41.6292
38 40.0769 41.6292
679 40.0769 41.6292
989 40.0769 41.6292
566 40.0769 41.6292
790 40.0769 41.6292
664 40.0769 41.6292
127 40.0769 41.6292
778 40.0528 41.5284
210 40.0267 41.4189
191 39.9946 41.2839
194 39.9697 41.1797
748 39.9426 41.0659
472 39.9165 40.9566
414 39.8864 40.8305
529 39.8571 40.7075
356 39.8324 40.604
155 39.8065 40.4952
935 39.7784 40.3774
180 39.7537 40.2738
413 39.725 40.1533
853 39.2994 38.3681
869 38.9141 36.7522
467 38.9141 36.7522
151 38.9141 36.7522
480 38.9141 36.7522
848 38.9141 36.7522
512 38.9141 36.7522
834 38.8297 28.4714
518 38.7148 17.2082
289 38.7148 17.2082
643 35.41 18.4295
702 34.8945 18.62
160 34.6345 18.7161
704 34.3832 18.809
669 34.106 18.9114
284 33.8294 19.0137
111 33.6002 19.0984
573 33.3586 19.1877
363 33.0916 19.2864
439 32.7965 19.3954
278 32.5534 19.4852
307 32.5534 19.4852
653 32.5534 19.4852
709 32.4328 19.4676
407 32.3219 19.4514
64 32.2111 19.4352
934 32.1125 19.4207
287 31.8625 19.3842
26 31.6053 19.3465
379 31.325 19.3055
246 31.0089 19.2593
310 30.7364 19.2194
337 30.4345 19.1752
626 30.0952 19.1256
787 29.7716 19.0783
261 29.4509 19.0313
351 28.5613 18.9012
822 27.641 18.7665
883 26.2507 18.5632
673 20.6833 17.7489
221 20.6833 17.7489
824 20.4396 17.6632
915 20.1308 17.5546
899 19.7805 17.4314
902 19.4313 17.3086
354 19.0737 17.1828
366 16.8045 16.3848
588 14.823 15.688
722 13.1505 15.0999
629 12.9745 15.038
812 12.8018 14.9772
488 12.806 15.3036
61 12.811 15.6841
412 12.8158 16.0521
646 12.8204 16.3982
741 12.8252 16.7628
187 12.8296 17.0976
674 12.8453 17.2047
881 12.8609 17.3114
682 12.8795 17.4381
211 12.8975 17.5611
362 12.9167 17.6919
331 12.9357 17.8214
254 12.9524 17.9352
8 12.9692 18.0503
963 13.2995 20.3028
836 13.5598 22.0785
348 13.7276 23.2233
4 14.0087 25.1406
985 14.2487 26.7779
258 14.4045 27.8409
549 14.7491 30.1911
402 14.5783 30.3386
299 14.3875 30.5033
710 14.2181 30.6496
943 14.062 30.7844
486 13.8977 30.9262
602 13.5597 31.218
455 13.0029 31.6989
283 12.4761 32.1537
898 12.0263 32.542
794 12.0421 32.5876
661 12.059 32.6363
514 12.0764 32.6866
121 12.0947 32.7398
572 12.111 32.7869
125 12.1297 32.841
133 12.1459 32.8877
423 12.165 32.9428
612 12.1813 32.99
86 12.1813 32.99
268 12.1813 32.99
829 12.1813 32.99
990 12.1813 32.99
32 12.1813 32.99
65 12.1813 32.99
700 12.1813 32.99
641 12.1813 32.99
474 12.1813 32.99
74 12.2732 33.8877
78 12.6028 37.1099
958 12.8265 39.2956
908 13.0699 41.6747
148 13.0699 41.6747
228 13.0699 41.6747
174 13.0699 41.6747
205 13.0699 41.6747
328 11.4715 43.7311
46 11.4738 43.9042
384 11.4762 44.0805
87 11.4786 44.2554
10 11.4812 44.4436
499 11.4837 44.6283
330 11.4867 44.8543
123 11.49 45.0968
655 11.4934 45.3452
703 11.5616 50.3651
531 11.5776 51.5469
214 11.5776 51.5469
212 11.5776 51.5469
222 11.5776 51.5469
352 11.5776 51.5469
805 11.5776 51.5469
652 11.5776 51.5469
128 11.5776 51.5469
849 11.5776 51.5469
663 11.5776 51.5469
505 11.5776 51.5469
534 11.5776 51.5469
116 11.5776 51.5469
770 11.5776 51.5469
616 11.5776 51.5469
749 11.5776 51.5469
527 11.5776 51.5469
949 11.5776 51.5469
196 11.5776 51.5469
489 11.5776 51.5469
841 11.5776 51.5469
708 11.5776 51.5469
925 11.5776 51.5469
166 11.5776 51.5469
565 11.5776 51.5469
771 11.5776 51.5469
972 11.5776 51.5469
57 11.5776 51.5469
157 11.5776 51.5469
142 11.5776 51.5469
182 11.5776 51.5469
863 11.5776 51.5469
764 11.5776 51.5469
691 11.5776 51.5469
731 11.5776 51.5469
463 11.5776 51.5469
956 11.5776 51.5469
909 11.5776 51.5469
218 11.5776 51.5469
303 11.5776 51.5469
858 11.5776 51.5469
677 11.5776 51.5469
373 11.5776 51.5469
100 11.5776 51.5469
936 11.5776 51.5469
154 11.5776 51.5469
47 11.5776 51.5469
312 11.5776 51.5469
341 11.5776 51.5469
122 11.5776 51.5469
279 13.4113 51.9399
758 15.0402 52.2891
336 16.5588 52.6145
542 18.0913 52.943
269 20.1405 53.3822
913 20.3846 53.4345
59 20.605 53.4817
422 20.8143 53.5266
403 21.0316 53.5732
543 21.2574 53.6215
324 21.4688 53.6669
496 21.6671 53.7093
698 21.8838 53.7558
476 22.1071 53.8036
938 22.4019 53.8668
302 22.7051 53.9318
438 22.9615 53.9867
797 23.2108 54.0402
37 23.4892 54.0998
633 23.7657 54.1591
535 24.045 54.2189
475 24.3173 54.2773
723 24.5999 54.3378
391 24.912 54.4047
397 25.2509 54.4774
237 25.6114 54.5546
525 25.6114 54.5546
11 25.6114 54.5546
688 26.1489 55.3577
510 26.6881 56.1632
603 27.2239 56.9637
705 27.7586 57.7626
733 28.3425 58.6348
552 28.8963 59.4624
233 29.129 59.81
903 29.3992 60.2137
507 29.6437 60.579
897 29.9007 60.9629
34 30.182 61.3832
526 30.4996 61.8577
329 30.5519 61.9358
104 30.6099 62.0225
809 30.6662 62.1066
147 30.7217 62.1895
291 30.7905 62.2924
981 30.8501 62.3814
910 30.9226 62.4897
922 30.98 62.5755
370 31.0415 62.6673
891 31.1029 62.759
720 31.1704 62.8599
533 31.2372 62.9596
756 31.2997 63.0531
912 31.3698 63.1578
30 31.4371 63.2584
839 31.5021 63.3555
267 31.5673 63.4529
640 31.6342 63.5529
545 31.7025 63.6548
604 31.7854 63.7787
957 31.8391 63.859
382 31.8957 63.9435
645 31.9565 64.0343
965 32.0153 64.1222
729 32.0725 64.2076
789 32.1385 64.3062
459 32.186 64.3773
927 32.2304 64.4435
451 32.2732 64.5075
735 32.3315 64.5947
501 32.3981 64.6942
89 32.4576 64.783
971 32.5288 64.8894
56 32.5997 64.9954
662 32.6688 65.0986
471 32.7235 65.1803
878 32.7855 65.273
54 32.8447 65.3613
365 32.9055 65.4522
266 32.9655 65.5419
576 33.0237 65.6288
676 33.084 65.7189
493 33.0215 65.9128
308 32.9566 66.1141
929 32.8933 66.3102
21 32.8241 66.5248
390 32.7569 66.7331
225 32.6887 66.9447
596 32.6219 67.1519
954 32.553 67.3654
732 32.553 67.3655
327 32.553 67.3655
134 32.553 67.3656
523 32.553 67.3657
715 32.5529 67.3657
410 32.5529 67.3658
614 32.5529 67.3659
124 32.5529 67.3659
144 32.5528 67.366
591 32.0619 67.7977
252 31.5709 68.2295
689 31.0963 68.6468
454 30.6337 69.0536
730 30.1857 69.4475
226 29.7407 69.8389
270 29.304 70.2229
41 28.8803 70.5955
167 28.7882 70.6764
443 28.7882 70.6764
189 28.7882 70.6764
574 28.6523 70.6776
950 28.5137 70.6788
60 28.3905 70.6799
333 28.2574 70.681
658 28.1295 70.6821
788 28.0122 70.6831
587 27.8868 70.6842
296 27.7678 70.6852
175 27.6495 70.6862
806 27.4065 70.6883
888 27.0725 70.6912
901 26.7724 70.6938
137 26.4709 70.6964
846 26.1216 70.6994
599 25.8008 70.7022
757 25.4726 70.705
168 25.1448 70.7078
571 24.8697 70.7102
411 24.5564 70.7129
349 24.275 70.7153
635 23.9853 70.7178
223 23.7107 70.7202
359 23.1413 70.7251
550 22.3341 70.732
701 21.5591 70.7387
79 20.8238 70.7451
860 18.0646 70.7688
338 17.1921 70.7763
479 16.4527 70.7826
482 15.6922 70.7892
275 14.9498 70.7956
600 14.0875 70.803
99 13.0036 70.8123
234 10.8917 70.8305
14 10.8792 70.8306
131 10.8679 70.8307
799 10.8557 70.8308
114 10.845 70.8309
948 10.8332 70.831
879 10.8213 70.8311
639 10.8091 70.8312
680 10.798 70.8313
939 10.7853 70.8314
796 10.7749 70.8315
966 10.762 70.8316
717 10.751 70.8317
376 10.7408 70.8318
601 10.7311 70.8319
192 10.7081 70.8321
113 10.6871 70.8323
400 10.664 70.8325
556 10.64 70.8327
429 10.6185 70.8329
255 10.5938 70.8331
346 10.5731 70.8332
81 10.5517 70.8334
694 10.5278 70.8336
772 10.5083 70.8338
739 10.4869 70.834
132 10.4661 70.8342
361 10.4432 70.8344
298 10.417 70.8346
890 10.3941 70.8348
433 10.3724 70.835
728 10.3507 70.8352
3 10.3303 70.8353
398 10.3094 70.8355
77 10.2845 70.8357
747 10.2623 70.8359
607 10.2397 70.8361
734 10.2173 70.8363
371 10.1952 70.8365
381 10.1737 70.8367
445 10.1534 70.8369
272 10.1341 70.837
427 10.1123 70.8372
162 10.0921 70.8374
97 10.0705 70.8376
503 10.049 70.8378
457 10.0274 70.8379
502 10.0068 70.8381
551 9.98546 70.8383
784 9.96271 70.8385
924 9.94296 70.8387
970 9.91905 70.8389
686 9.89588 70.8391
219 9.87521 70.8393
220 9.85555 70.8394
589 9.83065 70.8396
347 9.80584 70.8399
517 9.80593 71.0331
657 9.80601 71.2218
760 9.80609 71.3889
339 9.80619 71.6223
726 9.80628 71.8185
224 9.80637 71.9998
665 9.80644 72.1747
277 9.80653 72.3582
667 9.80662 72.5532
207 9.80671 72.7533
321 9.8068 72.9492
374 9.80688 73.1295
119 9.80696 73.2967
130 9.80704 73.474
500 9.80714 73.6944
326 9.80723 73.9053
630 9.80732 74.0945
524 9.80741 74.3067
946 9.80785 75.2679
615 9.80822 76.0776
203 9.80855 76.8092
830 9.80885 77.4615
944 9.80914 78.1099
399 9.80942 78.7301
792 9.80966 79.266
560 9.80988 79.7399
360 9.81011 80.238
90 9.81031 80.6815
991 9.81052 81.136
48 9.81075 81.6491
825 9.81097 82.1349
75 9.81121 82.6635
316 9.81146 83.2259
955 9.81169 83.7237
554 9.81192 84.2379
240 9.81221 84.8688
447 9.81252 85.5577
759 9.81279 86.1391
263 9.8131 86.8263
380 9.81341 87.5186
678 9.8135 87.7212
236 9.81359 87.9189
905 9.81367 88.0941
325 9.81376 88.2924
405 9.81387 88.5175
169 9.81395 88.7076
982 9.81405 88.9149
833 9.81415 89.1321
435 9.81421 89.2807
988 9.81427 89.4083
442 9.82022 89.4078
780 9.82551 89.4074
868 9.8301 89.4071
1 9.83557 89.4067
436 9.84085 89.4063
547 9.84578 89.4059
178 9.8511 89.4055
914 9.85638 89.4051
95 9.8619 89.4046
39 9.86667 89.4043
300 9.87183 89.4039
106 9.87722 89.4035
693 9.88286 89.403
718 9.88832 89.4026
803 9.89367 89.4022
892 9.89921 89.4018
364 9.9045 89.4014
557 9.91012 89.4009
736 9.91521 89.4005
426 9.92066 89.4001
93 9.92669 89.3997
546 9.93201 89.3992
916 9.93786 89.3988
17 9.94306 89.3984
200 9.94777 89.398
827 9.95285 89.3976
138 9.95841 89.3972
585 9.96354 89.3968
711 9.96935 89.3964
637 9.97505 89.3959
815 9.98071 89.3955
301 9.98591 89.3951
213 9.99105 89.3947
719 10.4348 89.3605
88 10.9308 89.3224
15 11.348 89.2903
184 11.646 89.2673
570 11.7569 89.2588
969 11.8903 89.2485
568 12.0428 89.2368
973 12.199 89.2247
699 12.348 89.2133
199 12.4939 89.202
58 12.659 89.1893
386 12.7958 89.1788
108 12.9331 89.1682
31 13.0833 89.1567
750 13.2264 89.1456
304 13.3763 89.1341
401 13.5219 89.1229
153 13.6891 89.11
444 13.8633 89.0966
628 14.0455 89.0826
446 14.2344 89.0681
247 14.4252 89.0534
953 14.6156 89.0387
608 16.8344 88.868
456 18.4018 88.7474
786 19.7835 88.641
712 20.0591 88.6198
183 20.3528 88.5972
933 20.6472 88.5746
651 20.9556 88.5508
491 21.254 88.5279
776 21.5542 88.5047
120 21.9112 88.4773
76 22.2128 88.454
36 22.5003 88.4319
44 22.7834 88.4101
610 23.0744 88.3877
495 23.35 88.3665
808 23.686 88.3406
20 23.9559 88.3199
768 23.9579 88.3181
96 23.96 88.3162
115 23.962 88.3144
697 23.9642 88.3124
150 23.966 88.3108
441 23.9679 88.3091
593 23.9698 88.3073
753 23.9719 88.3055
885 23.974 88.3036
761 23.976 88.3018
253 23.9781 88.2999
487 23.9801 88.298
521 23.9841 88.2969
428 23.9887 88.2956
409 23.9928 88.2944
288 23.9971 88.2932
430 24.0016 88.2919
773 24.0065 88.2905
918 24.0109 88.2892
92 24.0153 88.288
672 24.0195 88.2868
578 24.0235 88.2856
714 24.0274 88.2845
306 24.0319 88.2832
2 24.0365 88.2819
13 24.0403 88.2808
695 24.0448 88.2795
859 24.0495 88.2782
638 24.0542 88.2768
886 24.0582 88.2757
871 24.0621 88.2746
227 24.0663 88.2734
73 24.0992 88.2639
462 24.1277 88.2558
368 24.1589 88.2468
431 24.1893 88.2381
469 24.2195 88.2295
244 24.2503 88.2207
418 24.2828 88.2113
141 24.3148 88.2022
696 24.3435 88.194
50 24.3729 88.1855
611 24.4046 88.1765
16 25.3127 87.9163
872 26.1543 87.6752
537 26.7651 87.5002
649 28.7942 87.6855
424 29.2443 87.7265
249 29.7279 87.7707
960 30.2943 87.8223
490 30.6609 87.8558
631 31.0277 87.8893
28 31.875 87.9666
470 32.9939 88.0687
343 34.0712 88.167
181 34.5261 88.2085
569 34.8977 88.2424
389 35.2492 88.2745
172 35.5427 88.3013
309 35.8398 88.3284
449 36.129 88.3547
448 36.403 88.3797
613 36.6753 88.4046
241 36.953 88.4299
292 37.2273 88.4549
22 37.4977 88.4796
877 37.7703 88.5045
795 38.04 88.5291
129 38.3292 88.5554
752 38.6073 88.5808
559 38.9072 88.6082
564 39.1201 88.6276
416 39.3213 88.6459
919 39.5226 88.6643
536 39.7485 88.6849
305 39.9449 88.7028
807 40.1291 88.7196
256 40.313 88.7364
394 40.5139 88.7547
814 40.7199 88.7735
139 40.9099 88.7908
532 42.4183 88.9285
961 42.9843 88.9802
861 42.9843 88.9802
755 42.9843 88.9802
156 42.9843 88.9802
952 42.9843 88.9802
530 42.9843 88.9802
562 42.9843 88.9802
126 42.9843 88.9802
408 42.9843 88.9802
82 42.9843 88.9802
294 42.9843 88.9802
72 42.9843 88.9802
53 42.9843 88.9802
231 42.9843 88.9802
840 42.9843 88.9802
738 42.9843 88.9802
392 42.9843 88.9802
707 42.9843 88.9802
146 42.9843 88.9802
230 42.9843 88.9802
271 42.9843 88.9802
265 42.9843 88.9802
974 42.9843 88.9802
319 43.48 88.9827
548 43.9618 88.9851
215 44.4827 88.9878
245 45.0371 88.9906
5 45.5454 88.9932
713 46.0527 88.9958
437 46.5557 88.9983
874 47.108 89.0011
766 47.7823 89.0045
584 49.1493 89.0114
62 49.1711 89.0115
896 49.1934 89.0116
335 49.2139 89.0117
179 49.2348 89.0118
12 49.2571 89.0119
415 49.2781 89.0121
826 49.2988 89.0122
737 49.3223 89.0123
193 49.3414 89.0124
369 49.3639 89.0125
895 49.3839 89.0126
280 49.4052 89.0127
248 49.4251 89.0128
940 49.4472 89.0129
140 49.4697 89.013
575 49.4925 89.0132
23 49.5132 89.0133
887 49.5328 89.0134
642 49.5518 89.0135
947 49.5731 89.0136
434 49.5948 89.0137
690 49.616 89.0138
754 49.6366 89.0139
816 49.6579 89.014
856 49.6781 89.0141
624 49.696 89.0142
320 49.7131 89.0143
206 49.7308 89.0144
539 49.7497 89.0145
763 49.7705 89.0146
511 49.7924 89.0147
259 49.8124 89.0148
344 49.8316 89.0149
561 49.8474 89.015
636 49.8668 89.0151
563 49.8861 89.0152
406 49.9069 89.0153
367 49.9282 89.0154
882 49.9479 89.0155
746 49.9666 89.0156
40 49.9861 89.0157
851 50.0055 89.0158
313 50.0247 89.0159
659 50.0424 89.016
618 50.0633 89.0161
774 50.0826 89.0162
239 50.1009 89.0163
105 50.1207 89.0164
880 50.1399 89.0165
165 50.1587 89.0166
375 50.1784 89.0167
516 50.199 89.0168
541 50.2195 89.0169
118 50.2399 89.017
866 50.2592 89.0171
202 50.2818 89.0172
911 50.3035 89.0173
801 50.7503 87.3516
567 50.7503 87.3516
980 50.7503 87.3516
317 50.7503 87.3516
177 50.7503 87.3516
80 49.7359 73.7464
404 49.4092 69.364
986 49.4073 69.3306
163 49.4054 69.2973
350 49.4037 69.2662
724 49.4018 69.2334
171 49.3775 68.8008
779 49.3539 68.379
540 49.3306 67.9644
765 49.2981 67.3859
894 49.3858 67.3271
235 49.4744 67.2679
976 49.5558 67.2133
264 49.7384 67.0911
440 49.9289 66.9636
315 50.0855 66.8587
484 50.2328 66.7601
577 50.4043 66.6453
84 50.557 66.5431
798 50.7026 66.4456
964 50.8532 66.3447
621 50.9863 66.2556
281 51.1272 66.1613
597 51.2711 66.0649
186 51.4137 65.9694
804 51.48 65.9251
683 51.5529 65.8763
802 51.6302 65.8245
558 51.7327 65.7559
515 51.8357 65.687
782 51.9215 65.6295
216 52.0234 65.5613
513 52.1189 65.4973
968 52.2338 65.4204
161 52.3449 65.346
282 52.4488 65.2765
857 52.545 65.2121
453 52.6508 65.1412
94 52.7538 65.0723
632 52.8651 64.9977
987 52.9835 64.9185
9 53.0943 64.8443
112 53.2077 64.7684
921 53.3188 64.694
847 53.5607 64.5321
109 53.7685 64.393
208 53.9878 64.2461
769 54.1972 64.1059
855 54.4276 63.9517
617 54.6812 63.7819
188 54.9422 63.6071
791 55.1732 63.4525
91 55.4078 63.2954
519 55.7523 63.0648
810 56.0283 62.88
478 56.3074 62.6931
85 56.535 62.5408
293 56.7617 62.389
262 56.9775 62.2445
538 56.9775 62.2445
923 56.9775 62.2445
286 56.9775 62.2445
793 56.9775 62.2445
498 56.9775 62.2445
468 56.9775 62.2445
101 56.9775 62.2445
396 56.9775 62.2445
623 56.9775 62.2445
850 62.5874 62.306
767 62.5874 62.306
102 62.5874 62.306
485 62.5874 62.306
117 62.5874 62.306
743 62.289 63.6444
941 62.4155 64.0663
190 62.5764 64.6031
420 62.7788 65.278
647 62.9859 65.9689
650 63.2092 66.7134
800 63.4312 67.4541
35 63.5549 67.4723
625 63.6907 67.4924
290 63.8391 67.5143
962 63.9778 67.5348
605 64.099 67.5527
671 64.2287 67.5719
762 64.373 67.5932
238 64.524 67.6155
393 64.6722 67.6374
907 64.8166 67.6588
668 64.9579 67.6797
18 65.1028 67.7011
67 65.2482 67.7225
509 65.3834 67.7425
832 65.5235 67.7632
654 65.6865 67.7873
727 65.8386 67.8098
460 65.986 67.8316
152 66.1573 67.8569
900 66.3127 67.8798
579 66.4595 67.9015
867 66.5974 67.9219
334 66.7423 67.9433
68 66.7581 68.83
818 66.776 69.8312
904 66.776 69.8312
340 66.776 69.8312
173 66.776 69.8312
51 66.776 69.8312
595 66.776 69.8312
110 66.776 69.8312
383 66.776 69.8312
201 66.6669 70.3652
837 66.471 71.325
975 66.2916 72.2033
432 66.0797 73.241
582 65.894 74.1505
378 66.4574 76.1965
481 66.8944 77.7839
395 67.2576 79.103
229 67.6104 80.3843
465 68.2045 82.5421
937 68.7263 84.4372
185 69.3407 86.6688
845 69.4761 86.698
464 69.6026 86.7254
273 69.7331 86.7535
984 69.8667 86.7824
744 70.0124 86.8139
931 70.1491 86.8434
297 70.2996 86.8759
477 70.4504 86.9085
775 70.6174 86.9446
251 70.7631 86.976
42 70.9107 87.0079
620 71.0731 87.043
159 71.254 87.0821
893 71.4136 87.1165
823 71.4825 87.1314
666 71.5574 87.1476
622 71.628 87.1628
52 71.7017 87.1788
544 71.7785 87.1954
817 71.8552 87.2119
813 71.9389 87.23
158 72.018 87.2471
318 72.0962 87.264
742 72.1759 87.2812
992 72.2465 87.2964
353 73.1503 87.4917
854 74.0704 87.6904
322 75.0224 87.896
580 75.2001 87.9344
820 75.2995 87.9559
285 75.3894 87.9753
494 75.4886 87.9967
149 75.5817 88.0168
71 75.9338 88.0929
83 76.4234 88.1987
864 78.0378 88.5474
928 79.8718 88.9435
983 79.8718 88.9435
740 79.8718 88.9435
135 79.8718 88.9435
417 79.8718 88.9435
889 79.8718 88.9435
145 79.8718 88.9435
685 83.3214 84.1012
660 84.5929 82.3162
648 84.7714 82.0657
725 84.9612 81.7992
473 85.1864 81.483
528 85.4466 81.1179
450 85.6817 80.7878
204 85.861 80.536
311 86.0379 80.2877
25 86.2011 80.0587
372 86.3823 79.8043
332 85.4848 71.412
884 84.7107 64.1736
198 84.6421 63.5326
852 84.5909 63.0534
170 84.534 62.5214
684 84.4859 62.0716
497 84.436 61.6052
951 83.8192 60.6204
136 83.4487 60.0288
385 83.1509 59.5534
107 82.5363 58.5722
242 81.8501 57.4766
838 81.1854 56.4153
506 80.5725 55.4368
977 79.6446 53.9553
745 77.9831 51.3025
466 77.9355 51.2265
609 77.8931 51.1588
926 77.8535 51.0955
670 77.814 51.0325
553 77.7771 50.9736
942 77.7397 50.9139
656 77.0746 49.586
357 75.2539 45.9509
644 75.2009 45.845
70 75.2009 45.845
842 75.1875 45.7084
932 75.1739 45.5709
920 75.159 45.4192
195 75.1433 45.2591
606 75.1278 45.1014
387 75.1143 44.9642
967 75.0977 44.7951
323 75.079 44.6046
29 75.0626 44.4377
592 75.0466 44.2743
232 75.0301 44.107
425 75.0146 43.9492
274 74.9976 43.7759
583 74.982 43.6177
675 74.9501 43.2921
314 75.0941 42.9861
143 75.5607 41.9952
590 78.5209 35.7072
520 79.3793 33.8838
835 80.1473 32.2524
33 81.5053 29.3679
98 83.0882 26.0056
627 85.1642 20.21
345 85.5349 19.1751
979 85.884 18.2007
483 86.1441 17.4746
260 85.9363 17.56
243 85.0292 17.9328
