0,243,979,345,260,483,627,274,33,520,590,98,951,136,838,745,592,609,932,967,195,425,242,835,29,920,170,506,198,107,884,684,497,583,977,907,466,656,387,767,102,70,538,553,357,143,323,117,670,842,606,67,941,334,850,232,644,420,478,942,286,161,492,85,791,617,577,923,926,393,623,597,472,625,190,605,293,498,262,485,468,519,810,84,558,762,793,621,945,396,798,35,186,188,281,540,779,968,216,410,484,964,523,755,171,440,910,769,632,248,743,453,280,563,921,855,235,509,654,229,647,282,91,94,515,986,744,727,173,837,832,513,12,800,847,109,208,668,112,83,857,671,9,432,987,315,369,802,18,782,395,238,335,378,582,340,931,460,575,51,297,68,110,383,650,481,904,962,975,900,579,818,332,852,385,595,290,867,152,201,740,660,204,528,889,322,311,685,648,25,450,372,928,893,494,473,725,813,580,285,854,983,135,820,159,864,417,845,544,353,620,177,567,464,145,273,984,477,465,149,823,666,259,622,937,775,742,992,317,52,185,817,42,318,202,754,251,158,71,801,911,866,536,245,636,126,434,375,766,516,394,947,541,569,206,305,814,763,713,880,774,690,980,367,746,313,530,826,940,887,62,618,118,40,861,193,816,23,415,896,856,344,584,624,737,511,309,406,449,952,882,319,532,72,179,239,165,181,851,807,53,448,139,961,320,559,416,408,226,437,140,840,795,649,638,2,343,129,642,256,223,392,707,539,613,156,271,974,389,92,5,874,105,265,738,877,752,918,695,231,124,672,786,470,548,428,808,22,146,610,141,230,60,954,306,608,773,172,120,859,50,611,960,28,631,73,150,418,604,946,757,443,339,296,333,651,76,825,288,326,244,469,20,253,490,430,768,776,442,13,386,44,431,36,456,753,871,495,833,491,714,521,761,15,409,227,441,933,167,183,41,696,593,236,433,750,718,711,247,953,200,568,115,184,368,249,213,405,88,199,300,815,736,364,868,435,444,401,138,792,169,905,153,108,637,447,759,973,712,263,380,557,827,803,678,585,301,547,304,462,969,39,699,914,446,316,93,360,982,106,75,426,31,955,988,17,479,325,830,346,916,178,298,240,503,944,95,436,886,780,892,693,991,551,560,615,607,400,657,48,224,207,719,554,399,570,1,728,77,890,90,203,219,860,665,255,272,381,321,445,374,686,500,457,948,796,799,734,517,970,97,427,879,502,628,546,972,3,694,667,277,680,639,119,966,717,371,14,398,784,556,347,279,764,677,130,772,338,760,589,81,196,422,192,234,303,114,336,531,939,703,897,482,411,376,735,640,601,267,137,765,901,733,965,924,903,587,981,132,846,720,950,526,888,600,658,701,524,30,21,510,596,327,788,927,571,501,34,697,113,349,552,382,971,275,599,729,79,645,507,329,220,390,451,630,162,487,537,99,168,429,361,266,424,739,578,806,58,270,662,550,885,574,689,726,635,730,789,614,454,359,919,96,241,215,561,252,404,878,724,591,16,872,895,659,144,350,80,294,82,292,562,189,564,976,957,163,291,365,804,370,809,493,175,471,459,225,576,54,533,683,134,104,732,264,676,894,308,101,715,56,839,929,269,912,545,891,147,413,778,706,679,11,475,633,397,858,525,391,324,233,142,508,938,438,913,603,756,38,414,49,748,302,535,723,151,811,543,655,688,956,89,612,388,32,549,529,664,687,59,37,908,771,698,403,705,47,849,747,841,805,166,708,131,57,863,505,565,797,128,341,116,909,154,652,489,542,157,174,691,758,990,228,534,352,949,936,214,182,218,527,100,925,122,328,731,616,663,384,65,123,749,330,373,463,222,78,212,133,572,86,268,499,486,496,205,898,476,700,794,148,283,958,46,770,312,423,74,299,514,4,87,10,125,985,943,221,902,824,354,439,254,829,348,258,211,673,741,963,710,331,812,588,682,362,402,455,674,366,187,412,646,61,722,488,661,629,881,643,899,474,8,709,64,641,836,915,121,602,669,822,287,310,626,307,351,518,702,573,704,246,160,261,284,467,407,363,337,883,111,934,379,787,26,653,834,209,865,19,848,853,935,289,843,421,790,586,452,7,512,69,783,194,278,989,480,619,692,876,191,869,566,922,461,276,862,127,237,210,522,870,180,342,217,257,155,356,917,681,930,844,66,164,716,197,978,250,555,831,43,594,821,906,828,27,751,377,55,634,785,63,875,781,458,314,873,6,45,355,675,959,419,358,819,504,598,24,176,581,295,777,721,103,
value : 472.16 running time : 181.498350
0 80 20
243 84.7319 18.182
979 85.2855 17.9693
345 85.7983 17.7722
260 86.2684 17.5916
483 86.2684 17.5916
627 86.3176 22.8312
274 86.3975 31.4873
33 86.4117 32.9754
520 86.4259 34.4678
590 86.4397 35.9207
98 86.4541 37.4362
951 86.4832 40.5096
136 86.4944 41.6892
838 86.5015 42.4369
745 86.5036 42.6526
592 86.5066 42.9704
609 86.5096 43.2829
932 86.5139 43.7382
967 86.5167 44.03
195 86.5173 44.0913
425 86.5179 44.1573
242 86.5185 44.2217
835 86.5189 44.2659
29 86.5195 44.3219
920 86.533 45.7695
170 86.545 47.0427
506 86.5555 48.1679
198 86.559 48.5471
107 86.5625 48.9202
884 86.5661 49.299
684 86.5698 49.6977
497 86.5725 49.9826
583 79.9609 51.1044
977 78.0439 51.4295
907 70.4124 52.7243
466 70.4124 52.7243
656 70.4124 52.7243
387 70.4124 52.7243
767 70.4124 52.7243
102 70.4124 52.7243
70 70.4124 52.7243
538 70.4124 52.7243
553 70.4124 52.7243
357 70.4124 52.7243
143 70.4124 52.7243
323 70.4124 52.7243
117 69.5617 53.0752
670 68.7153 53.4242
842 67.8086 53.7982
606 66.8926 54.176
67 65.8935 54.5881
941 65.8935 54.5881
334 65.8935 54.5881
850 65.8935 54.5881
232 65.8935 54.5881
644 64.9986 54.7879
420 64.1423 54.9791
478 63.2006 55.1893
942 62.2252 55.4071
286 61.1766 55.6413
161 60.2151 55.8559
492 59.4461 56.0276
85 59.118 56.1009
791 58.7814 56.176
617 58.4614 56.2474
577 58.3901 56.2634
923 58.3194 56.2791
926 58.2608 56.2922
393 58.1922 56.3075
623 57.0384 56.5651
597 55.8178 56.8377
472 55.0354 57.0123
625 54.8932 57.3749
190 54.7644 57.7031
605 54.5843 58.1622
293 54.5448 58.2627
498 54.5039 58.367
262 54.4628 58.4717
485 54.4157 58.5917
468 54.3647 58.7218
519 54.323 58.8281
810 54.2728 58.9562
84 54.223 59.0829
558 54.1768 59.2007
762 54.1343 59.3089
793 54.096 59.4066
621 54.0555 59.5099
945 54.016 59.6105
396 53.763 60.2553
798 53.4452 61.0652
35 53.1631 61.784
186 52.8647 62.5445
188 52.4834 63.5162
281 51.9389 64.9038
540 50.8134 67.7723
779 50.7811 67.8547
968 50.7509 67.9316
216 50.7184 68.0143
410 50.6829 68.1048
484 50.6489 68.1914
964 50.6187 68.2684
523 50.5793 68.3689
755 50.5426 68.4625
171 50.5426 68.4625
440 50.5426 68.4625
910 50.5426 68.4625
769 51.0466 68.6757
632 51.4829 68.8602
248 51.8928 69.0336
743 52.3708 69.2357
453 52.879 69.4507
280 53.3981 69.6703
563 53.7793 69.8315
921 54.2015 70.01
855 54.6098 70.1828
235 55.0711 70.3779
509 55.6518 70.6235
654 56.1457 70.8324
229 56.3903 70.9359
647 56.6208 71.0333
282 56.8414 71.1267
91 57.0967 71.2346
94 57.3744 71.3521
515 57.6643 71.4747
986 57.9449 71.5934
744 58.3165 71.7506
727 58.5455 71.8474
173 58.7517 71.9347
837 58.9644 72.0246
832 58.9981 72.0389
513 59.032 72.0532
12 59.2188 72.1322
800 59.3576 72.191
847 59.4994 72.2509
109 59.6282 72.3054
208 59.7734 72.3668
668 59.9256 72.4312
112 60.0747 72.4943
83 60.2443 72.566
857 60.2443 72.566
671 60.2443 72.566
9 60.2443 72.566
432 60.2443 72.566
987 60.2443 72.566
315 60.2443 72.566
369 60.2443 72.566
802 60.2443 72.566
18 60.6731 72.6775
782 61.0598 72.7781
395 61.5023 72.8931
238 61.9066 72.9982
335 62.3541 73.1146
378 62.8345 73.2395
582 63.2834 73.3562
340 63.8014 73.4908
931 64.3569 73.6353
460 64.883 73.772
575 65.4344 73.9154
51 66.2522 74.1279
297 67.0958 74.3472
68 67.9197 74.5614
110 68.959 74.8314
383 69.9884 75.0989
650 70.0136 75.1054
481 70.0413 75.1126
904 70.0682 75.1196
962 70.098 75.1274
975 70.1283 75.1352
900 70.1573 75.1428
579 70.1868 75.1504
818 70.2164 75.1581
332 70.2451 75.1656
852 70.2451 75.1656
385 70.2451 75.1656
595 70.2451 75.1656
290 70.5411 75.2567
867 70.8476 75.351
152 71.1549 75.4457
201 71.4503 75.5366
740 78.3808 79.2022
660 83.8342 82.0863
204 83.9673 82.1567
528 84.0996 82.2266
889 84.2384 82.3
322 84.3697 82.3694
311 84.5048 82.4409
685 84.6338 82.5091
648 84.7495 82.5703
25 84.892 82.6456
450 85.0151 82.7107
372 86.0088 83.5065
928 81.412 88.1032
893 80.8193 88.143
494 80.2457 88.1815
473 79.7233 88.2165
725 79.1296 88.2564
813 78.5228 88.2972
580 77.9897 88.3329
285 77.9897 88.3329
854 77.9897 88.3329
983 77.9897 88.3329
135 77.384 88.3546
820 76.7277 88.378
159 76.0307 88.403
864 75.3018 88.429
417 74.5596 88.4555
845 73.7757 88.4836
544 73.0676 88.5089
353 72.4252 88.5318
620 71.7514 88.5559
177 71.1543 88.5773
567 70.6602 88.5949
464 70.2145 88.6109
145 69.7957 88.6258
273 69.347 88.6419
984 68.9221 88.6571
477 68.5432 88.6706
465 68.1874 88.6833
149 67.8048 88.697
823 67.4116 88.711
666 67.016 88.7252
259 66.5516 88.7418
622 66.4386 88.7458
937 66.3251 88.7499
775 66.2051 88.7541
742 66.0761 88.7588
992 65.9087 88.7648
317 65.7585 88.7701
52 65.6266 88.7748
185 65.4825 88.78
817 65.3513 88.7847
42 65.2167 88.7895
318 65.0817 88.7943
202 64.9206 88.8001
754 64.7819 88.8051
251 64.6738 88.8089
158 64.5509 88.8133
71 64.4138 88.8182
801 60.8174 88.9472
911 56.8449 89.0897
866 53.457 89.2112
536 52.7832 89.2353
245 52.1304 89.2587
636 51.4748 89.2821
126 50.8575 89.3042
434 50.2829 89.3247
375 49.6355 89.3479
766 49.0348 89.3693
516 49.0348 89.3693
394 49.0348 89.3693
947 49.0348 89.3693
541 49.0348 89.3693
569 49.0348 89.3693
206 49.0348 89.3693
305 49.0348 89.3693
814 49.0348 89.3693
763 49.0348 89.3693
713 49.0348 89.3693
880 49.0348 89.3693
774 49.0348 89.3693
690 49.0348 89.3693
980 49.0348 89.3693
367 49.0348 89.3693
746 49.0348 89.3693
313 49.0348 89.3693
530 49.0348 89.3693
826 49.0348 89.3693
940 49.0348 89.3693
887 49.0348 89.3693
62 49.0348 89.3693
618 49.0348 89.3693
118 49.0348 89.3693
40 49.0348 89.3693
861 49.0348 89.3693
193 49.0348 89.3693
816 49.0348 89.3693
23 49.0348 89.3693
415 49.0348 89.3693
896 49.0348 89.3693
856 49.0347 89.3693
344 48.9613 89.3695
584 48.884 89.3697
624 48.6485 89.3702
737 48.4116 89.3708
511 48.1661 89.3713
309 47.9284 89.3718
406 47.6679 89.3724
449 47.3933 89.3731
952 47.1169 89.3737
882 46.8435 89.3744
319 46.4956 89.3751
532 46.1045 89.376
72 45.7714 89.3767
179 45.3622 89.3776
239 44.9773 89.3785
165 44.5981 89.3793
181 44.231 89.3801
851 43.8297 89.3811
807 43.5086 89.3818
53 43.1113 89.3826
448 42.7242 89.3835
139 42.3167 89.3844
961 42.3167 89.3844
320 42.0012 89.0042
559 41.7084 88.6513
416 41.3544 88.2247
408 41.0042 87.8027
226 40.6507 87.3768
437 40.6507 87.3768
140 40.6507 87.3768
840 40.5966 87.3893
795 40.5452 87.4013
649 40.5013 87.4115
638 40.455 87.4222
2 40.414 87.4317
343 40.3785 87.44
129 40.336 87.4498
642 40.2944 87.4595
256 40.2408 87.4719
223 40.1932 87.483
392 40.1679 87.6152
707 40.1444 87.738
539 40.1227 87.8514
613 40.0988 87.9758
156 40.0777 88.086
271 40.0575 88.1917
974 40.0362 88.3027
389 40.0189 88.393
92 40.0019 88.4819
5 39.9822 88.5847
874 39.976 88.6174
105 39.9701 88.648
265 38.8576 88.5769
738 37.6101 88.4971
877 36.3141 88.4143
752 34.9399 88.3264
918 32.7892 88.1889
695 30.7228 88.0567
231 30.6905 88.0546
124 30.6545 88.0523
672 30.6177 88.05
786 30.5812 88.0476
470 30.5465 88.0454
548 30.5101 88.0431
428 30.4693 88.0405
808 30.4329 88.0382
22 30.3976 88.0359
146 30.3585 88.0334
610 30.3151 88.0306
141 30.2793 88.0283
230 30.2427 88.026
60 30.2015 88.0233
954 30.16 88.0207
306 30.1192 88.0181
608 30.0806 88.0156
773 30.0484 88.0135
172 30.0147 88.0114
120 29.9732 88.0087
859 29.9302 88.006
50 29.8903 88.0034
611 29.857 88.0013
960 29.6176 87.919
28 29.1574 87.7607
631 28.6886 87.5995
73 28.1347 87.409
150 27.5619 87.212
418 26.9638 87.0063
604 26.3942 86.8105
946 25.8868 86.8044
757 25.691 86.8021
443 25.4871 86.7996
339 25.3004 86.7974
296 25.1497 86.7956
333 24.9723 86.7934
651 24.8023 86.7914
76 24.6238 86.7893
825 24.4212 86.7868
288 24.2716 86.785
326 24.11 86.7831
244 23.684 87.4765
469 23.2577 88.1705
20 22.8223 88.8793
253 22.6583 88.8797
490 22.4792 88.8801
430 22.3108 88.8805
768 22.1227 88.881
776 21.9197 88.8815
442 21.7291 88.8819
13 21.5598 88.8823
386 21.3908 88.8827
44 21.25 88.8831
431 21.0931 88.8835
36 20.945 88.8838
456 20.7755 88.8842
753 20.6015 88.8847
871 20.433 88.8851
495 20.2611 88.8855
833 20.112 88.8859
491 19.9585 88.8862
714 19.7992 88.8866
521 19.6349 88.887
761 19.4628 88.8875
15 19.2707 88.8879
409 19.101 88.8883
227 18.9009 88.8888
441 18.7194 88.8893
933 18.5364 88.8897
167 18.3718 88.8901
183 17.7829 88.8916
41 17.2371 88.8929
696 16.4072 88.8949
593 15.3029 88.8976
236 12.9061 88.9035
433 10.8376 88.9086
750 10.8376 88.9086
718 10.8376 88.9086
711 10.8376 88.9086
247 10.8376 88.9086
953 10.8376 88.9086
200 10.8376 88.9086
568 10.8376 88.9086
115 10.8376 88.9086
184 10.8376 88.9086
368 10.5705 88.9725
249 10.2277 89.0546
213 9.7867 89.1601
405 9.78268 89.1611
88 9.77933 89.1619
199 9.77458 89.163
300 9.77032 89.1641
815 9.76636 89.165
736 9.762 89.166
364 9.75762 89.1671
868 9.75311 89.1682
435 9.74912 89.1691
444 9.74558 89.17
401 9.74157 89.1709
138 9.73765 89.1719
792 9.73375 89.1728
169 9.72984 89.1737
905 9.72592 89.1747
153 9.72175 89.1757
108 9.71768 89.1767
637 9.71357 89.1776
447 9.70944 89.1786
759 9.70554 89.1796
973 9.70169 89.1805
712 9.69768 89.1815
263 9.69294 89.1826
380 9.68851 89.1837
557 9.68467 89.1846
827 9.68005 89.1857
803 9.676 89.1866
678 9.67168 89.1877
585 9.66755 89.1887
301 9.66384 89.1896
547 9.6599 89.1905
304 9.65612 89.1914
462 9.65218 89.1924
969 9.64774 89.1934
39 9.64364 89.1944
699 9.64014 89.1952
914 9.63608 89.1962
446 9.63239 89.1971
316 9.62872 89.198
93 9.62508 89.1988
360 9.62117 89.1998
982 9.61631 89.2009
106 9.61147 89.2021
75 9.6077 89.203
426 9.60383 89.2039
31 9.60008 89.2048
955 9.59589 89.2058
988 9.59119 89.2069
17 9.85474 86.7676
479 10.2101 83.4783
325 10.2328 83.2685
830 10.2564 83.0501
346 10.2808 82.8245
916 10.3016 82.6323
178 10.3241 82.4235
298 10.3485 82.1984
240 10.3693 82.0058
503 10.3923 81.7924
944 10.4103 81.626
95 10.4292 81.4509
436 10.451 81.2493
886 10.4731 81.0454
780 10.4933 80.8579
892 10.5125 80.6807
693 10.5325 80.4954
991 10.5587 80.2532
551 10.5824 80.0342
560 10.6044 79.8306
615 10.6257 79.6335
607 10.6504 79.4042
400 10.6694 79.2287
657 10.6863 79.0722
48 10.7024 78.9238
224 10.7201 78.76
207 10.7369 78.6046
719 10.7456 78.5237
554 10.756 78.4272
399 10.7661 78.3336
570 10.7769 78.2339
1 10.7875 78.136
728 10.9716 76.4319
77 11.1621 74.6694
890 11.1621 74.6694
90 11.1621 74.6694
203 11.1656 74.6439
219 11.1699 74.6136
860 11.1733 74.5891
665 11.1771 74.5617
255 11.1808 74.5354
272 11.1842 74.5115
381 11.1873 74.4893
321 11.1902 74.4682
445 11.1937 74.4435
374 11.1968 74.4207
686 11.2004 74.3955
500 11.2037 74.3721
457 11.2069 74.3486
948 11.2106 74.3226
796 11.214 74.2983
799 11.2178 74.271
734 11.2214 74.2453
517 11.2247 74.2213
970 11.2281 74.1973
97 11.2313 74.1747
427 11.2344 74.1521
879 11.2376 74.1292
502 11.2406 74.1082
628 11.2433 74.0888
546 11.493 72.3038
972 12.2179 67.119
3 12.2179 67.119
694 12.2179 67.119
667 12.2179 67.119
277 12.2179 67.119
680 12.2179 67.119
639 12.2179 67.119
119 12.2179 67.119
966 12.2179 67.119
717 12.252 66.9605
371 12.2857 66.8035
14 12.3183 66.6521
398 12.3505 66.5022
784 12.3864 66.335
556 12.4193 66.1821
347 12.6031 65.3276
279 12.7828 64.492
764 12.7828 64.492
677 12.7828 64.492
130 12.7828 64.492
772 12.7828 64.492
338 12.7828 64.492
760 12.7828 64.492
589 12.7828 64.492
81 12.7828 64.492
196 12.7828 64.492
422 12.7828 64.492
192 12.7828 64.492
234 12.7828 64.492
303 12.7828 64.492
114 12.7828 64.492
336 12.7828 64.492
531 12.7828 64.492
939 12.7828 64.492
703 13.9533 64.6728
897 15.1724 64.861
482 16.3748 65.0468
411 17.5698 65.2314
376 18.7636 65.4158
735 20.4259 65.6724
640 22.0769 65.9274
601 23.5681 66.1577
267 25.0014 66.3791
137 26.3075 66.5808
765 27.5329 66.7701
901 27.5262 66.7798
733 27.5195 66.7894
965 27.5128 66.7991
924 27.5062 66.8086
903 27.5006 66.8167
587 27.4945 66.8255
981 27.4886 66.834
132 27.482 66.8435
846 27.4761 66.852
720 27.4701 66.8607
950 27.4631 66.8707
526 27.457 66.8795
888 27.4509 66.8883
600 27.445 66.8969
658 27.4392 66.9053
701 27.4339 66.913
524 27.4292 66.9197
30 27.4251 66.9257
21 27.3236 67.0721
510 27.225 67.2145
596 27.1038 67.3894
327 26.9658 67.5886
788 26.8485 67.7579
927 26.7135 67.9527
571 26.5933 68.1263
501 26.4717 68.3018
34 26.3453 68.4843
697 26.1951 68.7009
113 26.0824 68.8637
349 25.9902 68.9967
552 25.8837 69.1504
382 25.7862 69.2912
971 25.672 69.4561
275 25.5611 69.6162
599 25.4643 69.7558
729 25.36 69.9064
79 25.2487 70.067
645 25.1306 70.2375
507 24.994 70.4347
329 24.8381 70.6597
220 24.6875 70.877
390 24.5654 71.0533
451 24.4193 71.2642
630 24.1855 71.6016
162 23.9724 71.9091
487 23.7935 72.1674
537 23.6338 72.3979
99 23.4589 72.6504
168 23.2717 72.9206
429 23.1008 73.1672
361 22.9384 73.4016
266 22.7836 73.6251
424 22.6076 73.8791
739 22.4208 73.5953
578 23.5517 74.5072
806 24.5936 75.3475
58 25.2415 75.8699
270 25.8002 76.3204
662 26.2155 76.6553
550 26.5835 76.9521
885 26.9937 77.2829
574 27.0251 77.3082
689 27.0606 77.3368
726 27.0934 77.3633
635 27.1295 77.3924
730 27.1683 77.4237
789 27.2068 77.4547
614 27.2486 77.4885
454 27.2846 77.5175
359 27.321 77.5468
919 29.0928 78.9756
96 30.6235 80.21
241 31.6235 79.4326
215 32.5487 78.7132
561 33.3174 78.1156
252 33.9927 77.5905
404 34.6826 77.0542
878 35.2602 76.6051
724 35.8218 76.1685
591 36.3357 75.769
16 36.8357 75.3802
872 37.6081 74.7797
895 38.5505 74.047
659 38.5438 73.9917
144 38.5029 73.6552
350 38.4652 73.3454
80 38.4286 73.0436
294 38.3969 72.7827
82 38.3621 72.4965
292 38.3215 72.1625
562 38.2743 71.7742
189 38.22 71.3273
564 38.1601 70.8344
976 38.0178 69.6636
957 37.8528 68.3059
163 37.808 67.9371
291 37.7601 67.5425
365 37.7137 67.1611
804 37.6669 66.776
370 37.6188 66.38
809 37.5846 66.0991
493 37.5523 65.8332
175 37.5227 65.589
471 37.4899 65.3193
459 37.4613 65.0838
225 37.4315 64.8387
576 37.3955 64.5429
54 37.3625 64.2711
533 37.3303 64.0058
683 37.3019 63.7721
134 37.2724 63.5299
104 37.2354 63.2249
732 37.2007 62.9398
264 37.1681 62.6717
676 37.1383 62.426
894 37.108 62.1773
308 36.9899 61.2056
101 36.8542 60.0889
715 36.4195 59.4954
56 35.8831 58.7632
839 35.2127 57.848
929 34.5842 56.99
269 33.9552 56.1313
912 33.4377 55.4249
545 32.8175 54.5782
891 32.2761 53.8391
147 31.7109 53.0676
413 31.1344 52.2807
778 30.6167 51.5739
706 30.0461 50.795
679 29.5293 50.0895
11 29.445 49.9744
475 29.3651 49.8653
633 29.2886 49.7609
397 29.2036 49.6449
858 29.1257 49.5384
525 29.0486 49.4332
391 28.9732 49.3302
324 28.9009 49.2315
233 28.8233 49.1256
142 28.736 49.0065
508 28.6563 48.8975
938 28.5745 48.7859
438 28.4927 48.6742
913 28.4203 48.5753
603 28.3471 48.4755
756 28.2667 48.3657
38 28.1743 48.2396
414 28.089 48.1231
49 28.0133 48.0197
748 27.9245 47.8985
302 27.8415 47.7852
535 27.7508 47.6614
723 27.6623 47.5405
151 27.5794 47.4273
811 27.4989 47.3174
543 27.4255 47.2173
655 27.3466 47.1095
688 27.2801 47.0188
956 27.2037 46.9144
89 27.1211 46.8017
612 27.0108 46.6511
388 26.9381 46.5517
32 26.8601 46.4453
549 26.7922 46.3526
529 26.7922 46.3526
664 25.9778 46.6278
687 25.0972 46.9254
59 23.8309 47.3533
37 22.662 47.7483
908 21.3923 48.1774
771 20.0872 48.6184
698 18.8269 49.0443
403 17.6305 49.4485
705 16.1703 49.942
47 13.7878 50.7468
849 12.3093 51.2464
747 12.3093 51.2464
841 12.3093 51.2464
805 12.3093 51.2464
166 12.3093 51.2464
708 12.3093 51.2464
131 12.3093 51.2464
57 12.26 51.2049
863 12.2127 51.165
505 12.1706 51.1296
565 12.1279 51.0937
797 12.0806 51.0539
128 12.0219 51.0045
341 11.9755 50.9654
116 11.9265 50.9242
909 11.8914 50.8947
154 11.8551 50.8641
652 11.817 50.832
489 11.7795 50.8005
542 11.7437 50.7704
157 11.7045 50.7374
174 11.674 50.7117
691 11.6404 50.6834
758 11.6022 50.6512
990 11.5599 50.6156
228 11.5207 50.5827
534 11.4833 50.5512
352 11.4457 50.5195
949 11.4078 50.4876
936 11.3663 50.4527
214 11.3251 50.418
182 11.288 50.3868
218 11.2456 50.3511
527 11.2043 50.3164
100 11.1655 50.2838
925 11.1245 50.2492
122 11.0814 50.213
328 11.3491 43.5549
731 11.3645 43.1691
616 11.38 42.7845
663 11.3954 42.4002
384 11.4121 41.9835
65 11.4277 41.5935
123 11.4397 41.2949
749 11.4519 40.9901
330 11.4657 40.6462
373 11.4781 40.3385
463 11.4921 39.9893
222 11.5072 39.6109
78 11.524 39.1926
212 11.5419 38.7467
133 11.5611 38.2676
572 11.5769 37.875
86 11.5887 37.5813
268 11.5887 37.5813
499 11.5887 37.5813
486 13.7889 35.3357
496 13.7889 35.3357
205 13.0006 34.3512
898 11.9004 32.9771
476 11.9004 32.9771
700 11.9033 32.9706
794 11.9061 32.9641
148 11.9085 32.9583
283 11.9114 32.9517
958 11.9142 32.9451
46 11.9171 32.9384
770 11.9201 32.9316
312 11.9231 32.9245
423 12.147 32.4046
74 12.3823 31.8581
299 12.6102 31.3289
514 12.8199 30.8419
4 13.055 30.2961
87 13.2877 29.7558
10 13.5349 29.1818
125 13.8309 28.4946
985 14.1506 27.7521
943 14.5155 26.9046
221 14.8788 26.0607
902 15.093 25.5633
824 15.2931 25.0986
354 15.21 24.8013
439 15.117 24.4686
254 15.0311 24.1616
829 14.9581 23.9004
348 14.6558 22.8194
258 14.4228 21.9862
211 14.1733 21.0939
673 13.9872 20.4285
741 13.7806 19.6897
963 13.5788 18.9683
710 13.3548 18.1669
331 12.9854 16.8458
812 12.5182 15.1748
588 12.5182 15.1748
682 12.5182 15.1748
362 12.5182 15.1748
402 12.5182 15.1748
455 12.5182 15.1748
674 12.5182 15.1748
366 12.5182 15.1748
187 12.5182 15.1748
412 12.6349 15.2247
646 12.7479 15.2731
61 12.8684 15.3246
722 12.9942 15.3784
488 13.6318 15.6511
661 14.2872 15.9315
629 14.8235 16.1609
881 15.5033 16.4517
643 16.6438 16.9393
899 17.6637 17.3755
474 18.5654 17.7612
8 19.4292 18.1307
709 20.4383 18.5622
64 20.9499 18.781
641 21.4095 18.9777
836 21.8893 19.1829
915 22.4058 19.4038
121 22.9007 19.6155
602 24.9318 18.9642
669 26.3876 18.4979
822 28.1678 17.927
287 29.8481 17.3881
310 30.933 17.04
626 31.9335 16.7189
307 32.9522 16.3921
351 34.2242 15.984
518 35.4484 15.5912
702 35.5432 18.2171
573 35.6432 18.6435
704 35.7467 19.0851
246 35.8566 19.554
160 35.9763 20.0645
261 36.0659 20.4469
284 36.1498 20.8047
467 36.2391 21.1854
407 36.3087 21.4825
363 36.4188 21.9521
337 36.5597 22.5532
883 36.6994 23.1492
111 36.8432 23.7625
934 36.9943 24.407
379 37.1384 25.0215
787 37.2728 25.5949
26 37.3981 26.1294
653 37.5392 26.7315
834 38.0798 29.0377
209 38.5892 31.2111
865 39.013 33.0187
19 39.4244 34.7738
848 39.6435 35.7084
853 39.6881 35.8987
935 39.7369 36.1069
289 39.7845 36.3101
843 40.8983 41.0632
421 40.6382 41.0091
790 40.3914 40.9578
586 40.1511 40.9078
452 39.9447 40.8648
7 39.7057 40.8151
512 39.5096 40.7743
69 39.286 40.7278
783 38.9955 40.6674
194 38.7484 40.616
278 38.4547 40.5549
989 38.2862 40.5199
480 38.1009 40.4813
619 37.9103 40.4417
692 37.7333 40.4049
876 37.5495 40.3666
191 37.3574 40.3267
869 37.1675 40.2872
566 38.3004 42.23
922 39.3634 44.0528
461 39.6746 43.8233
276 40.0193 43.569
862 40.3169 43.3495
127 40.5842 43.1523
237 40.9009 42.9187
210 41.5496 42.4402
522 42.3421 41.8557
870 43.2817 41.1626
180 43.9892 40.6408
342 45.1824 39.7607
217 46.8069 38.5625
257 47.0691 38.3691
155 47.3369 38.1716
356 47.6375 37.9499
917 47.9775 37.6991
681 48.3944 37.3916
930 48.7365 37.1393
844 49.0445 36.9121
66 49.3702 36.6719
164 49.7081 36.4226
716 49.9749 36.2259
197 50.2692 36.0088
978 50.5922 35.7705
250 50.9065 35.5387
555 51.24 35.2927
831 51.5509 35.0634
43 51.6937 34.9581
594 51.8492 34.8434
821 52.0209 34.7168
906 52.1461 34.6244
828 52.3052 34.507
27 52.4515 34.3991
751 52.5935 34.2945
377 52.7368 34.1888
55 52.8813 34.0822
634 53.0135 33.9847
785 53.1441 33.8883
63 53.2702 33.7953
875 53.4232 33.6825
781 53.681 33.4924
458 53.9006 33.3304
314 54.1416 33.1527
873 54.2206 33.0944
6 54.3105 33.0282
45 54.3935 32.967
355 54.4727 32.9086
675 54.5621 32.8427
959 56.5726 30.0086
419 57.26 29.0397
358 57.9368 28.0857
819 59.7282 25.5605
504 61.1817 23.5117
598 62.116 22.1948
24 62.9489 21.0206
176 63.7666 19.8681
581 64.3379 19.0628
295 64.9393 18.215
777 65.635 17.2344
721 66.3978 16.1591
103 66.9041 15.4456
