0,103,24,598,721,176,959,504,777,295,581,419,66,930,781,634,55,377,828,821,594,43,831,819,45,6,675,164,870,844,555,906,751,458,873,492,262,681,27,355,250,358,342,848,945,217,63,978,586,853,276,692,875,989,935,194,69,356,865,209,785,19,716,197,778,413,11,679,706,191,180,278,486,467,480,421,934,261,289,834,64,310,351,704,26,518,653,822,573,111,883,337,160,379,709,824,669,407,643,287,702,363,439,722,348,629,661,488,588,61,646,412,881,812,572,211,8,674,402,187,366,899,331,963,741,602,74,362,682,284,787,246,902,915,626,307,869,641,474,254,299,125,221,354,205,86,10,455,499,943,133,258,46,328,990,87,794,4,330,268,710,312,836,898,65,731,673,700,514,958,148,121,985,212,32,283,829,423,534,116,770,616,749,908,384,909,222,463,863,691,858,677,373,100,936,154,47,476,123,341,157,352,805,652,128,849,663,505,956,531,972,303,122,771,764,739,228,336,949,542,489,841,708,925,166,565,527,218,376,784,735,214,131,57,981,79,729,599,275,971,382,552,705,349,391,640,267,645,601,113,589,162,630,81,3,451,130,390,502,220,329,507,233,680,950,16,333,927,806,223,733,726,924,954,99,537,571,574,266,501,903,635,788,901,526,689,662,591,550,789,872,487,578,604,168,897,524,482,479,339,825,701,658,600,888,443,124,400,97,398,717,939,665,445,607,686,796,427,500,946,184,747,132,503,772,207,14,667,734,879,657,991,381,799,224,966,277,457,371,517,970,948,77,338,255,760,114,119,411,234,703,196,192,347,272,374,219,346,429,361,639,890,433,693,780,556,830,694,298,728,955,546,551,88,178,568,247,301,905,982,547,50,90,444,75,240,426,759,944,436,916,892,93,95,554,637,203,615,988,827,868,199,153,399,495,557,1,914,736,263,792,300,48,405,106,386,213,969,860,750,462,678,803,304,39,364,108,401,316,628,380,953,435,585,711,236,442,973,699,447,718,719,169,31,815,200,138,321,446,570,431,360,886,326,296,58,253,608,776,13,15,244,325,560,424,768,933,697,76,885,92,183,141,631,441,409,714,456,115,430,738,918,28,150,96,256,786,960,392,36,120,73,672,470,808,795,428,20,761,611,638,753,271,859,288,695,593,227,249,44,871,712,521,651,610,17,491,306,368,167,696,833,613,231,548,877,146,241,41,270,707,919,490,60,757,469,252,2,181,763,139,418,773,394,22,974,752,265,874,559,539,389,206,448,230,437,72,807,172,766,126,866,408,961,165,449,746,5,569,53,541,911,140,375,367,344,624,816,896,532,713,511,940,23,309,105,12,690,415,62,434,305,320,887,536,319,584,129,156,952,530,737,856,774,980,814,118,882,343,40,245,851,313,239,659,618,516,416,179,91,563,144,350,80,294,82,947,292,406,755,861,649,562,826,189,895,642,540,564,193,561,215,840,880,832,632,9,800,112,986,802,513,94,280,582,857,109,671,315,921,987,432,134,523,964,855,226,404,410,910,894,976,216,968,779,248,453,743,235,484,104,56,171,683,558,264,715,798,30,21,765,137,614,359,454,163,912,308,365,291,878,724,809,533,54,576,225,459,471,175,493,510,34,846,676,804,720,89,730,587,965,327,596,783,839,461,370,732,922,269,929,957,147,891,603,438,182,758,142,279,545,508,655,151,748,174,422,403,698,324,302,397,756,496,475,59,525,78,913,723,37,535,797,938,529,388,688,612,633,549,664,543,414,811,687,49,38,127,155,917,876,566,257,862,7,790,619,237,512,522,452,210,621,101,186,281,843,286,791,85,161,793,519,468,485,498,293,625,472,597,623,190,907,942,577,668,84,762,396,810,923,188,617,605,440,35,282,900,962,650,201,173,744,647,383,238,579,847,71,515,420,654,229,975,460,208,478,83,290,837,509,51,904,481,727,259,465,18,937,378,801,769,636,984,185,273,297,477,782,369,395,567,931,335,317,202,992,177,575,754,620,823,775,742,845,145,464,353,544,158,251,52,318,622,285,817,42,666,149,322,580,928,813,725,473,494,893,983,417,864,159,820,135,889,854,685,740,450,25,648,311,372,660,528,204,332,385,818,595,852,152,867,497,242,684,884,107,198,977,838,170,506,136,68,583,67,334,340,941,553,538,70,102,767,387,656,110,850,393,357,143,644,606,466,425,195,967,932,609,592,745,920,314,29,670,117,323,842,926,274,232,951,98,590,835,520,33,483,345,627,979,260,243,
value : 478.015 running time : 167.993806
0 80 20
103 66.8787 15.4537
24 66.4015 16.1181
598 66.0046 16.671
721 65.6637 17.1458
176 64.9421 18.1507
959 63.9984 19.465
504 63.2893 20.4526
777 62.5148 21.5312
295 61.5372 22.8927
581 60.4151 24.4555
419 58.289 27.4165
66 56.4592 29.9649
930 56.2746 30.222
781 56.1167 30.4418
634 55.9436 30.6829
55 55.7877 30.9001
377 55.6194 31.1345
828 55.4636 31.3514
821 55.3076 31.5687
594 55.1273 31.8198
43 54.9865 32.0159
831 54.8775 32.1677
819 54.752 32.3425
45 54.3836 32.8555
6 54.0173 33.3657
675 53.5506 34.0156
164 53.214 34.4394
870 52.793 34.9693
844 52.459 35.3897
555 52.1711 35.7522
906 51.8061 36.2116
751 51.505 36.5906
458 51.1621 37.0222
873 50.8167 37.457
492 49.7063 38.8547
262 49.1453 39.561
681 49.1453 39.561
27 49.1453 39.561
355 49.1453 39.561
250 49.1453 39.561
358 49.1453 39.561
342 48.8463 39.5698
848 48.5776 39.5778
945 48.3329 39.585
217 48.1089 39.5916
63 47.8211 39.6001
978 47.5311 39.6087
586 47.1218 39.6208
853 46.8005 39.6303
276 46.5351 39.6381
692 46.2424 39.6468
875 46.0009 39.6539
989 45.6778 39.6635
935 45.4136 39.6713
194 45.1403 39.6794
69 44.8892 39.6868
356 44.619 39.6948
865 44.3856 39.7017
209 44.1104 39.7098
785 43.7768 39.7196
19 43.0709 39.7405
716 42.1983 39.7663
197 41.034 39.8007
778 39.4238 39.8483
413 39.2505 39.6132
11 38.2117 38.2032
679 38.196 38.0762
706 38.1814 37.9581
191 38.1656 37.8305
180 38.1523 37.7224
278 37.7104 34.1465
486 37.3642 31.3444
467 37.3365 30.6484
480 37.3106 29.9983
421 37.2692 28.9581
934 37.2141 27.5762
261 37.1639 26.3175
289 37.1157 25.1063
834 37.0622 23.7636
64 36.9929 22.0266
310 36.9299 20.4438
351 36.8731 19.02
704 36.8388 18.1589
26 36.8056 17.326
518 36.7686 16.3964
653 36.4169 16.6192
822 36.0333 16.8622
573 35.705 17.0702
111 35.3546 17.2922
883 35.0128 17.5086
337 34.6682 17.727
160 34.295 17.9634
379 33.5548 17.8523
709 32.6284 17.7133
824 31.78 17.586
669 31.0747 17.4801
407 30.4192 17.3818
643 29.6414 17.265
287 28.9874 17.1669
702 27.1241 16.8873
363 25.5223 16.6469
439 20.9672 15.9635
722 13.5188 14.8462
348 13.473 14.8393
629 13.4264 14.8323
661 13.3878 14.8265
488 13.3408 14.8195
588 13.2912 14.812
61 13.2396 14.8043
646 13.1948 14.7976
412 13.1535 14.7914
881 13.1116 14.7851
812 13.07 14.7788
572 12.9277 15.9541
211 12.9087 16.1111
8 12.8887 16.2759
674 12.8623 16.494
402 12.8368 16.7044
187 12.8126 16.9043
366 12.9965 17.4756
899 13.2033 18.1181
331 13.3621 18.6115
963 13.5166 19.0914
741 13.662 19.543
602 13.8146 20.0171
74 13.8146 20.0171
362 14.5271 20.4963
682 15.5472 21.1824
284 17.6331 22.5855
787 19.1228 23.5875
246 19.1431 23.6011
902 19.1628 23.6144
915 19.1846 23.6291
626 19.2065 23.6438
307 18.5708 24.7315
869 17.6041 26.3857
641 17.3359 26.7077
474 17.0688 27.0283
254 16.79 27.3631
299 16.2958 27.9565
125 15.9242 28.4027
221 15.6036 28.7877
354 15.0463 29.4568
205 13.9532 30.7693
86 12.5014 32.5127
10 12.0624 33.0398
455 11.6686 33.5126
499 10.386 35.0527
943 10.386 35.0527
133 10.386 35.0527
258 10.386 35.0527
46 10.4145 35.0859
328 10.4413 35.1169
990 10.4718 35.1524
87 10.4969 35.1815
794 10.5198 35.2082
4 10.5466 35.2393
330 10.577 35.2745
268 10.6067 35.309
710 10.6343 35.3411
312 10.6636 35.3751
836 10.692 35.408
898 10.7173 35.4375
65 10.7773 35.5071
731 10.8253 35.5628
673 10.8715 35.6165
700 10.9257 35.6795
514 10.9732 35.7346
958 11.0327 35.8036
148 11.0971 35.8784
121 11.1506 35.9406
985 11.1606 36.2854
212 11.1713 36.6564
32 11.1809 36.9881
283 11.1903 37.3129
829 11.1996 37.6363
423 11.2931 40.8723
534 11.3846 44.0376
116 11.4616 46.7024
770 11.466 46.856
616 11.4707 47.0202
749 11.4759 47.1994
908 11.4806 47.3629
384 11.4851 47.5174
909 11.4902 47.6958
222 11.4951 47.8641
463 11.4999 48.0308
863 11.5046 48.1938
691 11.5102 48.3874
858 11.5148 48.5473
677 11.5196 48.7131
373 11.5238 48.8582
100 11.5282 49.0124
936 11.5325 49.1603
154 11.5367 49.3045
47 11.5411 49.4584
476 11.5451 49.5962
123 11.5495 49.7504
341 11.5544 49.9196
157 11.5592 50.0867
352 11.564 50.2514
805 11.5687 50.4141
652 11.5731 50.5675
128 11.5779 50.7328
849 11.5831 50.9131
663 11.5872 51.0571
505 11.5925 51.2384
956 11.5977 51.42
531 11.6029 51.5999
972 11.6032 51.611
303 11.6035 51.6224
122 11.6039 51.6338
771 11.9129 52.1384
764 12.2792 52.7366
739 12.5702 53.2119
228 12.653 53.3471
336 12.7726 53.5424
949 12.8799 53.7177
542 12.9947 53.9051
489 13.109 54.0918
841 13.2332 54.2947
708 13.3658 54.5112
925 13.5107 54.7478
166 13.6507 54.9764
565 13.8093 55.2355
527 13.957 55.4767
218 14.1322 55.7628
376 14.3299 56.0856
784 14.5007 56.3645
735 14.6598 56.6245
214 14.8015 56.8559
131 15.0236 57.2186
57 15.2205 57.5402
981 15.5148 58.0207
79 15.801 58.488
729 16.0614 58.9134
599 16.3004 59.3037
275 16.4852 59.6054
971 16.6195 59.8247
382 16.7107 59.9738
552 16.8039 60.1259
705 16.8838 60.2563
349 16.971 60.3988
391 17.0471 60.5231
640 18.6969 63.217
267 19.8359 65.077
645 20.7003 66.4887
601 20.7003 66.4887
113 20.7003 66.4887
589 20.7003 66.4887
162 20.7968 66.6801
630 20.8872 66.8595
81 20.9785 67.0406
3 21.0691 67.2205
451 21.1749 67.4305
130 21.2892 67.6573
390 21.408 67.893
502 21.5173 68.11
220 21.6299 68.3334
329 21.7295 68.531
507 21.8366 68.7436
233 21.9533 68.9752
680 22.2869 69.6373
950 22.6639 70.3854
16 23.0255 71.103
333 23.311 71.6696
927 23.5667 72.1772
806 23.8516 72.7426
223 23.8516 72.7426
733 23.8516 72.7426
726 23.8516 72.7426
924 23.8516 72.7426
954 23.8516 72.7426
99 23.8516 72.7426
537 23.8516 72.7426
571 23.8516 72.7426
574 23.8516 72.7426
266 23.8516 72.7426
501 23.8516 72.7426
903 23.8516 72.7426
635 23.8516 72.7426
788 23.8516 72.7426
901 23.7494 72.7331
526 23.647 72.7235
689 23.5542 72.7148
662 23.4491 72.705
591 23.3122 72.6922
550 23.1661 72.6785
789 23.0326 72.666
872 22.9043 72.6541
487 22.7441 72.6391
578 22.61 72.6265
604 22.4742 72.6138
168 22.3145 72.5989
897 22.1697 72.5854
524 22.0208 72.5714
482 21.8848 72.5587
479 21.7682 72.5478
339 21.6473 72.5365
825 21.5225 72.5249
701 21.4034 72.5137
658 21.2879 72.5029
600 21.1653 72.4915
888 21.0432 72.48
443 20.9155 72.4681
124 20.7916 72.4565
400 17.9664 72.1924
97 15.7902 71.9889
398 14.0283 71.8242
717 11.9728 71.632
939 10.8279 71.5249
665 10.7992 71.5222
445 10.7698 71.5195
607 10.7413 71.5168
686 10.7147 71.5143
796 10.6903 71.512
427 10.6603 71.5092
500 10.6351 71.5069
946 10.6091 71.5045
184 10.5771 71.5015
747 10.5407 71.4981
132 10.5117 71.4953
503 10.4774 71.4921
772 10.4433 71.489
207 10.3913 71.4841
14 10.3467 71.4799
667 10.3037 71.4759
734 10.2631 71.4721
879 10.2256 71.4686
657 10.1849 71.4648
991 10.1417 71.4607
381 10.0958 71.4565
799 10.0538 71.4525
224 10.0133 71.4487
966 9.97299 71.445
277 9.93681 71.4416
457 9.89951 71.4381
371 9.85595 71.434
517 9.81671 71.4304
970 9.78069 71.427
948 9.74101 71.4233
77 9.69801 71.4193
338 9.66057 71.4158
255 9.61899 71.4119
760 9.58157 71.4084
114 9.5467 71.4051
119 9.50904 71.4016
411 9.47036 71.398
234 9.42133 71.3934
703 9.38324 71.3898
196 9.34502 71.3863
192 9.29334 71.3814
347 9.23843 71.3763
272 9.21988 72.0385
374 9.19967 72.7599
219 9.18278 73.3629
346 9.16271 74.0795
429 9.1442 74.7404
361 9.12451 75.4431
639 9.10356 76.191
890 9.08082 77.0029
433 9.05919 77.7752
693 9.03707 78.5649
780 9.02931 78.8417
556 9.02156 79.1183
830 9.01324 79.4152
694 9.00537 79.6963
298 8.9915 80.1913
728 8.97576 80.7533
955 8.95935 81.3388
546 8.94316 81.9167
551 8.9278 82.4649
88 8.90969 83.1115
178 8.89035 83.8018
568 8.86906 84.5621
247 8.85202 85.1701
301 8.83585 85.7472
905 8.82084 86.283
982 8.80418 86.8777
547 8.78772 87.4653
50 8.77188 88.0306
90 8.76977 88.0538
444 8.76735 88.0805
75 8.76502 88.1062
240 8.76255 88.1334
426 8.76006 88.161
759 8.75757 88.1884
944 8.75506 88.2161
436 8.75243 88.2451
916 8.74973 88.2749
892 8.7472 88.3028
93 8.74457 88.3318
95 8.74209 88.3591
554 8.73977 88.3847
637 8.73688 88.4166
203 8.73427 88.4454
615 8.73141 88.477
988 8.72795 88.5151
827 8.74235 88.509
868 8.75753 88.5025
199 8.77441 88.4953
153 8.79114 88.4882
399 8.80842 88.4809
495 8.82392 88.4743
557 8.83776 88.4684
1 8.85112 88.4627
914 8.8647 88.4569
736 8.87929 88.4507
263 8.89361 88.4446
792 8.9087 88.4382
300 8.92365 88.4318
48 8.93981 88.425
405 8.95223 88.4197
106 8.96632 88.4137
386 8.98208 88.407
213 8.99529 88.4014
969 9.29544 88.2737
860 9.61711 88.1368
750 9.61711 88.1368
462 9.61712 88.1368
678 9.61712 88.1368
803 9.61712 88.1368
304 9.61712 88.1368
39 9.61713 88.1368
364 9.61713 88.1368
108 9.61713 88.1368
401 9.61713 88.1368
316 9.61714 88.1368
628 9.61714 88.1368
380 9.61714 88.1368
953 9.61714 88.1368
435 9.61715 88.1368
585 9.80981 88.1381
711 10.0351 88.1397
236 10.2583 88.1411
442 10.4746 88.1426
973 10.6781 88.144
699 10.866 88.1452
447 11.0503 88.1465
718 11.2434 88.1478
719 11.4418 88.1491
169 11.6534 88.1505
31 11.8846 88.1521
815 12.1121 88.1536
200 12.3367 88.1551
138 12.5638 88.1567
321 12.7794 88.1581
446 13.0223 88.1597
570 13.2624 88.1614
431 14.3488 88.1686
360 15.2226 88.1744
886 16.0616 88.18
326 16.8511 88.1853
296 20.0039 88.9501
58 20.1024 88.974
253 20.2096 89
608 20.2998 89.0219
776 20.3895 89.0436
13 20.485 89.0668
15 20.5827 89.0905
244 20.6741 89.1126
325 20.768 89.1354
560 21.0042 89.1927
424 21.458 89.3027
768 21.8796 89.405
933 22.2563 89.4963
697 22.6645 89.5953
76 23.0754 89.695
885 23.4646 89.7894
92 23.873 89.8884
183 24.1947 89.9664
141 24.575 90.0587
631 24.8856 90.134
441 25.1826 90.206
409 25.5023 90.2835
714 25.8076 90.3576
456 26.1249 90.4346
115 26.4526 90.514
430 26.8852 90.6189
738 27.3225 90.725
918 27.3225 90.725
28 27.3225 90.725
150 27.3225 90.725
96 27.3225 90.725
256 27.3225 90.725
786 27.3225 90.725
960 27.3225 90.725
392 27.3225 90.725
36 27.3225 90.725
120 27.3225 90.725
73 27.3225 90.725
672 27.3225 90.725
470 27.3225 90.725
808 27.3225 90.725
795 27.3225 90.725
428 27.3225 90.725
20 27.3225 90.725
761 27.3225 90.725
611 27.3225 90.725
638 27.3225 90.725
753 27.3225 90.725
271 27.3225 90.725
859 27.3225 90.725
288 27.3225 90.725
695 27.3225 90.725
593 27.3225 90.725
227 27.3225 90.725
249 27.4226 90.6337
44 27.5116 90.5526
871 27.598 90.4738
712 27.6922 90.3879
521 27.7893 90.2994
651 27.8967 90.2015
610 28.003 90.1045
17 28.102 90.0143
491 28.2226 89.9044
306 28.3804 89.7604
368 28.5507 89.6052
167 28.7306 89.4412
696 28.8754 89.3091
833 29.0307 89.1676
613 29.2008 89.0125
231 29.3784 88.8505
548 29.5481 88.6959
877 29.7129 88.5456
146 29.8714 88.4011
241 30.0336 88.2532
41 30.1722 88.1268
270 30.3292 87.9837
707 30.3292 87.9837
919 30.3292 87.9837
490 30.3292 87.9837
60 30.3292 87.9837
757 30.3292 87.9837
469 30.3292 87.9837
252 33.8616 88.2614
2 34.3175 88.3153
181 34.7699 88.3687
763 35.1702 88.4161
139 35.4727 88.4518
418 35.7156 88.4806
773 36.3036 88.5501
394 36.9531 88.6269
22 37.5414 88.6964
974 38.1264 88.7656
752 38.6961 88.833
265 39.3374 88.9088
874 40.0021 88.9874
559 40.3996 89.0344
539 40.7297 89.0734
389 41.0658 89.1131
206 41.3859 89.151
448 41.6922 89.1872
230 42.0144 89.2253
437 42.3677 89.2671
72 42.7233 89.3091
807 43.1142 89.3553
172 43.5142 89.4026
766 43.9755 89.4571
126 44.4533 89.5136
866 44.8472 89.5602
408 45.2652 89.6096
961 45.6459 89.6547
165 45.9751 89.6936
449 46.3092 89.7331
746 46.6902 89.7781
5 47.0338 89.8187
569 47.3724 89.8588
53 47.8272 89.9125
541 48.4818 89.9899
911 49.1059 90.0637
140 49.1031 90.0398
375 49.1009 90.0211
367 49.0988 90.0027
344 49.0967 89.9847
624 49.0943 89.9642
816 49.0917 89.9421
896 49.0895 89.9227
532 49.0871 89.9021
713 49.0845 89.8804
511 49.0822 89.8599
940 49.0794 89.8364
23 49.0774 89.8186
309 49.0747 89.7961
105 49.0724 89.7763
12 49.0698 89.754
690 49.0675 89.7341
415 49.0651 89.713
62 49.0629 89.6943
434 49.0606 89.675
305 49.0579 89.651
320 49.0552 89.6286
887 49.0528 89.6074
536 49.0504 89.587
319 49.0479 89.5656
584 49.0459 89.5483
129 49.0432 89.5251
156 49.0409 89.5055
952 49.0385 89.4844
530 49.0358 89.4618
737 49.0338 89.4444
856 49.0315 89.4247
774 49.0113 89.251
980 48.9914 89.08
814 48.9706 88.9013
118 48.9519 88.7403
882 48.9341 88.5875
343 48.8822 88.1409
40 48.8306 87.6973
245 48.7804 87.2665
851 48.7344 86.871
313 48.6873 86.4663
239 48.6355 86.0202
659 48.5725 85.4792
618 48.5182 85.0125
516 48.4519 84.4427
416 48.3694 83.7329
179 48.2753 82.9243
91 48.1789 82.0959
563 48.1101 81.5046
144 48.0428 80.9259
350 47.9856 80.4343
80 47.9339 79.9896
294 47.9187 79.8591
82 47.9031 79.7248
947 47.8875 79.5906
292 47.8692 79.4339
406 47.8517 79.2829
755 47.8324 79.1178
861 47.8145 78.9638
649 47.7954 78.7993
562 47.7765 78.6373
826 47.7579 78.4773
189 47.7389 78.314
895 47.72 78.1516
642 47.7007 77.9855
540 47.6793 77.8012
564 47.6607 77.6419
193 47.6418 77.4793
561 47.622 77.3084
215 47.6017 77.134
840 47.5815 76.9606
880 47.5627 76.7988
832 47.5408 76.6107
632 47.5175 76.4108
9 47.4961 76.2267
800 47.4745 76.041
112 47.4517 75.8447
986 47.4302 75.6605
802 47.4104 75.4899
513 47.3895 75.3102
94 47.3695 75.1381
280 47.3498 74.9695
582 47.3271 74.774
857 47.3048 74.5825
109 47.283 74.3945
671 47.2631 74.224
315 47.2405 74.0293
921 47.2174 73.8311
987 47.1933 73.624
432 47.1083 72.8936
134 47.022 72.1516
523 46.9323 71.3803
964 46.842 70.604
855 46.468 70.4739
226 46.0665 70.3343
404 45.795 70.2399
410 45.5567 70.157
910 45.314 70.0726
894 45.0949 69.9965
976 44.8693 69.918
216 44.6644 69.8468
968 44.4388 69.7683
779 44.1793 69.6781
248 43.9395 69.5947
453 43.6911 69.5083
743 43.4177 69.4132
235 43.1211 69.3101
484 42.8095 69.2017
104 42.4797 69.087
56 42.2025 68.9906
171 41.9433 68.9005
683 41.6943 68.8139
558 41.4461 68.7276
264 41.1787 68.6346
715 40.9137 68.5425
798 40.6627 68.4552
30 39.968 68.2136
21 39.4245 68.0246
765 38.9211 67.8495
137 38.4195 67.6751
614 38.0152 67.5345
359 37.495 67.3536
454 37.0322 67.1927
163 36.8782 66.9744
912 36.7171 66.7462
308 36.5763 66.5467
365 36.4351 66.3467
291 36.2952 66.1484
878 36.1591 65.9555
724 36.017 65.7542
809 35.8493 65.5166
533 35.6984 65.3028
54 35.557 65.1023
576 35.4166 64.9034
225 35.2813 64.7118
459 35.1246 64.4897
471 34.9607 64.2575
175 34.8094 64.043
493 34.6447 63.8096
510 34.4848 63.5831
34 34.3564 63.4012
846 34.3564 63.4012
676 34.3564 63.4012
804 34.3564 63.4012
720 34.3564 63.4012
89 34.3564 63.4012
730 34.3564 63.4012
587 34.1172 62.8671
965 33.8798 62.3368
327 33.6393 61.7996
596 32.5356 59.3348
783 30.7846 55.4239
839 30.7846 55.4239
461 30.7846 55.4239
370 30.7846 55.4239
732 30.7846 55.4239
922 30.4086 54.9405
269 30.0074 54.4249
929 29.6545 53.9712
957 29.2613 53.4657
147 28.8002 52.873
891 28.3408 52.2824
603 27.8276 51.6227
438 27.2651 50.8996
182 26.8123 50.3175
758 26.8986 50.2076
142 26.9885 50.093
279 27.0782 49.9788
545 27.1885 49.8383
508 27.3006 49.6955
655 27.4 49.5689
151 27.5016 49.4394
748 27.5851 49.3331
174 27.6587 49.2394
422 27.7486 49.1249
403 27.857 48.9868
698 27.9576 48.8586
324 28.0731 48.7115
302 28.1964 48.5545
397 28.3078 48.4126
756 28.411 48.2811
496 28.5203 48.1419
475 28.6448 47.9834
59 28.7623 47.8337
525 28.8977 47.6612
78 29.0243 47.4999
913 29.1557 47.3325
723 29.2866 47.1658
37 29.4172 46.9995
535 29.5452 46.8364
797 29.6686 46.6793
938 29.8111 46.4978
529 30.0835 46.1508
388 30.2651 45.9194
688 30.4401 45.6966
612 30.6382 45.4442
633 30.6382 45.4442
549 30.6382 45.4442
664 31.0859 45.4905
543 31.5349 45.5369
414 32.0169 45.5867
811 32.5067 45.6373
687 33.0217 45.6905
49 33.5411 45.7442
38 34.0386 45.7956
127 34.5957 45.8531
155 35.0601 45.9011
917 35.4564 45.942
876 35.8337 45.981
566 36.2385 46.0229
257 36.6291 46.0632
862 37.1865 46.4956
7 37.711 46.9025
790 38.3548 47.4019
619 39.0622 47.9507
237 40.0016 48.6794
512 40.8414 49.3309
522 41.6393 49.9499
452 42.4682 50.5929
210 43.4376 51.3449
621 44.4423 52.1243
101 45.3253 52.8094
186 46.1205 53.4262
281 46.795 53.9495
843 47.4689 54.4722
286 48.2452 55.0745
791 48.8657 55.5558
85 49.3681 55.9456
161 49.8488 56.3185
793 50.2791 56.6523
519 50.7048 56.9825
468 51.174 57.3465
485 51.5599 57.6459
498 51.7474 57.7913
293 51.9651 57.9602
625 52.1555 58.1079
472 52.3227 58.2376
597 53.1134 58.851
623 54.1447 59.6511
190 55.7067 60.8628
907 56.1609 61.2151
942 56.579 61.5395
577 56.7231 61.6513
668 56.8929 61.783
84 57.0419 61.8986
762 57.2 62.0213
396 57.3463 62.1347
810 57.5007 62.2545
923 57.648 62.3688
188 58.2247 62.8161
617 58.9007 63.3406
605 59.6461 63.9188
440 60.3132 64.4364
35 60.954 64.9334
282 61.7789 65.5733
900 63.3437 66.7873
962 64.0774 67.3565
650 64.6755 67.8204
201 65.3075 68.3107
173 65.6169 68.5507
744 65.963 68.8192
647 66.2627 69.0517
383 66.6455 69.3487
238 66.5171 69.6326
579 66.391 69.9114
847 66.2596 70.2019
71 66.1425 70.4607
515 66.0407 70.6858
420 65.9353 70.9188
654 65.7578 71.3111
229 65.5827 71.6983
975 65.476 71.9341
460 65.3418 72.2308
208 65.2246 72.4898
478 65.1153 72.7315
83 64.8574 73.3014
290 64.613 73.8417
837 64.3576 74.4063
509 64.0802 75.0195
51 63.8186 75.5978
904 63.5471 76.1981
481 63.2549 76.8438
727 62.9725 77.4682
259 62.6195 78.2484
465 62.4276 78.6728
18 62.2368 79.0946
937 62.0429 79.5231
378 61.836 79.9805
801 61.6319 80.4318
769 61.4277 80.8832
636 61.1873 81.4145
984 61.935 82.6241
185 62.4548 83.4652
273 62.4548 83.4652
297 62.4548 83.4652
477 62.4548 83.4652
782 62.4548 83.4652
369 62.6898 83.5407
395 62.9388 83.6206
567 63.1754 83.6966
931 63.4116 83.7725
335 63.6412 83.8462
317 63.8918 83.9267
202 64.1305 84.0033
992 64.3962 84.0887
177 64.6523 84.1709
575 64.904 84.2517
754 65.1632 84.3349
620 70.5906 86.0788
823 70.7337 86.1246
775 70.8757 86.1701
742 71.0184 86.2158
845 71.1469 86.2569
145 71.2792 86.2993
464 71.4144 86.3426
353 71.5662 86.3912
544 71.7109 86.4375
158 71.8581 86.4846
251 72.002 86.5307
52 72.1424 86.5757
318 72.2907 86.6232
622 72.4319 86.6684
285 72.5846 86.7173
817 72.7338 86.765
42 73.0249 86.8583
666 73.3574 86.9647
149 73.6936 87.0723
322 75.7806 87.74
580 76.6489 88.018
928 81.232 88.1868
813 81.232 88.1868
725 81.232 88.1868
473 81.232 88.1868
494 81.232 88.1868
893 81.232 88.1868
983 81.232 88.1867
417 81.232 88.1867
864 81.232 88.1867
159 81.232 88.1867
820 81.232 88.1867
135 81.232 88.1867
889 81.6647 87.6344
854 82.0317 87.1659
685 83.505 85.2854
740 84.5247 83.9838
450 85.5338 82.6958
25 85.6492 82.5485
648 85.7627 82.4036
311 85.8957 82.2339
372 86.0149 82.0817
660 84.6601 79.8076
528 83.3081 77.5383
204 82.2473 75.7576
332 81.063 73.7699
385 80.0165 72.0133
818 79.0932 70.4635
595 76.857 66.7101
852 77.5294 66.2162
152 78.197 65.7258
867 78.9458 65.1757
497 84.3138 61.2323
242 83.9807 61.2214
684 83.6468 61.2104
884 83.3241 61.1998
107 82.9644 61.188
198 82.5053 61.1729
977 82.0564 61.1582
838 81.6247 61.144
170 81.2006 61.13
506 80.4706 61.106
136 79.5986 61.0774
68 75.5548 60.9444
583 74.6768 60.9156
67 73.8147 60.8872
334 73.2325 60.8681
340 72.5457 60.8455
941 72.5675 60.6466
553 72.5877 60.4627
538 72.6039 60.3151
70 72.6223 60.1476
102 72.6334 60.0467
767 72.6444 59.9461
387 72.6559 59.8417
656 72.6657 59.7524
110 72.6756 59.6617
850 72.687 59.5581
393 72.697 59.4667
357 73.6966 50.3624
143 73.7406 49.9615
644 73.7836 49.5697
606 73.8235 49.2059
466 73.8579 48.8926
425 73.8887 48.6123
195 73.9219 48.3095
967 73.9543 48.0152
932 73.9901 47.6891
609 74.0308 47.3177
592 74.0665 46.9925
745 74.1027 46.6634
920 74.1337 46.3803
314 74.1703 46.0473
29 74.264 45.966
670 74.3497 45.8916
117 74.4325 45.8197
323 74.6781 45.6064
842 74.9181 45.398
926 75.2968 45.0692
274 75.7553 44.671
232 76.1673 44.3133
951 76.6397 43.903
98 82.4392 28.1
590 82.4392 28.1
835 82.4392 28.1
520 82.8454 26.9418
33 83.8032 24.2105
483 86.16 17.4897
345 86.084 17.5207
627 86.0078 17.5517
979 85.9292 17.5838
260 85.8451 17.6181
243 85.0424 17.9452
