0,504,959,598,24,721,581,176,819,103,295,777,314,45,358,209,781,785,865,27,873,930,681,55,751,355,634,828,63,43,716,555,6,844,164,197,289,419,19,458,831,377,821,906,978,421,594,262,875,217,66,843,492,870,69,155,876,472,210,619,687,356,935,566,748,269,194,529,778,692,862,257,452,508,512,180,522,342,276,127,913,525,783,603,679,543,706,147,461,549,397,664,388,811,191,151,480,7,989,11,790,869,917,38,612,49,205,250,278,853,586,834,111,407,518,934,287,653,822,261,64,709,883,26,337,310,704,467,363,573,379,486,284,626,246,824,307,354,221,899,439,787,643,915,902,351,702,602,254,669,160,588,474,661,187,8,682,348,258,61,402,362,881,629,331,488,722,646,812,299,794,366,741,211,674,412,898,455,4,121,572,963,641,74,673,700,87,268,499,125,283,32,212,985,829,990,65,133,836,86,514,10,328,330,958,384,148,46,943,710,438,797,37,633,698,174,956,691,758,214,182,142,157,57,972,771,565,166,925,708,841,489,542,949,228,527,423,749,616,770,116,534,505,663,849,122,764,312,47,154,936,100,373,677,858,303,218,909,863,463,731,128,981,938,336,510,422,59,535,302,652,805,352,222,123,324,403,476,341,496,908,78,475,655,279,391,723,370,891,414,237,413,599,922,957,688,903,720,233,104,34,30,640,267,308,545,756,912,645,89,596,365,56,493,839,929,533,523,471,459,809,591,54,225,410,576,270,571,235,350,676,134,765,715,80,404,732,779,976,175,724,910,689,124,574,252,189,163,171,21,840,291,971,226,540,144,872,578,333,454,359,390,443,501,60,662,604,327,806,878,730,223,296,382,507,451,735,729,733,137,901,79,601,526,329,537,965,846,897,705,168,266,658,888,275,788,349,927,600,635,789,701,587,16,58,630,3,739,411,132,524,757,608,41,830,552,607,726,339,272,948,427,890,277,667,665,400,162,433,728,500,772,97,326,879,376,361,224,556,48,991,346,240,77,192,686,970,924,784,551,398,502,457,796,503,130,255,298,207,950,680,825,81,717,347,531,429,220,113,482,479,703,99,799,639,338,760,589,196,219,131,734,321,445,374,381,119,747,371,114,234,14,517,860,694,657,966,939,554,95,203,90,325,719,815,316,75,178,184,955,300,736,405,169,969,628,546,570,401,426,444,803,892,364,557,944,711,914,759,106,263,792,1,380,718,678,442,236,568,905,200,447,868,435,108,953,247,446,17,462,916,693,637,436,547,153,39,301,386,304,982,88,199,988,495,15,244,360,585,138,827,213,615,399,31,750,780,560,487,550,431,306,368,50,696,141,418,469,490,631,491,933,183,776,712,120,76,36,786,44,456,610,424,651,227,249,13,973,695,859,699,638,886,871,714,521,768,96,115,697,150,441,593,753,885,833,761,253,808,795,611,20,2,73,430,428,409,288,28,93,946,707,649,614,309,613,416,562,146,181,960,954,230,974,877,752,167,448,569,82,294,139,292,215,470,807,22,72,672,392,53,265,256,548,92,172,394,814,918,231,773,129,449,165,248,539,40,437,193,851,636,408,887,940,713,375,563,259,541,561,271,367,5,126,516,755,389,746,766,245,738,532,406,919,874,305,343,659,575,624,961,177,511,882,118,952,140,156,62,12,344,530,947,105,880,313,239,763,754,564,206,536,23,434,415,861,826,866,179,559,202,690,241,896,856,895,618,737,980,319,320,335,774,642,584,911,801,297,395,317,18,567,816,280,229,369,992,145,544,52,464,845,813,353,622,185,273,417,318,477,149,817,984,823,620,158,42,159,285,494,580,742,740,854,251,666,983,135,893,928,820,889,204,311,648,322,473,864,372,660,450,25,725,685,684,107,242,838,506,884,497,201,951,528,332,977,385,170,198,136,110,383,378,420,852,595,340,727,173,650,867,68,904,900,152,579,582,800,668,481,83,937,975,290,962,837,832,51,509,818,671,67,744,654,515,931,460,775,465,71,802,804,238,617,855,769,208,986,109,847,921,112,9,987,632,432,513,484,577,453,857,282,605,161,968,94,468,498,793,286,101,216,91,597,558,281,923,782,264,894,683,743,621,964,798,84,907,647,315,848,190,485,188,357,186,945,393,293,810,35,85,625,762,791,440,519,583,102,623,942,334,920,466,767,70,195,941,932,606,478,842,656,538,396,967,387,425,117,670,29,553,592,850,609,232,926,745,143,274,644,675,323,33,520,590,835,98,483,627,243,260,979,345,
value : 434.047 running time : 506.215248
0 80 20
504 73.7698 17.8468
959 71.2094 16.9618
598 70.5312 16.7274
24 69.8753 16.5007
721 69.2392 16.2809
581 68.5813 16.0535
176 67.9799 15.8456
819 67.422 15.6528
103 66.8615 15.4591
295 64.1042 19.2686
777 61.7425 22.5314
314 54.2471 32.8874
45 54.204 32.9342
358 54.1572 32.9851
209 54.1098 33.0367
781 54.0606 33.0903
785 54.0073 33.1482
865 53.954 33.2062
27 53.9014 33.2634
873 53.8473 33.3223
930 53.7879 33.3869
681 53.7327 33.447
55 53.6788 33.5056
751 53.6189 33.5708
355 53.5578 33.6372
634 53.4968 33.7036
828 53.4357 33.7701
63 53.3666 33.8453
43 53.3088 33.9081
716 53.2512 33.9708
555 53.201 34.0254
6 53.1444 34.087
844 53.0746 34.163
164 53.0174 34.2251
197 52.9511 34.2973
289 52.8961 34.3571
419 52.8393 34.419
19 52.6565 34.6178
458 52.4912 34.7977
831 52.3354 34.9672
377 52.0989 35.2244
821 51.866 35.4778
906 50.9031 36.5254
978 50.1142 37.3836
421 49.309 38.2597
594 48.5252 39.1123
262 47.3666 40.3728
875 47.0626 40.4319
217 46.7494 40.4928
66 46.2271 40.5944
843 45.712 40.6945
492 45.1946 40.7951
870 44.6476 40.9015
69 44.0149 41.0245
155 43.3373 41.1562
876 42.6829 41.2835
472 42.2718 41.3634
210 41.7787 41.4593
619 41.3049 41.5514
687 40.9541 41.6196
356 40.6599 41.6768
935 40.3441 41.7382
566 39.9627 41.8124
748 39.5628 41.8901
269 39.2418 41.9525
194 39.1473 41.9709
529 39.0387 41.992
778 38.9352 42.0121
692 38.8436 42.0299
862 38.7469 42.0487
257 38.6471 42.0681
452 38.5399 42.089
508 38.4186 42.1126
512 38.3239 42.131
180 38.2177 42.1516
522 38.1144 42.1717
342 38.0148 42.1911
276 37.9034 42.2127
127 37.7647 42.2397
913 37.6238 42.2671
525 37.5091 42.2894
783 37.4102 42.3086
603 37.3003 42.33
679 37.2402 42.1333
543 37.1921 41.9762
706 37.1409 41.8086
147 37.0938 41.6548
461 37.0378 41.4717
549 36.5077 39.7387
397 36.459 39.5794
664 36.4062 39.4069
388 36.3556 39.2413
811 36.3038 39.0721
191 36.2541 38.9097
151 36.2083 38.7597
480 36.1632 38.6125
7 36.1163 38.4591
989 36.0706 38.3096
11 36.0196 38.1429
790 35.969 37.9773
869 35.9154 37.8022
917 35.8727 37.6626
38 35.8253 37.5076
612 35.7738 37.3393
49 35.7738 37.3393
205 35.0439 34.2879
250 35.5829 29.3962
278 35.6612 28.4448
853 35.7446 27.4318
586 35.8678 25.9344
834 36.03 23.963
111 36.2685 21.0633
407 36.5073 18.159
518 36.6573 16.3372
934 36.4282 16.5171
287 36.2224 16.6787
653 35.9964 16.8561
822 35.7379 17.0591
261 35.5081 17.2395
64 35.2793 17.4192
709 35.0653 17.5872
883 34.8832 17.7302
26 34.6965 17.8768
337 34.5026 18.0291
310 34.3044 18.1847
704 34.0939 18.35
467 33.8733 18.5232
363 32.788 19.0026
573 31.6337 19.5124
379 30.2983 20.1023
486 28.736 20.7924
284 28.736 20.7924
626 28.736 20.7924
246 28.736 20.7924
824 28.736 20.7924
307 28.736 20.7924
354 28.736 20.7924
221 28.736 20.7924
899 28.736 20.7924
439 28.736 20.7924
787 28.736 20.7924
643 28.736 20.7924
915 28.736 20.7924
902 28.736 20.7924
351 28.736 20.7924
702 28.736 20.7924
602 28.736 20.7924
254 28.736 20.7924
669 28.736 20.7924
160 28.736 20.7924
588 19.6118 17.9199
474 17.5837 17.2814
661 15.3142 16.5668
187 12.3845 15.6444
8 12.2992 15.6175
682 12.1903 15.5832
348 12.0892 15.5514
258 11.9809 15.5173
61 11.9809 15.5173
402 11.9809 15.5173
362 11.9809 15.5173
881 11.9809 15.5173
629 11.9809 15.5173
331 11.9809 15.5173
488 11.9809 15.5173
722 11.9809 15.5173
646 11.9809 15.5173
812 11.9809 15.5173
299 11.9162 19.1482
794 11.8821 21.065
366 11.8735 21.5538
741 11.863 22.1434
211 11.853 22.7072
674 11.8373 23.592
412 11.8141 24.8946
898 11.7756 27.0614
455 11.765 27.6566
4 11.7535 28.3036
121 11.7424 28.9303
572 11.7324 29.4946
963 11.7222 30.0697
641 11.7098 30.7668
74 11.6954 31.5759
673 11.6782 32.5434
700 11.6541 33.8983
87 11.6347 34.9926
268 11.616 36.0446
499 11.5887 37.5813
125 11.5887 37.5813
283 11.5887 37.5813
32 11.5887 37.5813
212 11.5887 37.5813
985 11.5887 37.5813
829 11.5887 37.5813
990 11.5887 37.5813
65 11.5887 37.5813
133 11.5887 37.5813
836 11.5887 37.5813
86 11.5887 37.5813
514 11.6185 37.6694
10 11.6609 37.7943
328 11.6982 37.9043
330 11.7409 38.0302
958 11.7826 38.1534
384 11.8254 38.2795
148 11.8678 38.4046
46 11.905 38.5144
943 11.9415 38.6219
710 11.9907 38.7669
438 13.7193 43.8653
797 13.4988 44.4632
37 13.2852 45.0424
633 12.7423 46.5145
698 12.6227 46.7373
174 12.5085 46.95
956 12.394 47.1632
691 12.3208 47.2995
758 12.2571 47.418
214 12.1857 47.5511
182 12.1287 47.6571
142 12.0685 47.7693
157 12.0016 47.8937
57 11.9394 48.0096
972 11.8788 48.1224
771 11.8222 48.2278
565 11.7488 48.3644
166 11.6809 48.4909
925 11.6195 48.6051
708 11.5823 48.6745
841 11.5487 48.737
489 11.5114 48.8065
542 11.4756 48.8731
949 11.4409 48.9378
228 11.4013 49.0115
527 11.3549 49.0979
423 11.3201 49.1627
749 11.2778 49.2414
616 11.2397 49.3123
770 11.1964 49.393
116 11.1478 49.4835
534 11.1092 49.5553
505 11.0678 49.6325
663 11.0278 49.7068
849 10.9748 49.8056
122 10.9314 49.8863
764 11.084 49.9152
312 11.1909 49.9355
47 11.3145 49.9589
154 11.4467 49.9839
936 11.5746 50.0081
100 11.6984 50.0315
373 11.8261 50.0557
677 11.9608 50.0812
858 12.0879 50.1053
303 12.1923 50.1251
218 12.3023 50.1459
909 12.4188 50.168
863 12.5357 50.1901
463 12.664 50.2144
731 12.7937 50.2389
128 12.9302 50.2648
981 14.5918 50.5794
938 15.4816 50.7478
336 16.2658 50.8963
510 17.1223 51.0584
422 17.5207 51.1339
59 17.9247 51.2104
535 18.2604 51.2739
302 18.5647 51.3315
652 18.5647 51.3315
805 18.5647 51.3315
352 18.5647 51.3315
222 18.5647 51.3315
123 18.5647 51.3315
324 18.9532 51.4421
403 19.2642 51.5306
476 19.5471 51.6112
341 19.8408 51.6947
496 20.3897 51.851
908 20.9572 52.0125
78 21.4818 52.1618
475 22.1805 52.3607
655 22.8604 52.5542
279 23.7778 52.8153
391 24.92 53.1405
723 26.1621 53.4941
370 27.9653 54.0075
891 27.9653 54.0075
414 27.9653 54.0075
237 28.2413 54.4635
413 28.4676 54.8374
599 28.7387 55.2855
922 28.9756 55.677
957 29.1929 56.0361
688 29.3945 56.3692
903 29.6335 56.7642
720 29.8407 57.1066
233 30.0297 57.419
104 30.2547 57.7907
34 30.4415 58.0994
30 30.6487 58.4418
640 30.8414 58.7603
267 31.0415 59.091
308 31.252 59.4388
545 31.4178 59.7129
756 31.618 60.0437
912 31.8425 60.4147
645 32.0557 60.7671
89 32.2529 61.0928
596 32.4962 61.495
365 32.7066 61.8427
56 32.9004 62.1629
493 33.0675 62.4389
839 33.2473 62.7361
929 33.442 63.0578
533 33.6612 63.4202
523 33.8938 63.8045
471 34.0676 64.0917
459 34.2589 64.4078
809 34.4327 64.695
591 34.6318 65.024
54 34.8189 65.3332
225 35.0256 65.6748
410 35.2025 65.9672
576 35.3764 66.2545
270 35.5757 66.5839
571 35.7266 66.8332
235 35.8954 67.1122
350 35.8027 67.2502
676 35.7214 67.3713
134 35.626 67.5134
765 35.5354 67.6484
715 35.4355 67.7972
80 35.3346 67.9474
404 35.2415 68.0862
732 35.1562 68.2133
779 35.0503 68.371
976 34.9337 68.5446
175 34.831 68.6975
724 34.7165 68.8681
910 34.6086 69.0288
689 34.4895 69.2063
124 34.3806 69.3685
574 34.2855 69.5101
252 34.1918 69.6496
189 34.1014 69.7844
163 34.0254 69.8975
171 33.9382 70.0275
21 33.8427 70.1697
840 33.7423 70.3192
291 33.3016 70.2698
971 32.8572 70.2199
226 32.5289 70.1831
540 32.1709 70.1429
144 31.7278 70.0932
872 30.3875 69.9428
578 29.0034 69.7875
333 29.0034 69.7875
454 29.0034 69.7875
359 29.0034 69.7875
390 29.0034 69.7875
443 29.0034 69.7875
501 29.0034 69.7875
60 29.0034 69.7875
662 29.0034 69.7875
604 29.0034 69.7875
327 29.0034 69.7875
806 29.0034 69.7875
878 29.0034 69.7875
730 29.0034 69.7875
223 29.0034 69.7875
296 29.0034 69.7875
382 28.6209 69.7095
507 28.2539 69.6346
451 27.9314 69.5688
735 27.7429 69.5304
729 27.5799 69.4971
733 27.4221 69.465
137 27.2687 69.4336
901 27.0936 69.3979
79 26.9207 69.3627
601 26.7567 69.3292
526 26.6011 69.2975
329 26.4376 69.2641
537 26.2977 69.2356
965 26.1428 69.204
846 25.977 69.1702
897 25.8168 69.1375
705 25.6674 69.107
168 25.1104 69.4878
266 24.7297 69.748
658 24.3442 70.0116
888 23.99 70.2537
275 23.6515 70.4851
788 23.3337 70.7023
349 22.8834 71.0102
927 22.3844 71.3513
600 21.881 71.6954
635 21.4039 72.0215
789 20.9379 72.3401
701 20.4506 72.6732
587 20.0067 72.9767
16 19.4421 73.3626
58 18.8043 73.7986
630 18.5076 73.7002
3 18.2483 73.6142
739 18.1078 73.5676
411 17.9775 73.5243
132 17.8491 73.4817
524 17.7239 73.4402
757 17.6144 73.4039
608 17.4849 73.3609
41 17.3437 73.3141
830 10.3057 70.9789
552 10.3029 70.9695
607 10.3004 70.9612
726 10.2981 70.9535
339 10.2956 70.9452
272 10.2927 70.9356
948 10.2902 70.9272
427 10.2877 70.9189
890 10.2854 70.9112
277 10.2827 70.9021
667 10.2802 70.8937
665 10.2778 70.8856
400 10.2755 70.878
162 10.2731 70.87
433 10.2708 70.8624
728 10.2682 70.8539
500 10.2656 70.8449
772 10.2627 70.8352
97 10.2603 70.8274
326 10.2581 70.8199
879 10.2554 70.811
376 10.2529 70.8027
361 10.2508 70.7958
224 10.2487 70.7886
556 10.2465 70.7813
48 10.2443 70.774
991 10.2416 70.7649
346 10.2389 70.7559
240 10.2362 70.7469
77 10.2284 70.7209
192 10.2219 70.6991
686 10.2162 70.68
970 10.2101 70.6598
924 10.2045 70.641
784 10.1987 70.6215
551 10.1938 70.6052
398 10.1879 70.5854
502 10.1824 70.567
457 10.1771 70.5495
796 10.1713 70.53
503 10.1648 70.5083
130 10.1581 70.4861
255 10.1525 70.4672
298 10.1473 70.4498
207 10.1416 70.4309
950 10.136 70.4122
680 10.1291 70.3891
825 10.1226 70.3676
81 10.1148 70.3414
717 10.1078 70.318
347 10.1006 70.2941
531 10.0945 70.2737
429 10.1778 70.3406
220 10.3014 70.4398
113 10.4147 70.5307
482 10.5247 70.619
479 10.637 70.7091
703 10.7417 70.7931
99 10.854 70.8832
799 10.854 70.8832
639 10.854 70.8832
338 10.854 70.8832
760 10.854 70.8832
589 10.854 70.8832
196 10.854 70.8832
219 10.854 70.8832
131 10.854 70.8832
734 10.854 70.8832
321 10.854 70.8832
445 10.854 70.8832
374 10.854 70.8832
381 10.854 70.8832
119 10.854 70.8832
747 10.854 70.8832
371 10.854 70.8832
114 10.854 70.8832
234 10.854 70.8832
14 10.8502 70.964
517 10.8465 71.0437
860 10.8426 71.1274
694 10.8392 71.1994
657 10.8357 71.2739
966 10.8324 71.3432
939 10.8289 71.4192
554 10.6408 75.4402
95 10.5782 76.7782
203 10.5435 77.5201
90 10.5106 78.2216
325 10.4805 78.865
719 10.4503 79.5116
815 10.4241 80.0713
316 10.4003 80.5794
75 10.3787 81.0397
178 10.3564 81.5176
184 10.3338 82.0005
955 10.308 82.5516
300 10.2806 83.1367
736 10.2543 83.6977
405 10.2285 84.2499
169 10.2219 84.3908
969 10.2147 84.5433
628 10.2085 84.6767
546 10.2021 84.8137
570 10.1952 84.9609
401 10.1877 85.1207
426 10.1808 85.2692
444 10.1734 85.4273
803 10.1657 85.5905
892 10.1587 85.7393
364 10.1511 85.9033
557 10.1439 86.0572
944 10.1368 86.2075
711 10.1283 86.3907
914 10.1213 86.5403
759 10.1145 86.6837
106 10.1064 86.8566
263 10.0997 87.0002
792 10.0929 87.1467
1 10.0852 87.3097
380 10.0773 87.48
718 10.0734 87.5633
678 10.069 87.6576
442 10.0648 87.7456
236 10.0604 87.8393
568 10.0564 87.9259
905 10.0524 88.0105
200 10.0475 88.1153
447 10.0433 88.206
868 10.0388 88.3023
435 10.0346 88.3915
108 10.0323 88.4415
953 10.0296 88.4979
247 10.0271 88.5527
446 10.0244 88.61
17 10.0216 88.6682
462 10.0189 88.7275
916 10.0164 88.7812
693 10.0135 88.8418
637 10.0108 88.8995
436 10.0082 88.9553
547 10.0052 89.0201
153 10.0022 89.0835
39 9.99912 89.1493
301 9.9965 89.2054
386 9.99383 89.2624
304 9.99114 89.3199
982 9.98861 89.3739
88 9.98603 89.429
199 9.98276 89.499
988 9.97969 89.5644
495 10.0001 89.5626
15 10.0178 89.5611
244 10.0337 89.5597
360 10.0476 89.5585
585 10.0588 89.5575
138 10.0728 89.5563
827 10.0862 89.5552
213 10.1005 89.5539
615 10.7412 89.4986
399 11.6757 89.418
31 12.5286 89.3444
750 13.4213 89.2673
780 14.5701 89.1682
560 15.8157 89.0607
487 17.0937 88.9504
550 18.0194 88.8705
431 18.6475 88.8163
306 19.2397 88.7652
368 19.584 88.7355
50 19.9377 88.705
696 20.3152 88.6724
141 20.6886 88.6402
418 20.8306 88.6279
469 20.9697 88.6159
490 21.124 88.6026
631 21.2652 88.5904
491 21.3187 88.5858
933 21.3731 88.5811
183 21.4316 88.576
776 21.4912 88.5709
712 21.5564 88.5653
120 21.6304 88.5589
76 21.693 88.5535
36 21.7542 88.5482
786 21.8161 88.5428
44 21.8708 88.5381
456 21.928 88.5332
610 21.9883 88.528
424 22.0438 88.5232
651 22.1002 88.5183
227 22.1551 88.5136
249 22.2128 88.5086
13 22.2701 88.5037
973 22.3293 88.4985
695 22.3959 88.4928
859 22.4642 88.4869
699 22.5239 88.4817
638 22.601 88.4751
886 22.6589 88.4701
871 22.72 88.4648
714 22.7846 88.4592
521 22.8507 88.4535
768 22.9164 88.4479
96 22.9813 88.4423
115 23.0367 88.4375
697 23.1015 88.4319
150 23.1686 88.4261
441 23.2258 88.4212
593 23.2853 88.416
753 23.3457 88.4108
885 23.4109 88.4052
833 23.4762 88.3995
761 23.5469 88.3934
253 23.6181 88.3873
808 23.6887 88.3812
795 23.7524 88.3757
611 23.8123 88.3705
20 23.8464 88.3676
2 23.9859 88.2388
73 24.0915 88.1414
430 24.1928 88.0479
428 24.321 87.9296
409 24.4316 87.8276
288 24.5587 87.7103
28 24.6856 87.5932
93 24.8292 87.4607
946 25.0051 87.2984
707 29.913 87.7606
649 32.2138 87.9773
614 33.6134 88.1091
309 34.3103 88.1747
613 34.9332 88.2334
416 35.5727 88.2936
562 36.1676 88.3496
146 36.1676 88.3496
181 36.1676 88.3496
960 36.1676 88.3496
954 36.2062 88.3528
230 36.3993 88.3685
974 36.5849 88.3836
877 36.7599 88.3978
752 36.9283 88.4115
167 37.0896 88.4246
448 37.304 88.442
569 37.5087 88.4587
82 37.7008 88.4743
294 37.8761 88.4885
139 38.0364 88.5016
292 38.2049 88.5153
215 38.382 88.5297
470 38.5492 88.5433
807 38.7322 88.5581
22 38.9012 88.5719
72 39.0707 88.5857
672 39.2373 88.5992
392 39.4309 88.615
53 39.628 88.631
265 39.8063 88.6455
256 39.9738 88.6591
548 40.1622 88.6744
92 40.3438 88.6892
172 40.5446 88.7055
394 40.7458 88.7219
814 40.9486 88.7383
918 41.1098 88.7515
231 41.309 88.7676
773 41.5184 88.7847
129 41.8304 88.81
449 42.1311 88.8345
165 42.4242 88.8583
248 42.6836 88.8794
539 42.9439 88.9006
40 43.2256 88.9235
437 43.4307 88.9401
193 43.6775 88.9602
851 43.9447 88.9819
636 44.166 88.9999
408 44.3914 89.0182
887 44.6173 89.0366
940 44.6091 89.0459
713 44.5997 89.0564
375 44.5918 89.0653
563 44.5855 89.0724
259 44.5784 89.0804
541 44.5694 89.0905
561 44.5618 89.0991
271 44.5536 89.1083
367 44.5775 89.1061
5 44.5961 89.1043
126 44.6163 89.1025
516 44.635 89.1007
755 44.6528 89.0991
389 44.6699 89.0975
746 44.6893 89.0957
766 44.7073 89.094
245 44.7282 89.092
738 44.7448 89.0905
532 44.7657 89.0886
406 44.7846 89.0868
919 44.8007 89.0853
874 45.5407 89.0165
305 46.3864 88.9378
343 47.2281 88.8595
659 48.0812 88.7802
575 48.8959 88.7044
624 49.3742 88.6599
961 49.8497 88.6157
177 50.383 88.5661
511 50.3816 88.5651
882 50.3802 88.5643
118 50.3787 88.5633
952 50.3773 88.5624
140 50.3757 88.5614
156 50.3744 88.5605
62 50.3731 88.5597
12 50.3718 88.5588
344 50.3705 88.558
530 50.3487 88.5439
947 50.3307 88.5322
105 50.3129 88.5208
880 50.2948 88.509
313 50.2771 88.4976
239 50.257 88.4846
763 50.238 88.4723
754 50.2207 88.4611
564 50.2 88.4477
206 50.1828 88.4366
536 50.167 88.4264
23 50.1515 88.4164
434 50.114 88.3921
415 50.0711 88.3643
861 50.0273 88.336
826 49.9841 88.3081
866 49.9451 88.2828
179 49.9078 88.2587
559 49.8705 88.2346
202 49.8347 88.2114
690 49.7923 88.184
241 49.744 88.1527
896 50.7207 88.1617
856 51.5777 88.1696
895 51.9918 88.1735
618 52.4694 88.1779
737 52.9463 88.1823
980 53.3551 88.1861
319 53.7361 88.1896
320 54.2114 88.194
335 54.7395 88.1989
774 55.2252 88.2034
642 55.7304 88.208
584 56.3846 88.2141
911 56.992 88.2197
801 57.5618 88.225
297 58.1253 88.2302
395 58.6056 88.2346
317 59.0696 88.2389
18 59.5311 88.2432
567 59.9399 88.247
816 60.332 88.2506
280 60.7302 88.2543
229 61.2491 88.2591
369 61.8045 88.2642
992 62.4275 88.27
145 63.0718 88.2759
544 63.6428 88.2812
52 64.1627 88.286
464 64.6676 88.2907
845 65.1992 88.2956
813 65.7195 88.3004
353 66.1719 88.3046
622 66.5801 88.3084
185 66.9914 88.3122
273 67.4913 88.3168
417 68.0412 88.3219
318 68.4306 88.3255
477 68.8036 88.3289
149 69.2231 88.3328
817 69.6168 88.3364
984 70.0349 88.3403
823 70.5512 88.3451
620 71.0586 88.3498
158 71.627 88.355
42 72.1672 88.36
159 72.85 88.3663
285 73.4402 88.3718
494 74.0975 88.3778
580 74.7044 88.3834
742 75.3238 88.3892
740 75.95 88.3949
854 76.4577 88.3996
251 77.0067 88.4047
666 77.9017 88.413
983 78.9344 88.4225
135 79.4401 88.4271
893 80.0722 88.433
928 80.7306 88.439
820 81.2691 87.6215
889 82.5409 85.6903
204 83.6204 84.0511
311 84.1472 83.2511
648 84.4055 82.8589
322 84.6742 82.4509
473 85.0152 81.9332
864 85.4036 81.3433
372 86.3599 79.8913
660 86.3309 79.5512
450 86.3051 79.2485
25 86.2837 78.9967
725 86.256 78.671
685 86.2076 78.1023
684 85.2879 67.3001
107 85.0434 64.4279
242 85.0086 64.0196
838 84.9766 63.6433
506 84.9506 63.3388
884 84.9238 63.0238
497 84.9008 62.7532
201 84.8118 62.6647
951 84.728 62.5812
528 84.5246 62.6881
332 84.3535 62.7779
977 84.2058 62.8555
385 84.0421 62.9415
170 83.9102 63.0108
198 83.7742 63.0822
136 83.6441 63.1505
110 78.0363 66.0956
383 74.1893 68.1159
378 68.4639 71.1227
420 68.31 71.2036
852 68.1289 71.2987
595 67.9121 71.4125
340 67.701 71.5234
727 67.5088 71.6244
173 67.3256 71.7206
650 67.1572 71.8091
867 66.9724 71.9061
68 66.7851 72.0045
904 66.5921 72.1059
900 66.4196 72.1965
152 66.2268 72.2977
579 65.9991 72.4173
582 65.7335 72.5568
800 65.7335 72.5568
668 65.7335 72.5568
481 65.7335 72.5568
83 65.7335 72.5568
937 65.7335 72.5568
975 65.7335 72.5568
290 65.7335 72.5568
962 65.7335 72.5568
837 65.7335 72.5568
832 65.7335 72.5568
51 65.7335 72.5568
509 65.7335 72.5568
818 65.7335 72.5568
671 65.7335 72.5568
67 65.7335 72.5568
744 65.7335 72.5568
654 65.7335 72.5568
515 65.7335 72.5568
931 65.7335 72.5568
460 65.7335 72.5568
775 65.7335 72.5568
465 65.7335 72.5568
71 64.3994 71.8334
802 56.0928 67.3289
804 53.4847 64.9485
238 53.4847 64.9485
617 53.4847 64.9485
855 53.4847 64.9485
769 53.4847 64.9485
208 53.4847 64.9485
986 53.4847 64.9485
109 53.4847 64.9485
847 53.4847 64.9485
921 53.4847 64.9485
112 53.4847 64.9485
9 53.4847 64.9485
987 53.4847 64.9485
632 53.4847 64.9485
432 53.4847 64.9485
513 53.4847 64.9485
484 53.4847 64.9485
577 53.4847 64.9485
453 53.4847 64.9485
857 53.4847 64.9485
282 53.4847 64.9485
605 53.4847 64.9485
161 53.4847 64.9485
968 53.4847 64.9485
94 53.4847 64.9485
468 53.4847 64.9485
498 53.4847 64.9485
793 53.4847 64.9485
286 53.4847 64.9485
101 53.4847 64.9485
216 53.4847 64.9485
91 53.4847 64.9485
597 53.4847 64.9485
558 53.4847 64.9485
281 53.4847 64.9485
923 53.4847 64.9485
782 53.4847 64.9485
264 53.4883 64.8364
894 53.4913 64.7455
683 53.4951 64.6295
743 53.4988 64.514
621 53.5028 64.3931
964 53.5059 64.2978
798 53.5092 64.1955
84 53.5123 64.0994
907 53.5156 64.0002
647 53.5187 63.9025
315 53.522 63.8039
848 53.8231 54.5618
190 55.4872 54.7399
485 56.2318 54.8195
188 56.8695 54.8878
357 57.5561 54.9613
186 57.6993 54.9766
945 57.8563 54.9934
393 60.9253 55.3219
293 61.0052 55.2733
810 61.0812 55.2272
35 61.1602 55.1792
85 61.2404 55.1306
625 61.315 55.0853
762 61.3922 55.0385
791 61.4754 54.988
440 61.6373 54.8897
519 62.568 54.3249
583 63.7289 53.6203
102 64.4995 53.1526
623 65.2069 52.7233
942 66.2877 52.0673
334 67.4488 51.3626
920 67.5987 51.1372
466 67.7027 50.9809
767 67.7811 50.863
70 67.873 50.7249
195 67.9701 50.5789
941 68.0476 50.4623
932 68.1379 50.3266
606 68.2156 50.2097
478 68.2844 50.1063
842 68.3985 49.9347
656 68.5041 49.7759
538 68.6136 49.6113
396 68.8297 49.2863
967 69.3077 48.5676
387 69.7359 47.9238
425 69.9679 47.5405
117 70.1782 47.1928
670 70.4339 46.7703
29 70.6724 46.3762
553 70.8816 46.0305
592 71.1136 45.6472
850 71.3165 45.3118
609 71.5876 44.8639
232 71.8228 44.4752
926 72.0531 44.0947
745 72.3352 43.6285
143 72.5706 43.2395
274 72.8541 42.771
644 73.0798 42.398
675 73.577 41.5764
323 75.0278 39.179
33 77.7032 34.7575
520 78.6073 33.2636
590 79.341 32.051
835 79.9443 31.0541
98 83.3319 25.4555
483 86.1531 17.4832
627 86.0594 17.5215
243 85.9628 17.561
260 85.8601 17.603
979 84.9909 17.9586
345 84.0073 18.3609
