0,504,176,581,721,24,598,959,777,103,295,819,6,716,828,19,634,355,751,55,681,930,873,27,865,785,781,250,377,675,831,821,421,594,43,555,458,209,358,45,419,257,978,848,63,843,164,472,452,844,906,155,853,935,917,480,790,160,191,194,862,834,586,945,875,467,687,388,7,778,342,237,989,38,210,356,529,748,869,535,508,655,151,414,543,679,811,664,11,205,147,783,619,49,706,692,566,876,688,278,549,653,709,702,221,822,787,439,379,602,407,26,261,246,704,824,934,64,289,310,626,518,573,111,287,363,883,307,943,351,669,915,643,354,902,899,284,337,812,331,641,412,61,646,588,488,402,362,629,474,455,8,673,881,674,963,722,187,682,348,254,211,710,366,741,258,4,486,612,10,661,65,268,46,121,794,32,125,384,212,829,958,700,836,299,898,990,985,572,514,87,86,133,74,463,154,616,283,78,330,663,352,496,805,222,841,771,698,128,148,228,949,542,936,797,652,731,218,489,476,312,499,328,925,677,303,122,182,849,534,423,166,47,341,100,57,565,214,909,157,373,863,505,116,770,527,749,758,938,708,279,760,196,589,705,691,972,142,413,123,174,603,735,913,422,233,438,545,599,633,956,475,764,858,324,269,37,525,723,403,302,908,397,391,336,965,596,552,645,308,382,957,891,171,104,788,809,175,640,89,927,59,756,720,510,370,471,226,903,493,327,540,163,134,267,359,266,350,454,404,878,724,976,21,223,604,296,124,757,773,946,701,689,662,591,888,789,872,526,635,333,252,270,168,806,2,578,60,730,16,349,574,443,587,113,658,390,897,507,901,729,600,34,501,846,537,275,571,726,971,601,220,79,524,132,451,329,739,733,981,703,411,219,14,482,131,799,114,371,747,119,381,374,445,321,734,630,207,77,772,939,686,970,924,784,551,398,502,457,796,503,130,255,298,347,531,680,825,81,192,234,694,479,966,429,99,338,607,950,560,886,487,376,97,326,879,240,570,346,500,554,556,48,178,316,905,546,3,517,991,717,272,948,427,890,277,667,665,400,162,433,728,830,944,90,608,361,339,399,224,860,657,58,325,639,447,426,615,988,435,75,759,585,39,436,300,933,213,914,827,718,736,719,973,386,916,244,1,95,780,462,304,547,263,678,568,637,982,108,892,138,955,31,169,88,711,750,803,301,364,203,557,199,815,868,628,236,693,444,401,153,792,405,380,106,969,200,360,953,871,13,446,699,227,93,495,17,183,795,247,593,859,695,28,96,428,253,15,776,442,184,249,960,430,470,672,714,651,456,92,610,696,167,424,150,638,418,697,41,761,753,441,521,712,120,833,76,36,786,954,919,490,73,44,611,491,885,631,409,288,550,115,768,50,368,431,469,306,20,808,918,141,807,139,265,738,231,53,389,256,536,245,877,569,72,866,559,172,394,22,292,215,752,840,189,392,659,271,707,649,146,309,548,532,181,165,449,746,874,766,230,241,367,713,129,294,375,961,516,408,5,814,541,305,343,320,434,974,416,613,448,437,23,561,816,856,947,690,755,895,369,882,82,539,406,642,562,564,193,618,530,259,887,511,754,156,415,861,140,952,624,584,118,782,567,931,40,317,763,826,851,177,105,774,239,575,229,206,202,62,737,126,911,940,980,880,313,335,12,563,297,896,395,378,477,992,817,280,344,666,622,465,353,854,149,813,42,185,273,984,823,620,158,318,145,544,52,464,845,937,322,740,928,820,580,285,864,135,251,159,893,494,983,889,742,725,473,660,685,372,25,648,528,311,204,497,450,107,201,385,332,198,242,170,684,951,850,387,136,884,838,977,506,650,595,967,420,656,538,102,190,143,907,334,478,393,68,173,152,460,290,18,837,83,481,867,962,775,417,383,818,900,579,852,71,832,110,810,238,847,315,987,744,109,975,801,654,904,51,509,762,208,84,855,468,605,625,519,440,340,577,161,35,617,85,396,188,485,921,67,647,112,769,668,800,432,727,582,9,857,248,964,484,671,986,632,282,636,968,179,459,319,614,804,894,91,802,94,513,291,137,264,144,410,910,80,779,839,676,922,225,216,732,715,558,912,765,929,30,54,576,683,533,523,235,365,56,798,743,453,127,293,180,281,498,621,461,522,276,286,186,262,101,623,793,492,515,791,512,923,644,117,597,870,197,66,69,314,217,357,926,232,942,609,466,29,592,195,920,425,932,842,70,323,606,670,553,583,767,274,745,941,590,33,835,98,520,979,345,243,627,260,483,
value : 450.964 running time : 278.923911
0 80 20
504 75.0296 18.2679
176 72.6589 17.4416
581 71.4901 17.0343
721 70.6812 16.7524
24 69.8954 16.4785
598 69.1157 16.2067
959 68.3108 15.9262
777 67.5614 15.665
103 66.9185 15.4409
295 63.9174 19.699
819 61.285 23.4338
6 58.5852 27.2643
716 55.9468 31.0076
828 55.8744 31.1103
19 55.7993 31.217
634 55.7301 31.3152
355 55.6632 31.4101
751 55.5983 31.5021
55 55.5331 31.5947
681 55.4607 31.6974
930 55.3914 31.7956
873 55.3306 31.882
27 55.2627 31.9782
865 55.1943 32.0754
785 55.1278 32.1697
781 55.0627 32.2621
250 54.9915 32.3631
377 54.9247 32.4579
675 54.8602 32.5495
831 54.654 32.6795
821 54.415 32.8302
421 54.1223 33.0148
594 53.9176 33.1439
43 53.7129 33.273
555 53.5083 33.4021
458 53.2928 33.538
209 53.0842 33.6695
358 52.8937 33.7897
45 52.6822 33.9231
419 52.2334 34.2061
257 50.5457 35.2706
978 49.6817 35.8155
848 48.3049 36.6838
63 47.4224 37.2404
843 46.5069 37.8177
164 46.5069 37.8177
472 46.3041 37.8992
452 46.1166 37.9745
844 45.949 38.0418
906 45.7666 38.115
155 45.5624 38.197
853 45.3797 38.2704
935 45.2046 38.3407
917 45.0117 38.4182
480 44.8323 38.4902
790 44.6627 38.5583
160 44.4928 38.6265
191 44.3688 38.6763
194 44.2506 38.7238
862 44.1297 38.7724
834 44.0117 38.8197
586 43.9007 38.8643
945 43.794 38.9071
875 43.6823 38.952
467 42.345 39.489
687 40.1703 40.3623
388 38.9088 40.8689
7 38.3907 41.0769
778 37.8617 41.2893
342 37.4425 41.4577
237 36.7565 41.7331
989 36.6371 41.7033
38 36.5167 41.6733
210 36.4159 41.6482
356 36.1151 41.5732
529 35.7628 41.4854
748 35.4526 41.4081
869 35.1448 41.3313
535 34.9241 41.2763
508 34.7156 41.2243
655 34.4848 41.1668
151 34.3705 41.1383
414 34.2507 41.1084
543 34.1276 41.0778
679 34.0101 41.0485
811 33.8878 41.018
664 33.7644 40.9872
11 33.642 40.9567
205 33.5227 40.927
147 33.5227 40.927
783 33.5227 40.927
619 33.5227 40.927
49 33.5227 40.927
706 33.5227 40.927
692 33.5227 40.927
566 33.5227 40.927
876 33.5227 40.927
688 33.5227 40.927
278 33.9476 35.5939
549 34.3018 31.1495
653 34.8257 24.5773
709 34.8456 24.3286
702 34.8658 24.0746
221 34.8658 24.0745
822 34.8659 24.0743
787 34.8659 24.0741
439 34.8659 24.0739
379 34.8659 24.0738
602 34.8659 24.0736
407 34.9797 22.6719
26 34.9815 22.65
261 34.9833 22.6273
246 34.9854 22.6022
704 34.9873 22.5789
824 34.989 22.5569
934 34.9909 22.5347
64 34.9929 22.5099
289 34.9947 22.4875
310 35.1814 20.1871
626 35.3542 18.0586
518 35.5489 15.661
573 34.5711 16.1309
111 33.5768 16.6088
287 32.6394 17.0593
363 31.3602 17.6741
883 29.8608 18.3947
307 28.0457 19.267
943 26.3963 20.0597
351 26.3963 20.0597
669 26.3963 20.0597
915 26.3963 20.0597
643 26.3963 20.0597
354 26.3963 20.0597
902 26.3963 20.0597
899 26.3963 20.0597
284 26.3963 20.0597
337 26.3963 20.0597
812 12.7842 14.9898
331 12.786 15.0545
641 12.7878 15.1179
412 12.7891 15.1642
61 12.7905 15.2135
646 12.7919 15.2661
588 12.7935 15.3215
488 12.795 15.3749
402 12.7967 15.4376
362 12.7982 15.489
629 12.7996 15.542
474 12.8015 15.608
455 12.803 15.6617
8 12.8043 15.7106
673 12.8059 15.7662
881 12.8072 15.8123
674 12.8087 15.8673
963 12.8103 15.923
722 12.8116 15.9693
187 12.8536 17.4749
682 12.9048 18.2309
348 12.9593 19.0341
254 13.017 19.8857
211 13.0764 20.7619
710 13.1566 21.946
366 13.2182 22.8548
741 13.3108 24.221
258 13.4172 25.7912
4 13.5403 27.6068
486 13.6849 29.7393
612 13.5466 29.9917
10 13.421 30.2208
661 13.3195 30.406
65 13.197 30.6296
268 13.0762 30.85
46 12.943 31.093
121 12.8587 31.2468
794 12.7566 31.4331
32 12.6629 31.6042
125 12.5662 31.7806
384 12.4609 31.9728
212 12.3724 32.1343
829 12.3007 32.2651
958 12.2106 32.4295
700 12.1348 32.568
836 12.0631 32.6987
299 11.9793 32.8516
898 11.8871 33.0198
990 11.8525 33.3414
985 11.8253 33.595
572 11.7991 33.8387
514 11.7689 34.1188
87 11.737 34.4159
86 11.7078 34.6873
133 11.6769 34.975
74 11.6422 35.2977
463 11.4217 37.3478
154 11.3584 37.9368
616 11.3081 38.4042
283 11.2589 38.862
78 11.2063 39.3516
330 11.1526 39.8505
663 11.0997 40.3428
352 11.0442 40.8591
496 11.0032 41.2403
805 10.9615 41.6281
222 10.9309 41.9123
841 10.9006 42.1939
771 10.8714 42.4657
698 10.8401 42.7566
128 10.819 42.9528
148 10.7986 43.1427
228 10.7766 43.3477
949 10.7525 43.5711
542 10.7279 43.7997
936 10.7055 44.0086
797 10.685 44.199
652 10.6644 44.3903
731 10.6433 44.5867
218 10.6191 44.8116
489 10.6032 44.9598
476 10.5882 45.0995
312 10.5722 45.2476
499 10.5555 45.4031
328 10.5368 45.5775
925 10.2909 47.8642
677 10.2637 48.117
303 10.2381 48.355
122 10.2126 48.5925
182 10.271 48.6123
849 10.3188 48.6284
534 10.3753 48.6475
423 10.4265 48.6648
166 10.471 48.6799
47 10.5213 48.6968
341 10.5742 48.7147
100 10.6252 48.732
57 10.6763 48.7492
565 10.7292 48.7671
214 10.7744 48.7824
909 10.8237 48.7991
157 10.8705 48.8149
373 10.9236 48.8328
863 10.9736 48.8497
505 11.0237 48.8667
116 11.069 48.882
770 11.1172 48.8983
527 11.1627 48.9136
749 11.212 48.9303
758 11.2657 48.9485
938 11.3126 48.9643
708 11.3516 48.9775
279 11.3978 48.9931
760 11.4395 49.0072
196 13.0595 49.4073
589 14.3294 49.7209
705 15.8612 50.0992
691 16.6226 50.2873
972 17.3505 50.467
142 18.1725 50.67
413 18.9722 50.8675
123 18.9722 50.8675
174 19.36 51.2584
603 19.7749 51.6766
735 19.9986 51.902
913 20.1898 52.0947
422 20.3837 52.2901
233 20.5762 52.4841
438 20.7518 52.6612
545 20.9678 52.8789
599 21.1699 53.0826
633 21.3115 53.2253
956 21.4628 53.3777
475 21.6093 53.5254
764 21.7784 53.6958
858 21.9332 53.8519
324 22.104 54.024
269 22.2622 54.1835
37 22.4004 54.3227
525 22.5605 54.4841
723 22.7171 54.6419
403 22.9076 54.834
302 23.1152 55.0431
908 23.3006 55.23
397 23.4964 55.4274
391 24.1577 56.0938
336 24.9317 56.8739
965 26.5121 58.4668
596 27.5669 59.53
552 27.8996 59.8652
645 28.2426 60.211
308 28.5643 60.5352
382 28.8293 60.8022
957 29.1254 61.1007
891 29.4341 61.4119
171 29.7939 61.7745
104 29.9076 61.8891
788 30.0153 61.9976
809 30.1357 62.119
175 30.252 62.2361
640 30.3486 62.3335
89 30.4548 62.4406
927 30.5639 62.5505
59 30.6689 62.6563
756 30.7868 62.7752
720 30.9114 62.9008
510 31.0332 63.0236
370 31.1764 63.1679
471 31.3138 63.3063
226 31.6324 65.897
903 31.6792 66.2773
493 31.7295 66.6865
327 31.7899 67.1781
540 31.8502 67.6681
163 31.8742 67.8633
134 31.8982 68.0586
267 31.8982 68.0586
359 31.8982 68.0586
266 31.8982 68.0586
350 31.8982 68.0586
454 31.5589 68.4848
404 31.2929 68.8189
878 30.9955 69.1925
724 30.7025 69.5605
976 30.3962 69.9452
21 29.965 70.4867
223 29.4654 71.1142
604 29.0378 71.6513
296 28.6159 72.1812
124 28.2674 72.6189
757 27.8956 73.0859
773 27.5814 73.4805
946 27.5052 73.4546
701 27.4386 73.432
689 27.3845 73.4137
662 27.3244 73.3933
591 27.2557 73.3699
888 27.1856 73.3461
789 27.1218 73.3245
872 27.0612 73.3039
526 26.9896 73.2796
635 26.9261 73.258
333 26.8687 73.2386
252 26.8133 73.2198
270 26.7505 73.1984
168 26.6768 73.1734
806 26.6198 73.154
2 26.5561 73.1324
578 26.1994 73.0113
60 25.8858 72.9048
730 25.5446 72.789
16 25.1881 72.668
349 24.819 72.5427
574 24.4747 72.4258
443 24.0977 72.2978
587 23.7478 72.179
113 23.3733 72.0518
658 23.0597 71.9454
390 22.7473 71.8393
897 22.3681 71.7106
507 22.0386 71.5987
901 21.9347 71.5634
729 21.8262 71.5266
600 21.7204 71.4907
34 21.611 71.4535
501 21.5143 71.4207
846 21.406 71.3839
537 21.3077 71.3506
275 21.198 71.3133
571 21.0966 71.2789
726 20.9813 71.2397
971 20.8702 71.202
601 20.7558 71.1632
220 20.6461 71.1259
79 20.5331 71.0875
524 20.2413 70.9885
132 19.9674 70.8955
451 19.6873 70.8004
329 19.4158 70.7082
739 19.1454 70.6164
733 18.8898 70.5296
981 18.5935 70.4291
703 17.1556 70.3238
411 16.4398 70.2714
219 15.5926 70.2094
14 14.8544 70.1554
482 14.4873 70.1285
131 14.0781 70.0986
799 13.6578 70.0678
114 13.4192 70.0504
371 13.1415 70.0301
747 12.9376 70.0151
119 12.7439 70.001
381 12.5243 69.9849
374 12.3798 69.9743
445 12.2146 69.9622
321 12.0701 69.9516
734 11.9094 69.9399
630 11.7702 69.9297
207 11.5985 69.9171
77 11.5423 69.913
772 11.4926 69.9094
939 11.4267 69.9046
686 11.378 69.901
970 11.3337 69.8977
924 11.2892 69.8945
784 11.2324 69.8903
551 11.1849 69.8869
398 11.1339 69.8831
502 11.0798 69.8792
457 11.024 69.8751
796 10.9735 69.8714
503 10.9174 69.8673
130 10.8621 69.8632
255 10.7957 69.8584
298 10.7379 69.8541
347 10.684 69.8502
531 10.684 69.8502
680 10.6839 70.0424
825 10.6839 70.233
81 10.6839 70.3792
192 10.6838 70.5349
234 10.6838 70.7044
694 10.6837 71.1435
479 10.6837 71.5441
966 10.6836 71.9096
429 10.6835 72.3141
99 10.6834 72.7173
338 10.6785 72.873
607 10.6732 73.0426
950 10.6676 73.2198
560 10.6617 73.4044
886 10.6564 73.5714
487 10.652 73.7132
376 10.648 73.8398
97 10.6427 74.0053
326 10.637 74.187
879 10.632 74.3448
240 10.626 74.5359
570 10.6207 74.7037
346 10.6159 74.8551
500 10.6109 75.0116
554 10.6057 75.1779
556 10.6007 75.3346
48 10.5953 75.5049
178 10.5904 75.6601
316 10.5854 75.8189
905 10.5814 75.945
546 10.5777 76.0617
3 10.5745 76.1635
517 10.5702 76.3007
991 10.565 76.4646
717 10.5605 76.6062
272 10.5549 76.7853
948 10.5487 76.9807
427 10.5425 77.1772
890 10.5358 77.3875
277 10.5303 77.5638
667 10.524 77.7616
665 10.5169 77.9868
400 10.509 78.2358
162 10.501 78.4889
433 10.4923 78.7665
728 10.484 79.027
830 10.4757 79.2905
944 10.4676 79.5477
90 10.4599 79.789
608 10.453 80.0088
361 10.4459 80.2319
339 10.4377 80.4916
399 10.4295 80.7524
224 10.4226 80.9718
860 10.4108 81.3454
657 10.3983 81.7402
58 10.3834 82.2124
325 10.3713 82.5947
639 10.3598 82.9592
447 10.3053 84.6822
426 10.2655 85.9406
615 10.219 87.4106
988 10.1457 89.7271
435 10.1457 89.7271
75 10.1458 89.7271
759 10.1589 89.7273
585 10.1714 89.7276
39 10.1852 89.7278
436 10.2 89.728
300 10.2131 89.7282
933 10.228 89.7285
213 10.2393 89.7287
914 10.3112 89.7299
827 10.3838 89.7311
718 10.4579 89.7323
736 10.5313 89.7335
719 10.6081 89.7348
973 10.6929 89.7362
386 10.7711 89.7375
916 10.8497 89.7388
244 10.9221 89.74
1 10.9856 89.741
95 11.057 89.7422
780 11.1297 89.7434
462 11.1981 89.7445
304 11.2599 89.7456
547 11.3203 89.7466
263 11.3884 89.7477
678 11.4613 89.7489
568 11.5413 89.7502
637 11.6166 89.7515
982 11.6932 89.7527
108 11.7653 89.7539
892 11.8413 89.7552
138 11.9176 89.7564
955 11.9926 89.7577
31 12.0664 89.7589
169 12.1372 89.7601
88 12.2205 89.7614
711 12.2854 89.7625
750 12.3569 89.7637
803 12.4256 89.7648
301 12.4988 89.766
364 12.5736 89.7673
203 12.6508 89.7686
557 12.7325 89.7699
199 12.8044 89.7711
815 12.88 89.7724
868 12.9496 89.7735
628 13.0418 89.775
236 13.1336 89.7766
693 13.2179 89.7779
444 13.3025 89.7793
401 13.3875 89.7807
153 13.4792 89.7823
792 13.5693 89.7838
405 13.6855 89.7857
380 13.8073 89.7877
106 13.9427 89.7899
969 14.0915 89.7924
200 14.2646 89.7953
360 14.4442 89.7982
953 14.5889 89.8006
871 15.2677 89.8118
13 15.8059 89.8207
446 16.3005 89.8289
699 16.8827 89.8386
227 17.5161 89.849
93 18.0893 89.8585
495 18.6935 89.8685
17 19.3362 89.8791
183 20.017 89.8904
795 20.7062 89.9018
247 20.8865 89.9048
593 21.1402 89.909
859 21.3918 89.9131
695 21.6235 89.917
28 21.8856 89.9213
96 22.1296 89.9253
428 22.3427 89.9289
253 22.539 89.9321
15 22.7088 89.9349
776 22.9036 89.9381
442 23.1116 89.9416
184 23.3572 89.9456
249 23.8973 89.9546
960 24.4628 89.9639
430 24.5357 89.9651
470 24.6113 89.9664
672 24.6766 89.9675
714 24.738 89.9685
651 24.8042 89.9696
456 24.8749 89.9708
92 24.9512 89.972
610 25.0172 89.9731
696 25.083 89.9742
167 25.1503 89.9753
424 25.2173 89.9764
150 25.2941 89.9777
638 25.3626 89.9788
418 25.424 89.9798
697 25.4885 89.9809
41 25.5565 89.982
761 25.6238 89.9831
753 25.6882 89.9842
441 25.7586 89.9854
521 25.8289 89.9865
712 25.8958 89.9876
120 25.9738 89.9889
833 26.0401 89.99
76 26.1131 89.9912
36 26.1867 89.9925
786 26.2608 89.9937
954 26.3277 89.9948
919 26.3979 89.9959
490 26.4594 89.997
73 26.5268 89.9981
44 26.5901 89.9991
611 26.6587 90.0003
491 26.722 90.0013
885 26.7885 90.0024
631 26.8591 90.0036
409 26.9233 90.0046
288 26.9829 90.0056
550 27.0464 90.0067
115 27.1134 90.0078
768 27.1851 90.009
50 27.2497 90.01
368 27.3172 90.0111
431 27.3843 90.0123
469 27.951 90.0216
306 28.9597 90.0383
20 30.1004 90.0572
808 31.2809 90.0767
918 32.3891 90.095
141 33.5623 90.1145
807 34.8351 90.1355
139 35.5218 90.1469
265 36.2173 90.1584
738 36.8732 90.1692
231 37.5178 90.1799
53 38.2544 90.1921
389 38.9564 90.2037
256 39.5719 90.2138
536 40.3907 90.2274
245 41.0151 90.2377
877 41.0798 90.2388
569 41.153 90.24
72 41.2292 90.2413
866 41.3152 90.2427
559 41.3937 90.244
172 41.4644 90.2451
394 41.5407 90.2464
22 41.6173 90.2477
292 41.6974 90.249
215 41.7778 90.2503
752 41.8509 90.2515
840 41.9316 90.2529
189 42.0096 90.2542
392 42.0985 90.2556
659 42.1972 90.2573
271 42.2756 90.2586
707 42.3667 90.2601
649 42.4638 90.2617
146 42.5555 90.2632
309 42.6539 90.2648
548 42.751 90.2664
532 42.8586 90.2682
181 42.9479 90.2697
165 43.0474 90.2713
449 43.1407 90.2729
746 43.2409 90.2745
874 43.3273 90.276
766 43.4138 90.2774
230 43.5021 90.2788
241 43.6042 90.2805
367 43.7201 90.2825
713 43.8058 90.2839
129 43.8897 90.2853
294 43.9839 90.2868
375 44.0754 90.2883
961 44.1736 90.29
516 44.2679 90.2915
408 44.3568 90.293
5 44.4402 90.2944
814 44.5294 90.2958
541 44.6191 90.2973
305 44.7057 90.2988
343 44.793 90.3002
320 44.8837 90.3017
434 44.9682 90.3031
974 44.9682 90.3031
416 45.1268 90.2704
613 45.2798 90.2388
448 45.9541 90.0998
437 46.8283 89.9195
23 47.7654 89.7262
561 48.1936 89.6379
816 48.7212 89.529
856 49.1097 89.4489
947 49.2011 89.4301
690 49.2972 89.4103
755 49.3817 89.3928
895 49.481 89.3724
369 49.5826 89.3514
882 49.6698 89.3334
82 49.7509 89.3167
539 49.8406 89.2982
406 49.9409 89.2775
642 50.0346 89.2582
562 50.1258 89.2394
564 50.2231 89.2193
193 50.3264 89.1981
618 50.4365 89.1754
530 50.5368 89.1547
259 50.6476 89.1318
887 50.7497 89.1108
511 50.8431 89.0915
754 50.9424 89.071
156 51.0355 89.0519
415 51.1368 89.0309
861 51.2356 89.0106
140 51.3364 88.9898
952 51.4375 88.969
624 51.5387 88.9481
584 51.6451 88.9261
118 51.742 88.9062
782 51.837 88.8866
567 51.837 88.8866
931 51.837 88.8866
40 51.837 88.8866
317 51.837 88.8866
763 51.837 88.8866
826 51.837 88.8866
851 51.837 88.8866
177 51.837 88.8866
105 51.837 88.8866
774 51.837 88.8866
239 51.837 88.8866
575 51.837 88.8866
229 51.837 88.8866
206 51.837 88.8866
202 51.837 88.8866
62 51.837 88.8866
737 51.837 88.8866
126 51.837 88.8866
911 51.837 88.8866
940 51.837 88.8866
980 51.837 88.8866
880 51.837 88.8866
313 51.837 88.8866
335 51.837 88.8866
12 51.837 88.8866
563 51.837 88.8866
297 55.0508 88.9221
896 55.555 88.9277
395 56.1508 88.9343
378 56.6566 88.9398
477 57.0943 88.9447
992 57.5169 88.9493
817 57.9408 88.954
280 58.3087 88.9581
344 58.6937 88.9623
666 62.5211 89.0046
622 63.2943 89.0131
465 64.0483 89.0214
353 64.726 89.0289
854 65.3315 89.0355
149 65.8325 89.041
813 66.3021 89.0462
42 66.71 89.0507
185 67.1362 89.0554
273 67.6353 89.0609
984 68.1512 89.0666
823 68.7449 89.0731
620 69.3136 89.0794
158 69.9148 89.086
318 70.477 89.0922
145 71.0242 89.0982
544 71.5936 89.1045
52 72.1874 89.1111
464 72.8594 89.1185
845 73.9739 89.1307
937 75.2984 89.1453
322 77.3352 89.1678
740 78.4938 89.1806
928 79.5021 89.1917
820 79.5021 89.1917
580 79.5021 89.1917
285 79.5021 89.1917
864 79.5021 89.1917
135 79.5021 89.1917
251 79.5021 89.1917
159 79.6584 88.9743
893 79.787 88.7953
494 79.9268 88.6009
983 80.0727 88.3978
889 81.3073 86.6799
742 82.0368 85.6648
725 82.9047 84.4572
473 83.9545 82.9964
660 85.3951 80.9919
685 85.8957 80.2953
372 86.4657 79.5022
25 86.4281 78.8609
648 86.3337 77.2492
528 86.1928 74.8429
311 86.0736 72.8072
204 85.9052 69.9327
497 85.5561 63.9703
450 85.2429 63.7884
107 84.7701 63.5138
201 84.2688 63.2227
385 83.8714 62.9919
332 83.4933 62.7723
198 83.1095 62.5494
242 82.7355 62.3322
170 82.3802 62.1259
684 81.9558 61.8794
951 81.5087 61.6198
850 80.9119 61.4119
387 80.5889 61.2994
136 80.2829 61.1928
884 79.9437 61.0746
838 79.1843 60.8101
977 78.428 60.5466
506 77.5771 60.2502
650 76.0472 59.7173
595 74.9607 59.3389
967 74.4817 59.172
420 73.9725 58.9946
656 73.4702 58.8197
538 72.9552 58.6403
102 72.7191 58.558
190 72.4784 58.4742
143 72.2438 58.3925
907 71.7188 60.3113
334 71.3844 61.5333
478 71.0273 62.8388
393 70.6649 64.1633
68 70.3707 65.2386
173 70.0645 66.358
152 69.8034 67.312
460 69.5157 68.3637
290 69.4035 68.7739
18 69.2886 69.1938
837 69.2417 69.365
83 69.192 69.5467
481 69.1452 69.7179
867 69.107 69.8576
962 69.0637 70.0157
775 69.0156 70.1918
417 68.9838 70.3079
383 68.6997 70.2465
818 68.3647 70.1741
900 67.9622 70.0872
579 67.5588 70.0001
852 67.1262 69.9066
71 66.6332 69.8001
832 66.0469 69.6735
110 65.6146 69.5801
810 65.0372 69.4554
238 65.0372 69.4554
847 65.0372 69.4554
315 65.0372 69.4554
987 65.0372 69.4554
744 65.0372 69.4554
109 65.0372 69.4554
975 65.0372 69.4554
801 65.0372 69.4554
654 64.4897 69.0364
904 63.8974 68.5831
51 63.2854 68.1147
509 62.4858 67.5027
762 61.6055 66.829
208 60.8424 66.2449
84 60.0774 65.6595
855 59.4215 65.1575
468 58.9588 64.8034
605 58.5226 64.4695
625 58.0205 64.0852
519 57.5424 63.7193
440 57.4685 63.8972
340 57.4018 64.0579
577 57.3441 64.1969
161 57.2792 64.3534
35 57.2161 64.5053
617 57.1482 64.6689
85 57.0918 64.8048
396 57.0267 64.9616
188 56.9446 65.1596
485 56.8538 65.3784
921 56.7216 65.6967
67 56.7216 65.6967
647 56.7216 65.6967
112 56.7216 65.6967
769 56.7216 65.6967
668 56.7216 65.6967
800 56.7216 65.6967
432 56.7216 65.6967
727 56.7216 65.6967
582 55.2404 66.8347
9 54.0556 67.745
857 52.932 68.6083
248 51.9018 69.3998
964 51.6304 69.6083
484 51.2728 69.8831
671 50.9461 70.1341
986 50.6075 70.3942
632 50.2771 70.6481
282 49.9595 70.8921
636 49.5405 71.214
968 49.2552 71.4332
179 48.901 71.7054
459 48.6972 71.862
319 48.4557 72.0475
614 48.133 71.4687
804 47.5899 70.4947
894 47.2883 69.9538
91 46.9917 69.4219
802 46.6658 68.8375
94 46.2413 68.076
513 45.5874 66.9034
291 44.5667 65.0728
137 43.7517 63.6113
264 43.8344 63.5032
144 43.9056 63.4101
410 43.9842 63.3075
910 44.0574 63.2117
80 44.1364 63.1085
779 44.2222 62.9963
839 44.3008 62.8935
676 44.3893 62.7779
922 44.4713 62.6707
225 44.55 62.5679
216 44.6416 62.4482
732 44.7195 62.3464
715 44.7955 62.247
558 44.8802 62.1362
912 44.9568 62.0361
765 45.0389 61.9289
929 45.1217 61.8206
30 45.2729 61.623
54 45.4244 61.425
576 45.5807 61.2207
683 45.7307 61.0246
533 45.8883 60.8187
523 46.0346 60.6274
235 46.2033 60.4069
365 46.3666 60.1935
56 46.5689 59.9291
798 46.8431 59.5706
743 47.0891 59.2491
453 47.3357 58.9267
127 47.6096 58.5687
293 47.8891 58.2034
180 47.937 58.1408
281 48.079 58.0432
498 48.2238 57.9438
621 48.36 57.8502
461 48.4978 57.7556
522 48.647 57.6531
276 49.2995 57.2049
286 49.4542 57.0985
186 49.6051 56.9949
262 49.7541 56.8925
101 49.8914 56.7982
623 50.0478 56.6908
793 50.182 56.5986
492 50.3204 56.5035
515 50.4517 56.4133
791 51.1248 55.3436
512 51.9866 53.9743
923 52.7606 52.7442
644 53.6646 51.3078
117 53.9885 50.793
597 54.2496 50.3781
870 54.6759 49.7006
197 55.0512 49.1042
66 56.0211 48.9026
69 57.1332 48.6715
314 59.0264 48.278
217 60.2331 48.0272
357 61.5401 47.7555
926 62.7697 47.5
232 63.8977 47.2655
942 64.7993 47.0781
609 65.7477 46.881
466 66.3369 46.7586
29 66.8649 46.6488
592 67.3444 46.5492
195 67.7399 46.467
920 68.0751 46.3973
425 68.2467 46.3617
932 68.4111 46.3275
842 68.4528 46.3188
70 68.5006 46.3089
323 68.5529 46.2981
606 68.6039 46.2874
670 68.6615 46.2755
553 68.7166 46.264
583 68.7705 46.2528
767 68.8226 46.242
274 68.8823 46.2296
745 68.8823 46.2296
941 68.8823 46.2296
590 77.8876 33.2262
33 78.7933 31.9184
835 79.5428 30.8362
98 83.4852 25.1435
520 83.5003 25.1003
979 85.4118 19.6356
345 85.6301 19.0117
243 85.8519 18.3775
627 86.0036 17.944
260 86.1486 17.5293
483 86.1618 17.4915
