0,24,777,504,721,103,581,819,176,55,831,934,959,295,419,289,27,751,555,66,458,785,19,828,355,865,250,634,358,209,6,781,45,821,69,197,164,873,930,63,716,43,978,217,155,512,356,848,945,522,286,276,870,906,262,461,492,793,186,216,964,35,791,161,625,84,485,842,478,762,101,668,281,577,453,117,67,188,676,468,743,440,605,617,907,340,85,104,472,732,471,264,621,175,291,804,89,210,163,798,171,282,533,54,715,923,576,929,891,957,640,237,30,225,683,912,410,597,986,523,501,976,855,779,632,484,558,80,459,765,910,614,428,394,840,773,270,424,927,946,60,697,443,266,99,789,730,600,327,903,252,888,359,645,724,878,404,226,124,21,56,350,924,137,733,365,308,390,591,58,689,662,574,487,846,720,537,88,267,596,965,571,587,526,839,370,510,507,901,729,59,508,413,756,349,603,705,269,913,809,876,147,706,49,142,788,619,438,783,493,778,148,723,688,663,32,496,735,938,633,758,233,397,391,811,687,11,664,679,535,655,797,151,414,543,771,748,302,612,194,922,498,127,342,917,862,843,180,869,529,844,191,452,38,586,7,379,421,278,692,935,989,790,480,566,853,257,467,834,824,261,787,709,221,284,518,653,351,704,669,363,573,337,111,26,287,407,626,883,310,160,836,822,588,702,254,486,602,643,64,439,915,902,307,65,205,246,121,549,268,354,258,402,700,943,74,899,641,812,488,881,211,8,348,646,661,187,674,722,61,673,412,963,741,629,682,474,455,362,366,331,86,328,710,299,330,87,794,514,898,4,499,572,770,985,125,990,958,133,312,384,829,388,78,423,283,525,37,698,652,228,476,403,324,956,545,677,858,475,174,805,222,908,422,352,182,764,841,909,47,341,100,57,463,565,214,703,336,949,589,10,279,196,731,46,749,534,154,863,616,123,212,489,128,166,505,116,527,218,542,936,849,157,122,303,747,131,708,376,114,799,373,599,382,79,411,635,971,601,113,220,34,552,503,772,950,339,825,981,361,451,329,897,739,734,427,879,972,162,482,760,398,691,531,277,966,14,346,686,925,347,207,192,429,667,680,400,717,860,939,3,784,234,381,130,224,657,796,991,500,132,524,219,433,97,955,272,321,551,665,694,374,639,298,607,701,275,570,457,728,371,517,970,948,77,338,255,560,830,300,240,178,554,119,630,81,658,445,502,833,138,726,556,31,892,886,325,75,380,399,1,678,711,444,718,615,719,436,304,890,247,301,637,982,90,905,568,169,203,969,426,759,736,446,815,153,401,792,263,547,546,557,386,914,364,868,944,39,803,213,435,405,106,827,585,447,953,199,988,236,776,933,409,115,750,200,699,249,693,495,973,442,916,316,108,780,628,244,48,521,95,93,360,41,578,44,714,418,13,183,757,73,548,256,610,470,253,227,17,462,768,36,15,150,491,456,167,368,651,441,593,611,20,430,631,871,712,306,271,2,806,454,604,184,695,550,141,859,490,189,16,168,223,292,479,50,326,872,696,761,608,431,296,92,437,28,786,76,808,469,885,288,638,795,753,333,672,707,120,146,392,172,241,918,96,613,22,230,954,309,919,766,960,139,974,752,569,448,389,231,449,181,434,105,72,911,23,559,882,874,375,896,265,961,856,53,738,584,746,344,5,62,952,541,564,690,516,980,774,947,880,305,320,536,179,511,202,532,408,618,659,239,313,851,245,40,343,206,940,416,642,624,866,294,82,193,807,877,763,649,165,814,248,539,129,144,319,540,636,156,367,94,713,861,215,561,415,857,134,513,894,782,802,235,755,563,826,921,895,769,562,297,83,481,832,727,238,68,208,173,91,671,460,395,18,800,847,378,432,987,515,647,968,810,393,582,293,109,112,201,975,850,190,102,538,656,941,383,852,334,864,900,110,904,654,962,867,595,937,509,71,315,650,290,51,775,837,417,579,818,229,369,259,406,887,754,335,118,280,816,530,744,126,801,931,9,575,992,464,984,477,737,273,185,823,145,622,544,317,12,42,817,318,52,567,140,177,353,580,149,620,251,158,845,285,854,465,893,666,322,928,135,820,983,494,742,813,311,648,740,159,660,685,889,473,725,25,372,385,450,204,170,838,497,107,951,332,977,506,198,136,528,684,884,387,242,274,29,670,592,466,920,152,932,967,195,425,767,583,420,942,553,875,519,623,377,323,357,70,143,396,681,314,606,644,926,594,675,232,598,745,33,835,609,590,345,98,520,979,627,483,260,243,
value : 516.904 running time : 57.217782
0 80 20
24 74.3744 18.2589
777 70.6075 17.0929
504 69.1383 16.638
721 67.6472 16.1763
103 66.0544 15.6832
581 64.4165 17.2781
819 62.8611 18.7928
176 61.4792 20.1385
55 58.5433 22.9971
831 56.4855 25.001
934 54.265 27.1631
959 54.265 27.1631
295 54.265 27.1631
419 54.2029 27.7166
289 54.13 28.3652
27 54.0534 29.0475
751 53.9851 29.6554
555 53.9217 30.2199
66 53.8523 30.8375
458 53.8083 31.2289
785 53.7691 31.5776
19 53.7286 31.9388
828 53.6907 32.2759
355 53.653 32.6112
865 53.6176 32.9265
250 53.5805 33.2568
634 53.5416 33.603
358 53.5062 33.9184
209 53.4737 34.2079
6 53.4387 34.5196
781 53.3959 34.8999
45 53.3499 35.3099
821 53.3074 35.6879
69 53.2558 36.1476
197 53.2261 36.4114
164 53.1983 36.6592
873 53.1532 37.0607
930 53.0102 38.3334
63 52.8738 39.5481
716 52.7651 40.5153
43 52.66 41.4515
978 52.5536 42.3981
217 52.4513 43.3087
155 52.3475 44.2332
512 52.2543 45.0626
356 52.1788 45.7349
848 52.0853 46.5676
945 51.9893 47.422
522 51.9024 48.1954
286 52.0191 48.5434
276 52.1063 48.8035
870 52.1992 49.0805
906 52.3 49.3811
262 52.4138 49.7205
461 52.5235 50.0478
492 52.8271 50.9534
793 53.162 51.9521
186 53.44 52.7814
216 53.7119 53.5924
964 53.8602 54.0347
35 53.9727 54.3703
791 54.0794 54.6886
161 54.1744 54.9718
625 54.2627 55.2352
84 54.3463 55.4844
485 54.4197 55.7034
842 54.4919 55.9186
478 54.9788 57.3709
762 55.0668 57.6334
101 55.144 57.8635
668 55.2309 58.1227
281 55.2907 58.3012
577 55.3599 58.5075
453 55.4309 58.7193
117 55.4939 58.9072
67 55.7489 59.6676
188 55.7325 59.6679
676 55.7169 59.6682
468 55.703 59.6685
743 55.6889 59.6687
440 55.6753 59.669
605 55.6612 59.6693
617 55.6465 59.6695
907 55.6322 59.6698
340 55.6175 59.6701
85 52.7923 59.7235
104 48.7693 59.7997
472 48.7693 59.7997
732 47.6989 60.2774
471 46.6665 60.7382
264 45.6599 61.1874
621 44.6769 61.6261
175 43.7129 62.0564
291 42.802 62.4629
804 41.9235 62.855
89 41.0653 63.2381
210 41.0653 63.2381
163 41.0653 63.2381
798 41.0653 63.2381
171 41.0653 63.2381
282 41.0653 63.2381
533 41.0035 63.2775
54 40.9427 63.3164
715 40.8834 63.3543
923 40.8269 63.3905
576 40.5628 63.5594
929 40.2912 63.733
891 40.0325 63.8984
957 39.7284 64.1023
640 39.48 64.2689
237 39.523 64.4813
30 39.5766 64.7465
225 39.6321 65.0213
683 39.6872 65.2938
912 39.7419 65.5649
410 39.8 65.8522
597 39.8582 66.1402
986 39.969 66.6886
523 40.0631 67.1547
501 40.1569 67.6191
976 40.2687 68.1724
855 40.3816 68.7315
779 40.4847 69.2416
632 40.5862 69.7444
484 40.1457 70.1157
558 39.6721 70.515
80 39.0422 71.046
459 38.3966 71.5902
765 37.6478 72.2214
910 36.321 73.3401
614 34.761 74.6553
428 33.201 75.9706
394 33.1521 76.0117
840 32.4933 76.1259
773 31.6546 76.2711
270 30.914 76.3994
424 30.0186 76.5545
927 30.0148 76.4538
946 30.0115 76.3647
60 30.0081 76.2754
697 30.0047 76.1844
443 30.0012 76.0898
266 29.9976 75.9933
99 29.9941 75.8995
789 29.9906 75.8079
730 29.9872 75.7163
600 29.9838 75.6246
327 29.9804 75.5333
903 29.9771 75.4465
252 29.9744 75.3747
888 29.9716 75.2992
359 29.9686 75.2202
645 29.9659 75.1468
724 29.9659 75.1468
878 29.9659 75.1468
404 29.9659 75.1468
226 29.9659 75.1468
124 29.9659 75.1468
21 29.9659 75.1468
56 29.9659 75.1468
350 29.9659 75.1468
924 29.2646 74.4504
137 28.8592 74.0477
733 28.699 73.8885
365 28.699 73.8885
308 28.3758 74.1007
390 27.9252 74.3966
591 27.3077 74.8021
58 26.523 75.3174
689 26.5315 75.1894
662 26.5399 75.0626
574 26.5483 74.9366
487 26.5565 74.8136
846 26.5655 74.6785
720 26.5725 74.5742
537 26.5785 74.4847
88 26.5847 74.3916
267 26.9692 68.64
596 27.0536 67.3756
965 27.1273 66.272
571 27.2012 65.1643
587 27.2857 63.8987
526 27.3782 62.5139
839 27.6234 58.8455
370 27.8683 55.1822
510 27.8683 55.0365
507 27.8682 54.8923
901 27.8682 54.7422
729 27.8682 54.5827
59 27.8682 54.4129
508 27.8682 54.2393
413 27.8682 54.083
756 27.8682 53.9385
349 27.8682 53.7906
603 27.8682 53.5972
705 27.8682 53.4097
269 27.8682 53.2122
913 27.8682 53.0207
809 27.8682 52.8389
876 27.8682 52.4485
147 27.8682 52.0956
706 27.8682 51.7424
49 27.8682 51.5173
142 27.8682 51.2999
788 27.8682 51.0825
619 27.8682 50.7309
438 27.8682 50.4141
783 27.8681 50.1278
493 27.8681 49.8795
778 27.8681 49.2907
148 27.8681 48.6761
723 27.8681 48.3444
688 27.8681 48.0383
663 27.8681 47.7087
32 27.8681 47.4495
496 27.8681 47.4495
735 27.8681 47.4495
938 27.892 47.4193
633 27.9166 47.3882
758 27.9413 47.3569
233 27.9665 47.325
397 28.0045 47.277
391 28.0416 47.23
811 28.0801 47.1813
687 28.1167 47.135
11 28.1526 47.0896
664 28.1884 47.0444
679 28.2236 46.9998
535 28.2577 46.9567
655 28.2919 46.9135
797 28.3258 46.8705
151 28.3607 46.8263
414 28.3947 46.7834
543 28.4283 46.7409
771 28.462 46.6983
748 28.4968 46.6542
302 28.5314 46.6105
612 28.5662 46.5664
194 35.3854 47.2925
922 37.8124 47.5509
498 40.1443 47.7991
127 40.0798 47.2202
342 40.002 46.5222
917 39.9164 45.7549
862 39.8428 45.0949
843 39.7746 44.483
180 39.5458 42.4298
869 38.8845 36.4979
529 38.8723 36.3883
844 38.8608 36.2851
191 38.8458 36.1506
452 38.8318 36.025
38 38.8159 35.8829
586 38.7844 35.5996
7 38.7556 35.3414
379 38.7245 35.063
421 38.6983 34.8281
278 38.6718 34.5897
692 38.6476 34.3727
935 38.6218 34.1417
989 38.5956 33.9063
790 38.5616 33.6016
480 38.5255 33.2772
566 38.4859 32.922
853 38.3898 32.0604
257 38.2842 31.1129
467 38.1571 29.9732
834 38.0378 28.9029
824 37.9127 27.7801
261 37.835 27.0838
787 37.7623 26.4314
709 37.6874 25.7596
221 37.6188 25.1437
284 37.144 20.8851
518 36.6358 16.3256
653 36.3659 16.4622
351 36.0539 16.6201
704 35.7458 16.776
669 35.4379 16.9318
363 35.1527 17.0761
573 34.8628 17.2228
337 34.5629 17.3745
111 34.2516 17.5321
26 33.9465 17.6864
287 33.6274 17.8479
407 33.2461 18.0408
626 32.806 18.2635
883 32.4024 18.4677
310 31.9779 18.6825
160 31.4652 18.942
836 25.268 21.9179
822 24.3793 22.3447
588 18.7929 25.0275
702 18.7582 25.0442
254 18.7227 25.0612
486 18.6878 25.078
602 18.6519 25.0953
643 18.6162 25.1124
64 18.58 25.1298
439 18.5381 25.1499
915 18.496 25.1702
902 18.4532 25.1907
307 18.4112 25.2109
65 18.3656 25.2328
205 18.3218 25.2538
246 18.2786 25.2746
121 18.2292 25.2983
549 18.18 25.322
268 17.5292 25.6345
354 16.9248 25.9248
258 16.1794 26.2829
402 16.1794 26.2829
700 16.1794 26.2829
943 15.2563 24.5156
74 14.2206 22.5329
899 13.3337 20.8347
641 12.2947 18.8457
812 10.8654 16.1098
488 10.8654 16.1098
881 10.8656 16.1212
211 10.8657 16.1328
8 10.8658 16.1443
348 10.8682 16.3809
646 10.8706 16.6175
661 10.873 16.8632
187 10.8753 17.0869
674 10.8776 17.3106
722 10.8798 17.5346
61 10.8839 17.9434
673 10.8882 18.3697
412 10.8922 18.7719
963 10.8962 19.1751
741 10.9002 19.5675
629 10.9041 19.9569
682 10.9128 20.8381
474 10.9224 21.8052
455 10.9319 22.7613
362 10.9414 23.7272
366 10.9524 24.8313
331 10.9819 27.8524
86 11.0166 31.4038
328 11.052 35.024
710 11.052 35.024
299 11.052 35.024
330 11.052 35.024
87 11.052 35.024
794 11.052 35.024
514 11.052 35.024
898 11.052 35.024
4 11.1665 35.6606
499 11.4358 37.1572
572 11.5921 37.4112
770 11.7918 37.736
985 11.9924 38.062
125 12.197 38.3949
990 12.3986 38.7226
958 12.6013 39.0522
133 12.811 39.3931
312 13.2661 40.1334
384 13.7639 40.9428
829 14.3223 41.851
388 16.6315 45.6081
78 16.6412 45.7808
423 16.651 45.9569
283 16.6611 46.1378
525 16.6735 46.3608
37 16.6856 46.5767
698 16.698 46.7991
652 16.7098 47.0106
228 16.7218 47.2252
476 16.7344 47.452
403 16.7476 47.6881
324 16.761 47.9283
956 16.7727 48.1382
545 16.7834 48.3297
677 16.578 48.4172
858 16.3902 48.4972
475 16.2012 48.5776
174 16.0009 48.6629
805 15.8009 48.7482
222 15.6097 48.8296
908 15.4246 48.9084
422 15.2319 48.9905
352 15.032 49.0756
182 14.8378 49.1583
764 14.6455 49.2402
841 14.4596 49.3194
909 14.2807 49.3956
47 14.1079 49.4692
341 13.9498 49.5365
100 13.795 49.6025
57 13.6449 49.6664
463 13.5001 49.728
565 13.3582 49.7885
214 13.2157 49.8492
703 13.0972 49.8996
336 13.0972 49.8996
949 13.0972 49.8996
589 13.0972 49.8996
10 13.0972 49.8996
279 13.0972 49.8996
196 13.0972 49.8996
731 13.0972 49.8996
46 13.0972 49.8996
749 13.0137 50.067
534 12.929 50.237
154 12.8432 50.409
863 12.756 50.584
616 12.6597 50.777
123 12.5601 50.9769
212 12.4576 51.1826
489 12.3456 51.4073
128 12.2312 51.6367
166 12.1137 51.8726
505 11.9973 52.106
116 11.8823 52.3366
527 11.9024 52.5277
218 11.923 52.7231
542 11.9443 52.9252
936 11.9648 53.1204
849 11.9853 53.3151
157 12.0058 53.5097
122 12.0324 53.7637
303 12.1394 54.7233
747 12.2432 55.6542
131 12.3448 56.5657
708 12.4462 57.4759
376 12.5487 58.3954
114 12.6497 59.302
799 12.75 60.202
373 12.75 60.2021
599 14.4798 63.2496
382 14.4023 63.4279
79 14.2161 63.8566
411 13.6734 65.106
635 13.0727 66.4887
971 13.0577 66.5233
601 13.0412 66.5612
113 13.0242 66.6004
220 13.008 66.6377
34 12.9925 66.6734
552 12.9507 66.7696
503 12.9083 66.8672
772 12.8676 66.9607
950 12.8246 67.0597
339 12.7841 67.1529
825 12.7841 67.1529
981 12.7841 67.1529
361 12.7841 67.1529
451 12.7841 67.1529
329 12.7841 67.1529
897 12.7841 67.1529
739 12.7841 67.1529
734 12.7841 67.1529
427 12.7841 67.1529
879 12.7841 67.1529
972 12.7841 67.1529
162 12.7087 67.1882
482 12.6157 67.2317
760 12.5274 67.2731
398 12.4327 67.3174
691 12.3397 67.3609
531 12.3341 67.3635
277 12.2951 67.3818
966 12.2474 67.4041
14 12.2474 67.4042
346 12.2473 67.4042
686 12.2472 67.4042
925 12.2471 67.4043
347 12.0807 67.6272
207 11.5535 69.5955
192 11.5392 69.6486
429 11.5239 69.7058
667 11.5088 69.7623
680 11.4944 69.816
400 11.4796 69.8714
717 11.465 69.9258
860 11.4502 69.981
939 11.4365 70.0323
3 11.4212 70.0893
784 11.4054 70.1483
234 11.3888 70.2103
381 11.3483 70.3616
130 11.3106 70.5023
224 11.2675 70.6632
657 11.2324 70.7941
796 11.1986 70.9202
991 11.1652 71.045
500 11.1349 71.1582
132 11.1047 71.271
524 11.0703 71.3993
219 11.0318 71.5432
433 10.9916 71.693
97 10.9572 71.8217
955 10.9204 71.9591
272 10.8888 72.0771
321 10.8539 72.2071
551 10.8216 72.328
665 10.7902 72.4452
694 10.7578 72.5661
374 10.7257 72.6857
639 10.6945 72.8022
298 10.6642 72.9153
607 10.6354 73.0228
701 10.6071 73.1287
275 10.5768 73.2417
570 10.5196 73.4553
457 10.4753 73.6205
728 10.4324 73.7809
371 10.3926 73.9293
517 10.347 74.0997
970 10.2995 74.2771
948 10.2458 74.4776
77 10.191 74.6822
338 10.1054 75.0016
255 10.011 75.354
560 9.85771 75.9263
830 9.71047 76.4759
300 9.58833 76.9319
240 9.68954 76.9192
178 9.79413 76.9062
554 9.90511 76.8923
119 10.0329 76.8763
630 10.1526 76.8614
81 10.2568 76.8483
658 11.3646 78.9232
445 11.3677 79.0247
502 11.4051 80.2313
833 11.5301 84.2542
138 11.5301 84.2542
726 11.5301 84.2542
556 11.4301 84.7077
31 11.3321 85.1516
892 11.231 85.6097
886 11.1192 86.1163
325 11.0133 86.5961
75 10.9086 87.0706
380 10.8171 87.485
399 10.8171 87.485
1 10.8171 87.485
678 10.8171 87.485
711 10.8171 87.485
444 10.8171 87.485
718 10.8171 87.485
615 10.8171 87.485
719 10.8171 87.485
436 10.8171 87.485
304 10.8171 87.485
890 10.8171 87.485
247 10.8171 87.485
301 10.8171 87.485
637 10.8171 87.485
982 10.8171 87.485
90 10.8171 87.485
905 10.8105 87.5303
568 10.8038 87.5762
169 10.7973 87.6211
203 10.7908 87.6662
969 10.7841 87.7122
426 10.7775 87.7572
759 10.7709 87.8027
736 10.7642 87.8493
446 10.7574 87.8957
815 10.7507 87.9417
153 10.744 87.9879
401 10.7373 88.034
792 10.7306 88.08
263 10.7239 88.1264
547 10.7172 88.1725
546 10.7105 88.2185
557 10.7036 88.2657
386 10.6968 88.3124
914 10.6901 88.3592
364 10.6833 88.4055
868 10.6766 88.452
944 10.6701 88.4967
39 10.5945 89.0183
803 10.5227 89.514
213 10.4545 89.9854
435 10.4536 89.9914
405 10.4527 89.9974
106 10.4519 90.0034
827 10.451 90.0094
585 10.4501 90.0154
447 10.4493 90.0212
953 10.4484 90.0271
199 10.4475 90.033
988 10.4467 90.0389
236 12.0915 89.92
776 13.8217 89.795
933 15.3711 89.683
409 16.8454 89.5764
115 16.8906 89.5731
750 16.9354 89.5698
200 16.9903 89.5658
699 17.0535 89.5613
249 17.1182 89.5566
693 17.18 89.5521
495 17.2481 89.5471
973 17.3157 89.5422
442 17.3833 89.5373
916 17.451 89.5324
316 17.518 89.5275
108 17.5871 89.5225
780 17.6799 89.5158
628 17.7754 89.5089
244 18.1901 89.4789
48 18.6098 89.4485
521 19.0881 89.4139
95 19.4998 89.3841
93 19.9688 89.3501
360 20.4644 89.3143
41 20.9704 89.2776
578 21.4344 89.2441
44 21.8821 89.2116
714 22.3194 89.18
418 22.7744 89.1471
13 23.2209 89.1147
183 23.7253 89.0782
757 24.2513 89.0402
73 24.7651 89.003
548 25.2533 88.9677
256 25.2533 88.9677
610 25.2533 88.9677
470 25.2533 88.9677
253 25.2533 88.9677
227 25.2533 88.9677
17 25.2585 88.9421
462 25.2636 88.917
768 25.2688 88.8914
36 25.2745 88.8639
15 25.28 88.8367
150 25.2903 88.7863
491 25.3002 88.7377
456 25.3113 88.6831
167 25.3233 88.6245
368 25.3337 88.5731
651 25.3441 88.5224
441 25.3545 88.4713
593 25.3655 88.4174
611 25.377 88.3608
20 25.3928 88.2833
430 25.4147 88.1759
631 25.4414 88.0452
871 25.4754 87.8782
712 25.5145 87.6867
306 25.5556 87.4852
271 25.6132 87.2032
2 25.691 86.8218
806 25.7629 86.4693
454 25.8267 86.1566
604 25.8764 85.9132
184 25.9088 85.7542
695 25.9391 85.6057
550 25.9703 85.4523
141 26.0002 85.3059
859 26.0302 85.1588
490 26.0617 85.0042
189 26.0937 84.8476
16 26.1209 84.7141
168 26.1471 84.5857
223 26.1713 84.4672
292 26.1946 84.3527
479 26.1946 84.3527
50 26.3147 84.4605
326 26.4313 84.5652
872 26.6197 84.7341
696 26.8254 84.9187
761 27.0226 85.0957
608 27.2216 85.2742
431 27.4179 85.4504
296 27.6142 85.6265
92 27.8131 85.8049
437 28.0106 85.9822
28 28.1519 86.109
786 28.1519 86.109
76 28.1519 86.109
808 28.1519 86.109
469 28.1519 86.109
885 28.1519 86.109
288 28.1519 86.109
638 28.1519 86.109
795 28.1519 86.109
753 28.1519 86.109
333 28.7323 86.2963
672 29.3761 86.5042
707 30.0051 86.7073
120 30.5571 86.8855
146 31.0905 87.0577
392 31.5833 87.2169
172 32.0504 87.3677
241 32.4952 87.5113
918 32.9248 87.6501
96 33.3547 87.7889
613 33.7834 87.9273
22 34.1707 88.0524
230 34.5453 88.1734
954 34.9145 88.2926
309 35.5066 88.4838
919 36.0659 88.6644
766 36.6459 88.8516
960 37.0594 88.9851
139 37.977 89.2814
974 38.7845 89.5421
752 39.5372 89.7851
569 40.3059 90.0333
448 41.0673 90.2791
389 41.8381 90.5279
231 42.6086 90.7767
449 43.5133 91.0687
181 44.4449 91.3695
434 45.4065 91.6799
105 45.9881 91.8676
72 46.5525 92.0499
911 47.3409 92.3044
23 47.3409 92.3044
559 47.3409 92.3044
882 47.3409 92.3044
874 47.3409 92.3044
375 47.3409 92.3044
896 47.3409 92.3044
265 47.3409 92.3044
961 47.3594 92.2296
856 47.3787 92.1518
53 47.3992 92.0691
738 47.4202 91.9842
584 47.4451 91.8839
746 47.4744 91.7656
344 47.5034 91.6486
5 47.5363 91.5159
62 47.5729 91.3683
952 47.6087 91.2238
541 47.6435 91.0832
564 47.6836 90.9216
690 47.7111 90.8108
516 47.7375 90.704
980 47.7648 90.5941
774 47.7926 90.482
947 47.8212 90.3664
880 47.8486 90.2559
305 47.8729 90.1579
320 47.8983 90.0554
536 47.9234 89.9542
179 47.949 89.8508
511 47.9718 89.7589
202 47.9974 89.6554
532 48.0221 89.5559
408 48.0501 89.4428
618 48.0775 89.3324
659 48.1052 89.2206
239 48.131 89.1166
313 48.1586 89.0051
851 48.1868 88.8914
245 48.2147 88.7788
40 48.2412 88.6719
343 48.2668 88.5686
206 48.2933 88.4615
940 48.3226 88.3433
416 48.3488 88.238
642 48.3759 88.1285
624 48.4006 88.0287
866 48.4341 87.8938
294 48.4728 87.7375
82 48.5068 87.6005
193 48.5384 87.4729
807 48.5684 87.3517
877 48.5963 87.2394
763 48.7195 86.7422
649 48.8861 86.07
165 48.9488 85.8172
814 49.0461 85.4246
248 49.1496 85.0069
539 49.2384 84.6486
129 49.3432 84.2258
144 49.5164 83.527
319 49.5435 83.4175
540 49.5718 83.3035
636 49.5718 83.3035
156 49.5718 83.3035
367 49.5718 83.3035
94 49.5718 83.3035
713 49.5718 83.3035
861 49.9138 82.7809
215 50.2471 82.2715
561 50.6728 81.6209
415 51.2869 80.6825
857 51.9911 79.6065
134 52.5806 78.7056
513 52.8161 78.5063
894 53.0562 78.3031
782 53.3476 78.0564
802 53.6359 77.8125
235 53.9375 77.5572
755 54.0995 77.4201
563 54.2853 77.2629
826 54.4841 77.0946
921 54.7037 76.9087
895 54.9262 76.7205
769 55.1648 76.5185
562 55.3969 76.3221
297 58.0357 74.0891
83 60.9549 71.619
481 61.1089 71.4887
832 61.1907 71.416
727 61.2791 71.3376
238 61.3625 71.2635
68 61.4442 71.191
208 61.5189 71.1247
173 61.5965 71.0558
91 61.67 70.9905
671 61.7596 70.9109
460 61.8537 70.8274
395 61.9479 70.7438
18 62.053 70.6505
800 62.1599 70.5556
847 62.2805 70.4485
378 62.3993 70.343
432 62.5381 70.2198
987 62.6902 70.0848
515 62.8487 69.9441
647 63.0047 69.8056
968 63.1493 69.6772
810 63.3537 69.4957
393 63.5404 69.33
582 63.7203 69.1702
293 64.2212 68.7255
109 64.4421 68.5295
112 64.948 68.0803
201 66.2774 66.9
975 66.8018 66.4344
850 67.2824 66.0077
190 67.2841 66.1483
102 67.2862 66.309
538 67.2887 66.5113
656 67.2915 66.7325
941 67.2947 66.9858
383 67.2988 67.3054
852 67.303 67.6358
334 67.3074 67.9811
864 67.409 75.882
900 67.409 75.882
110 67.409 75.882
904 67.4089 75.882
654 67.4089 75.882
962 67.4089 75.882
867 67.4089 75.882
595 67.4089 75.882
937 67.4089 75.882
509 67.4089 75.882
71 67.4089 75.882
315 67.4089 75.882
650 67.4089 75.882
290 67.0614 76.185
51 66.7024 76.4979
775 66.337 76.8164
837 65.9575 77.1471
417 65.5559 77.4972
579 65.0616 77.9281
818 64.3568 78.5425
229 63.2454 79.5115
369 62.2719 80.3603
259 61.4166 81.1059
406 60.7121 81.7201
887 60.4048 81.9879
754 60.1132 82.2421
335 59.857 82.4654
118 59.6085 82.682
280 59.3746 82.8859
816 59.15 83.0816
530 58.9253 83.2774
744 60.0624 84.12
126 60.1802 84.2072
801 60.3675 84.346
931 60.5548 84.4848
9 60.7388 84.6212
575 60.9975 84.8129
992 61.2705 85.0151
464 61.5001 85.1853
984 61.6774 85.3166
477 61.8502 85.4446
737 62.0182 85.5691
273 62.1835 85.6915
185 62.3386 85.8065
823 62.4844 85.9145
145 62.6209 86.0157
622 62.7527 86.1133
544 62.8819 86.209
317 62.9803 86.2819
12 63.0856 86.36
42 63.2091 86.4514
817 63.3244 86.5369
318 63.4314 86.6161
52 63.4314 86.6161
567 63.4314 86.6161
140 63.4314 86.6161
177 66.6068 86.985
353 70.2231 87.4051
580 74.0519 87.8498
149 74.0519 87.8498
620 74.0519 87.8498
251 74.5067 87.88
158 75.0119 87.9134
845 75.5447 87.9487
285 76.1324 87.9876
854 76.7828 88.0306
465 77.4775 88.0766
893 78.3368 88.1334
666 79.1872 88.1897
322 80.0981 88.2499
928 80.9829 88.3084
135 81.0019 88.2789
820 81.0434 88.2146
983 81.0865 88.1476
494 81.4822 87.534
742 81.9726 86.7734
813 82.4888 85.9728
311 83.7975 83.9437
648 84.0861 83.4959
740 84.3766 83.0454
159 84.6671 82.5949
660 84.9955 82.0855
685 85.1708 81.8135
889 85.3448 81.5436
473 85.5521 81.222
725 85.7833 80.8634
25 86.0549 80.4422
372 86.3284 80.018
385 85.7538 74.1245
450 85.5456 71.9898
204 85.3093 69.5667
170 84.7379 63.7068
838 84.6311 62.6113
497 84.5684 61.9689
107 84.498 61.8731
951 84.429 61.779
332 84.3749 61.7053
977 84.3138 61.6221
506 84.254 61.5407
198 84.1931 61.4577
136 84.1356 61.3794
528 84.084 61.3092
684 82.9782 59.8032
884 81.6988 58.0608
387 80.3175 56.1796
242 79.1339 54.5677
274 77.338 52.1219
29 77.0562 52.318
670 76.7504 52.5308
592 76.4408 52.7463
466 76.105 52.9801
920 74.9729 53.7679
152 73.5784 54.7384
932 73.1193 54.3075
967 72.6222 53.8409
195 72.08 53.3319
425 71.5587 52.8426
767 71.0182 52.3353
583 70.4884 51.838
420 69.8914 51.2777
942 68.8537 50.3037
553 67.5042 49.0371
875 65.3535 47.0184
519 65.2406 46.9124
623 65.2022 46.449
377 65.1573 45.9058
323 65.1322 45.6016
357 65.1088 45.3188
70 65.0856 45.0391
143 65.0602 44.7311
396 65.0339 44.4134
681 64.5951 39.0992
314 64.7921 38.9282
606 64.9892 38.757
644 65.1918 38.5811
926 65.4133 38.3887
594 66.1095 37.7841
675 67.4599 36.6113
232 69.4042 34.9225
598 72.8696 31.9124
745 74.6691 31.3129
33 76.676 30.6441
835 77.5128 30.3653
609 77.5128 30.3653
590 81.0183 27.241
345 83.4804 25.0465
98 83.5835 24.9547
520 83.5835 24.9547
979 85.6478 18.9995
627 85.9385 18.161
483 86.1685 17.4978
260 86.0311 17.5535
243 85.353 17.8286
