0,483,260,345,979,243,627,98,590,835,520,274,745,33,466,29,606,232,675,926,941,583,425,553,920,592,842,70,190,670,656,143,314,323,644,609,357,595,850,136,932,650,767,110,420,967,102,334,497,242,201,838,977,684,195,170,107,951,506,884,387,198,332,975,383,68,393,907,538,117,867,605,173,810,478,485,623,942,238,793,577,857,987,647,186,964,208,762,85,396,286,94,575,395,369,9,801,931,297,18,290,937,378,460,832,671,509,51,904,481,727,259,744,654,800,900,440,668,579,847,71,962,152,67,340,852,317,145,385,775,864,528,818,417,83,660,450,311,322,372,204,25,889,685,725,648,465,837,742,740,135,494,893,983,473,820,928,159,251,285,580,318,666,149,854,353,158,813,992,823,622,567,845,273,464,620,911,42,817,477,737,52,544,584,984,511,536,947,896,434,690,408,754,851,126,367,320,319,814,305,746,624,202,530,861,177,335,12,940,40,313,713,156,185,344,856,118,193,239,294,659,636,140,280,887,880,229,564,215,563,816,245,569,5,882,738,866,309,763,248,82,406,755,179,62,642,23,22,541,974,559,265,105,181,375,961,532,980,415,952,618,874,392,206,343,389,448,449,516,165,774,139,470,766,96,707,548,129,672,714,833,752,72,271,409,613,611,561,539,146,807,960,44,92,172,638,296,124,428,20,885,394,418,786,256,120,2,877,36,53,416,150,761,73,795,696,806,491,15,651,776,521,441,973,886,28,430,333,76,183,610,253,249,697,550,859,918,167,808,933,306,368,50,695,490,768,631,593,456,13,969,637,436,153,988,213,227,462,17,750,827,678,442,236,115,106,568,905,200,447,868,435,169,953,247,380,386,1,446,199,711,585,39,138,301,178,759,916,405,736,557,364,892,803,444,95,712,982,399,424,316,244,495,699,93,780,871,753,288,547,304,75,263,693,792,90,546,300,346,426,487,168,991,401,628,325,914,615,108,607,469,400,728,879,948,815,184,946,48,665,517,255,570,31,718,944,955,503,240,224,657,639,556,203,719,830,554,321,445,374,734,860,272,747,482,14,207,277,427,667,694,890,433,443,784,551,132,398,502,429,560,457,796,298,192,234,81,114,966,381,686,717,371,34,119,799,708,939,218,122,303,703,849,57,739,162,972,376,691,565,970,77,182,531,336,47,925,100,677,527,214,347,772,338,760,589,196,329,219,131,764,680,97,3,157,166,384,805,397,37,758,698,422,897,981,233,505,32,438,451,956,735,475,403,11,414,771,496,142,936,863,222,279,841,423,78,476,10,463,212,373,797,534,352,949,731,499,700,148,542,489,652,154,228,909,174,341,128,123,616,312,330,116,65,770,46,328,958,283,749,898,514,673,985,723,990,133,86,4,87,794,899,366,74,299,963,455,412,741,646,362,258,641,674,572,588,812,61,187,682,211,348,488,331,629,881,722,8,661,439,943,710,354,268,402,836,824,191,121,602,702,486,254,643,902,709,787,474,246,669,379,160,261,284,934,310,64,363,883,573,407,653,111,287,337,518,822,704,626,26,307,351,915,421,529,388,221,869,549,38,853,480,829,811,633,908,913,612,205,125,391,663,278,862,679,876,748,535,151,356,510,858,525,989,413,692,783,543,302,7,664,655,210,461,809,147,237,508,619,180,922,269,891,706,275,756,599,89,324,59,688,603,957,929,645,370,839,576,49,732,545,365,54,778,349,507,267,640,591,404,30,596,134,765,291,350,587,910,459,137,175,493,903,21,226,779,104,484,540,308,878,976,804,144,649,689,270,501,189,950,266,757,326,339,635,600,726,601,252,789,733,705,720,130,938,788,382,411,630,390,454,359,327,901,971,113,99,965,79,552,574,729,924,88,431,41,954,730,927,701,524,526,360,537,825,608,58,500,846,888,361,571,479,658,220,578,230,141,231,241,16,840,773,662,223,60,872,437,171,919,292,614,894,715,523,826,604,216,968,617,855,56,769,410,432,986,225,921,562,895,513,782,802,724,676,80,315,293,791,188,621,35,282,498,109,798,91,453,558,515,468,683,743,632,112,161,582,625,101,923,597,281,235,533,264,945,69,342,163,84,912,194,471,127,566,687,522,519,843,197,472,66,276,458,848,355,63,906,865,262,492,43,217,716,512,155,594,875,870,930,978,19,358,419,257,681,250,634,289,790,834,844,785,873,209,586,467,935,452,555,917,821,6,45,781,959,831,751,828,27,377,55,819,164,295,777,598,581,721,176,24,504,103,
value : 507.978 running time : 81.522598
0 80 20
483 86.1433 17.4738
260 86.1224 17.532
345 85.9472 18.0203
979 85.7596 18.5431
243 85.5364 19.1654
627 84.9484 20.8048
98 83.0501 26.0988
590 81.7966 28.8842
835 80.6572 31.4161
520 79.9043 33.0889
274 79.1349 34.7985
745 78.4779 36.2583
33 77.8966 37.5498
466 76.8823 39.8033
29 75.9892 41.7878
606 75.1525 43.6469
232 74.6922 44.6696
675 74.2475 45.6576
926 74.1149 45.952
941 73.9914 46.2262
583 73.9572 46.3023
425 73.9248 46.3741
553 73.8904 46.4506
920 73.8571 46.5245
592 73.8227 46.6008
842 73.7839 46.6871
70 73.7472 46.7686
190 73.7131 46.8443
670 73.7131 46.8443
656 73.7131 46.8443
143 73.7131 46.8443
314 73.7131 46.8443
323 73.7389 47.5738
644 73.7673 48.3801
609 73.7994 49.291
357 73.8354 50.3103
595 74.0501 56.3372
850 74.7265 56.4387
136 75.4191 56.5427
932 75.8332 56.6048
650 76.2516 56.6676
767 76.7917 56.7486
110 77.4378 56.8456
420 78.165 56.9547
967 78.9947 57.0793
102 79.8463 57.2071
334 81.7531 57.4936
497 83.7772 57.7978
242 83.2963 57.8794
201 82.8198 57.9602
838 82.3936 58.0326
977 81.9713 58.1042
684 81.5455 58.1765
195 81.1038 58.2515
170 80.883 58.3433
107 80.6496 58.4403
951 80.3667 58.558
506 80.0537 58.6881
884 79.7324 58.8217
387 79.3764 58.9697
198 78.9992 59.1266
332 78.6076 59.2894
975 76.7088 59.4588
383 74.8692 59.623
68 73.1213 59.779
393 71.4511 59.928
907 70.0262 60.055
538 68.7152 60.1719
117 67.4758 60.2823
867 66.3346 60.384
605 65.2663 60.4792
173 64.5089 60.5467
810 63.7587 60.6135
478 63.0227 60.6791
485 62.3053 60.743
623 61.6087 60.805
942 61.1841 61.3632
238 60.607 62.1218
793 60.0689 62.8293
577 59.5075 63.5673
857 58.9055 64.3587
987 58.9055 64.3587
647 58.9055 64.3587
186 58.9055 64.3587
964 58.9634 64.5558
208 59.0216 64.7538
762 59.0735 64.9302
85 59.1227 65.0977
396 59.1952 65.3442
286 59.4861 66.334
94 60.5379 69.9123
575 61.1422 71.9682
395 61.2676 72.3948
369 61.3706 72.7452
9 61.4496 73.014
801 61.5346 73.3031
931 61.6133 73.5712
297 61.6828 73.8075
18 61.7419 74.0084
290 61.7991 74.2029
937 61.8622 74.4179
378 61.9126 74.5891
460 61.9598 74.7497
832 62.009 74.9172
671 62.0589 75.087
509 62.1083 75.2551
51 62.1596 75.4295
904 62.2104 75.6022
481 62.2647 75.7872
727 62.3124 75.9494
259 62.3647 76.1274
744 62.9106 76.1344
654 63.4434 76.1413
800 63.9683 76.148
900 64.5298 76.1553
440 64.9333 76.1605
668 65.5744 76.1688
579 66.2888 76.178
847 66.9819 76.187
71 67.6775 76.196
962 68.3916 76.2053
152 69.0934 76.2143
67 69.7398 76.2227
340 70.4854 76.2323
852 71.4162 76.2444
317 71.4168 76.2448
145 73.0486 77.2839
385 74.3029 77.6989
775 75.4683 78.0846
864 76.6551 78.4773
528 77.8597 78.876
818 78.9416 79.234
417 80.0768 79.6097
83 81.3033 80.0155
660 83.6785 80.8017
450 84.4779 81.0662
311 85.0608 81.259
322 85.5878 81.4334
372 86.0566 81.5885
204 85.5139 81.6483
25 84.9655 81.7087
889 84.2921 81.7829
685 83.4168 81.8794
725 82.3346 81.9988
648 81.1609 82.1282
465 80.0588 82.2497
837 79.2881 82.3347
742 79.0866 84.2935
740 78.8778 86.3228
135 78.7067 87.9846
494 78.667 88.3719
893 78.6277 88.7544
983 78.5898 89.124
473 78.5595 89.4193
820 78.5309 89.698
928 78.5028 89.9714
159 77.5736 89.9364
251 76.673 89.9024
285 75.8383 89.871
580 75.0227 89.8402
318 74.2317 89.8104
666 73.4558 89.7812
149 72.7071 89.7529
854 71.9679 89.7251
353 71.2411 89.6977
158 70.5122 89.6702
813 69.7831 89.6427
992 69.0795 89.6162
823 68.3753 89.5896
622 67.6907 89.5638
567 67.022 89.5386
845 66.3484 89.5132
273 65.6924 89.4884
464 65.0339 89.4636
620 64.3767 89.4388
911 63.7207 89.414
42 63.1738 89.3934
817 62.6322 89.373
477 62.0835 89.3522
737 61.5358 89.3316
52 60.9684 89.3102
544 60.3764 89.2878
584 59.696 89.2621
984 58.9956 89.2357
511 58.3314 89.2107
536 57.9746 89.1972
947 57.64 89.1845
896 57.3139 89.1722
434 57.0019 89.1604
690 56.7216 89.1497
408 56.4509 89.1395
754 56.1858 89.1295
851 55.9271 89.1197
126 55.6729 89.11
367 55.4363 89.1011
320 55.2067 89.0924
319 54.9838 89.0839
814 54.7816 89.0762
305 54.5892 89.0689
746 54.405 89.0619
624 54.2262 89.0552
202 54.0495 89.0485
530 53.8714 89.0417
861 53.7004 89.0352
177 53.5299 89.0287
335 53.3527 89.022
12 53.1741 89.0152
940 52.9938 89.0084
40 52.814 89.0016
313 52.634 88.9947
713 52.4541 88.9879
156 52.2795 88.9813
185 52.1059 88.9747
344 51.901 88.9669
856 51.6793 88.9585
118 51.434 88.9492
193 51.1891 88.9399
239 50.9553 88.9311
294 50.7238 88.9223
659 50.7238 88.9223
636 50.7238 88.9223
140 50.7238 88.9223
280 50.7238 88.9223
887 50.7238 88.9223
880 50.7238 88.9223
229 50.7238 88.9223
564 50.2026 89.0622
215 49.6144 89.2199
563 49.2252 89.3243
816 48.7814 89.4432
245 48.3773 89.5516
569 47.998 89.6533
5 47.6037 89.759
882 47.2113 89.8642
738 46.8447 89.9625
866 46.8447 89.9625
309 46.8447 89.9625
763 46.8447 89.9625
248 46.8447 89.9625
82 46.8447 89.9625
406 46.8446 89.9625
755 46.8446 89.9625
179 46.8446 89.9625
62 46.8446 89.9625
642 46.8446 89.9625
23 46.8446 89.9625
22 46.1441 90.0433
541 45.4064 90.1283
974 44.7269 90.2067
559 44.5674 90.2251
265 44.4107 90.2433
105 44.2722 90.2593
181 44.1359 90.275
375 43.999 90.2909
961 43.8614 90.3068
532 43.7218 90.3229
980 43.5789 90.3395
415 43.3698 90.3636
952 43.1414 90.39
618 42.9004 90.4179
874 42.645 90.4474
392 42.3886 90.477
206 42.1147 90.5086
343 41.8406 90.5403
389 41.569 90.5717
448 41.3001 90.6028
449 41.0208 90.635
516 40.7339 90.6682
165 40.4513 90.7008
774 40.165 90.7339
139 39.2386 90.8406
470 38.2607 90.9533
766 37.2086 91.0745
96 36.2277 91.1875
707 35.1594 91.3107
548 34.0963 91.4332
129 33.0491 91.5538
672 32.0909 91.6642
714 31.0894 91.7796
833 31.1469 91.5141
752 31.2082 91.2303
72 31.2699 90.945
271 31.3331 90.6525
409 31.3984 90.3506
613 31.4685 90.0261
611 31.5409 89.6911
561 31.6287 89.2851
539 31.6452 89.2089
146 31.661 89.1357
807 31.6773 89.0605
960 31.5953 89.0656
44 31.5151 89.0707
92 31.4447 89.0751
172 31.3734 89.0796
638 31.2976 89.0843
296 31.2214 89.0891
124 31.1468 89.0938
428 31.0719 89.0985
20 30.9981 89.1031
885 30.9241 89.1078
394 30.8559 89.112
418 30.7789 89.1169
786 30.7085 89.1213
256 30.6381 89.1257
120 30.5652 89.1303
2 30.4939 89.1348
877 30.423 89.1392
36 30.3463 89.144
53 30.2773 89.1484
416 29.9025 89.1718
150 29.3907 89.2038
761 28.8654 89.2367
73 28.3306 89.2701
795 27.7918 89.3038
696 27.2527 89.3375
806 26.704 89.3718
491 26.0537 89.4125
15 25.5189 89.4459
651 25.2343 89.4637
776 24.9565 89.4811
521 24.7349 89.495
441 24.5209 89.5084
973 24.3119 89.5215
886 24.1674 89.5306
28 24.0265 89.5394
430 23.8838 89.5484
333 23.7408 89.5573
76 23.5904 89.5668
183 23.4373 89.5764
610 23.2879 89.5857
253 23.1361 89.5952
249 22.9786 89.6051
697 22.8244 89.6148
550 22.6666 89.6247
859 22.5073 89.6347
918 22.3468 89.6447
167 22.1771 89.6554
808 21.998 89.6666
933 21.7188 89.6841
306 21.438 89.7017
368 21.1433 89.7201
50 20.8473 89.7386
695 20.5501 89.7573
490 20.2493 89.7761
768 19.9353 89.7957
631 19.6067 89.8163
593 18.366 89.8937
456 17.0128 89.9782
13 15.5121 90.0718
969 14.0167 90.1651
637 13.087 90.2231
436 12.2332 90.2765
153 11.4661 90.3244
988 10.7431 90.3695
213 10.7431 90.3695
227 10.7481 90.3461
462 10.7529 90.3231
17 10.7578 90.2996
750 10.7631 90.2746
827 10.7683 90.2501
678 10.7732 90.2266
442 10.7781 90.2034
236 10.7831 90.1794
115 10.7881 90.1557
106 10.7934 90.1306
568 10.7984 90.107
905 10.8034 90.0833
200 10.8087 90.058
447 10.8138 90.0337
868 10.819 90.0089
435 10.8241 89.9848
169 10.829 89.9617
953 10.834 89.9375
247 10.8391 89.9133
380 10.8444 89.8882
386 10.8493 89.8648
1 10.8544 89.8406
446 10.8596 89.8162
199 10.8649 89.791
711 10.8702 89.7657
585 10.8754 89.7407
39 10.8805 89.7166
138 10.8854 89.6932
301 10.8904 89.6697
178 10.8954 89.6461
759 10.9004 89.6224
916 10.9055 89.5977
405 10.9109 89.5721
736 10.9159 89.5486
557 10.9209 89.5248
364 10.926 89.5007
892 10.9309 89.4773
803 10.936 89.453
444 10.9409 89.4296
95 10.946 89.4056
712 10.9511 89.3813
982 10.956 89.3577
399 10.9609 89.3346
424 10.9658 89.3112
316 10.9658 89.3112
244 10.9658 89.3112
495 10.9658 89.3112
699 10.9658 89.3112
93 10.9658 89.3112
780 10.9658 89.3112
871 10.9658 89.3112
753 10.9714 88.8356
288 10.9772 88.3385
547 10.9834 87.8108
304 10.9896 87.2833
75 10.9955 86.7821
263 11.001 86.3098
693 11.0065 85.8373
792 11.0118 85.3873
90 11.0171 84.9369
546 11.0219 84.522
300 11.0267 84.1169
346 11.0315 83.7036
426 11.0361 83.3113
487 11.0409 82.9061
168 11.0452 82.5398
991 11.0493 82.1917
401 11.0534 81.8386
628 11.0576 81.4797
325 11.0619 81.1184
914 11.0661 80.757
615 11.0725 80.212
108 11.0793 79.6321
607 11.0859 79.0625
469 11.0893 78.7742
400 11.0925 78.4997
728 11.0957 78.2323
879 11.0989 77.9577
948 11.1019 77.7068
815 11.1048 77.4582
184 11.1079 77.1905
946 11.111 76.9301
48 11.1139 76.681
665 11.1168 76.4335
517 11.1197 76.1901
255 11.1219 75.9989
570 11.1221 75.9853
31 11.1223 75.9702
718 11.1225 75.9547
944 11.1227 75.935
955 11.1229 75.915
503 11.1232 75.8939
240 11.1234 75.876
224 11.1236 75.8558
657 11.1239 75.8365
639 11.1241 75.8182
556 11.1243 75.8008
203 11.1245 75.784
719 11.1247 75.7664
830 11.1279 75.4941
554 11.1313 75.204
321 11.1358 74.82
445 11.1405 74.4222
374 11.1449 74.0469
734 11.1495 73.6615
860 11.1531 73.3546
272 11.1568 73.0388
747 11.1604 72.7306
482 11.1625 72.5559
14 11.1645 72.3834
207 11.1665 72.2164
277 11.1686 72.0434
427 11.1706 71.8735
667 11.1726 71.7044
694 11.1745 71.5387
890 11.1765 71.3772
433 11.1787 71.1907
443 11.181 70.9912
784 11.1841 70.7287
551 11.1869 70.4936
132 11.1899 70.2399
398 11.1927 70.0001
502 11.1955 69.7636
429 11.1983 69.527
560 11.2012 69.2858
457 11.2049 68.9708
796 11.2089 68.628
298 11.2135 68.2384
192 11.2192 67.7572
234 11.2247 67.2824
81 11.2297 66.8629
114 11.2346 66.4458
966 11.2395 66.0258
381 11.2455 65.5216
686 11.2528 64.8977
717 11.2616 64.1449
371 11.2713 63.3165
34 11.2827 62.3482
119 11.2876 61.9328
799 11.2928 61.491
708 11.2987 60.9872
939 11.3036 60.57
218 11.3112 59.9257
122 11.3182 59.323
303 11.3182 59.323
703 11.3182 59.323
849 11.3182 59.323
57 11.3182 59.323
739 11.3182 59.323
162 11.3182 59.323
972 11.3312 59.2539
376 11.343 59.1913
691 11.3555 59.1249
565 11.3674 59.0614
970 11.3788 59.0007
77 11.391 58.9355
182 11.4053 58.8597
531 11.4177 58.7935
336 11.4309 58.7235
47 11.4438 58.6549
925 11.456 58.59
100 11.4687 58.5224
677 11.4807 58.4581
527 11.493 58.3927
214 11.5049 58.3296
347 11.5163 58.2688
772 11.5284 58.2047
338 11.5405 58.1399
760 11.5546 58.065
589 11.5683 57.992
196 11.5817 57.9205
329 11.5949 57.8504
219 11.6084 57.7788
131 11.6227 57.7025
764 11.6371 57.6262
680 11.6509 57.5525
97 11.7255 57.1561
3 12.0541 55.4114
157 12.5492 52.7831
166 13.0366 51.8927
384 13.5743 50.9104
805 14.8402 51.0113
397 16.0437 51.1071
37 16.0437 51.1071
758 16.0437 51.1071
698 16.0437 51.1071
422 16.0437 51.1071
897 16.0437 51.1071
981 16.2032 50.8015
233 16.3653 50.491
505 16.5303 50.1751
32 16.69 49.869
438 16.7764 49.7036
451 16.8576 49.5481
956 16.9502 49.3708
735 17.043 49.193
475 17.3991 48.5105
403 17.7716 47.7968
11 18.1353 47.0998
414 18.4688 46.4607
771 18.1014 46.3263
496 17.7248 46.1885
142 17.3426 46.0486
936 16.9701 45.9123
863 16.6102 45.7806
222 16.2801 45.6599
279 15.9564 45.5414
841 15.6434 45.4269
423 15.3291 45.3119
78 15.0165 45.1976
476 14.7073 45.0844
10 14.402 44.9727
463 14.0929 44.8596
212 13.7958 44.7509
373 13.4986 44.6422
797 13.2044 44.5346
534 12.9119 44.4275
352 12.6172 44.3197
949 12.3201 44.211
731 12.0252 44.1031
499 11.7306 43.9953
700 11.6221 43.9557
148 11.5114 43.9152
542 11.3953 43.8727
489 11.2786 43.8301
652 11.1655 43.7887
154 11.0531 43.7476
228 10.9406 43.7065
909 10.8256 43.6644
174 10.7126 43.6231
341 10.5929 43.5793
128 10.4735 43.5356
123 10.3621 43.4949
616 10.2497 43.4538
312 10.1336 43.4113
330 10.0197 43.3696
116 9.91007 43.3296
65 9.90925 40.9263
770 9.90908 40.4463
46 9.9089 39.942
328 9.90873 39.4384
958 9.90855 38.9307
283 9.90837 38.4245
749 9.90819 37.9198
898 9.90781 36.7959
514 10.907 36.5433
673 12.4736 36.1472
985 13.2926 36.0969
723 14.1195 36.0461
990 13.8539 34.1357
133 13.5703 32.095
86 13.291 30.0859
4 13.2193 29.0246
87 13.153 28.0442
794 13.0794 26.9555
899 13.0032 25.8278
366 12.9321 24.776
74 12.8867 24.1053
299 12.8406 23.4234
963 12.7938 22.7303
455 12.7466 22.0327
412 12.6991 21.3298
741 12.6542 20.6662
646 12.61 20.0131
362 12.5769 19.5243
258 12.5447 19.0476
641 12.5072 18.4937
674 12.4642 17.8584
572 12.4213 17.2231
588 12.3575 16.2793
812 12.2929 15.3233
61 12.3396 15.3485
187 12.3887 15.3751
682 12.4597 15.4134
211 12.5307 15.4518
348 12.6006 15.4895
488 12.6674 15.5256
331 12.7323 15.5607
629 12.7943 15.5942
881 12.8602 15.6298
722 12.9292 15.667
8 13.9119 16.1977
661 14.8812 16.7211
439 15.717 17.1724
943 16.3893 17.5355
710 16.3893 17.5355
354 18.9095 18.6009
268 20.6655 19.3434
402 22.7471 20.2235
836 24.9036 21.1352
824 27.5629 22.2593
191 30.3752 23.4481
121 30.3752 23.4481
602 30.3752 23.4481
702 30.3752 23.4481
486 30.3752 23.4481
254 30.3752 23.4481
643 30.3752 23.4481
902 30.3752 23.4481
709 30.3752 23.4481
787 30.3752 23.4481
474 30.3752 23.4481
246 31.4414 22.2422
669 32.5472 20.9914
379 32.8084 20.6958
160 33.0615 20.4093
261 33.3188 20.1179
284 33.5936 19.8069
934 33.8464 19.5208
310 34.1115 19.2207
64 34.3886 18.9069
363 34.6435 18.6184
883 34.9034 18.3242
573 35.1573 18.0368
407 35.4104 17.7502
653 35.6644 17.4627
111 35.9215 17.1717
287 36.1655 16.8955
337 36.4143 16.6138
518 36.6582 16.3377
822 36.3929 17.3211
704 36.1259 18.311
626 35.8673 19.2697
26 35.6126 20.2138
307 35.3587 21.1552
351 35.1125 22.0678
915 34.0857 25.879
421 32.6754 31.1121
529 32.2866 32.4101
388 31.9377 33.5751
221 31.7333 34.2574
869 31.4961 35.0493
549 31.2557 35.852
38 31.0152 36.6548
853 30.8222 37.2992
480 30.5891 38.0775
829 30.3443 38.8947
811 30.0267 39.9549
633 29.6969 41.0562
908 29.6969 41.0562
913 29.6968 41.0562
612 29.6968 41.0562
205 29.6968 41.0562
125 29.6968 41.0562
391 29.5566 42.25
663 29.4358 43.2785
278 29.4358 43.2786
862 29.4648 43.4367
679 29.4941 43.596
876 29.5212 43.7438
748 29.5514 43.9083
535 29.5814 44.0713
151 29.6119 44.2379
356 29.6399 44.3901
510 29.6656 45.3257
858 29.681 45.8877
525 29.6858 46.0639
989 29.6906 46.2397
413 29.6955 46.4195
692 29.7003 46.5984
783 29.714 47.0975
543 29.7282 47.6142
302 29.7426 48.139
7 29.7577 48.6902
664 29.778 49.4303
655 29.8018 50.2979
210 29.8481 51.9798
461 29.8387 52.1482
809 29.8293 52.3167
147 29.8214 52.4592
237 29.8133 52.6041
508 29.8055 52.7433
619 29.7973 52.891
180 29.7884 53.051
922 29.7788 53.2225
269 29.77 53.3813
891 29.7609 53.5446
706 29.752 53.7036
275 29.3994 60.0016
756 29.426 59.9964
599 29.4517 59.9913
89 29.48 59.9857
324 29.5054 59.9807
59 29.5317 59.9755
688 29.5598 59.9699
603 29.5865 59.9647
957 29.6114 59.9597
929 29.639 59.9543
645 29.6654 59.9491
370 29.6947 59.9433
839 29.7202 59.9382
576 29.7472 59.9329
49 29.7726 59.9279
732 29.9932 60.4532
545 30.1172 60.7482
365 30.2387 61.0375
54 30.3613 61.3295
778 30.485 61.6239
349 30.71 62.1599
507 30.9407 62.7091
267 31.1766 63.271
640 31.4117 63.8309
591 31.6415 64.3783
404 31.8825 64.952
30 32.1247 65.5288
596 32.3518 66.0697
134 32.5771 66.6063
765 32.6757 66.8411
291 32.7719 67.0699
350 32.8664 67.295
587 32.9294 67.4448
910 32.9938 67.5981
459 33.0574 67.7496
137 33.1202 67.8989
175 33.1837 68.0501
493 33.2473 68.2014
903 33.3119 68.3553
21 33.3789 68.5145
226 33.4461 68.6745
779 33.5132 68.8342
104 33.576 68.9838
484 33.6395 69.1349
540 33.5486 69.2743
308 33.4608 69.409
878 33.3709 69.5468
976 33.2831 69.6815
804 33.1971 69.8133
144 33.0769 69.9976
649 32.9524 70.1885
689 32.4983 70.1525
270 32.0474 70.1166
501 31.5482 70.0769
189 31.0707 70.039
950 29.9421 69.9492
266 29.1722 69.888
757 28.473 69.8325
326 27.7348 69.3662
339 27.3278 69.1092
635 27.1993 68.8999
600 27.0704 68.6901
726 26.9407 68.4789
601 26.8065 68.2603
252 26.6692 68.0368
789 26.261 67.3723
733 25.847 66.6985
705 25.4368 66.0308
720 25.0537 65.4073
130 24.6925 64.8193
938 24.3431 64.2506
788 24.3995 64.7062
382 24.4559 65.1624
411 24.5119 65.6145
630 24.5691 66.0767
390 24.6313 66.5793
454 24.688 67.0367
359 24.7409 67.4638
327 24.7921 67.8772
901 24.8443 68.2995
971 24.8938 68.6986
113 24.9434 69.0996
99 24.9951 69.5168
965 25.0496 69.9572
79 25.1038 70.3947
552 25.1595 70.8449
574 25.2174 71.312
729 25.2792 71.8111
924 25.3517 72.3971
88 25.4203 72.9516
431 25.4203 72.9516
41 25.4203 72.9516
954 25.4203 72.9516
730 25.4203 72.9516
927 25.4203 72.9516
701 25.4203 72.9516
524 25.4203 72.9516
526 25.7406 73.6528
360 26.0695 74.3724
537 26.1737 74.6008
825 26.2818 74.8376
608 26.3863 75.0663
58 26.4929 75.3
500 26.4929 75.3
846 26.6125 75.349
888 27.0007 75.5082
361 27.4062 75.6746
571 27.9736 75.9074
479 28.5683 76.1514
658 29.3836 76.4859
220 30.3035 76.8634
578 32.1012 77.6011
230 34.593 78.6238
141 34.6174 78.6034
231 34.6421 78.5827
241 34.864 78.3968
16 35.0774 78.2181
840 35.309 78.0241
773 35.5264 77.8419
662 35.7829 77.6272
223 36.0257 77.4238
60 36.2801 77.2106
872 36.56 76.9762
437 36.853 76.7307
171 37.2031 76.4375
919 37.4874 76.1993
292 37.8562 75.8904
614 38.2587 75.5533
894 38.6787 75.2015
715 39.0374 74.901
523 39.3545 74.6354
826 39.6408 74.3956
604 39.9075 74.1722
216 43.0541 71.5368
968 43.5415 71.1285
617 43.8605 70.8613
855 44.108 70.654
56 44.3377 70.4616
769 44.5836 70.2556
410 44.8056 70.0696
432 45.0222 69.8882
986 45.1713 69.7633
225 45.3171 69.6412
921 45.4705 69.5127
562 45.6203 69.3872
895 45.8016 69.2354
513 45.9913 69.0764
782 46.1852 68.914
802 46.3723 68.7572
724 46.5636 68.597
676 46.8139 68.3874
80 47.0528 68.1873
315 47.3541 67.9349
293 49.1217 63.5466
791 49.1217 63.5466
188 49.1217 63.5466
621 49.1217 63.5466
35 49.1217 63.5466
282 49.1217 63.5466
498 49.1217 63.5466
109 49.1217 63.5466
798 49.1217 63.5466
91 49.1217 63.5466
453 49.1217 63.5466
558 49.1217 63.5466
515 49.1217 63.5466
468 49.1217 63.5466
683 49.1217 63.5466
743 49.1217 63.5466
632 49.1217 63.5466
112 49.1217 63.5466
161 49.1217 63.5466
582 49.1217 63.5466
625 48.7455 62.9449
101 48.3581 62.3254
923 47.9517 61.6755
597 47.5365 61.0116
281 47.121 60.3472
235 46.6963 59.668
533 46.3116 59.0528
264 45.9271 58.438
945 45.5597 57.8505
69 45.1987 57.2732
342 45.1738 57.2862
163 45.1484 57.2994
84 45.0765 56.8915
912 44.8133 55.3975
194 44.4619 53.4035
471 44.1687 51.7392
127 43.8248 49.7877
566 43.4523 47.6738
687 43.1216 45.7971
522 44.1578 45.093
519 45.3599 44.2763
843 45.5245 43.9382
197 45.6963 43.5852
472 45.8585 43.2521
66 46.0267 42.9067
276 46.1867 42.5782
458 46.3499 42.243
848 46.4881 41.9591
355 46.6316 41.6644
63 46.734 41.4542
906 46.8382 41.2402
865 46.9428 41.0253
262 47.0233 40.86
492 47.3224 40.2457
43 47.6903 39.49
217 47.7928 39.2795
716 47.8923 39.0751
512 47.9923 38.8698
155 48.1122 38.6236
594 48.2471 38.3467
875 48.3756 38.0828
870 48.5108 37.805
930 48.6503 37.5186
978 48.787 37.2378
19 48.9314 36.9411
358 49.0767 36.6429
419 48.5183 34.509
257 48.5007 34.442
681 48.4833 34.3755
250 48.4651 34.3063
634 48.4479 34.2407
289 48.428 34.1649
790 48.4102 34.097
834 48.3913 34.0247
844 48.4528 33.979
785 48.515 33.9329
873 48.5743 33.8889
209 48.6296 33.8479
586 48.6833 33.808
467 48.7397 33.7662
935 48.7973 33.7235
452 48.8557 33.6801
555 48.9262 33.6278
917 48.9899 33.5806
821 51.8893 31.4276
6 53.722 30.067
45 55.5288 28.7257
781 55.855 28.3353
959 56.1779 27.949
831 56.4907 27.5748
751 56.8053 27.1985
828 57.1221 26.8195
27 57.4525 26.4241
377 57.7972 26.0118
55 58.5136 25.1549
819 59.2544 24.2688
164 60.0362 23.3337
295 61.0205 22.1565
777 62.0195 20.9616
598 62.9848 19.8071
581 63.9205 18.6879
721 64.8047 17.6304
176 65.2573 17.089
24 65.6965 16.5637
504 66.1227 16.0538
103 66.5389 15.556
