0,504,581,295,24,721,959,103,176,777,598,819,675,6,55,821,419,831,45,164,289,209,873,844,555,716,43,978,828,634,355,751,785,781,358,865,19,458,377,66,250,930,681,27,197,790,875,870,452,342,472,848,906,594,217,945,421,155,237,7,388,508,127,69,63,834,687,512,180,522,276,194,529,692,862,257,917,38,49,853,913,679,147,461,811,191,480,989,269,356,935,748,210,543,413,302,549,414,535,778,438,525,397,783,619,706,566,11,612,876,869,664,278,586,151,467,160,822,486,363,307,573,111,64,704,26,221,787,626,702,379,351,709,653,883,261,643,824,934,310,337,407,287,669,518,246,284,915,588,881,629,488,812,254,673,722,902,258,661,348,646,61,187,8,572,211,366,412,741,963,362,674,682,354,133,439,4,331,602,121,641,205,474,899,898,402,836,283,268,299,74,794,455,125,958,943,655,985,829,990,700,65,32,330,228,710,86,514,10,87,384,46,122,863,182,142,157,57,972,771,565,166,925,708,841,489,542,949,336,527,749,616,770,116,534,505,663,849,128,805,123,499,328,422,352,312,47,154,936,100,373,677,858,303,218,909,956,463,731,691,341,148,908,652,214,222,423,212,78,510,688,797,403,938,476,698,496,37,723,391,764,957,349,633,279,174,965,705,324,233,545,603,59,758,475,891,382,507,897,729,903,901,137,451,733,34,971,359,809,878,912,225,779,493,735,370,720,471,533,89,308,54,756,839,30,922,104,929,676,576,765,540,390,21,410,732,662,134,523,56,264,80,404,683,804,715,894,558,459,976,365,144,599,910,226,124,270,872,60,614,16,501,220,604,724,571,596,578,574,950,333,658,788,587,946,175,806,223,730,252,689,454,537,846,789,171,163,327,296,443,526,635,591,291,640,645,79,267,41,266,482,275,600,99,329,338,927,608,757,726,550,3,48,132,376,361,255,479,701,184,607,272,427,162,717,981,552,888,517,196,703,411,760,772,168,924,970,686,694,77,400,97,531,589,347,224,234,219,890,948,114,799,131,14,524,630,326,500,130,119,374,321,207,667,277,665,747,398,601,784,502,457,503,371,381,734,657,445,825,81,192,739,113,429,966,939,879,639,680,736,955,860,991,551,90,796,346,487,554,556,830,298,316,728,339,433,203,75,200,695,435,560,780,750,31,399,178,615,95,1,792,263,106,759,914,711,827,108,953,247,446,17,462,916,693,637,436,547,380,988,325,719,944,169,240,213,546,570,401,426,444,803,892,364,557,969,718,678,442,236,568,905,585,447,868,405,815,300,301,39,153,88,386,304,982,628,227,58,696,431,871,886,699,859,138,199,244,360,611,773,231,918,256,167,13,610,456,36,76,776,491,631,490,469,418,50,368,651,2,28,288,409,428,430,973,20,249,808,150,141,253,753,441,697,115,768,714,712,885,833,761,593,933,15,495,306,93,183,424,521,44,73,672,954,786,165,120,392,707,649,638,752,437,448,613,416,919,72,840,449,139,960,96,795,569,265,974,271,92,470,713,511,179,22,394,172,877,548,305,53,146,292,129,807,738,181,241,230,766,874,911,532,40,659,343,248,961,763,746,215,774,584,563,541,564,105,309,896,5,434,866,12,294,562,202,690,624,406,245,375,206,559,814,389,755,754,516,530,940,561,415,861,126,539,851,82,193,636,408,536,887,239,313,344,23,575,118,952,140,62,931,177,259,280,335,320,319,980,737,618,895,882,856,369,826,802,642,189,350,18,378,156,185,273,395,632,622,947,880,567,477,816,317,367,857,775,297,159,285,83,417,992,817,984,823,42,937,251,740,666,580,158,893,494,464,854,620,318,145,544,52,353,845,813,149,135,928,473,983,465,820,864,685,889,204,742,71,372,648,725,311,25,322,497,660,170,450,383,110,334,332,528,107,951,242,506,838,136,967,684,385,977,198,884,818,744,481,478,852,68,975,962,654,727,173,650,867,201,907,801,800,579,647,595,9,152,847,51,112,904,900,515,668,238,393,290,582,832,837,432,229,921,509,460,671,855,987,315,964,91,468,453,235,513,798,484,94,282,109,161,577,782,498,67,986,208,538,216,440,597,968,617,769,843,762,621,188,293,743,101,84,85,791,793,281,420,492,70,767,810,519,842,485,923,102,623,35,186,262,286,396,605,625,340,195,117,387,274,745,466,644,143,425,942,553,583,932,606,920,926,232,609,850,592,29,670,323,941,314,357,656,190,835,590,33,520,98,483,979,243,627,345,260,
value : 416.525 running time : 715.572136
0 80 20
504 75.107 18.2945
581 72.4582 17.3713
295 71.2435 16.9479
24 70.1658 16.5722
721 69.1195 16.2074
959 68.0013 15.8177
103 66.9196 15.4406
176 65.619 17.2869
777 63.8887 19.7433
598 61.9419 22.507
819 59.17 26.442
675 54.8831 32.5277
6 54.7338 32.6207
55 54.5773 32.7181
821 54.4296 32.8101
419 54.2679 32.9108
831 54.1125 33.0075
45 53.9382 33.1161
164 53.7419 33.2383
289 53.5444 33.3613
209 53.3594 33.4764
873 53.1795 33.5884
844 52.9886 33.7074
555 52.8126 33.8169
716 52.6256 33.9334
43 52.4601 34.0364
978 52.2774 34.1502
828 52.1044 34.2579
634 51.9157 34.3754
355 51.7236 34.4951
751 51.5322 34.6142
785 51.3404 34.7336
781 51.1621 34.8447
358 50.9578 34.9719
865 50.7253 35.1167
19 50.505 35.2539
458 50.3014 35.3806
377 50.0946 35.5094
66 49.8616 35.6545
250 49.6502 35.7862
930 49.4465 35.913
681 49.2344 36.045
27 49.0144 36.1821
197 48.7517 36.3456
790 48.504 36.4999
875 48.3043 36.6242
870 48.0841 36.7614
452 47.8414 36.9125
342 47.6239 37.048
472 47.5207 37.1122
848 47.4238 37.1726
906 47.3343 37.2283
594 47.2421 37.2858
217 47.132 37.3543
945 44.6284 38.9141
421 43.2144 39.7951
155 41.507 40.8589
237 39.8133 41.9141
7 39.8133 41.9141
388 39.8133 41.9141
508 39.8133 41.9141
127 39.8133 41.9141
69 39.8133 41.9141
63 39.8133 41.9141
834 39.42 41.7529
687 39.3055 41.7059
512 39.2091 41.6663
180 39.0971 41.6203
522 38.9822 41.5731
276 38.8672 41.5259
194 38.7309 41.47
529 38.5798 41.408
692 38.4643 41.3605
862 38.3493 41.3133
257 38.2244 41.2621
917 38.1051 41.2131
38 37.9804 41.1619
49 37.8665 41.1152
853 37.7397 41.0631
913 37.6187 41.0135
679 37.6187 41.0135
147 37.6187 41.0135
461 37.6187 41.0135
811 37.6093 41.0065
191 37.6014 41.0007
480 37.5941 40.9954
989 37.5868 40.9899
269 37.5791 40.9843
356 37.5716 40.9788
935 37.5635 40.9728
748 37.5555 40.967
210 37.5484 40.9617
543 36.688 40.3286
413 36.6489 40.1334
302 36.6077 39.9273
549 36.5596 39.6876
414 36.5385 39.5821
535 36.5177 39.4784
778 36.4949 39.3644
438 36.4639 39.2098
525 36.4307 39.044
397 36.3865 38.8236
783 36.3126 38.455
619 36.2366 38.0761
706 36.1544 37.6666
566 36.0723 37.2572
11 35.9844 36.8189
612 35.8864 36.3308
876 35.8864 36.3308
869 35.8048 35.2943
664 35.7384 34.4512
278 35.6574 33.4219
586 35.586 32.515
151 35.5174 31.6434
467 35.4189 30.3928
160 35.326 29.2131
822 35.2299 27.9937
486 35.145 26.915
363 34.9478 24.4105
307 34.9203 24.0622
573 34.8895 23.671
111 34.8628 23.3317
64 34.8351 22.9797
704 34.8073 22.6271
26 34.783 22.3184
221 34.7596 22.0214
787 34.7308 21.6552
626 34.6977 21.236
702 34.6665 20.8393
379 34.6396 20.4981
351 34.6047 20.0555
709 34.5803 19.7449
653 34.5529 19.3971
883 34.5261 19.0575
261 34.4999 18.7246
643 34.4705 18.3518
824 34.4445 18.0217
934 34.4137 17.6302
310 34.3707 17.0846
337 34.33 16.5681
407 34.2849 15.995
287 34.2447 15.4853
669 34.2069 15.005
518 34.1717 14.5575
246 30.4033 14.5346
284 27.2578 14.5155
915 24.2783 14.4974
588 19.2551 14.4669
881 16.8913 14.4525
629 15.6407 14.4449
488 14.7033 14.4392
812 13.5044 14.432
254 13.4667 14.6513
673 13.433 14.8469
722 13.4059 15.0037
902 13.226 16.047
258 13.0761 16.9161
661 13.0333 17.164
348 12.9947 17.3878
646 12.9538 17.625
61 12.9102 17.8774
187 12.867 18.1278
8 12.867 18.1278
572 12.8866 18.8676
211 12.9 19.3743
366 12.9158 19.9714
412 12.933 20.6231
741 12.9508 21.2968
963 12.9682 21.9534
362 12.9834 22.5277
674 13.0002 23.1662
682 13.021 23.9518
354 13.0508 25.076
133 13.0508 25.076
439 13.0508 25.076
4 12.9377 25.9439
331 12.8414 26.6832
602 12.7437 27.4335
121 12.6331 28.2824
641 12.537 29.0207
205 12.4264 29.8696
474 12.3926 30.1293
899 12.353 30.4333
898 12.3092 30.7697
402 12.2715 31.0589
836 12.225 31.4156
283 12.1767 31.7861
268 12.1393 32.0734
299 12.0998 32.3759
74 12.0563 32.7096
794 12.0093 33.0704
455 11.9594 33.4528
125 11.8163 34.551
958 11.6731 35.6492
943 11.5603 36.5148
655 11.378 37.9131
985 11.378 37.9131
829 11.378 37.9131
990 11.378 37.9131
700 11.378 37.9131
65 11.378 37.9131
32 11.378 37.9131
330 11.378 37.9131
228 11.378 37.9131
710 11.378 37.9131
86 11.378 37.9131
514 11.3112 38.2382
10 10.9887 39.8056
87 10.6672 41.368
384 10.2761 43.2683
46 9.86844 45.2489
122 9.40894 47.481
863 9.40894 47.481
182 9.40894 47.481
142 9.40894 47.481
157 9.40894 47.481
57 9.40894 47.481
972 9.40894 47.481
771 9.40894 47.481
565 9.40894 47.481
166 9.40894 47.481
925 9.40894 47.481
708 9.40894 47.481
841 9.40894 47.481
489 9.40894 47.481
542 9.40894 47.481
949 9.40894 47.481
336 9.40894 47.481
527 9.40894 47.481
749 9.40894 47.481
616 9.40894 47.481
770 9.40894 47.481
116 9.40894 47.481
534 9.40894 47.481
505 9.40894 47.481
663 9.40894 47.481
849 9.40894 47.481
128 9.40894 47.481
805 9.40894 47.481
123 9.40894 47.481
499 9.40894 47.481
328 9.40894 47.481
422 11.0785 48.7205
352 11.2115 48.8193
312 11.3338 48.91
47 11.4791 49.018
154 11.6266 49.1275
936 11.7754 49.238
100 11.9193 49.3449
373 12.0653 49.4533
677 12.2251 49.572
858 12.3706 49.68
303 12.4995 49.7758
218 12.6353 49.8766
909 12.778 49.9826
956 12.9401 50.1029
463 13.061 50.1927
731 13.1964 50.2933
691 13.364 50.4178
341 13.493 50.5136
148 13.6373 50.6207
908 13.7869 50.7318
652 13.9071 50.8211
214 14.0413 50.9207
222 14.184 51.0267
423 14.3265 51.1325
212 14.4787 51.2456
78 15.4102 51.9373
510 16.6718 52.8741
688 17.2253 53.2851
797 17.38 53.3999
403 17.5522 53.5278
938 17.7257 53.6566
476 17.8851 53.775
698 18.0721 53.9139
496 18.2517 54.0472
37 18.445 54.1907
723 18.7293 54.4018
391 19.1044 54.6804
764 19.4811 54.9601
957 19.9047 55.2746
349 20.208 55.4999
633 20.4521 55.6811
279 20.7054 55.8691
174 20.9949 56.0841
965 21.3512 56.3487
705 21.466 56.434
324 21.582 56.5201
233 21.7012 56.6086
545 21.8231 56.6991
603 21.9423 56.7876
59 22.0503 56.8678
758 22.1508 56.9424
475 22.2711 57.0318
891 23.1734 57.7017
382 23.7535 58.1324
507 24.3069 58.5432
897 24.8601 58.9539
729 25.455 59.3955
903 26.0585 59.8435
901 26.603 60.2477
137 27.1615 60.6623
451 27.6337 61.0129
733 28.1926 61.4277
34 28.7474 61.8396
971 29.4001 62.3242
359 30.0618 62.8154
809 30.6625 63.2613
878 31.2534 63.7
912 31.7795 64.0905
225 32.3768 64.534
779 32.7881 64.8393
493 32.8224 64.8647
735 32.8595 64.8923
370 32.9046 64.9257
720 32.9483 64.9582
471 32.9937 64.9918
533 33.0363 65.0234
89 33.0767 65.0533
308 33.1239 65.0884
54 33.1667 65.1201
756 33.2048 65.1484
839 33.2501 65.182
30 33.2961 65.2161
922 33.3404 65.249
104 33.3873 65.2838
929 33.4317 65.3167
676 33.4837 65.3553
576 33.5261 65.3867
765 33.5686 65.4183
540 33.6132 65.4514
390 33.6261 65.4609
21 33.6413 65.4721
410 33.6561 65.4831
732 33.6708 65.4941
662 33.686 65.5053
134 33.701 65.5165
523 33.7151 65.5269
56 33.7286 65.5369
264 33.7428 65.5475
80 33.758 65.5587
404 33.7725 65.5694
683 33.7868 65.5801
804 33.8014 65.5909
715 33.8168 65.6023
894 33.8329 65.6142
558 33.8468 65.6246
459 33.7751 65.7292
976 33.7002 65.8383
365 33.6353 65.933
144 33.5669 66.0328
599 33.2297 66.3359
910 32.9071 66.6258
226 32.5445 66.9518
124 32.1978 67.2634
270 31.9185 67.5144
872 31.6411 67.7638
60 31.3923 67.9875
614 31.2229 68.1397
16 30.7785 68.3886
501 30.4395 68.5784
220 30.0555 68.7934
604 29.7951 68.9392
724 29.5486 69.0773
571 29.2479 69.2456
596 28.9525 69.411
578 28.5608 69.6304
574 28.5319 69.6466
950 28.5006 69.6641
333 28.4726 69.6799
658 28.4456 69.695
788 28.4215 69.7085
587 28.3932 69.7244
946 28.3654 69.74
175 28.3425 69.7528
806 28.3145 69.7685
223 28.283 69.7754
730 28.2522 69.7821
252 28.2231 69.7884
689 28.1911 69.7954
454 28.1579 69.8026
537 28.1253 69.8097
846 28.0958 69.8161
789 28.0677 69.8223
171 28.0431 69.8276
163 28.0125 69.8343
327 27.754 69.8906
296 27.528 69.9399
443 27.3788 69.9571
526 27.2524 69.9718
635 27.1301 69.9859
591 27.0227 69.9983
291 26.9104 70.0113
640 26.7009 70.0355
645 26.4935 70.0595
79 26.2655 70.0859
267 26.0586 70.1098
41 25.1648 70.2131
266 24.4049 70.301
482 23.6239 70.3912
275 23.082 70.4539
600 22.5275 70.518
99 21.9597 70.5836
329 21.3648 70.6524
338 20.7541 70.7229
927 20.3969 70.7642
608 19.9905 70.8112
757 19.5742 70.8593
726 18.8981 70.9375
550 18.231 71.0147
3 17.4727 71.1023
48 16.818 71.178
132 16.3417 70.6608
376 15.8972 70.178
361 15.5586 69.8103
255 15.1682 69.3862
479 15.08 69.2904
701 14.977 69.1786
184 14.8703 69.0627
607 14.7351 68.916
272 14.7351 68.916
427 14.7351 68.916
162 14.7351 68.916
717 14.7351 68.916
981 14.7351 68.916
552 14.4961 68.9712
888 14.2291 69.0327
517 13.9325 69.1011
196 13.7249 69.1489
703 13.4973 69.2014
411 13.2816 69.2512
760 13.0371 69.3076
772 12.8264 69.3562
168 12.5925 69.4101
924 12.3541 69.4651
970 12.0811 69.528
686 11.7965 69.5936
694 11.5404 69.6527
77 11.3235 69.7027
400 11.1284 69.7477
97 10.9112 69.7978
531 10.684 69.8502
589 10.684 69.8502
347 10.684 69.8502
224 10.6824 69.8885
234 10.6811 69.9196
219 10.6796 69.9543
890 10.678 69.9921
948 10.6768 70.0223
114 10.6755 70.0521
799 10.6741 70.0858
131 10.6728 70.1175
14 10.6713 70.1527
524 10.67 70.184
630 10.6686 70.2188
326 10.667 70.2555
500 10.6656 70.2887
130 10.6643 70.3199
119 10.6628 70.3564
374 10.6612 70.3955
321 10.6597 70.4309
207 10.6583 70.4627
667 10.657 70.4939
277 10.6557 70.5249
665 10.6544 70.5565
747 10.6532 70.5864
398 10.6518 70.6188
601 10.6505 70.6511
784 10.6476 70.7188
502 10.6445 70.7941
457 10.6413 70.8687
503 10.6386 70.9334
371 10.636 70.9962
381 10.6331 71.0639
734 10.6303 71.1308
657 10.6274 71.2016
445 10.6246 71.2685
825 10.6218 71.3342
81 10.6193 71.3945
192 10.6166 71.4581
739 10.6138 71.5261
113 10.6107 71.5999
429 10.6078 71.6685
966 10.6052 71.7315
939 10.6024 71.7972
879 10.5575 72.8539
639 10.5072 74.0368
680 10.4599 75.1477
736 10.3991 76.5762
955 10.3806 77.0123
860 10.3633 77.4183
991 10.3449 77.8499
551 10.326 78.2966
90 10.3066 78.7506
796 10.2895 79.1541
346 10.2712 79.5846
487 10.2516 80.0442
554 10.2324 80.4958
556 10.2135 80.9386
830 10.1932 81.417
298 10.1733 81.8853
316 10.1469 82.505
728 10.1252 83.0147
339 10.1014 83.5748
433 10.0712 84.2835
203 10.0374 85.079
75 10.0023 85.9032
200 9.96019 86.8924
695 9.93351 87.5196
435 9.9031 88.234
560 9.90168 88.2672
780 9.89987 88.3094
750 9.89771 88.3596
31 9.89626 88.3936
399 9.89457 88.4329
178 9.89297 88.4702
615 9.89117 88.5121
95 9.88916 88.5593
1 9.88727 88.6035
792 9.88556 88.6432
263 9.88367 88.6872
106 9.88172 88.7326
759 9.88011 88.7704
914 9.87807 88.818
711 9.87604 88.8657
827 9.87423 88.9079
108 9.87269 88.944
953 9.87094 88.9848
247 9.86921 89.0255
446 9.86742 89.0677
17 9.86558 89.1109
462 9.86377 89.1535
916 9.86218 89.1904
693 9.8605 89.2294
637 9.85881 89.2688
436 9.85714 89.3077
547 9.85521 89.3525
380 9.85306 89.4028
988 9.85134 89.4428
325 9.85134 89.4428
719 9.85134 89.4428
944 9.85134 89.4428
169 9.88501 89.4425
240 9.91799 89.4422
213 9.94994 89.4419
546 10.0189 89.4414
570 10.0848 89.4408
401 10.151 89.4403
426 10.2195 89.4398
444 10.2897 89.4392
803 10.3584 89.4387
892 10.4296 89.4381
364 10.4974 89.4376
557 10.5689 89.437
969 10.6308 89.4365
718 10.7006 89.4359
678 10.7691 89.4354
442 10.8477 89.4348
236 10.9157 89.4342
568 10.9813 89.4337
905 11.0451 89.4332
585 11.1086 89.4327
447 11.1805 89.4321
868 11.2487 89.4316
405 11.3232 89.431
815 11.3978 89.4304
300 11.4636 89.4299
301 11.8245 89.4269
39 12.1748 89.424
153 12.6025 89.4205
88 13.0809 89.4166
386 13.4605 89.4135
304 13.8369 89.4104
982 14.229 89.4072
628 14.64 89.4039
227 15.1415 89.3998
58 15.5989 89.3961
696 16.0323 89.3925
431 16.3872 89.3896
871 16.7314 89.3868
886 17.0655 89.384
699 17.3831 89.3814
859 17.7611 89.3784
138 18.0527 89.376
199 18.4005 89.3731
244 19.57 89.3636
360 20.7361 89.3541
611 21.9498 89.3443
773 22.2659 89.3418
231 22.5553 89.3394
918 22.7523 89.3378
256 22.9472 89.3362
167 23.0088 89.3357
13 23.0658 89.3352
610 23.1398 89.3346
456 23.2089 89.3341
36 23.2832 89.3335
76 23.3539 89.3329
776 23.4171 89.3324
491 23.4926 89.3317
631 23.5699 89.3311
490 23.6366 89.3305
469 23.7026 89.33
418 23.7773 89.3294
50 23.8466 89.3288
368 23.9199 89.3282
651 23.9969 89.3276
2 24.0794 89.3269
28 24.1444 89.3264
288 24.2089 89.3258
409 24.2808 89.3252
428 24.3531 89.3246
430 24.4168 89.3241
973 24.4787 89.3236
20 24.5701 89.3229
249 24.6462 89.3222
808 24.7386 89.3215
150 24.8189 89.3208
141 24.8954 89.3202
253 24.9649 89.3196
753 25.0293 89.3191
441 25.1042 89.3185
697 25.1795 89.3179
115 25.2491 89.3173
768 25.3297 89.3166
714 25.407 89.316
712 25.4823 89.3154
885 25.5662 89.3147
833 25.6455 89.314
761 25.7264 89.3134
593 25.8 89.3128
933 25.8733 89.3122
15 25.9497 89.3116
495 26.0985 89.3103
306 26.2812 89.3089
93 26.4311 89.3076
183 27.0209 89.3028
424 27.6457 89.2977
521 28.2707 89.2926
44 29.1654 89.2853
73 30.1871 89.2769
672 31.181 89.2688
954 32.1377 89.261
786 33.4235 89.2505
165 34.9391 89.2381
120 35.0875 89.2369
392 35.2605 89.2355
707 35.4318 89.2341
649 35.6028 89.2327
638 35.7625 89.2314
752 35.9359 89.23
437 36.1184 89.2285
448 36.2868 89.2271
613 36.4558 89.2258
416 36.6326 89.2243
919 36.7939 89.223
72 36.9701 89.2216
840 37.1517 89.2201
449 37.32 89.2187
139 37.4739 89.2175
960 37.6298 89.2162
96 38.0384 89.2129
795 38.504 89.2091
569 39.0058 89.2051
265 39.4605 89.2014
974 39.9168 89.1977
271 40.3818 89.194
92 40.9009 89.1898
470 41.5146 89.1848
713 42.2619 89.1788
511 42.9179 89.1735
179 43.1157 89.1719
22 43.2718 89.1707
394 43.4548 89.1692
172 43.6452 89.1677
877 43.8464 89.1661
548 44.0554 89.1644
305 44.286 89.1625
53 44.4787 89.161
146 44.6747 89.1594
292 44.8908 89.1577
129 45.1194 89.1559
807 45.3449 89.1541
738 45.5534 89.1524
181 45.8911 89.1497
241 46.2814 89.1466
230 46.6952 89.1433
766 47.2195 89.1391
874 48.0084 89.1328
911 50.1767 89.1154
532 50.1918 89.0555
40 50.2091 88.9873
659 50.2245 88.9263
343 50.2388 88.8698
248 50.2542 88.8092
961 50.2666 88.7601
763 50.2815 88.7014
746 50.2972 88.6393
215 50.3139 88.5733
774 50.3139 88.5733
584 50.3139 88.5733
563 50.3139 88.5733
541 50.3139 88.5733
564 50.3139 88.5733
105 50.3139 88.5733
309 50.3139 88.5733
896 50.3139 88.5733
5 50.3139 88.5733
434 50.3139 88.5733
866 50.3139 88.5733
12 50.3139 88.5733
294 50.3139 88.5733
562 50.3139 88.5733
202 50.3139 88.5733
690 50.3139 88.5733
624 50.3139 88.5733
406 50.3139 88.5733
245 50.3139 88.5733
375 50.3139 88.5733
206 50.3139 88.5733
559 50.3139 88.5733
814 50.3139 88.5733
389 50.3139 88.5733
755 50.3139 88.5733
754 50.3139 88.5733
516 50.3139 88.5733
530 50.3139 88.5733
940 50.3139 88.5733
561 50.3139 88.5733
415 50.3139 88.5733
861 50.3139 88.5733
126 50.3139 88.5733
539 50.3139 88.5733
851 50.3139 88.5733
82 50.3139 88.5733
193 50.3139 88.5733
636 50.3139 88.5733
408 50.3139 88.5733
536 50.3139 88.5733
887 50.3139 88.5733
239 50.3139 88.5733
313 50.3139 88.5733
344 50.3139 88.5733
23 50.3992 88.4848
575 50.4817 88.399
118 50.5774 88.2997
952 50.6717 88.2019
140 50.7619 88.1083
62 50.8619 88.0045
931 50.9557 87.9071
177 50.9557 87.9071
259 50.9557 87.9071
280 50.9557 87.9071
335 50.9557 87.9071
320 50.9557 87.9071
319 50.9557 87.9071
980 50.9557 87.9071
737 50.9557 87.9071
618 50.9557 87.9071
895 50.9557 87.9071
882 50.9557 87.9071
856 50.9374 87.8915
369 50.1642 87.234
826 49.3057 86.504
802 48.5781 85.8853
642 47.9376 85.3407
189 47.2507 84.7567
350 47.6853 84.7945
18 53.5781 85.3055
378 53.8813 85.3319
156 54.1283 85.3533
185 54.5375 85.3889
273 54.593 85.3938
395 54.593 85.3938
632 54.593 85.3938
622 55.0062 85.4509
947 55.0611 85.4585
880 55.1232 85.467
567 55.1922 85.4766
477 55.2556 85.4854
816 55.3136 85.4934
317 55.3725 85.5015
367 55.4293 85.5094
857 55.4869 85.5173
775 62.6819 86.5109
297 64.2703 86.7299
159 66.0139 86.9704
285 66.5898 87.0498
83 67.172 87.1301
417 67.7292 87.2069
992 68.1534 87.2655
817 68.6656 87.3361
984 69.1997 87.4097
823 69.838 87.4977
42 70.4505 87.5822
937 71.1328 87.6763
251 71.8278 87.7721
740 72.5718 87.8747
666 72.8927 87.9189
580 73.2293 87.9654
158 73.3574 87.983
893 73.498 88.0024
494 73.6191 88.0191
464 73.7288 88.0343
854 73.878 88.0549
620 74.0141 88.0737
318 74.2199 88.1021
145 74.4175 88.1293
544 74.6263 88.1582
52 74.8409 88.1878
353 75.0976 88.2232
845 75.3421 88.257
813 75.6121 88.2943
149 75.8815 88.3315
135 78.1023 88.6379
928 79.9508 88.893
473 80.0394 88.6106
983 80.1161 88.366
465 80.3564 87.5993
820 80.5852 86.8697
864 80.9861 85.5911
685 81.338 84.4689
889 81.3462 84.353
204 81.3559 84.216
742 81.3642 84.0995
71 81.3729 83.9763
372 86.4738 79.4744
648 86.4738 79.4744
725 86.4738 79.4744
311 86.4738 79.4744
25 86.4738 79.4744
322 86.4738 79.4744
497 86.3153 65.0634
660 86.3153 65.0634
170 85.8711 64.5838
450 85.5209 64.2058
383 84.9636 63.6041
110 84.4446 63.0438
334 84.3282 62.9181
332 84.2309 62.8131
528 84.1232 62.6968
107 84.0006 62.5645
951 83.8655 62.4186
242 83.6601 62.5002
506 83.4619 62.5788
838 83.2642 62.6573
136 83.066 62.7359
967 82.8172 62.8347
684 82.6023 62.9199
385 82.3692 63.0125
977 82.1765 63.0889
198 81.9759 63.1685
884 81.7562 63.2557
818 70.5644 67.6954
744 68.7708 68.22
481 67.1438 68.6958
478 66.9592 68.6996
852 66.7887 68.7031
68 66.588 68.7072
975 66.4154 68.7107
962 66.2181 68.7148
654 66.014 68.719
727 65.8117 68.7231
173 65.6096 68.7273
650 65.4256 68.7311
867 65.2396 68.7349
201 65.0482 68.7388
907 63.7846 68.7651
801 62.5655 68.7903
800 62.5655 68.7903
579 62.5655 68.7903
647 62.4408 68.7556
595 62.3289 68.7245
9 62.218 68.6937
152 62.1204 68.6665
847 61.9988 68.6327
51 61.8863 68.6014
112 61.7547 68.5648
904 61.6485 68.5353
900 61.5375 68.5044
515 61.3716 68.4583
668 61.2287 68.4185
238 61.0915 68.3804
393 60.961 68.3441
290 60.8319 68.3082
582 60.6758 68.2648
832 60.5447 68.2284
837 60.4189 68.1934
432 59.9623 68.0664
229 59.5635 67.9556
921 59.1179 67.8317
509 58.9441 67.7834
460 58.7514 67.7298
671 58.5427 67.6718
855 58.3219 67.6105
987 58.144 67.5611
315 57.948 67.5066
964 57.744 67.4499
91 57.5375 67.3925
468 57.3412 67.338
453 57.1374 67.2813
235 56.9355 67.2253
513 56.7468 67.1728
798 56.7396 67.0037
484 56.7339 66.8687
94 56.7275 66.7186
282 56.7198 66.5357
109 56.7132 66.3797
161 56.7056 66.2008
577 56.6986 66.0372
782 56.6931 65.9058
498 56.6447 64.7678
67 56.6329 64.4903
986 56.6207 64.204
208 56.6054 63.8432
538 56.5885 63.4453
216 56.5744 63.1144
440 56.56 62.7758
597 56.5447 62.4154
968 56.5447 62.4154
617 56.5447 62.4154
769 56.5447 62.4154
843 56.824 58.9388
762 56.824 58.9388
621 56.824 58.9388
188 56.8776 58.8972
293 56.9283 58.8577
743 56.9753 58.8212
101 57.0278 58.7803
84 57.0787 58.7407
85 57.1336 58.6981
791 57.1832 58.6595
793 57.2369 58.6178
281 57.2895 58.5769
420 57.9759 58.0427
492 57.9759 58.0427
70 57.9759 58.0427
767 57.9759 58.0427
810 57.9759 58.0427
519 57.9759 58.0427
842 57.9759 58.0427
485 57.9759 58.0427
923 57.9759 58.0427
102 57.9759 58.0427
623 57.9759 58.0427
35 57.9759 58.0427
186 57.9759 58.0427
262 57.9759 58.0427
286 57.9759 58.0427
396 57.9759 58.0427
605 57.9759 58.0427
625 57.9759 58.0427
340 57.9759 58.0427
195 67.6354 49.3847
117 68.9352 48.2195
387 70.6123 46.7161
274 70.6202 46.7028
745 70.634 46.6798
466 70.6465 46.6589
644 70.6581 46.6396
143 70.6712 46.6176
425 70.6848 46.5949
942 70.697 46.5744
553 70.7119 46.5496
583 70.7262 46.5257
932 70.7415 46.5001
606 70.7548 46.4779
920 70.7694 46.4535
926 70.7825 46.4315
232 70.7977 46.4061
609 70.8124 46.3815
850 70.8251 46.3603
592 70.8406 46.3344
29 70.8545 46.3112
670 70.8675 46.2894
323 70.8806 46.2676
941 70.8923 46.2479
314 70.9059 46.2253
357 70.9191 46.2032
656 70.9317 46.1822
190 71.1745 45.7764
835 76.0288 37.6642
590 78.6608 33.2661
33 79.998 31.0316
520 81.2612 28.9209
98 83.3202 25.4803
483 86.1524 17.4825
979 86.0563 17.5218
243 85.9615 17.5606
627 85.8602 17.6021
345 85.7571 17.6442
260 85.6598 17.6841
