0,979,243,260,483,627,345,98,590,33,520,835,274,842,920,425,195,387,941,102,553,583,767,644,850,670,232,323,70,926,143,609,932,117,745,314,592,357,942,29,466,606,656,791,440,519,810,478,293,188,84,798,964,485,743,793,190,923,262,186,623,85,396,281,498,468,101,597,621,216,91,577,802,515,668,907,393,647,35,582,921,112,9,987,632,94,453,857,282,161,968,235,513,538,625,432,484,782,315,847,617,855,769,208,986,109,832,286,671,509,460,605,818,18,654,727,975,290,962,837,201,110,173,238,68,867,650,762,340,420,383,152,900,67,595,579,51,904,951,967,528,977,497,385,334,684,107,242,838,506,884,136,852,170,198,332,450,204,311,25,685,473,660,648,725,372,417,889,740,928,864,135,322,820,285,159,983,580,353,465,742,494,893,149,71,83,481,845,464,273,984,823,931,854,620,177,317,817,813,158,318,145,544,185,666,622,52,992,744,297,477,378,251,42,937,775,229,395,800,320,206,539,763,511,259,801,980,563,62,896,245,179,12,415,826,737,193,369,895,280,248,940,140,575,23,887,642,947,434,690,754,816,856,567,636,536,344,911,961,624,532,5,874,437,713,561,406,367,882,746,40,851,313,659,618,774,239,105,880,165,375,516,541,118,866,202,584,335,814,559,861,755,156,952,530,562,126,408,82,294,954,564,470,72,807,53,292,309,343,241,613,416,449,752,181,319,139,215,548,840,265,271,230,146,707,392,738,766,129,448,394,172,569,22,389,305,877,974,231,649,167,13,96,672,253,753,441,697,115,768,885,833,761,593,933,15,495,306,183,776,712,120,76,36,786,456,610,424,960,611,20,150,795,919,92,631,521,773,491,418,918,757,256,859,41,695,249,44,699,696,227,808,973,430,428,409,28,2,651,50,368,431,469,714,871,886,638,73,141,490,39,263,792,1,718,678,442,236,568,905,200,447,868,435,750,711,108,288,304,247,446,719,953,988,360,244,199,969,31,628,399,153,301,300,88,58,380,386,462,17,316,240,982,213,815,560,93,615,914,759,95,585,106,178,547,436,780,169,955,405,827,138,550,736,557,364,892,803,444,426,401,570,325,916,546,693,551,203,830,991,90,944,75,554,860,48,637,347,589,196,234,760,772,168,924,601,517,3,97,398,747,970,686,694,346,556,361,376,132,298,728,665,277,667,207,321,374,119,130,500,326,630,524,14,131,799,114,948,879,639,680,939,796,966,717,429,113,739,192,81,825,445,657,734,531,381,371,503,457,502,224,784,487,255,701,219,77,890,162,400,427,272,607,703,184,433,479,451,275,600,99,329,338,927,608,482,339,726,34,733,640,16,501,599,308,79,552,888,267,189,596,578,266,604,724,571,614,574,950,333,658,788,587,946,175,806,223,730,252,689,454,537,846,789,171,163,327,443,526,635,296,910,226,124,270,872,60,411,591,220,715,350,459,976,291,144,912,645,54,894,839,30,922,104,929,676,576,765,540,390,21,410,732,662,134,523,56,264,80,404,683,804,365,558,971,359,809,878,756,225,779,493,735,370,720,471,533,688,510,603,981,891,965,89,382,507,897,729,903,901,137,957,764,723,475,59,422,391,705,324,233,545,633,349,37,797,403,938,476,698,496,174,279,908,384,46,78,758,352,312,47,154,936,100,373,677,858,303,218,909,956,463,731,691,341,148,128,652,214,222,423,212,805,863,182,142,157,57,972,771,565,166,925,708,841,489,542,949,336,527,749,616,770,116,534,505,663,849,122,328,123,499,86,655,125,958,943,514,985,829,990,700,65,32,330,228,710,87,10,612,486,794,455,836,283,268,299,74,898,354,474,205,439,899,133,221,4,331,402,121,641,362,588,881,629,488,722,254,673,187,902,258,661,348,646,61,682,8,572,211,366,412,812,741,963,674,915,310,337,407,287,669,284,246,518,824,934,787,626,702,379,351,709,653,883,261,643,822,704,363,573,64,26,111,307,602,679,508,529,467,876,935,160,388,7,278,151,869,811,549,237,461,302,525,397,11,913,438,269,543,535,69,191,706,38,834,945,452,342,472,147,414,989,862,687,356,127,512,197,210,480,664,586,413,748,566,619,783,257,421,522,917,155,853,180,194,778,49,692,276,870,848,843,492,875,790,63,906,594,217,873,164,289,209,675,844,555,716,43,978,828,634,355,751,785,781,358,865,19,458,377,66,250,930,681,27,45,6,55,821,419,831,959,176,777,598,819,504,581,295,24,721,103,
value : 406.453 running time : 840.600475
0 80 20
979 83.9923 18.3668
243 85.4586 17.767
260 86.0468 17.5264
483 86.1529 17.483
627 85.7605 18.5912
345 85.0136 20.7005
98 83.3239 25.4725
590 81.5588 28.4114
33 80.2948 30.516
520 78.9589 32.7403
835 77.0955 35.8429
274 75.0282 39.2852
842 72.4836 43.5225
920 71.9439 44.4209
425 71.4531 45.238
195 70.9813 46.0233
387 70.4265 46.9469
941 70.2685 47.1033
102 70.1321 47.2382
553 70.0127 47.3563
583 69.8885 47.4792
767 69.7659 47.6005
644 69.6603 47.705
850 69.5573 47.8068
670 69.46 47.9031
232 69.3558 48.0062
323 69.2457 48.115
70 69.1218 48.2376
926 69.0139 48.3443
143 68.9111 48.4461
609 68.8134 48.5426
932 68.698 48.6569
117 68.5701 48.7834
745 68.4621 48.8902
314 68.2139 49.1358
592 67.962 49.385
357 67.6139 49.7296
942 67.2781 50.0619
29 66.9936 50.3434
466 66.5667 50.7659
606 64.7194 52.5962
656 62.9281 54.3715
791 61.5827 55.7053
440 61.1586 56.125
519 60.8659 56.4147
810 60.5688 56.7087
478 60.296 56.9786
293 60.0061 57.2654
188 59.7107 57.5578
84 59.4105 57.8549
798 59.1515 58.1112
964 58.947 58.3135
485 58.7544 58.5041
743 58.5259 58.7302
793 58.3526 58.9016
190 58.1844 59.0681
923 57.9777 59.2725
262 57.7953 59.453
186 57.5997 59.6466
623 57.4092 59.835
85 57.1927 60.0492
396 56.9658 60.2738
281 56.7034 60.5335
498 56.6263 60.6097
468 56.5513 60.6839
101 56.4741 60.7603
597 56.3961 60.8375
621 56.319 60.9137
216 56.5797 63.0879
91 56.8381 65.2422
577 56.9887 66.4965
802 57.1949 68.2153
515 57.2062 68.2155
668 57.2164 68.2157
907 57.226 68.2159
393 57.235 68.2161
647 57.2431 68.2162
35 57.2504 68.2164
582 57.2574 68.2165
921 57.265 68.2167
112 57.274 68.2169
9 57.2828 68.217
987 57.2914 68.2172
632 57.299 68.2174
94 57.3072 68.2175
453 57.3156 68.2177
857 57.3244 68.2179
282 57.3334 68.218
161 57.3424 68.2182
968 57.3514 68.2184
235 57.3602 68.2186
513 57.3705 68.2188
538 57.3808 68.219
625 57.389 68.2192
432 57.3967 68.2193
484 57.4042 68.2195
782 57.6211 68.2239
315 57.8541 68.2286
847 58.0824 68.2332
617 58.2941 68.2375
855 58.5135 68.2419
769 58.7586 68.2469
208 59.0108 68.252
986 59.2567 68.257
109 59.5647 68.2632
832 59.8885 68.2698
286 60.2087 68.2763
671 61.6849 68.3068
509 63.4193 68.3427
460 65.2255 68.3801
605 67.3145 68.4235
818 68.8184 68.4555
18 68.8184 68.4555
654 68.8733 68.434
727 68.9275 68.4127
975 68.9842 68.3905
290 69.0329 68.3714
962 69.0843 68.3513
837 69.1353 68.3313
201 69.1879 68.3107
110 69.2319 68.2934
173 69.2718 68.2778
238 69.3167 68.2602
68 69.3672 68.2404
867 69.4177 68.2206
650 69.4663 68.2016
762 69.5118 68.1837
340 69.9435 68.0145
420 70.4499 67.8161
383 70.9147 67.6339
152 71.2912 67.4863
900 71.6584 67.3424
67 72.0153 67.2024
595 72.4194 67.0441
579 72.8741 66.8658
51 73.3261 66.6887
904 74.0347 66.4109
951 84.0974 62.4688
967 84.0974 62.4688
528 84.51 62.7921
977 84.84 63.0506
497 85.1833 63.3197
385 85.1854 63.3494
334 85.1872 63.3731
684 85.1889 63.3976
107 85.1906 63.4216
242 85.1926 63.4486
838 85.1946 63.4767
506 85.1969 63.5088
884 85.199 63.5386
136 85.2015 63.5731
852 85.2343 64.0294
170 85.2631 64.4304
198 85.3077 65.0514
332 85.5706 68.7103
450 85.7738 71.5383
204 85.9484 73.9677
311 86.108 76.1888
25 86.2692 78.4326
685 86.2947 78.7882
473 86.3139 79.0545
660 86.327 79.2376
648 86.342 79.4466
725 86.3577 79.6648
372 86.3709 79.8482
417 84.4485 82.8051
889 83.2914 84.585
740 82.2214 86.2308
928 80.8145 88.3948
864 80.451 88.3837
135 80.1459 88.3745
322 79.9018 88.367
820 79.6275 88.3587
285 79.3401 88.3499
159 79.129 88.3435
983 78.929 88.3375
580 76.3271 88.2581
353 75.8249 88.2428
465 75.3751 88.2292
742 74.993 88.2176
494 74.5897 88.2053
893 74.1653 88.1924
149 73.6402 88.1765
71 73.2636 88.165
83 72.9039 88.1541
481 72.5594 88.1436
845 72.2346 88.1338
464 71.9127 88.124
273 71.6381 88.1156
984 71.3916 88.1082
823 71.2018 88.1024
931 71.0033 88.0964
854 70.8561 88.0919
620 70.6859 88.0867
177 70.5189 88.0816
317 70.3704 88.0771
817 70.2462 88.0734
813 70.1283 88.0698
158 69.9995 88.0659
318 69.8651 88.0618
145 69.7284 88.0576
544 69.5918 88.0535
185 69.4535 88.0493
666 69.3482 88.0461
622 69.2281 88.0424
52 69.1086 88.0388
992 68.9915 88.0353
744 68.8883 88.0321
297 68.0706 88.0631
477 67.3104 88.0919
378 66.6239 88.1178
251 66.0411 88.1399
42 65.3601 88.1656
937 64.7247 88.1897
775 63.9405 88.2193
229 60.91 88.3346
395 58.9401 88.4094
800 56.2291 88.5125
320 55.111 88.5904
206 53.4649 88.7055
539 53.198 88.7239
763 53.002 88.7374
511 52.8377 88.7486
259 52.6801 88.7594
801 52.5133 88.7709
980 52.2239 88.7908
563 51.9302 88.811
62 51.8856 88.8141
896 51.8403 88.8172
245 51.7924 88.8205
179 51.7452 88.8237
12 51.6999 88.8268
415 51.6513 88.8301
826 51.6022 88.8335
737 51.5593 88.8364
193 51.5075 88.84
369 51.4645 88.8429
895 51.416 88.8463
280 51.3709 88.8493
248 51.3229 88.8526
940 51.2811 88.8555
140 51.2403 88.8583
575 51.2005 88.861
23 51.1576 88.8639
887 51.1107 88.8672
642 51.0615 88.8705
947 51.0186 88.8735
434 50.9773 88.8763
690 50.9339 88.8793
754 50.8893 88.8823
816 50.8458 88.8853
856 50.8004 88.8884
567 50.7513 88.8918
636 50.689 88.896
536 50.6367 88.8996
344 50.5886 88.9029
911 50.5365 88.9065
961 50.243 88.9268
624 49.9662 88.9459
532 49.6737 88.9661
5 49.3818 88.9862
874 49.1213 89.0042
437 49.1213 89.0042
713 49.1213 89.0042
561 49.1213 89.0042
406 49.1213 89.0042
367 49.1213 89.0042
882 49.1213 89.0042
746 49.1213 89.0042
40 49.1213 89.0042
851 49.1213 89.0042
313 49.1213 89.0042
659 49.1213 89.0042
618 49.1213 89.0042
774 49.1213 89.0042
239 49.1213 89.0042
105 49.1213 89.0042
880 49.1213 89.0042
165 49.1213 89.0042
375 49.1213 89.0042
516 49.1213 89.0042
541 49.1213 89.0042
118 49.1213 89.0042
866 49.1213 89.0042
202 49.1213 89.0042
584 49.1213 89.0042
335 48.5674 88.9894
814 47.8128 88.9691
559 47.0852 88.9496
861 46.4364 88.9322
755 45.7241 88.9132
156 45.0272 88.8945
952 44.3344 88.876
530 43.4885 88.8533
562 42.6041 88.8295
126 41.6943 88.8051
408 39.7167 88.7513
82 37.7883 88.6983
294 36.3253 88.6577
954 35.9752 88.6479
564 35.9752 88.6479
470 35.9386 88.6496
72 35.9035 88.6512
807 35.8686 88.6528
53 35.8341 88.6543
292 35.7968 88.656
309 35.7629 88.6575
343 35.728 88.6591
241 35.6877 88.661
613 35.6508 88.6626
416 35.6151 88.6642
449 35.5793 88.6659
752 35.5412 88.6676
181 35.5055 88.6692
319 35.4696 88.6708
139 35.4257 88.6728
215 35.3845 88.6747
548 35.342 88.6766
840 35.3005 88.6785
265 35.2603 88.6803
271 35.2165 88.6823
230 35.1756 88.6841
146 35.1346 88.686
707 35.0936 88.6879
392 35.0532 88.6897
738 35.0145 88.6914
766 34.9754 88.6932
129 34.9319 88.6952
448 34.8866 88.6972
394 34.8415 88.6993
172 34.7962 88.7013
569 34.7527 88.7033
22 34.7065 88.7054
389 34.6628 88.7074
305 34.6119 88.7097
877 34.0285 88.7361
974 33.4277 88.7633
231 32.3457 88.8123
649 31.2328 88.8627
167 29.0971 88.9595
13 27.0353 89.053
96 26.9459 89.057
672 26.8498 89.0614
253 26.7455 89.0661
753 26.6349 89.0711
441 26.5388 89.0755
697 26.448 89.0796
115 26.3548 89.0838
768 26.2746 89.0875
885 26.1936 89.0911
833 26.1107 89.0949
761 26.0308 89.0985
593 25.9459 89.1024
933 25.8624 89.1061
15 25.7834 89.1097
495 25.7687 89.1104
306 25.7557 89.111
183 25.7407 89.1117
776 25.7261 89.1123
712 25.7141 89.1129
120 25.7034 89.1134
76 25.6909 89.1139
36 25.6781 89.1145
786 25.6656 89.1151
456 25.6515 89.1157
610 25.639 89.1163
424 25.6264 89.1169
960 25.6147 89.1174
611 25.5247 89.1215
20 25.4377 89.1255
150 25.3525 89.1294
795 25.2649 89.1335
919 25.172 89.1377
92 25.0649 89.1427
631 24.9464 89.1481
521 24.8343 89.1532
773 24.7387 89.1576
491 24.6233 89.1629
418 24.5277 89.1673
918 24.4326 89.1717
757 24.3281 89.1765
256 24.2271 89.1811
859 24.0968 89.1871
41 23.9741 89.1927
695 23.842 89.1988
249 23.7223 89.2043
44 23.6056 89.2097
699 23.482 89.2153
696 23.4012 89.219
227 23.3115 89.2232
808 23.2343 89.2267
973 23.1314 89.2314
430 23.0541 89.235
428 22.9762 89.2386
409 22.8862 89.2427
28 22.8004 89.2466
2 22.716 89.2505
651 22.5495 89.2581
50 22.3939 89.2653
368 22.2445 89.2722
431 22.0971 89.2789
469 21.9489 89.2857
714 21.8055 89.2923
871 21.6631 89.2989
886 21.5303 89.3049
638 21.4044 89.3107
73 21.1756 89.3212
141 20.925 89.3327
490 18.5912 89.4398
39 13.6606 89.6655
263 13.3796 89.6784
792 13.1616 89.6884
1 12.9986 89.6959
718 12.8318 89.7035
678 12.6711 89.7109
442 12.5349 89.7172
236 12.3824 89.7242
568 12.2267 89.7313
905 12.0719 89.7384
200 11.9273 89.7451
447 11.7812 89.7518
868 11.6384 89.7583
435 11.5165 89.7639
750 11.3998 89.7693
711 11.278 89.7749
108 11.1615 89.7802
288 11.0546 89.7851
304 10.9121 89.7917
247 10.7756 89.7979
446 10.6368 89.8043
719 10.4952 89.8108
953 10.3614 89.817
988 10.2401 89.8225
360 10.2406 89.8156
244 10.241 89.8094
199 10.2414 89.8042
969 10.2418 89.7984
31 10.2422 89.7919
628 10.2426 89.7862
399 10.243 89.7805
153 10.2434 89.7751
301 10.2438 89.7696
300 10.2442 89.7636
88 10.2446 89.758
58 10.2449 89.753
380 10.2452 89.7485
386 10.2456 89.7427
462 10.246 89.737
17 10.2464 89.7307
316 10.2469 89.7244
240 10.2473 89.7182
982 10.2476 89.7128
213 10.248 89.7075
815 10.2634 89.4779
560 10.2786 89.2501
93 10.2902 89.0763
615 10.3023 88.8962
914 10.3127 88.7408
759 10.3241 88.5694
95 10.3342 88.4185
585 10.3442 88.2689
106 10.3556 88.0986
178 10.3691 87.8966
547 10.3805 87.7265
436 10.3924 87.5496
780 10.4036 87.3818
169 10.4141 87.2251
955 10.4244 87.07
405 10.4338 86.9305
827 10.4444 86.7712
138 10.6427 83.8191
550 10.966 79.0262
736 10.9652 78.9993
557 10.9643 78.9713
364 10.9634 78.942
892 10.9624 78.9098
803 10.9615 78.8797
444 10.9604 78.8421
426 10.9592 78.8051
401 10.9581 78.7694
570 10.9569 78.7304
325 10.9558 78.6931
916 10.9547 78.6565
546 10.9535 78.6192
693 10.9524 78.5827
551 10.9495 78.4871
203 10.9469 78.4029
830 10.9443 78.3159
991 10.9416 78.2284
90 10.9391 78.1469
944 10.9365 78.0622
75 10.9338 77.975
554 10.9311 77.8845
860 10.9282 77.7923
48 10.9256 77.7054
637 10.9227 77.6113
347 10.684 69.8502
589 10.684 69.8502
196 10.684 69.8502
234 10.684 69.8502
760 10.684 69.8502
772 10.684 69.8502
168 10.684 69.8502
924 10.684 69.8502
601 10.684 69.8502
517 10.684 69.8502
3 10.684 69.8502
97 10.684 69.8502
398 10.684 69.8502
747 10.684 69.8502
970 10.684 69.8502
686 10.684 69.8502
694 10.684 69.8502
346 10.684 69.8502
556 10.684 69.8502
361 10.684 69.8502
376 10.684 69.8502
132 10.684 69.8502
298 10.684 69.8502
728 10.684 69.8502
665 10.684 69.8502
277 10.684 69.8502
667 10.684 69.8502
207 10.684 69.8502
321 10.684 69.8502
374 10.684 69.8502
119 10.684 69.8502
130 10.684 69.8502
500 10.684 69.8502
326 10.684 69.8502
630 10.684 69.8502
524 10.684 69.8502
14 10.684 69.8502
131 10.684 69.8502
799 10.684 69.8502
114 10.684 69.8502
948 10.684 69.8502
879 10.684 69.8502
639 10.684 69.8502
680 10.684 69.8502
939 10.684 69.8502
796 10.684 69.8502
966 10.684 69.8502
717 10.684 69.8502
429 10.684 69.8502
113 10.684 69.8502
739 10.684 69.8502
192 10.684 69.8502
81 10.684 69.8502
825 10.684 69.8502
445 10.684 69.8502
657 10.684 69.8502
734 10.684 69.8502
531 10.684 69.8502
381 10.7192 69.8507
371 10.7591 69.8512
503 10.8028 69.8518
457 10.8425 69.8523
502 10.8837 69.8529
224 10.9192 69.8533
784 10.9645 69.8539
487 11.01 69.8545
255 11.047 69.855
701 11.0924 69.8556
219 11.1284 69.8561
77 11.1648 69.8566
890 11.207 69.8572
162 11.4467 69.8603
400 11.6656 69.8632
427 11.8675 69.8659
272 12.0937 69.8689
607 12.3001 69.8716
703 12.5589 69.8751
184 12.8171 69.8785
433 13.0251 69.8812
479 14.7539 69.9052
451 16.3924 69.9278
275 17.0246 69.9363
600 17.6108 69.9442
99 18.1503 69.9514
329 18.6392 69.9579
338 19.1261 69.9644
927 19.837 69.974
608 20.4701 69.9825
482 21.0277 69.99
339 21.7241 69.9993
726 22.4642 70.0093
34 23.2474 70.0199
733 24.0669 70.031
640 24.8513 70.0416
16 25.3695 70.0486
501 25.8736 70.0553
599 26.3553 70.0617
308 26.849 70.0684
79 27.2512 70.0737
552 27.7293 70.08
888 28.2907 70.0876
267 28.9237 70.0961
189 29.5842 70.105
596 29.5842 70.105
578 29.5842 70.105
266 29.5939 70.0953
604 29.6037 70.0853
724 29.614 70.0747
571 29.6233 70.0653
614 29.6321 70.0564
574 29.6407 70.0476
950 29.6491 70.0391
333 29.6582 70.0299
658 29.6685 70.0194
788 29.6805 70.0072
587 29.6898 69.9978
946 29.6985 69.9889
175 29.7096 69.9777
806 29.7175 69.9696
223 29.7268 69.9602
730 29.7367 69.9501
252 29.7468 69.9399
689 29.7564 69.9301
454 29.7658 69.9206
537 29.7756 69.9106
846 29.7865 69.8995
789 29.7967 69.8891
171 29.8086 69.8771
163 29.8184 69.8671
327 29.8263 69.8591
443 29.8343 69.851
526 29.8442 69.8409
635 29.8541 69.8309
296 29.8644 69.8204
910 29.947 69.7365
226 30.0122 69.6703
124 30.0755 69.6059
270 30.1442 69.5361
872 30.2102 69.469
60 30.2792 69.399
411 30.3552 69.3217
591 30.5799 69.0935
220 30.7935 68.8766
715 31.7799 67.8765
350 33.0683 66.5696
459 33.1487 66.4879
976 33.2194 66.4161
291 33.296 66.3383
144 33.3693 66.2639
912 33.3893 66.2354
645 33.4077 66.2091
54 33.4269 66.1818
894 33.4449 66.1561
839 33.4614 66.1325
30 33.4778 66.1092
922 33.4936 66.0866
104 33.5089 66.0649
929 33.5247 66.0424
676 33.54 66.0205
576 33.5567 65.9967
765 33.572 65.9749
540 33.5865 65.9543
390 33.6026 65.9313
21 33.6203 65.9061
410 33.6396 65.8786
732 33.6568 65.8541
662 33.6712 65.8336
134 33.6897 65.8072
523 33.7075 65.7818
56 33.7249 65.7571
264 33.7431 65.7311
80 33.7583 65.7094
404 33.7747 65.686
683 33.7928 65.6602
804 33.8097 65.6362
365 33.8251 65.6143
558 33.8413 65.5912
971 33.6906 65.4804
359 33.5712 65.3926
809 33.4546 65.3069
878 33.3323 65.2169
756 33.2051 65.1234
225 33.1046 65.0495
779 32.9804 64.9581
493 32.7763 64.808
735 32.5815 64.6647
370 32.434 64.5563
720 32.2798 64.443
471 32.1393 64.3396
533 31.0162 63.5128
688 29.8076 62.6225
510 29.1299 62.1239
603 28.5267 61.68
981 27.9928 61.2871
891 27.5449 60.9577
965 27.0861 60.6202
89 26.5892 60.2546
382 26.0724 59.8743
507 25.5529 59.4921
897 25.0428 59.1168
729 24.5555 58.7584
903 24.065 58.3975
901 23.5011 57.9826
137 22.908 57.5462
957 21.7962 56.7276
764 20.5387 55.8013
723 19.1213 54.7575
475 19.0607 54.7129
59 19.0053 54.6722
422 18.9447 54.6277
391 18.8845 54.5834
705 18.8279 54.5418
324 18.7687 54.4983
233 18.7089 54.4543
545 18.6484 54.4099
633 18.5841 54.3626
349 18.5223 54.3172
37 18.1661 54.0551
797 17.5852 53.7139
403 17.0225 53.3835
938 16.4447 53.0442
476 15.8536 52.6971
698 15.3105 52.3782
496 14.7612 52.0556
174 14.213 51.7338
279 13.6627 51.4107
908 13.0971 51.0785
384 12.3862 50.6608
46 12.0647 50.4721
78 12.0439 50.4599
758 12.0215 50.4468
352 11.9956 50.4316
312 11.9678 50.4153
47 11.9456 50.4022
154 11.9241 50.3896
936 11.903 50.3772
100 11.8813 50.3645
373 11.8601 50.3521
677 11.8406 50.3406
858 11.8195 50.3282
303 11.7951 50.314
218 11.7721 50.3004
909 11.7508 50.288
956 11.7317 50.2768
463 11.7053 50.2613
731 11.6817 50.2475
691 11.6619 50.2358
341 11.6359 50.2205
148 11.612 50.2065
128 11.5847 50.1905
652 11.563 50.1778
214 11.5414 50.1651
222 11.5204 50.1528
423 11.4989 50.1402
212 11.4763 50.127
805 11.4566 50.1154
863 11.435 50.1027
182 11.417 50.0922
142 11.3971 50.0805
157 11.3713 50.0653
57 11.3513 50.0536
972 11.3326 50.0427
771 11.312 50.0305
565 11.2902 50.0178
166 11.2647 50.0028
925 11.242 49.9895
708 11.2193 49.9762
841 11.1986 49.964
489 11.1772 49.9515
542 11.1574 49.9399
949 11.1371 49.928
336 11.1143 49.9146
527 11.0873 49.8988
749 11.0635 49.8848
616 11.041 49.8716
770 11.0173 49.8577
116 10.9937 49.8438
534 10.9743 49.8324
505 10.9527 49.8198
663 10.9302 49.8066
849 10.903 49.7906
122 10.8781 49.776
328 11.8879 41.9105
123 11.9511 41.418
499 12.0175 40.9006
86 12.7749 34.9992
655 12.7749 34.9992
125 12.7946 34.9321
958 12.813 34.8695
943 12.8338 34.7987
514 12.8511 34.7398
985 12.8676 34.6833
829 12.8843 34.6267
990 12.8992 34.5757
700 12.9158 34.5192
65 12.9329 34.4611
32 12.9486 34.4076
330 12.9639 34.3554
228 13.0347 34.1141
710 13.1184 33.8291
87 13.1876 33.5933
10 13.2587 33.3511
612 13.3376 33.0822
486 13.4144 32.8205
794 13.1285 32.0813
455 12.9944 31.7351
836 12.9035 31.5003
283 12.8073 31.2519
268 12.7026 30.9815
299 12.5943 30.7017
74 12.4965 30.4491
898 12.4112 30.2288
354 13.4562 28.329
474 13.5939 28.079
205 13.7186 27.8526
439 14.3355 26.7315
899 14.4024 26.61
133 14.4649 26.4966
221 14.5383 26.3635
4 14.4336 25.7774
331 14.3317 25.2071
402 14.2426 24.7078
121 14.1595 24.243
641 13.8526 22.5246
362 13.4683 20.3728
588 13.1998 18.869
881 12.9552 17.4993
629 12.8508 16.9149
488 12.769 16.4569
722 12.7216 16.1914
254 12.7216 16.1914
673 12.7216 16.1914
187 12.7216 16.1914
902 12.7216 16.1914
258 12.7216 16.1914
661 12.7328 16.1264
348 12.7452 16.0548
646 12.7567 15.9885
61 12.7679 15.9239
682 12.7793 15.8582
8 12.7906 15.7931
572 12.7995 15.7415
211 12.8395 15.511
366 12.8759 15.301
412 12.9116 15.095
812 12.9508 14.8684
741 12.9508 14.8684
963 12.9508 14.8684
674 15.6786 14.8407
915 24.2764 14.752
310 29.0157 14.7035
337 30.1337 14.6922
407 30.7898 14.6856
287 31.3862 14.6796
669 31.8741 14.6747
284 32.3997 14.6695
246 33.2152 14.6613
518 34.2729 14.6506
824 34.5283 17.64
934 34.5718 18.1478
787 34.6043 18.5269
626 34.6283 18.8074
702 34.6528 19.0925
379 34.6784 19.3922
351 34.6991 19.6331
709 34.7273 19.9625
653 34.7522 20.2523
883 34.7786 20.5604
261 34.8053 20.873
643 34.8289 21.1482
822 34.8617 21.5311
704 34.891 21.8729
363 34.9232 22.2481
573 34.9647 22.7332
64 35.0126 23.2925
26 35.0642 23.895
111 35.1188 24.5315
307 35.1788 25.2332
602 35.2444 25.9987
679 36.3326 33.7706
508 36.7667 36.8722
529 36.7849 37.0021
467 36.8037 37.1363
876 36.8277 37.3081
935 36.8423 37.4124
160 36.8572 37.5188
388 36.8749 37.6454
7 36.8907 37.7583
278 36.9058 37.866
151 36.9232 37.9908
869 36.9397 38.1084
811 36.9586 38.2436
549 36.9777 38.3804
237 37.4435 41.7055
461 37.4435 41.7055
302 37.4435 41.7055
525 37.4435 41.7055
397 37.4435 41.7055
11 37.4435 41.7055
913 37.4435 41.7055
438 37.4435 41.7055
269 37.4435 41.7055
543 37.4435 41.7055
535 37.514 41.7116
69 37.6021 41.719
191 37.7524 41.732
706 37.9065 41.7452
38 38.0611 41.7585
834 38.2102 41.7712
945 38.3794 41.7856
452 38.3794 41.7856
342 38.3794 41.7856
472 38.3794 41.7856
147 38.3794 41.7856
414 38.3794 41.7856
989 38.3794 41.7856
862 38.3794 41.7856
687 38.3794 41.7856
356 38.3794 41.7856
127 38.3794 41.7856
512 38.4836 41.7297
197 38.5867 41.6744
210 38.6657 41.632
480 38.7533 41.585
664 38.8356 41.5408
586 38.9384 41.4857
413 39.0136 41.4453
748 39.108 41.3947
566 39.2169 41.3363
619 39.3158 41.2832
783 39.4336 41.22
257 39.5664 41.1488
421 39.6806 41.0875
522 39.7725 41.0382
917 39.8819 40.9795
155 39.9904 40.9213
853 40.0981 40.8635
180 40.193 40.8126
194 40.3007 40.7548
778 40.4036 40.6996
49 40.812 40.4805
692 41.4861 40.1188
276 42.1687 39.7526
870 42.7914 39.4184
848 43.213 39.1922
843 43.6529 38.9562
492 44.2875 38.5901
875 45.9395 37.6369
790 46.7932 37.1445
63 47.8991 36.5064
906 49.0312 35.8533
594 50.2441 35.1535
217 51.1512 34.6302
873 51.9376 34.1766
164 52.6605 33.7597
289 53.3489 33.3626
209 54.1516 32.8996
675 55.0248 32.396
844 55.0615 32.3437
555 55.1033 32.284
716 55.1383 32.2342
43 55.1785 32.1769
978 55.2208 32.1166
828 55.3243 31.969
634 55.4188 31.8344
355 55.516 31.6958
751 55.615 31.5547
785 55.7126 31.4156
781 55.8106 31.2759
358 55.9017 31.1461
865 55.9944 31.014
19 56.0868 30.8822
458 56.1859 30.741
377 56.2895 30.5933
66 56.3926 30.4463
250 56.6039 30.1451
930 56.827 29.8272
681 57.1141 29.4182
27 57.4315 28.9659
45 57.7632 28.4931
6 58.3004 27.7277
55 58.814 26.9959
821 59.3855 26.1817
419 60.025 25.2706
831 60.873 24.0626
959 61.8432 22.6806
176 62.8523 21.2432
777 63.2852 20.6265
598 63.6804 20.0633
819 64.0748 19.5012
504 64.5296 18.8532
581 64.9741 18.2198
295 65.4288 17.5719
24 65.9414 16.8416
721 66.5322 15.9999
103 66.9263 15.4384
