0,627,483,243,979,345,260,103,721,504,24,176,777,581,6,821,295,164,819,55,377,27,828,751,831,959,781,45,598,978,419,358,19,421,790,289,634,250,681,257,191,555,452,935,467,586,209,873,785,844,197,865,906,63,355,848,458,276,66,472,989,480,716,930,870,875,594,155,512,43,217,262,492,519,843,293,471,194,912,533,342,69,945,676,566,522,687,356,922,809,862,210,876,706,237,7,783,147,438,49,619,180,461,748,664,612,525,633,663,65,486,787,38,692,853,508,535,388,811,679,414,529,917,915,151,829,278,549,834,307,337,704,626,26,822,518,246,669,379,261,284,934,310,64,363,883,573,407,653,111,287,899,474,602,702,254,643,902,709,160,121,824,869,221,439,351,741,61,187,682,211,661,812,299,963,455,412,366,646,362,258,641,674,572,588,8,331,629,881,722,402,348,488,87,268,74,354,943,710,794,958,283,898,514,673,985,133,86,4,836,328,123,312,770,330,46,222,212,373,534,731,499,476,505,78,142,228,100,949,157,908,863,154,909,616,700,422,858,463,205,384,10,475,32,125,423,174,279,11,397,723,303,981,688,758,913,691,990,496,148,841,324,403,302,603,507,739,735,897,797,37,771,938,543,391,655,849,352,936,698,182,47,527,57,542,749,972,760,336,652,764,116,128,482,214,122,708,166,427,233,341,489,218,677,376,531,131,747,879,799,925,805,565,196,347,219,589,371,970,272,338,734,939,34,956,703,234,772,119,77,162,398,784,966,14,381,601,132,81,130,329,114,796,298,630,429,556,890,717,411,220,726,600,950,400,321,886,339,719,639,694,517,445,780,503,686,346,277,457,97,502,560,948,443,95,892,916,31,551,955,657,665,667,207,374,255,3,168,184,554,991,240,607,224,93,693,718,75,244,628,546,433,982,988,728,905,860,830,247,435,868,200,803,304,585,568,401,203,405,615,944,759,48,637,300,447,90,815,213,750,547,446,557,316,108,364,399,570,169,444,827,711,386,106,199,792,953,39,380,325,153,678,969,263,736,914,301,1,436,426,178,479,578,833,76,753,431,696,761,695,808,550,115,776,933,918,521,712,871,88,138,610,17,462,768,36,15,150,491,456,167,253,368,651,441,593,227,20,430,631,611,714,409,236,418,442,249,973,699,44,360,495,183,13,872,608,333,50,490,859,428,786,256,96,2,649,271,885,296,288,470,124,448,795,230,146,638,141,613,120,231,73,672,72,28,306,707,392,960,752,974,5,172,840,866,877,437,416,22,265,449,569,874,239,367,559,952,774,139,434,53,309,105,539,129,763,713,181,961,882,980,541,548,241,389,394,305,375,738,766,206,259,92,270,614,919,82,248,807,80,689,189,806,223,16,773,41,976,58,99,424,697,60,524,487,825,326,500,888,526,469,662,266,946,757,954,680,701,658,361,113,79,59,901,382,839,729,454,552,971,924,574,903,635,591,599,349,846,705,390,640,451,192,267,545,413,756,929,965,587,733,89,137,510,957,370,576,459,732,269,778,127,365,720,404,804,104,291,30,493,891,252,163,878,501,724,56,596,645,927,571,21,715,359,604,327,789,788,275,308,730,537,765,523,175,621,910,235,779,292,350,432,540,226,826,216,484,855,134,513,144,225,769,921,782,171,986,632,755,895,562,968,617,802,894,54,558,410,683,440,315,857,280,281,597,923,101,625,582,264,112,743,468,515,453,91,798,109,498,282,35,188,791,84,942,767,987,286,396,85,762,208,964,186,647,623,577,793,238,650,161,18,297,290,595,937,727,481,904,51,509,671,832,460,317,465,837,900,962,71,847,579,668,867,861,800,654,744,94,931,801,9,369,395,126,561,746,814,319,320,575,530,313,40,940,12,335,193,642,62,179,406,245,816,563,215,564,229,880,887,140,636,659,294,165,202,177,156,624,532,516,343,618,415,23,378,145,911,851,754,408,690,896,947,536,511,984,584,544,52,737,477,817,42,185,118,856,344,992,620,464,273,845,567,622,823,928,813,158,353,854,149,666,318,580,285,251,159,135,820,473,983,893,494,372,648,725,685,889,25,204,660,322,311,450,742,740,83,332,417,818,528,385,775,864,538,907,393,68,383,975,605,485,478,810,173,117,420,152,852,340,67,850,920,553,425,583,941,497,198,387,884,506,951,107,170,195,684,977,838,201,242,136,932,110,232,592,926,357,609,323,314,143,656,670,190,70,842,967,334,102,606,675,644,835,29,466,33,745,274,520,98,590,
value : 496.28 running time : 84.040622
0 80 20
627 84.3401 15.2891
483 84.3401 15.2891
243 84.1377 15.2854
979 83.8911 15.2809
345 83.658 15.2766
260 80.7542 15.2236
103 68.098 14.9925
721 67.4706 15.7069
504 66.5149 16.7951
24 65.6936 17.7304
176 64.9832 18.5394
777 63.9971 19.6624
581 62.9373 20.8692
6 61.7385 22.2343
821 60.901 23.1881
295 60.3434 23.823
164 59.6303 24.6351
819 59.1858 25.1413
55 58.6587 25.7415
377 58.1938 26.271
27 57.9973 26.4947
828 57.8146 26.7027
751 57.6428 26.8984
831 57.4903 27.072
959 57.329 27.2558
781 57.1398 27.4712
45 56.9604 27.6755
598 56.9004 27.7439
978 52.1044 33.2052
419 51.8943 33.4444
358 51.5647 33.8197
19 51.2108 34.2227
421 50.8668 34.6144
790 50.541 34.9855
289 50.3197 35.2375
634 50.0594 35.5339
250 49.789 35.8419
681 49.4996 36.1715
257 49.1942 36.5192
191 48.9195 36.832
555 48.9203 36.8404
452 48.921 36.8492
935 48.9217 36.8572
467 48.9224 36.865
586 48.9386 37.052
209 48.9562 37.2537
873 48.9748 37.4677
785 49.0077 37.8473
844 49.0437 38.2618
197 49.0767 38.6412
865 49.1083 39.0052
906 49.1475 39.4563
63 49.1836 39.873
355 49.2165 40.2508
848 49.252 40.6604
458 49.2848 41.0378
276 49.3198 41.4411
66 49.3525 41.8168
472 49.3861 42.2035
989 49.4158 42.5457
480 49.4456 42.8886
716 49.4843 43.334
930 49.5239 43.7897
870 49.5671 44.2873
875 49.611 44.7926
594 49.6531 45.2776
155 49.6971 45.784
512 49.7432 46.3157
43 49.7878 46.8286
217 49.8444 47.4812
262 49.9073 48.2054
492 49.9655 48.8754
519 50.0249 49.5604
843 50.0798 50.1926
293 50.1382 50.8649
471 47.3592 51.4481
194 45.799 51.7755
912 44.3904 52.071
533 44.3904 52.071
342 44.3904 52.071
69 44.3904 52.071
945 44.3904 52.071
676 44.3904 52.071
566 42.3896 50.5564
522 41.2344 49.6819
687 40.0865 48.813
356 39.8051 48.6
922 39.5357 48.396
809 39.2405 48.1726
862 38.8035 47.8418
210 38.3984 47.5352
876 37.9101 47.1655
706 37.4511 46.8181
237 37.0607 46.5225
7 36.5849 46.1624
783 36.1812 45.8568
147 35.799 45.5675
438 35.3764 45.2476
49 35.0848 45.0269
619 34.7638 44.7838
180 34.4672 44.5593
461 34.1104 44.2893
748 33.2663 43.6503
664 32.5028 43.0724
612 31.845 42.5744
525 31.5293 42.3355
633 31.1956 42.0828
663 28.9063 40.1363
65 29.0768 39.5107
486 29.2262 38.9621
787 29.3538 38.4939
38 29.4255 38.2307
692 29.5092 37.9237
853 29.5901 37.6268
508 29.655 37.3885
535 29.7362 37.0907
388 29.8338 36.7324
811 29.9389 36.3466
679 30.043 35.9646
414 30.1469 35.5832
529 30.2664 35.1446
917 30.3809 34.7245
915 30.6901 33.5896
151 30.9028 32.8088
829 31.1737 31.8147
278 31.5153 30.5606
549 31.8581 29.3025
834 32.3856 27.3662
307 32.9488 25.2986
337 33.5435 23.1153
704 33.9848 21.4954
626 34.3133 20.2898
26 34.6687 18.9853
822 35.0265 17.672
518 35.5703 15.6757
246 35.2513 15.9119
669 35.0017 16.0967
379 34.7493 16.2836
261 34.5693 16.4168
284 34.3843 16.5538
934 34.2427 16.6587
310 34.0642 16.7909
64 33.8674 16.9366
363 33.6962 17.0633
883 33.5102 17.201
573 33.3309 17.3338
407 33.1449 17.4715
653 32.9398 17.6234
111 32.3024 18.0953
287 31.6851 18.5522
899 30.4734 19.4493
474 30.0294 19.778
602 30.0294 19.778
702 30.0294 19.778
254 30.0294 19.778
643 30.0294 19.778
902 30.0294 19.778
709 30.0293 19.778
160 30.0293 19.778
121 27.4308 21.0815
824 27.2328 21.1808
869 27.0294 21.2829
221 26.7061 21.1468
439 26.3691 21.0049
351 26.0397 20.8662
741 17.2331 17.1595
61 13.1428 15.4377
187 12.5182 15.1748
682 12.5182 15.1748
211 12.5182 15.1748
661 12.5182 15.1748
812 12.5181 15.1748
299 12.5283 15.4838
963 12.5317 15.5869
455 12.5346 15.6755
412 12.5372 15.7536
366 12.5398 15.8332
646 12.5426 15.9168
362 12.5456 16.0077
258 12.5487 16.1023
641 12.5496 16.1309
674 12.5504 16.1566
572 12.5514 16.1856
588 12.5522 16.209
8 12.553 16.233
331 12.5539 16.2613
629 12.5547 16.285
881 12.5555 16.3115
722 12.5565 16.3411
402 12.5635 16.5521
348 12.5696 16.7385
488 12.5758 16.9288
87 12.8226 24.414
268 12.8471 25.1602
74 12.87 25.8535
354 12.8925 26.5392
943 12.7878 27.3674
710 12.691 28.1333
794 12.5897 28.9349
958 12.4794 29.8083
283 12.4266 30.2258
898 12.3843 30.561
514 12.3522 31.0618
673 12.3205 31.5569
985 12.2812 32.1718
133 12.2452 32.7339
86 12.2065 33.3388
4 12.1631 34.0167
836 12.0597 35.6341
328 11.8721 38.5711
123 11.851 38.9012
312 11.8308 39.2172
770 11.8119 39.5122
330 11.7931 39.8051
46 11.7749 40.0904
222 11.7562 40.3821
212 11.7391 40.6495
373 11.7214 40.9253
534 11.7057 41.171
731 11.6909 41.4027
499 11.6758 41.6383
476 11.6614 41.8635
505 11.6457 42.1083
78 11.6324 42.3172
142 11.6175 42.5498
228 11.6154 42.5822
100 11.6131 42.6176
949 11.6111 42.6486
157 11.609 42.6817
908 13.1091 43.4035
863 13.5123 43.5975
154 13.9962 43.8303
909 14.4931 44.0694
616 15.033 44.3291
700 15.6146 44.6089
422 16.2578 44.9184
858 16.2578 44.9184
463 16.2578 44.9184
205 16.2578 44.9184
384 16.3539 45.111
10 16.4674 45.3383
475 16.5998 45.6036
32 16.714 45.8325
125 16.8381 46.0811
423 16.9953 46.396
174 17.1731 46.7524
279 17.3384 47.0836
11 17.4803 47.3679
397 17.6276 47.663
723 17.7731 47.9545
303 17.9229 48.2548
981 18.0866 48.5827
688 18.1988 48.8076
758 18.2802 48.9706
913 18.368 49.1465
691 18.4452 49.3012
990 18.5127 49.4366
496 18.6062 49.6239
148 18.7003 49.8125
841 18.804 50.0201
324 18.9253 50.2633
403 19.028 50.4691
302 19.1413 50.696
603 19.2443 50.9024
507 18.1546 52.073
739 17.2353 53.0607
735 17.2055 52.9509
897 17.1743 52.8358
797 17.1353 52.6919
37 17.1006 52.5642
771 17.0738 52.4652
938 17.0486 52.3726
543 17.0211 52.2711
391 16.9962 52.1792
655 16.9709 52.0862
849 12.5332 53.4185
352 12.4492 53.4437
936 12.3638 53.4694
698 12.2831 53.4936
182 12.1909 53.5213
47 12.0905 53.5514
527 12.0005 53.5785
57 11.9205 53.6025
542 11.8426 53.6259
749 11.7595 53.6508
972 11.6824 53.674
760 11.5993 53.6989
336 11.5225 53.722
652 11.4373 53.7476
764 11.3544 53.7725
116 11.2564 53.8019
128 11.1933 53.8209
482 11.0753 55.8627
214 11.0441 56.4008
122 11.0117 56.9619
708 10.9739 57.6148
166 10.9331 58.3217
427 10.8884 59.0945
233 10.8871 59.1163
341 10.8858 59.1396
489 10.8843 59.1658
218 10.8826 59.1941
677 10.881 59.2222
376 10.8793 59.2516
531 10.8777 59.2786
131 10.8762 59.3053
747 10.8746 59.3319
879 10.8731 59.3592
799 10.8716 59.3843
925 10.8703 59.4066
805 10.869 59.4293
565 10.8675 59.4549
196 10.8659 59.4822
347 10.8643 59.5101
219 10.8628 59.5366
589 10.8614 59.5612
371 10.8598 59.5884
970 10.8584 59.613
272 10.8569 59.6378
338 10.8555 59.6626
734 10.8541 59.686
939 10.8529 59.7081
34 10.8517 59.7275
956 10.8254 60.1845
703 10.7913 60.777
234 10.7575 61.3634
772 10.7233 61.9557
119 10.6884 62.5603
77 10.6572 63.103
162 10.6267 63.6308
398 10.6003 64.0906
784 10.5755 64.5207
966 10.5491 64.9779
14 10.5267 65.367
381 10.5053 65.7391
601 10.4863 66.0682
132 10.4657 66.4271
81 10.4447 66.7909
130 10.4236 67.1577
329 10.4019 67.5346
114 10.3775 67.9571
796 10.3509 68.4184
298 10.3293 68.7932
630 10.31 69.1289
429 10.2891 69.4923
556 10.2689 69.8428
890 10.2502 70.167
717 10.2372 70.3937
411 10.2233 70.6344
220 10.2071 70.9149
726 10.1918 71.1822
600 10.1775 71.4295
950 10.1035 72.1645
400 10.0326 72.8694
321 9.95777 73.6121
886 9.88704 74.3147
339 9.84388 74.7434
719 9.80363 75.1434
639 9.79847 75.1947
694 9.79306 75.2485
517 9.78732 75.3056
445 9.78092 75.3692
780 9.77419 75.436
503 9.76835 75.4941
686 9.76224 75.5549
346 9.75584 75.6184
277 9.74977 75.6788
457 9.74306 75.7454
97 9.73696 75.8061
502 9.7302 75.8733
560 9.72282 75.9466
948 9.71621 76.0122
443 9.70873 76.0865
95 9.7009 76.1644
892 9.69444 76.2286
916 9.68823 76.2903
31 9.68326 76.3397
551 9.67838 76.3881
955 9.6734 76.4377
657 9.66883 76.4831
665 9.66412 76.53
667 9.65892 76.5816
207 9.6534 76.6365
374 9.64789 76.6913
255 9.64285 76.7413
3 9.63577 76.8118
168 9.58467 77.3193
184 9.53531 77.8096
554 9.49052 78.2546
991 9.44781 78.6791
240 9.40301 79.1242
607 9.3625 79.5268
224 9.2869 80.2777
93 9.17906 81.3486
693 9.08956 82.2374
718 9.02198 82.9088
75 8.96111 83.5136
244 8.89606 84.16
628 8.82438 84.8721
546 8.75535 85.5579
433 8.68109 86.2957
982 8.5766 87.3333
988 8.47562 88.3362
728 8.79218 88.1779
905 8.79776 88.1755
860 8.80337 88.1732
830 8.80337 88.1732
247 8.80337 88.1732
435 8.80337 88.1732
868 8.80337 88.1732
200 8.80337 88.1732
803 8.80337 88.1732
304 8.80337 88.1732
585 8.80337 88.1732
568 8.80338 88.1732
401 8.80338 88.1732
203 8.80338 88.1732
405 8.80338 88.1732
615 8.80338 88.1732
944 8.80338 88.1732
759 8.80338 88.1732
48 8.80338 88.1732
637 8.80338 88.1732
300 8.80339 88.1732
447 8.80339 88.1732
90 8.80339 88.1732
815 8.80339 88.1732
213 8.80339 88.1732
750 9.95386 88.0562
547 10.017 88.046
446 10.0879 88.0347
557 10.1565 88.0236
316 10.2192 88.0135
108 10.2802 88.0037
364 10.3438 87.9935
399 10.4104 87.9828
570 10.4695 87.9733
169 10.5322 87.9632
444 10.597 87.9528
827 10.6603 87.9426
711 10.7302 87.9314
386 10.8005 87.9201
106 10.8633 87.91
199 10.9313 87.8991
792 10.9977 87.8884
953 11.0667 87.8773
39 11.1391 87.8657
380 11.218 87.853
325 11.3478 87.8321
153 11.4672 87.8129
678 11.5888 87.7934
969 11.7213 87.7721
263 11.8621 87.7494
736 12.0144 87.7249
914 12.1703 87.6999
301 12.3339 87.6736
1 12.5022 87.6465
436 12.6665 87.6201
426 12.8342 87.5932
178 13.0455 87.5592
479 16.5665 86.9933
578 17.3762 87.4169
833 18.0736 87.7818
76 18.6829 88.1006
753 19.1747 88.3579
431 19.6326 88.5975
696 20.1804 88.8841
761 20.6516 89.1307
695 21.0571 89.3428
808 21.5346 89.5927
550 21.5376 89.5943
115 21.541 89.596
776 21.5446 89.5979
933 21.5482 89.5998
918 21.5521 89.6018
521 21.5554 89.6036
712 21.5585 89.6052
871 21.5618 89.6069
88 21.5648 89.6085
138 21.5683 89.6103
610 21.5725 89.6125
17 21.576 89.6144
462 21.5799 89.6164
768 21.5841 89.6185
36 21.5878 89.6205
15 21.5914 89.6224
150 21.5953 89.6244
491 21.5988 89.6262
456 21.6022 89.628
167 21.6056 89.6298
253 21.6092 89.6317
368 21.6125 89.6335
651 21.6161 89.6353
441 21.6198 89.6372
593 21.6234 89.6391
227 21.627 89.641
20 21.6309 89.6431
430 21.6309 89.6431
631 21.6309 89.6431
611 21.6309 89.6431
714 21.6309 89.6431
409 21.6309 89.6431
236 21.6309 89.6431
418 21.8719 89.6456
442 22.102 89.6481
249 22.3574 89.6508
973 22.6141 89.6535
699 22.9047 89.6566
44 23.4525 89.6624
360 23.9525 89.6677
495 24.5317 89.6738
183 25.3379 89.6823
13 26.1926 89.6913
872 28.2942 89.7133
608 28.2942 89.7133
333 28.2942 89.7133
50 28.4893 89.7244
490 28.7092 89.7369
859 28.9326 89.7496
428 29.169 89.7631
786 29.4014 89.7763
256 29.6305 89.7893
96 29.8423 89.8014
2 30.0572 89.8136
649 30.2702 89.8257
271 30.3109 89.828
885 30.3504 89.8303
296 30.3947 89.8328
288 30.4375 89.8352
470 30.4882 89.8381
124 30.5352 89.8408
448 30.8033 89.8615
795 31.0562 89.8811
230 31.31 89.9008
146 31.5563 89.9199
638 31.7974 89.9385
141 32.0363 89.957
613 32.2733 89.9754
120 32.5064 89.9934
231 32.7447 90.0119
73 32.9782 90.0299
672 33.2178 90.0485
72 33.4569 90.067
28 33.6877 90.0849
306 33.9415 90.1045
707 34.5966 90.1554
392 35.2609 90.207
960 35.9315 90.2591
752 36.6418 90.3142
974 37.3553 90.3696
5 38.065 90.4248
172 38.4471 90.4544
840 38.8321 90.4842
866 39.2172 90.5141
877 39.5872 90.5428
437 39.9629 90.5719
416 40.3387 90.601
22 40.714 90.6301
265 41.0983 90.6599
449 41.4966 90.6908
569 41.8944 90.7216
874 42.2983 90.753
239 42.6958 90.7838
367 43.0873 90.8142
559 43.3168 90.8319
952 43.5523 90.8502
774 43.7612 90.8664
139 43.9544 90.8813
434 44.3043 90.9084
53 44.3043 90.9082
309 44.3042 90.908
105 44.3042 90.9078
539 44.3042 90.9075
129 44.3042 90.9073
763 44.3042 90.9072
713 44.3042 90.907
181 44.3042 90.9068
961 44.3042 90.9066
882 44.3042 90.9064
980 44.3041 90.9062
541 44.3041 90.9061
548 44.3041 90.9059
241 44.3041 90.9057
389 44.3041 90.9056
394 44.3041 90.9054
305 44.3041 90.9053
375 44.3041 90.9051
738 44.3041 90.905
766 44.3041 90.9048
206 44.3041 90.9046
259 44.304 90.9044
92 42.4288 89.2284
270 39.8932 86.9619
614 38.9249 86.0961
919 38.1196 85.3761
82 37.3587 84.6956
248 36.5396 83.9633
807 35.2849 82.8416
80 33.9525 81.6504
689 33.4332 81.186
189 32.9437 80.7482
806 32.442 80.2996
223 31.9348 79.8461
16 31.4324 79.3967
773 30.9506 78.9659
41 30.4376 78.5071
976 29.9297 78.0529
58 28.8476 77.0855
99 28.3234 76.5295
424 27.9087 76.0896
697 27.1267 75.2602
60 26.3038 74.3874
524 25.1835 73.199
487 25.1835 73.199
825 25.1835 73.199
326 25.1835 73.199
500 25.1835 73.199
888 25.1835 73.199
526 25.1835 73.199
469 25.1835 73.199
662 25.1388 72.8554
266 25.0884 72.4672
946 25.0408 72.101
757 24.9927 71.7305
954 24.9276 71.2296
680 24.8432 70.5796
701 24.78 70.0934
658 24.7166 69.6052
361 24.6414 69.0264
113 24.5601 68.4008
79 24.4686 67.696
59 24.395 67.1296
901 24.3498 66.782
382 24.3067 66.45
839 24.2662 66.1381
729 24.2662 66.1381
454 24.2662 66.1381
552 24.2414 66.0966
971 24.2181 66.0577
924 24.195 66.019
574 24.1733 65.9826
903 24.1493 65.9425
635 24.1261 65.9037
591 24.1028 65.8646
599 24.0755 65.8189
349 24.0494 65.7753
846 24.0235 65.732
705 23.9983 65.6897
390 23.9756 65.6517
640 23.9501 65.6091
451 23.9239 65.5653
192 23.8989 65.5234
267 26.7333 62.7818
545 28.5273 61.0467
413 29.9057 59.7135
756 29.9278 59.74
929 29.9502 59.767
965 29.9722 59.7935
587 29.9927 59.8182
733 30.0118 59.8411
89 30.0309 59.864
137 30.0517 59.8891
510 30.071 59.9122
957 30.0921 59.9376
370 30.1127 59.9623
576 30.1341 59.9882
459 30.1542 60.0123
732 30.1671 60.0278
269 30.1787 60.0417
778 30.1919 60.0576
127 30.2067 60.0754
365 30.5745 60.8545
720 30.8595 61.4583
404 31.1681 62.112
804 31.3543 62.5064
104 31.5145 62.8458
291 31.6763 63.1884
30 31.8247 63.5029
493 31.9813 63.8346
891 32.1512 64.1944
252 32.4283 64.7815
163 32.4631 64.8551
878 32.4959 64.9246
501 32.5277 64.992
724 32.5623 65.0653
56 32.5916 65.1273
596 32.6207 65.1891
645 32.6495 65.2501
927 32.6802 65.3151
571 32.7126 65.3837
21 32.7441 65.4504
715 32.7752 65.5163
359 32.8047 65.5788
604 32.8355 65.644
327 32.8631 65.7026
789 32.8927 65.7651
788 32.9188 65.8205
275 32.9489 65.8843
308 32.9858 65.9624
730 33.0263 66.0481
537 33.0628 66.1255
765 34.9022 66.5067
523 36.5349 66.845
175 37.7417 67.0951
621 38.9797 67.3516
910 39.835 68.3142
235 40.6529 69.2348
779 41.3972 70.0725
292 42.1799 70.9534
350 43.2897 70.8052
432 44.5002 70.6435
540 44.6032 70.6297
226 44.7147 70.6148
826 44.855 70.5961
216 44.9839 70.5789
484 45.1001 70.5633
855 45.2198 70.5473
134 45.33 70.5326
513 45.4468 70.517
144 45.5595 70.502
225 45.6806 70.4858
769 45.8173 70.4675
921 45.9336 70.452
782 46.045 70.4371
171 46.1442 70.4239
986 46.2663 70.4075
632 46.3824 70.392
755 46.4877 70.378
895 46.6016 70.3628
562 46.7098 70.3483
968 46.8261 70.3328
617 46.9356 70.3181
802 47.0363 70.3047
894 47.1322 70.2919
54 47.2306 70.2787
558 47.4277 70.2524
410 47.6209 70.2266
683 47.8303 70.1986
440 48.0775 70.1656
315 48.1998 70.1493
857 48.307 70.1349
280 48.4144 70.1206
281 52.0257 66.6612
597 52.5979 66.113
923 52.9362 65.7889
101 53.0851 65.6463
625 53.2151 65.5218
582 53.3325 65.4093
264 53.4724 65.2753
112 53.6423 65.1125
743 53.8285 64.9341
468 54.0153 64.7552
515 54.1995 64.5787
453 54.3667 64.4185
91 54.5432 64.2495
798 54.7686 64.0335
109 54.9847 63.8265
498 55.2338 63.5879
282 55.4679 63.3636
35 55.7122 63.1296
188 55.9401 62.9113
791 56.1419 62.718
84 56.3606 62.5085
942 56.604 62.2753
767 56.604 62.2753
987 56.604 62.2753
286 56.604 62.2753
396 56.604 62.2753
85 56.604 62.2753
762 56.604 62.2753
208 56.604 62.2753
964 56.604 62.2753
186 56.604 62.2753
647 56.604 62.2753
623 56.604 62.2753
577 56.9729 63.0734
793 57.417 64.0344
238 58.0926 65.4966
650 58.7272 66.87
161 59.2866 68.0804
18 60.6472 71.0253
297 61.2415 72.3115
290 61.3725 72.5948
595 61.5 72.8708
937 61.6664 73.2309
727 61.7171 73.3405
481 61.7709 73.4568
904 61.8161 73.5546
51 61.8636 73.6575
509 61.9087 73.7549
671 61.9556 73.8565
832 62.0038 73.9608
460 62.0535 74.0684
317 62.1062 74.1824
465 62.1547 74.2872
837 62.1547 74.2872
900 62.1547 74.2872
962 62.107 74.3337
71 62.0559 74.3833
847 62.005 74.4329
579 61.9583 74.4784
668 61.5037 74.9211
867 61.0035 75.4082
861 59.9973 76.388
800 59.6424 76.7337
654 59.3172 77.0503
744 58.8753 77.4806
94 58.1626 78.1747
931 57.5225 78.798
801 56.8803 79.4233
9 56.2103 80.0758
369 55.4553 80.811
395 54.7154 81.5316
126 53.7744 82.448
561 52.8822 83.3169
746 52.7694 83.4267
814 52.7472 83.4483
319 52.7263 83.4687
320 52.7058 83.4886
575 52.6866 83.5073
530 52.664 83.5293
313 52.643 83.5498
40 52.6226 83.5696
940 52.6023 83.5894
12 52.5822 83.609
335 52.5608 83.6298
193 52.5372 83.6528
642 52.5154 83.674
62 52.4939 83.695
179 52.4738 83.7145
406 52.4529 83.7348
245 52.4325 83.7547
816 52.4123 83.7743
563 52.3905 83.7956
215 52.3679 83.8176
564 52.4545 84.0124
229 52.5495 84.2262
880 52.6477 84.447
887 52.7451 84.666
140 52.8367 84.8721
636 52.9291 85.08
659 53.0266 85.2992
294 53.1309 85.5337
165 54.036 87.5695
202 54.036 87.5695
177 54.036 87.5695
156 54.036 87.5695
624 54.036 87.5696
532 54.036 87.5696
516 54.3973 87.657
343 54.7713 87.7476
618 55.2766 87.87
415 55.7742 87.9904
23 56.2881 88.1149
378 56.4388 88.1513
145 56.5802 88.1856
911 56.6763 88.2089
851 56.7707 88.2317
754 56.8707 88.2559
408 56.9705 88.2801
690 57.0828 88.3073
896 57.1895 88.3331
947 57.2949 88.3586
536 57.4059 88.3855
511 57.5299 88.4155
984 57.8711 88.4981
584 58.18 88.5729
544 58.4962 88.6495
52 58.4962 88.6495
737 58.4962 88.6495
477 58.4962 88.6495
817 58.4962 88.6495
42 58.4962 88.6495
185 58.4962 88.6495
118 58.4962 88.6495
856 58.4962 88.6495
344 58.4962 88.6495
992 60.862 88.8292
620 63.0118 88.9926
464 64.4503 89.1019
273 65.8641 89.2093
845 67.3845 89.3249
567 68.8667 89.4375
622 71.0041 89.5999
823 73.8058 89.8127
928 78.2977 90.1538
813 78.2977 90.1538
158 78.2977 90.1538
353 78.2977 90.1538
854 78.2977 90.1538
149 78.2977 90.1538
666 78.3889 90.064
318 78.474 89.9803
580 78.5736 89.8823
285 78.6912 89.7665
251 78.8167 89.6431
159 79.0157 89.4472
135 79.1811 89.2845
820 79.4011 89.0679
473 79.6485 88.8244
983 79.8504 88.6258
893 80.5566 87.9308
494 81.6363 86.8682
372 85.9935 82.5797
648 85.823 82.3964
725 85.6759 82.2382
685 85.5357 82.0875
889 85.3717 81.9111
25 85.1593 81.6827
204 84.8496 81.3497
660 84.5836 81.0636
322 84.3142 80.7739
311 83.7621 80.1802
450 83.1408 79.5121
742 82.5211 78.8457
740 81.793 78.0628
83 80.9666 77.174
332 80.4852 76.6564
417 80.0497 76.1881
818 79.6034 75.7081
528 79.1719 75.2442
385 78.7005 74.7372
775 78.2833 74.2886
864 77.8187 73.789
538 70.3946 65.8049
907 70.1234 65.5132
393 69.9177 65.2921
68 69.7217 65.0813
383 69.5424 64.8885
975 69.3147 64.6436
605 69.0394 64.3476
485 68.9534 63.7348
478 68.896 63.3261
810 68.8394 62.9226
173 69.3614 62.0766
117 70.5779 60.1051
420 70.7527 60.0651
152 70.9223 60.0263
852 71.0851 59.9891
340 71.2318 59.9556
67 72.1336 59.7494
850 73.7095 59.3892
920 75.356 59.0127
553 76.4197 58.7696
425 77.6945 58.4782
583 78.8604 58.2116
941 80.3782 57.8646
497 83.7915 57.0842
198 83.549 57.0026
387 83.3074 56.9214
884 83.0913 56.8487
506 82.8557 56.7695
951 82.6081 56.6862
107 82.3602 56.6028
170 82.0666 56.5041
195 81.7144 56.3856
684 81.4585 56.2996
977 81.1778 56.2052
838 80.884 56.1064
201 80.5829 56.0051
242 80.3139 55.9147
136 80.0235 55.817
932 79.6893 55.7046
110 79.358 55.5932
232 75.6228 51.5634
592 74.8251 50.7028
926 74.0466 49.8629
357 73.3913 49.1558
609 73.13 48.8739
323 72.8602 48.5829
314 72.6206 48.3244
143 72.6366 48.3354
656 72.6531 48.3467
670 72.6668 48.3561
190 72.6814 48.3662
70 72.6954 48.3757
842 72.71 48.3858
967 72.7262 48.3969
334 72.741 48.407
102 73.0316 47.8219
606 73.4124 47.0554
675 73.8286 46.2174
644 74.2079 45.4539
835 75.8127 42.2229
29 76.527 40.7848
466 77.3691 39.0894
33 78.473 36.8669
745 79.0658 35.6736
274 79.8487 34.0974
520 80.9939 31.7918
98 82.2522 29.2584
590 81.8075 27.4305
