0,103,819,176,581,721,24,598,959,777,504,295,555,419,467,834,363,287,111,573,518,289,351,653,709,407,64,934,669,883,379,439,278,702,704,824,261,26,246,310,337,626,284,899,902,354,643,787,943,741,211,661,187,254,348,682,8,674,881,722,258,629,362,402,812,61,412,646,366,710,588,488,4,869,602,915,10,46,268,65,794,87,514,572,985,990,86,299,474,455,836,331,963,673,641,74,133,898,700,958,829,212,384,125,32,121,312,476,499,328,330,731,652,797,936,542,949,228,148,128,698,771,841,222,805,496,352,663,182,489,218,78,283,174,413,123,616,154,391,981,142,510,422,723,397,908,302,633,463,475,59,956,403,764,858,324,279,122,589,336,703,972,691,925,303,677,772,938,758,749,527,770,116,196,505,863,373,157,909,214,565,57,100,341,47,166,423,534,849,708,131,347,531,503,220,361,298,890,433,728,860,234,3,939,97,14,398,747,970,381,607,657,639,371,162,272,77,130,219,680,500,119,326,796,694,991,445,734,879,948,784,192,667,427,966,665,686,277,760,717,799,376,168,275,113,400,556,429,255,346,81,608,99,339,726,924,701,658,502,114,479,338,224,207,517,570,203,551,830,944,399,792,178,560,886,360,90,825,554,316,75,435,718,304,547,200,719,868,914,301,199,815,827,568,39,106,750,955,31,108,444,628,446,17,247,693,557,711,1,973,699,58,982,236,169,405,300,325,364,905,546,380,213,803,953,969,678,401,615,585,153,48,447,637,263,736,426,780,892,436,988,184,321,759,240,457,374,95,753,227,521,946,73,695,696,141,462,795,120,253,786,96,918,916,469,490,424,13,44,487,954,672,41,697,183,93,306,495,15,933,386,593,761,833,885,712,714,491,776,768,409,871,456,138,430,115,441,859,288,442,50,36,28,631,431,167,610,418,20,808,249,651,244,150,368,611,88,223,806,550,960,230,72,139,76,428,146,919,437,807,470,2,638,773,707,752,265,271,92,22,82,541,305,5,215,206,313,129,239,375,754,516,624,974,392,416,613,256,394,181,738,866,309,569,231,53,874,449,746,649,559,561,241,614,618,659,172,448,320,62,259,292,840,343,319,248,895,826,642,564,389,877,548,105,763,367,766,193,539,406,562,530,536,165,961,408,434,94,140,280,245,636,567,202,40,584,980,851,415,861,126,947,816,532,856,23,344,118,882,294,690,940,179,713,952,887,774,814,369,896,880,335,511,156,911,12,800,18,477,417,185,297,737,509,51,832,744,775,937,42,149,177,317,817,864,273,984,823,620,158,318,145,544,52,464,845,813,353,854,992,71,83,580,820,666,622,285,135,983,251,159,893,494,928,372,685,725,648,311,204,25,889,740,742,322,528,660,818,473,450,900,497,383,385,201,170,242,136,506,977,838,198,107,884,951,332,684,942,941,190,478,810,109,579,975,962,582,867,112,395,173,727,654,904,837,481,465,769,671,460,378,515,68,152,290,393,782,801,563,575,986,632,235,857,847,802,229,668,340,931,238,755,134,540,715,732,80,281,484,410,558,804,968,216,91,894,621,264,576,791,762,625,84,468,498,605,964,513,855,798,9,432,315,921,208,282,743,987,923,350,453,779,662,976,226,523,163,365,390,54,533,144,21,809,291,308,493,788,676,765,327,910,596,912,689,471,404,724,878,571,730,266,501,578,189,872,757,601,600,60,252,846,124,604,411,591,574,789,225,296,270,333,739,16,630,132,524,329,482,950,34,897,507,451,733,233,359,454,537,729,901,137,349,971,965,635,903,552,735,443,175,79,526,888,104,645,267,640,913,382,927,587,171,683,30,957,370,56,459,705,599,720,839,655,891,783,543,89,756,388,438,545,929,522,342,461,603,844,69,706,989,778,151,876,843,180,127,210,155,619,194,664,356,862,692,687,917,276,38,922,688,49,525,147,237,191,679,472,269,566,811,508,535,848,7,414,37,529,853,257,748,11,935,160,790,221,486,612,307,549,205,822,586,480,452,209,945,458,45,358,43,716,828,19,634,355,751,55,681,930,873,27,865,785,781,250,6,421,870,197,66,875,164,821,377,831,842,675,70,485,906,978,63,594,793,623,101,262,186,286,512,597,647,492,519,293,188,396,85,617,35,161,577,440,967,67,420,656,538,334,583,102,143,110,852,595,650,907,314,217,357,767,466,592,323,117,644,425,745,926,232,609,850,387,553,29,670,274,195,920,606,932,98,33,835,590,520,483,243,260,979,345,627,
value : 456.087 running time : 230.911994
0 80 20
103 62.6052 15.9984
819 62.5532 16.0046
176 62.5058 16.0103
581 62.4575 16.016
721 62.4117 16.0215
24 61.7029 16.1061
598 60.9374 16.1975
959 60.0456 16.304
777 59.0888 16.4182
504 58.0934 16.537
295 56.2758 16.7539
555 51.4951 17.324
419 47.4756 17.8033
467 42.8012 18.3608
834 40.7105 18.6102
363 40.4116 18.3399
287 40.1364 18.091
111 39.8789 17.8581
573 39.6212 17.6251
518 39.3667 17.3949
289 39.0049 17.4811
351 38.1593 17.6825
653 37.3947 17.8646
709 36.5541 18.0647
407 35.8917 18.2225
64 35.2157 18.3835
934 34.5958 18.5312
669 33.8095 18.7185
883 33.089 18.8901
379 32.3515 19.0657
439 31.5887 19.2474
278 30.9085 19.4094
702 30.6457 19.3592
704 30.4019 19.3126
824 30.1528 19.265
261 29.9067 19.218
26 29.5708 19.1538
246 29.1759 19.0784
310 28.783 19.0034
337 28.3098 18.913
626 27.686 18.7939
284 27.0331 18.6693
899 26.3801 18.5446
902 25.7703 18.4282
354 25.182 18.3158
643 24.58 18.2009
787 23.984 18.0871
943 21.1646 17.5493
741 17.6682 16.7756
211 15.9506 16.3956
661 14.5785 16.092
187 12.5325 15.6393
254 12.4723 15.626
348 12.4003 15.6101
682 12.3291 15.5943
8 12.265 15.5801
674 12.1887 15.5633
881 12.1157 15.5471
722 12.0433 15.5311
258 11.9809 15.5173
629 11.9809 15.5173
362 11.9809 15.5173
402 11.9809 15.5173
812 11.9809 15.5173
61 12.0368 15.7222
412 12.0937 15.9309
646 12.1491 16.1343
366 12.2075 16.3484
710 12.2684 16.5716
588 12.3097 16.7231
488 12.352 16.8783
4 14.3484 24.203
869 15.907 29.9215
602 15.5906 30.2092
915 15.2306 30.5365
10 14.6663 31.0496
46 14.1627 31.5076
268 13.9734 31.6797
65 13.7774 31.8578
794 13.5738 32.043
87 13.4615 32.145
514 13.3501 32.2463
572 13.2531 32.3344
985 13.1535 32.425
990 13.054 32.5154
86 12.9574 32.6032
299 12.8906 32.6639
474 12.8244 32.7241
455 12.7311 32.8089
836 12.6387 32.8929
331 12.54 32.9826
963 12.4339 33.079
673 12.2908 33.2092
641 12.1412 33.3451
74 11.9535 33.5157
133 11.7758 33.6773
898 11.5964 33.8404
700 11.6288 34.2478
958 11.6597 34.6356
829 11.6897 35.0128
212 11.7204 35.3996
384 11.7495 35.7654
125 11.7778 36.1208
32 11.8057 36.4717
121 11.8325 36.8087
312 11.9046 37.7159
476 11.9696 38.5339
499 12.0286 39.2758
328 12.044 39.3289
330 12.1997 39.8646
731 12.3705 40.4525
652 12.5373 41.0265
797 12.6903 41.553
936 12.8169 41.9888
542 12.9194 42.3417
949 13.0086 42.6488
228 13.0939 42.9421
148 13.1828 43.2483
128 13.2706 43.5505
698 13.3815 43.9321
771 13.4723 44.2445
841 13.5628 44.5562
222 13.652 44.8632
805 13.7412 45.1702
496 13.8211 45.4453
352 13.9021 45.7239
663 13.9775 45.9833
182 14.0582 46.2611
489 14.1345 46.5239
218 14.2104 46.7851
78 14.8779 47.0463
283 15.494 47.2874
174 17.0361 47.8909
413 18.5794 48.4949
123 18.5471 48.5125
616 18.5185 48.5282
154 18.4908 48.5433
391 18.4657 48.5571
981 18.4387 48.5719
142 18.4118 48.5866
510 18.3852 48.6011
422 18.3562 48.617
723 18.3294 48.6316
397 18.3018 48.6467
908 18.2725 48.6628
302 18.2442 48.6783
633 17.9074 48.8624
463 17.5546 49.0554
475 17.2795 49.2059
59 16.9578 49.3819
956 16.4655 49.6512
403 15.9829 49.9151
764 15.3599 50.2559
858 14.8804 50.5182
324 14.3628 50.8013
279 13.142 51.4691
122 11.7631 52.2233
589 11.7631 52.2233
336 11.7631 52.2233
703 11.7631 52.2233
972 11.7631 52.2233
691 11.7631 52.2233
925 11.7631 52.2233
303 11.7631 52.2233
677 11.7631 52.2233
772 11.7631 52.2233
938 11.7631 52.2233
758 11.7631 52.2233
749 11.7631 52.2233
527 11.7631 52.2233
770 11.7631 52.2233
116 11.7631 52.2233
196 11.7631 52.2233
505 11.7631 52.2233
863 11.7631 52.2233
373 11.7608 52.2891
157 11.7586 52.3541
909 11.7564 52.4212
214 11.754 52.4914
565 11.7517 52.5581
57 11.7496 52.6204
100 11.7474 52.685
341 11.7452 52.7486
47 11.7429 52.8157
166 11.7407 52.8814
423 11.7387 52.9412
534 11.6984 54.1234
849 11.6481 55.6044
708 11.5862 57.4238
131 11.5005 59.9407
347 11.4337 61.905
531 11.3766 63.5831
503 11.2963 65.9445
220 11.2432 67.5059
361 11.212 68.4221
298 11.1855 69.2029
890 11.164 69.8355
433 11.1624 69.8817
728 11.1609 69.9253
860 11.1595 69.9663
234 11.1582 70.0046
3 11.1566 70.0516
939 11.1549 70.1006
97 11.1531 70.1532
14 11.1514 70.2052
398 11.1497 70.2554
747 11.148 70.3053
970 11.1461 70.3599
381 11.1442 70.4159
607 11.1423 70.4708
657 11.1405 70.525
639 11.1387 70.5772
371 11.1371 70.6263
162 11.1353 70.6773
272 11.1336 70.7279
77 11.1318 70.7796
130 11.1301 70.8311
219 11.1282 70.8861
680 11.1263 70.9413
500 11.1244 70.9971
119 11.1226 71.051
326 11.1207 71.1074
796 11.1189 71.1615
694 11.1171 71.2134
991 11.1153 71.267
445 11.1136 71.3169
734 11.1119 71.3666
879 11.1101 71.4185
948 11.1083 71.4716
784 11.1066 71.5224
192 11.1047 71.5773
667 11.1027 71.6364
427 11.1008 71.6923
966 11.0989 71.7479
665 11.097 71.8047
686 11.095 71.8617
277 11.0932 71.9166
760 11.0913 71.9709
717 11.0848 72.1625
799 11.0783 72.3535
376 11.0717 72.5482
168 11.0645 72.7603
275 11.0576 72.9614
113 11.0494 73.2021
400 11.0412 73.4436
556 11.0329 73.6874
429 11.0253 73.9117
255 11.0174 74.1448
346 11.0081 74.417
81 10.9993 74.6751
608 10.9886 74.9912
99 10.9886 74.9913
339 10.9886 74.9914
726 10.9886 74.9915
924 10.9886 74.9916
701 10.9886 74.9917
658 10.9886 74.9918
502 10.9776 75.0853
114 10.9663 75.181
479 10.9344 75.4521
338 10.904 75.7114
224 10.871 75.9915
207 10.838 76.2727
517 10.802 76.5783
570 10.711 77.3536
203 10.6321 78.0247
551 10.5605 78.634
830 10.4861 79.2672
944 10.4141 79.8794
399 10.3466 80.4543
792 10.2836 80.9897
178 10.2273 81.4693
560 10.1716 81.9428
886 10.1126 82.4448
360 10.0478 82.9963
90 9.98256 83.5511
825 9.91455 84.1298
554 9.82653 84.8788
316 9.71089 85.8631
75 9.59769 86.8265
435 9.44354 88.1389
718 9.44163 88.1551
304 9.43958 88.1726
547 9.43759 88.1895
200 9.43548 88.2074
719 9.43363 88.2232
868 9.43156 88.2408
914 9.42968 88.2567
301 9.42779 88.2728
199 9.42584 88.2894
815 9.42394 88.3055
827 9.42183 88.3235
568 9.41995 88.3394
39 9.41801 88.356
106 9.41613 88.372
750 9.41433 88.3873
955 9.41286 88.3997
31 9.41118 88.414
108 9.40934 88.4297
444 9.40757 88.4447
628 9.40577 88.46
446 9.40393 88.4757
17 9.40213 88.4909
247 9.40038 88.5059
693 9.39859 88.5211
557 9.39682 88.5362
711 9.39496 88.552
1 9.39328 88.5663
973 9.39154 88.5811
699 9.38991 88.5949
58 9.38824 88.6091
982 9.38639 88.6248
236 9.38449 88.641
169 9.3828 88.6554
405 9.38094 88.6711
300 9.37931 88.685
325 9.37762 88.6993
364 9.37579 88.715
905 9.37407 88.7296
546 9.37223 88.7452
380 9.37013 88.7631
213 9.36833 88.7784
803 9.36702 88.7895
953 9.36562 88.8014
969 9.3642 88.8135
678 9.36281 88.8253
401 9.36149 88.8365
615 9.36015 88.8479
585 9.35859 88.8612
153 9.35726 88.8725
48 9.35593 88.8838
447 9.35439 88.8969
637 9.35297 88.909
263 9.35156 88.921
736 9.35019 88.9326
426 9.34887 88.9439
780 9.34753 88.9553
892 9.34603 88.968
436 9.34454 88.9806
988 9.34293 88.9944
184 10.6182 88.6017
321 10.6842 88.5814
759 10.7497 88.5612
240 10.8179 88.5402
457 10.8875 88.5187
374 10.968 88.5118
95 13.398 88.3029
753 15.9312 88.0852
227 18.1976 87.8904
521 20.5662 87.6868
946 20.5858 87.6851
73 20.6078 87.6832
695 20.6284 87.6815
696 20.6501 87.6796
141 20.672 87.6777
462 20.6909 87.6761
795 20.7131 87.6742
120 20.7294 87.6728
253 20.7452 87.6714
786 20.761 87.6701
96 20.7763 87.6687
918 20.7909 87.6675
916 20.8043 87.6663
469 20.8193 87.665
490 20.8349 87.6637
424 20.8496 87.6624
13 20.8641 87.6612
44 20.8796 87.6599
487 20.8946 87.6586
954 20.9111 87.6571
672 20.911 87.6738
41 20.9109 87.689
697 20.9108 87.705
183 20.9107 87.723
93 20.9106 87.7397
306 20.9104 87.7573
495 20.9103 87.7724
15 20.9102 87.7892
933 20.9101 87.8042
386 20.91 87.8191
593 20.9099 87.8345
761 20.9098 87.8486
833 20.9097 87.863
885 20.9096 87.8777
712 20.9095 87.8935
714 20.9094 87.9095
491 20.9094 87.9095
776 20.9094 87.9095
768 20.9094 87.9095
409 20.9094 87.9095
871 20.9094 87.9096
456 20.9094 87.9096
138 20.9094 87.9096
430 21.8313 87.9845
115 22.0757 88.0044
441 22.3359 88.0256
859 22.5906 88.0464
288 22.8391 88.0666
442 23.09 88.0871
50 23.3839 88.111
36 23.6861 88.1356
28 23.9782 88.1594
631 24.2371 88.1805
431 24.4539 88.1981
167 24.6933 88.2176
610 24.9259 88.2366
418 25.1529 88.2551
20 25.3868 88.2741
808 25.5599 88.2882
249 25.7138 88.3008
651 25.8795 88.3143
244 26.0451 88.3278
150 26.2496 88.3444
368 26.4383 88.3598
611 26.6362 88.3759
88 26.8095 88.39
223 27.6195 88.4559
806 28.311 88.5122
550 28.9356 88.563
960 30.2779 88.6721
230 31.2706 88.7528
72 32.1517 88.8245
139 32.9431 88.8889
76 33.3253 88.92
428 33.753 88.9548
146 34.212 88.9922
919 34.6548 89.0282
437 35.1085 89.0651
807 35.5371 89.1
470 35.9228 89.1314
2 36.3138 89.1633
638 36.7273 89.1969
773 37.1667 89.2327
707 37.6583 89.2727
752 38.1596 89.3135
265 38.6866 89.3564
271 39.2136 89.3993
92 39.7925 89.4464
22 40.4549 89.5003
82 41.156 89.5573
541 41.8036 89.61
305 42.0984 89.634
5 42.3844 89.6573
215 42.6469 89.6787
206 42.9276 89.7015
313 43.2109 89.7246
129 43.3996 89.74
239 43.6004 89.7563
375 43.7997 89.7726
754 44.0003 89.7889
516 44.1689 89.8026
624 44.3331 89.816
974 44.3331 89.816
392 44.357 89.743
416 44.3808 89.6702
613 44.4037 89.5999
256 44.432 89.5134
394 44.4588 89.4314
181 44.4849 89.3516
738 44.5127 89.2665
866 44.543 89.1739
309 44.5738 89.0796
569 44.6047 88.9849
231 44.637 88.8861
53 44.67 88.7853
874 44.7041 88.6808
449 44.7437 88.5599
746 44.784 88.4367
649 44.8258 88.3086
559 44.8651 88.1886
561 44.9091 88.054
241 44.9517 87.9235
614 44.994 87.7942
618 45.0683 87.7981
659 45.1343 87.8016
172 45.2002 87.8051
448 45.2701 87.8088
320 45.347 87.8129
62 45.4223 87.8168
259 45.4932 87.8206
292 45.5586 87.8241
840 45.6288 87.8278
343 45.7036 87.8317
319 45.7767 87.8356
248 45.8496 87.8394
895 45.9233 87.8433
826 45.995 87.8471
642 46.0662 87.8509
564 46.1362 87.8546
389 46.2069 87.8583
877 46.2775 87.8621
548 46.3522 87.866
105 46.4342 87.8703
763 46.5125 87.8745
367 46.5923 87.8787
766 46.6662 87.8826
193 46.8955 87.8947
539 47.1353 87.9073
406 47.3742 87.9199
562 47.6159 87.9326
530 47.8699 87.946
536 48.1305 87.9597
165 48.3893 87.9733
961 48.6458 87.9868
408 48.8902 87.9997
434 49.1377 88.0127
94 50.6118 86.8738
140 50.6832 86.9699
280 50.755 87.0663
245 50.8296 87.1666
636 50.9027 87.2648
567 50.9786 87.3669
202 51.043 87.4535
40 51.1045 87.5361
584 51.1678 87.6212
980 51.2078 87.675
851 51.2465 87.727
415 51.2848 87.7786
861 51.3238 87.831
126 51.3642 87.8852
947 51.4076 87.9436
816 51.4512 88.0022
532 51.496 88.0625
856 51.5374 88.1181
23 51.5732 88.1663
344 51.5983 88.2
118 51.6032 88.1738
882 51.6078 88.1493
294 51.6139 88.117
690 51.8687 88.0691
940 52.105 88.0247
179 52.3407 87.9803
713 52.5679 87.9376
952 52.8404 87.8864
887 53.1119 87.8353
774 53.3616 87.7884
814 53.6198 87.7398
369 53.918 87.6837
896 54.1848 87.6336
880 54.4663 87.5806
335 54.7446 87.5283
511 54.999 87.4805
156 55.4754 87.3909
911 56.4795 87.2021
12 57.8045 86.9529
800 59.2032 86.6899
18 61.2504 86.305
477 62.7946 86.0146
417 64.3721 85.718
185 64.3721 85.718
297 64.3721 85.718
737 64.3721 85.718
509 64.3721 85.718
51 64.7079 85.7812
832 65.0219 85.8403
744 65.7159 85.971
775 66.3614 86.0925
937 66.947 86.2027
42 67.5076 86.3082
149 68.0938 86.4186
177 68.2573 86.4493
317 68.4311 86.482
817 68.6197 86.5175
864 68.8146 86.5542
273 68.9879 86.5868
984 69.1704 86.6212
823 69.3727 86.6592
620 69.5721 86.6968
158 69.7769 86.7353
318 69.974 86.7724
145 70.1635 86.808
544 70.3566 86.8444
52 70.5499 86.8807
464 70.7493 86.9183
845 70.9682 86.9595
813 71.192 87.0016
353 71.4098 87.0425
854 71.6241 87.0829
992 71.8284 87.1213
71 72.9138 87.3257
83 74.2255 87.5727
580 76.2743 87.9585
820 76.6132 87.9914
666 76.9471 88.0239
622 77.2888 88.057
285 77.7307 88.1
135 78.2199 88.1476
983 78.6549 88.1899
251 78.6549 88.1899
159 79.1987 88.2212
893 79.7779 88.2546
494 80.3541 88.2878
928 80.9553 88.3224
372 86.3142 80.0775
685 86.3097 80.0377
725 86.3052 79.9971
648 86.3004 79.9538
311 86.2957 79.9119
204 86.2913 79.8725
25 86.2874 79.8374
889 86.2832 79.7996
740 86.2768 79.7417
742 86.2707 79.6873
322 86.2634 79.6221
528 86.2188 79.221
660 86.1801 78.8736
818 86.1434 78.544
473 86.1109 78.252
450 85.5803 73.4828
900 85.0334 68.5675
497 85.0011 62.9631
383 84.9538 62.926
385 84.9087 62.8906
201 84.8633 62.855
170 84.8221 62.8227
242 84.7779 62.7881
136 84.7355 62.7547
506 84.6967 62.7243
977 84.6557 62.6922
838 84.6143 62.6597
198 84.5754 62.6292
107 84.5379 62.5997
884 84.498 62.5684
951 84.4584 62.5374
332 81.3829 63.557
684 78.8624 64.3925
942 73.3985 66.2041
941 71.8911 66.7038
190 69.9801 67.3372
478 67.7429 68.1769
810 65.5097 69.015
109 65.2528 69.6666
579 65.1199 70.0038
975 64.9911 70.3304
962 64.8571 70.6706
582 64.7221 71.013
867 64.6246 71.2604
112 64.5262 71.5101
395 64.4297 71.7551
173 64.3448 71.9705
727 64.2582 72.19
654 64.1714 72.4104
904 64.0842 72.6317
837 63.9961 72.8553
481 63.9067 73.0821
465 63.822 73.2971
769 63.6312 73.2411
671 63.4599 73.1909
460 63.2917 73.1415
378 63.1248 73.0926
515 62.9517 73.0418
68 62.7891 72.9941
152 62.6281 72.9468
290 61.5523 72.6314
393 60.5101 72.3259
782 59.4084 72.0029
801 58.2882 71.6745
563 57.245 71.3686
575 57.245 71.3686
986 57.245 71.3686
632 57.245 71.3686
235 57.245 71.3686
857 57.245 71.3686
847 57.245 71.3686
802 57.245 71.3686
229 57.245 71.3686
668 57.245 71.3686
340 57.245 71.3686
931 57.245 71.3686
238 54.5443 70.1971
755 50.5149 68.4491
134 50.3574 68.366
540 50.2035 68.2847
715 50.0701 68.2142
732 49.9496 68.1506
80 49.8539 68.1
281 49.7664 68.0538
484 49.7273 68.0331
410 49.6863 68.0114
558 49.6467 67.9905
804 49.6072 67.9697
968 49.5713 67.9507
216 49.5331 67.9305
91 49.4952 67.9105
894 49.4536 67.8885
621 49.4125 67.8668
264 49.3789 67.849
576 49.3473 67.8324
791 49.3194 67.8176
762 49.2906 67.8024
625 49.259 67.7857
84 49.2272 67.7689
468 49.1952 67.752
498 49.162 67.7345
605 49.1341 67.7197
964 49.1027 67.7031
513 49.0713 67.6865
855 49.0392 67.6696
798 49.0079 67.6531
9 48.98 67.6383
432 48.9487 67.6218
315 48.9163 67.6047
921 48.8809 67.5859
208 48.8456 67.5673
282 48.8082 67.5475
743 48.7724 67.5286
987 48.7385 67.5107
923 47.0841 66.6372
350 45.8435 66.8625
453 44.6418 67.0807
779 43.445 67.2979
662 42.2614 67.5128
976 41.8125 67.5944
226 41.3798 67.673
523 40.9877 67.7443
163 40.5997 67.8148
365 40.2166 67.8844
390 39.8409 67.9526
54 39.5414 68.0071
533 39.2416 68.0616
144 38.9319 68.1179
21 38.6259 68.1735
809 38.328 68.2276
291 38.0245 68.2828
308 37.7224 68.3377
493 37.4266 68.3914
788 37.142 68.4432
676 36.893 68.4884
765 36.6212 68.5378
327 36.3409 68.5888
910 36.3409 68.5888
596 36.3409 68.5888
912 36.3409 68.5888
689 36.3409 68.5888
471 36.3409 68.5888
404 35.475 68.7831
724 34.5944 68.9807
878 33.7112 69.1789
571 32.8344 69.3757
730 31.9725 69.5691
266 31.1363 69.7568
501 30.3412 69.9352
578 29.5842 70.105
189 29.5842 70.105
872 29.443 70.1258
757 29.308 70.1456
601 29.308 70.1456
600 29.308 70.1456
60 29.308 70.1456
252 29.308 70.1456
846 29.308 70.1456
124 29.308 70.1456
604 29.308 70.1456
411 29.308 70.1456
591 29.308 70.1456
574 29.308 70.1456
789 29.308 70.1456
225 29.308 70.1456
296 29.188 70.0099
270 28.6112 69.3577
333 27.5448 68.152
739 26.2005 66.632
16 26.2005 66.632
630 26.1809 66.607
132 26.1641 66.5854
524 26.147 66.5635
329 26.1308 66.5427
482 26.1146 66.522
950 26.1283 66.5041
34 26.1433 66.4844
897 26.1572 66.4663
507 26.1712 66.4479
451 26.1846 66.4303
733 26.1982 66.4126
233 26.2116 66.395
359 26.2244 66.3782
454 26.2367 66.3622
537 26.2501 66.3446
729 26.2652 66.3248
901 26.2795 66.3061
137 26.2934 66.2879
349 26.3063 66.271
971 26.3193 66.254
965 26.3327 66.2365
635 26.3457 66.2195
903 26.3601 66.2005
552 26.3736 66.1829
735 26.3879 66.1641
443 26.4007 66.1474
175 26.948 65.4303
79 27.286 64.9875
526 27.6276 64.5401
888 27.9988 64.0538
104 28.5339 63.3526
645 29.0359 62.6948
267 29.5293 62.0483
640 30.013 61.4147
913 30.4871 60.7935
382 30.5599 60.6982
927 30.6335 60.6018
587 30.7224 60.4854
171 30.817 60.3615
683 30.9339 60.2084
30 30.9868 59.8797
957 31.0378 59.562
370 31.0894 59.241
56 31.1352 58.9559
459 31.1892 58.62
705 31.3364 57.7044
599 31.4882 56.7603
720 31.678 55.58
839 32.1535 52.6245
655 32.8809 48.1042
891 33.076 47.9753
783 33.2715 47.8461
543 33.4582 47.7228
89 33.6544 47.5932
756 33.8543 47.4612
388 34.1125 47.2906
438 34.3749 47.1172
545 34.6606 46.9285
929 35.1288 46.6192
522 35.8561 46.1386
342 36.5691 45.6675
461 37.1396 45.2906
603 37.7187 44.908
844 38.6502 44.2924
69 38.6502 44.2924
706 38.6502 44.2924
989 38.6502 44.2924
778 38.6502 44.2924
151 38.6502 44.2924
876 38.6502 44.2924
843 38.6502 44.2924
180 38.599 44.2663
127 38.5484 44.2406
210 38.4972 44.2144
155 38.4447 44.1877
619 38.3899 44.1597
194 38.3388 44.1337
664 38.2845 44.106
356 38.2365 44.0815
862 38.1866 44.0561
692 38.1356 44.03
687 38.0844 44.0039
917 38.0364 43.9794
276 37.9879 43.9547
38 37.9335 43.927
922 37.8832 43.9013
688 37.6884 43.8019
49 37.6194 43.643
525 37.5486 43.4799
147 37.4816 43.3254
237 37.4106 43.1617
191 37.3243 42.9629
679 37.2502 42.7922
472 37.1815 42.6339
269 37.0846 42.4105
566 36.9772 42.1631
811 36.8679 41.9114
508 36.7663 41.6772
535 36.662 41.4369
848 36.5621 41.2066
7 36.4437 40.9337
414 36.3272 40.6654
37 36.2124 40.4007
529 36.089 39.8123
853 35.9816 39.2999
257 35.8811 38.8202
748 35.7877 38.3744
11 35.6815 37.8679
935 35.562 37.2975
160 35.434 36.6867
790 35.3295 36.188
221 35.2097 35.6164
486 35.1592 35.3756
612 35.1126 35.1532
307 35.0669 34.9352
549 35.0669 34.9352
205 35.0669 34.9352
822 36.3595 35.2172
586 38.7416 35.7369
480 41.0859 36.2483
452 43.5607 36.7882
209 45.8109 37.2791
945 47.8711 37.7286
458 50.0689 37.4335
45 51.8493 37.1944
358 51.9074 37.1866
43 51.9605 37.1795
716 52.0111 37.1727
828 52.0672 37.1651
19 52.1191 37.1582
634 52.1751 37.1507
355 52.2279 37.1436
751 52.2798 37.1366
55 52.3323 37.1295
681 52.3829 37.1227
930 52.4343 37.1158
873 52.485 37.109
27 52.5367 37.1021
865 52.5859 37.0955
785 52.6377 37.0885
781 52.691 37.0814
250 52.7386 37.075
6 52.7908 37.0679
421 52.8341 37.0621
870 52.8825 37.0556
197 52.9312 37.0491
66 52.982 37.0423
875 53.0334 37.0353
164 53.0858 37.0283
821 53.1413 37.0209
377 53.1898 37.0143
831 53.2401 37.0076
842 55.0453 44.2218
675 55.2448 45.0191
70 55.4589 45.8744
485 55.5839 46.3739
906 55.5839 46.3739
978 55.5839 46.3739
63 55.5839 46.3739
594 55.5839 46.3739
793 55.5839 46.3739
623 55.5839 46.3739
101 55.5839 46.3739
262 55.5839 46.3739
186 55.5839 46.374
286 55.5839 46.374
512 55.5839 46.374
597 57.4866 52.4517
647 57.7788 53.2087
492 57.9221 53.58
519 58.1044 54.0522
293 58.2999 54.5589
188 58.4789 55.0227
396 58.6605 55.4931
85 58.8506 55.9856
617 59.0557 56.517
35 59.7333 56.4607
161 60.437 56.4022
577 61.4568 56.3174
440 62.862 56.2006
967 66.501 55.8979
67 66.5268 55.8958
420 66.5544 55.8935
656 66.5815 55.8912
538 66.6074 55.8891
334 66.6372 55.8866
583 66.6637 55.8844
102 66.6893 55.8823
143 66.7156 55.8801
110 66.7432 55.8778
852 66.7695 55.8756
595 66.8669 55.3278
650 67.0023 54.5666
907 67.2247 53.3166
314 67.8199 49.9705
217 67.9803 49.0686
357 68.2002 48.8701
767 68.4219 48.6699
466 68.6595 48.4552
592 68.874 48.2615
323 69.0636 48.0903
117 69.244 47.9274
644 69.4369 47.7533
425 69.6417 47.5683
745 69.8349 47.3938
926 70.0027 47.2423
232 70.18 47.0821
609 70.3553 46.9238
850 70.5191 46.7759
387 70.6945 46.6176
553 71.0722 46.022
29 71.4957 45.3544
670 71.8742 44.7576
274 72.2605 44.1486
195 72.5532 43.687
920 72.8453 43.2265
606 73.1732 42.7094
932 73.589 42.0539
98 82.4392 28.1
33 82.4392 28.1
835 82.4392 28.1
590 82.7034 27.3467
520 83.0195 26.4455
483 86.1601 17.4898
243 86.061 17.5301
260 85.9494 17.5756
979 85.5817 17.7255
345 85.2089 17.8774
627 84.7428 18.0673
