0,103,819,598,777,176,721,959,504,24,295,581,555,164,45,831,419,821,55,6,289,873,43,844,675,906,978,828,634,355,751,785,781,358,865,19,458,377,66,250,930,681,27,197,790,870,716,421,155,853,209,945,875,63,594,217,237,7,388,508,127,69,876,49,834,687,512,180,522,276,194,529,692,862,257,917,38,543,342,472,848,452,679,147,461,811,191,480,989,269,356,935,748,210,664,913,869,612,413,302,549,414,535,778,438,525,397,783,619,706,566,11,486,278,586,151,467,160,822,221,363,307,573,111,64,704,26,934,787,626,702,379,351,709,653,883,261,643,824,518,310,337,407,287,669,915,246,284,812,588,881,629,488,722,254,673,187,902,258,661,348,646,61,682,8,572,211,366,412,741,963,362,674,439,899,133,602,4,331,402,121,641,205,474,354,898,455,836,283,268,299,74,794,655,125,958,943,514,985,829,990,700,65,32,330,228,710,86,328,123,499,122,10,87,384,46,78,758,352,312,47,154,936,100,373,677,858,303,218,909,956,463,731,691,341,148,908,652,214,222,423,212,805,863,182,142,157,57,972,771,565,166,925,708,841,489,542,949,336,527,749,616,770,116,534,505,663,849,128,475,59,422,391,705,324,233,545,723,510,688,797,403,938,476,698,496,37,981,603,764,957,349,633,279,174,965,891,382,507,897,729,903,901,137,89,733,34,971,359,809,878,756,225,779,493,735,370,720,471,533,558,839,30,922,104,929,676,576,765,540,390,21,410,732,662,134,523,56,264,80,404,683,804,715,894,912,645,54,144,459,976,365,350,596,189,591,296,599,910,226,124,270,872,60,614,16,501,220,604,724,571,308,578,574,950,333,658,788,587,946,175,806,223,730,252,689,454,537,846,789,171,163,327,451,266,267,640,291,888,552,411,443,526,635,41,79,329,400,726,550,3,244,275,600,99,338,927,298,48,132,376,361,255,479,701,184,607,272,427,162,717,531,97,502,457,503,371,381,734,657,445,825,81,192,739,113,429,966,939,879,639,680,601,589,347,224,234,219,784,517,196,703,760,772,168,924,970,686,694,77,948,890,482,114,799,131,14,524,630,326,500,130,119,374,321,207,667,277,665,747,398,560,815,608,944,695,487,955,860,991,551,90,796,346,554,556,830,75,316,728,339,433,203,750,169,969,546,570,401,426,444,803,892,364,557,405,711,914,759,106,263,792,1,95,615,399,31,213,982,199,585,827,988,138,304,386,88,153,39,301,628,718,678,442,236,568,905,200,447,868,435,108,953,247,446,17,462,916,693,637,436,547,380,300,178,325,719,240,736,780,859,249,44,699,886,871,431,696,58,227,808,973,430,428,409,288,28,2,651,368,50,418,469,490,631,491,776,76,36,456,610,13,167,256,918,231,773,611,360,757,786,521,424,183,93,306,495,15,933,593,761,833,885,712,714,768,115,697,441,753,253,141,150,795,707,392,120,954,672,165,548,877,172,394,22,738,139,449,840,960,649,73,638,20,96,241,181,230,919,416,613,448,437,72,92,271,974,265,569,752,305,470,807,129,292,146,53,911,389,814,559,874,766,344,713,511,156,248,343,659,40,532,961,763,746,215,774,584,563,541,564,105,309,896,5,434,866,12,294,562,202,690,624,406,245,375,206,755,62,140,952,118,575,23,313,239,887,536,408,636,193,82,851,539,126,861,415,561,940,530,516,754,931,642,802,826,369,856,882,895,618,737,980,319,320,335,280,259,177,179,185,273,857,367,317,816,477,567,880,947,622,632,395,801,800,921,671,460,509,71,818,481,744,18,378,775,251,937,42,823,984,817,992,417,83,285,159,297,620,813,845,353,52,544,145,318,464,854,580,494,893,158,465,864,820,149,740,666,135,983,473,928,685,742,204,889,372,322,25,311,725,648,497,383,450,170,660,152,107,528,332,334,951,884,198,977,385,684,967,136,838,506,242,478,907,201,867,650,173,727,654,962,975,68,852,110,229,432,837,832,582,290,393,238,668,515,900,904,112,51,847,579,9,595,647,855,782,577,161,109,282,94,484,798,513,235,453,468,91,964,315,987,597,769,617,968,498,440,216,538,208,986,67,843,281,793,791,85,84,101,743,293,188,621,762,420,492,340,625,605,396,286,262,186,35,623,102,923,485,842,519,810,767,70,195,117,387,190,656,357,314,941,323,670,29,592,850,609,232,926,920,606,932,583,553,942,425,143,644,466,745,835,590,520,33,274,98,483,345,627,243,979,260,
value : 407.613 running time : 809.221144
0 80 20
103 66.9155 15.4419
819 66.5407 15.9733
598 66.1685 16.501
777 65.7904 17.037
176 65.4013 17.5887
721 65.0076 18.1469
959 64.2682 19.1948
504 63.4786 20.3141
24 62.6873 21.4357
295 61.8826 22.5763
581 61.0637 23.737
555 60.2605 24.8754
164 59.5027 25.9496
45 58.7852 26.9666
831 58.335 27.6048
419 57.902 28.2187
821 57.4634 28.8406
55 57.0329 29.4509
6 56.5988 30.0662
289 56.1772 30.6639
873 55.7824 31.2237
43 55.39 31.78
844 55.0953 32.1977
675 54.8208 32.587
906 54.5 32.7935
978 54.1981 32.9879
828 53.9274 33.1622
634 53.669 33.3285
355 53.4081 33.4964
751 53.144 33.6664
785 52.879 33.837
781 52.6028 34.0148
358 52.3289 34.1912
865 52.0406 34.3768
19 51.7473 34.5656
458 51.4421 34.7621
377 51.1354 34.9595
66 50.8328 35.1543
250 50.514 35.3595
930 50.1913 35.5673
681 49.8662 35.7766
27 49.5403 35.9863
197 49.225 36.1893
790 48.9041 36.396
870 48.5789 36.6053
716 48.2679 36.8055
421 47.9629 37.0019
155 47.6725 37.1888
853 47.3871 37.3725
209 47.1054 37.5539
945 46.8296 37.7314
875 46.8296 37.7314
63 46.8296 37.7314
594 46.8296 37.7314
217 46.8296 37.7314
237 38.6146 41.7493
7 38.6146 41.7493
388 38.6146 41.7493
508 38.6146 41.7493
127 38.6146 41.7493
69 38.5357 41.7219
876 38.4469 41.6909
49 38.3583 41.6601
834 38.2693 41.6292
687 38.1978 41.6043
512 38.1273 41.5797
180 38.0548 41.5545
522 37.9808 41.5288
276 37.9052 41.5024
194 37.8205 41.473
529 37.7334 41.4427
692 37.6498 41.4136
862 37.5661 41.3844
257 37.4815 41.355
917 37.3967 41.3255
38 37.3113 41.2958
543 37.2279 41.2667
342 37.2279 41.2667
472 37.2279 41.2667
848 37.2227 41.2592
452 37.2176 41.2516
679 37.2124 41.244
147 37.2072 41.2365
461 37.202 41.2288
811 37.1952 41.2189
191 37.1884 41.209
480 37.1817 41.1991
989 37.1749 41.1892
269 37.1682 41.1793
356 37.1613 41.1693
935 37.1545 41.1593
748 37.1477 41.1493
210 37.1408 41.1392
664 36.8371 40.695
913 36.5334 40.2507
869 35.9077 39.3356
612 35.4792 38.7089
413 35.4792 38.7089
302 35.4792 38.7089
549 35.4792 38.7089
414 35.4792 38.7089
535 35.4792 38.7089
778 35.4792 38.7089
438 35.4717 38.5783
525 35.4629 38.4244
397 35.4494 38.1908
783 35.4292 37.8373
619 35.407 37.4503
706 35.3799 36.9774
566 35.3496 36.4483
11 35.3119 35.7909
486 35.2403 34.5404
278 35.1817 33.517
586 35.125 32.5273
151 35.0689 31.547
467 34.9816 30.0223
160 34.8958 28.5232
822 34.8071 26.9731
221 34.7241 25.5235
363 34.6324 23.9206
307 34.6081 23.496
573 34.5842 23.0798
111 34.5629 22.7084
64 34.5423 22.3484
704 34.5223 22.001
26 34.5034 21.6713
934 34.4847 21.344
787 34.4643 20.9896
626 34.4423 20.605
702 34.4199 20.2141
379 34.3981 19.8356
351 34.3741 19.4165
709 34.3534 19.0553
653 34.3314 18.6716
883 34.3093 18.2858
261 34.2864 17.8873
643 34.2598 17.4238
824 34.2328 16.9528
518 34.0915 14.4823
310 33.4589 14.4806
337 32.7207 14.4786
407 31.7501 14.476
287 30.5887 14.4729
669 28.0671 14.466
915 25.1919 14.4582
246 23.5764 14.4538
284 21.3324 14.4477
812 13.5111 14.4263
588 13.4916 14.5389
881 13.4715 14.6547
629 13.4511 14.7719
488 13.4301 14.8927
722 13.4084 15.0173
254 13.2169 16.1174
673 13.0324 17.1773
187 12.867 18.1277
902 12.867 18.1277
258 12.867 18.1277
661 12.867 18.1277
348 12.867 18.1278
646 12.867 18.1278
61 12.867 18.1278
682 12.867 18.1278
8 12.867 18.1278
572 12.8717 18.6063
211 12.8762 19.0678
366 12.8808 19.5356
412 12.8855 20.021
741 12.8904 20.5193
963 12.8954 21.0281
362 12.9004 21.5424
674 12.9057 22.089
439 12.9116 22.6924
899 12.9189 23.4428
133 12.9262 24.1948
602 12.9332 24.9133
4 12.9395 25.5589
331 12.9454 26.1675
402 12.9516 26.7994
121 12.9578 27.4367
641 12.9633 27.9978
205 12.9687 28.5555
474 12.9687 28.5555
354 12.9687 28.5555
898 12.2333 31.6328
455 12.173 32.0753
836 12.1067 32.5617
283 12.0413 33.0412
268 11.9652 33.5995
299 11.8886 34.1612
74 11.8088 34.747
794 11.7052 35.5068
655 11.3781 37.913
125 11.3781 37.913
958 11.3781 37.913
943 11.3781 37.913
514 11.3781 37.913
985 11.3781 37.913
829 11.3781 37.9131
990 11.3781 37.9131
700 11.3781 37.9131
65 11.378 37.9131
32 11.378 37.9131
330 11.378 37.9131
228 11.378 37.9131
710 11.378 37.9131
86 11.378 37.9131
328 10.6701 40.5709
123 10.0977 42.7195
499 9.519 44.892
122 8.96615 46.9674
10 8.96615 46.9674
87 8.96616 46.9674
384 9.10757 47.0732
46 9.25281 47.1817
78 9.40203 47.2933
758 9.5226 47.3835
352 9.63882 47.4704
312 9.75463 47.557
47 9.86963 47.643
154 9.98448 47.7289
936 10.0993 47.8147
100 10.2138 47.9004
373 10.3273 47.9852
677 10.4393 48.069
858 10.5469 48.1495
303 10.6513 48.2275
218 10.7535 48.3039
909 10.8547 48.3796
956 10.9542 48.454
463 10.9644 48.4617
731 10.9748 48.4694
691 10.9852 48.4772
341 10.9954 48.4848
148 11.0056 48.4925
908 11.0158 48.5001
652 11.0249 48.5069
214 11.034 48.5137
222 11.0433 48.5206
423 11.0525 48.5275
212 11.0617 48.5344
805 11.071 48.5414
863 11.0803 48.5483
182 11.0897 48.5553
142 11.099 48.5623
157 11.1081 48.5691
57 11.1174 48.5761
972 11.1268 48.5831
771 11.1361 48.5901
565 11.1453 48.5969
166 11.1544 48.6037
925 11.1636 48.6106
708 11.1727 48.6175
841 11.182 48.6244
489 11.1913 48.6313
542 11.2006 48.6383
949 11.2099 48.6453
336 11.2191 48.6521
527 11.2282 48.6589
749 11.2373 48.6658
616 11.2466 48.6727
770 11.2558 48.6796
116 11.265 48.6864
534 11.2744 48.6935
505 11.2838 48.7005
663 11.2932 48.7076
849 11.3025 48.7145
128 11.9362 49.1881
475 14.6835 51.2409
59 15.5435 51.8836
422 15.9159 52.1619
391 16.2598 52.419
705 16.5778 52.6567
324 16.8614 52.8687
233 17.1195 53.0616
545 17.3585 53.2403
723 17.5673 53.3964
510 17.7772 53.5533
688 17.9635 53.6926
797 18.1099 53.802
403 18.2533 53.9093
938 18.3982 54.0176
476 18.545 54.1273
698 18.7123 54.2524
496 18.8826 54.3797
37 19.0569 54.5101
981 19.8975 55.1383
603 20.6845 55.7264
764 21.1695 56.089
957 21.6346 56.4366
349 22.0392 56.739
633 22.4154 57.0203
279 22.7938 57.3031
174 23.2052 57.6107
965 23.9397 58.1596
891 24.543 58.6105
382 25.0462 58.9867
507 25.5373 59.3538
897 26.0274 59.7201
729 26.5236 60.091
903 27.0208 60.4626
901 27.5109 60.8289
137 27.9963 61.1918
89 28.4737 61.5486
733 28.9626 61.9141
34 29.4617 62.2871
971 30.0031 62.6918
359 30.5586 63.107
809 31.1019 63.5131
878 31.6134 63.8954
756 32.0919 64.2531
225 32.619 64.647
779 32.9792 64.9163
493 33.08 64.9917
735 33.1806 65.0669
370 33.3083 65.1624
720 33.4433 65.2633
471 33.5811 65.3664
533 33.7089 65.4619
558 33.8357 65.5567
839 33.8193 65.5801
30 33.8029 65.6036
922 33.7863 65.6273
104 33.7692 65.6518
929 33.752 65.6765
676 33.7346 65.7015
576 33.7159 65.7282
765 33.697 65.7554
540 33.6779 65.7827
390 33.6597 65.8087
21 33.6416 65.8346
410 33.6235 65.8606
732 33.6052 65.8868
662 33.5865 65.9136
134 33.5681 65.9399
523 33.5495 65.9665
56 33.5308 65.9933
264 33.512 66.0202
80 33.4853 66.0585
404 33.4585 66.0969
683 33.4314 66.1357
804 33.404 66.175
715 33.3761 66.2149
894 33.3479 66.2553
912 33.305 66.3167
645 33.2618 66.3786
54 33.2178 66.4416
144 33.1732 66.5055
459 33.0332 66.6626
976 32.8803 66.8341
365 32.7354 66.9967
350 32.5847 67.1658
596 31.675 68.1866
189 30.406 69.6104
591 29.8955 69.6932
296 29.3717 69.778
599 29.3717 69.778
910 29.3717 69.778
226 29.3717 69.778
124 29.3717 69.778
270 29.3717 69.778
872 29.3717 69.778
60 29.3717 69.778
614 29.3717 69.778
16 29.3067 69.7809
501 29.2412 69.7838
220 29.1765 69.7866
604 29.1128 69.7894
724 29.049 69.7922
571 28.9841 69.7951
308 28.9188 69.7979
578 28.8535 69.8008
574 28.8178 69.8024
950 28.7823 69.8039
333 28.747 69.8055
658 28.7121 69.807
788 28.6772 69.8086
587 28.6428 69.8101
946 28.6083 69.8116
175 28.5741 69.8131
806 28.5388 69.8147
223 28.496 69.8166
730 28.4526 69.8185
252 28.4088 69.8204
689 28.3647 69.8223
454 28.3203 69.8243
537 28.2759 69.8262
846 28.2312 69.8282
789 28.1867 69.8302
171 28.1417 69.8322
163 28.0934 69.8343
327 27.8834 69.8435
451 27.6678 69.8529
266 27.5166 69.8596
267 27.3632 69.8663
640 27.1975 69.8736
291 27.0258 69.8811
888 26.6531 69.8974
552 26.2835 69.9136
411 25.9247 69.9293
443 25.585 69.9441
526 25.2667 69.9581
635 24.958 69.9716
41 24.6551 69.9849
79 23.4722 70.0365
329 22.2973 70.0877
400 21.1738 70.1367
726 20.1886 70.1797
550 19.2434 70.221
3 18.2209 70.2656
244 17.3671 70.3029
275 16.8282 70.3265
600 16.2792 70.3505
99 15.7039 70.3756
338 15.096 70.4022
927 14.4576 70.4301
298 13.7029 70.463
48 13.6179 70.4667
132 13.3703 70.4147
376 13.1651 70.3716
361 12.921 70.3203
255 12.7138 70.2768
479 12.4423 70.2197
701 12.2078 70.1705
184 11.9953 70.1258
607 11.8057 70.086
272 11.5676 70.036
427 11.3518 69.9906
162 11.1146 69.9408
717 10.9109 69.898
531 10.6838 69.8503
97 10.6838 69.8503
502 10.6838 69.8503
457 10.6838 69.8503
503 10.6838 69.8503
371 10.6838 69.8503
381 10.6838 69.8503
734 10.6838 69.8503
657 10.6838 69.8503
445 10.6838 69.8503
825 10.6838 69.8503
81 10.6838 69.8503
192 10.6838 69.8503
739 10.6838 69.8504
113 10.6838 69.8504
429 10.6838 69.8504
966 10.6838 69.8504
939 10.6838 69.8504
879 10.6838 69.8504
639 10.6838 69.8504
680 10.6838 69.8504
601 10.6838 69.8504
589 10.6838 69.8504
347 10.6838 69.8504
224 10.6823 69.9168
234 10.6807 69.9879
219 10.679 70.062
784 10.6772 70.1385
517 10.6755 70.2143
196 10.6736 70.296
703 10.6717 70.3794
760 10.6697 70.4643
772 10.6677 70.5523
168 10.6656 70.6437
924 10.6634 70.7425
970 10.661 70.8446
686 10.6588 70.9438
694 10.6565 71.0437
77 10.6541 71.1454
948 10.6519 71.2443
890 10.6496 71.343
482 10.6472 71.4484
114 10.6449 71.5503
799 10.6426 71.6516
131 10.6402 71.7557
14 10.6378 71.8584
524 10.6353 71.9679
630 10.6329 72.0752
326 10.6305 72.1807
500 10.6279 72.2939
130 10.6252 72.4115
119 10.6226 72.5251
374 10.6201 72.6354
321 10.6174 72.7505
207 10.6146 72.8733
667 10.6119 72.994
277 10.6091 73.1152
665 10.6064 73.2353
747 10.6035 73.3588
398 10.5817 74.337
560 10.5602 75.3054
815 10.5382 76.2948
608 10.5191 77.1494
944 10.504 77.8256
695 10.4899 78.4535
487 10.4806 78.8661
955 10.4716 79.2655
860 10.4625 79.6733
991 10.4535 80.0725
551 10.4445 80.4728
90 10.4353 80.8814
796 10.4256 81.3143
346 10.4157 81.7512
554 10.4057 82.1973
556 10.3951 82.6683
830 10.3844 83.1457
75 10.3732 83.6458
316 10.3615 84.169
728 10.3485 84.7453
339 10.3348 85.3604
433 10.3153 86.2323
203 10.2948 87.1522
750 10.2744 88.0667
169 10.2729 88.1345
969 10.2714 88.1995
546 10.2698 88.2685
570 10.2682 88.3354
401 10.2667 88.4014
426 10.2651 88.47
444 10.2636 88.5378
803 10.262 88.6052
892 10.2604 88.6754
364 10.2589 88.7427
557 10.2573 88.8106
405 10.2558 88.8778
711 10.2542 88.9463
914 10.2525 89.0177
759 10.2509 89.089
106 10.2494 89.1555
263 10.2477 89.2266
792 10.2461 89.2974
1 10.2445 89.3667
95 10.2429 89.4385
615 10.2412 89.5115
399 10.2395 89.5845
31 10.2378 89.658
213 10.2362 89.7283
982 10.2358 89.7461
199 10.2354 89.7638
585 10.235 89.7814
827 10.2346 89.7989
988 10.2341 89.8164
138 10.2666 89.8163
304 10.299 89.8163
386 10.3312 89.8162
88 10.3633 89.8161
153 10.3942 89.8161
39 10.4253 89.816
301 10.4572 89.816
628 10.4892 89.8159
718 10.5213 89.8158
678 10.5536 89.8158
442 10.5867 89.8157
236 10.6192 89.8156
568 10.6516 89.8156
905 10.6841 89.8155
200 10.717 89.8154
447 10.7499 89.8154
868 10.783 89.8153
435 10.8172 89.8152
108 10.8517 89.8152
953 10.8865 89.8151
247 10.9222 89.815
446 10.9578 89.8149
17 10.9935 89.8149
462 11.0287 89.8148
916 11.0634 89.8147
693 11.0976 89.8147
637 11.1321 89.8146
436 11.1669 89.8145
547 11.2018 89.8145
380 11.2377 89.8144
300 11.274 89.8143
178 11.3403 89.8142
325 11.6393 89.8136
719 11.9418 89.813
240 12.2926 89.8123
736 13.0718 89.8107
780 14.317 89.8082
859 15.7715 89.8053
249 16.5261 89.8038
44 17.2027 89.8024
699 17.7667 89.8012
886 18.4278 89.7999
871 19.058 89.7986
431 19.6632 89.7974
696 20.2535 89.7962
58 20.7822 89.7952
227 21.3135 89.7941
808 21.9234 89.7929
973 22.091 89.7925
430 22.2809 89.7922
428 22.4602 89.7918
409 22.6289 89.7914
288 22.7927 89.7911
28 22.9581 89.7908
2 23.1142 89.7905
651 23.1976 89.7903
368 23.2814 89.7901
50 23.3657 89.79
418 23.4509 89.7898
469 23.5355 89.7896
490 23.6221 89.7894
631 23.7081 89.7893
491 23.7916 89.7891
776 23.8764 89.7889
76 23.967 89.7887
36 24.0564 89.7886
456 24.1452 89.7884
610 24.2352 89.7882
13 24.3243 89.788
167 24.4188 89.7878
256 24.5111 89.7876
918 24.5925 89.7875
231 24.6721 89.7873
773 24.747 89.7872
611 24.8198 89.787
360 24.8909 89.7869
757 24.9653 89.7867
786 25.0398 89.7866
521 25.1126 89.7864
424 25.1865 89.7863
183 25.261 89.7861
93 25.3368 89.786
306 25.4238 89.7858
495 25.5104 89.7856
15 25.6104 89.7854
933 25.7398 89.7852
593 25.8771 89.7849
761 26.0209 89.7846
833 26.1651 89.7843
885 26.3133 89.784
712 26.4633 89.7837
714 26.6276 89.7834
768 26.8194 89.783
115 27.0249 89.7826
697 27.3243 89.782
441 27.6623 89.7813
753 28.0765 89.7804
253 28.697 89.7792
141 29.3135 89.778
150 29.8916 89.7768
795 30.4628 89.7756
707 31.012 89.7745
392 31.5058 89.7735
120 31.9625 89.7726
954 32.4342 89.7717
672 33.4862 89.7695
165 34.6466 89.7672
548 34.7246 89.767
877 34.8021 89.7669
172 34.8789 89.7667
394 34.9553 89.7666
22 35.0309 89.7664
738 35.1061 89.7663
139 35.1805 89.7661
449 35.2542 89.766
840 35.3261 89.7658
960 35.3964 89.7657
649 35.4694 89.7655
73 35.541 89.7654
638 35.6145 89.7652
20 35.6887 89.7651
96 35.9603 89.7645
241 36.252 89.764
181 36.5361 89.7634
230 36.8043 89.7628
919 37.0735 89.7623
416 37.3548 89.7617
613 37.6261 89.7612
448 37.9053 89.7606
437 38.1848 89.76
72 38.4598 89.7595
92 38.742 89.7589
271 39.0474 89.7583
974 39.3804 89.7576
265 39.7396 89.7569
569 40.1279 89.7561
752 40.5213 89.7553
305 41.0328 89.7543
470 41.4907 89.7534
807 42.0596 89.7522
129 42.6581 89.751
292 43.2932 89.7497
146 44.1618 89.7479
53 45.666 89.7449
911 49.446 89.7373
389 49.446 89.7373
814 49.446 89.7373
559 49.446 89.7373
874 49.446 89.7373
766 49.446 89.7373
344 49.4583 89.7161
713 49.4702 89.6957
511 49.4823 89.6747
156 49.494 89.6545
248 49.5054 89.6349
343 49.5178 89.6135
659 49.53 89.5925
40 49.5431 89.5699
532 49.5565 89.5469
961 49.569 89.5252
763 49.5811 89.5045
746 49.5933 89.4834
215 49.6051 89.4631
774 49.6431 89.4339
584 49.681 89.4047
563 49.7181 89.3763
541 49.7478 89.3535
564 49.7786 89.3298
105 49.8089 89.3066
309 49.84 89.2827
896 49.8735 89.2569
5 49.9069 89.2313
434 49.9435 89.2032
866 49.981 89.1743
12 50.0202 89.1443
294 50.0577 89.1154
562 50.095 89.0868
202 50.1317 89.0586
690 50.168 89.0307
624 50.2039 89.0031
406 50.2408 88.9748
245 50.2772 88.9468
375 50.3131 88.9192
206 50.3513 88.8899
755 50.391 88.8594
62 50.4296 88.8298
140 50.4686 88.7998
952 50.5069 88.7704
118 50.5454 88.7408
575 50.5835 88.7115
23 50.6196 88.6839
313 50.6592 88.6534
239 50.6988 88.623
887 50.7396 88.5917
536 50.7793 88.5612
408 50.8193 88.5304
636 50.8597 88.4994
193 50.8995 88.4688
82 50.9395 88.4381
851 50.9794 88.4075
539 51.0192 88.3769
126 51.0606 88.3451
861 51.1013 88.3138
415 51.1416 88.2829
561 51.1815 88.2523
940 51.2297 88.2152
530 51.2772 88.1787
516 51.3248 88.1421
754 51.3734 88.1048
931 51.422 88.0675
642 51.4568 88.0408
802 51.4917 88.0139
826 51.5249 87.9885
369 51.5578 87.9632
856 51.5899 87.9385
882 51.6231 87.913
895 51.8562 87.734
618 52.0695 87.5702
737 52.2878 87.4024
980 52.5055 87.2352
319 52.7286 87.0639
320 52.9636 86.8834
335 53.2129 86.6919
280 53.4435 86.5148
259 53.6641 86.3453
177 53.8813 86.1785
179 54.0818 86.0245
185 54.283 85.87
273 54.4984 85.7045
857 54.5941 85.631
367 54.6509 85.5874
317 54.7092 85.5426
816 54.7656 85.4993
477 54.8216 85.4562
567 54.8763 85.4142
880 54.93 85.373
947 54.9838 85.3317
622 55.0386 85.2895
632 55.0521 85.2792
395 55.5641 85.3442
801 56.0527 85.4062
800 56.5338 85.4673
921 57.0252 85.5297
671 58.0432 85.659
460 59.0988 85.793
509 60.1261 85.9235
71 63.0913 86.3
818 65.4177 86.5952
481 65.7248 86.6341
744 66.0271 86.6724
18 66.3172 86.7091
378 66.6068 86.7458
775 66.8944 86.7822
251 67.1861 86.8191
937 67.4608 86.8539
42 67.7354 86.8887
823 68.0076 86.9232
984 68.2857 86.9584
817 68.5676 86.9941
992 68.8625 87.0315
417 69.1807 87.0718
83 69.483 87.1101
285 69.782 87.1479
159 70.0766 87.1852
297 70.3755 87.2231
620 70.6721 87.2607
813 70.9865 87.3005
845 71.308 87.3412
353 71.63 87.382
52 71.9611 87.4239
544 72.3142 87.4687
145 72.6888 87.5161
318 73.07 87.5644
464 73.4729 87.6155
854 74.4764 87.7427
580 75.5204 87.8751
494 75.5204 87.8752
893 75.5205 87.8752
158 75.5205 87.8752
465 75.5206 87.8752
864 75.5206 87.8752
820 75.5207 87.8752
149 75.5207 87.8752
740 76.5491 87.9569
666 77.6966 88.0481
135 78.7292 88.1302
983 79.6619 88.2044
473 80.3174 88.2565
928 80.9811 88.3093
685 82.0282 86.6365
742 83.1682 84.8151
204 84.1579 83.2338
889 85.28 81.4407
372 86.4424 79.5836
322 86.4421 79.5527
25 86.4396 79.27
311 86.4362 78.8805
725 86.433 78.509
648 86.4142 76.3653
497 86.3153 65.0634
383 86.3153 65.0634
450 86.3153 65.0634
170 86.3153 65.0634
660 86.3153 65.0634
152 83.9391 62.721
107 83.8667 62.6498
528 83.7935 62.5776
332 83.715 62.5003
334 83.6353 62.4217
951 83.5567 62.3443
884 83.3108 62.4148
198 83.0481 62.4901
977 82.7785 62.5674
385 82.5093 62.6446
684 82.225 62.726
967 81.9445 62.8065
136 81.6679 62.8857
838 80.4104 63.2466
506 78.883 63.685
242 77.0933 64.1987
478 74.7314 64.8769
907 72.4424 65.5339
201 71.6233 65.7689
867 70.8616 65.9874
650 70.0988 66.2063
173 69.3608 66.418
727 68.6268 66.6285
654 67.9073 66.8349
962 67.1813 67.0432
975 66.4485 67.2534
68 65.6932 67.47
852 64.8869 67.7013
110 63.8839 67.9891
229 62.7628 68.3109
432 62.7628 68.3109
837 62.7628 68.3109
832 62.7628 68.3109
582 62.7628 68.3109
290 62.7628 68.3109
393 62.7628 68.3109
238 62.7628 68.3109
668 62.7628 68.3109
515 62.7628 68.3109
900 62.7628 68.3109
904 62.7628 68.3109
112 62.7628 68.3109
51 62.7628 68.3109
847 62.7628 68.3109
579 62.7628 68.3109
9 62.1178 68.1742
595 61.3819 68.0184
647 60.7111 67.8763
855 60.0702 67.7405
782 59.4464 67.6084
577 58.955 67.5044
161 58.5297 67.4144
109 58.1062 67.3247
282 57.7162 67.2422
94 57.3271 67.1598
484 56.9833 67.087
798 56.7962 67.0475
513 56.6143 67.009
235 56.6069 66.5198
453 56.5991 66.0031
468 56.5911 65.4715
91 56.5823 64.8943
964 56.5741 64.3473
315 56.5642 63.6926
987 56.5539 63.0178
597 56.5447 62.4154
769 56.5447 62.4154
617 56.5462 62.3961
968 56.5478 62.3767
498 56.5493 62.3575
440 56.5509 62.3377
216 56.5524 62.3181
538 56.554 62.2986
208 56.5556 62.2785
986 56.5572 62.2586
67 56.6834 60.6871
843 56.824 58.9388
281 56.824 58.9388
793 56.824 58.9388
791 56.824 58.9388
85 56.824 58.9388
84 56.824 58.9388
101 56.824 58.9388
743 56.824 58.9388
293 56.824 58.9388
188 56.824 58.9388
621 56.824 58.9388
762 57.4296 58.4677
420 57.9759 58.0427
492 57.9759 58.0427
340 57.9759 58.0427
625 58.1226 57.9111
605 58.2701 57.7788
396 58.5579 57.5208
286 58.8599 57.25
262 59.1624 56.9788
186 59.4717 56.7015
35 59.784 56.4215
623 60.0906 56.1467
102 60.4034 55.8662
923 60.7317 55.5719
485 61.5505 54.838
842 62.3857 54.0895
519 63.2831 53.2852
810 64.2429 52.425
767 65.5118 51.288
70 66.8525 50.0866
195 68.2049 48.8747
117 69.3926 47.8103
387 70.6083 46.7209
190 70.6332 46.6794
656 70.659 46.6363
357 70.6898 46.5849
314 70.7207 46.5333
941 70.7524 46.4804
323 70.7884 46.4203
670 70.825 46.3591
29 70.8616 46.2981
592 70.8984 46.2367
850 70.9355 46.1747
609 70.9719 46.114
232 71.009 46.052
926 71.0465 45.9895
920 71.0835 45.9277
606 71.1209 45.8653
932 71.159 45.8017
583 71.1977 45.7371
553 71.2372 45.6712
942 71.2777 45.6036
425 71.8108 44.7129
143 72.4105 43.711
644 73.089 42.5773
466 74.3089 40.5388
745 75.6146 38.3569
835 76.9969 36.047
590 78.2936 33.8802
520 79.2539 32.2757
33 80.1628 30.7571
274 81.0495 29.2754
98 83.32 25.4808
483 86.1527 17.4828
345 86.0834 17.5111
627 86.0119 17.5404
243 85.9346 17.572
979 85.8505 17.6064
260 85.7649 17.6414
