0,103,777,295,721,581,176,819,24,504,959,598,831,164,821,377,66,875,217,6,358,209,781,785,865,27,873,930,681,55,751,355,634,828,63,43,716,555,262,472,844,906,978,421,594,197,458,19,843,492,155,848,870,69,876,127,790,452,512,180,522,342,276,210,38,619,687,356,935,250,237,413,438,508,461,913,783,679,706,147,269,535,525,397,543,603,388,811,191,480,7,989,11,853,549,778,414,257,862,692,194,529,49,37,486,566,834,664,748,869,151,917,289,419,586,111,518,934,653,709,407,573,351,643,160,287,310,337,261,822,883,704,363,278,64,379,26,284,467,221,899,307,824,246,626,702,915,439,787,354,902,669,661,588,474,488,646,722,812,187,836,741,211,412,366,61,362,629,331,254,682,8,674,881,348,572,710,455,602,87,963,990,985,10,514,133,943,212,829,958,700,205,74,330,258,402,794,898,641,673,86,121,299,423,32,268,65,4,283,612,936,328,125,499,652,463,749,403,655,46,422,303,858,663,174,691,938,391,122,279,116,505,542,341,47,222,841,100,731,384,476,148,972,142,908,771,698,128,797,352,154,489,949,496,909,123,764,218,758,770,527,677,925,805,312,863,157,214,565,57,166,534,849,708,233,616,373,956,78,228,545,723,324,182,475,59,336,633,688,34,507,705,510,349,571,903,635,600,927,302,471,493,929,596,809,163,171,104,676,640,267,839,30,912,756,533,720,891,370,922,574,226,540,454,689,252,591,410,89,365,54,404,724,732,56,971,80,715,523,134,976,840,459,189,270,779,308,124,144,872,576,765,806,390,21,225,175,60,733,443,382,223,730,878,99,552,924,950,981,910,291,359,957,645,599,451,735,729,137,901,79,662,327,604,788,487,501,789,630,16,587,701,757,275,888,658,266,168,601,897,846,965,537,329,526,431,333,556,427,948,272,339,726,772,686,760,717,799,255,81,429,220,113,482,14,3,524,132,411,739,946,131,955,939,347,130,680,639,589,219,734,321,445,119,371,694,657,381,970,747,398,860,551,207,374,825,338,114,502,517,192,796,531,196,784,234,298,890,184,277,178,607,224,361,376,879,326,97,48,457,503,703,479,966,77,240,346,991,667,500,728,433,162,400,665,554,830,628,546,570,401,426,444,803,892,364,557,203,90,325,719,316,608,405,718,944,300,969,988,95,780,815,435,914,200,301,169,905,953,678,615,153,447,585,236,792,263,759,560,399,31,750,213,360,138,827,39,1,711,106,568,868,108,247,446,462,916,693,637,436,547,380,75,288,495,15,386,304,982,88,736,199,17,244,695,859,699,638,886,871,714,521,768,96,115,697,150,441,593,753,833,761,253,808,795,973,430,428,93,2,954,368,696,141,418,469,490,631,491,933,183,776,712,120,76,36,786,44,456,610,424,651,227,249,58,13,306,578,707,50,28,409,885,611,20,442,550,563,672,41,470,167,296,265,139,416,960,230,392,613,752,814,548,256,53,766,807,773,614,649,181,562,569,918,22,394,172,215,82,294,974,375,561,146,271,92,73,437,636,5,389,877,516,193,539,165,449,129,231,738,305,309,292,532,746,874,642,980,72,919,511,541,259,408,367,448,350,536,241,40,851,179,774,880,369,12,335,313,940,559,229,280,530,947,126,755,245,406,343,659,575,961,856,895,105,239,763,754,564,206,248,896,887,882,156,140,952,624,118,23,434,415,861,826,866,713,177,618,737,816,319,320,202,185,344,911,567,584,931,62,460,145,378,984,395,317,801,690,582,800,775,465,579,481,83,937,744,900,867,71,52,823,494,817,149,477,318,417,273,992,622,353,813,845,464,742,620,285,159,42,544,580,864,820,893,135,983,666,251,854,740,158,322,725,928,648,473,311,450,25,685,660,889,528,372,204,884,684,497,107,242,838,506,951,110,852,383,332,977,385,170,198,201,136,932,67,962,290,975,668,595,393,942,334,650,727,904,837,18,605,515,654,152,340,173,832,297,671,818,509,51,802,782,264,235,894,683,743,923,101,216,91,597,558,281,315,964,798,84,907,647,804,282,987,238,617,855,769,208,986,440,109,847,921,112,9,161,577,453,857,621,186,94,968,484,632,432,513,188,190,485,842,945,538,286,468,498,793,623,102,519,293,810,35,85,625,762,791,68,478,420,767,70,606,941,656,396,583,357,387,466,920,323,670,29,553,592,850,609,232,926,745,143,274,644,675,45,314,117,967,195,425,835,33,520,590,98,979,345,483,627,243,260,
value : 430.001 running time : 623.129586
0 80 20
103 66.6607 15.5206
777 66.1699 16.1397
295 65.748 16.6719
721 65.3997 17.1112
581 64.6956 17.9994
176 64.0623 18.7983
819 63.2025 19.8828
24 62.4905 20.7811
504 61.7362 21.7326
959 60.7983 22.9157
598 59.8809 24.073
831 58.3585 25.9934
164 56.8409 27.9077
821 55.6821 29.3696
377 54.2425 31.1856
66 53.0708 32.6636
875 52.3231 33.6068
217 52.1742 33.7947
6 52.044 33.9589
358 51.8754 34.1715
209 51.7101 34.38
781 51.5453 34.5879
785 51.3622 34.819
865 51.181 35.0476
27 51.0047 35.2699
873 50.8228 35.4993
930 50.6159 35.7604
681 50.4285 35.9968
55 50.2464 36.2265
751 50.0334 36.4952
355 49.8142 36.7717
634 49.593 37.0507
828 49.3653 37.3379
63 49.0852 37.6912
43 48.8505 37.9873
716 48.5586 38.3556
555 48.2897 38.6948
262 46.5773 40.8549
472 46.4647 40.8864
844 46.3651 40.9143
906 46.2664 40.942
978 46.169 40.9693
421 46.0412 41.0051
594 45.9336 41.0352
197 45.6741 41.1079
458 45.4361 41.1746
19 45.1574 41.2527
843 44.8815 41.33
492 44.5996 41.409
155 44.2995 41.493
848 44.0305 41.5684
870 43.7681 41.6419
69 43.4581 41.7288
876 43.1136 41.8253
127 42.8586 41.8967
790 42.7609 41.8147
452 42.679 41.7459
512 42.5992 41.6789
180 42.516 41.6091
522 42.4323 41.5388
342 42.3491 41.469
276 42.2598 41.394
210 42.1701 41.3187
38 42.0629 41.2287
619 42.0629 41.2287
687 42.0629 41.2287
356 42.0629 41.2287
935 42.0629 41.2287
250 42.0629 41.2287
237 38.2151 41.8814
413 37.8208 41.9482
438 37.4782 42.0063
508 37.4403 42.0127
461 37.404 42.0189
913 37.3593 42.0265
783 37.3199 42.0332
679 37.2765 42.0405
706 37.2326 42.048
147 37.1852 42.056
269 37.1354 42.0644
535 37.0849 42.073
525 37.0377 42.081
397 36.9914 42.0889
543 36.9476 42.0963
603 36.9062 42.1033
388 36.8263 41.9126
811 36.7527 41.7369
191 36.6853 41.576
480 36.6215 41.4238
7 36.5534 41.2614
989 36.4871 41.1032
11 36.4111 40.9219
853 36.34 40.7521
549 36.268 40.5804
778 36.268 40.5804
414 36.268 40.5804
257 36.268 40.5804
862 36.268 40.5804
692 36.268 40.5804
194 36.268 40.5804
529 36.268 40.5804
49 36.268 40.5804
37 36.268 40.5804
486 36.9899 35.1674
566 37.0137 34.9893
834 37.0412 34.7825
664 37.0646 34.6069
748 37.0903 34.4144
869 37.2033 33.5659
151 37.32 32.6903
917 37.4978 31.3562
289 38.0132 27.4941
419 38.5982 23.107
586 38.3997 22.0799
111 37.8909 19.4481
518 37.3568 16.6847
934 36.9974 16.8918
653 36.6528 17.0903
709 36.2405 17.3279
407 35.9474 17.4967
573 35.6199 17.6854
351 35.2749 17.8842
643 34.9109 18.0939
160 34.6513 18.2435
287 34.4574 18.3552
310 34.2309 18.4857
337 33.9919 18.6234
261 33.7444 18.766
822 33.4943 18.9101
883 33.2656 19.0419
704 33.0335 19.1756
363 32.7833 19.3198
278 32.5055 19.4798
64 32.5055 19.4798
379 32.5055 19.4798
26 32.5055 19.4798
284 32.5055 19.4798
467 32.5055 19.4798
221 31.1717 19.1636
899 30.1141 18.9129
307 29.5649 18.7827
824 28.9958 18.6478
246 28.4233 18.5121
626 27.8663 18.38
702 27.2525 18.2345
915 26.6926 18.1018
439 26.1324 17.9689
787 25.6045 17.8438
354 24.583 17.6016
902 23.4082 17.3231
669 22.2815 17.056
661 20.138 16.5479
588 18.2046 16.0895
474 16.9307 15.7875
488 15.4265 15.4309
646 13.797 15.0447
722 13.1545 14.8923
812 12.9757 14.8499
187 12.8345 17.3445
836 12.8319 17.3907
741 12.8289 17.4435
211 12.8261 17.4937
412 12.8229 17.5512
366 12.8198 17.6054
61 12.8166 17.6627
362 12.8134 17.7191
629 12.8104 17.772
331 12.8068 17.8362
254 12.8039 17.887
682 12.801 17.938
8 12.7982 17.9878
674 12.7787 18.3332
881 12.7595 18.6737
348 12.6715 20.2342
572 12.5682 22.0668
710 12.487 23.5048
455 12.4168 24.7508
602 12.3433 26.0543
87 12.2741 27.2803
963 12.2234 28.1795
990 12.1585 29.3307
985 12.1399 29.659
10 12.1216 29.9847
514 12.1058 30.2652
133 12.0889 30.5635
943 12.0707 30.8862
212 12.0501 31.2516
829 12.0354 31.5135
958 12.0195 31.7937
700 12.0051 32.0499
205 11.9919 32.2845
74 11.98 32.4956
330 11.9649 32.7618
258 11.9649 32.7618
402 11.9649 32.7618
794 11.9649 32.7618
898 11.9649 32.7618
641 11.9622 32.9189
673 11.9592 33.0953
86 11.9559 33.2862
121 11.9529 33.4611
299 11.9497 33.6455
423 11.9463 33.8436
32 11.9433 34.0193
268 11.9405 34.1845
65 11.9373 34.3665
4 11.9342 34.5448
283 11.9305 34.761
612 11.927 34.9668
936 11.5697 39.8845
328 11.5346 40.3669
125 11.498 40.87
499 11.4526 41.4948
652 11.4073 42.1182
463 11.3647 42.7052
749 11.3258 43.2405
403 11.2913 43.7149
655 11.2659 44.0643
46 11.1394 45.8055
422 10.9276 48.7201
303 10.9184 48.8468
858 10.9096 48.9679
663 10.9011 49.0846
174 10.8912 49.2215
691 10.8809 49.3625
938 10.8718 49.4875
391 10.863 49.6084
122 10.8544 49.7279
279 10.8829 49.7465
116 10.906 49.7616
505 10.9352 49.7806
542 10.9631 49.7988
341 10.9891 49.8158
47 11.0156 49.8331
222 11.0442 49.8517
841 11.0723 49.8701
100 11.1001 49.8882
731 11.1274 49.906
384 11.1568 49.9252
476 11.1916 49.9479
148 11.2233 49.9686
972 11.2535 49.9883
142 11.2852 50.009
908 11.3141 50.0278
771 11.3398 50.0446
698 11.3654 50.0612
128 11.3879 50.0759
797 11.4196 50.0966
352 11.446 50.1139
154 11.4723 50.131
489 11.5 50.1491
949 11.5317 50.1697
496 11.56 50.1882
909 11.5851 50.2046
123 11.6129 50.2227
764 11.644 50.243
218 11.6697 50.2598
758 11.6991 50.279
770 11.7237 50.295
527 11.7499 50.3121
677 11.78 50.3317
925 11.8058 50.3486
805 11.8322 50.3658
312 11.8563 50.3815
863 11.8827 50.3987
157 11.9087 50.4157
214 11.9376 50.4345
565 11.9681 50.4545
57 11.9923 50.4703
166 12.0175 50.4867
534 12.0447 50.5044
849 12.0688 50.5202
708 12.576 50.8511
233 13.1389 51.2183
616 13.5078 51.4591
373 13.9416 51.7421
956 14.398 52.0399
78 14.7884 52.2946
228 15.2036 52.5655
545 15.7511 52.9228
723 16.0068 53.0896
324 16.6572 53.697
182 17.2143 54.2173
475 17.8068 54.7707
59 18.567 55.4807
336 19.2198 56.0904
633 19.9082 56.7332
688 20.6146 57.3929
34 21.2541 57.9902
507 21.865 58.5608
705 22.4481 59.1053
510 23.0456 59.6634
349 23.6567 60.2341
571 24.2433 60.782
903 24.5868 61.1028
635 24.9288 61.4222
600 25.3767 61.222
927 26.5609 60.6929
302 27.8892 60.0995
471 31.928 64.2952
493 32.0658 64.4384
929 32.2083 64.5865
596 32.3671 64.7514
809 32.5088 64.8987
163 32.6642 65.0601
171 32.801 65.2023
104 32.9225 65.3285
676 33.0509 65.4619
640 33.0509 65.4619
267 33.0509 65.4619
839 33.0509 65.4619
30 33.0509 65.4619
912 33.0509 65.4619
756 33.0509 65.4619
533 33.0509 65.4619
720 33.0509 65.4619
891 33.0509 65.4619
370 33.0509 65.4619
922 33.0715 65.5892
574 33.0956 65.7382
226 33.1186 65.8803
540 33.1382 66.0013
454 33.1506 66.078
689 33.1625 66.152
252 33.1741 66.2232
591 33.1843 66.2862
410 33.1943 66.3481
89 33.2043 66.4099
365 33.25 66.6925
54 33.2946 66.9682
404 33.3427 67.2656
724 33.3878 67.5445
732 33.4268 67.7854
56 33.4754 68.0856
971 33.5237 68.3843
80 33.5774 68.7159
715 33.6267 69.0203
523 33.6786 69.3413
134 33.7308 69.6643
976 33.7819 69.9796
840 33.8303 70.2789
459 33.8303 70.2789
189 33.8303 70.2789
270 33.8303 70.2789
779 33.8303 70.2789
308 33.8303 70.2789
124 33.8303 70.2789
144 33.8303 70.2789
872 33.8303 70.2789
576 33.8303 70.2789
765 33.4172 70.2224
806 32.9971 70.1649
390 32.5484 70.1035
21 32.1504 70.0491
225 31.7576 69.9953
175 31.2724 69.9289
60 30.7512 69.8576
733 30.2016 69.7825
443 29.7225 69.7169
382 29.3801 69.6701
223 29.0723 69.628
730 28.7195 69.5797
878 28.3602 69.5305
99 27.9532 69.4749
552 27.57 69.4224
924 27.2156 69.3739
950 26.8858 69.3288
981 26.5718 69.2859
910 26.5718 69.2859
291 26.4842 69.289
359 26.3252 69.2946
957 26.1625 69.3004
645 26.0074 69.3059
599 25.834 69.312
451 25.6645 69.3181
735 25.5148 69.3234
729 25.3714 69.3285
137 25.2339 69.3333
901 25.0749 69.339
79 24.9224 69.3444
662 24.7887 69.3492
327 24.5972 69.356
604 24.4235 69.3621
788 24.2379 69.3687
487 24.043 69.3756
501 23.8774 69.3815
789 23.6924 69.3881
630 23.4951 69.3951
16 23.3438 69.4005
587 23.1688 69.4067
701 22.9844 69.4132
757 22.8202 69.419
275 22.4448 69.4324
888 22.0819 69.4453
658 21.7071 69.4586
266 21.3327 69.4719
168 20.9312 69.4862
601 20.5836 69.4985
897 20.2288 69.5111
846 19.8756 69.5237
965 19.5236 69.5362
537 19.1271 69.5503
329 18.681 69.5661
526 18.2706 69.5807
431 17.8218 69.5966
333 17.3232 69.6143
556 15.7296 69.6709
427 15.4959 69.6792
948 15.2945 69.6864
272 15.1085 69.693
339 14.9196 69.6997
726 14.7143 69.707
772 14.4922 69.7149
686 14.2199 69.7246
760 14.0073 69.7321
717 13.7941 69.7397
799 13.6069 69.7464
255 13.4527 69.7518
81 13.3224 69.7565
429 13.1751 69.7617
220 13.0223 69.7671
113 12.8471 69.7734
482 12.6651 69.7798
14 12.473 69.7866
3 12.3249 69.7919
524 12.1853 69.7969
132 12.0365 69.8021
411 11.8702 69.8081
739 11.6897 69.8145
946 11.5176 69.8206
131 11.2888 69.8287
955 11.0597 69.8368
939 10.8506 69.8443
347 10.684 69.8502
130 10.684 69.8502
680 10.684 69.8502
639 10.684 69.8502
589 10.684 69.8502
219 10.684 69.8502
734 10.684 69.8502
321 10.684 69.8502
445 10.684 69.8502
119 10.684 69.8502
371 10.684 69.8502
694 10.684 69.8502
657 10.684 69.8502
381 10.684 69.8502
970 10.684 69.8502
747 10.684 69.8502
398 10.684 69.8502
860 10.684 69.8502
551 10.684 69.8502
207 10.684 69.8502
374 10.684 69.8502
825 10.684 69.8502
338 10.684 69.8502
114 10.684 69.8502
502 10.684 69.8502
517 10.684 69.8502
192 10.684 69.8502
796 10.684 69.8502
531 10.684 69.8502
196 10.6766 70.0356
784 10.6682 70.2449
234 10.6593 70.4683
298 10.6459 70.802
890 10.634 71.1007
184 10.6243 71.3433
277 10.6162 71.5462
178 10.6066 71.7868
607 10.6012 71.9217
224 10.5953 72.0688
361 10.5899 72.2041
376 10.5846 72.3358
879 10.5783 72.4939
326 10.5714 72.6656
97 10.5654 72.8177
48 10.5583 72.9955
457 10.5527 73.1348
503 10.5475 73.264
703 10.5424 73.3924
479 10.5317 73.6609
966 10.5226 73.8878
77 10.5106 74.1879
240 10.4937 74.6104
346 10.4804 74.9432
991 10.4672 75.2731
667 10.4547 75.5862
500 10.4407 75.9362
728 10.4261 76.3025
433 10.4123 76.6474
162 10.3998 76.9612
400 10.3859 77.309
665 10.3715 77.6683
554 10.3538 78.1128
830 10.3374 78.5227
628 10.321 78.9334
546 10.3064 79.2981
570 10.2918 79.6637
401 10.2765 80.0451
426 10.2633 80.3763
444 10.2495 80.7224
803 10.2355 81.0717
892 10.2235 81.3734
364 10.2105 81.6987
557 10.1988 81.9911
203 10.1882 82.2554
90 10.1769 82.5395
325 10.1647 82.8442
719 10.1519 83.1632
316 10.1397 83.4691
608 10.128 83.7629
405 10.0631 85.3839
718 10.034 86.111
944 10.0055 86.8257
300 9.97158 87.674
969 9.93471 88.5961
988 9.89908 89.4876
95 9.90736 89.4867
780 9.91469 89.486
815 9.92077 89.4854
435 9.92642 89.4849
914 9.93264 89.4843
200 9.93911 89.4836
301 9.94548 89.483
169 9.95175 89.4824
905 9.95811 89.4818
953 9.96398 89.4812
678 9.97027 89.4806
615 9.97697 89.4799
153 9.98328 89.4793
447 9.98939 89.4787
585 9.99536 89.4781
236 10.0023 89.4774
792 10.0082 89.4768
263 10.0146 89.4762
759 10.0215 89.4755
560 10.0292 89.4748
399 10.0355 89.4741
31 10.0415 89.4735
750 10.0468 89.473
213 10.0525 89.4725
360 10.0745 89.4703
138 10.0915 89.4686
827 10.1079 89.467
39 10.1255 89.4653
1 10.1453 89.4634
711 10.1637 89.4616
106 10.1815 89.4598
568 10.2006 89.4579
868 10.2183 89.4562
108 10.2382 89.4542
247 10.2589 89.4522
446 10.2784 89.4503
462 10.2985 89.4483
916 10.3162 89.4466
693 10.3315 89.4451
637 10.3482 89.4435
436 10.3655 89.4418
547 10.382 89.4401
380 10.4006 89.4383
75 10.4197 89.4364
288 11.2172 89.3581
495 11.8584 89.2951
15 12.4721 89.2348
386 13.0149 89.1814
304 13.5598 89.1279
982 14.1292 89.0719
88 14.715 89.0144
736 15.2493 88.9619
199 15.9241 88.8956
17 16.7316 88.8162
244 17.5638 88.7345
695 18.3547 88.6567
859 19.1396 88.5796
699 19.9064 88.5043
638 20.7455 88.4218
886 20.8492 88.4117
871 20.9479 88.402
714 21.0568 88.3912
521 21.171 88.38
768 21.2868 88.3686
96 21.4056 88.357
115 21.5033 88.3474
697 21.6239 88.3355
150 21.7322 88.3249
441 21.8251 88.3158
593 21.9267 88.3058
753 22.0345 88.2952
833 22.1531 88.2835
761 22.276 88.2715
253 22.4006 88.2592
808 22.5124 88.2482
795 22.5533 88.2442
973 22.5871 88.2409
430 22.6335 88.2363
428 22.6788 88.2319
93 22.718 88.228
2 22.7709 88.2228
954 22.8134 88.2186
368 22.8514 88.2149
696 22.8956 88.2106
141 22.9424 88.206
418 22.9811 88.2022
469 23.0197 88.1984
490 23.0626 88.1942
631 23.1017 88.1903
491 23.1391 88.1867
933 23.1778 88.1829
183 23.2196 88.1787
776 23.2612 88.1747
712 23.3073 88.1701
120 23.36 88.165
76 23.4034 88.1607
36 23.4442 88.1567
786 23.4861 88.1526
44 23.5224 88.149
456 23.5604 88.1453
610 23.6013 88.1413
424 23.6387 88.1376
651 23.6752 88.134
227 23.711 88.1305
249 23.8936 88.1125
58 24.0808 88.0942
13 24.2702 88.0756
306 24.4797 88.055
578 24.6727 88.0361
707 24.8793 88.0158
50 24.9505 88.0088
28 25.0312 88.0009
409 25.1078 87.9934
885 25.1834 87.9859
611 25.2636 87.978
20 25.3368 87.9572
442 25.4007 87.939
550 29.1916 86.8601
563 37.2098 84.5781
672 37.1881 84.6063
41 37.1683 84.632
470 37.3396 85.4599
167 37.4728 86.1033
296 37.6502 86.9606
265 37.929 88.3081
139 38.0221 88.7581
416 38.0814 89.0446
960 38.1506 89.3788
230 38.2406 89.3584
392 38.3259 89.3391
613 38.4098 89.3201
752 38.4994 89.2998
814 38.599 89.2773
548 38.6771 89.2596
256 38.76 89.2408
53 38.8471 89.2211
766 38.9357 89.201
807 39.0215 89.1815
773 39.0988 89.164
614 39.1932 89.1426
649 39.28 89.123
181 39.3611 89.1046
562 39.4543 89.0835
569 39.5279 89.0668
918 39.605 89.0494
22 39.6972 89.0285
394 39.7928 89.0068
172 39.886 88.9857
215 39.9867 88.9629
82 40.0832 88.9411
294 40.1668 88.9221
974 40.2387 88.9058
375 40.33 88.8852
561 40.4138 88.8662
146 40.4886 88.8492
271 40.5675 88.8314
92 40.6541 88.8118
73 40.7468 88.7908
437 40.9549 88.7436
636 41.1559 88.6981
5 41.3036 88.6646
389 41.4546 88.6304
877 41.6078 88.5957
516 41.7904 88.5544
193 41.9435 88.5197
539 42.0844 88.4878
165 42.2286 88.4551
449 42.3673 88.4237
129 42.5101 88.3913
231 42.6489 88.3599
738 42.8096 88.3235
305 42.9951 88.2815
309 43.1512 88.2461
292 43.3203 88.2078
532 43.4967 88.1679
746 43.6582 88.1313
874 43.8059 88.0978
642 43.9759 88.0593
980 44.1362 88.023
72 44.1362 88.023
919 44.1362 88.023
511 44.1362 88.023
541 44.2122 87.9109
259 44.4397 87.5753
408 44.6002 87.3386
367 44.7584 87.1052
448 44.9004 86.8956
350 45.4484 86.0873
536 45.6642 86.1745
241 45.8503 86.2498
40 46.0901 86.3467
851 46.2979 86.4307
179 46.4849 86.5063
774 46.686 86.5876
880 46.8674 86.6609
369 47.0576 86.7378
12 47.236 86.8099
335 47.4068 86.879
313 47.5753 86.9471
940 47.7248 87.0075
559 47.8905 87.0745
229 49.1274 87.3036
280 49.2976 87.3352
530 49.458 87.3649
947 49.6385 87.3983
126 49.8097 87.43
755 49.9809 87.4617
245 50.1742 87.4975
406 50.3511 87.5303
343 50.5232 87.5622
659 50.7155 87.5978
575 50.9375 87.6389
961 51.1085 87.6706
856 51.3066 87.7073
895 51.3689 87.7189
105 51.4378 87.7316
239 51.507 87.7444
763 51.5794 87.7579
754 51.6575 87.7723
564 51.7217 87.7842
206 51.7956 87.7979
248 51.8758 87.8128
896 51.9681 87.8299
887 52.0467 87.8444
882 52.1203 87.8581
156 52.1595 87.8653
140 52.2003 87.8729
952 52.2454 87.8813
624 52.2895 87.8895
118 52.3319 87.8973
23 52.3735 87.905
434 52.3989 87.9097
415 52.422 87.914
861 52.4463 87.9185
826 52.472 87.9233
866 52.5001 87.9285
713 52.5325 87.9345
177 52.5664 87.9408
618 52.5956 87.9462
737 52.6257 87.9518
816 52.6526 87.9568
319 52.6786 87.9616
320 52.7093 87.9673
202 52.7439 87.9737
185 52.7767 87.9798
344 52.8061 87.9853
911 53.4353 87.6945
567 54.2515 87.3174
584 54.9553 86.9921
931 55.7461 86.6267
62 56.4557 86.2988
460 57.3077 85.9051
145 57.7889 85.6827
378 58.1604 85.511
984 58.5206 85.3446
395 58.8896 85.1741
317 59.2465 85.0092
801 59.5966 84.8474
690 59.9354 84.6908
582 60.3077 84.5187
800 61.8795 83.7924
775 64.0396 82.7943
465 65.3577 82.1852
579 66.6332 81.5958
481 67.0834 81.3877
83 67.5493 81.1724
937 67.9933 80.9673
744 68.4585 80.7523
900 68.9287 80.535
867 69.0901 80.8813
71 69.9709 82.7713
52 71.065 85.1192
823 71.2358 85.4858
494 71.4082 85.8557
817 71.555 86.1707
149 71.6668 86.4105
477 71.6682 86.4135
318 71.6697 86.4168
417 71.6711 86.4197
273 71.6727 86.4232
992 71.6743 86.4266
622 71.7136 86.4522
353 71.7555 86.4795
813 71.7948 86.5051
845 71.8342 86.5307
464 71.8749 86.5572
742 71.9156 86.5837
620 71.9577 86.6111
285 72.5775 86.7951
159 73.2061 86.9817
42 73.8027 87.1588
544 74.9681 87.5047
580 76.7739 88.0405
864 77.176 88.0725
820 77.5704 88.1038
893 77.9515 88.134
135 78.3244 88.1637
983 78.6549 88.1899
666 78.6549 88.1899
251 78.6549 88.1899
854 79.0013 88.2108
740 79.3589 88.2323
158 79.7293 88.2547
322 80.1573 88.2805
725 80.5453 88.3039
928 80.9443 88.3279
648 82.2094 86.3611
473 83.3054 84.6569
311 84.5671 82.6953
450 85.0898 81.8826
25 85.2609 81.6166
685 85.4374 81.3422
660 85.6283 81.0453
889 85.7795 80.8102
528 86.071 80.357
372 86.353 79.9187
204 85.831 73.3115
884 85.0977 64.0311
684 85.0563 63.5062
497 85.0157 62.9928
107 84.9135 62.9008
242 84.8081 62.806
838 84.7099 62.7176
506 84.6208 62.6374
951 84.5217 62.5483
110 84.1805 62.6919
852 84.0259 62.757
383 83.8859 62.8159
332 83.751 62.8727
977 83.6268 62.925
385 83.4861 62.9842
170 83.3709 63.0327
198 83.2347 63.0901
201 83.0827 63.154
136 82.9566 63.2071
932 82.6141 63.3513
67 75.767 66.2334
962 74.7779 66.6497
290 73.9139 67.0134
975 73.2254 67.3032
668 72.464 67.6236
595 72.3901 67.6547
393 72.3166 67.6857
942 72.2503 67.7136
334 71.7113 67.9778
650 71.0255 68.314
727 70.3494 68.6454
904 69.7099 68.959
837 69.1188 69.2487
18 68.4834 69.5602
605 68.0558 69.7698
515 67.7017 69.9434
654 67.3861 70.0981
152 67.062 70.257
340 66.6722 70.4481
173 66.292 70.6345
832 65.9052 70.8241
297 65.572 70.9874
671 65.572 70.9874
818 65.572 70.9874
509 63.5362 70.1978
51 61.5729 69.4363
802 56.0381 67.2902
782 55.2183 66.3462
264 54.0243 64.9715
235 53.9883 64.93
894 53.9519 64.8881
683 53.9134 64.8437
743 53.8924 64.8196
923 53.8695 64.7932
101 53.8481 64.7686
216 53.8287 64.7463
91 53.8086 64.7231
597 53.7817 64.6922
558 53.7591 64.6661
281 53.7372 64.6409
315 53.7196 64.6207
964 53.6949 64.5922
798 53.6691 64.5625
84 53.6472 64.5373
907 53.6253 64.512
647 53.6016 64.4847
804 53.5749 64.454
282 53.5749 64.454
987 53.5749 64.454
238 53.5749 64.454
617 53.5749 64.454
855 53.5749 64.454
769 53.5749 64.454
208 53.5749 64.454
986 53.5749 64.454
440 53.5749 64.454
109 53.5749 64.454
847 53.5749 64.454
921 53.5749 64.454
112 53.5768 64.4497
9 53.5786 64.4454
161 53.5807 64.4407
577 53.5826 64.4365
453 53.5841 64.4331
857 53.5857 64.4295
621 53.5877 64.4251
186 53.5895 64.421
94 53.5908 64.418
968 53.5924 64.4143
484 53.5939 64.411
632 53.5955 64.4073
432 53.5973 64.4034
513 53.5991 64.3992
188 54.8629 61.5431
190 55.8695 59.268
485 56.2794 58.3415
842 56.65 57.5037
945 56.8082 57.1462
538 57.0277 56.9784
286 57.2321 56.8222
468 57.4368 56.6659
498 57.6737 56.4849
793 57.9432 56.2789
623 58.2288 56.0607
102 58.4972 55.8557
519 58.7081 55.6945
293 58.9253 55.5285
810 59.1392 55.3651
35 59.3672 55.1909
85 59.602 55.0115
625 59.8226 54.843
762 60.056 54.6647
791 60.3512 54.4391
68 61.0023 53.9416
478 61.7858 53.343
420 62.615 52.7094
767 63.3724 52.1307
70 64.1246 51.556
606 64.8804 50.9785
941 65.5511 50.4661
656 66.2045 49.9668
396 66.8837 49.4479
583 68.153 48.4781
357 69.4089 47.5185
387 70.903 46.3769
466 71.0145 46.1892
920 71.1118 46.0256
323 71.211 45.8587
670 71.3047 45.7009
29 71.3998 45.541
553 71.4866 45.395
592 71.5854 45.2288
850 71.6726 45.082
609 71.7828 44.8965
232 71.8778 44.7367
926 71.9701 44.5814
745 72.0815 44.3939
143 72.1723 44.2411
274 72.2801 44.0598
644 72.3628 43.9207
675 72.4605 43.7563
45 72.5605 43.5879
314 72.6508 43.4361
117 72.7366 43.2916
967 73.0781 42.717
195 73.706 41.6606
425 74.3825 40.5223
835 76.8831 36.3148
33 78.8278 33.0425
520 79.985 31.0955
590 81.4085 28.7003
98 83.3127 25.4963
979 85.5268 19.2477
345 85.8382 18.369
483 86.1523 17.4824
627 86.0358 17.5301
243 85.9155 17.5794
260 85.7786 17.6354
