0,627,345,260,243,979,483,98,33,590,520,606,609,835,553,274,850,941,387,745,232,670,592,29,466,323,967,420,195,767,117,842,920,656,425,932,357,485,190,926,70,143,396,440,810,161,515,538,594,186,85,644,623,102,519,762,625,647,605,468,101,498,793,668,217,492,597,945,923,875,621,577,978,586,155,421,935,512,522,127,848,844,472,906,843,716,917,262,197,870,63,461,342,281,237,69,276,180,783,619,257,566,194,853,790,269,508,151,664,525,706,7,778,413,687,748,302,210,356,834,452,49,486,467,388,38,147,862,811,913,989,191,480,692,876,679,414,529,723,11,370,891,990,938,228,612,32,535,37,403,57,633,543,956,897,655,691,341,565,542,174,663,132,524,599,34,545,324,601,908,688,142,603,233,451,705,981,858,475,735,391,438,397,972,698,764,196,589,482,600,587,59,390,507,729,901,104,267,640,739,872,552,733,927,349,382,788,275,888,658,327,411,79,329,537,81,772,720,137,510,571,903,124,443,550,189,662,578,726,60,946,526,574,223,270,333,296,266,501,730,878,789,635,965,971,701,226,773,16,638,840,454,80,513,359,484,614,235,910,144,604,724,175,171,21,410,957,540,922,645,89,596,929,756,308,839,493,591,533,54,225,576,676,912,523,163,365,471,404,809,291,30,216,798,683,743,804,264,56,642,732,765,459,779,769,617,968,894,91,976,453,715,248,558,755,800,921,112,9,987,847,317,94,895,782,964,460,229,109,575,632,986,671,134,84,857,282,350,791,393,432,188,293,478,286,907,35,855,595,315,582,110,818,465,378,931,208,83,775,744,832,51,509,801,904,900,152,71,579,297,332,385,654,727,173,650,867,238,383,481,975,340,290,962,837,67,852,417,528,334,942,583,68,838,506,884,684,107,170,977,136,951,201,242,198,497,450,322,742,740,889,25,204,311,648,725,685,660,473,372,928,820,983,135,42,817,285,622,666,580,494,893,159,251,185,854,353,813,845,464,52,544,145,318,158,620,823,984,273,864,149,737,911,18,395,992,280,937,636,477,896,369,12,62,156,140,952,118,882,511,856,814,563,406,335,541,305,343,659,618,567,259,816,126,861,415,434,690,851,980,584,40,887,202,294,177,826,82,179,416,23,532,165,5,562,561,940,802,181,877,53,754,763,239,320,313,880,105,961,530,344,449,129,874,713,375,516,624,947,470,613,974,807,146,394,766,746,245,241,649,559,367,539,774,564,389,437,230,919,738,215,256,141,448,92,309,292,918,96,786,752,172,960,866,319,536,569,139,231,193,408,271,22,150,206,265,707,806,916,360,886,253,490,469,72,757,167,548,20,183,2,368,611,88,15,495,227,28,36,50,442,288,859,441,115,430,521,456,871,409,768,776,491,714,712,885,833,761,593,631,306,249,58,73,954,651,120,808,672,392,252,696,610,689,697,184,361,431,95,608,429,386,462,699,13,44,695,418,76,424,244,339,428,168,487,41,795,560,93,138,637,753,933,988,405,169,236,213,969,953,380,678,868,435,973,1,711,557,693,247,17,446,628,444,108,31,955,750,106,39,568,827,815,199,301,914,447,263,426,615,300,401,304,982,736,153,585,547,436,364,203,792,803,200,503,719,944,892,830,75,759,718,825,694,905,316,240,780,570,346,500,554,556,48,178,90,224,860,657,399,890,728,433,546,3,517,991,717,272,948,427,879,325,639,939,338,607,219,119,381,374,445,321,734,131,747,14,220,630,113,326,97,255,298,207,799,114,371,192,234,966,77,99,347,796,457,130,784,551,398,846,703,479,924,162,400,665,667,680,277,686,970,376,531,502,950,122,936,422,279,849,116,128,652,154,909,303,218,214,527,677,100,925,47,336,760,841,328,352,330,949,312,731,616,749,463,212,373,10,222,499,476,384,78,797,863,496,489,758,157,182,534,708,166,805,505,86,700,423,770,572,123,148,283,958,46,985,771,588,74,710,258,898,682,133,794,514,4,87,299,348,641,673,412,836,268,812,488,402,362,61,8,963,646,187,331,211,455,722,674,881,629,741,366,65,899,254,661,474,125,602,549,943,915,121,869,829,205,824,643,902,284,246,439,307,626,787,702,26,111,160,379,934,337,221,354,278,822,261,64,709,883,518,669,310,287,407,573,704,363,653,351,289,419,873,164,209,555,675,355,781,6,634,785,831,751,43,314,865,19,458,377,66,250,930,681,27,55,828,45,358,821,721,504,103,176,959,598,295,24,819,581,777,
value : 471.361 running time : 213.461907
0 80 20
627 84.7746 18.046
345 85.3389 17.815
260 85.8182 17.6189
243 85.9382 17.5697
979 86.0456 17.5258
483 86.1521 17.4822
98 83.3096 25.5029
33 81.4393 28.6592
590 79.9802 31.1215
520 78.2632 34.0191
606 74.629 40.1519
609 74.2984 40.7099
835 73.9768 41.2527
553 73.042 42.8302
274 72.4699 43.7956
850 71.5792 45.2986
941 71.0908 46.1229
387 71.0117 46.2564
745 70.6702 46.5025
232 70.2926 46.7745
670 69.9356 47.0317
592 69.5889 47.2814
29 69.2034 47.5591
466 68.7989 47.8506
323 68.375 48.156
967 67.968 48.4492
420 67.4549 48.8188
195 67.4362 48.8323
767 67.4124 48.8494
117 67.3917 48.8643
842 67.3728 48.878
920 67.3556 48.8904
656 67.3342 48.9058
425 67.3155 48.9192
932 67.2944 48.9344
357 66.3313 49.6283
485 65.3368 50.3447
190 64.5214 50.9321
926 63.7578 51.4823
70 62.9057 52.0962
143 62.0268 52.7293
396 60.8695 53.5631
440 59.7559 54.3653
810 59.6546 54.2713
161 59.5537 54.1776
515 59.4546 54.0857
538 59.3403 53.9796
594 59.2143 53.8627
186 59.0112 54.1966
85 58.8257 54.5017
644 58.653 54.7856
623 58.4339 55.1459
102 58.2077 55.5179
519 57.9531 55.9367
762 57.6672 56.4067
625 57.4327 56.7924
647 57.1985 57.1775
605 56.9599 57.5699
468 56.7745 57.3725
101 56.5768 57.1621
498 56.414 56.9888
793 56.2692 56.8347
668 56.1278 56.6841
217 53.1974 53.5646
492 52.4862 52.8075
597 51.8615 52.1425
945 51.2222 51.4619
923 50.6537 50.8566
875 50.0467 50.2104
621 49.482 49.6093
577 48.8787 48.967
978 47.5351 47.5367
586 43.2811 43.0081
155 43.2307 43.1718
421 43.1872 43.3132
935 43.135 43.4829
512 43.073 43.6843
522 43.0168 43.8671
127 42.9644 44.0375
848 42.9217 44.1764
844 42.8775 44.3201
472 42.8246 44.492
906 42.7765 44.6482
843 42.7227 44.8231
716 42.6764 44.9736
917 42.6247 45.1417
262 42.5685 45.3244
197 42.5685 45.3244
870 42.5685 45.3244
63 42.5685 45.3244
461 42.5685 45.3244
342 42.5685 45.3244
281 42.5685 45.3244
237 42.2708 45.104
69 41.9908 44.8968
276 41.6943 44.6773
180 41.3792 44.4441
783 41.0437 44.1958
619 40.7451 43.9748
257 40.4789 43.7778
566 40.2367 43.5985
194 39.986 43.4129
853 39.6902 43.194
790 39.4351 43.0052
269 39.1873 42.8218
508 38.9213 42.6249
151 38.6565 42.4289
664 38.421 42.2547
525 38.2208 42.1064
706 38.0992 42.0165
7 37.9732 41.9232
778 37.853 41.8342
413 37.7143 41.7315
687 37.5772 41.6301
748 37.4494 41.5355
302 37.3321 41.4487
210 37.2233 41.3682
356 36.7856 41.0442
834 36.294 40.6803
452 35.9365 40.4157
49 35.4735 40.073
486 34.9042 39.6517
467 34.9042 39.6517
388 34.7148 40.1473
38 34.54 40.6048
147 34.3725 41.0432
862 34.2555 41.3493
811 34.1333 41.6691
913 33.9934 42.0352
989 33.8827 42.3248
191 33.7764 42.6031
480 33.6341 42.9754
692 33.4882 43.3574
876 33.3307 43.7695
679 33.2011 44.1087
414 33.0572 44.4851
529 32.919 44.847
723 32.7464 45.2984
11 32.5846 45.722
370 32.4117 46.1745
891 28.6862 46.676
990 22.8704 47.459
938 22.8704 47.459
228 22.8704 47.459
612 22.8704 47.459
32 22.3767 48.0286
535 21.7694 48.7293
37 21.0905 49.5125
403 20.2545 50.4771
57 19.2782 51.6036
633 19.3831 51.7923
543 19.478 51.963
956 19.5714 52.1309
897 19.6621 52.2942
655 19.7357 52.4265
691 19.8307 52.5973
341 19.9167 52.752
565 20.0919 53.0672
542 20.2514 53.354
174 20.4292 53.6738
663 20.6171 54.0119
132 20.9209 54.5582
524 20.9383 54.5895
599 20.9542 54.6181
34 20.9687 54.6442
545 20.9829 54.6697
324 20.9978 54.6966
601 21.0141 54.7258
908 21.0266 54.7484
688 21.0418 54.7757
142 21.0567 54.8025
603 21.0736 54.8329
233 21.0898 54.862
451 21.1057 54.8906
705 21.1205 54.9172
981 21.1348 54.9429
858 21.1477 54.9662
475 21.1619 54.9917
735 21.1787 55.0219
391 21.192 55.0459
438 21.2057 55.0705
397 21.2248 55.1048
972 21.4332 55.4797
698 21.6736 55.912
764 21.9129 56.3424
196 22.1525 56.7734
589 22.4006 57.2196
482 24.1705 60.4033
600 24.6409 61.2493
587 24.7948 61.5261
59 24.9356 61.7793
390 25.0979 62.0712
507 25.2423 62.3309
729 25.3957 62.6068
901 25.5552 62.8937
104 25.7191 63.1885
267 25.8472 63.419
640 25.9786 63.6552
739 26.1097 63.8911
872 27.7599 66.8591
552 27.7599 66.8591
733 27.7599 66.8591
927 27.7599 66.8591
349 27.7599 66.8591
382 27.7599 66.8591
788 27.7599 66.8591
275 27.7599 66.8591
888 27.7599 66.8591
658 27.7599 66.8591
327 27.7599 66.8591
411 27.7599 66.8591
79 27.7599 66.8591
329 27.7599 66.8591
537 27.7599 66.8591
81 27.7599 66.8591
772 27.8199 66.9418
720 27.9843 67.168
137 28.1454 67.3896
510 28.2999 67.6022
571 28.6945 68.1454
903 29.053 68.6387
124 29.4533 69.1895
443 29.7698 69.6251
550 30.0975 70.076
189 30.3356 70.4037
662 30.4718 70.5912
578 30.6011 70.7691
726 30.6011 70.7691
60 30.6311 70.8047
946 30.657 70.8354
526 30.6847 70.8681
574 30.716 70.9052
223 30.7498 70.9452
270 30.7802 70.9813
333 30.8074 71.0135
296 30.8365 71.0479
266 30.8613 71.0773
501 30.8884 71.1094
730 30.9188 71.1455
878 30.9476 71.1796
789 30.9751 71.2121
635 31.0023 71.2444
965 31.0297 71.2768
971 31.059 71.3115
701 31.0912 71.3497
226 31.8948 72.3016
773 32.6956 73.2502
16 32.7863 73.3577
638 32.8805 73.4692
840 33.5605 72.825
454 34.294 72.1302
80 35.2823 71.194
513 36.1204 70.4001
359 36.078 69.9374
484 36.0455 69.5814
614 36.011 69.2048
235 35.9716 68.7743
910 35.9444 68.5797
144 35.919 68.3988
604 35.8911 68.1997
724 35.8627 67.9969
175 35.8315 67.7738
171 35.803 67.5709
21 35.7734 67.3593
410 35.7441 67.1503
957 35.7136 66.9324
540 35.6888 66.7553
922 35.653 66.5002
645 35.6255 66.3035
89 35.5967 66.0982
596 35.5908 66.0564
929 35.5837 66.0056
756 35.5771 65.9586
308 35.9446 66.1053
839 36.278 66.2384
493 36.63 66.379
591 37.012 66.5315
533 37.3981 66.6857
54 37.7852 66.8403
225 38.1765 66.9965
576 38.5259 67.1361
676 38.885 67.2795
912 39.1951 67.4033
523 39.5743 67.5547
163 39.9155 67.6909
365 40.2456 67.8228
471 40.5993 67.964
404 40.9526 68.1051
809 41.3022 68.2447
291 41.7104 68.4077
30 42.1423 68.5802
216 42.8415 68.8593
798 43.3868 69.0771
683 43.859 69.2657
743 44.3901 69.4777
804 44.8397 69.6573
264 45.3492 69.8607
56 45.9719 70.1093
642 46.8098 70.4439
732 46.8562 70.4625
765 46.9097 70.4838
459 47.1909 70.5961
779 47.506 70.722
769 47.8407 70.8556
617 48.1089 70.9627
968 48.3669 71.0657
894 48.6114 71.1633
91 48.8853 71.2727
976 49.1248 71.3683
453 49.3992 71.4779
715 49.6514 71.5786
248 50.06 71.7418
558 50.4302 71.8896
755 50.8926 72.0742
800 51.3849 72.2708
921 51.8048 72.4385
112 52.2409 72.6127
9 52.6779 72.7871
987 53.0998 72.9556
847 53.5043 73.1171
317 53.8786 73.2666
94 53.8786 73.2666
895 53.8786 73.2666
782 53.8786 73.2666
964 53.8786 73.2666
460 53.8786 73.2666
229 53.8786 73.2666
109 53.8786 73.2666
575 53.8786 73.2666
632 53.8786 73.2666
986 53.8786 73.2666
671 53.8786 73.2666
134 53.8786 73.2666
84 53.8786 73.2666
857 53.8786 73.2666
282 53.8786 73.2666
350 53.8786 73.2666
791 55.3246 71.1289
393 56.284 69.7106
432 57.0862 68.5247
188 58.0731 67.0657
293 58.4311 67.2551
478 58.8049 67.4528
286 59.1107 67.6145
907 59.5046 67.8229
35 59.8701 68.0161
855 60.2774 68.2316
595 61.2579 68.7501
315 62.0969 69.1939
582 63.0024 69.6728
110 65.2522 70.8627
818 66.8793 71.7232
465 67.7006 72.1576
378 67.7038 72.1548
931 67.7072 72.1518
208 67.7595 72.106
83 67.8047 72.0664
775 67.8502 72.0266
744 67.8978 71.9848
832 67.9427 71.9455
51 67.9912 71.903
509 68.0372 71.8627
801 68.0822 71.8233
904 68.1398 71.7728
900 68.1962 71.7234
152 68.2467 71.6792
71 68.2896 71.6416
579 68.3386 71.5986
297 68.384 71.5589
332 69.6143 70.481
385 69.681 70.4225
654 69.7383 70.3723
727 69.8006 70.3177
173 69.8664 70.2601
650 69.9373 70.198
867 70.0011 70.142
238 70.066 70.0852
383 70.1327 70.0268
481 70.1881 69.9782
975 70.2596 69.9156
340 70.3226 69.8603
290 70.3888 69.8023
962 70.4581 69.7417
837 70.5253 69.6828
67 70.5965 69.6204
852 70.6688 69.557
417 70.7307 69.5028
528 73.4792 67.0947
334 73.534 67.0468
942 73.5885 66.999
583 75.5201 66.2095
68 76.1932 65.9344
838 80.7094 64.0884
506 81.7129 63.6783
884 82.5667 63.3293
684 82.9538 63.1711
107 83.3726 62.9999
170 83.6726 62.8773
977 83.9353 62.7699
136 84.2301 62.6494
951 84.4905 62.543
201 84.6137 62.6527
242 84.7467 62.7711
198 84.8848 62.8941
497 85.0316 63.0249
450 85.7337 71.817
322 86.3526 79.5683
742 86.355 79.5979
740 86.357 79.6229
889 86.3591 79.6502
25 86.3606 79.6684
204 86.362 79.6853
311 86.3636 79.7053
648 86.3653 79.7276
725 86.3672 79.7506
685 86.3688 79.7708
660 86.3703 79.7898
473 86.3722 79.8141
372 86.374 79.8362
928 80.614 88.5021
820 79.6755 88.5182
983 78.7735 88.5336
135 76.9767 88.5644
42 74.5592 88.6059
817 73.8782 88.6176
285 73.5369 88.6235
622 73.1927 88.6294
666 72.8885 88.6346
580 72.5766 88.6399
494 72.2085 88.6462
893 71.8176 88.653
159 71.3061 88.6617
251 70.717 88.6718
185 70.1478 88.6816
854 69.8468 88.6868
353 69.512 88.6925
813 69.169 88.6984
845 68.7922 88.7048
464 68.4192 88.7112
52 68.0814 88.717
544 67.7528 88.7227
145 67.4238 88.7283
318 67.0924 88.734
158 66.7462 88.7399
620 66.3664 88.7465
823 66.0034 88.7527
984 65.6161 88.7593
273 65.276 88.7652
864 64.963 88.7705
149 64.3839 88.7805
737 63.6105 88.7937
911 62.9822 88.8045
18 62.5916 88.8112
395 62.1397 88.819
992 61.6679 88.8271
280 61.2048 88.835
937 60.8804 88.8406
636 58.4303 88.8826
477 57.9762 88.8904
896 57.4171 88.9
369 56.9182 88.9085
12 56.3939 88.9175
62 55.8486 88.9269
156 55.321 88.9359
140 54.8796 88.9435
952 54.4383 88.9511
118 53.9922 88.9587
882 53.4987 88.9672
511 52.9936 88.9759
856 52.5306 88.9838
814 51.9777 88.9933
563 51.4861 89.0017
406 51.449 89.0024
335 51.4127 89.003
541 51.3735 89.0036
305 51.3307 89.0044
343 51.2899 89.0051
659 51.252 89.0057
618 51.2187 89.0063
567 51.1842 89.0069
259 51.1415 89.0076
816 51.1001 89.0083
126 51.0529 89.0091
861 51.0117 89.0099
415 50.973 89.0105
434 50.9354 89.0112
690 50.8964 89.0118
851 50.8555 89.0125
980 50.8165 89.0132
584 50.7774 89.0139
40 50.7352 89.0146
887 50.6946 89.0153
202 50.6532 89.016
294 50.6063 89.0168
177 50.6062 89.0168
826 50.6062 89.0168
82 50.6061 89.0168
179 50.6061 89.0168
416 50.606 89.0168
23 50.606 89.0168
532 50.606 89.0168
165 50.6059 89.0168
5 50.6059 89.0168
562 50.6058 89.0168
561 50.6058 89.0168
940 50.6058 89.0168
802 50.6057 89.0168
181 48.0669 89.6377
877 48.0669 89.6377
53 48.0669 89.6377
754 48.0669 89.6377
763 48.0669 89.6377
239 48.0669 89.6377
320 48.0669 89.6377
313 48.0669 89.6377
880 48.0669 89.6377
105 48.0669 89.6377
961 48.0669 89.6377
530 48.0669 89.6377
344 48.0669 89.6377
449 47.6013 89.637
129 47.207 89.6364
874 46.8704 89.6359
713 46.55 89.6354
375 46.221 89.6349
516 45.9118 89.6345
624 45.5813 89.634
947 45.0982 89.6333
470 44.4943 89.6324
613 44.1002 89.6318
974 43.8203 89.6313
807 43.7258 89.6312
146 43.6202 89.6311
394 43.5239 89.6309
766 43.4326 89.6308
746 43.3456 89.6306
245 43.2494 89.6305
241 43.1277 89.6303
649 43.0235 89.6302
559 42.9338 89.63
367 42.8451 89.6299
539 42.6097 89.6295
774 42.404 89.6292
564 42.1548 89.6289
389 41.9019 89.6285
437 41.6462 89.6281
230 41.3918 89.6277
919 41.1517 89.6274
738 40.9365 89.627
215 40.727 89.6267
256 40.4855 89.6264
141 40.2591 89.626
448 40.0592 89.6257
92 39.8436 89.6254
309 39.6481 89.6251
292 39.4314 89.6248
918 39.1915 89.6244
96 38.9759 89.6241
786 38.7772 89.6238
752 38.601 89.6236
172 38.4202 89.6233
960 38.2314 89.623
866 38.1451 89.6229
319 38.0514 89.6227
536 37.9452 89.6226
569 37.8121 89.6224
139 37.6869 89.6222
231 37.5765 89.622
193 37.4814 89.6219
408 37.371 89.6217
271 36.4791 89.6204
22 35.7058 89.6192
150 34.9214 89.6181
206 34.2471 89.6171
265 33.3515 89.6157
707 31.6686 89.6132
806 29.786 89.6104
916 27.3878 89.6067
360 27.1785 89.6064
886 27.0004 89.6062
253 26.9473 89.6061
490 26.8857 89.606
469 26.8244 89.6059
72 26.7747 89.6058
757 26.7085 89.6057
167 26.6504 89.6056
548 26.5954 89.6056
20 26.526 89.6055
183 26.4547 89.6053
2 26.3968 89.6053
368 26.3272 89.6052
611 26.2648 89.6051
88 26.1928 89.605
15 26.1668 89.6049
495 26.1405 89.6049
227 26.1172 89.6048
28 26.1172 89.6048
36 26.1172 89.6048
50 26.1172 89.6048
442 26.1172 89.6048
288 26.1159 89.5816
859 26.1146 89.5604
441 26.1135 89.541
115 26.1122 89.5194
430 26.111 89.4989
521 26.1097 89.477
456 26.1084 89.4536
871 26.107 89.4306
409 26.1057 89.4083
768 26.1044 89.386
776 26.103 89.3626
491 26.0928 89.1868
714 26.0815 88.9945
712 26.0682 88.7668
885 26.0558 88.5558
833 26.0446 88.365
761 26.0342 88.1862
593 26.0238 88.0096
631 26.0122 87.8106
306 25.9977 87.5632
249 25.9795 87.2524
58 25.9638 86.9844
73 25.9498 86.7459
954 25.9342 86.4797
651 25.9218 86.2672
120 25.9079 86.0312
808 25.8934 85.7831
672 25.8661 85.3168
392 25.8392 84.857
252 25.7869 83.9637
696 25.3991 83.8656
610 25.0257 83.7711
689 24.6264 83.67
697 24.0074 83.5133
184 23.3899 83.3569
361 22.8341 83.2162
431 22.5425 83.1424
95 22.2395 83.0657
608 22.0698 83.0228
429 21.8819 82.9752
386 21.6379 83.8654
462 21.5413 84.2179
699 21.5086 84.3372
13 21.4738 84.464
44 21.4738 84.464
695 21.4738 84.464
418 21.4738 84.464
76 21.4738 84.464
424 21.4738 84.464
244 21.4738 84.464
339 21.4738 84.464
428 21.4738 84.464
168 21.4738 84.464
487 21.4738 84.464
41 21.4738 84.464
795 21.4738 84.464
560 19.079 85.2994
93 17.0003 86.0245
138 15.0755 86.6959
637 13.835 87.1285
753 12.8777 87.4624
933 11.4652 87.9552
988 9.08491 88.7854
405 9.08748 88.7594
169 9.09022 88.7317
236 9.09248 88.7088
213 9.0947 88.6864
969 9.09708 88.6623
953 9.09933 88.6396
380 9.10135 88.6191
678 9.10364 88.5959
868 9.1058 88.5741
435 9.10795 88.5523
973 9.11045 88.527
1 9.11288 88.5024
711 9.11507 88.4803
557 9.11755 88.4551
693 9.11983 88.4321
247 9.12212 88.4089
17 9.12436 88.3863
446 9.12662 88.3634
628 9.12896 88.3397
444 9.13122 88.3168
108 9.13342 88.2946
31 9.13574 88.271
955 9.13777 88.2505
750 9.13944 88.2337
106 9.15019 88.1249
39 9.16181 88.0073
568 9.17428 87.8811
827 9.18605 87.7619
815 9.2002 87.6188
199 9.21222 87.4972
301 9.2247 87.3709
914 9.23681 87.2483
447 9.24932 87.1218
263 9.26235 86.9899
426 9.27599 86.8518
615 9.2886 86.7243
300 9.29978 86.6111
401 9.3111 86.4965
304 9.32249 86.3813
982 9.33494 86.2554
736 9.34677 86.1356
153 9.35829 86.0191
585 9.36939 85.9067
547 9.38306 85.7684
436 9.39687 85.6286
364 9.40873 85.5086
203 9.42184 85.3759
792 9.43348 85.2582
803 9.44483 85.1433
200 9.45695 85.0206
503 9.62237 83.3468
719 9.66099 82.9559
944 9.70392 82.5215
892 9.7464 82.0916
830 9.78917 81.6588
75 9.83014 81.2443
759 9.87142 80.8265
718 9.91369 80.3988
825 9.9646 79.8837
694 10.0087 79.4374
905 10.0276 79.2465
316 10.048 79.0396
240 10.0717 78.7996
780 10.0958 78.5562
570 10.1191 78.3199
346 10.1448 78.0599
500 10.1685 77.8199
554 10.1886 77.6164
556 10.2115 77.3851
48 10.2327 77.1706
178 10.2551 76.9439
90 10.2791 76.7014
224 10.3064 76.4247
860 10.3311 76.1745
657 10.3552 75.9311
399 10.3765 75.7153
890 10.4028 75.4498
728 10.4296 75.1782
433 10.4561 74.9095
546 10.4839 74.6291
3 10.5193 74.2701
517 10.5461 73.9997
991 10.5702 73.7551
717 10.5991 73.4631
272 10.625 73.201
948 10.6491 72.957
427 10.6736 72.7093
879 10.6977 72.4654
325 10.7187 72.2526
639 10.7504 71.9318
939 10.7847 71.5847
338 10.7874 71.5574
607 10.7901 71.5298
219 10.7929 71.5013
119 10.7956 71.4743
381 10.7983 71.4474
374 10.8008 71.4221
445 10.8037 71.3929
321 10.8064 71.3654
734 10.8098 71.3313
131 10.8128 71.3004
747 10.8157 71.2716
14 10.8181 71.2465
220 10.8205 71.2223
630 10.8233 71.194
113 10.8258 71.1685
326 10.8285 71.1416
97 10.8315 71.1113
255 10.8343 71.0826
298 10.8369 71.0567
207 10.8397 71.0281
799 10.8428 70.9974
114 10.8456 70.9685
371 10.8484 70.9401
192 10.8512 70.9115
234 10.8541 70.8829
966 10.8541 70.8828
77 10.8541 70.8828
99 10.8541 70.8828
347 11.0022 69.2096
796 11.017 69.0426
457 11.0342 68.8482
130 11.054 68.6241
784 11.0721 68.4207
551 11.0875 68.2458
398 11.1069 68.0265
846 11.1263 67.808
703 11.1263 67.808
479 11.1263 67.808
924 11.1263 67.808
162 11.1263 67.808
400 11.1263 67.808
665 11.1263 67.808
667 11.1263 67.808
680 11.1263 67.808
277 11.1263 67.808
686 11.1263 67.808
970 11.1263 67.808
376 11.1263 67.808
531 11.1263 67.808
502 11.1263 67.808
950 11.1263 67.808
122 10.9674 59.5201
936 10.9434 58.2727
422 10.9215 57.1412
279 10.901 56.0776
849 10.8821 55.0967
116 10.8634 54.1305
128 10.8516 53.5167
652 10.845 53.1772
154 10.8389 52.861
909 10.8332 52.5657
303 10.8278 52.2828
218 10.8222 51.9907
214 10.8163 51.6856
527 10.8102 51.3687
677 10.804 51.0483
100 10.7976 50.7163
925 10.7915 50.4007
47 10.7844 50.0306
336 10.7774 49.6708
760 10.7705 49.3118
841 10.7343 47.4365
328 10.6976 45.5342
352 10.6976 45.5342
330 10.6976 45.5342
949 10.6976 45.5342
312 10.6976 45.5342
731 10.6976 45.5342
616 10.6976 45.5342
749 10.6976 45.5342
463 10.6976 45.5342
212 10.6976 45.5341
373 10.6976 45.5341
10 10.6976 45.5341
222 10.6976 45.5341
499 10.6976 45.5341
476 10.6976 45.5341
384 10.6976 45.5341
78 10.6976 45.5341
797 10.6976 45.5341
863 10.6976 45.5341
496 10.6976 45.5341
489 10.6976 45.5341
758 10.6976 45.5341
157 10.6976 45.5341
182 10.6976 45.5341
534 10.6976 45.534
708 10.6976 45.534
166 10.6976 45.534
805 10.7064 43.9996
505 10.7185 41.8971
86 10.7379 38.5818
700 10.7389 38.4057
423 10.7399 38.225
770 10.741 38.0316
572 10.7422 37.823
123 10.7432 37.6552
148 10.7442 37.473
283 10.7454 37.2657
958 10.7465 37.0661
46 10.7476 36.8696
985 10.7488 36.668
771 10.7499 36.4773
588 10.8001 27.546
74 10.8022 27.1651
710 10.8044 26.7827
258 10.8066 26.3904
898 10.8088 26.0112
682 10.8114 25.5577
133 10.8131 25.256
794 10.815 24.9245
514 10.8169 24.5879
4 10.819 24.2114
87 10.8211 23.8447
299 10.8255 23.0811
348 10.8299 22.3148
641 10.8335 21.67
673 10.8376 20.9526
412 10.8419 20.2016
836 10.8457 19.5284
268 10.8523 18.3865
812 10.8655 16.1098
488 10.8655 16.1099
402 10.975 16.2033
362 11.0625 16.278
61 11.1556 16.3575
8 11.2615 16.4479
963 11.3443 16.5186
646 11.4224 16.5852
187 11.5093 16.6594
331 11.6064 16.7423
211 11.6916 16.8151
455 11.7756 16.8867
722 11.8491 16.9495
674 12.3 17.3344
881 12.7354 17.7061
629 13.3889 18.2639
741 14.9604 19.6055
366 16.6367 21.0365
65 19.2833 23.2957
899 19.5261 23.503
254 19.763 23.7052
661 20.0227 23.9269
474 20.2949 24.1593
125 20.5971 24.4172
602 20.9547 24.271
549 21.2821 24.1371
943 21.5941 24.0096
915 21.93 23.8722
121 22.2309 23.7492
869 22.5485 23.6193
829 22.8435 23.4986
205 23.1658 23.3668
824 23.839 23.0915
643 24.4507 22.8414
902 25.028 22.6053
284 25.6543 22.3492
246 26.2737 22.0959
439 26.8467 21.8616
307 27.452 21.6141
626 28.0723 21.3604
787 28.6393 21.1286
702 29.2389 20.8834
26 29.9548 20.5906
111 30.4862 20.3733
160 30.9734 20.1741
379 31.4282 19.9881
934 31.8935 19.7978
337 31.9982 19.755
221 32.0899 19.7175
354 32.1995 19.6727
278 32.3284 19.62
822 33.2513 19.2426
261 34.1461 18.8767
64 34.8972 18.5695
709 35.8053 18.1982
883 37.1212 17.6601
518 38.4445 17.1189
669 38.4445 17.1189
310 38.7044 17.2944
287 38.9321 17.4482
407 39.1611 17.6028
573 39.4056 17.768
704 39.6458 17.9302
363 39.8901 18.0953
653 40.1673 18.2825
351 40.4048 18.4429
289 44.3825 21.1295
419 47.0086 22.9032
873 49.2085 24.3891
164 51.1166 25.6779
209 53.0761 27.0013
555 55.3094 28.5097
675 58.0629 30.3695
355 58.0629 30.3695
781 58.0629 30.3695
6 58.0629 30.3695
634 58.0629 30.3695
785 58.0629 30.3695
831 58.0629 30.3695
751 58.0629 30.3695
43 58.0629 30.3695
314 58.0629 30.3695
865 58.0629 30.3695
19 58.0629 30.3695
458 58.0629 30.3695
377 58.0629 30.3695
66 58.0629 30.3695
250 58.2599 30.0461
930 58.4701 29.7009
681 58.7317 29.2715
27 59.0107 28.8135
55 59.2944 28.3477
828 59.5595 27.9126
45 59.8402 27.4517
358 60.2307 26.8107
821 61.9585 23.9743
721 65.8745 17.5456
504 66.5078 16.5059
103 67.2178 15.3405
176 67.6695 15.5051
959 68.1304 15.6732
598 68.612 15.8487
295 69.0691 16.0153
24 69.5363 16.1857
819 69.9976 16.3538
581 70.5797 16.566
777 71.273 16.8187
