0,260,627,243,483,345,979,98,33,520,590,835,466,920,323,670,29,553,592,850,609,232,926,745,143,274,644,675,45,314,117,967,387,425,195,767,70,606,941,932,583,67,293,810,35,85,625,762,791,440,519,492,843,396,478,842,656,538,286,468,498,793,623,102,945,190,485,188,357,186,94,968,484,632,432,513,621,782,264,235,894,683,743,923,101,216,91,597,558,281,315,964,798,84,907,647,804,802,987,238,617,855,769,208,986,109,847,921,112,9,161,577,453,857,282,605,515,654,152,595,340,727,173,650,867,68,904,900,852,420,393,110,383,334,942,136,198,170,528,332,977,385,951,201,884,684,107,242,838,506,497,450,660,372,311,473,204,685,25,725,864,648,322,889,820,666,983,135,893,928,251,742,740,854,580,823,620,158,42,159,285,494,353,992,145,544,52,464,845,813,984,273,417,318,477,149,817,71,229,460,775,465,744,579,582,800,668,481,83,937,975,290,962,837,832,51,509,818,671,378,690,622,369,801,297,395,317,18,567,816,280,931,911,896,856,895,618,737,980,319,320,335,774,642,584,185,561,541,259,375,713,940,177,575,245,563,559,511,882,118,952,140,156,62,12,344,530,947,105,880,313,239,763,754,564,206,536,23,434,415,861,826,866,179,241,202,887,919,961,624,659,343,305,874,126,406,532,738,766,746,389,755,516,974,752,877,271,5,367,248,408,636,851,193,437,40,539,773,165,449,129,82,231,918,814,394,172,92,548,256,265,53,392,672,72,22,807,470,215,292,139,294,309,181,146,562,416,613,167,569,448,578,649,707,306,13,58,249,227,651,424,610,456,44,786,36,76,120,712,776,183,933,491,631,490,469,418,141,696,50,368,960,230,954,2,93,28,288,409,428,430,73,973,20,611,795,808,253,761,833,885,753,593,441,150,697,115,96,768,521,714,871,886,638,699,859,695,487,431,380,199,88,982,304,386,301,39,153,547,436,637,693,916,462,17,446,247,953,108,435,868,447,200,905,568,236,442,678,718,988,827,138,585,360,244,15,495,213,560,780,750,31,399,615,95,1,792,263,106,759,914,711,944,557,364,892,803,444,426,401,570,546,628,969,169,405,736,300,955,184,178,75,316,815,719,325,90,203,48,825,240,991,760,554,657,517,347,224,665,277,667,207,321,374,119,130,500,326,630,524,860,14,131,799,114,948,879,639,680,939,796,966,717,376,601,192,113,400,556,429,255,346,81,694,772,739,132,361,298,890,433,728,3,398,77,747,607,734,371,381,445,272,427,162,97,503,457,502,551,784,924,970,686,234,830,726,339,41,608,168,757,705,338,479,482,275,600,99,981,220,703,219,451,927,196,599,359,550,701,16,501,735,901,137,846,729,957,382,645,604,910,329,526,291,79,443,574,950,60,333,658,788,587,946,175,806,223,296,225,21,390,840,327,189,789,459,965,809,104,171,614,163,540,410,591,252,689,454,730,226,270,872,537,144,124,308,779,576,765,732,350,134,523,715,80,976,266,662,971,56,89,724,404,878,54,365,471,596,929,493,676,545,922,370,891,720,533,756,912,30,839,267,640,336,571,411,349,635,888,733,552,233,903,507,897,34,688,633,475,59,723,391,938,691,174,663,858,422,510,936,78,956,373,616,302,182,324,531,303,312,708,849,534,166,57,565,214,157,863,122,805,925,677,527,770,758,218,764,123,909,496,949,489,154,352,797,128,698,771,908,142,972,148,476,384,731,100,841,222,47,341,542,505,589,116,279,403,46,37,655,486,228,602,87,328,749,463,652,499,125,514,268,205,283,943,32,710,299,423,963,74,133,700,958,829,212,4,65,455,10,985,990,330,121,86,673,641,898,794,402,258,348,572,187,881,674,8,682,254,331,588,474,488,366,646,412,61,722,812,629,836,661,211,741,362,26,221,643,354,902,573,915,824,704,702,439,883,669,822,363,787,351,261,307,626,337,310,246,899,287,934,64,407,709,653,518,419,289,250,586,160,111,284,278,414,664,151,467,194,529,778,692,862,257,869,917,38,49,853,834,612,549,379,413,438,508,237,790,452,512,180,522,342,276,848,127,913,783,679,706,147,461,388,811,191,480,7,989,11,603,535,525,397,543,269,619,687,356,935,566,748,210,870,69,155,876,472,844,906,978,421,594,197,262,164,821,377,66,875,217,6,358,209,781,785,865,27,873,930,681,55,751,355,634,828,63,43,716,555,831,19,458,777,295,103,581,176,819,721,504,959,598,24,
value : 431.138 running time : 583.174935
0 80 20
260 85.8016 17.6265
627 85.9263 17.5755
243 86.0459 17.5266
483 86.1527 17.4828
345 85.8255 18.407
979 85.499 19.3287
98 83.3213 25.4781
33 81.6119 28.3314
520 80.2815 30.5521
590 79.2476 32.2779
835 77.3784 35.3981
466 75.5789 38.4018
920 74.3466 40.4587
323 73.9979 41.0408
670 73.6457 41.6286
29 73.32 42.1723
553 72.9794 42.7408
592 72.7074 43.1949
850 72.4114 43.689
609 72.2877 43.8955
232 72.1473 44.1298
926 72.0013 44.3736
745 71.8794 44.577
143 71.7333 44.8209
274 71.6075 45.0308
644 71.4499 45.2939
675 71.3129 45.5226
45 71.1755 45.752
314 71.0106 46.0273
117 70.8421 46.3085
967 70.7049 46.5375
387 70.5589 46.7812
425 70.1701 47.1396
195 69.7504 47.5264
767 69.2173 48.0178
70 68.8089 48.3941
606 68.4463 48.7284
941 68.0889 49.0577
932 67.7606 49.3603
583 65.499 51.4448
67 61.21 55.3978
293 61.0293 55.3972
810 60.8634 55.3966
35 60.7071 55.396
85 60.5576 55.3955
625 60.4203 55.395
762 60.2861 55.3945
791 60.1454 55.394
440 60.0241 55.3936
519 59.8956 55.3931
492 59.7686 55.3926
843 59.6692 55.3923
396 59.6072 55.3921
478 59.5452 55.3918
842 59.472 55.3916
656 59.3994 55.3913
538 59.196 55.3906
286 58.9865 55.3898
468 58.7927 55.3891
498 58.6027 55.3884
793 58.4467 55.3879
623 58.2966 55.3873
102 58.1563 55.3868
945 57.9604 55.3861
190 57.9604 55.3861
485 57.9604 55.3861
188 57.9604 55.3861
357 57.9604 55.3861
186 56.3971 58.7262
94 54.1958 63.4292
968 54.0523 63.7359
484 53.9062 64.0479
632 53.7867 64.3033
432 53.6836 64.5235
513 53.5892 64.7252
621 53.5459 64.8176
782 53.4847 64.9485
264 53.4847 64.9485
235 53.4847 64.9485
894 53.4847 64.9485
683 53.4847 64.9485
743 53.4847 64.9485
923 53.4847 64.9485
101 53.4847 64.9485
216 53.4847 64.9485
91 53.4847 64.9485
597 53.4847 64.9485
558 53.4847 64.9485
281 53.4847 64.9485
315 53.4847 64.9485
964 53.4847 64.9485
798 53.4847 64.9485
84 53.4847 64.9485
907 53.4847 64.9485
647 53.4847 64.9485
804 53.4847 64.9485
802 54.296 66.2728
987 54.533 66.2413
238 54.7536 66.2119
617 54.9347 66.1878
855 55.1206 66.1631
769 55.3222 66.1362
208 55.5334 66.1081
986 55.7267 66.0824
109 55.9482 66.0529
847 56.1741 66.0228
921 56.3677 65.9971
112 56.7513 65.946
9 57.1313 65.8954
161 57.5008 65.8462
577 57.8962 65.7936
453 58.2922 65.7409
857 58.7437 65.6808
282 59.5679 65.5711
605 60.5495 65.4404
515 61.6013 65.3004
654 62.7313 65.15
152 63.6582 65.0266
595 64.2682 64.9454
340 64.8766 64.8644
727 65.5248 64.7781
173 66.1576 64.6939
650 66.8543 64.6012
867 67.5244 64.512
68 68.1648 64.4267
904 68.8522 64.3352
900 69.708 64.2213
852 70.4759 64.1191
420 71.1482 64.0296
393 71.8418 63.9372
110 72.8939 63.7972
383 73.9398 63.658
334 74.8274 63.5398
942 75.6859 63.4256
136 81.6519 62.6317
198 81.9974 62.5857
170 82.3153 62.5434
528 82.5383 62.5137
332 82.791 62.4801
977 83.0708 62.4428
385 83.3326 62.408
951 83.6449 62.3664
201 83.8251 62.494
884 84.021 62.6326
684 84.2214 62.7745
107 84.4202 62.9151
242 84.6054 63.0462
838 84.8093 63.1905
506 85.0506 63.3613
497 85.3038 63.5405
450 85.7782 70.8128
660 86.0739 75.3446
372 86.3684 79.8581
311 85.9998 80.4352
473 85.5605 81.1232
204 85.2237 81.6505
685 84.828 82.2702
25 84.4198 82.9095
725 83.8456 83.8085
864 83.3645 84.562
648 82.9524 85.2073
322 82.5088 85.9019
889 82.0919 86.5548
820 81.6076 87.3131
666 81.3173 87.7679
983 81.06 88.1707
135 81.0111 88.2472
893 80.9891 88.2818
928 80.9669 88.3165
251 77.8748 88.1072
742 77.5949 88.0883
740 77.3166 88.0694
854 77.003 88.0482
580 76.7062 88.0281
823 74.1566 87.2707
620 71.995 86.6284
158 71.9456 86.5958
42 71.8963 86.5633
159 71.8464 86.5304
285 71.7997 86.4996
494 71.7521 86.4682
353 71.7035 86.4361
992 71.6543 86.4037
145 71.6543 86.4037
544 71.6543 86.4037
52 71.6543 86.4037
464 71.6543 86.4037
845 71.6543 86.4037
813 71.6543 86.4036
984 71.6543 86.4036
273 71.6543 86.4036
417 71.6543 86.4036
318 71.6543 86.4036
477 71.6543 86.4036
149 71.6543 86.4036
817 71.3962 86.0323
71 69.571 83.4065
229 68.1011 81.292
460 67.6267 80.6094
775 67.2803 80.111
465 66.8848 79.542
744 66.4274 78.8839
579 65.979 78.2389
582 65.5152 77.5715
800 65.5152 77.5715
668 65.5152 77.5715
481 65.5152 77.5715
83 65.5152 77.5715
937 65.5152 77.5715
975 65.5152 77.5715
290 65.2508 77.7733
962 64.982 77.9785
837 64.6628 78.2221
832 64.2957 78.5023
51 63.9894 78.7361
509 63.6528 78.9929
818 63.333 79.2371
671 62.4994 79.8733
378 61.7466 80.4478
690 60.9791 81.0336
622 60.5101 81.3916
369 60.0097 81.7735
801 59.5541 82.1212
297 59.0841 82.48
395 58.559 82.8807
317 57.9961 83.3103
18 57.4119 83.7562
567 56.6183 84.3619
816 55.7706 85.0088
280 54.9038 85.6704
931 54.0061 86.3556
911 51.7853 88.0506
896 51.7658 88.0578
856 51.7477 88.0646
895 51.7302 88.0711
618 51.7127 88.0776
737 51.6958 88.0839
980 51.6776 88.0907
319 51.6593 88.0975
320 51.6425 88.1038
335 51.6269 88.1096
774 51.6091 88.1162
642 51.592 88.1226
584 51.5762 88.1284
185 51.5588 88.1349
561 51.4024 88.1932
541 51.3466 88.214
259 51.2951 88.2332
375 51.2341 88.2559
713 51.1834 88.2748
940 51.1387 88.2914
177 51.0942 88.308
575 51.0397 88.3283
245 50.9767 88.3518
563 50.9139 88.3752
559 50.8563 88.3966
511 50.8562 88.3967
882 50.8562 88.3967
118 50.8561 88.3967
952 50.8561 88.3967
140 50.856 88.3967
156 50.856 88.3967
62 50.856 88.3967
12 50.8559 88.3968
344 50.8559 88.3968
530 50.7331 88.4192
947 50.6179 88.4402
105 50.4972 88.4622
880 50.3914 88.4814
313 50.2739 88.5029
239 50.1432 88.5267
763 50.0259 88.5481
754 49.9235 88.5667
564 49.8023 88.5888
206 49.688 88.6097
536 49.5895 88.6276
23 49.4902 88.6457
434 49.1819 88.7019
415 48.8636 88.76
861 48.5145 88.8237
826 48.134 88.893
866 47.7221 88.9682
179 47.3795 89.0306
241 46.9839 89.1028
202 46.6612 89.1616
887 45.9256 89.2958
919 44.6457 89.529
961 44.6457 89.529
624 44.6457 89.529
659 44.5355 89.5294
343 44.4318 89.5297
305 44.3314 89.53
874 44.2301 89.5303
126 44.1367 89.5306
406 44.0348 89.531
532 43.9293 89.5313
738 43.8058 89.5317
766 43.7048 89.532
746 43.6109 89.5323
389 43.5031 89.5327
755 43.4017 89.533
516 43.2991 89.5333
974 43.1757 89.5337
752 43.0713 89.5341
877 43.0085 89.5343
271 42.9481 89.5345
5 42.9 89.5346
367 42.8518 89.5348
248 42.7664 89.535
408 42.6781 89.5353
636 42.5877 89.5356
851 42.4923 89.5359
193 42.3773 89.5363
437 42.2647 89.5366
40 42.1698 89.5369
539 41.9219 89.5377
773 41.6762 89.5385
165 41.5433 89.539
449 41.3921 89.5394
129 41.2428 89.5399
82 41.0963 89.5404
231 40.922 89.541
918 40.7686 89.5414
814 40.647 89.5418
394 40.495 89.5423
172 40.3441 89.5428
92 40.1941 89.5433
548 40.0591 89.5437
256 39.9213 89.5442
265 39.7938 89.5446
53 39.6628 89.545
392 39.522 89.5454
672 39.3829 89.5459
72 39.2611 89.5463
22 39.14 89.5467
807 39.0224 89.547
470 38.888 89.5475
215 38.77 89.5478
292 38.64 89.5483
139 38.512 89.5487
294 38.3956 89.549
309 38.2595 89.5495
181 38.1213 89.5499
146 37.9841 89.5504
562 37.8596 89.5508
416 36.7794 89.5542
613 35.6375 89.5578
167 34.4239 89.5616
569 33.4808 89.5646
448 32.3106 89.5682
578 30.8116 89.573
649 30.5173 89.5739
707 29.3606 89.5775
306 28.1235 89.5815
13 26.9045 89.5853
58 26.5742 89.5863
249 26.2724 89.5873
227 25.9975 89.5882
651 25.9515 89.5883
424 25.9053 89.5885
610 25.8601 89.5886
456 25.8113 89.5888
44 25.7658 89.5889
786 25.7226 89.589
36 25.6735 89.5892
76 25.6255 89.5894
120 25.576 89.5895
712 25.5171 89.5897
776 25.4655 89.5899
183 25.4196 89.59
933 25.3741 89.5902
491 25.332 89.5903
631 25.2915 89.5904
490 25.2489 89.5906
469 25.2031 89.5907
418 25.1625 89.5908
141 25.122 89.591
696 25.0734 89.5911
50 25.0256 89.5913
368 24.9832 89.5914
960 24.9456 89.5915
230 24.8642 89.5918
954 24.7514 89.5922
2 24.6314 89.5925
93 24.4854 89.593
28 24.3828 89.5933
288 24.2668 89.5937
409 24.1625 89.5941
428 24.0574 89.5944
430 23.9427 89.5948
73 23.8291 89.5951
973 23.6989 89.5955
20 23.6091 89.5958
611 23.508 89.5962
795 23.4074 89.5965
808 23.2918 89.5969
253 23.1636 89.5973
761 23.0258 89.5977
833 22.8901 89.5981
885 22.764 89.5985
753 22.6335 89.599
593 22.5146 89.5994
441 22.4008 89.5997
150 22.2955 89.6001
697 22.1695 89.6005
115 22.0357 89.6009
96 21.9263 89.6012
768 21.7913 89.6017
521 21.6576 89.6021
714 21.5247 89.6025
871 21.3976 89.6029
886 21.2819 89.6033
638 21.1655 89.6037
699 20.2462 89.6066
859 19.6128 89.6086
695 18.8725 89.611
487 18.1375 89.6134
431 16.5576 89.6184
380 14.1515 89.626
199 13.9842 89.6266
88 13.8413 89.627
982 13.669 89.6276
304 13.5054 89.6281
386 13.3439 89.6286
301 13.1685 89.6292
39 13.0016 89.6297
153 12.8619 89.6301
547 12.7232 89.6306
436 12.6022 89.631
637 12.4778 89.6314
693 12.3582 89.6318
916 12.2491 89.6321
462 12.1256 89.6325
17 11.9911 89.6329
446 11.8382 89.6334
247 11.6923 89.6339
953 11.5381 89.6344
108 11.4055 89.6348
435 11.2755 89.6352
868 11.1417 89.6357
447 11.0251 89.636
200 10.9088 89.6364
905 10.7918 89.6368
568 10.6781 89.6371
236 10.5636 89.6375
442 10.4448 89.6379
678 10.3043 89.6383
718 10.1822 89.6387
988 10.0568 89.6391
827 10.0565 89.6212
138 10.0561 89.6015
585 10.0557 89.5817
360 10.0554 89.5604
244 10.055 89.5418
15 10.0548 89.5264
495 10.0544 89.5063
213 10.0541 89.4886
560 10.0496 89.2404
780 10.0464 89.0641
750 10.0438 88.9213
31 10.0396 88.6905
399 10.036 88.4955
615 10.0326 88.3062
95 10.0295 88.139
1 10.0265 87.9727
792 10.0233 87.795
263 10.0202 87.6283
106 10.0172 87.4613
759 10.0135 87.2566
914 10.0104 87.0879
711 10.0072 86.9104
944 10.0031 86.6875
557 9.99988 86.5107
364 9.9965 86.3252
892 9.99289 86.1267
803 9.98961 85.9468
444 9.98599 85.7479
426 9.98248 85.5551
401 9.97921 85.3753
570 9.97567 85.1811
546 9.97244 85.0036
628 9.96944 84.8383
969 9.96649 84.6763
169 9.96307 84.4885
405 9.95992 84.3157
736 9.95022 83.7828
300 9.94026 83.2355
955 9.93017 82.6812
184 9.92051 82.1508
178 9.91181 81.6729
75 9.90329 81.2048
316 9.89518 80.7593
815 9.88602 80.2559
719 9.87559 79.6833
325 9.86353 79.0208
90 9.85095 78.33
203 9.8378 77.6072
48 9.82359 76.827
825 9.80685 75.9073
240 9.7899 74.9765
991 9.76632 73.6814
760 9.73968 72.2185
554 9.73766 72.1071
657 9.73062 71.7212
517 9.72315 71.3113
347 9.71619 70.9294
224 9.7532 70.9305
665 9.79155 70.9317
277 9.82932 70.9328
667 9.86571 70.9339
207 9.90519 70.9351
321 9.95147 70.9365
374 9.99318 70.9378
119 10.0325 70.939
130 10.0736 70.9403
500 10.1129 70.9415
326 10.1511 70.9426
630 10.183 70.9436
524 10.2159 70.9446
860 10.2466 70.9455
14 10.2766 70.9464
131 10.3113 70.9475
799 10.3444 70.9485
114 10.3838 70.9497
948 10.4188 70.9508
879 10.4537 70.9519
639 10.4876 70.9529
680 10.5256 70.954
939 10.5577 70.955
796 10.5993 70.9563
966 10.6305 70.9573
717 10.6691 70.9584
376 10.7125 70.9597
601 10.7596 70.9612
192 10.7596 70.9612
113 10.7596 70.9612
400 10.7596 70.9612
556 10.7596 70.9612
429 10.7596 70.9612
255 10.7596 70.9612
346 10.7596 70.9612
81 10.7596 70.9612
694 10.7596 70.9612
772 10.7596 70.9612
739 10.7596 70.9612
132 10.7596 70.9612
361 10.7596 70.9612
298 10.7596 70.9612
890 10.7596 70.9612
433 10.7596 70.9612
728 10.7596 70.9612
3 10.7596 70.9612
398 10.7596 70.9612
77 10.7596 70.9612
747 10.7596 70.9612
607 10.7596 70.9612
734 10.7596 70.9612
371 10.7596 70.9612
381 10.7596 70.9612
445 10.7596 70.9612
272 10.7596 70.9612
427 10.7596 70.9612
162 10.7596 70.9612
97 10.7596 70.9612
503 10.7596 70.9612
457 10.7596 70.9612
502 10.7596 70.9612
551 10.7596 70.9612
784 10.7596 70.9612
924 10.7596 70.9612
970 10.7595 70.9612
686 10.7595 70.9612
234 10.7595 70.9612
830 10.7211 71.4292
726 14.2624 71.6032
339 16.7661 71.7263
41 19.0035 71.8362
608 19.1161 71.5566
168 19.2424 71.243
757 19.3722 70.9205
705 20.173 68.9318
338 20.173 68.9318
479 20.173 68.9318
482 20.173 68.9318
275 20.173 68.9318
600 20.173 68.9318
99 20.173 68.9318
981 20.173 68.9318
220 20.173 68.9318
703 20.173 68.9318
219 20.2893 68.9543
451 20.4576 68.987
927 20.6226 69.019
196 20.763 69.0463
599 21.4667 69.1829
359 22.0889 69.3037
550 22.4829 69.3802
701 22.8636 69.4541
16 23.3007 69.539
501 23.6431 69.6054
735 23.9588 69.6667
901 24.336 69.7399
137 24.7214 69.8148
846 25.0328 69.8752
729 25.3789 69.9424
957 25.7518 70.0148
382 26.1075 70.0838
645 26.4952 70.1591
604 26.835 70.2251
910 27.1805 70.2921
329 27.3435 70.3238
526 27.5723 70.3682
291 27.8275 70.4177
79 27.9971 70.4507
443 28.1907 70.4882
574 28.4241 70.5336
950 28.64 70.5755
60 28.8893 70.6239
333 29.1093 70.6666
658 29.3355 70.7105
788 29.5797 70.7579
587 29.8254 70.8056
946 30.0827 70.8555
175 30.424 70.9218
806 30.6884 70.9731
223 30.9392 71.0218
296 31.1884 71.0702
225 31.4427 71.1195
21 31.6464 71.1591
390 31.8543 71.1995
840 32.0955 71.2463
327 32.1466 70.9886
189 32.191 70.765
789 32.2491 70.4721
459 32.3119 70.1562
965 32.3658 69.8844
809 32.4198 69.6126
104 32.4369 69.5264
171 32.4519 69.451
614 32.4668 69.3758
163 32.4857 69.2807
540 32.5027 69.1952
410 32.5218 69.0987
591 32.5367 69.0237
252 32.5516 68.9488
689 32.5677 68.8675
454 32.5844 68.7833
730 32.6025 68.6924
226 32.6203 68.6028
270 32.6383 68.5121
872 32.657 68.4179
537 32.6776 68.314
144 32.6994 68.2042
124 32.7214 68.0934
308 32.7489 67.955
779 32.7736 67.8305
576 32.7971 67.7119
765 32.8169 67.6126
732 32.8352 67.5202
350 32.8496 67.4476
134 32.8683 67.3533
523 32.8875 67.2571
715 32.906 67.1638
80 32.9232 67.0772
976 32.9404 66.9905
266 32.958 66.902
662 32.98 66.7909
971 33.0046 66.6674
56 33.031 66.5342
89 33.0563 66.4066
724 33.0664 66.3559
404 33.0783 66.296
878 33.0908 66.2333
54 33.1051 66.1611
365 33.1179 66.0968
471 33.1314 66.0285
596 33.1314 66.0285
929 33.1314 66.0285
493 33.1314 66.0285
676 33.1314 66.0285
545 32.4971 65.14
922 32.4276 65.0427
370 32.3601 64.9482
891 31.5854 64.6209
720 31.0259 64.3846
533 30.5255 64.1732
756 29.8509 63.8883
912 29.2784 63.6465
30 28.6414 63.3774
839 27.8463 63.0415
267 26.9738 62.673
640 26.0822 62.2963
336 25.1594 61.9065
571 25.1594 61.9065
411 25.1594 61.9065
349 25.1594 61.9065
635 25.1594 61.9065
888 25.1594 61.9065
733 24.7964 61.3493
552 24.4455 60.8107
233 24.0454 60.1964
903 23.6959 59.6599
507 23.2774 59.0174
897 22.8545 58.3683
34 22.4143 57.6925
688 21.9506 56.9807
633 21.4853 56.2664
475 21.0483 55.5956
59 20.7889 55.1973
723 20.483 54.7278
391 20.3457 54.517
938 20.212 54.3117
691 20.0748 54.1012
174 19.9201 53.8638
663 19.7748 53.6407
858 19.6605 53.4652
422 19.5478 53.2922
510 19.4232 53.1009
936 19.2757 52.8745
78 19.1397 52.6657
956 19.0399 52.5125
373 18.9193 52.3275
616 18.8131 52.1644
302 18.8131 52.1644
182 17.1594 52.0233
324 15.6951 51.8983
531 11.5776 51.5469
303 11.5776 51.5469
312 11.5776 51.5469
708 11.5776 51.5469
849 11.5776 51.5469
534 11.5776 51.5469
166 11.5776 51.5469
57 11.5776 51.5469
565 11.5776 51.5469
214 11.5776 51.5469
157 11.5776 51.5469
863 11.5776 51.5469
122 11.5776 51.5469
805 11.5904 51.4864
925 11.6024 51.4293
677 11.6162 51.3633
527 11.6306 51.2948
770 11.6469 51.2175
758 11.6599 51.1556
218 11.6717 51.0996
764 11.6852 51.0352
123 11.7013 50.9586
909 11.7153 50.892
496 11.7299 50.8224
949 11.7434 50.7579
489 11.7555 50.7005
154 11.769 50.6365
352 11.782 50.5745
797 11.796 50.5078
128 11.8085 50.4483
698 11.8218 50.385
771 11.8361 50.3172
908 11.8491 50.2552
142 11.8614 50.1967
972 11.8734 50.1396
148 11.8882 50.0692
476 11.9011 50.0075
384 11.9129 49.9514
731 11.9242 49.8978
100 11.9348 49.8471
841 11.9471 49.7886
222 11.9592 49.7313
47 11.9708 49.6762
341 11.9839 49.6138
542 11.9965 49.5538
505 12.009 49.4943
589 12.0213 49.4359
116 12.0305 49.3917
279 12.4222 47.5274
403 12.9274 45.1231
46 13.3812 42.9634
37 13.7885 41.0245
655 14.2323 38.9124
486 14.7107 36.6353
228 14.7841 36.2862
602 14.8726 35.865
87 13.0909 36.2561
328 11.3834 36.6309
749 11.2348 36.6635
463 11.2348 36.6635
652 11.2348 36.6635
499 11.2348 36.6635
125 11.2595 36.3107
514 11.2832 35.9738
268 11.3043 35.6733
205 11.3222 35.4182
283 11.3389 35.1792
943 11.3583 34.9029
32 11.3749 34.6676
710 11.3928 34.4118
299 11.4095 34.1747
423 11.4241 33.9663
963 11.442 33.7115
74 11.4487 33.615
133 11.4549 33.5267
700 11.4607 33.4441
958 11.4671 33.3533
829 11.4743 33.2507
212 11.4806 33.1603
4 11.4887 33.0457
65 11.4957 32.9463
455 11.5029 32.843
10 11.5087 32.7609
985 11.5152 32.6682
990 11.5215 32.5783
330 11.5286 32.4768
121 11.5916 31.5793
86 11.6476 30.7802
673 11.7119 29.8629
641 11.7659 29.0928
898 11.8118 28.4393
794 11.9119 27.0121
402 12.0255 25.3916
258 12.1277 23.9352
348 12.239 22.3479
572 12.3233 21.1452
187 12.4384 19.5044
881 12.5219 18.3144
674 12.5543 17.8518
8 12.5862 17.3979
682 12.5992 17.2114
254 12.6121 17.0285
331 12.6254 16.8383
588 12.6411 16.6149
474 12.6558 16.4048
488 12.6742 16.1423
366 12.6869 15.9616
646 12.6995 15.7821
412 12.7123 15.599
61 12.7264 15.3983
722 12.7416 15.1823
812 12.7535 15.0117
629 14.1479 15.39
836 17.6775 16.3475
661 17.6775 16.3475
211 17.6775 16.3475
741 17.6775 16.3475
362 17.6775 16.3475
26 27.8688 16.7906
221 27.9975 16.7962
643 28.1274 16.8018
354 28.2628 16.8077
902 28.4018 16.8138
573 28.5655 16.8209
915 28.6905 16.8263
824 28.832 16.8325
704 28.9767 16.8388
702 29.0974 16.844
439 29.2374 16.8501
883 29.3997 16.8572
669 29.5342 16.863
822 29.6819 16.8694
363 29.8169 16.8753
787 29.9458 16.8809
351 30.081 16.8868
261 30.222 16.8929
307 30.222 16.8929
626 30.222 16.8929
337 30.222 16.8929
310 30.222 16.8929
246 30.222 16.8929
899 30.222 16.8929
287 32.9975 16.513
934 34.7386 16.2746
64 34.9756 16.2422
407 35.2563 16.2038
709 35.5298 16.1664
653 35.8894 16.1171
518 36.1953 16.0753
419 38.5964 22.4763
289 38.3189 23.1224
250 38.0356 23.7818
586 37.8625 24.1847
160 37.7051 24.5512
111 37.5588 24.8917
284 37.3919 25.2803
278 36.6651 30.3829
414 36.1075 34.2977
664 35.9643 35.303
151 35.8556 36.0664
467 35.7612 36.7286
194 35.6068 37.8133
529 35.547 38.2327
778 35.4792 38.7089
692 35.4792 38.7089
862 35.4792 38.7089
257 35.4792 38.7089
869 35.4792 38.7089
917 35.4792 38.7089
38 35.4792 38.7089
49 35.4792 38.7089
853 35.4792 38.7089
834 35.4792 38.7089
612 35.4792 38.7089
549 35.5941 38.9781
379 35.7054 39.2388
413 36.024 39.9847
438 36.2793 40.5828
508 36.6353 41.4167
237 36.8003 41.8032
790 36.8137 41.8347
452 36.8287 41.8699
512 36.8447 41.9071
180 36.8605 41.9443
522 36.8756 41.9797
342 36.8901 42.0135
276 36.9042 42.0467
848 36.9189 42.081
127 36.934 42.1165
913 36.9341 42.1167
783 36.9342 42.1168
679 36.9342 42.117
706 36.9343 42.1172
147 36.9344 42.1175
461 36.9345 42.1177
388 36.9346 42.1178
811 36.9346 42.118
191 36.9347 42.1182
480 36.9348 42.1184
7 36.9349 42.1186
989 36.935 42.1188
11 36.9351 42.119
603 36.9352 42.1193
535 37.0103 42.1074
525 37.0949 42.094
397 37.1838 42.0799
543 37.2959 42.0621
269 37.6499 42.0061
619 38.0909 41.9363
687 38.5588 41.8623
356 39.0589 41.7831
935 39.5459 41.7061
566 39.999 41.6344
748 40.4518 41.5628
210 41.0982 41.4604
870 41.7433 41.3583
69 42.2368 41.2803
155 42.6951 41.2078
876 43.1576 41.1346
472 43.9759 41.0051
844 44.7815 40.8776
906 45.562 40.754
978 46.2977 40.6376
421 46.5027 40.6052
594 46.7465 40.5666
197 46.9332 40.537
262 47.1364 40.5049
164 50.1879 36.6048
821 51.4397 35.0048
377 51.5348 34.8832
66 51.6272 34.7651
875 51.728 34.6363
217 51.8529 34.4766
6 51.993 34.2976
358 52.1012 34.1593
209 52.2068 34.0243
781 52.3176 33.8826
785 52.4171 33.7555
865 52.5188 33.6254
27 52.6237 33.4914
873 52.7262 33.3603
930 52.8176 33.2436
681 52.9208 33.1116
55 53.0281 32.9744
751 53.1238 32.8522
355 53.2179 32.7318
634 53.3139 32.6091
828 53.4124 32.4832
63 53.5005 32.3706
43 53.7171 32.0938
716 54.069 31.6439
555 54.778 30.7377
831 55.4636 29.8613
19 56.0095 29.1635
458 56.8806 28.0501
777 62.1798 21.2769
295 64.1311 18.7828
103 66.6902 15.5118
581 67.2879 15.7133
176 67.9009 15.9201
819 68.5583 16.1418
721 69.3023 16.3927
504 70.0356 16.64
959 70.7801 16.891
598 72.329 17.4134
24 74.2866 18.0735
