0,627,243,260,345,979,483,98,520,33,590,835,195,609,70,932,466,553,314,606,920,842,644,117,675,745,583,274,357,425,232,670,592,29,850,323,951,334,967,387,143,926,485,102,767,941,656,186,743,621,964,798,84,190,188,293,85,478,810,519,440,791,281,683,597,262,623,396,101,468,498,793,286,923,538,558,625,432,484,782,315,847,804,617,855,769,208,986,109,802,921,112,9,987,632,94,453,857,282,161,968,513,216,91,577,582,35,460,832,509,67,18,668,907,393,238,942,340,173,51,762,595,110,201,671,605,837,962,290,975,727,515,647,579,654,650,900,867,152,383,818,68,904,385,420,684,107,242,838,506,884,136,852,497,198,332,977,170,660,648,725,473,528,450,204,311,25,685,372,417,889,742,928,135,775,937,740,983,820,285,494,322,159,893,580,744,297,477,378,251,42,931,353,854,992,71,83,864,149,177,317,817,813,158,318,145,544,185,666,622,52,620,845,464,273,984,823,481,395,229,465,800,980,801,62,896,911,179,12,415,826,737,193,369,895,280,248,940,140,575,23,887,642,947,434,690,754,816,856,567,636,563,406,367,882,746,40,851,313,659,618,774,239,105,880,165,375,516,541,118,866,202,584,335,814,561,320,206,539,763,511,259,344,624,532,961,861,755,156,952,530,562,126,408,82,294,72,53,231,840,738,392,707,146,230,271,265,974,319,548,215,139,5,713,437,874,766,394,448,129,559,449,241,343,309,292,245,172,877,305,389,22,569,536,613,416,181,752,564,470,16,28,631,490,960,611,933,183,712,786,456,651,973,699,714,578,672,92,918,773,919,430,550,288,409,428,521,795,808,253,761,833,885,753,593,441,150,697,115,96,768,487,2,306,50,696,141,418,244,469,431,368,462,73,20,871,886,638,859,695,13,249,227,424,610,44,36,76,120,776,491,15,495,88,75,719,905,426,301,815,637,711,360,585,138,827,200,17,399,916,546,93,803,240,718,693,106,300,39,95,914,263,792,447,178,547,436,364,203,557,1,615,868,780,435,736,316,678,442,236,169,988,213,325,570,953,247,446,628,444,153,401,304,982,892,750,31,108,386,380,58,199,184,568,969,405,551,944,955,759,830,554,90,890,224,376,48,14,966,524,739,939,298,457,503,338,131,321,114,207,517,560,374,361,726,502,339,728,433,600,479,132,703,772,168,924,601,860,3,97,398,747,970,381,607,825,657,639,371,162,272,77,130,219,680,500,119,326,796,694,991,445,734,879,948,784,192,667,427,482,665,686,277,760,717,799,400,556,255,346,81,429,220,113,630,347,537,965,329,34,99,971,266,701,275,705,382,349,927,552,788,640,411,981,689,901,903,729,897,507,451,596,493,587,946,888,846,599,223,443,226,604,878,730,189,662,270,333,124,327,658,789,733,571,359,390,635,806,252,608,60,574,454,614,649,167,404,757,296,256,41,350,950,807,144,137,308,540,724,872,134,645,957,954,809,235,264,894,779,976,225,676,461,89,603,922,523,459,576,54,533,715,80,732,910,410,267,526,735,104,891,370,929,59,756,175,720,291,171,839,30,765,237,591,21,56,365,163,471,912,79,501,510,32,37,535,475,688,543,269,858,545,438,422,913,633,11,616,154,391,142,723,397,908,525,956,324,655,403,302,764,233,234,531,589,196,336,938,925,303,691,122,677,972,849,797,174,123,758,749,527,770,116,708,312,476,489,218,279,78,505,863,373,157,909,214,565,57,100,341,47,166,423,534,330,936,542,949,228,148,128,698,771,841,222,805,496,352,663,283,182,463,46,499,652,328,612,87,133,205,65,268,10,731,943,86,514,572,985,990,121,700,958,829,212,384,125,486,278,869,151,915,258,741,4,836,898,455,74,794,402,674,710,187,299,474,881,8,211,722,331,366,673,629,61,812,646,641,412,588,348,682,902,362,488,963,221,661,702,254,573,307,354,602,899,518,439,934,379,287,363,407,160,709,246,643,626,704,351,310,669,467,787,653,261,337,111,883,64,26,284,414,824,822,549,529,7,180,413,853,155,716,917,522,69,276,783,619,257,147,790,876,989,862,342,49,512,210,778,452,664,692,706,566,508,679,38,811,687,388,127,191,748,586,906,480,848,844,472,870,63,356,834,194,492,843,875,945,55,421,935,865,19,458,377,66,250,930,681,27,45,831,828,555,217,978,873,358,355,781,6,634,785,289,751,821,197,419,594,43,209,164,721,581,504,777,176,959,598,295,24,819,103,
value : 427.328 running time : 633.277287
0 80 20
627 84.744 18.0491
243 85.3498 17.8
260 85.7891 17.6193
345 85.9056 17.5714
979 86.025 17.5223
483 86.1432 17.4737
98 83.0497 26.0998
520 81.4769 29.5968
33 80.5869 31.5758
590 79.6479 33.6635
835 78.1416 37.0125
195 76.5975 40.4458
609 75.6249 42.6082
70 74.5807 44.9299
932 74.5667 44.961
466 74.5528 44.9919
553 74.5367 45.0276
314 74.5223 45.0596
606 74.5068 45.0942
920 74.4919 45.1273
842 74.4754 45.164
644 74.4604 45.1973
117 74.4458 45.2298
675 74.4458 45.2298
745 74.5001 45.3834
583 74.5582 45.5479
274 74.6039 45.6774
357 74.65 45.8078
425 74.7069 45.969
232 74.7554 46.1062
670 74.8086 46.2567
592 74.8636 46.4126
29 74.9168 46.5631
850 74.9743 46.7257
323 75.0239 46.8662
951 75.0905 47.0548
334 72.0317 49.1982
967 71.3448 49.6795
387 70.5692 50.223
143 69.3428 51.0823
926 68.1203 51.9389
485 66.859 52.8228
102 65.8599 53.5229
767 64.8151 54.2549
941 63.7692 54.9878
656 62.3088 56.0112
186 59.5674 57.9322
743 57.5286 59.3608
621 56.391 60.1579
964 56.2386 60.2647
798 56.0764 60.3783
84 55.9335 60.4785
190 55.8036 60.5695
188 55.6094 60.7056
293 55.4252 60.8347
85 55.2347 60.9681
478 55.0487 61.0985
810 54.8123 61.2642
519 54.5864 61.4224
440 54.3456 61.5912
791 54.0954 61.7665
281 53.8505 61.9381
683 53.6181 62.101
597 53.6181 62.101
262 53.6181 62.101
623 53.6181 62.101
396 53.6091 62.2929
101 53.5996 62.4956
468 53.5894 62.7124
498 53.5812 62.8889
793 53.5722 63.0798
286 53.5629 63.2778
923 53.5535 63.4794
538 53.5426 63.7116
558 53.5309 63.9617
625 53.5196 64.204
432 53.5063 64.4871
484 53.4956 64.7165
782 53.4847 64.9485
315 53.4847 64.9485
847 53.4847 64.9485
804 53.4847 64.9485
617 53.6722 65.1788
855 53.8576 65.4063
769 54.0578 65.6521
208 54.2321 65.8661
986 54.3987 66.0706
109 54.5733 66.285
802 54.7486 66.5002
921 54.8612 66.5099
112 54.9808 66.5202
9 55.0948 66.53
987 55.2057 66.5396
632 55.3057 66.5482
94 55.4117 66.5574
453 55.5201 66.5667
857 55.6319 66.5764
282 55.7459 66.5862
161 55.8571 66.5958
968 55.9646 66.6051
513 56.0687 66.6141
216 56.6315 66.6626
91 57.2399 66.7151
577 57.9083 66.7727
582 58.667 66.8382
35 59.5304 66.9127
460 60.4492 66.9919
832 61.3234 67.0673
509 62.2801 67.1498
67 63.2327 67.232
18 64.1084 67.3075
668 64.2009 67.3062
907 64.2984 67.3047
393 64.3995 67.3033
238 64.4981 67.3018
942 64.6023 67.3003
340 64.6957 67.2989
173 64.7927 67.2975
51 64.8925 67.296
762 64.9836 67.2947
595 65.0936 67.2931
110 65.2058 67.2914
201 65.3028 67.29
671 65.3749 67.2889
605 65.7809 67.283
837 66.2982 67.2753
962 66.7441 67.2688
290 67.1626 67.2626
975 67.5853 67.2564
727 67.9403 67.2512
515 68.2932 67.246
647 68.759 67.2392
579 69.3121 67.231
654 69.7652 67.2244
650 70.2351 67.2174
900 70.7435 67.21
867 71.2121 67.2031
152 71.7146 67.1957
383 72.2182 67.1883
818 72.6484 67.1819
68 73.2136 67.0137
904 73.9021 66.8087
385 75.8606 66.2256
420 77.5286 65.729
684 81.1084 64.6633
107 83.5569 63.9343
242 83.7691 63.8711
838 83.9839 63.8071
506 84.2003 63.7427
884 84.4174 63.6781
136 84.6078 63.6214
852 85.0388 63.8425
497 85.6839 64.1735
198 85.7002 64.5247
332 85.7225 65.0056
977 85.7396 65.3734
170 85.7591 65.7942
660 86.0611 72.3064
648 86.237 76.0999
725 86.3258 78.0154
473 86.3394 78.3096
528 86.3468 78.4681
450 86.3554 78.6534
204 86.365 78.8621
311 86.3753 79.0843
25 86.3867 79.3281
685 86.3963 79.5352
372 86.4048 79.7197
417 84.4457 82.7538
889 83.1675 84.7333
742 81.9355 86.6415
928 80.7977 88.4036
135 80.044 88.3803
775 79.4963 88.3634
937 79.0765 88.3505
740 78.875 88.3442
983 78.6654 88.3378
820 78.0226 88.3179
285 77.324 88.2964
494 76.8045 88.2803
322 76.3015 88.2648
159 75.4908 88.2397
893 74.6838 88.2148
580 73.7004 88.1845
744 68.7619 88.0319
297 68.5354 88.0358
477 68.3226 88.0394
378 68.1208 88.0429
251 67.9423 88.0459
42 67.7396 88.0494
931 67.5429 88.0528
353 67.3702 88.0557
854 67.1804 88.0589
992 66.9649 88.0626
71 66.7834 88.0657
83 66.5857 88.0691
864 66.3775 88.0726
149 66.1317 88.0768
177 65.8621 88.0815
317 65.6187 88.0856
817 65.4024 88.0893
813 65.191 88.0929
158 64.9547 88.0969
318 64.7032 88.1012
145 64.4345 88.1058
544 64.1655 88.1104
185 63.8847 88.1152
666 63.643 88.1193
622 63.3436 88.1245
52 63.0455 88.1295
620 62.7432 88.1347
845 62.4272 88.1401
464 62.0855 88.1459
273 61.7472 88.1517
984 61.4117 88.1574
823 61.0984 88.1628
481 60.7608 88.1686
395 60.1525 88.179
229 59.5423 88.1894
465 58.9892 88.1988
800 57.7075 88.2209
980 57.4127 88.2259
801 57.124 88.2309
62 56.8182 88.2361
896 56.5305 88.241
911 56.2474 88.2459
179 55.9476 88.251
12 55.6657 88.2558
415 55.3723 88.2608
826 55.0812 88.2658
737 54.8397 88.2699
193 54.5626 88.2747
369 54.3671 88.278
895 54.1484 88.2818
280 53.9475 88.2852
248 53.7341 88.2889
940 53.6684 88.29
140 53.6044 88.2911
575 53.542 88.2922
23 53.4764 88.2933
887 53.4044 88.2945
642 53.3295 88.2958
947 53.2649 88.2969
434 53.2032 88.298
690 53.1383 88.2991
754 53.0717 88.3002
816 53.0076 88.3013
856 52.9415 88.3024
567 52.8711 88.3036
636 52.7875 88.3051
563 52.7131 88.3063
406 52.6567 88.3073
367 52.6037 88.3082
882 52.5465 88.3092
746 52.4845 88.3103
40 52.4259 88.3113
851 52.3662 88.3123
313 52.3057 88.3133
659 52.2397 88.3145
618 52.1852 88.3154
774 52.1259 88.3164
239 52.0634 88.3175
105 52.0056 88.3185
880 51.9479 88.3195
165 51.8888 88.3205
375 51.8323 88.3214
516 51.781 88.3223
541 51.7292 88.3232
118 51.6788 88.3241
866 51.6226 88.325
202 51.5757 88.3258
584 51.5238 88.3267
335 51.4664 88.3277
814 51.4055 88.3287
561 51.3478 88.3297
320 51.319 88.3302
206 51.288 88.3308
539 51.258 88.3313
763 51.2306 88.3317
511 51.2046 88.3322
259 51.1771 88.3327
344 51.149 88.3331
624 50.6676 88.3414
532 50.1562 88.3501
961 49.6811 88.3582
861 49.252 88.3655
755 48.771 88.3737
156 48.3437 88.381
952 47.9251 88.3881
530 47.4454 88.3963
562 46.9755 88.4043
126 46.5446 88.4117
408 46.0773 88.4197
82 45.5641 88.4284
294 45.0548 88.4371
72 44.559 88.4456
53 44.1448 88.4527
231 43.7253 88.4598
840 43.3835 88.4657
738 43.0426 88.4715
392 42.7164 88.477
707 42.408 88.4823
146 42.1132 88.4873
230 41.8237 88.4923
271 41.5383 88.4971
265 41.2854 88.5015
974 41.0791 88.505
319 40.9198 88.5077
548 40.7212 88.5111
215 40.5426 88.5141
139 40.3602 88.5172
5 40.3602 88.5172
713 40.3601 88.5172
437 40.36 88.5172
874 40.36 88.5172
766 40.3599 88.5172
394 40.3598 88.5172
448 40.3598 88.5172
129 40.3597 88.5172
559 40.3596 88.5172
449 40.3596 88.5172
241 40.3595 88.5172
343 40.3594 88.5172
309 40.3594 88.5172
292 40.3593 88.5172
245 40.3592 88.5172
172 40.0467 88.5223
877 39.7618 88.527
305 39.4964 88.5313
389 39.1995 88.5361
22 38.8911 88.5412
569 38.6026 88.5459
536 38.3235 88.5504
613 37.9115 88.5571
416 37.5381 88.5632
181 37.1419 88.5697
752 36.7366 88.5763
564 36.363 88.5823
470 34.6239 88.6106
16 32.7881 88.6405
28 31.5851 88.66
631 30.6215 88.6757
490 29.8614 88.688
960 29.1529 88.6996
611 28.2887 88.7136
933 27.4809 88.7267
183 26.8617 88.7368
712 26.2857 88.7462
786 25.7866 88.7543
456 25.2284 88.7634
651 24.6975 88.7721
973 24.1598 88.7808
699 23.9463 88.7843
714 23.9163 88.7848
578 23.8867 88.7853
672 23.8573 88.7857
92 23.8252 88.7863
918 23.7901 88.7868
773 23.7547 88.7874
919 23.7185 88.788
430 23.6769 88.7887
550 23.6388 88.7893
288 23.6022 88.7899
409 23.5691 88.7904
428 23.5362 88.791
521 23.5006 88.7916
795 23.4695 88.7921
808 23.4345 88.7926
253 23.3967 88.7932
761 23.3567 88.7939
833 23.3176 88.7945
885 23.281 88.7951
753 23.2431 88.7958
593 23.2084 88.7963
441 23.1748 88.7969
150 23.1436 88.7974
697 23.1069 88.798
115 23.0685 88.7986
96 23.0374 88.7991
768 22.9999 88.7997
487 22.9654 88.8003
2 22.9654 88.8003
306 22.9654 88.8003
50 22.9654 88.8003
696 22.9654 88.8003
141 22.9654 88.8003
418 22.9654 88.8003
244 22.9654 88.8003
469 22.9654 88.8003
431 22.9654 88.8003
368 22.9654 88.8003
462 22.9654 88.8003
73 22.9654 88.8003
20 22.9654 88.8003
871 22.6823 88.8172
886 22.4327 88.832
638 22.185 88.8468
859 21.8879 88.8645
695 21.5863 88.8824
13 21.2918 88.9
249 21.0265 88.9158
227 20.7509 88.9322
424 20.5042 88.9469
610 20.2435 88.9624
44 19.9698 88.9787
36 19.7001 88.9948
76 19.4264 89.0111
120 19.1257 89.029
776 18.0599 89.0925
491 17.0011 89.1556
15 15.3934 89.2514
495 13.6391 89.3558
88 11.8742 89.4609
75 10.3047 89.5542
719 10.2972 89.5546
905 10.2903 89.555
426 10.2834 89.5554
301 10.2772 89.5558
815 10.271 89.5562
637 10.2644 89.5566
711 10.2581 89.557
360 10.2521 89.5573
585 10.2443 89.5578
138 10.238 89.5582
827 10.2313 89.5586
200 10.2252 89.5589
17 10.2194 89.5593
399 10.2128 89.5597
916 10.2061 89.5601
546 10.1984 89.5605
93 10.1919 89.5609
803 10.1841 89.5614
240 10.1769 89.5618
718 10.1702 89.5622
693 10.1634 89.5626
106 10.1563 89.563
300 10.1492 89.5635
39 10.1429 89.5638
95 10.1369 89.5642
914 10.1297 89.5646
263 10.1227 89.565
792 10.116 89.5654
447 10.1096 89.5658
178 10.1028 89.5662
547 10.0962 89.5666
436 10.0901 89.567
364 10.0836 89.5674
203 10.0772 89.5678
557 10.0711 89.5681
1 10.0641 89.5685
615 10.0568 89.569
868 10.0502 89.5694
780 10.0442 89.5697
435 10.0374 89.5701
736 10.0305 89.5705
316 10.024 89.5709
678 10.017 89.5713
442 10.011 89.5717
236 10.0039 89.5721
169 9.99606 89.5726
988 9.98871 89.573
213 9.98979 89.5245
325 9.99244 89.4053
570 9.99476 89.3009
953 9.99669 89.214
247 9.99875 89.1217
446 10.0009 89.0254
628 10.0031 88.9242
444 10.0053 88.8277
153 10.0073 88.7367
401 10.0094 88.6441
304 10.0114 88.5554
982 10.0136 88.4563
892 10.0157 88.3589
750 10.0176 88.2751
31 10.0224 88.0604
108 10.0263 87.8821
386 10.0302 87.7106
380 10.034 87.536
58 10.0454 87.0247
199 10.0558 86.5561
184 10.0672 86.0441
568 10.0759 85.6537
969 10.0855 85.2214
405 10.0962 84.7391
551 10.1187 83.7341
944 10.1398 82.7859
955 10.16 81.876
759 10.1801 80.9735
830 10.2007 80.0479
554 10.221 79.1334
90 10.242 78.189
890 10.2654 77.1369
224 10.2894 76.063
376 10.3123 75.0356
48 10.3243 74.4959
14 10.3391 73.8286
966 10.3526 73.2215
524 10.3632 72.7453
739 10.3726 72.3237
939 10.3811 71.9391
298 10.3825 71.8779
457 10.3839 71.8152
503 10.3854 71.7451
338 10.3871 71.6716
131 10.3887 71.5999
321 10.3901 71.5371
114 10.3917 71.462
207 10.3933 71.3936
517 10.3947 71.3272
560 10.396 71.2712
374 10.3975 71.2032
361 10.399 71.1361
726 10.4005 71.0681
502 10.4022 70.9939
339 10.4036 70.9268
728 10.4053 70.8508
433 10.4069 70.7787
600 10.4085 70.7098
479 10.4102 70.6329
132 10.4121 70.5465
703 10.414 70.4611
772 10.4156 70.3906
168 10.417 70.3281
924 10.4187 70.2499
601 10.4205 70.1709
860 10.4205 70.1709
3 10.4205 70.1709
97 10.4205 70.1709
398 10.4205 70.1709
747 10.4205 70.1709
970 10.4205 70.1709
381 10.4205 70.1709
607 10.4205 70.1709
825 10.4205 70.1709
657 10.4205 70.1709
639 10.4205 70.1709
371 10.4205 70.1709
162 10.4205 70.1709
272 10.4205 70.1709
77 10.4205 70.1709
130 10.4205 70.1709
219 10.4205 70.1709
680 10.4204 70.1709
500 10.4204 70.1709
119 10.4204 70.1709
326 10.4204 70.1709
796 10.4204 70.1709
694 10.4204 70.1709
991 10.4204 70.1709
445 10.4204 70.1709
734 10.4204 70.1709
879 10.4204 70.1709
948 10.4204 70.1709
784 10.4204 70.1709
192 10.4204 70.1709
667 10.4204 70.1709
427 10.4204 70.1709
482 10.4204 70.1709
665 10.4204 70.1709
686 10.4204 70.1709
277 10.4204 70.1709
760 10.4204 70.1709
717 10.4204 70.1709
799 10.4204 70.1709
400 10.4204 70.1709
556 10.4204 70.1709
255 10.4204 70.1709
346 10.4204 70.1709
81 10.4204 70.1709
429 10.4204 70.1709
220 10.4204 70.1709
113 10.4204 70.1709
630 10.4204 70.1709
347 10.4204 70.1709
537 15.9118 69.7387
965 17.0157 69.6514
329 17.7495 69.5934
34 18.4777 69.5358
99 19.0629 69.4895
971 19.655 69.4427
266 20.208 69.399
701 20.7443 69.3566
275 21.3203 69.311
705 21.9097 69.2644
382 22.1629 69.3455
349 22.4134 69.4257
927 22.6608 69.5049
552 22.8969 69.5805
788 23.138 69.6577
640 23.3655 69.7306
411 23.5716 69.7966
981 23.7982 69.8691
689 24.1797 69.9913
901 24.4527 70.0788
903 24.7415 70.1712
729 25.0171 70.2595
897 25.3056 70.3518
507 25.6329 70.4567
451 25.9939 70.5723
596 27.143 70.9402
493 27.8107 71.1541
587 27.8831 71.1927
946 27.9576 71.2324
888 28.0363 71.2743
846 28.1124 71.3148
599 28.1996 71.3613
223 28.2936 71.4113
443 28.3726 71.4534
226 28.4664 71.5034
604 28.5441 71.5448
878 28.6262 71.5885
730 28.7074 71.6318
189 28.7967 71.6793
662 28.87 71.7184
270 28.9419 71.7567
333 29.0054 71.7905
124 29.076 71.8281
327 29.1383 71.8613
658 29.2095 71.8992
789 29.282 71.9379
733 29.3518 71.975
571 29.4354 72.0196
359 29.5142 72.0615
390 29.5897 72.1017
635 29.6684 72.1437
806 29.7612 72.1931
252 29.8409 72.2355
608 29.9105 72.2727
60 30.1156 72.3819
574 30.3068 72.4838
454 30.5229 72.5989
614 30.7461 72.7178
649 30.9444 72.8234
167 31.1038 72.9083
404 31.264 72.9936
757 31.4293 73.0817
296 31.6133 73.1797
256 31.7965 73.2773
41 31.7965 73.2773
350 31.7965 73.2773
950 31.7965 73.2773
807 31.7965 73.2773
144 32.1992 72.6285
137 32.5195 72.1124
308 32.7891 71.6781
540 33.0368 71.279
724 33.2834 70.8818
872 33.5263 70.4905
134 33.8424 69.9812
645 34.0971 69.5708
957 34.3386 69.1818
954 34.554 68.8347
809 35.3611 67.5345
235 35.9158 66.641
264 35.7592 66.2994
894 35.6256 66.008
779 35.4655 65.6588
976 35.2993 65.2962
225 34.96 64.5559
676 34.5502 63.6618
461 33.9241 62.2959
89 33.7933 62.2822
603 33.6764 62.2699
922 33.5754 62.2593
523 33.476 62.2489
459 33.3592 62.2366
576 33.238 62.2238
54 33.1111 62.2105
533 32.9857 62.1973
715 32.8619 62.1843
80 32.7347 62.171
732 32.502 62.1465
910 32.2383 62.1188
410 31.9638 62.09
267 31.339 62.0243
526 30.7597 61.9634
735 30.7597 61.9634
104 30.7597 61.9634
891 30.7597 61.9634
370 30.7597 61.9634
929 30.7597 61.9634
59 30.7597 61.9634
756 30.7597 61.9634
175 30.7597 61.9634
720 30.7597 61.9634
291 30.7597 61.9634
171 30.7597 61.9634
839 30.7597 61.9634
30 30.7597 61.9634
765 30.7597 61.9634
237 30.7597 61.9634
591 30.7597 61.9634
21 30.7597 61.9634
56 30.7597 61.9634
365 30.7597 61.9634
163 30.7597 61.9634
471 30.7597 61.9634
912 29.5458 60.7343
79 28.1689 59.3402
501 26.9655 58.1216
510 23.7173 54.8326
32 19.5239 50.5866
37 19.5239 50.5866
535 19.5239 50.5866
475 19.5239 50.5866
688 19.5239 50.5866
543 19.5239 50.5866
269 19.5239 50.5866
858 19.4694 50.5991
545 19.4243 50.6094
438 19.3781 50.6199
422 19.3269 50.6316
913 19.2841 50.6414
633 19.2347 50.6526
11 19.1874 50.6634
616 19.1279 50.677
154 19.0777 50.6885
391 19.0376 50.6976
142 18.9945 50.7074
723 18.9529 50.7169
397 18.9092 50.7269
908 18.862 50.7377
525 18.8165 50.748
956 18.7657 50.7597
324 18.7205 50.77
655 18.6751 50.7803
403 18.6285 50.791
302 18.5817 50.8016
764 16.3826 51.3035
233 14.5467 51.7224
234 10.9539 52.5422
531 10.9624 52.4146
589 10.9718 52.2732
196 10.9814 52.1286
336 10.9916 51.9747
938 11.0013 51.829
925 11.0096 51.7042
303 11.0193 51.5584
691 11.0287 51.4171
122 11.0378 51.2795
677 11.0481 51.124
972 11.059 50.9609
849 11.0699 50.7959
797 11.0822 50.6106
174 11.0933 50.4447
123 11.1044 50.2774
758 11.1142 50.1294
749 11.1238 49.9845
527 11.1334 49.8406
770 11.1449 49.6674
116 11.1542 49.5278
708 11.1642 49.3771
312 11.1762 49.1958
476 11.1866 49.0396
489 11.1957 48.9035
218 11.2049 48.7637
279 11.2157 48.6015
78 11.2279 48.4189
505 11.2372 48.2785
863 11.2477 48.1199
373 11.2565 47.9872
157 11.2656 47.8501
909 11.275 47.71
214 11.2837 47.5782
565 11.2935 47.4313
57 11.3047 47.2625
100 11.3154 47.101
341 11.3266 46.9334
47 11.3369 46.7781
166 11.3478 46.6136
423 11.3682 46.3072
534 11.3852 46.051
330 11.4034 45.7769
936 11.4182 45.5542
542 11.4349 45.3028
949 11.4534 45.0247
228 11.4718 44.7476
148 11.4886 44.4941
128 11.5044 44.2571
698 11.5202 44.0189
771 11.5392 43.7329
841 11.5571 43.4635
222 11.5754 43.1888
805 11.5935 42.9162
496 11.6148 42.5959
352 11.6355 42.2836
663 11.66 41.915
283 11.6833 41.5637
182 11.7027 41.2724
463 11.7267 40.9105
46 11.7543 40.4963
499 11.7794 40.1176
652 11.8128 39.6156
328 11.8533 39.0062
612 11.9944 36.8832
87 11.994 36.8818
133 11.9936 36.8804
205 11.9932 36.8793
65 11.9928 36.878
268 11.9924 36.8766
10 11.992 36.8754
731 11.9917 36.8742
943 11.9912 36.8728
86 11.9908 36.8713
514 12.2632 36.7834
572 12.7965 36.6112
985 13.3196 36.4422
990 13.8507 36.2707
121 14.3977 36.0941
700 14.8305 35.9543
958 15.2678 35.8131
829 15.8199 35.6348
212 16.2766 35.4873
384 16.9034 35.2849
125 17.8161 34.9901
486 18.7256 34.6964
278 19.5654 34.4252
869 19.5654 34.4252
151 19.5654 34.4252
915 17.0946 31.6397
258 14.238 28.4194
741 13.5087 27.5973
4 12.9187 26.9322
836 12.4406 26.3932
898 11.8565 25.7347
455 11.9346 24.9584
74 12.009 24.2205
794 12.0887 23.4286
402 12.1924 22.3988
674 12.2898 21.4316
710 12.3707 20.6283
187 12.4687 19.6558
299 12.5324 19.0229
474 12.6147 18.2058
881 12.7079 17.2804
8 12.7743 16.6208
211 12.8181 16.1857
722 12.8612 15.7578
331 12.8734 15.6372
366 12.8884 15.4881
673 12.9023 15.3504
629 12.9198 15.176
61 12.9345 15.0301
812 12.9508 14.8684
646 12.9508 14.8684
641 12.9508 14.8684
412 12.9508 14.8684
588 12.9508 14.8684
348 12.9508 14.8684
682 12.9508 14.8684
902 12.9508 14.8684
362 12.9508 14.8684
488 12.9508 14.8684
963 12.9508 14.8684
221 26.2853 16.3113
661 26.3676 16.301
702 26.5297 16.2809
254 26.6878 16.2613
573 26.8607 16.2399
307 26.9901 16.2238
354 27.1197 16.2077
602 27.2598 16.1903
899 28.0153 16.0966
518 34.9657 15.234
439 35.0936 16.2688
934 35.1473 16.7028
379 35.1857 17.0136
287 35.2132 17.2364
363 35.246 17.5015
407 35.2824 17.7961
160 35.3274 18.1602
709 35.3467 18.3162
246 35.3646 18.4605
643 35.3833 18.6122
626 35.4036 18.7759
704 35.4222 18.9268
351 35.4412 19.0801
310 35.4635 19.2606
669 35.4846 19.431
467 35.6128 20.4686
787 35.6958 21.1391
653 35.7626 21.68
261 35.841 22.3137
337 35.9113 22.8823
111 35.9861 23.4877
883 36.0629 24.1082
64 36.1435 24.7605
26 36.2367 25.5141
284 36.3372 26.327
414 37.1297 32.7366
824 37.1297 32.7366
822 37.3152 33.287
549 37.5415 33.9586
529 38.1069 35.6361
7 38.7165 37.445
180 39.312 39.2117
413 39.5855 40.0233
853 39.6257 40.1424
155 39.6746 40.2878
716 39.7193 40.4203
917 39.7643 40.5537
522 39.8134 40.6994
69 39.8577 40.8309
276 39.9002 40.957
783 39.9391 41.0723
619 39.9804 41.195
257 40.0209 41.3152
147 40.0702 41.4613
790 40.0702 41.4613
876 40.0702 41.4613
989 40.0702 41.4613
862 40.0702 41.4613
342 40.0702 41.4613
49 40.0702 41.4613
512 40.0702 41.4613
210 40.0702 41.4613
778 40.0702 41.4613
452 40.0702 41.4613
664 40.0702 41.4613
692 40.0702 41.4613
706 40.0702 41.4613
566 40.0702 41.4613
508 40.0702 41.4613
679 40.0702 41.4613
38 40.0702 41.4613
811 40.0702 41.4613
687 40.0702 41.4613
388 40.0702 41.4613
127 40.3013 41.6266
191 40.5854 41.4216
748 40.8226 41.2504
586 41.168 41.0012
906 41.4442 40.8019
480 41.6924 40.6228
848 41.9479 40.4384
844 42.22 40.2421
472 42.4594 40.0694
870 42.7235 39.8788
63 42.9555 39.7114
356 43.1659 39.5595
834 43.3964 39.3932
194 43.6058 39.2421
492 43.8382 39.0744
843 44.0805 38.8996
875 44.5966 38.5271
945 44.9381 38.2807
55 47.1921 36.6542
421 47.626 36.3411
935 48.1003 35.9989
865 48.6299 35.6167
19 49.1068 35.2726
458 49.59 34.9239
377 50.0557 34.5878
66 50.4574 34.2979
250 50.906 33.9742
930 51.3642 33.6435
681 51.8329 33.3054
27 52.3127 32.9591
45 52.7811 32.6211
831 52.7811 32.6211
828 52.7811 32.6211
555 52.7811 32.6211
217 52.7811 32.6211
978 52.7811 32.6211
873 52.8537 32.5314
358 52.9165 32.4538
355 52.9812 32.3739
781 53.0502 32.2887
6 53.1159 32.2076
634 53.1735 32.1365
785 53.2364 32.0588
289 53.3006 31.9794
751 53.3628 31.9025
821 53.4262 31.8242
197 53.4826 31.7546
419 53.5537 31.6668
594 53.6101 31.5971
43 53.6777 31.5137
209 55.4779 29.2898
164 57.9674 26.2147
721 64.6312 17.9829
581 64.8098 17.7624
504 64.9949 17.5337
777 65.1801 17.3049
176 65.3702 17.0701
959 65.532 16.8702
598 65.7249 16.6319
295 65.919 16.3921
24 66.1238 16.1392
819 66.3349 15.8784
103 66.6133 15.5345
