0,979,627,98,33,609,835,520,466,745,590,967,143,195,553,29,274,323,670,594,232,875,781,377,623,102,656,675,519,217,978,850,926,190,43,357,767,70,583,842,592,152,334,932,942,425,852,387,920,506,977,838,884,136,951,684,170,242,198,107,497,201,204,332,450,660,372,685,311,740,322,813,473,648,889,742,820,983,25,928,494,580,893,135,725,159,579,818,528,900,83,290,417,837,962,941,383,385,975,378,18,51,110,650,595,744,112,987,538,509,91,968,109,293,173,238,904,420,393,832,727,654,867,460,810,515,68,315,71,432,847,671,800,647,208,465,285,185,52,544,864,801,937,775,622,481,477,145,823,251,353,854,845,737,177,984,149,464,318,666,620,415,158,817,42,856,896,23,62,911,624,297,273,992,567,317,584,126,861,9,931,395,575,582,140,12,229,690,516,980,774,947,880,305,320,536,179,511,202,532,408,618,659,239,313,851,245,40,343,807,563,826,921,755,280,816,118,530,259,406,887,754,335,369,940,416,642,206,367,94,156,134,513,894,782,802,235,857,188,676,468,743,440,605,617,907,340,67,281,577,668,117,453,762,101,478,286,276,870,906,262,461,492,793,186,216,964,35,791,161,625,84,485,396,522,512,356,155,945,848,63,930,917,862,716,410,597,912,180,843,778,493,104,85,291,804,175,922,498,127,194,732,471,264,621,472,210,163,798,171,282,533,54,715,923,576,89,683,144,225,30,365,308,390,591,839,965,596,720,537,267,846,910,614,765,137,924,16,168,223,806,189,689,662,574,487,58,927,946,60,697,424,266,99,789,443,587,571,275,635,701,600,327,903,252,888,359,645,724,878,404,226,124,21,56,730,459,270,523,501,986,82,193,564,294,484,558,562,855,779,976,769,632,895,954,230,394,840,773,80,428,814,248,539,129,350,319,540,636,165,919,309,437,215,241,292,92,649,561,172,763,375,974,877,713,548,344,613,265,541,449,961,434,105,882,952,181,5,866,569,559,389,874,139,746,752,738,146,448,766,96,306,120,2,470,392,53,672,22,707,141,256,786,76,808,72,454,469,550,885,288,271,638,795,231,757,753,333,28,50,490,326,859,872,696,761,184,695,608,431,296,479,604,578,833,526,41,556,31,916,892,93,95,13,418,442,249,973,699,44,360,495,183,750,693,200,521,714,776,933,73,918,236,712,871,88,138,610,17,462,768,36,15,150,491,456,167,253,368,651,441,593,227,20,960,430,631,611,115,409,435,405,106,827,585,447,953,199,988,213,247,301,637,982,90,905,568,169,203,890,433,570,380,399,1,678,711,444,718,615,719,436,304,886,546,557,386,914,364,868,944,39,803,547,240,178,554,300,796,991,500,657,108,780,628,244,48,316,551,665,694,374,639,298,607,830,426,759,736,446,815,153,401,792,263,969,825,339,207,192,429,667,680,400,717,860,939,3,784,234,347,457,728,371,517,970,948,77,338,255,560,502,75,97,955,272,325,130,224,381,445,321,658,411,726,971,601,113,220,34,196,552,503,772,950,79,524,219,132,640,361,451,329,897,739,324,382,788,957,218,799,734,427,879,981,162,482,760,398,972,131,764,531,277,966,14,346,686,373,122,749,527,222,46,805,708,925,166,849,116,336,589,303,652,128,352,157,505,57,114,341,703,630,81,747,119,677,565,376,908,909,691,936,858,228,47,214,283,731,10,489,154,476,123,863,534,212,174,463,475,841,616,438,403,182,422,233,956,758,542,525,100,279,633,391,949,698,938,735,545,783,619,147,599,397,37,733,929,237,891,876,809,913,269,705,603,349,756,413,508,59,729,901,507,510,706,142,370,49,844,467,257,853,566,480,790,989,935,342,692,278,421,379,7,586,38,452,191,148,663,688,723,32,496,679,771,543,414,151,797,655,535,869,529,612,748,302,700,943,549,268,78,423,486,205,572,384,312,133,958,990,125,985,770,328,499,4,898,514,794,87,330,299,710,331,86,348,366,362,455,474,682,629,741,963,412,673,61,722,674,187,661,646,812,8,211,881,488,246,121,74,641,899,354,402,258,643,65,307,902,915,439,64,588,602,284,254,702,160,221,836,811,664,11,687,829,388,834,822,709,787,261,824,111,310,883,626,407,287,26,653,337,573,363,934,669,704,351,518,777,355,681,55,419,873,250,27,865,289,164,295,831,555,24,819,458,751,785,66,69,197,209,19,828,634,644,606,314,45,358,959,581,504,598,6,821,103,721,176,243,483,345,260,
value : 567.551 running time : 30.839126
0 80 20
979 81.5005 20.1217
627 84.6495 22.057
98 83.5448 25.028
33 80.9594 28.7441
609 78.6329 32.088
835 78.2457 32.6446
520 77.8889 33.1574
466 77.4387 33.8046
745 77.1157 34.2689
590 76.8244 34.6877
967 71.8579 41.8258
143 71.3338 41.8713
195 70.8461 41.9136
553 70.3116 41.9599
29 69.7543 42.0082
274 69.1807 42.058
323 68.4095 42.1249
670 67.646 42.1911
594 66.8329 42.2617
232 66.172 42.319
875 65.4712 42.3798
781 65.4712 42.3798
377 65.4755 43.7452
623 65.4808 45.3996
102 65.4844 46.5502
656 65.4873 47.4579
675 65.4873 47.4579
519 65.4873 47.4579
217 65.7727 47.6867
978 66.1229 47.9674
850 66.5925 48.3439
926 66.9463 48.6275
190 67.2926 48.9051
43 67.6066 49.1568
357 68.3963 49.7899
767 69.3741 50.5738
70 70.2996 51.3158
583 71.3548 52.1617
842 72.3136 52.9304
592 73.7358 54.0706
152 75.5788 55.5483
334 75.9842 55.8732
932 76.3657 56.1791
942 76.7488 56.4862
425 77.2325 56.8739
852 77.7834 57.3156
387 78.2811 57.7145
920 78.7875 58.1205
506 79.3784 58.5942
977 79.8617 58.9816
838 80.3171 59.3467
884 80.7957 59.7304
136 81.2281 60.077
951 81.6931 60.4498
684 82.2685 60.911
170 82.8315 61.3624
242 83.3372 61.7677
198 83.8862 62.2079
107 84.5142 62.7114
497 85.1182 63.1955
201 85.2779 65.8664
204 85.5056 69.6741
332 85.6414 71.9456
450 85.7882 74.4003
660 85.9546 77.184
372 86.1697 80.78
685 85.7694 81.7118
311 85.4143 82.5388
740 84.8255 83.9098
322 84.2016 85.3622
813 83.698 86.5348
473 83.5867 86.7941
648 83.4738 87.0569
889 83.3513 87.3422
742 83.2243 87.6378
820 83.0938 87.9417
983 82.9906 88.182
25 82.9906 88.182
928 82.1643 88.3379
494 80.6727 88.6193
580 79.4167 88.8563
893 79.2576 88.5993
135 79.0889 88.3269
725 77.9925 86.5564
159 76.6229 84.3447
579 75.1163 81.9117
818 74.3497 80.6737
528 73.6072 79.4747
900 72.5953 77.8406
83 71.8065 76.5668
290 71.0416 75.3317
417 70.2777 74.098
837 69.2906 72.504
962 68.2022 70.7465
941 67.0223 68.8411
383 66.9896 68.8473
385 66.9524 68.8543
975 65.8883 69.0565
378 64.6175 69.2979
18 64.4409 69.3315
51 64.278 69.3625
110 64.1171 69.393
650 63.9351 69.4277
595 63.7414 69.4645
744 63.5391 69.5029
112 63.3357 69.5416
987 63.1496 69.577
538 62.9734 69.6105
509 62.7805 69.6471
91 62.5891 69.6835
968 62.5891 69.6835
109 62.5891 69.6835
293 62.5891 69.6835
173 62.5937 69.7709
238 62.598 69.8516
904 62.6025 69.9385
420 62.6065 70.0141
393 62.6132 70.1419
832 62.6203 70.2757
727 62.6266 70.396
654 62.6328 70.5132
867 62.6386 70.6248
460 62.6445 70.736
810 62.6497 70.8361
515 62.6685 71.194
68 62.6889 71.5816
315 62.712 72.0219
71 62.7341 72.4413
432 62.7523 72.7882
847 62.7708 73.1401
671 62.7896 73.4986
800 62.8076 73.8416
647 62.8248 74.1683
208 62.9401 76.369
465 63.1627 80.6179
285 63.3332 83.8717
185 63.3616 84.4131
52 63.3769 84.705
544 63.3828 84.8178
864 63.3828 84.8178
801 63.3019 85.1029
937 63.2206 85.3894
775 63.1359 85.6876
622 63.0429 86.0152
481 62.9524 86.334
477 62.8548 86.6778
145 62.7599 87.012
823 62.6643 87.3487
251 62.5688 87.6848
353 62.4982 87.9338
854 62.4302 88.1732
845 62.4144 88.2289
737 62.3981 88.2864
177 62.3818 88.3438
984 62.3649 88.4032
149 62.3472 88.4658
464 62.1999 88.4598
318 62.0594 88.454
666 61.8761 88.4465
620 61.538 88.4326
415 61.1404 88.4162
158 60.8645 88.4049
817 60.202 88.3777
42 59.4242 88.3458
856 58.5021 88.3079
896 57.6359 88.2724
23 56.8829 88.2415
62 56.6875 88.1358
911 56.4961 88.0323
624 56.2874 87.9194
297 56.0659 87.7996
273 55.8366 87.6756
992 55.5872 87.5408
567 55.3132 87.3926
317 55.031 87.24
584 54.742 87.0836
126 54.4111 86.9047
861 54.0871 86.7295
9 53.7608 86.553
931 53.7608 86.553
395 53.7608 86.553
575 53.7608 86.553
582 53.7608 86.553
140 53.6985 86.5824
12 53.6321 86.6138
229 53.5668 86.6445
690 53.5017 86.6753
516 53.4422 86.7034
980 53.3771 86.734
774 53.3159 86.763
947 53.2539 86.7922
880 53.1916 86.8216
305 53.1319 86.8498
320 53.0675 86.8802
536 53.0013 86.9114
179 52.9341 86.9431
511 52.8645 86.976
202 52.7979 87.0074
532 52.739 87.0351
408 52.6651 86.8878
618 52.5858 86.7299
659 52.515 86.5889
239 52.4314 86.4225
313 52.3452 86.2509
851 52.2665 86.0941
245 52.1923 85.9462
40 52.1155 85.7934
343 52.0458 85.6545
807 51.9827 85.5289
563 51.9827 85.5289
826 51.9827 85.5289
921 51.9827 85.5289
755 51.9827 85.5289
280 51.9827 85.5289
816 51.9827 85.5289
118 51.9827 85.5289
530 51.9827 85.5289
259 51.9827 85.5289
406 51.9827 85.5289
887 51.9827 85.5289
754 51.9827 85.5289
335 51.9827 85.5289
369 51.9827 85.5289
940 51.9827 85.5289
416 51.9827 85.5289
642 51.9827 85.5289
206 51.9827 85.5289
367 52.0152 85.1488
94 52.0534 84.7019
156 52.0813 84.3764
134 52.7091 77.0415
513 52.8262 75.673
894 52.942 74.319
782 53.0449 73.1162
802 53.159 71.7821
235 53.2976 70.1613
857 53.4264 68.656
188 53.5804 66.8555
676 53.602 66.6024
468 53.6228 66.3588
743 53.6438 66.1132
440 53.664 65.8774
605 53.6846 65.6367
617 53.7065 65.3794
907 53.7285 65.1222
340 53.7486 64.8879
67 53.7704 64.6321
281 53.9428 62.617
577 54.0561 61.2923
668 54.1618 60.0559
117 54.3387 57.9883
453 54.3387 57.9883
762 54.3387 57.9883
101 54.3387 57.9883
478 54.3387 57.9883
286 53.5589 56.4011
276 52.6898 54.632
870 52.3608 53.9623
906 52.252 53.7409
262 52.2094 53.6543
461 52.1653 53.5644
492 52.1248 53.4821
793 52.0882 53.4075
186 52.0487 53.3272
216 52.0118 53.2519
964 51.9701 53.167
35 51.9212 53.0675
791 51.8723 52.9681
161 51.8196 52.8608
625 51.7644 52.7484
84 51.7057 52.6289
485 51.6174 52.449
396 51.3481 51.9009
522 51.0705 51.336
512 50.8791 50.9464
356 50.7005 50.5827
155 50.6491 50.4781
945 50.6018 50.3818
848 50.5509 50.2783
63 50.5018 50.1783
930 50.4526 50.0782
917 47.1409 50.8763
862 46.9336 51.2431
716 46.6849 51.6833
410 45.3618 54.025
597 45.0751 54.5324
912 44.7946 55.0289
180 44.6157 55.3455
843 44.4196 55.6924
778 44.178 56.1201
493 43.9398 56.5417
104 44.2532 56.6948
85 44.6094 56.8689
291 44.4356 57.0718
804 44.3055 57.2236
175 44.1793 57.3709
922 44.0777 57.4894
498 43.9796 57.6039
127 43.8694 57.7325
194 43.7603 57.8598
732 43.6176 58.0264
471 43.487 58.1787
264 43.3597 58.3273
621 43.2374 58.47
472 43.1143 58.6136
210 42.846 58.9268
163 42.5604 59.26
798 42.3438 59.5129
171 42.0901 59.809
282 41.9003 60.0304
533 41.5691 60.4169
54 41.237 60.8045
715 40.923 61.1709
923 40.6577 61.4806
576 40.1438 62.0803
89 39.6234 62.6875
683 39.0184 63.3936
144 38.3916 64.1251
225 37.9776 64.6082
30 37.5948 65.0549
365 37.1489 65.5753
308 36.7003 66.0988
390 36.2672 66.6042
591 35.8629 67.076
839 35.516 67.4809
965 35.0549 68.019
596 34.6724 68.4653
720 34.2458 68.9632
537 33.8328 69.4452
267 33.5806 69.7394
846 32.4839 71.0194
910 32.3781 71.2165
614 32.2655 71.4263
765 32.1694 71.6054
137 31.749 72.3888
924 31.0391 73.7117
16 30.4789 74.7556
168 30.0048 75.6391
223 29.894 75.8456
806 29.782 76.0543
189 29.6745 76.2546
689 29.5671 76.4548
662 29.4549 76.664
574 29.3371 76.8834
487 29.2042 77.131
58 29.0953 77.3339
927 29.1728 77.2955
946 29.2426 77.2609
60 29.3175 77.2237
697 29.3863 77.1896
424 29.4566 77.1548
266 29.5383 77.1143
99 29.6172 77.0751
789 29.6979 77.0351
443 29.7762 76.9963
587 29.8651 76.9522
571 29.9478 76.9112
275 30.0212 76.8748
635 30.1036 76.8339
701 30.1892 76.7915
600 30.6569 76.5595
327 31.1995 76.2904
903 31.7855 75.9998
252 32.4045 75.8118
888 32.9831 75.6361
359 33.8031 75.387
645 34.5614 75.1567
724 34.8597 75.1309
878 35.1341 75.1072
404 35.4181 75.0826
226 35.6831 75.0597
124 35.9431 75.0372
21 36.2317 75.0123
56 36.5273 74.9867
730 36.7944 74.9636
459 37.1257 74.9349
270 37.3926 74.9118
523 37.6856 74.8865
501 37.9429 74.8642
986 38.7359 74.7956
82 39.0991 74.7642
193 39.457 74.7333
564 39.7994 74.7036
294 40.1358 74.6745
484 40.4836 74.6445
558 40.8107 74.6162
562 41.0711 74.9599
855 41.2976 75.2587
779 41.5493 75.591
976 41.834 75.9667
769 42.1391 76.3693
632 41.8625 77.3597
895 41.409 78.9835
954 40.8846 80.8612
230 40.8485 81.4121
394 40.8231 81.7999
840 40.8001 82.1501
773 40.7761 82.5158
80 40.7552 82.8345
428 40.6517 84.4132
814 40.7756 84.6348
248 40.8842 84.8293
539 40.9962 85.0297
129 41.1019 85.2189
350 41.2033 85.4003
319 41.3337 85.6336
540 41.4568 85.8541
636 41.6395 86.181
165 41.8131 86.4916
919 41.9553 86.7462
309 42.1182 87.0378
437 42.2693 87.3082
215 42.4214 87.5805
241 42.581 87.8661
292 42.7454 88.1603
92 42.9225 88.4772
649 43.1129 88.8179
561 43.3353 89.216
172 43.5752 89.6455
763 43.8314 90.1039
375 44.0742 90.5386
974 44.2946 90.9331
877 44.4704 91.2478
713 44.6595 91.5862
548 44.8378 91.9054
344 45.0375 92.2626
613 44.8778 92.2103
265 44.7353 92.1636
541 44.5998 92.1192
449 44.4557 92.0719
961 44.3212 92.0278
434 44.1806 91.9817
105 43.9992 91.9223
882 43.8176 91.8627
952 43.418 91.7318
181 42.974 91.5863
5 42.5338 91.442
866 42.0694 91.2899
569 41.601 91.1364
559 41.1336 90.9832
389 40.6388 90.8211
874 40.1367 90.6565
139 39.5801 90.4742
746 39.0128 90.2883
752 38.2615 90.0421
738 37.4822 89.7868
146 36.6732 89.5217
448 35.8616 89.2558
766 35.0094 88.9766
96 33.2272 88.3929
306 31.3341 87.7728
120 31.3341 87.7728
2 31.3341 87.7728
470 31.3341 87.7728
392 31.3341 87.7728
53 31.3341 87.7728
672 31.1612 87.6971
22 31.0044 87.6283
707 30.8314 87.5526
141 30.6439 87.4704
256 30.465 87.392
786 30.2851 87.3132
76 30.0979 87.2312
808 29.931 87.158
72 29.7469 87.0773
454 29.5133 86.975
469 29.2989 86.8811
550 29.1386 86.8108
885 29.0012 86.7506
288 28.8646 86.6908
271 28.7426 86.6373
638 28.5958 86.573
795 28.4468 86.5077
231 28.2882 86.4382
757 28.1036 86.3573
753 27.942 86.2865
333 27.8255 86.2355
28 27.7207 86.1896
50 26.8649 85.8146
490 26.1231 85.4895
326 25.3632 85.1565
859 25.0806 85.0327
872 24.7864 84.9038
696 24.4559 84.759
761 24.1007 84.6033
184 23.6975 84.4267
695 23.3572 84.2776
608 23.0343 84.1361
431 22.718 83.9975
296 22.4246 83.8689
479 22.0698 83.7135
604 21.7844 83.5884
578 21.4687 83.4501
833 21.1503 83.3106
526 20.7896 83.1525
41 18.8041 83.1028
556 15.6376 83.0234
31 15.8158 83.5001
916 16.0084 84.015
892 16.1871 84.4928
93 16.3888 85.032
95 16.5856 85.5584
13 16.7939 86.1153
418 16.951 86.5352
442 17.1031 86.942
249 17.251 87.3377
973 17.4013 87.7394
699 17.5382 88.1056
44 17.6884 88.5073
360 17.8156 88.8472
495 17.9575 89.2268
183 18.111 89.6371
750 18.2575 90.0289
693 18.2575 90.0289
200 18.2575 90.0289
521 18.4473 90.1692
714 18.6022 90.2837
776 18.7371 90.3834
933 18.8709 90.4823
73 19.0081 90.5837
918 19.1303 90.6741
236 19.1885 90.7171
712 19.2547 90.766
871 19.3215 90.8154
88 19.3833 90.8611
138 19.4518 90.9117
610 19.5304 90.9698
17 19.5976 91.0194
462 19.6693 91.0725
768 19.7465 91.1295
36 19.8164 91.1812
15 19.883 91.2304
150 19.9533 91.2824
491 20.0157 91.3286
456 20.0773 91.3741
167 20.1385 91.4193
253 20.3112 91.6242
368 20.4762 91.82
651 20.6546 92.0317
441 20.8328 92.2433
593 21.0045 92.447
227 21.1753 92.6497
20 21.3583 92.8669
960 21.5146 93.0523
430 21.0383 92.9268
631 20.5333 92.7937
611 19.9206 92.6322
115 18.7137 92.314
409 17.6221 92.0263
435 14.5726 91.2225
405 13.6312 90.9743
106 12.9358 90.791
827 12.3854 90.6459
585 11.8861 90.5143
447 11.5407 90.4233
953 11.1939 90.3319
199 10.8848 90.2504
988 10.5628 90.1655
213 10.5595 90.1444
247 10.4904 89.7093
301 10.4255 89.3
637 10.3608 88.8919
982 10.2962 88.4848
90 10.2334 88.0891
905 10.22 88.0042
568 10.2072 87.9239
169 10.1928 87.8332
203 10.1785 87.7429
890 10.1648 87.6561
433 10.1534 87.5841
570 10.1432 87.5198
380 10.1338 87.4606
399 10.1158 87.3469
1 10.0988 87.24
678 10.0818 87.1322
711 10.0639 87.0198
444 10.0437 86.8921
718 10.0247 86.7722
615 10.0054 86.6505
719 9.98769 86.5389
436 9.96977 86.4257
304 9.95283 86.3189
886 9.93403 86.2003
546 9.91716 86.0938
557 9.90116 85.9929
386 9.88468 85.8889
914 9.8677 85.7818
364 9.85025 85.6717
868 9.83287 85.562
944 9.79736 85.3381
39 9.76607 85.1408
803 9.72191 84.8624
547 9.67652 84.5762
240 9.63007 84.2832
178 9.58516 84.0001
554 9.54146 83.7245
300 9.50026 83.4648
796 9.4574 83.1945
991 9.41698 82.9396
500 9.37836 82.6961
657 9.34528 82.4875
108 9.31503 82.2967
780 9.2824 82.0909
628 9.25033 81.8886
244 9.21697 81.6782
48 9.18333 81.4661
316 9.14939 81.252
551 9.11188 81.0155
665 9.07485 80.782
694 9.06632 80.7282
374 9.06632 80.7282
639 9.06632 80.7282
298 9.06632 80.7282
607 9.06632 80.7282
830 9.06632 80.7282
426 9.06632 80.7282
759 9.06632 80.7282
736 9.06632 80.7282
446 9.06632 80.7282
815 9.06632 80.7282
153 9.06632 80.7282
401 9.06632 80.7282
792 9.06632 80.7282
263 9.06632 80.7282
969 9.06632 80.7282
825 9.06979 79.3387
339 9.07326 77.9496
207 9.07688 76.4975
192 9.07998 75.2516
429 9.08094 74.8504
667 9.0819 74.4443
680 9.08281 74.0594
400 9.08371 73.6783
717 9.08463 73.2895
860 9.08551 72.9217
939 9.0864 72.5428
3 9.0871 72.2431
784 9.08779 71.9482
234 9.08844 71.6688
347 9.08882 71.5066
457 9.08882 71.5066
728 9.08882 71.5066
371 9.08882 71.5066
517 9.08882 71.5066
970 9.08882 71.5066
948 9.08882 71.5066
77 9.08882 71.5066
338 9.08882 71.5066
255 9.08882 71.5066
560 9.08882 71.5066
502 9.08882 71.5066
75 9.08882 71.5066
97 9.22765 71.4019
955 9.3606 71.3017
272 9.50221 71.195
325 9.63734 71.0931
130 10.1512 70.7057
224 10.6361 70.34
381 11.2512 69.8761
445 12.0146 69.3005
321 12.9438 68.5997
658 14.1256 67.7085
411 14.2996 67.4323
726 14.4669 67.1666
971 14.6448 66.8841
601 14.8103 66.6213
113 14.9701 66.3675
220 15.1358 66.1044
34 15.3125 65.8239
196 15.4694 65.5747
552 15.62 65.3356
503 15.7717 65.0947
772 15.9351 64.8353
950 16.0925 64.5854
79 16.2695 64.3043
524 16.429 64.051
219 16.5886 63.7976
132 16.7576 63.5293
640 16.9283 63.2583
361 16.9303 63.2551
451 16.9327 63.2512
329 16.935 63.2476
897 16.9373 63.244
739 16.9394 63.2405
324 16.9421 63.2363
382 16.9421 63.2363
788 16.9421 63.2363
957 16.9034 63.2379
218 13.5177 63.3751
799 13.2998 63.3839
734 13.1335 63.3907
427 12.9937 63.3963
879 12.8681 63.4014
981 12.7489 63.4063
162 12.5963 63.4124
482 12.4475 63.4185
760 12.2942 63.4247
398 12.1561 63.4303
972 12.0073 63.4363
131 11.8493 63.4427
764 11.6926 63.4491
531 11.5055 63.4567
277 11.3453 63.4632
966 11.1856 63.4696
14 11.1856 63.4696
346 11.1856 63.4696
686 11.0645 62.6366
373 10.3327 57.603
122 10.0852 55.9004
749 9.88968 54.5557
527 9.74426 53.5554
222 9.59332 52.5171
46 9.45801 51.5863
805 9.54494 51.799
708 9.62585 51.9971
925 9.70676 52.1952
166 9.77975 52.3739
849 9.8525 52.5519
116 9.9267 52.7336
336 10.0139 52.9471
589 10.0947 53.1449
303 10.1633 53.3128
652 10.2307 53.4776
128 10.3062 53.6625
352 10.4164 53.9323
157 10.5219 54.1907
505 10.6591 54.5264
57 10.8009 54.8735
114 10.9623 55.2687
341 11.0807 55.5585
703 11.2372 55.9416
630 11.3818 56.2957
81 11.4809 56.5381
747 11.5602 56.7323
119 11.6424 56.9335
677 11.9349 56.249
565 12.2284 55.562
376 12.5244 54.8693
908 12.9299 53.9202
909 13.1507 53.4034
691 13.3649 52.9018
936 13.584 52.3891
858 13.8029 51.8766
228 14.0179 51.3734
47 14.2063 50.9324
214 14.4076 50.4613
283 15.0849 48.8762
731 15.1987 48.9066
10 15.317 48.9382
489 15.4404 48.9712
154 15.5685 49.0054
476 15.6968 49.0397
123 15.8149 49.0712
863 15.9396 49.1046
534 16.1106 49.1502
212 16.2735 49.1938
174 16.5027 49.255
463 16.716 49.3119
475 16.9533 49.3753
841 17.1615 49.431
616 17.3878 49.4914
438 17.6447 49.56
403 17.8668 49.6194
182 18.0784 49.6759
422 18.3045 49.7363
233 18.5211 49.7942
956 18.7209 49.8475
758 18.9129 49.8988
542 19.108 49.951
525 19.3246 50.0088
100 19.5123 50.059
279 20.1489 50.229
633 20.7971 50.4021
391 21.4225 50.5691
949 22.0457 50.7355
698 22.7237 50.9166
938 23.4323 51.1058
735 24.1582 51.2997
545 24.8457 51.4833
783 25.5088 51.6604
619 25.7405 51.7223
147 25.9652 51.7823
599 26.1728 51.8378
397 26.3675 51.8898
37 26.5761 51.9455
733 26.8039 52.0064
929 27.0326 52.0674
237 27.2397 52.1228
891 27.4153 52.1697
876 27.5881 52.2158
809 27.7594 52.2616
913 27.7594 52.2616
269 27.7594 52.2616
705 27.7594 52.2616
603 27.7594 52.2616
349 27.7594 52.2616
756 27.9804 52.0158
413 28.2084 51.7621
508 28.4176 51.5295
59 28.6086 51.317
729 28.8106 51.0923
901 29.0563 50.819
507 29.4108 50.4246
510 30.0192 49.7479
706 30.7087 48.9807
142 31.2995 48.3234
370 32.6543 46.816
49 35.0971 44.0979
844 37.869 41.0136
467 37.1333 40.4512
257 37.1333 40.4512
853 37.1333 40.4512
566 37.1333 40.4512
480 37.1333 40.4512
790 37.1333 40.4512
989 37.1333 40.4512
935 37.1333 40.4512
342 37.1333 40.4512
692 36.471 40.2007
278 35.8034 39.9482
421 35.3092 39.7612
379 34.6111 39.4972
7 34.2252 39.5323
586 33.848 39.5666
38 33.3825 39.6089
452 32.9407 39.6491
191 31.1672 39.8102
148 29.1459 39.9937
663 28.8693 40.0188
688 28.8693 40.0188
723 28.1327 39.8024
32 27.4355 39.5975
496 26.8704 39.4315
679 26.6505 39.3669
771 26.4024 39.294
543 26.1984 39.2341
414 25.9834 39.1709
151 25.7512 39.1027
797 25.4966 39.0279
655 25.2763 38.9632
535 25.0656 38.9013
869 24.8479 38.8373
529 24.63 38.7733
612 24.3847 38.7012
748 24.1609 38.6355
302 23.9017 38.5593
700 22.1909 38.0566
943 21.0257 37.7142
549 20.0811 37.4367
268 18.9225 37.0963
78 18.258 36.901
423 17.5473 36.6922
486 16.894 36.5003
205 15.9502 36.2229
572 14.7086 35.8581
384 14.0135 35.6539
312 13.3828 35.4686
133 12.9285 35.3351
958 12.5158 35.2139
990 12.1385 35.103
125 11.741 34.9862
985 11.2545 34.8433
770 10.769 34.7006
328 10.2457 34.5469
499 9.99877 34.4743
4 10.0265 33.8878
898 10.0492 33.4056
514 10.0692 32.9832
794 10.0885 32.5727
87 10.1059 32.2051
330 10.1238 31.826
299 10.1975 30.2636
710 10.2608 28.9213
331 10.3216 27.6325
86 10.3748 26.504
348 10.4678 24.5326
366 10.5245 23.3318
362 10.56 22.5784
455 10.592 21.8999
474 10.6262 21.1762
682 10.6623 20.4111
629 10.6954 19.711
741 10.7111 19.3788
963 10.7274 19.0336
412 10.7456 18.6477
673 10.7633 18.2722
61 10.7836 17.8423
722 10.8034 17.423
674 10.8147 17.1849
187 10.8259 16.947
661 10.8372 16.7085
646 10.8515 16.4047
812 10.8654 16.1098
8 10.8655 16.1098
211 10.8655 16.1098
881 10.8655 16.1098
488 10.8655 16.1098
246 15.6396 21.5406
121 15.3157 22.5414
74 15.2066 22.8783
641 15.3798 23.0015
899 15.5443 23.1185
354 15.7013 23.2301
402 15.8277 23.32
258 15.9617 23.4153
643 16.5414 23.8275
65 17.0844 24.2136
307 17.3951 24.4346
902 17.5919 24.5745
915 17.7995 24.7222
439 17.9891 24.857
64 18.1805 24.9931
588 18.3032 25.0804
602 19.5107 25.9389
284 20.554 26.6808
254 21.5262 27.3721
702 22.9981 28.4187
160 25.1464 29.9462
221 25.3362 30.0812
836 25.5274 30.2172
811 25.7735 30.3922
664 25.9845 30.5422
11 26.1724 30.6759
687 26.1724 30.6758
829 26.3057 30.5214
388 26.4384 30.3677
834 27.8537 28.728
822 28.784 27.6502
709 29.5095 26.8098
787 30.2073 26.0013
261 30.9445 25.1472
824 31.5253 24.4743
111 32.197 23.6961
310 32.8033 22.9937
883 33.2752 22.4469
626 33.7283 21.922
407 34.225 21.3465
287 34.5148 21.0107
26 34.7168 20.7767
653 34.9275 20.5326
337 35.1061 20.3256
573 35.2897 20.113
363 35.4683 19.906
934 35.6357 19.7121
669 35.8176 19.5013
704 37.2024 19.0455
351 38.6661 18.5637
518 41.2339 17.7185
777 53.55 24.497
355 53.8037 24.7465
681 53.93 24.8706
55 54.0407 24.9794
419 54.1448 25.0818
873 54.2586 25.1937
250 54.3744 25.3076
27 54.4959 25.427
865 54.6009 25.5303
289 54.706 25.6336
164 54.8242 25.7498
295 54.9491 25.8726
831 55.0635 25.985
555 55.1707 26.0905
24 55.2875 26.2054
819 55.4195 27.9735
458 55.5937 30.3076
751 55.7089 31.8525
785 55.8228 33.3781
66 55.9521 35.1112
69 56.055 36.4902
197 56.1444 36.4809
209 56.2393 36.471
19 56.3428 36.4602
828 56.4549 36.4486
634 56.5608 36.4375
644 56.6672 36.4265
606 57.0575 35.7441
314 57.8311 34.3917
45 58.7437 32.7963
358 59.7388 31.0566
959 61.3266 28.2808
581 62.4829 26.2593
504 63.1437 25.1041
598 63.6471 24.224
6 64.088 23.4532
821 64.6684 22.4386
103 69.2685 14.3968
721 71.4886 14.3973
176 73.6171 14.3978
243 83.0195 14.4001
483 83.8208 14.4003
345 83.6461 14.6563
260 82.9208 15.7193
