0,176,598,777,504,819,24,581,721,103,959,250,785,164,419,295,865,160,55,555,6,209,26,337,653,573,287,310,111,351,518,363,669,488,8,407,934,704,246,261,439,65,626,221,486,869,902,787,379,307,354,709,205,421,480,824,822,278,883,834,467,853,191,586,566,790,289,706,7,529,848,783,778,147,748,155,989,522,210,194,619,664,917,687,692,862,356,535,257,679,38,543,549,11,414,956,758,475,811,49,397,302,908,151,876,843,237,472,508,484,104,342,945,512,461,923,732,597,576,291,308,765,56,163,225,404,175,54,910,459,922,30,137,127,809,79,715,471,370,264,533,912,839,929,365,596,591,913,269,174,645,510,89,422,891,413,142,233,764,688,438,324,858,59,938,981,771,391,182,663,352,496,805,222,655,78,603,836,943,283,87,700,402,254,602,284,64,641,643,268,412,985,915,702,899,661,812,362,682,741,331,348,588,674,722,646,629,211,61,881,74,258,673,963,187,514,299,572,455,4,366,474,794,86,133,328,312,330,499,898,710,125,829,958,698,652,228,476,121,403,388,37,723,612,423,525,949,32,841,770,990,148,909,47,341,100,57,463,565,214,10,749,534,384,154,46,616,123,212,489,128,166,505,116,527,131,218,542,936,849,863,373,376,279,196,731,797,708,157,114,747,799,336,703,972,691,760,589,192,739,784,234,925,531,939,303,677,122,381,347,607,966,734,14,944,991,686,77,178,445,830,554,207,371,892,433,905,255,615,667,639,400,780,224,924,184,3,427,950,796,551,361,680,694,728,657,517,970,665,277,219,346,500,879,717,338,162,955,526,272,507,957,705,545,600,971,846,965,34,601,359,633,901,729,897,493,132,537,329,482,411,733,756,735,267,501,903,119,640,720,327,772,220,587,168,130,21,599,630,398,81,451,788,382,390,349,789,927,552,571,946,97,275,326,701,604,948,524,99,487,635,88,697,429,578,339,502,825,95,890,325,479,298,240,321,759,503,374,244,726,860,113,608,399,718,982,446,1,570,108,90,203,547,213,736,169,792,457,426,138,401,560,556,75,678,405,803,546,364,247,953,868,300,39,447,827,693,969,585,914,199,442,31,444,153,637,776,628,916,988,236,301,568,557,106,200,435,750,380,833,436,431,719,711,699,93,48,263,815,304,495,360,316,469,141,41,973,428,271,795,231,707,808,773,20,918,859,638,306,150,424,696,13,462,44,115,183,933,712,17,593,550,960,885,50,651,610,418,631,386,611,227,768,491,456,15,753,28,288,871,441,613,409,761,430,521,714,72,752,76,448,120,368,672,249,256,60,490,167,58,695,92,253,658,730,443,886,954,333,757,394,73,16,888,172,292,296,649,416,540,724,806,662,241,266,574,252,226,350,689,454,80,134,779,617,676,968,642,636,270,840,171,294,410,513,878,235,124,343,2,223,561,807,146,872,539,144,614,564,802,895,215,129,919,437,392,82,786,548,406,826,165,516,449,389,206,189,774,874,53,22,974,36,230,375,470,239,569,309,866,738,5,96,265,559,139,766,23,713,156,105,877,181,62,763,911,536,856,344,961,259,541,896,532,511,882,118,434,816,584,464,42,567,353,544,817,52,318,947,320,126,851,754,408,980,624,317,229,140,245,880,618,952,415,931,313,40,940,12,887,193,177,861,530,202,319,746,305,814,659,562,440,964,804,9,605,216,762,179,238,563,894,248,986,523,94,976,769,857,755,208,84,625,743,632,112,161,582,683,855,281,519,621,35,282,498,109,798,91,453,558,515,468,393,810,186,188,791,595,907,538,942,85,583,850,842,293,767,101,623,117,793,262,577,978,906,286,396,276,875,180,66,870,844,69,935,873,27,716,19,452,197,594,63,821,681,751,355,831,377,323,357,781,930,45,217,828,458,634,358,606,644,492,143,43,314,274,29,675,592,232,745,466,926,553,425,941,670,102,656,920,932,967,195,70,387,334,152,977,173,478,68,509,190,420,485,671,290,51,867,775,962,647,650,852,67,975,900,110,864,579,818,297,417,904,83,481,832,71,801,837,654,340,668,315,921,987,432,378,847,800,280,18,782,395,460,369,937,727,575,744,335,367,690,465,854,285,845,158,251,620,580,992,185,149,737,477,984,273,622,145,823,813,742,494,983,820,135,159,666,928,473,889,685,725,893,25,372,322,740,648,660,311,385,332,528,684,450,204,383,201,497,838,170,506,242,107,198,884,136,951,590,520,835,609,98,33,979,483,260,627,345,243,
value : 575.889 running time : 23.087208
0 80 20
176 74.9785 18.6865
598 72.9194 18.1472
777 71.0221 17.6502
504 69.8371 17.3396
819 68.6978 17.041
24 67.6716 16.7721
581 66.6549 16.5056
721 65.6485 16.2418
103 64.5258 15.9476
959 58.2286 19.1396
250 54.3838 21.0882
785 54.0566 21.2542
164 53.77 21.3996
419 53.4874 21.543
295 53.1997 21.689
865 50.3673 23.1252
160 47.5978 24.5298
55 47.5978 24.5298
555 47.5978 24.5298
6 47.5978 24.5298
209 46.5682 23.7395
26 45.5776 22.9794
337 44.4583 22.1203
653 43.2826 21.2178
573 42.226 20.4068
287 41.1584 19.5872
310 40.1737 18.8312
111 39.2302 18.1068
351 38.2892 17.3844
518 37.4086 16.7083
363 33.7077 15.9833
669 30.1079 15.2781
488 27.0927 14.6874
8 27.3736 15.6301
407 28.017 17.7892
934 30.514 26.1731
704 30.4904 26.4149
246 30.4274 27.0613
261 30.3636 27.716
439 30.2867 28.5047
65 30.2088 29.3046
626 30.2835 29.344
221 30.3523 29.3803
486 30.4225 29.4174
869 30.4954 29.4559
902 30.5677 29.494
787 30.9162 29.6782
379 31.2776 29.8692
307 31.6692 30.0762
354 32.0466 30.2756
709 32.4085 30.4669
205 32.7511 30.6481
421 33.0769 30.8204
480 33.3099 30.9435
824 33.5578 31.0744
822 33.7953 31.1998
278 34.0203 31.3187
883 34.2577 31.444
834 34.4975 31.5707
467 34.7401 31.6989
853 34.9781 31.8246
191 35.222 31.9535
586 35.4616 32.08
566 35.6929 32.2022
790 35.6929 32.2022
289 35.693 32.2022
706 35.3479 35.2192
7 35.1017 37.3732
529 34.8714 39.3881
848 34.6266 41.5299
783 34.4612 41.7924
778 34.296 42.0548
147 34.1106 42.349
748 33.9055 42.6745
155 33.6995 43.0016
989 33.5066 43.3078
522 33.3249 43.5962
210 33.1321 43.9022
194 33.1321 43.9022
619 33.1321 43.9022
664 33.1321 43.9022
917 33.1321 43.9022
687 33.1321 43.9023
692 33.132 43.9023
862 33.132 43.9023
356 33.132 43.9024
535 33.132 43.9024
257 33.132 43.9024
679 33.1059 43.9413
38 33.0782 43.9827
543 33.0519 44.0219
549 33.0292 44.0557
11 32.0601 45.5015
414 31.0956 46.9404
956 30.1109 48.4096
758 30.1109 48.4096
475 30.4115 48.6427
811 30.7381 48.896
49 31.1419 49.2092
397 31.5102 49.4949
302 31.9293 49.82
908 32.3489 50.1455
151 32.8881 50.5638
876 35.7967 52.8213
843 39.0379 55.3373
237 39.0379 55.3373
472 39.0379 55.3373
508 39.0379 55.3373
484 40.2388 59.4742
104 40.1596 59.3683
342 40.0774 59.2585
945 40.0421 59.2113
512 40.0421 59.2113
461 39.8948 59.2103
923 39.7529 59.2093
732 39.5916 59.2082
597 39.4356 59.2071
576 39.266 59.2059
291 39.0955 59.2048
308 38.9318 59.2036
765 38.781 59.2026
56 38.6286 59.2016
163 38.4784 59.2005
225 38.3265 59.1995
404 38.1624 59.1984
175 38.0045 59.1973
54 37.8472 59.1962
910 37.6859 59.1951
459 37.5291 59.194
922 37.3691 59.1929
30 37.2038 59.1918
137 37.0373 59.1906
127 36.8851 59.1896
809 36.7173 59.1885
79 36.5438 59.1873
715 36.4749 59.1868
471 36.4039 59.1863
370 36.3255 59.1858
264 36.2444 59.1852
533 36.1536 59.1846
912 36.0603 59.1839
839 35.9703 59.1833
929 35.8843 59.1827
365 35.799 59.1821
596 35.711 59.1815
591 35.6208 59.1809
913 32.3125 56.8588
269 29.8499 55.1308
174 27.417 53.4236
645 27.2167 53.2831
510 26.865 53.0364
89 26.5138 52.7901
422 26.1241 52.5167
891 25.7712 52.2692
413 25.3682 51.9866
142 24.9413 51.6871
233 24.5453 51.4093
764 24.1462 51.1294
688 23.9324 50.8792
438 23.7011 50.6086
324 23.4884 50.3599
858 23.2628 50.096
59 23.0525 49.8499
938 22.8139 49.5708
981 22.5778 49.2945
771 22.2991 48.9685
391 22.0481 48.6749
182 21.784 48.3658
663 21.5308 48.0697
352 21.2944 47.793
496 21.0716 47.5325
805 20.8462 47.2686
222 20.8265 47.1228
655 20.8074 46.9807
78 20.7886 46.8406
603 20.7706 46.7065
836 19.8448 39.8472
943 19.5753 37.847
283 19.3313 36.0352
87 19.0772 34.1482
700 18.8124 32.1821
402 18.5223 30.0287
254 18.2731 28.1783
602 18.1374 27.1692
284 18.0073 26.2024
64 17.8869 25.3077
641 17.4945 24.8558
643 17.1011 24.4027
268 16.6968 23.9372
412 16.2988 23.4789
985 16.2758 23.4524
915 15.5541 22.6212
702 14.5783 21.4972
899 13.3851 20.1227
661 11.8887 18.3987
812 10.1629 16.4101
362 10.1682 16.596
682 10.1735 16.7798
741 10.1792 16.9758
331 10.1845 17.1589
348 10.1892 17.3212
588 10.194 17.4882
674 10.1988 17.6546
722 10.2035 17.8194
646 10.2105 18.0614
629 10.2174 18.2986
211 10.2256 18.5829
61 10.2341 18.878
881 10.2426 19.1741
74 10.2657 19.9714
258 10.2835 20.5865
673 10.2997 21.1479
963 10.3151 21.6816
187 10.33 22.198
514 10.3493 22.8647
299 10.3614 23.2836
572 10.3733 23.6952
455 10.3847 24.0892
4 10.3962 24.4901
366 10.4068 24.8566
474 10.4523 26.428
794 10.5108 28.4488
86 10.572 30.5603
133 10.6298 32.5551
328 10.6963 34.849
312 10.7046 35.1369
330 10.7118 35.3855
499 10.7184 35.6153
898 10.7184 35.6153
710 11.2208 36.3133
125 12.0309 37.4388
829 12.7309 38.4114
958 13.326 39.2383
698 14.0463 40.2389
652 14.0593 40.257
228 14.0724 40.2752
476 14.0859 40.294
121 14.0986 40.3117
403 15.1091 41.715
388 16.1355 43.1406
37 16.0703 43.28
723 16.0044 43.421
612 15.9386 43.5616
423 15.8483 43.7548
525 15.7667 43.9292
949 15.6025 44.2802
32 15.447 44.6127
841 15.2579 45.0169
770 15.0944 45.3664
990 14.9275 45.7232
148 14.7424 46.1192
909 14.5369 46.5584
47 14.3466 46.9654
341 14.2036 47.2711
100 14.0581 47.5821
57 13.928 47.8602
463 13.8049 48.1234
565 13.6763 48.3983
214 13.5677 48.6305
10 13.5163 48.7404
749 13.4446 48.8937
534 13.378 49.036
384 13.3138 49.1733
154 13.2393 49.3327
46 13.1681 49.4849
616 13.0421 49.7542
123 12.9003 50.0575
212 12.748 50.383
489 12.5589 50.7874
128 12.3815 51.1667
166 12.2052 51.5435
505 12.0643 51.8447
116 11.9107 52.1731
527 11.9107 52.1731
131 11.9107 52.1731
218 11.9107 52.1731
542 11.9107 52.1731
936 11.9107 52.1731
849 11.9107 52.1731
863 11.9107 52.1731
373 11.8525 52.5918
376 11.7899 53.0423
279 11.762 53.2428
196 11.7331 53.451
731 11.7082 53.6301
797 11.6725 53.8869
708 11.6326 54.1735
157 11.5933 54.4562
114 11.3622 56.119
747 11.193 57.3364
799 11.0401 58.4359
336 11.0258 58.539
703 11.0089 58.6607
972 10.9934 58.7718
691 10.9763 58.8949
760 10.9582 59.0252
589 10.9406 59.1517
192 10.9224 59.2826
739 10.9055 59.4048
784 10.8899 59.5166
234 10.8748 59.6253
925 10.8598 59.7332
531 10.8436 59.8496
939 10.8273 59.9669
303 10.8141 60.0618
677 10.7984 60.1747
122 10.7818 60.2942
381 10.323 63.5971
347 10.1206 65.0532
607 9.90967 66.5707
966 9.72247 67.9175
734 9.54975 69.16
14 9.37326 70.4298
944 9.19593 71.7056
991 9.19593 71.7056
686 9.19593 71.7056
77 9.19594 71.7056
178 9.19594 71.7056
445 9.19594 71.7056
830 9.19594 71.7056
554 9.19594 71.7056
207 9.19594 71.7056
371 9.19594 71.7056
892 9.19594 71.7056
433 9.22862 71.681
905 9.26219 71.6557
255 9.36642 71.5773
615 9.45351 71.5117
667 9.55784 71.4332
639 9.66034 71.356
400 9.76936 71.2739
780 9.86431 71.2025
224 9.96658 71.1255
924 10.0939 71.0296
184 10.186 70.9603
3 10.2787 70.8905
427 10.3636 70.8266
950 10.456 70.7571
796 10.5287 70.7023
551 10.6033 70.6462
361 10.6826 70.5865
680 10.7543 70.5326
694 10.8179 70.4847
728 10.8894 70.4309
657 10.973 70.3679
517 11.0588 70.3034
970 11.1502 70.2345
665 11.2286 70.1756
277 11.312 70.1127
219 11.3972 70.0486
346 11.4766 69.9889
500 11.5645 69.9227
879 11.6488 69.8593
717 11.7301 69.7981
338 11.8173 69.7324
162 11.9034 69.6676
955 11.9875 69.6043
526 14.436 67.7606
272 16.008 66.5771
507 17.6914 65.3096
957 18.7617 64.5039
705 19.2852 64.1098
545 19.7483 63.7613
600 19.8609 63.6765
971 19.9946 63.5759
846 20.1294 63.4744
965 20.2667 63.3711
34 20.4006 63.2703
601 20.531 63.1722
359 20.6771 63.0622
633 20.6809 63.0593
901 20.8253 63.3829
729 20.9695 63.7062
897 21.1148 64.0318
493 21.2605 64.3584
132 21.3087 64.5109
537 21.359 64.6702
329 21.3852 64.7532
482 21.4143 64.8453
411 21.4441 64.9398
733 21.4728 65.0307
756 21.5013 65.1209
735 21.534 65.2246
267 21.5699 65.3382
501 21.6081 65.4592
903 21.6406 65.5619
119 21.6712 65.6588
640 21.7035 65.7611
720 21.7389 65.8734
327 21.7738 65.9838
772 21.805 66.0826
220 21.8443 66.207
587 21.8783 66.3147
168 21.9123 66.4225
130 21.938 66.5037
21 21.9676 66.5974
599 21.8274 66.813
630 21.6628 67.0662
398 21.5156 67.2927
81 21.3846 67.4941
451 21.2653 67.6776
788 21.133 67.8812
382 20.9688 68.1337
390 20.7805 68.4233
349 20.5591 68.7638
789 20.3095 69.1478
927 20.0904 69.4848
552 19.8672 69.8283
571 19.6418 70.1749
946 19.3471 70.6282
97 19.0951 71.0158
275 18.8562 71.3834
326 18.588 71.7958
701 18.3542 72.1555
604 18.121 72.5142
948 17.8466 72.9362
524 17.6015 73.3133
99 17.2945 73.7855
487 16.9567 74.3051
635 16.6554 74.7685
88 16.2985 75.3176
697 16.0061 75.7674
429 15.7026 76.2341
578 15.3661 76.7519
339 15.031 77.2673
502 14.6924 77.7881
825 14.2556 78.46
95 13.7932 79.1713
890 13.4637 79.6781
325 13.1998 80.084
479 12.9637 80.4471
298 12.6632 80.9094
240 12.5346 81.1152
321 12.4105 81.3139
759 12.2849 81.5149
503 12.165 81.7067
374 12.0373 81.911
244 11.909 82.1163
726 11.7794 82.3237
860 11.6299 82.563
113 11.4817 82.8001
608 11.2553 83.1628
399 11.0023 83.5681
718 10.7418 83.9853
982 10.4794 84.4054
446 10.2155 84.828
1 9.94798 85.2565
570 9.67248 85.6976
108 9.40866 86.12
90 9.13902 86.5517
203 8.87555 86.9736
547 8.61736 87.3871
213 8.36002 87.7991
736 8.36002 87.7991
169 8.36002 87.7991
792 8.36002 87.7991
457 8.36002 87.7991
426 8.36002 87.7991
138 8.36002 87.7991
401 8.36002 87.7991
560 8.36002 87.7991
556 8.36002 87.7991
75 8.41056 87.8565
678 8.4638 87.9169
405 8.51719 87.9776
803 8.56952 88.0369
546 8.62153 88.096
364 8.67455 88.1561
247 8.7274 88.2161
953 8.77779 88.2733
868 8.82923 88.3317
300 8.8807 88.3901
39 8.9351 88.4518
447 8.98949 88.5136
827 9.04326 88.5746
693 9.09573 88.6342
969 9.14765 88.6931
585 9.20039 88.7529
914 9.25472 88.8146
199 9.30969 88.877
442 9.36469 88.9394
31 9.41623 88.9979
444 9.468 89.0566
153 9.52141 89.1172
637 9.57633 89.1796
776 9.63296 89.2439
628 9.63296 89.2439
916 9.63297 89.2439
988 9.63297 89.2439
236 9.89205 89.255
301 10.1305 89.2652
568 10.3864 89.2761
557 10.6434 89.2871
106 10.8725 89.2969
200 11.1381 89.3082
435 11.4088 89.3198
750 11.7193 89.3331
380 12.0094 89.3455
833 12.3574 89.3603
436 12.6133 89.3713
431 12.9263 89.3846
719 13.1257 89.3932
711 13.3714 89.4037
699 13.6335 89.4149
93 13.8931 89.426
48 14.1317 89.4361
263 14.3645 89.4461
815 15.0742 89.4764
304 15.8598 89.51
495 16.7542 89.5482
360 17.6622 89.587
316 18.5354 89.6244
469 19.9649 89.6855
141 21.4581 89.7494
41 21.9007 89.7683
973 22.2987 89.7853
428 22.8989 89.811
271 23.4227 89.8334
795 23.6677 89.8439
231 23.8938 89.8536
707 24.0918 89.862
808 24.1083 89.8627
773 24.1241 89.8634
20 24.1399 89.8641
918 24.1557 89.8648
859 24.1706 89.8654
638 24.1876 89.8661
306 24.2023 89.8668
150 24.2179 89.8674
424 24.2314 89.868
696 24.2462 89.8687
13 24.2599 89.8692
462 24.2754 89.8699
44 24.2932 89.8707
115 24.3092 89.8714
183 24.3267 89.8721
933 24.3442 89.8729
712 24.3621 89.8736
17 24.3809 89.8744
593 24.4023 89.8754
550 24.4224 89.8762
960 24.4439 89.8771
885 24.4439 89.8771
50 24.4439 89.8771
651 24.4439 89.8771
610 24.4439 89.8771
418 24.4439 89.8771
631 24.4439 89.8771
386 24.4439 89.8771
611 24.6238 89.8605
227 24.7904 89.8451
768 24.9766 89.8278
491 25.1615 89.8107
456 25.3495 89.7932
15 25.5392 89.7757
753 25.7707 89.7542
28 26.0121 89.7318
288 26.2451 89.7102
871 26.4893 89.6875
441 26.7446 89.6638
613 27.01 89.6392
409 27.1773 89.6237
761 27.3468 89.608
430 27.5219 89.5918
521 27.6979 89.5755
714 27.8855 89.5581
72 28.269 89.5224
752 28.6638 89.4857
76 28.7712 89.2041
448 28.8685 88.9493
120 28.9888 88.634
368 29.1112 88.3133
672 29.2409 87.9736
249 29.3691 87.6375
256 29.5032 87.2862
60 29.6325 86.9475
490 29.7488 86.6428
167 29.8676 86.3314
58 29.982 86.0317
695 30.103 85.7145
92 30.2653 85.2894
253 30.4383 84.8362
658 30.6206 84.3587
730 30.74 84.0458
443 30.8415 83.7798
886 30.8415 83.7798
954 30.9393 83.6627
333 31.0324 83.5513
757 31.1236 83.4422
394 31.2162 83.3314
73 31.3076 83.222
16 31.4126 83.0963
888 31.5136 82.9754
172 31.5824 82.893
292 31.6606 82.7996
296 31.7364 82.7088
649 31.8141 82.6158
416 31.8896 82.5255
540 31.9747 82.4236
724 31.9907 82.4044
806 32.0047 82.3877
662 32.0204 82.3689
241 32.0352 82.3512
266 32.0509 82.3324
574 33.4275 81.5557
252 34.7283 80.8218
226 35.9569 80.1286
350 37.1243 79.4699
689 38.1207 78.9077
454 39.1859 78.3067
80 40.7193 77.4416
134 42.1573 76.6303
779 43.4424 75.9053
617 44.494 75.3119
676 44.549 75.2809
968 44.5999 75.2522
642 44.5998 75.2523
636 44.5998 75.2524
270 44.5997 75.2525
840 44.5997 75.2526
171 44.5997 75.2527
294 44.5996 75.2528
410 44.5996 75.2528
513 44.5996 75.2529
878 44.5995 75.253
235 44.1953 76.6161
124 42.8788 81.0587
343 42.7629 81.4498
2 42.6694 81.765
223 42.5865 82.0447
561 42.5055 82.3177
807 42.4221 82.599
146 42.3334 82.8983
872 42.2724 83.1036
539 42.1933 83.3704
144 42.1192 83.6201
614 42.03 83.9208
564 41.9394 84.2264
802 41.8464 84.5399
895 41.7257 84.9469
215 41.5737 85.4593
129 41.4185 85.9826
919 41.2714 86.4786
437 41.1281 86.9619
392 40.9838 87.4483
82 40.8497 87.9003
786 40.6928 88.4293
548 40.6928 88.4293
406 40.6928 88.4293
826 40.6928 88.4293
165 40.6928 88.4293
516 40.6928 88.4293
449 40.6928 88.4293
389 40.6928 88.4294
206 40.6928 88.4294
189 40.6928 88.4294
774 40.6928 88.4294
874 39.7766 89.0639
53 39.0574 89.5621
22 38.349 90.0529
974 37.66 90.5302
36 37.0199 90.9736
230 37.5105 90.9678
375 37.9961 90.962
470 38.4277 90.9569
239 38.8869 90.9515
569 39.3038 90.9465
309 39.7256 90.9415
866 40.1467 90.9365
738 40.5461 90.9318
5 40.9653 90.9269
96 41.3474 90.9224
265 41.9541 90.9151
559 42.6246 90.9071
139 43.2694 90.8995
766 44.7053 90.8821
23 46.2486 90.8634
713 46.581 90.8594
156 46.9159 90.8555
105 47.2447 90.8516
877 47.5673 90.8478
181 47.9641 90.8431
62 48.6518 90.8349
763 49.3133 90.827
911 50.0289 90.8184
536 50.5314 90.8125
856 51.057 90.8062
344 51.5161 90.8008
961 51.9506 90.7957
259 52.4082 90.7902
541 52.8671 90.7848
896 53.3615 90.7789
532 53.8495 90.7732
511 54.3806 90.7669
882 54.9384 90.7602
118 55.5201 90.7533
434 56.1112 90.7462
816 56.7328 90.7388
584 57.3671 90.7313
464 57.9921 90.7238
42 58.5599 90.717
567 59.0886 90.7107
353 59.6274 90.7043
544 59.6275 90.7043
817 59.6275 90.7043
52 59.6275 90.7043
318 59.6275 90.7043
947 59.3243 90.1995
320 58.9122 89.5135
126 58.4575 88.7562
851 58.384 88.6336
754 58.3104 88.5107
408 58.2371 88.3884
980 58.1633 88.2653
624 58.0891 88.1413
317 57.9765 87.9536
229 57.8715 87.7784
140 57.7687 87.6067
245 57.6652 87.434
880 57.5617 87.2613
618 57.4565 87.0859
952 57.3537 86.9143
415 57.2511 86.743
931 57.1473 86.5698
313 57.046 86.4008
40 56.9463 86.2344
940 56.847 86.0688
12 56.7467 85.9014
887 56.648 85.7366
193 56.5506 85.5741
177 56.5506 85.5741
861 56.5506 85.5741
530 56.5506 85.5741
202 56.5506 85.5741
319 56.5506 85.5741
746 56.5506 85.5741
305 56.1979 84.7953
814 55.0825 82.3312
659 53.9633 79.8579
562 52.8729 77.4479
440 51.5744 74.5781
964 50.667 72.5737
804 50.0443 71.1988
9 50.0443 71.1988
605 50.0443 71.1988
216 50.0443 71.1988
762 50.0443 71.1988
179 50.0443 71.1988
238 50.8855 69.9021
563 50.9193 69.8501
894 50.9577 69.7911
248 50.9977 69.7295
986 51.0438 69.6586
523 51.0873 69.5916
94 51.1328 69.5217
976 51.176 69.4551
769 51.2463 69.347
857 51.3122 69.2457
755 51.3769 69.146
208 51.6289 68.7579
84 51.8731 68.382
625 52.1162 68.0077
743 52.353 67.6432
632 52.5947 67.2712
112 52.8344 66.9023
161 53.0709 66.5381
582 53.3133 66.165
683 53.5591 65.7866
855 54.0002 65.1072
281 54.4377 64.4333
519 54.7637 63.9314
621 54.8343 63.8227
35 54.9611 63.6529
282 55.0762 63.4988
498 55.1931 63.3423
109 55.3002 63.1989
798 55.4219 63.0359
91 55.5372 62.8815
453 55.7751 62.5628
558 56.0324 62.2183
515 56.3749 61.7595
468 56.7054 61.3169
393 57.0637 60.8371
810 57.4229 60.3559
186 57.7803 59.8773
188 58.1239 59.4171
791 58.4519 58.9778
595 58.8372 58.4618
907 59.2286 57.9375
538 59.6269 57.4041
942 60.0278 56.8671
85 60.3836 56.3905
583 60.7698 55.8733
850 60.5664 55.6741
842 59.9999 55.1187
293 59.3995 54.5302
767 58.812 53.9543
101 58.1682 53.323
623 57.6246 52.7902
117 57.0746 52.2512
793 56.4966 51.6846
262 55.9397 51.1387
577 55.3763 50.5864
978 54.8201 50.0412
906 54.2556 49.4879
286 53.6879 48.9315
396 53.1103 48.3653
276 52.5244 47.7908
875 51.9322 47.2103
180 51.3367 46.6265
66 51.8304 45.1462
870 52.3029 43.7296
844 52.7678 42.3357
69 53.2294 40.9521
935 53.7258 39.4635
873 54.2117 38.0065
27 54.2117 38.0065
716 54.2118 38.0065
19 54.2118 38.0065
452 54.2118 38.0065
197 54.3948 38.0392
594 54.5919 38.0744
63 54.7673 38.1058
821 54.9455 38.1377
681 55.1032 38.1659
751 55.2691 38.1956
355 55.4442 38.2269
831 55.6205 38.2584
377 56.7313 38.9647
323 57.7553 39.6158
357 57.7696 39.6248
781 57.7828 39.6332
930 57.7967 39.642
45 57.8118 39.6516
217 57.8255 39.6603
828 57.8392 39.669
458 57.8533 39.678
634 57.8687 39.6877
358 57.8844 39.6977
606 57.8999 39.7076
644 57.9141 39.7166
492 57.9274 39.725
143 60.9598 41.6541
43 63.8614 43.5001
314 66.6551 45.2774
274 69.3598 46.998
29 69.4181 47.3121
675 69.4763 47.6257
592 69.5412 47.9757
232 69.6051 48.3199
745 69.671 48.6752
466 69.7627 49.1691
926 69.8717 49.7569
553 69.9761 50.3196
425 70.0761 50.8584
941 70.178 51.4074
670 70.2602 51.8504
102 70.3635 52.4074
656 70.4584 52.9188
920 70.5401 53.359
932 70.6279 53.8322
967 70.7157 54.3052
195 70.803 54.7754
70 70.9439 55.5348
387 71.1199 56.4836
334 71.298 57.4435
152 71.4599 58.3158
977 71.5791 58.9584
173 70.492 62.4939
478 70.2064 63.4228
68 69.9038 64.4069
509 69.6031 65.3848
190 69.5738 65.48
420 69.5369 65.6
485 69.4964 65.7319
671 68.0023 70.5908
290 67.9201 70.8584
51 67.8372 71.1278
867 67.7603 71.3779
775 67.6778 71.6462
962 67.6169 71.8443
647 67.5547 72.0467
650 67.4778 72.2967
852 67.3922 72.5751
67 67.2556 73.0192
975 67.1173 73.4692
900 66.9587 73.9849
110 66.7778 74.5731
864 65.8653 77.5409
579 65.7314 77.6246
818 65.5899 77.713
297 65.4369 77.8086
417 65.3004 77.8939
904 65.1466 77.99
83 64.9996 78.0818
481 64.8446 78.1787
832 64.685 78.2785
71 64.543 78.3672
801 64.3881 78.464
837 64.2466 78.5524
654 64.0908 78.6498
340 63.9264 78.7525
668 63.7533 78.8606
315 62.9944 79.3354
921 62.1968 79.8344
987 62.272 80.0208
432 62.3487 80.2105
378 62.4326 80.4184
847 62.5103 80.6108
800 62.591 80.8106
280 62.6764 81.0221
18 62.7648 81.2408
782 62.8483 81.4476
395 62.9713 81.7522
460 63.0913 82.0495
369 63.2172 82.3613
937 63.3469 82.6824
727 63.4703 82.9879
575 63.6732 83.4907
744 63.8831 84.0107
335 64.1082 84.5682
367 64.3488 85.1646
690 64.9441 85.7269
465 65.6551 86.3984
854 66.3743 87.0777
285 66.8519 87.5289
845 67.2768 87.9302
158 67.7075 88.337
251 68.1008 88.7085
620 68.446 89.0346
580 68.7684 89.3392
992 68.7684 89.3392
185 68.7684 89.3392
149 68.7684 89.3392
737 68.7684 89.3392
477 69.2707 89.3086
984 69.8103 89.2757
273 70.4951 89.2339
622 71.3121 89.1841
145 72.2014 89.1299
823 73.1693 89.0708
813 74.3011 89.0018
742 75.4746 88.9302
494 76.5665 88.8636
983 77.6761 88.7959
820 78.1528 88.7668
135 78.6158 88.7386
159 79.1176 88.708
666 79.6754 88.674
928 80.3849 88.6307
473 80.9917 87.7178
889 81.5773 86.8368
685 82.0911 86.0639
725 82.3877 85.6176
893 82.6871 85.1672
25 84.7198 82.1117
372 86.4738 79.4745
322 86.4738 79.4744
740 86.4702 78.4131
648 86.4663 77.2767
660 86.4613 75.8175
311 86.4565 74.402
385 86.4512 72.8446
332 86.4468 71.5529
528 86.4425 70.2881
684 86.4378 68.9055
450 86.4346 67.9774
204 86.4309 66.8907
383 86.4249 65.1194
201 86.4184 63.1821
497 86.4094 60.5116
838 86.4037 58.8004
170 86.399 57.441
506 86.3947 56.1731
242 86.39 54.7802
107 86.3851 53.3481
198 86.3799 51.823
884 86.3743 50.1539
136 86.3678 48.2291
951 86.3603 45.9945
590 86.3507 43.0765
520 86.3469 41.9733
835 86.3438 41.0561
609 86.3408 40.1847
98 86.3151 32.1629
33 86.2985 27.0526
979 86.2733 19.0492
483 86.2684 17.5916
260 86.2684 17.5916
627 85.8815 17.7404
345 85.3782 17.9339
243 84.796 18.1577
