0,835,98,745,33,590,520,670,24,232,358,323,781,850,274,143,553,644,606,314,926,357,70,842,932,920,195,592,29,136,609,466,425,117,509,668,453,68,595,942,286,650,485,67,625,538,605,420,440,769,229,432,173,968,987,238,315,964,847,290,340,975,71,395,460,51,727,937,671,904,744,383,201,654,110,152,962,900,867,18,832,332,385,837,579,852,775,417,818,83,481,387,334,656,941,102,583,951,977,170,506,242,107,198,684,838,967,884,497,528,311,740,660,204,450,372,685,25,473,928,648,889,159,544,251,158,353,580,864,820,893,135,725,983,322,465,145,494,666,285,297,177,12,984,52,477,813,622,318,464,620,742,845,854,851,335,42,823,896,149,856,273,801,235,940,280,895,156,952,690,947,369,317,880,575,931,378,567,817,541,618,202,584,624,320,746,516,774,980,62,185,23,532,911,344,992,887,737,367,140,118,636,415,313,375,530,40,861,816,408,882,259,105,561,294,814,754,139,974,866,449,5,146,738,343,181,305,766,713,389,961,434,559,511,165,536,874,206,919,172,763,129,245,563,126,239,437,230,773,350,270,82,539,614,319,394,649,454,226,807,215,416,189,840,241,921,406,193,248,564,779,878,596,484,540,359,410,163,144,171,724,175,562,94,857,642,179,208,802,826,513,986,894,800,109,782,9,755,85,558,471,582,393,793,515,281,647,91,112,632,804,468,855,791,577,293,262,767,478,907,492,188,84,216,282,762,617,743,35,519,186,978,923,843,810,190,870,396,623,66,751,55,377,27,828,217,355,681,906,6,873,594,675,819,458,555,250,43,785,634,821,45,862,356,155,848,63,930,716,180,853,865,19,421,935,197,191,586,512,917,876,566,844,480,783,7,989,38,778,790,522,619,692,461,452,276,945,49,30,147,194,127,69,875,101,210,161,54,264,597,472,342,798,498,621,676,370,929,891,89,729,237,922,104,965,640,291,809,715,533,765,493,912,839,80,576,910,56,308,459,683,365,225,134,976,523,732,404,21,733,34,327,720,971,587,349,846,903,411,788,130,924,79,398,382,599,451,897,600,645,510,901,267,137,601,680,957,132,275,479,390,99,2,571,574,266,501,220,168,658,502,443,550,888,789,872,927,361,950,796,360,886,326,635,526,591,604,296,761,469,885,88,638,292,253,537,252,431,954,730,141,256,60,16,697,184,578,833,662,689,223,806,918,271,428,877,44,859,41,120,786,167,696,96,418,490,659,124,548,757,288,92,960,392,707,306,470,72,672,73,231,613,795,22,28,53,309,752,569,265,448,50,695,150,608,115,808,753,76,227,409,714,611,631,430,20,441,593,768,446,651,368,456,491,15,36,521,462,17,610,138,871,712,776,933,236,982,905,301,247,213,435,827,106,405,750,200,693,13,183,495,699,973,249,442,988,718,447,153,815,719,585,953,199,90,386,48,628,316,263,914,792,736,401,300,868,108,364,39,304,803,711,678,1,399,380,570,433,890,203,169,568,637,554,557,825,95,93,892,916,436,944,759,426,240,860,75,444,830,178,969,701,726,487,58,946,424,657,333,607,339,615,639,429,551,113,500,546,374,955,728,298,244,547,556,31,694,780,445,665,272,347,457,325,321,381,162,482,717,97,560,77,234,3,948,970,192,255,224,939,207,338,991,517,371,303,799,879,427,734,972,400,503,686,346,14,966,277,531,131,667,119,938,956,552,505,739,81,376,219,114,784,630,47,760,764,214,677,849,218,703,527,565,747,122,589,925,708,841,489,157,128,652,422,805,142,352,949,166,182,57,691,283,116,384,279,330,863,373,100,936,154,463,222,909,499,496,205,123,476,507,233,403,542,771,59,413,723,545,981,37,756,336,269,524,196,772,329,174,735,913,908,341,705,11,534,655,543,688,603,397,475,78,612,698,758,858,391,508,324,633,525,438,706,679,414,221,388,687,664,302,748,529,125,148,32,151,535,869,486,549,811,228,46,797,10,121,836,354,943,602,731,65,770,616,133,673,985,312,268,710,700,663,423,749,514,958,898,86,258,990,87,794,4,328,212,829,899,641,674,572,741,74,646,362,588,402,211,366,722,629,474,682,488,8,881,812,331,661,348,61,187,412,915,299,963,455,669,261,934,351,160,787,573,834,439,287,379,278,254,307,626,824,246,709,64,643,702,284,704,902,653,337,310,363,26,257,822,209,289,467,407,883,111,518,164,831,959,295,504,419,777,581,598,721,176,103,345,627,260,483,243,979,
value : 510.324 running time : 78.745043
0 80 20
835 82.4392 28.1
98 82.4392 28.1
745 79.7572 29.4838
33 79.2584 29.7414
590 78.7061 30.0266
520 77.9338 30.4253
670 72.8603 33.0423
24 71.4831 31.9193
232 71.4837 31.9366
358 71.4841 31.9507
323 71.4841 31.9507
781 71.4841 31.9507
850 73.1706 43.6499
274 73.2128 43.9427
143 73.258 44.2562
553 73.3019 44.5612
644 73.341 44.8323
606 73.3803 45.1055
314 73.4216 45.3918
926 73.4844 45.8278
357 73.5413 46.2226
70 73.608 46.685
842 73.6645 47.0772
932 73.7186 47.4527
920 73.7685 47.7989
195 73.8159 48.1282
592 73.8644 48.4643
29 73.915 48.8154
136 73.9709 49.2035
609 73.4481 50.0423
466 72.7503 51.1619
425 71.3432 53.4186
117 68.9628 57.2356
509 64.4536 64.4648
668 63.6248 65.7944
453 62.8693 67.0063
68 62.8693 67.0063
595 62.8693 67.0063
942 62.8693 67.0063
286 62.8694 67.0063
650 62.9682 67.1671
485 63.0723 67.3364
67 63.1895 67.5271
625 63.317 67.7345
538 63.4463 67.9448
605 63.5731 68.1511
420 63.7099 68.3738
440 63.846 68.5953
769 63.9789 68.8115
229 64.1111 69.0267
432 64.1111 69.0267
173 64.1111 69.0267
968 64.1111 69.0267
987 64.2158 69.081
238 64.3185 69.1342
315 64.423 69.1883
964 64.5278 69.2426
847 64.6465 69.304
290 64.7648 69.3652
340 64.8785 69.4241
975 64.9959 69.4849
71 65.1068 69.5424
395 65.2056 69.5935
460 65.8581 69.6315
51 66.571 69.6729
727 67.2612 69.713
937 67.9464 69.7529
671 67.9464 69.7529
904 68.0157 69.7466
744 68.0867 69.7402
383 68.1589 69.7337
201 68.2221 69.728
654 68.2805 69.7227
110 68.3441 69.717
152 68.4057 69.7114
962 68.4656 69.706
900 68.5264 69.7005
867 68.5842 69.6953
18 68.6411 69.6901
832 68.704 69.6845
332 69.857 69.5805
385 69.9989 69.5677
837 70.1259 69.5562
579 70.2596 69.5442
852 70.3919 69.5322
775 70.5201 69.5207
417 70.5202 69.5206
818 70.7144 69.3614
83 70.9182 69.1943
481 71.1357 69.016
387 75.4277 65.5027
334 75.4277 65.5027
656 75.4277 65.5027
941 75.4277 65.5027
102 75.4277 65.5027
583 78.2951 64.4996
951 84.0974 62.4688
977 84.0974 62.4688
170 84.0974 62.4688
506 84.0974 62.4688
242 84.0974 62.4688
107 84.0974 62.4688
198 84.0974 62.4688
684 84.0974 62.4688
838 84.0974 62.4688
967 84.0974 62.4688
884 84.6209 62.8793
497 85.1839 63.3207
528 85.5224 68.0027
311 85.7554 71.22
740 85.9176 73.4567
660 86.0245 74.9283
204 86.13 76.3812
450 86.2398 77.8926
372 86.3793 79.8158
685 85.393 81.3149
25 84.4319 82.7759
473 82.5076 85.6999
928 80.691 88.4602
648 80.2381 88.4591
889 79.7997 88.4581
159 78.6574 88.4556
544 77.537 88.4533
251 77.537 88.4533
158 77.537 88.4533
353 77.537 88.4533
580 77.537 88.4533
864 77.537 88.4533
820 77.5369 88.4533
893 77.5369 88.4533
135 77.5369 88.4533
725 77.5369 88.4533
983 77.5369 88.4533
322 76.5612 88.424
465 75.2295 88.3837
145 73.9685 88.3456
494 72.7606 88.3093
666 71.5294 88.2722
285 70.2946 88.2349
297 69.0844 88.1984
177 67.9437 88.1641
12 66.9095 88.133
984 66.7247 88.1276
52 66.5438 88.1223
477 66.3637 88.1171
813 66.185 88.1119
622 66.001 88.1065
318 65.8155 88.1011
464 65.6247 88.0955
620 65.4347 88.09
742 65.2425 88.0844
845 64.8918 88.074
854 64.531 88.0634
851 64.1087 88.0508
335 63.8058 88.0419
42 63.5427 88.0342
823 63.2805 88.0265
896 63.0106 88.0186
149 63.0106 88.0186
856 62.5835 87.576
273 60.8965 85.8287
801 57.3551 82.1617
235 53.3932 78.0595
940 53.7361 79.8976
280 54.0697 81.6862
895 54.4058 83.4881
156 54.8056 85.6323
952 54.8605 85.926
690 54.9126 86.2043
947 54.9633 86.4747
369 55.0142 86.747
317 55.0669 87.0281
880 55.1207 87.3159
575 55.1768 87.6156
931 55.2348 87.9254
378 55.2957 88.2508
567 55.3653 88.6229
817 55.4339 88.9897
541 54.7543 89.1033
618 54.5825 89.1319
202 54.4142 89.1599
584 54.2436 89.1883
624 54.0671 89.2178
320 53.8934 89.2467
746 53.7274 89.2743
516 53.5665 89.3011
774 53.4095 89.3273
980 53.2537 89.3532
62 53.0961 89.3794
185 52.9423 89.405
23 52.7732 89.4332
532 52.6065 89.4609
911 52.4515 89.4867
344 52.2888 89.5138
992 52.128 89.5406
887 51.8756 89.5826
737 51.618 89.6256
367 51.3483 89.6706
140 51.0758 89.716
118 50.8023 89.7616
636 50.5172 89.8091
415 50.2358 89.8561
313 49.9482 89.904
375 49.6516 89.9535
530 49.379 89.9989
40 49.1116 90.0435
861 48.8348 90.0897
816 48.5514 90.1369
408 48.1528 90.2034
882 47.7514 90.2704
259 47.3084 90.3444
105 46.7919 90.4307
561 46.2749 90.517
294 45.8117 90.5943
814 45.376 90.6671
754 44.9365 90.7404
139 44.3815 90.8332
974 44.3815 90.8332
866 44.3815 90.8332
449 44.3815 90.8332
5 44.3815 90.8332
146 44.3815 90.8332
738 44.3815 90.8332
343 44.3815 90.8332
181 44.3815 90.8332
305 44.3815 90.8332
766 44.3815 90.8332
713 44.3815 90.8332
389 44.3815 90.8332
961 44.3815 90.8332
434 44.3815 90.8332
559 44.3163 90.5102
511 44.2466 90.1657
165 44.1685 89.7797
536 44.0869 89.3763
874 44.003 88.9614
206 43.8985 88.4448
919 43.7918 87.918
172 43.6957 87.4431
763 43.5977 86.9586
129 43.4993 86.4723
245 43.3975 85.9696
563 43.2981 85.4784
126 43.2016 85.0012
239 43.1051 84.5244
437 43.002 84.0146
230 42.8964 83.4932
773 42.7849 82.9425
350 42.674 82.1669
270 42.5791 81.5027
82 42.4916 80.8897
539 42.4046 80.281
614 42.3011 79.5568
319 42.1996 78.8461
394 42.0901 78.0803
649 41.9427 77.0496
454 41.7848 75.946
226 41.7848 75.9459
807 41.7848 75.9459
215 41.7848 75.9459
416 41.7848 75.9459
189 41.7805 75.8557
840 41.7763 75.766
241 41.7721 75.6758
921 41.7678 75.5832
406 41.7633 75.4887
193 41.7549 75.3057
248 41.7462 75.1184
564 41.7374 74.9276
779 41.7284 74.7345
878 41.7196 74.5435
596 41.7112 74.3618
484 41.7033 74.1921
540 41.6954 74.0223
359 41.6875 73.8524
410 41.9673 73.7894
163 42.2473 73.7264
144 42.5299 73.6628
171 42.8089 73.6
724 43.0938 73.5359
175 43.3794 73.4716
562 43.6852 73.4027
94 43.9797 73.3364
857 44.2618 73.2729
642 44.5377 73.2108
179 44.8024 73.1512
208 45.6959 71.8711
802 45.9241 71.5438
826 46.1576 71.2089
513 46.4175 70.8362
986 46.6824 70.4562
894 46.9455 70.0789
800 47.2131 69.6952
109 47.4884 69.3005
782 47.7556 68.9172
9 48.0433 68.5046
755 48.3318 68.091
85 50.8141 64.5367
558 51.0918 64.1385
471 51.3788 63.727
582 51.6724 63.3059
393 52.7748 61.7267
793 52.7748 61.7267
515 52.7748 61.7267
281 52.7748 61.7267
647 52.7748 61.7267
91 52.7748 61.7267
112 52.7748 61.7267
632 52.7748 61.7267
804 52.9162 61.3751
468 53.1282 60.8481
855 53.3513 60.2934
791 53.6227 59.6191
577 53.9093 58.907
293 54.1915 58.2055
262 54.4629 57.5312
767 54.705 56.9293
478 54.705 56.9293
907 54.7172 56.7612
492 54.7302 56.5814
188 54.7414 56.4271
84 54.7521 56.279
216 54.7638 56.1174
282 54.7763 55.9452
762 54.789 55.7698
617 54.8033 55.572
743 54.83 55.2043
35 54.8647 54.7238
519 54.9018 54.2122
186 54.9364 53.734
978 54.972 53.2432
923 54.9961 52.9093
843 55.0219 52.5535
810 55.0456 52.2261
190 55.075 51.821
870 55.2529 49.3635
396 55.3519 47.9953
623 55.498 45.9778
66 55.709 43.0624
751 55.8809 40.6874
55 55.9703 39.4531
377 56.005 38.9734
27 56.0405 38.4834
828 56.0726 38.0401
217 56.1023 37.6297
355 56.137 37.1507
681 56.1708 36.6837
906 56.2032 36.2364
6 56.2434 35.682
873 56.2754 35.2391
594 56.299 34.9139
675 56.3272 34.5241
819 56.3628 34.0327
458 55.9087 34.3649
555 55.4989 34.6648
250 55.0718 34.9773
43 54.6963 35.252
785 54.3223 35.5256
634 53.9538 35.7953
821 53.5776 36.0706
45 52.9963 36.4959
862 50.1972 38.5437
356 49.5725 39.0008
155 49.1166 39.3343
848 48.7407 39.6094
63 48.4002 39.8585
930 48.0517 40.1135
716 47.6272 40.424
180 47.1809 40.7506
853 47.0247 40.8649
865 46.8754 40.9741
19 46.6876 41.1115
421 46.4839 41.2605
935 46.2794 41.4102
197 46.0732 41.561
191 45.8589 41.7178
586 45.7294 41.8828
512 45.159 42.6097
917 44.6631 43.2416
876 44.1766 43.8616
566 43.8908 44.2256
844 43.614 44.5783
480 43.2785 45.0057
783 42.9293 45.4507
7 42.6195 45.8454
989 42.2994 46.2533
38 41.9725 46.6697
778 42.0033 46.8438
790 42.0324 47.0083
522 42.0639 47.1865
619 42.0938 47.3554
692 42.1255 47.5351
461 42.1613 47.7372
452 42.1946 47.9257
276 42.2291 48.1207
945 42.2636 48.3162
49 42.2968 48.504
30 42.3313 48.6991
147 42.3313 48.6991
194 42.3313 48.6991
127 42.3313 48.6991
69 42.3313 48.6991
875 42.3313 48.6991
101 42.0797 51.7531
210 41.8806 54.1709
161 41.6524 56.9424
54 41.508 57.0929
264 41.3822 57.2241
597 41.2611 57.3504
472 41.1391 57.4776
342 40.8937 57.7335
798 40.5589 58.0827
498 40.2011 58.4558
621 39.7675 58.9081
676 39.2915 59.4045
370 38.8293 59.8865
929 38.3231 60.4144
891 37.8345 60.924
89 37.3062 61.475
729 36.7329 62.0729
237 36.6154 62.1954
922 36.4829 62.3336
104 36.3401 62.4825
965 36.1924 62.6365
640 36.0758 62.7581
291 35.9643 62.8744
809 35.8515 62.992
715 35.7325 63.1161
533 35.6155 63.2381
765 35.4912 63.3677
493 35.3639 63.5004
912 35.2404 63.6292
839 35.1146 63.7604
80 34.9883 63.8921
576 34.8676 64.0179
910 34.7342 64.1571
56 34.6053 64.2914
308 34.4762 64.4261
459 34.3535 64.554
683 34.2249 64.6881
365 34.0877 64.8312
225 33.9521 64.9726
134 33.8154 65.1151
976 33.6623 65.2748
523 33.384 65.4131
732 33.0714 65.5685
404 32.6134 65.7961
21 32.145 66.029
733 31.6757 66.2623
34 31.2409 66.4784
327 30.8899 66.6529
720 30.5787 66.8076
971 30.2664 66.9628
587 29.9744 67.1079
349 29.6894 67.2496
846 29.4053 67.3908
903 29.1388 67.5233
411 28.8593 67.6622
788 28.6314 67.7755
130 28.3706 67.9051
924 28.3388 67.9209
79 28.3083 67.9361
398 28.2751 67.9526
382 28.2751 67.9526
599 28.2751 67.9526
451 28.2751 67.9526
897 28.2751 67.9526
600 28.2751 67.9526
645 28.2751 67.9526
510 28.2751 67.9526
901 27.9093 68.4756
267 27.5188 69.034
137 27.0026 69.7724
601 26.4187 70.6077
680 25.8027 71.489
957 25.8535 71.7056
132 25.9091 71.9424
275 25.9664 72.1871
479 26.0246 72.4357
390 26.087 72.7017
99 26.1462 72.9545
2 26.2067 73.2127
571 26.2067 73.2127
574 26.2067 73.2127
266 26.2067 73.2127
501 26.2067 73.2127
220 26.2067 73.2127
168 26.2067 73.2127
658 26.2067 73.2127
502 26.2067 73.2127
443 26.3154 73.5264
550 26.4218 73.8336
888 26.5232 74.1265
789 26.6258 74.4228
872 26.7291 74.7213
927 26.8256 75
361 26.9279 75.2956
950 27.0409 75.6219
796 27.1573 75.9579
360 27.3999 76.6579
886 27.5585 77.1157
326 27.7145 77.566
635 27.8872 78.0644
526 28.0756 78.6084
591 28.3008 79.2581
604 28.5832 80.0728
296 28.8937 80.9682
761 29.2005 81.8532
469 29.2005 81.8532
885 29.2005 81.8532
88 29.2005 81.8532
638 29.2353 81.8996
292 29.2681 81.9432
253 29.299 81.9844
537 29.3284 82.0234
252 29.3606 82.0664
431 29.3917 82.1077
954 29.425 82.1521
730 29.4581 82.1962
141 29.4941 82.2441
256 29.5273 82.2883
60 29.5581 82.3294
16 29.5894 82.371
697 29.6211 82.4132
184 29.6533 82.4561
578 29.8177 82.6747
833 29.9901 82.904
662 30.144 83.1088
689 30.3068 83.3253
223 30.4809 83.557
806 30.66 83.7951
918 30.8431 84.0387
271 31.0201 84.2741
428 31.1593 84.4593
877 31.3018 84.6488
44 31.4294 84.8187
859 31.619 84.9502
41 31.8178 85.0882
120 32.0452 85.2461
786 32.2567 85.3928
167 32.4491 85.5264
696 32.6581 85.6713
96 32.8792 85.8248
418 33.0831 85.9663
490 33.3151 86.1273
659 33.5863 86.3155
124 33.401 86.6249
548 33.1768 86.999
757 32.9746 87.3365
288 32.754 87.7046
92 32.6281 87.9147
960 32.4982 88.1314
392 32.4168 88.2673
707 32.3308 88.4109
306 32.2428 88.5578
470 32.2102 88.6121
72 32.1768 88.6678
672 32.1437 88.7231
73 32.1092 88.7806
231 32.0753 88.8372
613 32.0402 88.8958
795 32.0073 88.9507
22 31.9729 89.0082
28 31.9371 89.0679
53 31.9057 89.1202
309 31.8736 89.1738
752 31.8394 89.2309
569 31.8074 89.2842
265 31.7749 89.3386
448 30.8364 89.372
50 29.4889 89.4197
695 28.5019 89.4547
150 27.826 89.4789
608 27.1278 89.5037
115 26.5534 89.5243
808 26.1273 89.5395
753 25.657 89.5564
76 25.2239 89.5719
227 24.7859 89.5876
409 24.4852 89.5984
714 24.1808 89.6093
611 23.8928 89.6197
631 23.5734 89.6312
430 23.2337 89.6434
20 22.8827 89.656
441 22.3355 89.6755
593 21.7919 89.6949
768 21.2518 89.7142
446 20.6735 89.7348
651 20.3551 89.7463
368 20.0295 89.758
456 19.698 89.7699
491 19.3602 89.782
15 19.0091 89.7946
36 18.6657 89.807
521 18.2904 89.8204
462 17.8435 89.8364
17 17.4051 89.8521
610 16.9664 89.8678
138 16.3851 89.8886
871 15.8482 89.9078
712 15.2741 89.9283
776 14.678 89.9496
933 14.0489 89.972
236 13.3827 89.9958
982 12.7408 90.0186
905 12.1187 90.0408
301 11.5767 90.0602
247 11.063 90.0786
213 10.5445 90.0971
435 10.5416 90.0972
827 10.5388 90.0973
106 10.5359 90.0974
405 10.5332 90.0975
750 10.5305 90.0976
200 10.5277 90.0977
693 10.5251 90.0978
13 10.5226 90.0979
183 10.52 90.098
495 10.5171 90.0981
699 10.5141 90.0982
973 10.5112 90.0983
249 10.5085 90.0984
442 10.5053 90.0985
988 10.5019 90.0986
718 10.537 89.8073
447 10.5699 89.5342
153 10.6038 89.2534
815 10.6372 88.9763
719 10.6689 88.714
585 10.6991 88.4637
953 10.7366 88.1527
199 10.7756 87.8294
90 10.8171 87.485
386 10.8171 87.485
48 10.8171 87.485
628 10.8171 87.485
316 10.8171 87.485
263 10.8171 87.485
914 10.8171 87.485
792 10.8171 87.485
736 10.8171 87.485
401 10.8171 87.485
300 10.8171 87.485
868 10.8171 87.485
108 10.8171 87.485
364 10.8171 87.485
39 10.8171 87.485
304 10.8171 87.485
803 10.8171 87.485
711 10.8171 87.485
678 10.8171 87.4849
1 10.8171 87.4849
399 10.8171 87.4849
380 10.8171 87.4849
570 11.0343 86.8572
433 11.2298 86.2922
890 11.3877 85.836
203 11.512 85.4767
169 11.6322 85.1297
568 11.756 84.772
637 11.9036 84.3454
554 12.0671 83.8728
557 12.08 83.8383
825 12.0937 83.8014
95 12.1061 83.768
93 12.1191 83.7332
892 12.1321 83.6983
916 12.1452 83.663
436 12.1582 83.6282
944 12.171 83.5937
759 12.1841 83.5586
426 12.1973 83.523
240 12.2108 83.4868
860 12.2245 83.4501
75 12.2371 83.416
444 12.2501 83.3812
830 12.2635 83.3451
178 12.2767 83.3096
969 12.2898 83.2745
701 12.7226 82.1122
726 12.7931 81.923
487 12.8557 81.7548
58 12.9156 81.5938
946 12.9813 81.4175
424 13.0382 81.2645
657 13.0998 81.0991
333 13.1597 80.9383
607 11.3816 79.2582
339 11.3816 79.2582
615 11.3816 79.2582
639 11.3816 79.2582
429 11.3816 79.2582
551 11.3816 79.2582
113 11.3816 79.2582
500 11.3816 79.2582
546 11.3816 79.2582
374 11.3816 79.2582
955 11.3816 79.2582
728 11.3816 79.2582
298 11.3816 79.2582
244 11.3816 79.2582
547 11.3816 79.2582
556 11.1439 78.0829
31 10.9123 76.9386
694 10.6694 75.7378
780 10.4731 74.768
445 10.2613 73.7214
665 10.0658 72.7551
272 9.88025 71.8386
347 9.69952 70.9458
457 9.69953 70.9458
325 9.69953 70.9458
321 9.73455 70.7685
381 9.77184 70.5797
162 9.80906 70.3912
482 9.84582 70.2051
717 9.87974 70.0334
97 9.91401 69.86
560 9.94716 69.6922
77 9.98842 69.4833
234 10.0297 69.2744
3 10.0665 69.088
948 10.1017 68.9098
970 10.1388 68.7223
192 10.1746 68.541
255 10.2077 68.3736
224 10.2406 68.2072
939 10.2828 67.9934
207 10.3224 67.7927
338 10.3946 67.4271
991 10.4647 67.0725
517 10.5851 66.4624
371 10.7147 65.8061
303 10.8539 65.1007
799 10.8696 65.0213
879 10.8861 64.9379
427 10.9029 64.8527
734 10.9209 64.7615
972 10.9394 64.668
400 10.9544 64.592
503 10.9708 64.5091
686 10.9878 64.4233
346 11.0054 64.334
14 11.0261 64.2293
966 11.0468 64.1246
277 11.0734 63.9902
531 11.1013 63.8488
131 11.1273 63.7174
667 11.1526 63.5894
119 11.3705 62.4848
938 11.6342 61.1482
956 11.6342 61.1482
552 11.6342 61.1482
505 11.599 60.8132
739 11.5738 60.573
81 11.5468 60.3163
376 11.5175 60.0368
219 11.4876 59.7524
114 11.4545 59.4368
784 11.42 59.1082
630 11.3848 58.773
47 11.3415 58.3603
760 11.3069 58.0313
764 11.2709 57.6882
214 11.2326 57.3239
677 11.1973 56.987
849 11.1615 56.6463
218 11.1303 56.3495
703 11.1004 56.0651
527 11.0669 55.7455
565 11.0359 55.4507
747 11.0043 55.15
122 10.9687 54.8109
589 10.9358 54.4972
925 10.8995 54.1519
708 10.8609 53.7834
841 10.8222 53.4157
489 10.7866 53.076
157 10.752 52.7471
128 10.7215 52.456
652 10.6972 52.2244
422 10.6748 52.0111
805 10.6472 51.7486
142 10.6199 51.4891
352 10.5923 51.2257
949 10.5646 50.9619
166 10.5396 50.7243
182 10.513 50.4704
57 10.4861 50.2145
691 10.4598 49.9643
283 10.4256 49.6377
116 10.4109 49.4981
384 10.3956 49.3524
279 10.3823 49.2256
330 10.3666 49.0766
863 10.3542 48.9585
373 10.343 48.8513
100 10.3314 48.741
936 10.3192 48.6246
154 10.3064 48.5032
463 10.294 48.3848
222 10.2816 48.2666
909 10.269 48.1469
499 10.2559 48.022
496 14.4069 46.7171
205 17.5922 45.7157
123 17.9152 46.6946
476 18.3577 48.0354
507 18.9194 49.7378
233 18.9704 49.8922
403 19.0156 50.0293
542 19.0638 50.1754
771 19.1134 50.3258
59 19.1682 50.4919
413 19.2152 50.6342
723 19.2607 50.7722
545 19.3128 50.9301
981 19.3603 51.074
37 19.4034 51.2044
756 19.4534 51.3562
336 19.4967 51.4872
269 19.5425 51.626
524 19.2558 53.0685
196 19.3108 52.8478
772 19.3709 52.6067
329 19.4385 52.3353
174 19.5465 51.902
735 19.6431 51.5142
913 19.7588 51.0501
908 19.8575 50.6537
341 19.9507 50.2799
705 20.0461 49.8971
11 20.165 49.4199
534 20.2526 49.0683
655 20.3454 48.6958
543 20.4245 48.3784
688 20.5007 48.0726
603 20.5827 47.7432
397 20.7121 47.2242
475 20.8294 46.7532
78 20.9448 46.2902
612 21.0542 45.8512
698 21.119 45.591
758 21.1934 45.2923
858 21.2716 44.9785
391 21.3563 44.6386
508 21.4452 44.2819
324 21.5288 43.9462
633 21.6529 43.4485
525 21.8056 42.8358
438 21.964 42.2
706 22.126 41.5495
679 22.0981 40.8529
414 22.0717 40.194
221 22.0438 39.5004
388 22.0438 39.5004
687 22.0438 39.5004
664 22.0438 39.5004
302 22.0438 39.5004
748 21.8444 39.3731
529 21.6187 39.229
125 21.3473 39.0558
148 21.1081 38.9031
32 20.8762 38.7551
151 20.6595 38.6168
535 20.3951 38.448
869 20.0893 38.2528
486 19.7699 38.049
549 19.4545 37.8476
811 19.1263 37.6382
228 18.4822 37.227
46 17.8768 36.8406
797 17.8768 36.8406
10 17.8768 36.8406
121 17.8768 36.8406
836 17.8768 36.8406
354 17.8768 36.8406
943 17.4147 36.7736
602 16.9549 36.7069
731 16.0628 36.5777
65 15.3873 36.4797
770 14.6488 36.3727
616 13.9814 36.276
133 13.3205 36.1802
673 12.7602 36.0989
985 12.5984 36.1878
312 12.4383 36.2758
268 12.2969 36.3535
710 12.1472 36.4357
700 11.9888 36.5228
663 11.8316 36.6092
423 11.6775 36.6938
749 11.5241 36.7781
514 11.3079 36.0521
958 11.1357 35.4734
898 10.9664 34.9045
86 10.9391 34.8124
258 10.9126 34.7229
990 10.9126 34.7229
87 10.9126 34.7229
794 10.9126 34.7229
4 10.9126 34.7229
328 10.9126 34.7229
212 10.9522 33.4555
829 11.0164 31.4142
899 11.125 27.9703
641 11.1772 26.3051
674 11.2261 24.7475
572 11.2515 23.9314
741 11.2795 23.0371
74 11.3059 22.1911
646 11.3396 21.1147
362 11.3625 20.3814
588 11.3841 19.6889
402 11.4044 19.0381
211 11.4266 18.328
366 11.4466 17.6881
722 11.4659 17.0695
629 11.473 16.8382
474 11.4795 16.6308
682 11.4871 16.3862
488 11.4946 16.1431
8 11.4987 16.0098
881 11.5023 15.8963
812 11.5056 15.7883
331 11.7066 15.9112
661 11.9087 16.0348
348 12.0824 16.1411
61 12.2541 16.2462
187 12.4527 16.3677
412 13.778 17.1774
915 15.609 18.296
299 15.609 18.296
963 15.609 18.296
455 15.9143 18.3605
669 25.7074 20.425
261 29.9308 21.3161
934 31.3647 21.6189
351 31.5893 21.6664
160 31.843 21.72
787 32.0699 21.768
573 32.3037 21.8175
834 32.5339 21.8661
439 32.7368 21.9091
287 32.983 21.9611
379 32.983 21.9611
278 32.983 21.9611
254 32.983 21.9611
307 33.0374 21.9733
626 33.0914 21.9854
824 33.1442 21.9973
246 33.1976 22.0093
709 33.2522 22.0215
64 33.3058 22.0336
643 33.3589 22.0455
702 33.4149 22.0581
284 33.4742 22.0714
704 33.5355 22.0851
902 33.5937 22.0982
653 34.841 22.3795
337 35.5192 22.5323
310 36.1795 22.6811
363 36.8309 22.8278
26 37.6748 23.018
257 38.5112 23.2065
822 39.5248 22.4246
209 40.69 21.5259
289 41.3029 21.0531
467 41.8977 20.5942
407 42.654 20.0108
883 43.4834 19.3709
111 44.5458 18.5515
518 46.5434 17.011
164 50.5962 16.7736
831 55.6526 16.4771
959 56.8549 16.407
295 57.7362 16.3557
504 58.462 16.3136
419 59.0274 16.2808
777 60.1183 16.2173
581 61.196 16.1545
598 62.2346 16.094
721 63.1453 16.041
176 63.4779 16.0218
103 63.8068 16.0027
345 83.9035 15.3043
627 84.3401 15.2891
260 84.3401 15.2891
483 84.3401 15.2891
243 83.9017 15.7652
979 82.7427 17.0234
