0,295,504,777,959,598,24,721,581,176,819,103,314,358,45,458,831,377,821,19,421,978,164,6,594,63,289,250,781,785,865,27,873,930,681,55,751,355,634,828,492,356,692,862,257,452,555,43,716,848,66,155,69,844,870,262,935,276,342,512,945,522,180,778,876,210,281,461,147,706,603,472,237,687,619,49,543,508,679,194,269,748,566,127,913,783,843,38,917,790,11,989,7,480,151,191,811,388,664,529,549,414,413,37,197,111,573,653,209,467,834,883,419,379,853,586,261,26,518,351,934,709,407,64,307,669,363,287,337,310,869,278,702,486,354,160,284,822,787,439,704,626,824,246,812,629,722,348,646,881,674,682,474,366,661,488,8,963,187,211,455,899,402,362,61,74,254,902,641,221,588,331,412,602,915,258,121,741,643,268,836,710,673,205,572,898,65,700,283,770,78,514,87,299,794,384,32,943,133,4,86,990,128,476,958,46,328,985,125,423,438,829,612,545,142,302,663,324,182,972,510,938,705,391,688,723,397,475,403,505,422,59,956,735,655,908,633,148,123,535,858,805,312,731,330,616,749,463,100,841,222,531,214,527,677,925,47,336,122,341,116,909,652,489,542,157,174,691,565,758,534,352,949,936,496,863,698,166,708,57,849,303,373,218,154,771,212,797,228,10,499,192,981,279,965,772,720,451,507,764,897,729,903,901,137,233,733,34,525,370,809,21,410,957,30,922,645,89,596,929,756,308,839,171,267,640,104,846,599,471,493,591,533,54,225,576,676,912,523,163,365,56,459,891,806,501,730,878,840,604,540,226,16,614,454,292,134,910,872,144,649,954,638,215,79,41,124,60,552,927,349,382,788,275,888,658,327,411,266,662,189,578,689,757,252,574,333,270,223,339,168,971,587,701,789,635,390,773,571,359,2,550,443,524,537,329,526,601,739,600,703,132,479,234,376,347,14,99,482,630,113,220,429,81,77,298,326,130,503,796,457,502,398,551,784,939,799,114,371,747,119,381,374,445,321,734,131,219,196,589,760,338,607,639,255,500,946,272,924,950,726,970,686,361,717,966,657,728,184,694,667,427,277,162,3,97,680,860,517,556,554,955,944,665,815,780,240,879,203,48,90,719,75,400,224,325,316,948,830,304,890,207,969,991,346,433,988,17,462,213,547,300,31,628,546,570,401,426,444,803,892,364,557,736,405,916,178,199,693,108,750,637,436,263,792,399,585,447,153,982,615,678,953,380,905,169,236,435,973,1,711,247,446,106,39,568,827,825,759,868,360,695,13,227,442,115,200,914,386,718,301,244,368,593,138,487,58,288,712,699,753,672,95,495,306,296,456,76,808,631,44,93,15,933,761,833,885,714,491,776,768,409,871,521,430,441,859,50,36,88,611,424,418,183,697,431,167,610,96,249,651,150,141,120,795,786,73,608,560,918,469,490,253,886,696,20,28,309,766,752,265,172,271,92,22,470,448,613,974,807,53,231,256,548,960,139,947,428,72,241,866,874,319,536,569,449,165,416,707,406,541,618,659,343,305,562,561,738,919,181,532,746,437,230,389,877,774,814,394,392,245,23,415,861,126,559,539,367,624,146,856,434,202,887,40,755,564,895,193,129,206,880,313,320,763,816,980,851,690,882,713,239,375,961,754,516,530,940,642,408,5,156,140,952,118,335,62,567,259,563,177,584,94,317,395,511,344,105,18,896,369,12,179,911,280,297,992,817,937,854,353,813,845,464,52,544,145,318,158,620,823,984,273,737,185,42,465,477,149,494,893,159,251,135,580,864,285,622,666,983,820,928,322,742,740,889,372,204,311,648,725,685,660,473,417,332,450,25,497,852,136,107,170,884,684,977,838,201,242,951,506,385,102,198,583,942,962,528,383,481,975,290,420,460,832,654,727,173,650,867,68,340,931,208,83,775,744,818,51,509,801,904,900,152,71,579,837,378,855,67,575,229,109,636,350,632,986,671,484,964,82,513,782,826,582,294,791,235,404,291,724,175,743,804,798,894,91,976,453,216,968,779,732,683,248,80,558,264,715,765,621,468,605,440,625,762,793,498,577,161,810,907,802,315,800,617,769,847,987,9,112,921,668,857,286,35,393,84,432,515,906,519,357,485,188,597,923,282,217,875,101,186,85,396,623,293,238,920,647,110,595,842,656,538,334,195,70,478,190,941,932,606,967,274,425,117,670,29,553,387,850,609,232,926,745,143,767,644,675,323,592,466,33,520,590,835,98,483,243,260,627,345,979,
value : 453.562 running time : 268.179923
0 80 20
295 73.8789 17.8842
504 72.2414 17.318
777 70.8262 16.8286
959 70.2224 16.6199
598 69.7343 16.4511
24 69.2399 16.2801
721 68.7478 16.11
581 68.2308 15.9312
176 67.7521 15.7657
819 67.3033 15.6105
103 66.8636 15.4584
314 54.3608 32.7503
358 54.2466 32.8671
45 54.1285 32.9882
458 53.9973 33.1224
831 53.873 33.2498
377 53.7236 33.4027
821 53.5805 33.5492
19 53.4083 33.7256
421 53.2444 33.8934
978 53.0928 34.0487
164 52.9544 34.1903
6 52.8027 34.3457
594 52.6094 34.5437
63 52.4288 34.7286
289 52.2809 34.8801
250 52.1188 35.046
781 51.9639 35.2047
785 51.7836 35.3892
865 51.605 35.5722
27 51.4321 35.7492
873 51.2504 35.9352
930 51.0475 36.1429
681 50.8568 36.3383
55 50.6698 36.5297
751 50.4525 36.7522
355 50.2279 36.9822
634 49.9956 37.2201
828 49.7445 37.4772
492 49.415 37.8146
356 49.1965 38.0383
692 49.0079 38.2315
862 48.8381 38.4054
257 48.6895 38.5575
452 48.5383 38.7123
555 48.4098 38.8439
43 48.1823 39.0768
716 47.7604 39.5089
848 47.3396 39.9398
66 46.98 40.308
155 46.5733 40.7244
69 46.226 41.0801
844 45.8958 41.4182
870 45.5323 41.7904
262 45.1298 42.2025
935 44.8362 42.5032
276 44.4941 42.8534
342 44.1494 43.2065
512 43.8233 43.5403
945 43.5052 43.8661
522 43.1826 44.1964
180 42.8787 44.5076
778 42.583 44.8104
876 42.346 45.0531
210 42.1215 45.283
281 41.8973 45.5125
461 41.3798 45.4118
147 40.8472 45.3081
706 40.3786 45.2169
603 39.9468 45.1328
472 39.7221 45.0891
237 39.447 45.0355
687 39.1724 44.982
619 38.9138 44.9317
49 38.6678 44.8838
543 38.4093 44.8335
508 38.4093 44.8335
679 38.4093 44.8335
194 38.4093 44.8335
269 38.4093 44.8335
748 38.4093 44.8335
566 38.4093 44.8335
127 38.4093 44.8335
913 38.4093 44.8335
783 38.4093 44.8335
843 38.4093 44.8335
38 38.223 44.4634
917 38.0423 44.1046
790 37.865 43.7523
11 37.6935 43.4117
989 37.54 43.1068
7 37.3829 42.7948
480 37.2298 42.4908
151 37.0772 42.1877
191 36.9281 41.8915
811 36.7916 41.6204
388 36.6592 41.3575
664 36.5263 41.0935
529 36.3945 40.8317
549 36.268 40.5804
414 36.268 40.5804
413 36.268 40.5804
37 36.268 40.5804
197 36.7338 37.1117
111 37.8301 28.9498
573 38.166 26.4475
653 38.2368 25.92
209 38.2889 25.5316
467 38.36 25.0014
834 38.4361 24.4348
883 38.5232 23.7854
419 38.6014 23.203
379 38.5962 23.1785
853 38.5911 23.1543
586 38.4111 22.3001
261 38.0771 20.7156
26 37.6706 18.7874
518 37.2134 16.6181
351 36.5339 16.9713
934 35.8871 17.3076
709 35.152 17.6897
407 34.6182 17.9673
64 33.9755 18.3014
307 33.4119 18.5944
669 32.9588 18.8299
363 32.4851 19.0762
287 31.9751 19.3414
337 31.1284 19.7815
310 30.0837 20.3247
869 28.2052 21.3014
278 28.2052 21.3014
702 28.2052 21.3014
486 28.2052 21.3014
354 28.2052 21.3014
160 28.2052 21.3014
284 27.7098 21.1013
822 27.2535 20.917
787 26.7072 20.6963
439 26.0929 20.4482
704 25.524 20.2184
626 24.0915 19.6398
824 22.1792 18.8674
246 18.7018 17.4631
812 12.7082 15.0437
629 12.7119 15.1358
722 12.7159 15.2361
348 12.7204 15.3498
646 12.7244 15.452
881 12.7283 15.5503
674 12.7328 15.6628
682 12.7372 15.7727
474 12.7416 15.8848
366 12.7454 15.9807
661 12.7496 16.0846
488 12.7529 16.1687
8 12.757 16.2724
963 12.7617 16.3895
187 12.7657 16.49
211 12.884 17.0172
455 13.013 17.5923
899 13.1281 18.1054
402 13.2226 18.5264
362 13.3123 18.9262
61 13.4088 19.3567
74 13.8091 21.1396
254 14.0313 22.1298
902 14.2705 23.1959
641 14.5141 24.2814
221 14.7522 25.3423
588 14.7522 25.3423
331 14.7522 25.3423
412 14.7522 25.3423
602 14.7522 25.3423
915 14.7522 25.3423
258 14.7522 25.3423
121 14.7522 25.3423
741 14.7522 25.3423
643 14.7522 25.3423
268 14.3623 26.326
836 13.9946 27.2537
710 13.6274 28.1803
673 13.2706 29.0804
205 12.8818 30.0613
572 12.5568 30.8813
898 12.2091 31.7588
65 12.2048 32.0622
700 12.2008 32.3466
283 12.1971 32.6122
770 12.1934 32.8752
78 12.1902 33.1024
514 12.1878 33.2751
87 12.185 33.4729
299 12.1824 33.6586
794 12.1794 33.8768
384 12.1754 34.1579
32 12.172 34.3994
943 12.169 34.614
133 12.1659 34.8413
4 12.1625 35.0847
86 12.1553 35.5954
990 12.1211 38.0142
128 12.0896 40.2503
476 12.0896 40.2503
958 12.0896 40.2503
46 12.0896 40.2503
328 12.0896 40.2503
985 12.5485 40.6444
125 13.0108 41.0414
423 13.4656 41.4321
438 13.9216 41.8237
829 13.9216 41.8237
612 14.4372 42.5867
545 17.8386 47.6198
142 18.0116 47.8757
302 18.1823 48.1283
663 18.1649 48.1522
324 18.1482 48.1754
182 18.1308 48.1994
972 18.1147 48.2217
510 18.101 48.2407
938 18.0853 48.2624
705 18.0697 48.2839
391 18.0553 48.3038
688 18.0406 48.3241
723 18.0261 48.3442
397 18.0103 48.366
475 17.9934 48.3894
403 17.9757 48.4139
505 17.9567 48.4401
422 17.9391 48.4645
59 17.9227 48.4871
956 17.9062 48.5099
735 17.8906 48.5316
655 17.527 48.5807
908 17.1209 48.6355
633 16.6965 48.6929
148 16.2407 48.7545
123 15.7739 48.8175
535 15.3798 48.8708
858 14.3551 49.0092
805 13.2674 49.1562
312 12.2588 49.2925
731 11.4094 49.4073
330 10.5711 49.5206
616 10.359 49.5492
749 10.1372 49.5792
463 9.91987 49.6085
100 9.70242 49.6379
841 9.48009 49.6679
222 9.25535 49.6983
531 9.03093 49.7286
214 9.02978 49.7263
527 9.02865 49.724
677 9.02759 49.7218
925 9.02641 49.7194
47 9.02517 49.7169
336 9.02404 49.7146
122 9.02274 49.712
341 9.02144 49.7094
116 9.02018 49.7068
909 9.019 49.7044
652 9.01779 49.702
489 9.01666 49.6997
542 9.01554 49.6974
157 9.01434 49.695
174 9.01333 49.6929
691 9.0123 49.6908
565 9.01111 49.6884
758 9.00978 49.6857
534 9.00848 49.6831
352 9.00725 49.6806
949 9.006 49.678
936 9.00479 49.6756
496 9.00354 49.673
863 9.00225 49.6704
698 9.00122 49.6683
166 9.00008 49.666
708 8.99888 49.6636
57 8.99765 49.6611
849 8.99646 49.6587
303 8.99529 49.6563
373 8.99405 49.6538
218 8.99286 49.6514
154 8.9916 49.6488
771 8.9904 49.6464
212 8.98911 49.6437
797 8.98801 49.6415
228 8.98675 49.639
10 8.98555 49.6365
499 8.98555 49.6365
192 13.9809 52.5359
981 16.5623 54.0341
279 18.658 55.2504
965 20.8802 56.5401
772 20.9247 56.5659
720 20.9741 56.5946
451 21.0177 56.6199
507 21.063 56.6462
764 21.1064 56.6714
897 21.1564 56.7004
729 21.2071 56.7298
903 21.2578 56.7593
901 21.3044 56.7863
137 21.3516 56.8137
233 21.3516 56.8137
733 21.3516 56.8137
34 21.3516 56.8137
525 21.3516 56.8137
370 31.8878 64.5495
809 31.9683 64.6359
21 32.048 64.7213
410 32.1196 64.7981
957 32.1586 64.8399
30 32.1997 64.8841
922 32.2404 64.9277
645 32.2823 64.9727
89 32.3228 65.0161
596 32.3675 65.064
929 32.4078 65.1073
756 32.4492 65.1517
308 32.4953 65.2012
839 32.5379 65.2469
171 32.5829 65.2952
267 32.6225 65.3377
640 32.6646 65.3828
104 32.709 65.4305
846 32.7508 65.4753
599 32.7949 65.5227
471 32.8405 65.5716
493 32.8772 65.611
591 32.9164 65.653
533 32.9534 65.6928
54 32.9919 65.7341
225 33.0312 65.7762
576 33.0668 65.8143
676 33.1037 65.8539
912 33.1037 65.8539
523 33.1037 65.8539
163 33.1037 65.8539
365 33.1037 65.8539
56 33.1037 65.8539
459 33.1037 65.8539
891 33.1037 65.8539
806 32.4058 69.6921
501 32.3245 70.1388
730 32.2392 70.608
878 32.1603 71.0415
840 32.0762 71.5037
604 32.0531 71.6305
540 32.0302 71.7564
226 32.0061 71.8894
16 31.9817 72.0231
614 31.9589 72.1487
454 31.9361 72.2737
292 31.9136 72.3976
134 31.8959 72.4948
910 31.869 72.6425
872 31.8381 72.8128
144 31.8092 72.9713
649 31.7781 73.1426
954 31.7496 73.299
638 31.7202 73.4607
215 31.7202 73.4607
79 27.8513 71.4267
41 27.7941 71.5195
124 27.7479 71.5944
60 27.703 71.6672
552 27.6636 71.731
927 27.6215 71.7993
349 27.5802 71.8662
382 27.5361 71.9378
788 27.4871 72.0172
275 27.43 72.1098
888 27.3752 72.1986
658 27.3244 72.281
327 27.279 72.3545
411 27.2304 72.4333
266 27.1791 72.5164
662 27.1294 72.5971
189 27.0768 72.6823
578 27.0264 72.764
689 26.9817 72.8365
757 26.933 72.9154
252 26.8907 72.984
574 26.8464 73.0558
333 26.7971 73.1358
270 26.7515 73.2096
223 26.7042 73.2864
339 26.6594 73.359
168 26.6171 73.4276
971 26.5791 73.4892
587 26.5361 73.5589
701 26.4874 73.6378
789 26.4416 73.7121
635 26.3975 73.7836
390 26.3556 73.8515
773 26.3038 73.9355
571 26.1259 73.8956
359 25.9479 73.8556
2 25.7686 73.8154
550 24.35 73.497
443 22.9602 73.185
524 21.6133 72.8826
537 20.6109 72.6576
329 19.525 72.4139
526 18.5208 72.1885
601 17.4474 71.9476
739 16.2895 71.6877
600 15.2262 71.449
703 13.985 71.1704
132 13.1066 70.9733
479 12.0618 70.7387
234 10.8031 70.4562
376 10.5401 70.3972
347 10.2757 70.3378
14 10.5126 70.9983
99 10.7477 71.6534
482 10.7477 71.6534
630 10.7477 71.6534
113 10.7477 71.6534
220 10.7477 71.6534
429 10.7477 71.6534
81 10.7477 71.6534
77 10.7477 71.6534
298 10.7477 71.6534
326 10.7477 71.6534
130 10.7477 71.6534
503 10.7477 71.6534
796 10.7477 71.6534
457 10.7477 71.6534
502 10.7477 71.6534
398 10.7477 71.6534
551 10.7477 71.6534
784 10.7477 71.6534
939 10.7477 71.6534
799 10.7477 71.6534
114 10.7477 71.6534
371 10.7477 71.6534
747 10.7477 71.6534
119 10.7477 71.6534
381 10.7477 71.6534
374 10.7477 71.6534
445 10.7477 71.6534
321 10.7477 71.6534
734 10.7477 71.6534
131 10.7477 71.6534
219 10.7477 71.6534
196 10.7477 71.6534
589 10.7477 71.6534
760 10.737 71.7726
338 10.7228 71.9308
607 10.7095 72.0789
639 10.6966 72.2219
255 10.6851 72.3497
500 10.6724 72.4911
946 10.6602 72.6266
272 10.6492 72.7498
924 10.637 72.8849
950 10.6237 73.0329
726 10.6111 73.1734
970 10.6 73.2974
686 10.5871 73.4411
361 10.5738 73.5883
717 10.5621 73.7195
966 10.5487 73.8678
657 10.5325 74.0489
728 10.5167 74.2245
184 10.5021 74.3866
694 10.4897 74.5245
667 10.4764 74.6734
427 10.4625 74.8275
277 10.4484 74.9846
162 10.4337 75.1483
3 10.4196 75.3046
97 10.4031 75.4883
680 10.3861 75.6776
860 10.3684 75.8755
517 10.3524 76.0527
556 10.3325 76.2741
554 10.3131 76.4902
955 10.2953 76.6886
944 10.2789 76.8712
665 10.2639 77.0387
815 10.2442 77.2572
780 10.2287 77.4294
240 10.2137 77.5974
879 10.1997 77.7524
203 10.1805 77.9668
48 10.1628 78.1639
90 10.1463 78.3474
719 10.1296 78.5333
75 10.1152 78.6931
400 10.1015 78.8456
224 10.0856 79.0232
325 10.0674 79.2254
316 10.0507 79.4112
948 10.037 79.5642
830 10.0188 79.766
304 9.99997 79.9759
890 9.99997 79.9759
207 9.99997 79.9759
969 9.94732 82.9496
991 9.93599 83.5885
346 9.92077 84.4464
433 9.89527 85.8861
988 9.83263 89.4253
17 9.86764 89.4222
462 9.89684 89.4195
213 9.92235 89.4172
547 9.97465 89.4124
300 10.0298 89.4074
31 10.0927 89.4017
628 10.1466 89.3968
546 10.2003 89.3919
570 10.2527 89.3871
401 10.3057 89.3823
426 10.3622 89.3772
444 10.4198 89.3719
803 10.4761 89.3668
892 10.5354 89.3614
364 10.591 89.3563
557 10.6503 89.3509
736 10.7028 89.3462
405 10.7581 89.3411
916 10.8222 89.3353
178 10.8731 89.3307
199 10.928 89.3257
693 10.9853 89.3205
108 11.0432 89.3152
750 11.1011 89.3099
637 11.1575 89.3048
436 11.2145 89.2996
263 11.2673 89.2948
792 11.325 89.2896
399 11.3866 89.284
585 11.4369 89.2794
447 11.4972 89.2739
153 11.5573 89.2684
982 11.618 89.2629
615 11.6726 89.2579
678 11.7268 89.253
953 11.7857 89.2477
380 11.8478 89.242
905 11.9123 89.2361
169 11.9741 89.2305
236 12.0366 89.2248
435 12.0964 89.2194
973 12.1641 89.2132
1 12.224 89.2078
711 12.2839 89.2023
247 12.3469 89.1966
446 12.4056 89.1912
106 12.4608 89.1862
39 12.5215 89.1807
568 12.5905 89.1744
827 12.6562 89.1684
825 12.7295 89.1618
759 12.7295 89.1618
868 12.8446 89.1621
360 13.2131 89.1631
695 13.5241 89.1639
13 13.8014 89.1647
227 14.0742 89.1654
442 14.3169 89.166
115 14.5629 89.1667
200 14.7866 89.1673
914 15.0388 89.1679
386 15.3475 89.1688
718 15.6399 89.1695
301 15.981 89.1705
244 16.4036 89.1716
368 16.7917 89.1726
593 17.1364 89.1736
138 17.4398 89.1744
487 17.806 89.1753
58 18.166 89.1763
288 18.5063 89.1772
712 18.8258 89.1781
699 19.149 89.1789
753 19.5291 89.1799
672 19.9145 89.181
95 20.1483 89.1816
495 20.4446 89.1824
306 20.7768 89.1833
296 21.076 89.1841
456 21.2984 89.1847
76 21.5466 89.1853
808 21.7808 89.186
631 21.7838 89.186
44 21.7866 89.186
93 21.7894 89.186
15 21.7927 89.186
933 21.7961 89.186
761 21.7997 89.186
833 21.803 89.186
885 21.8063 89.186
714 21.8096 89.186
491 21.8129 89.1861
776 21.8161 89.1861
768 21.8197 89.1861
409 21.8231 89.1861
871 21.8262 89.1861
521 21.8297 89.1861
430 21.8331 89.1861
441 21.8362 89.1861
859 21.8394 89.1861
50 21.8426 89.1861
36 21.846 89.1861
88 21.8491 89.1861
611 21.8528 89.1862
424 21.855 89.1862
418 21.8575 89.1862
183 21.8599 89.1862
697 21.8623 89.1862
431 21.8648 89.1862
167 21.8677 89.1862
610 21.8704 89.1862
96 21.8731 89.1862
249 21.8754 89.1862
651 21.8781 89.1862
150 21.8809 89.1862
141 21.8835 89.1862
120 21.8861 89.1863
795 21.8887 89.1863
786 21.8911 89.1863
73 21.8933 89.1863
608 21.8954 89.1863
560 21.8977 89.1863
918 22.8002 89.1887
469 23.6314 89.1909
490 24.4864 89.1932
253 25.3301 89.1955
886 26.1541 89.1977
696 27.7315 89.202
20 29.3297 89.2064
28 30.9309 89.2108
309 32.6369 89.2155
766 34.1096 89.2195
752 34.3393 89.2201
265 34.571 89.2207
172 34.784 89.2213
271 34.9898 89.2218
92 35.2025 89.2224
22 35.4225 89.223
470 35.6357 89.2236
448 35.8553 89.2241
613 36.0689 89.2247
974 36.2887 89.2253
807 36.5074 89.2259
53 36.7084 89.2264
231 36.9016 89.2269
256 37.1042 89.2274
548 37.3095 89.228
960 37.5099 89.2285
139 38.6271 89.2315
947 39.9617 89.2351
428 40.1081 89.2355
72 40.3297 89.2361
241 40.5627 89.2367
866 40.799 89.2374
874 41.0236 89.238
319 41.2402 89.2385
536 41.4456 89.2391
569 41.626 89.2396
449 41.8243 89.2401
165 42.0298 89.2406
416 42.2219 89.2411
707 42.4213 89.2417
406 42.6639 89.2423
541 42.875 89.2429
618 43.0639 89.2434
659 43.2182 89.2438
343 43.3789 89.2442
305 43.5415 89.2446
562 43.6976 89.2451
561 43.8492 89.2455
738 44.0001 89.2459
919 44.1696 89.2463
181 44.4113 89.2469
532 44.6778 89.2477
746 44.9072 89.2483
437 45.1102 89.2488
230 45.3274 89.2494
389 45.5783 89.25
877 45.8231 89.2507
774 46.1103 89.2515
814 46.3474 89.2521
394 46.5755 89.2527
392 46.8379 89.2534
245 47.4473 89.255
23 47.9912 89.2565
415 47.9912 89.2565
861 47.9912 89.2565
126 47.9912 89.2565
559 47.9912 89.2565
539 47.9912 89.2565
367 47.9912 89.2565
624 47.9912 89.2565
146 47.9912 89.2565
856 50.2523 88.3264
434 50.2523 88.3264
202 50.2523 88.3264
887 50.2523 88.3264
40 50.2523 88.3264
755 50.2523 88.3264
564 50.2523 88.3264
895 50.2523 88.3264
193 50.2523 88.3264
129 50.2523 88.3264
206 50.2523 88.3264
880 50.2523 88.3264
313 50.2523 88.3264
320 50.2523 88.3264
763 50.2523 88.3264
816 50.2523 88.3264
980 50.2523 88.3264
851 50.2523 88.3264
690 50.2523 88.3264
882 50.2523 88.3264
713 50.2523 88.3264
239 50.2523 88.3264
375 50.2523 88.3264
961 50.2523 88.3264
754 50.2523 88.3264
516 50.2523 88.3264
530 50.2523 88.3264
940 50.2523 88.3264
642 50.2523 88.3264
408 50.2523 88.3264
5 50.2523 88.3264
156 50.432 88.2048
140 50.6339 88.0682
952 50.8106 87.9486
118 50.9965 87.8228
335 51.1763 87.7011
62 51.3309 87.5965
567 51.5149 87.472
259 51.6598 87.3739
563 51.8043 87.2762
177 51.9509 87.1769
584 52.082 87.0883
94 52.2337 86.9856
317 52.6401 87.2619
395 53.0012 87.5073
511 53.303 87.7124
344 53.5974 87.9125
105 53.5974 87.9125
18 56.1422 87.9603
896 56.6514 87.9698
369 57.2079 87.9803
12 57.7579 87.9906
179 58.3098 88.001
911 58.9656 88.0133
280 59.6641 88.0264
297 60.572 88.0434
992 61.3382 88.0578
817 62.1219 88.0725
937 62.8705 88.0866
854 63.4742 88.0979
353 63.8259 88.1045
813 64.146 88.1106
845 64.428 88.1159
464 64.7069 88.1211
52 65.0064 88.1267
544 65.3082 88.1324
145 65.6022 88.1379
318 65.8955 88.1434
158 66.1701 88.1486
620 66.4216 88.1533
823 66.6747 88.1581
984 66.9148 88.1626
273 67.1767 88.1675
737 67.4358 88.1724
185 68.022 88.1834
42 68.7829 88.1976
465 69.5829 88.2127
477 70.3596 88.2273
149 71.3382 88.2456
494 72.45 88.2665
893 73.4091 88.2845
159 74.116 88.2978
251 74.7912 88.3104
135 75.6662 88.3269
580 75.982 88.3328
864 76.3901 88.3405
285 76.8169 88.3485
622 77.2953 88.3575
666 78.2515 88.3754
983 79.3378 88.3958
820 80.0438 88.409
928 80.7618 88.4225
322 81.6613 87.0457
742 82.6088 85.5955
740 83.6713 83.9694
889 84.6846 82.4184
372 86.3755 79.8306
204 86.363 79.6551
311 86.3523 79.5039
648 86.3423 79.364
725 86.3324 79.225
685 86.321 79.0636
660 86.3076 78.8752
473 86.2962 78.7147
417 86.2797 78.4826
332 86.2624 78.2382
450 86.2479 78.0354
25 86.2339 77.8383
497 85.206 63.3621
852 85.0369 63.2321
136 84.9137 63.1373
107 84.8198 63.0652
170 84.7203 62.9886
884 84.6176 62.9097
684 84.5176 62.8328
977 84.4146 62.7535
838 84.3105 62.6735
201 84.215 62.6001
242 84.1193 62.5265
951 84.0244 62.4535
506 82.21 62.8913
385 79.4443 63.5586
102 77.0427 64.1381
198 77.0427 64.1381
583 76.3429 64.5775
942 75.537 65.0835
962 75.1472 65.3283
528 74.8037 65.544
383 72.7607 66.8268
481 69.3747 68.953
975 69.0731 69.1424
290 68.7373 69.3533
420 68.424 69.55
460 68.0177 69.8052
832 67.6913 70.0101
654 67.4704 70.1488
727 67.2421 70.2922
173 67.014 70.4354
650 66.7974 70.5714
867 66.5547 70.7238
68 66.3015 70.8828
340 66.026 71.0558
931 65.7475 71.2307
208 65.7475 71.2307
83 65.7475 71.2307
775 65.7475 71.2307
744 65.6463 71.2258
818 65.5476 71.2211
51 65.2108 71.205
509 64.8711 71.1888
801 64.5577 71.1738
904 64.2755 71.1603
900 63.9997 71.1471
152 63.688 71.1322
71 63.3333 71.1152
579 62.9092 71.0949
837 62.118 71.0572
378 61.0975 71.0085
855 59.9738 70.9549
67 59.5523 70.9347
575 59.0972 70.913
229 56.766 70.7539
109 53.9604 70.5625
636 51.2019 70.3743
350 51.0999 70.3674
632 51.0116 70.3614
986 50.9209 70.3552
671 50.8308 70.349
484 50.7334 70.3424
964 50.6412 70.3361
82 50.5356 70.3289
513 50.5051 70.2859
782 50.4748 70.2432
826 50.4442 70.2001
582 50.411 70.1534
294 50.3786 70.1077
791 49.893 69.4237
235 49.4718 68.8304
404 49.0612 68.252
291 48.9034 68.0297
724 48.9034 68.0297
175 48.909 68.0246
743 48.915 68.0191
804 48.9202 68.0144
798 48.9257 68.0093
894 48.9307 68.0048
91 48.936 67.9999
976 48.941 67.9954
453 48.9467 67.9901
216 48.9521 67.9852
968 48.9572 67.9805
779 48.9619 67.9762
732 48.9667 67.9718
683 48.9717 67.9673
248 48.9767 67.9627
80 48.9811 67.9587
558 48.9858 67.9544
264 48.9902 67.9503
715 48.9946 67.9463
765 48.9994 67.9419
621 49.2533 67.7096
468 49.4421 67.5369
605 49.627 67.3677
440 49.8146 67.1961
625 49.9908 67.0349
762 50.1524 66.887
793 50.3125 66.7405
498 50.4569 66.6084
577 50.5985 66.4789
161 50.7296 66.3589
810 50.8655 66.2345
907 50.9888 66.1218
802 51.032 66.0823
315 51.0871 66.0318
800 51.1431 65.9805
617 51.203 65.9258
769 51.2604 65.8733
847 51.3224 65.8165
987 51.4072 65.6117
9 51.4968 65.3957
112 51.5988 65.1493
921 51.7021 64.9001
668 51.8587 64.5221
857 51.9984 64.1849
286 52.1887 63.7256
35 52.3425 63.3543
393 52.4766 63.0305
84 52.5987 62.7359
432 52.7231 62.4356
515 54.1845 58.9083
906 56.7845 52.6328
519 56.9062 52.6569
357 57.0333 52.6821
485 57.1492 52.705
188 57.249 52.7248
597 57.3477 52.7443
923 57.6329 52.8008
282 57.9492 52.8634
217 58.2634 52.9255
875 58.5923 52.9907
101 58.9487 53.0612
186 59.811 53.2319
85 60.7836 53.4243
396 61.8124 53.6279
623 62.8934 53.8419
293 64.2347 54.1073
238 65.6614 54.3896
920 67.7531 54.8034
647 67.7531 54.8034
110 67.7531 54.8034
595 67.9311 54.4686
842 68.1659 54.0269
656 68.3623 53.6574
538 68.5618 53.2821
334 68.8013 52.8315
195 69.071 52.3241
70 69.2426 52.0014
478 69.4135 51.6799
190 69.665 51.2067
941 69.94 50.6894
932 70.2571 50.0929
606 70.5395 49.5615
967 70.806 49.0603
274 71.087 48.5317
425 71.1753 48.3655
117 71.2632 48.2002
670 71.3691 48.0009
29 71.469 47.813
553 71.5569 47.6477
387 71.6505 47.4716
850 71.7477 47.2887
609 71.862 47.0738
232 71.9592 46.8908
926 72.0521 46.716
745 72.1593 46.5144
143 72.2444 46.3543
767 72.3337 46.1863
644 72.7615 45.3815
675 73.3758 44.2259
323 74.2918 42.5028
592 75.2237 40.7496
466 76.3988 38.539
33 78.1834 35.1818
520 79.0366 33.5767
590 79.7804 32.1775
835 80.414 30.9856
98 83.1993 25.7456
483 86.1475 17.4778
243 86.024 17.5284
260 85.8849 17.5855
627 85.4039 17.7829
345 84.6072 18.1097
979 83.3241 18.6362
