0,260,979,483,243,627,345,98,520,835,590,33,357,767,926,274,609,195,70,745,232,670,592,29,850,323,583,932,466,553,606,920,425,656,675,387,967,102,143,485,942,334,941,907,35,644,623,478,393,855,117,842,190,964,843,538,945,286,396,262,577,923,810,519,186,85,791,793,498,101,282,798,216,595,492,769,676,617,968,188,293,621,161,440,281,668,513,235,453,762,625,857,84,134,94,315,484,597,715,802,468,91,647,291,743,910,558,523,404,683,732,779,894,804,765,175,576,144,563,832,605,632,540,294,9,208,921,432,987,509,986,782,460,671,816,18,248,317,395,350,477,567,297,465,369,280,229,290,800,110,582,650,931,420,68,744,847,975,152,71,579,109,775,83,340,801,238,818,962,378,900,481,837,904,654,727,173,112,867,51,852,515,201,67,951,385,684,977,332,497,838,506,242,528,107,170,383,884,198,136,372,473,417,660,685,725,648,311,204,450,25,928,322,742,740,889,820,666,983,854,285,135,353,251,580,494,864,159,893,620,318,145,544,52,464,845,813,158,149,622,575,185,817,984,823,42,937,273,992,344,118,952,140,156,62,12,911,564,259,895,618,737,980,319,320,335,584,856,40,690,206,947,105,880,313,239,763,896,774,961,177,511,624,367,887,434,826,866,202,562,449,415,861,126,559,539,165,851,82,193,636,408,375,713,536,23,129,5,738,392,416,814,245,181,766,746,437,230,389,877,874,755,754,516,530,940,642,882,649,406,541,179,561,532,659,343,305,613,808,271,241,919,296,752,146,22,960,72,139,76,428,807,470,974,215,638,292,872,569,270,394,309,172,92,448,707,548,256,265,53,859,611,441,150,651,249,418,610,167,431,28,36,50,20,73,360,695,886,430,231,183,697,424,490,469,918,96,786,253,120,795,141,696,521,227,115,757,399,60,550,933,973,456,487,58,288,712,699,368,672,495,306,593,768,409,871,44,776,15,833,885,714,491,761,631,213,199,88,982,304,386,301,39,153,547,436,637,693,916,462,17,750,780,560,93,615,914,759,106,263,792,1,380,718,678,442,236,568,905,200,447,435,953,138,13,753,405,300,585,827,711,446,247,108,868,988,244,944,203,95,75,736,557,364,892,803,444,426,401,570,546,628,969,169,90,554,316,298,815,719,325,266,114,799,131,14,772,196,132,500,728,433,162,400,665,667,277,890,427,948,272,339,726,607,3,955,184,178,830,77,240,346,991,48,556,224,361,376,879,326,97,347,234,860,760,630,717,517,338,429,524,694,31,255,130,503,796,457,502,398,551,784,924,970,686,939,207,966,479,739,482,219,371,526,600,589,927,275,99,946,703,192,81,825,680,950,445,657,734,321,639,374,381,119,747,329,601,981,454,578,308,846,965,79,971,411,788,333,168,587,701,789,635,608,113,220,571,124,552,349,2,888,658,689,252,574,359,223,327,604,662,501,443,390,773,724,840,365,226,16,614,189,537,41,21,171,954,163,806,730,878,976,56,80,809,410,459,912,267,640,30,545,225,54,591,471,264,756,596,89,645,533,535,237,929,705,897,901,137,733,729,599,233,720,903,688,957,922,104,839,493,633,908,938,403,797,37,956,174,476,510,59,422,723,391,778,302,324,496,38,414,34,475,655,279,507,451,735,382,397,78,438,531,142,182,157,758,214,212,222,352,805,652,128,849,663,505,534,116,770,616,749,527,336,949,542,489,841,708,925,166,565,771,972,57,122,341,764,691,731,463,863,909,218,303,858,677,373,100,936,154,47,312,698,990,499,87,384,328,612,133,123,829,985,148,86,10,514,65,125,710,943,958,46,268,283,836,4,700,423,299,330,228,32,602,366,898,641,455,794,74,348,812,402,362,682,963,741,412,572,488,646,331,474,722,629,588,61,673,8,211,674,881,187,258,661,221,64,307,902,254,284,669,354,246,439,787,899,709,278,702,915,643,822,467,407,518,573,379,160,26,824,261,111,883,287,351,934,337,310,653,363,704,626,486,205,121,529,413,853,869,388,706,7,876,862,687,811,834,790,549,664,151,508,11,155,917,679,342,891,543,989,848,913,269,525,603,461,566,127,49,748,194,180,692,472,356,480,512,522,452,210,69,370,870,147,257,619,783,276,191,43,586,930,250,66,377,458,19,865,935,421,314,164,209,594,781,358,289,197,844,6,555,716,63,906,828,634,355,751,55,681,873,27,785,978,217,875,45,831,821,419,777,504,176,581,819,24,295,598,959,721,103,
value : 434.605 running time : 500.443599
0 80 20
260 85.8604 17.6031
979 86.0065 17.5434
483 86.1533 17.4833
243 85.938 18.0917
627 85.5526 19.1806
345 84.7682 21.397
98 83.3319 25.4556
520 80.8509 29.5553
835 79.3246 32.0773
590 78.4722 33.4856
33 77.0106 35.9005
357 72.8766 42.7347
767 71.2848 45.3648
926 71.2183 45.4747
274 71.16 45.571
609 71.0901 45.6864
195 71.0165 45.808
70 70.9408 45.9331
745 70.8788 46.0355
232 70.8071 46.1539
670 70.7362 46.2711
592 70.6667 46.386
29 70.5932 46.5073
850 70.5136 46.6389
323 70.4461 46.7504
583 70.3705 46.8753
932 70.3039 46.9853
466 70.2375 47.095
553 70.1617 47.2201
606 70.0908 47.3373
920 70.0211 47.4524
425 69.9468 47.5753
656 69.8677 47.7058
675 69.8037 47.8116
387 69.734 47.9268
967 69.3447 48.5131
102 68.9608 49.0911
143 68.5792 49.6658
485 68.1993 50.2378
942 67.8247 50.8019
334 67.4586 51.3532
941 65.8133 52.3453
907 63.7183 53.6085
35 62.4561 54.3696
644 61.6171 54.8754
623 60.3877 55.6167
478 59.2369 56.3105
393 57.7512 57.2063
855 56.409 58.0156
117 56.3461 58.0535
842 56.2705 58.0992
190 56.1165 58.192
964 55.9377 58.2998
843 55.785 58.3919
538 55.6363 58.4816
945 55.4782 58.5769
286 55.4161 58.6616
396 55.3576 58.7414
262 55.2958 58.8257
577 55.2292 58.9165
923 55.1663 59.0024
810 55.105 59.0859
519 55.0472 59.1649
186 54.9842 59.2508
85 54.9203 59.3379
791 54.8508 59.4328
793 54.7892 59.5168
498 54.7254 59.6037
101 54.6613 59.6912
282 54.5955 59.7809
798 54.5318 59.8678
216 54.4699 59.9523
595 54.4129 60.03
492 54.351 60.1145
769 52.6808 62.3927
676 52.5767 62.5346
617 52.4813 62.6647
968 52.389 62.7906
188 52.3032 62.9076
293 52.2053 63.0413
621 52.0921 63.1957
161 51.9844 63.3425
440 51.8772 63.4888
281 51.7671 63.639
668 51.6553 63.7914
513 51.5289 63.9639
235 51.4457 64.0773
453 51.366 64.186
762 51.2885 64.2918
625 51.2041 64.4069
857 51.1047 64.5425
84 51.021 64.6567
134 50.9241 64.7888
94 50.8407 64.9026
315 50.7634 65.008
484 50.7046 65.0882
597 50.6502 65.1625
715 50.5821 65.2554
802 50.5225 65.3366
468 50.4907 65.3801
91 50.4539 65.4302
647 50.4216 65.4743
291 49.09 67.2904
743 49.09 67.2904
910 49.09 67.2904
558 49.09 67.2904
523 49.09 67.2904
404 49.09 67.2904
683 49.1065 67.3213
732 49.1234 67.3526
779 49.1421 67.3875
894 49.1599 67.4206
804 49.1756 67.4498
765 49.1922 67.4808
175 49.3186 67.7161
576 49.5071 68.0673
144 49.9205 68.8369
563 50.3237 69.5876
832 50.674 70.24
605 50.9248 70.7069
632 51.1718 71.167
540 51.4136 71.6173
294 51.6852 72.1231
9 51.8911 72.5066
208 52.0911 72.8791
921 52.3001 73.2684
432 52.5018 73.644
987 52.702 74.0168
509 52.8989 74.3836
986 53.0865 74.7329
782 53.2828 75.0987
460 53.4749 75.4564
671 53.6641 75.8086
816 53.8529 76.1602
18 53.8529 76.1602
248 53.8529 76.1602
317 53.8529 76.1602
395 53.8529 76.1602
350 53.8529 76.1602
477 59.9975 77.7636
567 60.25 77.4947
297 60.6217 77.0988
465 60.9878 76.7091
369 61.3121 76.3636
280 61.6983 75.9524
229 62.2805 75.3324
290 62.9801 74.5874
800 63.5361 73.9953
110 64.3551 73.1232
582 64.5567 72.9085
650 64.8734 72.5712
931 65.1122 72.3169
420 65.5572 71.843
68 65.5572 71.843
744 65.5572 71.843
847 65.5572 71.843
975 65.5572 71.843
152 65.5572 71.843
71 65.5572 71.843
579 65.5572 71.843
109 65.5572 71.843
775 65.6803 71.7833
83 65.7948 71.7276
340 65.9019 71.6756
801 66.0085 71.6239
238 66.1365 71.5617
818 66.2648 71.4994
962 66.3795 71.4437
378 66.4846 71.3926
900 66.6148 71.3294
481 66.7259 71.2755
837 66.843 71.2186
904 66.953 71.1652
654 67.0685 71.1091
727 67.1823 71.0538
173 67.2939 70.9997
112 67.407 70.9447
867 67.874 70.7179
51 68.31 70.5062
852 68.7693 70.2831
515 69.1372 70.1044
201 72.3236 68.557
67 74.2641 67.6146
951 84.6542 62.5699
385 84.7187 62.6316
684 84.7745 62.6851
977 84.8323 62.7405
332 84.8939 62.7995
497 84.9463 62.8497
838 84.9513 62.9096
506 84.957 62.9781
242 84.9627 63.0461
528 84.9693 63.1242
107 84.974 63.1806
170 84.9793 63.2442
383 84.9852 63.3136
884 84.9901 63.3729
198 84.9957 63.4389
136 85.002 63.514
372 86.3711 79.8473
473 86.1808 80.1323
417 86.017 80.3777
660 85.8889 80.5695
685 85.7287 80.8095
725 85.567 81.0517
648 85.4303 81.2564
311 85.3038 81.4459
204 85.1578 81.6645
450 85.004 81.8948
25 84.1843 83.1225
928 80.5805 88.5204
322 80.3488 88.5263
742 80.1028 88.5325
740 79.8856 88.538
889 79.6807 88.5432
820 79.2066 88.5551
666 78.7196 88.5674
983 78.2896 88.5783
854 77.5263 88.5975
285 76.8489 88.6146
135 76.304 88.6284
353 75.6091 88.6459
251 74.9901 88.6615
580 74.4804 88.6744
494 73.9857 88.6868
864 73.4667 88.6999
159 72.9334 88.7133
893 72.3594 88.7278
620 71.5267 88.7488
318 70.8961 88.7647
145 70.2792 88.7803
544 69.6837 88.7953
52 69.107 88.8099
464 68.5627 88.8236
845 68.0714 88.836
813 67.5796 88.8484
158 67.0357 88.8621
149 66.4459 88.8769
622 65.79 88.8935
575 65.1135 88.9106
185 64.5697 88.9243
817 64.0701 88.9369
984 63.5555 88.9498
823 63.0669 88.9621
42 62.5276 88.9757
937 61.9788 88.9896
273 60.6859 89.0222
992 59.231 89.0589
344 57.5247 89.102
118 56.7711 89.121
952 56.0102 89.1402
140 55.2939 89.1583
156 54.6073 89.1756
62 54.0572 89.1895
12 53.53 89.2028
911 52.9555 89.2172
564 52.2226 89.2357
259 52.1503 89.2376
895 52.0723 89.2395
618 52.0031 89.2413
737 51.9316 89.2431
980 51.8498 89.2452
319 51.7622 89.2474
320 51.6873 89.2493
335 51.6179 89.251
584 51.5496 89.2527
856 51.4723 89.2547
40 51.3871 89.2568
690 51.3036 89.259
206 51.2118 89.2613
947 51.1348 89.2632
105 51.0566 89.2652
880 50.9807 89.2671
313 50.9035 89.2691
239 50.8181 89.2712
763 50.74 89.2732
896 50.6711 89.275
774 50.5952 89.2769
961 50.5197 89.2788
177 50.4496 89.2805
511 50.3447 89.2832
624 50.2447 89.2857
367 50.1441 89.2883
887 50.0408 89.2909
434 49.9346 89.2936
826 49.8206 89.2964
866 49.7164 89.2991
202 49.6213 89.3015
562 49.5046 89.3044
449 49.402 89.307
415 49.3105 89.3093
861 49.2107 89.3118
126 49.1079 89.3144
559 49.0076 89.317
539 48.9054 89.3196
165 48.8125 89.3219
851 48.7207 89.3242
82 48.6151 89.3269
193 48.5176 89.3294
636 48.4258 89.3317
408 48.3336 89.334
375 48.2376 89.3364
713 48.143 89.3388
536 48.0492 89.3412
23 47.9544 89.3436
129 47.3749 89.3582
5 46.886 89.3706
738 46.367 89.3837
392 46.367 89.3837
416 46.367 89.3837
814 46.367 89.3837
245 46.367 89.3837
181 46.367 89.3837
766 46.367 89.3837
746 46.367 89.3837
437 46.367 89.3837
230 46.367 89.3837
389 46.367 89.3837
877 46.367 89.3837
874 46.367 89.3837
755 46.367 89.3837
754 46.367 89.3837
516 46.367 89.3837
530 46.367 89.3837
940 46.367 89.3837
642 46.367 89.3837
882 46.367 89.3837
649 45.8254 89.3837
406 45.3156 89.384
541 44.8006 89.3842
179 44.2896 89.3843
561 43.7783 89.3844
532 43.1962 89.3846
659 42.6252 89.3847
343 42.0354 89.3848
305 41.4627 89.3848
613 40.9633 89.3848
808 40.4382 89.3848
271 39.9173 89.385
241 39.4 89.3852
919 38.9071 89.3853
296 38.4107 89.3855
752 38.2009 89.3856
146 38.0002 89.3857
22 37.7982 89.3859
960 37.5943 89.386
72 37.4414 89.3861
139 37.2867 89.3862
76 37.1353 89.3863
428 36.998 89.3864
807 36.8641 89.3865
470 36.7198 89.3866
974 36.5802 89.3867
215 36.4461 89.3868
638 36.3039 89.3869
292 36.1655 89.387
872 36.0231 89.3871
569 36.0229 89.3871
270 36.0227 89.3871
394 35.6789 89.3945
309 35.3292 89.4019
172 34.9627 89.4098
92 34.5933 89.4177
448 34.2377 89.4253
707 33.8676 89.4332
548 33.4963 89.4411
256 33.1157 89.4492
265 32.7399 89.4572
53 32.101 89.4709
859 31.2988 89.4878
611 30.5126 89.5046
441 29.8433 89.5188
150 29.5018 89.5261
651 29.144 89.5337
249 28.8106 89.5409
418 28.5039 89.5474
610 28.1958 89.554
167 27.8967 89.5604
431 27.5802 89.5672
28 27.4193 89.5706
36 27.2529 89.5742
50 27.086 89.5778
20 26.9304 89.5811
73 26.7684 89.5846
360 26.593 89.5883
695 26.4352 89.5917
886 26.2873 89.5949
430 26.1646 89.5975
231 26.0422 89.6001
183 25.8973 89.6032
697 25.7678 89.606
424 25.6344 89.6088
490 25.5055 89.6116
469 25.3744 89.6144
918 25.2583 89.6169
96 25.1334 89.6196
786 25.0038 89.6224
253 24.8723 89.6252
120 24.7404 89.628
795 24.607 89.6309
141 24.4645 89.6339
696 24.3084 89.6372
521 24.1555 89.6405
227 24.005 89.6437
115 23.8702 89.6466
757 23.7477 89.6492
399 23.6102 89.6522
60 23.6001 89.6524
550 22.7114 89.6713
933 21.8092 89.6905
973 20.9369 89.709
456 20.1904 89.7249
487 19.4003 89.7418
58 19.4003 89.7418
288 19.4003 89.7418
712 19.4003 89.7418
699 19.4003 89.7418
368 19.4003 89.7418
672 19.4003 89.7418
495 19.4003 89.7418
306 19.4003 89.7418
593 19.4003 89.7418
768 19.4003 89.7418
409 19.4003 89.7418
871 19.4003 89.7418
44 19.4003 89.7418
776 19.4003 89.7418
15 19.4003 89.7418
833 19.4003 89.7418
885 19.4002 89.7418
714 19.4002 89.7418
491 19.4002 89.7418
761 19.4002 89.7418
631 19.4002 89.7418
213 10.5611 90.1139
199 10.5603 90.114
88 10.5595 90.114
982 10.5586 90.114
304 10.5576 90.1141
386 10.5568 90.1141
301 10.5558 90.1142
39 10.5549 90.1142
153 10.5541 90.1142
547 10.5532 90.1143
436 10.5524 90.1143
637 10.5516 90.1143
693 10.5508 90.1144
916 10.55 90.1144
462 10.5492 90.1144
17 10.5483 90.1145
750 10.5474 90.1145
780 10.5466 90.1146
560 10.5458 90.1146
93 10.5449 90.1146
615 10.5438 90.1147
914 10.5429 90.1147
759 10.5419 90.1148
106 10.541 90.1148
263 10.5402 90.1148
792 10.5393 90.1149
1 10.5385 90.1149
380 10.5376 90.1149
718 10.5368 90.115
678 10.5359 90.115
442 10.5352 90.1151
236 10.5343 90.1151
568 10.5334 90.1151
905 10.5325 90.1152
200 10.5316 90.1152
447 10.5307 90.1152
435 10.5299 90.1153
953 10.529 90.1153
138 10.5282 90.1154
13 10.5274 90.1154
753 10.5265 90.1154
405 10.5255 90.1155
300 10.5245 90.1155
585 10.5236 90.1156
827 10.5228 90.1156
711 10.522 90.1156
446 10.5212 90.1157
247 10.5204 90.1157
108 10.5194 90.1157
868 10.5185 90.1158
988 10.5176 90.1158
244 10.6559 89.0661
944 10.8 87.9713
203 10.8455 87.625
95 10.8898 87.2876
75 10.9344 86.9479
736 10.9746 86.6418
557 11.0148 86.3358
364 11.0558 86.0236
892 11.0972 85.7083
803 11.1387 85.3928
444 11.1808 85.0715
426 11.2232 84.7491
401 11.2651 84.4298
570 11.3078 84.1053
546 11.35 83.7839
628 11.3923 83.4617
969 11.4353 83.1342
169 11.5282 82.4271
90 11.625 81.6912
554 11.7283 80.9054
316 11.8404 80.0522
298 11.9543 79.1867
815 12.0632 78.3579
719 12.1789 77.4777
325 12.3631 76.0799
266 12.5146 74.9314
114 12.0314 73.8939
799 11.6759 73.1303
131 11.4643 72.6757
14 11.2776 72.2747
772 11.1133 71.9218
196 11.0892 71.8702
132 11.0892 71.8702
500 11.0892 71.8702
728 11.0892 71.8702
433 11.0892 71.8702
162 11.0892 71.8702
400 11.0892 71.8702
665 11.0892 71.8702
667 11.0892 71.8702
277 11.0892 71.8702
890 11.0892 71.8702
427 11.0892 71.8702
948 11.0892 71.8702
272 11.0892 71.8702
339 11.0892 71.8702
726 11.0892 71.8702
607 11.0892 71.8702
3 11.0892 71.8702
955 11.0892 71.8702
184 11.0892 71.8702
178 11.0892 71.8702
830 11.0892 71.8702
77 11.0541 71.7408
240 11.0264 71.639
346 10.9911 71.5093
991 10.9558 71.3794
48 10.9215 71.2533
556 10.8775 71.0912
224 10.8337 70.9302
361 10.7925 70.7785
376 10.7466 70.6099
879 10.7068 70.4634
326 10.669 70.3243
97 10.6231 70.1555
347 10.5765 69.9838
234 10.615 69.9863
860 10.6581 69.989
760 10.6979 69.9916
630 10.7397 69.9943
717 10.7753 69.9966
517 10.8151 69.9991
338 10.8609 70.0021
429 10.9063 70.005
524 10.9457 70.0076
694 10.9802 70.0098
31 11.0227 70.0125
255 11.0615 70.015
130 11.109 70.0181
503 11.1508 70.0208
796 11.1935 70.0235
457 11.2323 70.026
502 11.2748 70.0288
398 11.3161 70.0314
551 11.3553 70.0339
784 11.3919 70.0363
924 11.4351 70.0391
970 11.4696 70.0413
686 11.5038 70.0435
939 11.5403 70.0459
207 11.5877 70.0489
966 11.6505 70.053
479 11.7285 70.058
739 11.7894 70.0619
482 11.8488 70.0657
219 11.9054 70.0694
371 11.9662 70.0733
526 12.0464 70.0785
600 12.1084 70.0825
589 12.1616 70.0859
927 12.2283 70.0902
275 12.2785 70.0934
99 12.3268 70.0965
946 12.3708 70.0994
703 12.41 70.1019
192 12.456 70.1049
81 12.5058 70.1081
825 12.5546 70.1112
680 12.6003 70.1142
950 12.6472 70.1172
445 12.6842 70.1196
657 12.7281 70.1224
734 12.7723 70.1253
321 12.8208 70.1284
639 12.8658 70.1313
374 12.9137 70.1344
381 12.9581 70.1372
119 13.733 70.1872
747 14.5364 70.239
329 16.2138 70.3468
601 17.7869 70.4481
981 19.2366 70.5414
454 21.737 71.1201
578 22.8596 71.3799
308 23.833 71.6052
846 23.9607 71.6348
965 24.1013 71.6673
79 24.2363 71.6986
971 24.4298 71.7434
411 24.6204 71.7875
788 24.8389 71.8381
333 25.0311 71.8826
168 25.2203 71.9263
587 25.4322 71.9754
701 25.6304 72.0213
789 25.8489 72.0719
635 26.0548 72.1195
608 26.2601 72.167
113 26.4675 72.215
220 26.714 72.2721
571 26.9836 72.3345
124 27.2279 72.391
552 27.4414 72.4405
349 27.6872 72.4974
2 27.9466 72.5574
888 28.0825 72.5889
658 28.231 72.6232
689 28.3974 72.6617
252 28.5504 72.6972
574 28.6846 72.7282
359 28.8279 72.7614
223 28.9704 72.7944
327 29.1004 72.8245
604 29.2508 72.8593
662 29.4022 72.8943
501 29.534 72.9248
443 29.6708 72.9565
390 29.8312 72.9936
773 30.0017 73.0331
724 30.0017 73.0331
840 30.0017 73.0331
365 30.0387 72.8151
226 30.0668 72.6497
16 30.0957 72.4798
614 30.1265 72.2988
189 30.1581 72.1123
537 30.1929 71.908
41 30.2274 71.7047
21 30.2808 71.3903
171 30.3278 71.1134
954 30.3698 70.8663
163 30.4189 70.5775
806 30.4605 70.3324
730 30.5203 69.9805
878 30.5822 69.6162
976 30.6419 69.2651
56 30.8066 68.2955
80 30.9521 67.4392
809 31.1295 66.3948
410 31.2365 65.7651
459 31.2864 65.4716
912 31.3354 65.183
267 31.3822 64.9078
640 31.4283 64.6362
30 31.4751 64.3609
545 31.5187 64.104
225 31.5554 63.8881
54 31.6129 63.5498
591 31.6674 63.2287
471 31.7323 62.8471
264 31.7777 62.5797
756 31.1387 61.7721
596 30.5509 61.0293
89 29.8899 60.194
645 29.2363 59.368
533 28.5502 58.5008
535 27.2356 56.8392
237 27.2032 56.7984
929 27.169 56.7551
705 27.1327 56.7093
897 27.0991 56.6667
901 27.066 56.6249
137 27.033 56.5832
733 26.9966 56.5372
729 26.9602 56.4912
599 26.925 56.4467
233 26.8879 56.3999
720 26.8554 56.3587
903 26.8205 56.3147
688 26.7825 56.2666
957 26.7494 56.2247
922 26.7155 56.1819
104 26.6808 56.138
839 26.4621 55.8616
493 26.2327 55.5718
633 25.9788 55.2508
908 25.7375 54.9458
938 25.5144 54.6639
403 25.2893 54.3794
797 25.0846 54.1208
37 24.8989 53.8861
956 24.7365 53.6808
174 24.5627 53.4612
476 24.4004 53.2561
510 24.3656 53.2121
59 24.3259 53.1619
422 24.282 53.1064
723 24.2359 53.0481
391 24.1961 52.9978
778 24.1578 52.9494
302 24.1152 52.8956
324 24.073 52.8423
496 24.0265 52.7835
38 23.9853 52.7314
414 23.9441 52.6793
34 23.4834 52.6371
475 23.0106 52.5937
655 22.5424 52.5508
279 22.099 52.5101
507 21.6957 52.4731
451 21.2553 52.4327
735 20.8103 52.3919
382 20.3387 52.3487
397 19.7239 52.2923
78 18.9065 52.2174
438 18.116 52.1449
531 11.5776 51.5469
142 11.5776 51.5469
182 11.5776 51.5469
157 11.5776 51.5469
758 11.5776 51.5469
214 11.5776 51.5469
212 11.5776 51.5469
222 11.5776 51.5469
352 11.5776 51.5469
805 11.5776 51.5469
652 11.5776 51.5469
128 11.5776 51.5469
849 11.5776 51.5469
663 11.5776 51.5469
505 11.5776 51.5469
534 11.5776 51.5469
116 11.5776 51.5469
770 11.5776 51.5469
616 11.5776 51.5469
749 11.5776 51.5469
527 11.5776 51.5469
336 11.5776 51.5469
949 11.5776 51.5469
542 11.5776 51.5469
489 11.5776 51.5469
841 11.5776 51.5469
708 11.5776 51.5469
925 11.5776 51.5469
166 11.5776 51.5469
565 11.5776 51.5469
771 11.5776 51.5469
972 11.5776 51.5469
57 11.5776 51.5469
122 11.5776 51.5469
341 11.5854 51.1759
764 11.5929 50.8122
691 11.6015 50.3971
731 11.6109 49.95
463 11.6198 49.5202
863 11.6286 49.0945
909 11.6371 48.6871
218 11.6456 48.2783
303 11.6545 47.8517
858 11.6635 47.4153
677 11.6731 46.9563
373 11.6841 46.4274
100 11.6954 45.8854
936 11.707 45.3252
154 11.7191 44.7468
47 11.7315 44.1473
312 11.7456 43.4724
698 11.7601 42.7778
990 11.7785 41.9004
499 11.7976 40.9837
87 11.8186 39.9834
384 11.8403 38.9495
328 11.8615 37.9366
612 11.9158 35.3588
133 11.9162 35.2428
123 11.9166 35.1382
829 11.917 35.0166
985 11.9173 34.9056
148 11.9177 34.7973
86 11.9181 34.6758
10 11.9185 34.5642
514 11.9189 34.4459
65 11.9192 34.336
125 11.9196 34.2247
710 11.92 34.1085
943 11.9204 34.0022
958 11.9207 33.906
46 11.921 33.7992
268 11.9214 33.6777
283 11.9218 33.5718
836 11.9222 33.4533
4 11.9225 33.3472
700 11.9229 33.2511
423 11.9232 33.1485
299 11.9236 33.0339
330 11.9239 32.9384
228 11.9261 32.2921
32 11.9295 31.2606
602 11.9385 28.4064
366 11.9459 26.118
898 11.946 26.0951
641 11.9491 25.1589
455 11.9522 24.2378
794 11.9552 23.3323
74 11.9603 21.8015
348 11.9717 18.3183
812 11.9809 15.5173
402 11.9809 15.5173
362 11.9809 15.5173
682 11.9809 15.5173
963 11.9809 15.5173
741 11.9809 15.5173
412 11.9809 15.5173
572 11.9809 15.5173
488 11.9809 15.5173
646 11.9809 15.5173
331 11.9809 15.5173
474 11.9809 15.5173
722 11.9809 15.5173
629 11.9809 15.5173
588 11.9809 15.5173
61 11.9809 15.5173
673 11.9809 15.5173
8 11.9809 15.5173
211 11.9809 15.5173
674 11.9809 15.5173
881 11.9809 15.5173
187 11.9809 15.5173
258 11.9809 15.5173
661 16.597 16.4821
221 21.5356 17.5142
64 22.2742 17.6688
307 23.0037 17.8215
902 23.6924 17.9656
254 24.3679 18.107
284 25.0397 18.2477
669 25.7094 18.3878
354 26.3928 18.5309
246 27.0528 18.669
439 27.7269 18.8101
787 28.4083 18.9528
899 29.0805 19.0934
709 29.8438 19.2532
278 30.6344 19.4187
702 31.0535 19.2905
915 31.5389 19.142
643 32.2607 18.9212
822 33.2467 18.6196
467 34.2239 18.3206
407 35.4032 17.292
518 36.559 16.2838
573 36.4215 17.177
379 36.2827 18.0788
160 36.1797 18.7475
26 36.1242 19.1077
824 36.0669 19.4796
261 36.0235 19.7613
111 35.9812 20.0354
883 35.9393 20.3076
287 35.898 20.5755
351 35.8491 20.8928
934 35.7758 21.3687
337 35.7055 21.8252
310 35.6339 22.2901
653 35.5584 22.7802
363 35.4659 23.3806
704 35.2541 24.7562
626 34.9369 26.819
486 34.5942 29.0488
205 34.3159 30.8579
121 34.3159 30.8579
529 35.3192 34.2165
413 36.2795 37.4313
853 36.3193 37.5645
869 36.3599 37.7004
388 36.4083 37.8624
706 36.4545 38.0169
7 36.498 38.1627
876 36.544 38.3164
862 36.5833 38.4482
687 36.6208 38.5738
811 36.6581 38.6985
834 36.6959 38.8252
790 36.7405 38.9744
549 36.7807 39.109
664 36.9029 39.5178
151 37.0265 39.9319
508 37.1568 40.368
11 37.2706 40.749
155 37.3894 41.1464
917 37.5004 41.5179
679 37.614 41.8985
342 37.747 42.3434
891 37.8511 42.6919
543 37.8511 42.6919
989 37.8667 42.7012
848 37.8818 42.7102
913 37.8944 42.7176
269 37.9084 42.7259
525 37.9224 42.7342
603 37.9382 42.7436
461 38.03 42.7981
566 38.1113 42.8464
127 38.2001 42.8991
49 38.2775 42.9451
748 38.3546 42.9909
194 38.4437 43.0439
180 38.5282 43.0941
692 38.6067 43.1406
472 38.6975 43.1946
356 38.776 43.2412
480 38.8564 43.2889
512 38.9479 43.3433
522 39.0331 43.3939
452 39.116 43.4432
210 39.2037 43.4952
69 39.2856 43.5439
370 39.3667 43.5921
870 40.5545 42.7473
147 40.7934 42.5773
257 41.5351 42.0496
619 42.2827 41.5177
783 43.8919 40.3731
276 45.7168 39.0757
191 47.7576 37.6249
43 48.6851 36.9656
586 49.1319 36.6477
930 49.6056 36.3106
250 50.0826 35.9712
66 50.5527 35.6367
377 51.0268 35.2993
458 51.4953 34.966
19 51.9678 34.6298
865 52.4446 34.2905
935 52.9259 33.948
421 53.445 33.5787
314 54.0278 33.164
164 54.0278 33.164
209 54.0278 33.164
594 54.0278 33.164
781 54.0278 33.164
358 54.0278 33.164
289 54.0278 33.164
197 54.0278 33.164
844 54.0278 33.164
6 54.0278 33.164
555 54.0278 33.164
716 54.0278 33.164
63 54.0278 33.164
906 54.0278 33.164
828 54.0278 33.164
634 54.0278 33.164
355 54.0278 33.164
751 54.0278 33.164
55 54.0278 33.164
681 54.0278 33.164
873 54.0278 33.164
27 54.0278 33.164
785 54.0278 33.164
978 54.0278 33.164
217 54.0278 33.164
875 54.0278 33.164
45 55.4248 31.2364
831 56.9208 29.1723
821 58.0401 27.6279
419 59.2763 25.9223
777 61.3853 23.0123
504 62.2957 21.7563
176 63.019 20.7582
581 63.4146 20.2124
819 63.8002 19.6803
24 64.239 19.0749
295 64.6827 18.4628
598 65.1581 17.8068
959 65.6635 17.1095
721 66.4169 16.0699
103 66.8591 15.4599
