0,103,959,504,295,819,176,581,721,24,598,777,6,873,751,355,634,828,419,164,870,197,66,358,831,821,421,594,43,555,458,209,69,55,27,681,19,865,785,781,250,377,945,875,930,492,844,843,194,748,356,63,472,848,480,906,586,512,834,191,414,529,127,49,7,687,811,38,679,508,566,706,692,664,452,778,210,461,388,342,862,989,876,790,147,257,619,783,522,917,716,155,853,413,180,935,151,261,869,653,221,284,787,934,26,64,883,111,337,278,289,379,287,626,518,704,709,407,310,467,363,439,702,669,351,824,822,160,573,307,488,246,474,661,915,354,899,362,741,881,588,412,8,643,211,682,402,902,812,963,187,722,331,366,254,348,710,646,673,629,61,602,674,836,514,74,455,212,641,384,32,4,700,121,990,985,572,86,612,87,898,258,125,486,299,499,943,731,10,268,65,205,133,958,794,78,652,328,489,476,312,535,908,616,154,142,858,829,303,708,279,565,196,330,46,463,182,283,663,352,496,805,222,841,771,698,128,148,228,949,542,936,925,534,423,166,47,341,100,57,214,909,157,373,863,505,116,770,527,749,758,123,174,797,849,972,122,691,218,347,531,589,234,233,302,938,336,633,764,956,438,475,543,37,913,403,655,324,525,397,391,549,11,723,688,422,382,571,957,526,267,459,370,809,404,705,510,720,683,30,56,410,163,365,891,225,576,545,359,175,523,981,59,451,507,897,729,137,903,735,501,878,912,54,533,591,493,839,308,756,929,596,89,645,922,269,603,471,237,144,134,732,715,910,558,80,264,976,235,894,765,540,779,171,724,350,223,270,965,807,16,662,226,946,608,757,21,604,788,846,349,733,927,252,574,888,789,60,124,296,291,411,79,327,390,950,587,635,599,443,333,658,104,552,537,640,901,689,524,275,701,266,971,99,34,329,872,677,551,168,482,630,113,220,429,81,346,255,556,400,799,717,760,277,686,665,728,427,667,192,784,948,879,734,445,991,694,796,326,119,500,680,219,130,77,272,162,371,639,657,825,607,381,970,747,398,97,3,860,601,924,14,772,703,132,479,600,433,890,966,339,726,184,502,376,224,739,939,298,338,131,114,207,560,361,321,517,374,457,503,75,487,17,399,916,546,93,803,240,693,780,944,955,759,830,554,90,719,905,426,699,585,815,138,316,736,435,868,615,1,711,557,203,364,178,447,792,263,914,300,106,718,199,827,568,200,169,236,442,678,380,953,247,446,628,444,401,892,108,213,969,325,570,405,386,183,58,988,48,637,436,547,153,31,39,301,750,304,360,95,973,982,611,418,141,696,306,631,697,651,456,714,50,288,786,550,885,712,933,578,768,244,469,431,368,167,92,490,462,73,2,871,886,638,859,695,13,249,227,424,610,44,36,76,120,776,491,15,495,88,115,954,918,773,919,430,409,428,521,795,808,253,761,833,753,593,441,150,20,96,960,189,41,292,672,470,28,319,730,392,454,539,738,5,389,129,559,449,241,22,569,245,536,309,613,561,752,139,713,614,320,305,343,448,437,564,206,874,172,766,394,256,215,72,53,231,532,271,806,181,649,707,146,230,877,416,265,974,814,548,840,335,259,511,763,624,294,82,408,126,562,530,952,156,755,861,961,344,980,248,584,202,179,866,118,541,516,375,165,880,105,239,774,618,659,313,851,40,746,882,367,406,563,636,567,856,816,754,690,801,782,369,280,895,800,193,737,826,415,12,911,896,62,434,947,642,887,23,575,140,465,671,229,940,937,775,297,317,177,992,378,251,42,931,353,854,52,158,318,145,185,817,984,823,580,477,544,620,813,149,159,273,464,845,622,864,893,285,494,818,417,820,648,725,740,742,322,983,666,135,928,473,660,204,25,685,450,889,311,372,170,198,332,497,951,201,136,107,242,838,506,884,684,334,420,385,583,977,850,528,837,962,290,975,727,654,650,900,867,152,383,605,393,238,942,340,173,51,595,110,852,744,71,83,579,668,460,647,762,582,904,68,832,481,509,315,847,67,395,18,515,804,484,577,91,216,513,968,161,282,857,453,94,632,987,9,112,921,802,109,986,208,769,855,617,101,793,498,468,597,84,798,964,621,743,432,281,623,907,676,478,35,85,625,791,440,519,810,190,186,293,188,538,276,262,923,767,102,286,396,656,485,217,45,978,314,466,274,675,606,644,323,967,387,143,941,357,609,553,670,926,117,70,842,932,425,920,195,592,29,232,520,745,590,33,835,98,243,483,979,627,345,260,
value : 432.548 running time : 566.996577
0 80 20
103 66.4494 15.5811
959 66.0852 16.0001
504 65.8159 16.3098
295 65.5491 16.6167
819 65.3002 16.9031
176 65.0918 17.1427
581 64.8537 17.4167
721 64.6356 17.6676
24 63.4884 18.9872
598 62.374 20.2691
777 61.1292 21.7009
6 59.1128 24.0204
873 57.534 25.8364
751 56.4034 27.137
355 55.5443 28.1252
634 54.8879 28.8803
828 54.4357 29.4004
419 53.9904 29.9126
164 53.4613 30.5214
870 52.8955 31.1721
197 52.6703 31.4312
66 52.4808 31.6492
358 52.3171 31.8375
831 52.1442 32.0363
821 51.9211 32.293
421 51.5795 32.6859
594 51.2904 33.0185
43 51.0409 33.3055
555 50.7449 33.5345
458 50.4255 33.7817
209 50.1019 34.0321
69 49.7741 34.2857
55 49.6203 34.4047
27 49.4414 34.5431
681 49.2463 34.6941
19 49.0483 34.8473
865 48.8606 34.9925
785 48.6734 35.1374
781 48.4848 35.2833
250 47.9471 35.6993
377 47.4192 36.1078
945 44.6343 38.2626
875 44.4558 38.4007
930 44.2155 38.5866
492 43.3688 39.2418
844 42.9743 39.547
843 42.5185 39.8998
194 42.0743 40.2435
748 41.6512 40.5708
356 41.5696 40.634
63 41.4886 40.6966
472 41.3919 40.7715
848 41.2991 40.8433
480 41.2085 40.9134
906 41.1219 40.9804
586 41.0259 41.0547
512 40.9147 41.1407
834 40.8202 41.2139
191 40.6824 41.3205
414 40.5278 41.4401
529 40.407 41.5335
127 40.2867 41.6266
49 40.2724 41.6157
7 40.2565 41.6035
687 40.2415 41.5921
811 40.227 41.581
38 40.2139 41.571
679 40.2005 41.5608
508 40.1885 41.5516
566 40.1761 41.5421
706 40.1623 41.5316
692 40.1489 41.5214
664 40.1355 41.5112
452 40.1245 41.5028
778 40.1125 41.4936
210 40.1003 41.4843
461 40.0865 41.4737
388 40.0702 41.4613
342 40.0702 41.4613
862 40.0702 41.4613
989 40.0702 41.4613
876 40.0702 41.4613
790 40.0702 41.4613
147 40.0702 41.4613
257 40.0553 41.3395
619 40.0435 41.2422
783 40.0307 41.1376
522 40.0181 41.034
917 40.0036 40.9147
716 39.9898 40.8016
155 39.9763 40.6908
853 39.9617 40.5711
413 39.9494 40.4701
180 39.8412 39.5817
935 39.5956 37.5661
151 39.3675 35.6941
261 38.994 32.6294
869 38.8181 31.1859
653 38.3592 27.4202
221 38.2996 26.9308
284 37.796 22.3363
787 37.7854 22.2401
934 37.7744 22.1401
26 37.7625 22.0316
64 37.7508 21.9251
883 37.7397 21.8243
111 37.7288 21.7249
337 37.718 21.6268
278 37.7077 21.5331
289 37.6274 20.8025
379 37.5192 19.8165
287 37.3928 18.6651
626 37.2814 17.6498
518 37.1656 16.5954
704 36.7333 16.8719
709 36.3029 17.1472
407 35.9908 17.3468
310 35.6489 17.5655
467 35.2865 17.7973
363 35.2865 17.7973
439 35.2865 17.7973
702 35.2865 17.7973
669 35.2865 17.7973
351 35.2865 17.7973
824 35.2865 17.7973
822 35.2865 17.7973
160 35.2865 17.7973
573 32.664 17.4543
307 28.7724 16.9452
488 24.1684 16.3429
246 23.7055 16.2823
474 23.1824 16.2139
661 22.7146 16.1527
915 22.3185 16.1009
354 21.8441 16.0388
899 19.7305 15.7623
362 16.7765 15.3759
741 16.3587 15.3213
881 15.9705 15.2705
588 15.6436 15.2277
412 15.3264 15.1862
8 15.0869 15.1549
643 14.8134 15.1191
211 14.4295 15.0689
682 14.0703 15.0219
402 13.7709 14.9827
902 13.4518 14.941
812 12.9427 14.8744
963 12.7849 15.8176
187 12.7225 16.19
722 12.7225 16.19
331 12.732 16.6619
366 12.7403 17.0758
254 12.7488 17.5012
348 12.757 17.9082
710 12.7654 18.3295
646 12.7723 18.6715
673 12.7801 19.0619
629 12.7872 19.4162
61 12.8072 20.4135
602 12.8522 22.7166
674 12.8733 23.7756
836 12.9055 25.4053
514 12.9377 27.0231
74 12.9581 28.0465
455 12.9799 29.1384
212 13.007 30.5027
641 13.007 30.5027
384 13.007 30.5027
32 13.007 30.5027
4 13.007 30.5027
700 13.007 30.5027
121 13.007 30.5027
990 13.007 30.5027
985 13.007 30.5027
572 13.007 30.5027
86 13.007 30.5027
612 13.007 30.5027
87 12.6666 30.7759
898 12.328 31.0475
258 12.6024 31.4289
125 13.0503 32.0516
486 13.4061 32.5462
299 12.5811 33.7884
499 11.004 36.163
943 11.0261 36.1647
731 11.0434 36.166
10 11.0631 36.1675
268 11.0832 36.169
65 11.103 36.1704
205 11.121 36.1718
133 11.121 36.1718
958 11.121 36.1718
794 11.121 36.1718
78 11.3115 36.5228
652 11.4604 36.7971
328 11.5899 37.0358
489 13.2872 40.1617
476 13.6722 40.871
312 14.0379 41.5448
535 14.4311 42.2693
908 14.4311 42.2693
616 14.4311 42.2693
154 14.4311 42.2693
142 14.4311 42.2693
858 14.4311 42.2693
829 14.4311 42.2693
303 12.7459 46.0047
708 12.1222 47.3871
279 11.9813 47.6994
565 11.8338 48.0262
196 11.7015 48.3195
330 11.6715 48.3861
46 11.6333 48.4708
463 11.59 48.5668
182 11.5494 48.6566
283 11.5114 48.7408
663 11.4663 48.8408
352 11.4155 48.9535
496 11.3703 49.0536
805 11.3202 49.1646
222 11.2762 49.2622
841 11.2323 49.3595
771 11.1899 49.4535
698 11.142 49.5596
128 11.0964 49.6606
148 11.0559 49.7505
228 11.0091 49.8542
949 10.9579 49.9675
542 10.9009 50.094
936 10.8464 50.2148
925 10.7925 50.3342
534 10.7507 50.4269
423 10.7059 50.5261
166 10.6461 50.6586
47 10.597 50.7675
341 10.5508 50.8699
100 10.5005 50.9814
57 10.4517 51.0895
214 10.4017 51.2003
909 10.3582 51.2968
157 10.3116 51.4002
373 10.2678 51.4972
863 10.2239 51.5946
505 10.1689 51.7164
116 10.115 51.8359
770 10.0683 51.9392
527 10.0111 52.0661
749 9.96338 52.1719
758 9.91638 52.276
123 9.86483 52.3903
174 9.80858 52.5149
797 9.74969 52.6455
849 9.67381 52.8136
972 9.61052 52.9539
122 9.54476 53.0997
691 9.48709 53.2275
218 9.42293 53.3697
347 9.3571 53.5156
531 9.67889 53.332
589 10.0565 53.1167
234 10.4346 52.901
233 15.4167 50.0589
302 18.264 48.4348
938 18.3078 48.4098
336 18.3516 48.3848
633 18.4015 48.3563
764 18.4453 48.3313
956 18.8498 48.1006
438 19.2812 47.8546
475 19.6495 47.6445
543 20.005 47.4417
37 20.3336 47.2543
913 20.6484 47.0747
403 20.9324 46.9127
655 21.2259 46.7453
324 21.5075 46.5847
525 21.8144 46.4097
397 22.1003 46.2466
391 22.3738 46.0906
549 22.6843 45.9135
11 23.6237 47.6596
723 24.6793 49.6217
688 26.099 52.2609
422 27.4513 54.7745
382 29.0209 57.6924
571 30.46 60.3675
957 31.1209 61.5958
526 31.8164 62.8886
267 31.8164 62.8886
459 31.8164 62.8886
370 31.8164 62.8886
809 31.8164 62.8886
404 31.8164 62.8886
705 31.8164 62.8886
510 31.8164 62.8886
720 31.8164 62.8886
683 31.8164 62.8886
30 31.8164 62.8886
56 31.8164 62.8886
410 31.8164 62.8886
163 31.8164 62.8886
365 31.8164 62.8886
891 31.8164 62.8886
225 31.8164 62.8886
576 31.8164 62.8886
545 31.8164 62.8886
359 31.8164 62.8886
175 31.8164 62.8886
523 31.8164 62.8886
981 31.8164 62.8886
59 31.8164 62.8886
451 31.8164 62.8886
507 31.8164 62.8886
897 31.8164 62.8886
729 31.8164 62.8886
137 31.8164 62.8886
903 31.8164 62.8886
735 31.8164 62.8886
501 31.8164 62.8886
878 31.8164 62.8886
912 31.8164 62.8886
54 31.8164 62.8886
533 31.8164 62.8886
591 31.8164 62.8886
493 31.8164 62.8886
839 31.8164 62.8886
308 31.8164 62.8886
756 31.8164 62.8886
929 31.8164 62.8886
596 31.8164 62.8886
89 31.8164 62.8886
645 31.8164 62.8886
922 31.8164 62.8886
269 31.8164 62.8886
603 32.0964 63.2579
471 32.4972 63.7864
237 32.8587 64.2631
144 34.1547 65.9729
134 34.3819 66.2724
732 34.5725 66.5237
715 34.7689 66.7827
910 34.9668 67.0436
558 35.1688 67.31
80 35.348 67.5463
264 35.5283 67.784
976 35.7293 68.049
235 35.927 68.3097
894 35.8002 68.5438
765 35.6771 68.7713
540 35.5364 69.031
779 35.4107 69.2633
171 35.2662 69.5302
724 35.1152 69.809
350 34.969 70.079
223 34.818 70.358
270 34.6938 70.5874
965 34.5763 70.8044
807 34.4478 71.0416
16 32.9526 71.0961
662 31.996 71.131
226 30.9678 71.1685
946 29.6287 71.2173
608 28.8518 71.2456
757 28.8481 71.229
21 28.8438 71.2097
604 28.8401 71.1933
788 28.8359 71.1745
846 28.8324 71.1589
349 28.8291 71.1437
733 28.8258 71.1293
927 28.823 71.1165
252 28.8201 71.1035
574 28.8169 71.0894
888 28.8139 71.0757
789 28.8107 71.0616
60 28.8076 71.0477
124 28.8042 71.0324
296 28.8007 71.0165
291 28.7962 70.9964
411 28.7927 70.981
79 28.7891 70.9647
327 28.7863 70.9519
390 28.7832 70.9381
950 28.7805 70.9259
587 28.7773 70.9117
635 28.7744 70.8987
599 28.7711 70.8841
443 28.7686 70.8726
333 28.7656 70.8594
658 28.7622 70.8442
104 28.7584 70.827
552 28.2187 70.7393
537 27.7766 70.6674
640 27.3248 70.5939
901 26.8826 70.522
689 26.4799 70.4565
524 25.9389 70.3685
275 25.6197 70.3167
701 25.3091 70.2661
266 25.0191 70.219
971 24.7109 70.1689
99 24.3971 70.1178
34 24.0734 70.0652
329 23.7749 70.0167
872 23.5165 69.9746
677 14.5745 68.5209
551 14.4726 68.5931
168 14.3842 68.6558
482 14.3005 68.7151
630 14.213 68.7771
113 14.1227 68.8411
220 14.0339 68.9041
429 13.9416 68.9695
81 13.8511 69.0336
346 13.7477 69.1069
255 13.6548 69.1728
556 13.5652 69.2362
400 13.4887 69.2904
799 13.4073 69.3481
717 13.3308 69.4023
760 13.2591 69.4532
277 13.1761 69.512
686 13.0936 69.5705
665 13.0163 69.6253
728 12.938 69.6808
427 12.9066 69.703
667 12.8743 69.7259
192 12.8465 69.7456
784 12.8137 69.7689
948 12.7782 69.794
879 12.7434 69.8186
734 12.7059 69.8452
445 12.6694 69.8711
991 12.6356 69.8951
694 12.6044 69.9172
796 12.5774 69.9363
326 12.5482 69.957
119 12.5167 69.9793
500 12.4848 70.0019
680 12.453 70.0245
219 12.4196 70.0481
130 12.3881 70.0705
77 12.35 70.0975
272 12.318 70.1201
162 12.2824 70.1454
371 12.2438 70.1727
639 12.2081 70.1981
657 12.1768 70.2202
825 12.1468 70.2415
607 12.1125 70.2658
381 12.0814 70.2878
970 12.0548 70.3067
747 12.0257 70.3273
398 11.9964 70.3481
97 11.9635 70.3714
3 11.9313 70.3942
860 11.899 70.4171
601 11.873 70.4356
924 11.8404 70.4586
14 11.8031 70.485
772 11.7748 70.5051
703 11.7409 70.5291
132 11.7093 70.5515
479 11.6729 70.5773
600 11.6355 70.6039
433 11.5878 70.6376
890 11.5495 70.6648
966 11.5196 70.686
339 11.4946 70.7037
726 11.466 70.724
184 11.4338 70.7468
502 11.4022 70.7692
376 11.3684 70.7931
224 11.3314 70.8193
739 11.3034 70.8392
939 11.2678 70.8644
298 11.2346 71.3681
338 11.2061 71.8014
131 11.177 72.2435
114 11.1423 72.7706
207 11.0997 73.4194
560 11.06 74.0223
361 11.0236 74.5752
321 10.9851 75.1605
517 10.9489 75.7098
374 10.8872 76.6484
457 10.8254 77.5877
503 10.7632 78.5338
75 10.6915 79.6245
487 10.6263 80.6164
17 10.5545 81.7092
399 10.5373 81.9697
916 10.5205 82.2256
546 10.5041 82.474
93 10.487 82.7339
803 10.4704 82.9869
240 10.4554 83.2147
693 10.4393 83.4588
780 10.4251 83.6745
944 10.41 83.9038
955 10.3944 84.1416
759 10.3783 84.3848
830 10.3624 84.6271
554 10.3449 84.8923
90 10.325 85.1946
719 10.3033 85.525
905 10.2823 85.8443
426 10.2605 86.175
699 10.2376 86.5234
585 10.2141 86.8797
815 10.1964 87.1493
138 10.1776 87.4346
316 10.1602 87.6986
736 10.1417 87.9791
435 10.1221 88.2771
868 10.1199 88.3109
615 10.1179 88.3408
1 10.1155 88.3784
711 10.113 88.4162
557 10.1109 88.4481
203 10.1088 88.4803
364 10.1063 88.5176
178 10.104 88.552
447 10.1014 88.592
792 10.099 88.6281
263 10.0965 88.667
914 10.0939 88.7055
300 10.0915 88.7423
106 10.0888 88.783
718 10.0865 88.8183
199 10.0839 88.8582
827 10.0812 88.8985
568 10.0789 88.9336
200 10.0765 88.9703
169 10.0743 89.003
236 10.0718 89.0415
442 10.0694 89.0774
678 10.0669 89.1157
380 10.0644 89.1537
953 10.0623 89.1858
247 10.0602 89.2182
446 10.0579 89.2523
628 10.0557 89.2861
444 10.0534 89.3216
401 10.0509 89.3591
892 10.0485 89.3953
108 10.0458 89.436
213 10.043 89.4789
969 10.042 89.4948
325 10.041 89.5095
570 10.0399 89.527
405 10.0385 89.5469
386 10.0375 89.5629
183 10.0364 89.579
58 10.0353 89.5962
988 10.0339 89.6168
48 10.4391 89.5793
637 10.8197 89.5441
436 11.2127 89.5078
547 11.6064 89.4714
153 12.0479 89.4305
31 12.5115 89.3876
39 12.9709 89.3451
301 13.6963 89.278
750 14.481 89.2054
304 15.6161 89.1004
360 16.8507 88.9862
95 18.0593 88.8744
973 19.4032 88.7501
982 20.9491 88.6072
611 23.8909 88.3362
418 23.8987 88.3355
141 23.9066 88.3347
696 23.9128 88.3342
306 23.9192 88.3336
631 23.9256 88.333
697 23.9315 88.3324
651 23.9376 88.3319
456 23.9438 88.3313
714 23.9502 88.3307
50 23.9564 88.3302
288 23.963 88.3295
786 23.97 88.3289
550 23.9759 88.3283
885 23.9821 88.3278
712 23.9881 88.3272
933 23.9945 88.3266
578 24.0012 88.326
768 24.0077 88.3254
244 24.0136 88.3249
469 24.0201 88.3243
431 24.027 88.3236
368 24.0341 88.323
167 24.0416 88.3223
92 24.0486 88.3216
490 24.0546 88.3211
462 24.0605 88.3205
73 24.068 88.3198
2 24.0747 88.3192
871 24.0805 88.3187
886 24.0867 88.3181
638 24.094 88.3174
859 24.1 88.3169
695 24.1058 88.3164
13 24.112 88.3158
249 24.1187 88.3152
227 24.1254 88.3145
424 24.1741 88.3101
610 24.2242 88.3055
44 24.2714 88.3011
36 24.3194 88.2967
76 24.3662 88.2924
120 24.4131 88.2881
776 24.456 88.2841
491 24.5083 88.2793
15 24.5591 88.2746
495 24.6913 88.2625
88 24.8282 88.2499
115 24.9763 88.2363
954 25.1183 88.2232
918 25.2685 88.2094
773 25.4145 88.196
919 25.5632 88.1823
430 25.7166 88.1682
409 25.8636 88.1547
428 26.0061 88.1416
521 26.156 88.1278
795 26.3167 88.113
808 26.4832 88.0977
253 26.6458 88.0828
761 26.8154 88.0672
833 26.9836 88.0517
753 27.155 88.0359
593 27.3311 88.0197
441 27.5228 88.0021
150 27.7277 87.9833
20 27.9452 87.9633
96 28.1637 87.9432
960 28.3857 87.9227
189 28.9162 87.6601
41 29.2594 87.4901
292 29.6413 87.301
672 29.925 87.1605
470 30.221 87.0139
28 30.5167 86.8675
319 34.1003 85.0936
730 34.1003 85.0936
392 34.8154 85.4848
454 35.4627 85.8389
539 37.4898 86.9474
738 39.0682 87.8108
5 40.2303 88.4464
389 40.2461 88.455
129 40.2611 88.4632
559 40.2783 88.4726
449 40.2931 88.4807
241 40.3073 88.4885
22 40.3242 88.4977
569 40.342 88.5075
245 40.3589 88.5167
536 40.3589 88.5167
309 40.3589 88.5167
613 40.3589 88.5167
561 40.3589 88.5167
752 40.3589 88.5167
139 40.3589 88.5167
713 40.4461 88.5239
614 40.5205 88.53
320 40.6103 88.5374
305 40.6891 88.5439
343 40.7634 88.55
448 40.8337 88.5557
437 40.9096 88.562
564 40.9901 88.5686
206 41.0666 88.5749
874 41.1422 88.5811
172 41.2098 88.5866
766 41.2843 88.5928
394 41.3527 88.5984
256 41.4228 88.6042
215 41.5019 88.6107
72 41.5767 88.6168
53 41.6556 88.6233
231 41.7303 88.6294
532 41.8168 88.6365
271 41.8168 88.6365
806 41.8168 88.6365
181 41.8586 88.6362
649 41.9003 88.6358
707 41.9386 88.6355
146 41.9795 88.6351
230 42.0213 88.6347
877 42.064 88.6344
416 42.1073 88.634
265 42.1469 88.6337
974 42.1918 88.6333
814 43.1157 88.6252
548 43.9863 88.6177
840 45.0729 88.6083
335 46.7894 88.5932
259 47.051 88.5909
511 47.2701 88.589
763 47.4826 88.5872
624 47.7231 88.5851
294 47.9144 88.5835
82 48.1376 88.5816
408 48.3761 88.5795
126 48.6045 88.5775
562 48.8213 88.5757
530 49.0593 88.5736
952 49.3038 88.5715
156 49.5253 88.5696
755 49.7551 88.5676
861 50.013 88.5654
961 50.2491 88.5633
344 50.5177 88.561
980 50.5907 88.5604
248 50.658 88.5598
584 50.7408 88.5591
202 50.8123 88.5585
179 50.8763 88.5579
866 50.9422 88.5573
118 51.0202 88.5567
541 51.0879 88.5561
516 51.1576 88.5555
375 51.2263 88.5549
165 51.3012 88.5542
880 51.3805 88.5536
105 51.4558 88.5529
239 51.5325 88.5523
774 51.6163 88.5515
618 51.6956 88.5508
659 51.7686 88.5502
313 51.8561 88.5495
851 51.9367 88.5488
40 52.0156 88.5481
746 52.0923 88.5474
882 52.1742 88.5467
367 52.2506 88.5461
406 52.3216 88.5454
563 52.3971 88.5448
636 52.6576 88.5425
567 52.9495 88.54
856 53.1832 88.538
816 53.3992 88.5361
754 53.6042 88.5343
690 53.8159 88.5325
801 54.0225 88.5307
782 54.2022 88.5292
369 54.4297 88.5272
280 54.6438 88.5254
895 54.8587 88.5235
800 55.1225 88.5212
193 55.1225 88.5212
737 55.2721 88.5209
826 55.4086 88.5206
415 55.5776 88.5203
12 55.7478 88.5199
911 55.9033 88.5196
896 56.0565 88.5193
62 56.2129 88.519
434 56.3757 88.5186
947 56.5536 88.5182
642 56.7389 88.5179
887 56.9648 88.5174
23 57.1776 88.5169
575 57.6704 88.5159
140 58.1568 88.5149
465 58.7659 88.5136
671 59.0226 88.5131
229 59.3413 88.5124
940 59.6729 88.5117
937 62.3013 88.5063
775 63.2253 88.5043
297 63.586 88.5036
317 63.9423 88.5028
177 64.3143 88.5021
992 64.7124 88.5012
378 65.1384 88.5003
251 65.5715 88.4994
42 65.9621 88.4986
931 66.369 88.4978
353 66.8192 88.4968
854 67.2331 88.496
52 67.5944 88.4952
158 67.9846 88.4944
318 68.3459 88.4936
145 68.6911 88.4929
185 69.0232 88.4922
817 69.5012 88.4912
984 70.0081 88.4902
823 70.6688 88.4888
580 71.3236 88.4874
477 71.5159 88.487
544 71.7415 88.4866
620 71.9702 88.4861
813 72.2243 88.4855
149 72.4659 88.485
159 72.7193 88.4845
273 72.9375 88.4841
464 73.2121 88.4835
845 73.5975 88.4827
622 74.0044 88.4818
864 74.486 88.4808
893 74.9422 88.4799
285 75.3226 88.4791
494 75.7615 88.4782
818 76.1668 88.4773
417 76.6173 88.4764
820 77.0959 88.4754
648 77.5377 88.4745
725 77.9601 88.4736
740 78.3502 88.4728
742 78.7187 88.472
322 79.1292 88.4711
983 79.4744 88.4704
666 79.788 88.4698
135 80.1771 88.4689
928 80.6768 88.4679
473 82.6386 85.4956
660 84.8214 82.1884
204 85.0501 81.8418
25 85.2521 81.5358
685 85.4548 81.2286
450 85.6736 80.8971
889 85.8343 80.6536
311 86.1131 80.2312
372 86.3741 79.8357
170 85.2398 65.0119
198 85.1823 64.26
332 85.1464 63.7907
497 85.0978 63.156
951 84.3376 62.5157
201 84.0697 62.6089
136 83.8709 62.6779
107 83.6343 62.7602
242 83.3243 62.8679
838 83.0169 62.9748
506 82.7009 63.0846
884 82.3699 63.1996
684 81.3284 63.5616
334 80.1236 63.9803
420 79.0528 64.3525
385 78.4251 64.5706
583 77.8186 64.7814
977 77.3158 64.9562
850 76.6531 65.1865
528 76.0999 65.3788
837 75.0808 65.7329
962 74.3573 65.9844
290 73.7102 66.2093
975 73.182 66.3929
727 72.6118 66.5911
654 72.1335 66.7573
650 71.7157 66.9025
900 71.3022 67.0463
867 70.8658 67.1979
152 70.4535 67.3413
383 70.0154 67.4935
605 69.423 67.6994
393 69.1677 67.7881
238 68.924 67.8728
942 68.7012 67.9503
340 68.433 68.0435
173 68.1821 68.1307
51 67.9482 68.212
595 67.7202 68.2912
110 67.502 68.3671
852 67.2601 68.4512
744 66.9732 68.5509
71 66.7012 68.6454
83 66.4295 68.7398
579 66.1561 68.8348
668 65.8349 68.9465
460 65.5314 69.052
647 65.2684 69.1434
762 64.9813 69.2431
582 64.708 69.3381
904 64.708 69.3381
68 64.708 69.3381
832 64.708 69.3381
481 64.708 69.3381
509 64.5616 69.3361
315 64.4157 69.334
847 64.2802 69.3321
67 64.1452 69.3302
395 63.9959 69.328
18 62.4757 68.8339
515 57.7982 67.3133
804 53.2668 65.8402
484 53.2668 65.8402
577 53.2668 65.8402
91 53.2668 65.8402
216 53.2668 65.8402
513 53.2668 65.8402
968 53.2668 65.8402
161 53.2668 65.8402
282 53.2668 65.8402
857 53.2668 65.8402
453 53.2668 65.8402
94 53.2668 65.8402
632 53.2668 65.8402
987 53.2668 65.8402
9 53.2668 65.8402
112 53.2668 65.8402
921 53.2668 65.8402
802 53.2668 65.8402
109 53.3341 65.6053
986 53.3984 65.3806
208 53.4672 65.1403
769 53.5325 64.9125
855 53.6091 64.6448
617 53.689 64.3658
101 53.7732 64.0718
793 53.8433 63.8271
498 53.9063 63.607
468 53.963 63.4088
597 54.0257 63.1898
84 54.0809 62.9971
798 54.1394 62.7929
964 54.1973 62.5905
621 54.2559 62.3857
743 54.308 62.2039
432 54.3621 62.0151
281 54.5569 61.3346
623 54.7317 60.7241
907 54.8323 60.3728
676 54.9326 60.0224
478 55.0702 59.5418
35 55.199 59.092
85 55.3264 58.6472
625 55.438 58.2571
791 55.5539 57.8526
440 55.682 57.4051
519 55.8545 56.8027
810 55.9987 56.299
190 56.1589 55.7394
186 56.2988 55.251
293 56.4371 54.7679
188 56.5825 54.2598
538 56.731 53.7413
276 56.8946 53.1697
262 57.5525 52.8381
923 58.2463 52.4884
767 59.522 51.8454
102 60.4772 51.3639
286 61.1673 51.016
396 62.2404 50.4751
656 63.5595 49.8102
485 64.2993 49.4373
217 65.1236 49.0218
45 66.2559 48.4511
978 66.8277 48.1628
314 67.8662 47.6394
466 68.9472 47.0945
274 69.7929 46.6682
675 70.0138 46.5568
606 70.262 46.4317
644 70.5279 46.2977
323 70.8379 46.1415
967 71.1208 45.9989
387 71.3859 45.8652
143 71.3859 45.8652
941 71.3859 45.8652
357 71.5279 45.6229
609 71.6715 45.3776
553 71.7928 45.1706
670 71.9241 44.9464
926 72.045 44.74
117 72.1743 44.5192
70 72.3332 44.248
842 72.5589 43.8627
932 72.8481 43.3688
425 73.2165 42.7399
920 73.6187 42.0533
195 74.1431 41.158
592 74.7106 40.1891
29 75.3328 39.1267
232 76.058 37.8886
520 77.518 35.396
745 78.1656 34.2903
590 79.1104 32.6773
33 79.7815 31.5315
835 80.3978 30.4793
98 83.2975 25.5289
243 85.7849 18.5156
483 86.1516 17.4817
979 86.0636 17.5178
627 85.977 17.5532
345 85.8803 17.5928
260 85.7805 17.6337
