0,627,260,483,243,979,345,721,176,103,598,883,111,518,407,209,822,257,467,289,337,310,363,26,653,261,934,351,160,787,573,834,439,287,379,278,669,307,626,824,246,709,64,643,254,284,704,902,702,629,474,682,488,8,881,812,331,661,348,61,187,412,722,646,362,588,74,299,963,455,915,211,366,402,836,354,943,121,641,674,572,741,899,86,258,990,87,794,4,328,958,46,898,514,283,749,731,65,770,616,133,673,985,312,268,710,700,663,423,602,388,829,687,11,664,811,221,125,148,688,723,32,496,679,543,414,151,655,535,869,529,748,302,549,78,486,205,123,476,612,534,352,949,142,228,797,508,756,413,525,938,391,633,733,599,397,37,349,913,269,705,603,771,698,735,542,858,475,908,758,10,233,403,438,841,691,384,279,330,863,373,100,936,154,463,222,909,499,116,489,157,128,212,47,760,324,764,214,677,630,219,422,196,341,376,174,805,652,218,81,703,849,182,57,166,545,411,897,924,398,956,772,114,119,667,445,665,272,780,400,503,981,686,346,14,966,277,531,131,972,482,162,505,565,747,784,122,589,336,925,708,527,799,879,427,734,303,457,347,321,381,130,325,97,502,560,77,234,3,948,970,192,255,224,939,207,338,991,517,371,717,443,550,556,95,93,892,916,31,551,546,374,955,728,554,657,944,694,639,607,759,426,240,860,75,444,830,178,969,436,298,446,429,339,825,244,500,796,547,386,557,886,719,615,718,153,585,199,953,447,988,815,48,628,316,263,914,792,736,401,300,868,108,364,39,304,803,711,678,1,399,380,570,433,890,203,169,568,905,90,982,637,301,247,213,435,827,106,405,750,200,693,13,183,495,360,44,699,973,249,442,418,236,409,714,611,631,430,20,227,593,441,651,368,253,167,456,491,150,15,36,768,462,17,610,138,88,871,712,521,918,933,776,115,808,753,76,526,833,578,604,479,296,431,608,695,184,761,696,872,859,326,490,50,333,885,757,288,649,428,92,41,96,256,786,2,960,392,707,306,141,394,389,766,470,124,72,672,73,231,120,613,271,638,146,230,795,22,28,53,974,309,511,206,367,305,536,320,179,559,434,541,882,952,181,713,763,129,539,105,961,752,5,165,874,569,449,265,448,139,62,202,807,343,40,245,851,313,239,659,618,408,532,437,877,226,548,241,738,375,840,172,866,814,319,636,94,156,563,826,416,642,746,861,737,177,984,477,816,940,369,335,754,887,406,259,530,118,126,880,947,774,980,516,690,229,12,140,582,575,395,931,9,801,344,584,317,567,992,273,624,911,23,149,896,856,42,817,415,620,158,353,845,544,823,464,285,666,185,622,318,145,580,52,251,928,820,494,135,725,854,813,742,893,159,983,311,372,685,25,473,889,740,322,450,660,332,385,201,497,506,977,838,884,136,951,684,170,242,198,107,670,967,143,553,644,606,314,850,926,357,70,842,932,425,920,195,592,29,466,609,656,962,867,110,173,152,67,334,68,595,583,538,941,387,650,383,852,204,864,648,579,528,818,900,417,465,775,481,83,837,297,18,290,937,378,460,832,671,509,51,904,71,727,91,987,315,847,238,810,744,654,485,432,800,109,112,975,942,767,577,625,393,478,286,340,293,190,420,216,515,647,117,762,453,668,964,35,875,623,102,276,186,492,262,906,870,522,461,798,396,519,945,498,621,342,597,161,968,101,715,793,281,188,907,617,605,440,743,468,632,986,855,171,755,235,802,782,894,513,791,558,208,769,84,921,280,857,56,292,350,459,910,540,294,215,561,193,564,562,484,895,976,248,82,779,919,614,270,724,80,954,773,469,950,16,168,223,806,189,689,662,574,487,58,927,946,60,697,424,266,99,789,680,454,113,957,788,382,739,329,451,361,640,132,524,79,658,220,601,971,726,701,587,571,275,635,137,965,596,720,537,267,846,765,730,888,359,645,878,404,21,501,552,34,523,252,600,327,903,510,59,729,901,507,839,533,54,576,89,225,30,365,308,390,591,493,410,912,282,163,144,134,676,923,683,370,210,85,104,472,778,291,804,175,922,127,732,471,264,452,38,809,929,237,891,989,191,147,783,619,49,706,692,566,480,876,586,7,790,421,844,865,843,19,66,935,853,180,194,355,681,978,217,917,512,356,155,848,63,930,716,862,781,594,675,873,197,69,458,555,250,43,785,634,821,6,819,55,377,27,828,751,831,959,295,164,419,777,581,504,232,358,323,45,24,33,590,520,274,745,98,835,
value : 519.349 running time : 50.350674
0 80 20
627 84.3401 15.2891
260 84.3401 15.2891
483 84.3401 15.2891
243 84.0997 15.2975
979 83.8066 15.3077
345 83.5236 15.3175
721 74.1734 15.6424
176 68.0626 15.8548
103 63.7991 16.0031
598 60.4971 16.1912
883 47.073 16.9566
111 46.7605 16.9744
518 46.6189 16.9825
407 43.1697 19.7245
209 41.7154 20.8807
822 40.1262 22.1441
257 38.886 23.1301
467 38.496 23.0089
289 38.104 22.887
337 37.614 22.7346
310 37.1461 22.5891
363 36.6855 22.4459
26 36.3155 22.3308
653 35.9352 22.2126
261 35.4841 22.0723
934 35.0069 21.9239
351 34.4188 21.741
160 34.0879 21.6381
787 33.7034 21.5186
573 33.3374 21.4048
834 32.9764 21.2925
439 32.5271 21.1528
287 32.1791 21.0446
379 31.6656 20.8849
278 31.0465 20.6924
669 30.2737 20.4521
307 29.7478 20.2885
626 29.2138 20.1225
824 28.6615 19.9508
246 28.105 19.7777
709 27.569 19.611
64 26.99 19.431
643 26.3847 19.2428
254 25.8123 19.0648
284 25.297 18.9046
704 24.77 18.7407
902 22.3594 17.9912
702 19.8959 17.2253
629 16.664 16.2206
474 16.0511 16.03
682 15.3223 15.8033
488 14.7352 15.6208
8 14.1146 15.4278
881 13.3824 15.2001
812 12.7605 15.0068
331 12.7509 15.3055
661 12.7428 15.5579
348 12.7361 15.7653
61 12.7295 15.9727
187 12.7225 16.19
412 12.7225 16.19
722 12.7225 16.19
646 12.7443 17.2175
362 12.7699 18.4272
588 12.7966 19.6866
74 12.8271 21.1236
299 12.846 22.013
963 12.8633 22.8314
455 12.8803 23.6328
915 12.8968 24.4098
211 12.8992 24.5272
366 12.9055 24.8217
402 12.9138 25.2177
836 12.9224 25.6201
354 12.9303 25.9941
943 12.9141 26.0719
121 12.8985 26.1469
641 12.8843 26.215
674 12.8702 26.2827
572 12.7068 27.0683
741 12.5568 27.7896
899 12.3725 28.6754
86 12.1251 29.8652
258 11.9664 30.6282
990 11.7591 31.6244
87 11.6155 32.3151
794 11.4804 32.9646
4 11.306 33.8029
328 11.052 35.024
958 11.052 35.024
46 11.052 35.024
898 11.052 35.024
514 11.1635 35.5175
283 11.3016 36.1285
749 11.4408 36.7442
731 11.584 36.6495
65 11.7376 36.5481
770 11.8666 36.4629
616 12.0081 36.3695
133 12.1611 36.2684
673 12.307 36.172
985 12.7889 36.3222
312 13.2682 36.4716
268 13.8378 36.6491
710 14.4158 36.8292
700 15.482 37.1615
663 16.5529 37.4952
423 17.5236 37.7978
602 18.588 38.1295
388 19.2617 38.3394
829 19.776 38.4997
687 20.3217 38.6698
11 20.3217 38.6698
664 20.3217 38.6698
811 20.3217 38.6698
221 20.3217 38.6698
125 20.8133 39.7676
148 21.3781 41.0289
688 21.9366 42.2762
723 21.9366 42.2762
32 21.9366 42.2762
496 21.9366 42.2762
679 21.9366 42.2762
543 21.9366 42.2762
414 21.9366 42.2762
151 21.9366 42.2762
655 21.9366 42.2762
535 21.9366 42.2762
869 21.9366 42.2762
529 21.9366 42.2762
748 21.9023 42.4951
302 21.87 42.7004
549 21.8432 42.8709
78 21.8118 43.0708
486 21.7822 43.2598
205 21.6786 43.9194
123 21.5519 44.7262
476 21.4885 45.1301
612 21.4276 45.5176
534 21.3348 46.1086
352 21.2531 46.6292
949 21.1867 47.0522
142 21.117 47.4957
228 21.0517 47.9117
797 20.9788 48.376
508 20.9071 48.833
756 20.8222 49.3734
413 20.7576 49.7851
525 20.684 50.2536
938 20.6011 50.782
391 20.5239 51.2737
633 20.4428 51.7903
733 20.357 52.3367
599 20.311 52.6297
397 20.2933 52.7423
37 20.2711 52.8836
349 20.2434 53.0597
913 20.1346 52.9911
269 20.0265 52.9228
705 19.8335 52.8011
603 19.6359 52.6765
771 19.1316 52.3584
698 18.7087 52.0917
735 18.3037 51.8363
542 17.7675 51.498
858 17.3125 51.2111
475 16.8519 50.9206
908 16.3622 50.6117
758 15.823 50.2716
10 15.2673 49.9211
233 15.2673 49.9211
403 15.2673 49.9211
438 15.2673 49.9211
841 14.3004 49.7344
691 13.4987 49.5796
384 12.487 49.3842
279 11.8126 49.254
330 10.9699 49.0913
863 10.8246 49.0632
373 10.6889 49.037
100 10.5505 49.0103
936 10.4113 48.9834
154 10.2676 48.9557
463 10.1222 48.9276
222 9.97853 48.8998
909 9.82857 48.8709
499 9.66836 48.8399
116 9.87582 49.2903
489 10.0951 49.7662
157 10.3039 50.2195
128 10.534 50.719
212 10.8289 51.359
47 11.4458 52.6982
760 12.1396 54.2042
324 12.6993 55.4192
764 12.6849 55.4918
214 12.6703 55.5647
677 12.6567 55.6331
630 12.6428 55.7032
219 12.6298 55.7684
422 12.6298 55.7684
196 12.6298 55.7684
341 12.6298 55.7684
376 12.6298 55.7684
174 12.6298 55.7684
805 12.6298 55.7684
652 12.6298 55.7684
218 12.6298 55.7684
81 12.6298 55.7684
703 12.6298 55.7684
849 12.6298 55.7684
182 13.0625 56.1236
57 13.4775 56.4642
166 13.987 56.8825
545 15.4789 58.107
411 15.0719 59.4145
897 14.7586 60.4214
924 14.4299 61.4776
398 14.1966 62.2271
956 14.0024 62.8511
772 13.6851 63.8706
114 13.3403 64.9785
119 12.9807 66.1341
667 12.6505 67.195
445 12.5347 67.5673
665 12.4332 67.8932
272 12.3352 68.2082
780 12.226 68.5589
400 11.6984 67.3454
503 11.0835 65.931
981 10.3337 64.2064
686 10.2693 64.1013
346 10.2045 63.9954
14 10.1089 63.8392
966 10.0162 63.6879
277 9.92742 63.5428
531 9.83314 63.3888
131 9.74889 63.2511
972 9.66061 63.1069
482 9.58042 62.976
162 9.4928 62.8328
505 9.38657 62.6593
565 9.38657 62.6593
747 9.38657 62.6593
784 9.38657 62.6593
122 9.38657 62.6593
589 9.40465 62.8437
336 9.42183 63.0189
925 9.4399 63.2033
708 9.45824 63.3904
527 9.48086 63.6211
799 9.51341 63.9531
879 9.54316 64.2566
427 9.57071 64.5376
734 9.59566 64.7921
303 9.62019 65.0423
457 9.78124 66.6849
347 9.85581 67.4456
321 9.96877 68.5978
381 10.0391 69.3155
130 10.1133 70.0721
325 10.204 70.997
97 10.2085 71.0432
502 10.2135 71.0938
560 10.2186 71.1459
77 10.2226 71.1872
234 10.227 71.2324
3 10.2376 71.3396
948 10.2485 71.4514
970 10.2586 71.5544
192 10.2689 71.6598
255 10.28 71.7723
224 10.2916 71.8911
939 10.302 71.9964
207 10.3483 72.4695
338 10.3929 72.924
991 10.4411 73.4155
517 10.4851 73.8647
371 10.5348 74.3711
717 10.635 75.3933
443 10.8071 77.1476
550 10.9714 78.8228
556 10.9702 78.83
95 10.9689 78.8379
93 10.9677 78.845
892 10.9665 78.8518
916 10.9653 78.8587
31 10.9642 78.8651
551 10.9631 78.8717
546 10.962 78.8785
374 10.9609 78.885
955 10.9597 78.892
728 10.9586 78.8985
554 10.9574 78.9053
657 10.9563 78.9118
944 10.9551 78.9187
694 10.9541 78.925
639 10.924 79.1017
607 10.8931 79.2838
759 10.8341 79.6304
426 10.7815 79.9398
240 10.7328 80.2263
860 10.6861 80.5012
75 10.6333 80.8115
444 10.5823 81.1116
830 10.5349 81.3904
178 10.4849 81.6843
969 10.4329 81.9902
436 10.4087 82.1323
298 10.384 82.2777
446 10.3543 82.4527
429 10.3302 82.5941
339 10.2933 82.8112
825 10.2532 83.0468
244 10.2114 83.2931
500 10.1723 83.523
796 10.1086 83.8975
547 10.0322 84.3465
386 9.96576 84.7374
557 9.90699 85.0831
886 9.8532 85.3994
719 9.78468 85.8024
615 9.71854 86.1914
718 9.64334 86.6336
153 9.56941 87.0684
585 9.49456 87.5086
199 9.4334 87.8683
953 9.37411 88.217
447 9.31456 88.5673
988 9.25436 88.9213
815 9.25436 88.9213
48 9.25436 88.9213
628 9.25436 88.9213
316 9.25436 88.9213
263 9.25436 88.9213
914 9.25436 88.9213
792 9.25436 88.9213
736 9.25436 88.9213
401 9.25436 88.9213
300 9.25436 88.9213
868 9.25436 88.9213
108 9.25436 88.9213
364 9.25436 88.9213
39 9.25436 88.9213
304 9.25436 88.9213
803 9.25436 88.9213
711 9.25436 88.9213
678 9.25436 88.9213
1 9.25436 88.9213
399 9.25436 88.9213
380 9.25436 88.9213
570 9.25436 88.9213
433 9.25436 88.9213
890 9.25436 88.9213
203 9.28283 88.9229
169 9.31067 88.9245
568 9.33957 88.9261
905 9.36874 88.9277
90 9.39739 88.9293
982 9.42873 88.9311
637 9.45851 88.9327
301 9.48862 88.9344
247 9.5191 88.9361
213 9.54656 88.9377
435 9.98219 88.9621
827 10.4365 88.9875
106 10.9225 89.0147
405 11.4588 89.0448
750 12.0533 89.0781
200 12.6154 89.1096
693 13.2229 89.1436
13 13.9106 89.1821
183 14.5412 89.2175
495 15.1087 89.2492
360 15.6927 89.282
44 16.2597 89.3137
699 16.7418 89.3407
973 17.2769 89.3707
249 17.849 89.4027
442 18.3854 89.4328
418 18.9741 89.4658
236 19.478 89.494
409 20.2074 89.5348
714 20.803 89.5682
611 21.3739 89.6002
631 21.4756 89.6059
430 21.5721 89.6113
20 21.6674 89.6166
227 21.6674 89.6166
593 21.6674 89.6166
441 21.6674 89.6166
651 21.6674 89.6166
368 21.6674 89.6166
253 21.6674 89.6166
167 21.6674 89.6166
456 21.6674 89.6166
491 21.6674 89.6166
150 21.6674 89.6166
15 21.6674 89.6166
36 21.6674 89.6166
768 21.6674 89.6166
462 21.6674 89.6166
17 21.6674 89.6166
610 21.6674 89.6166
138 21.6674 89.6166
88 21.7557 89.4708
871 21.8383 89.3342
712 21.9244 89.1919
521 22.0089 89.0521
918 22.0994 88.9026
933 22.1924 88.7488
776 22.2845 88.5967
115 22.3859 88.4289
808 22.4854 88.2646
753 23.2485 87.0031
76 24.3862 85.1226
526 25.5191 83.2501
833 25.6111 83.3231
578 25.6915 83.3869
604 25.7734 83.452
479 25.8562 83.5178
296 25.9603 83.6005
431 26.0512 83.6727
608 26.1479 83.7495
695 26.2477 83.8288
184 26.347 83.9076
761 26.4663 84.0024
696 26.5689 84.0839
872 26.6617 84.1576
859 26.7583 84.2344
326 26.8462 84.3042
490 27.1181 84.5201
50 27.3815 84.7294
333 27.6417 84.9361
885 27.9298 85.1649
757 28.2054 85.3838
288 28.5026 85.6199
649 28.8068 85.8615
428 29.0758 86.0752
92 29.3459 86.2897
41 29.5931 86.4861
96 29.8751 86.7101
256 30.1378 86.9187
786 30.4027 87.1292
2 30.6525 87.3276
960 30.9236 87.543
392 30.9445 87.5595
707 30.9655 87.5762
306 30.9858 87.5924
141 32.243 87.9161
394 33.1287 88.1442
389 34.0984 88.394
766 34.5715 88.5157
470 34.5715 88.5157
124 34.5715 88.5157
72 34.5715 88.5157
672 34.5715 88.5157
73 34.5715 88.5157
231 34.5715 88.5157
120 34.5715 88.5157
613 34.5715 88.5157
271 34.5715 88.5157
638 34.5715 88.5157
146 34.5715 88.5157
230 34.5715 88.5157
795 34.5715 88.5157
22 34.5715 88.5157
28 34.5715 88.5157
53 36.6904 89.0162
974 38.6318 89.4748
309 40.4755 89.9103
511 42.2901 90.3389
206 42.689 90.4332
367 43.1046 90.5314
305 43.317 90.5816
536 43.5363 90.6334
320 43.7494 90.6838
179 43.9638 90.7344
559 44.1659 90.7822
434 44.3815 90.8332
541 44.3815 90.8332
882 44.3815 90.8332
952 44.3815 90.8332
181 44.3815 90.8332
713 44.3815 90.8332
763 44.3815 90.8332
129 44.3815 90.8332
539 44.3815 90.8332
105 44.3815 90.8332
961 44.3815 90.8332
752 44.3815 90.8332
5 44.3815 90.8332
165 44.3815 90.8332
874 44.3815 90.8332
569 44.3815 90.8332
449 44.3815 90.8332
265 44.3815 90.8332
448 44.3815 90.8332
139 44.3815 90.8332
62 45.0711 90.3365
202 45.6746 89.902
807 45.5162 89.6894
343 45.3948 89.5265
40 45.2765 89.3679
245 45.1481 89.1956
851 45.0225 89.027
313 44.8906 88.8501
239 44.7404 88.6485
659 44.5903 88.4472
618 44.46 88.2723
408 44.3069 88.0669
532 44.1535 87.861
437 43.725 87.2861
877 43.3336 86.761
226 42.9373 86.2292
548 43.0606 86.453
241 43.1715 86.6544
738 43.2968 86.8821
375 43.972 86.8608
840 44.578 86.8418
172 45.2717 86.82
866 46.175 86.7915
814 47.1132 86.762
319 48.0466 86.7327
636 49.0274 86.7018
94 49.9898 86.6716
156 50.1476 86.6666
563 50.3163 86.6613
826 50.4857 86.656
416 50.6492 86.6508
642 50.849 86.6445
746 51.0419 86.6385
861 51.2503 86.6319
737 51.4568 86.6254
177 51.6528 86.6193
984 51.7958 86.6148
477 51.9258 86.6107
816 52.0076 86.6081
940 52.0861 86.6056
369 52.1761 86.6028
335 52.2624 86.6001
754 52.3464 86.5975
887 52.4316 86.5948
406 52.5127 86.5922
259 52.6003 86.5895
530 52.6819 86.5869
118 52.7744 86.584
126 52.8587 86.5814
880 52.9479 86.5785
947 53.0341 86.5758
774 53.1219 86.5731
980 53.213 86.5702
516 53.3005 86.5675
690 53.3982 86.5644
229 53.492 86.5614
12 53.5799 86.5587
140 53.6665 86.556
582 53.7606 86.553
575 53.7606 86.553
395 53.7607 86.553
931 53.7607 86.553
9 53.7607 86.553
801 55.2424 87.3717
344 56.6237 88.1349
584 56.6405 88.1441
317 56.6562 88.1528
567 56.6729 88.162
992 56.6897 88.1713
273 56.7059 88.1803
624 56.7216 88.1889
911 56.7379 88.1979
23 56.7538 88.2067
149 62.801 88.2659
896 62.8922 88.2668
856 63.1254 88.269
42 63.4283 88.272
817 63.7084 88.2748
415 63.9661 88.2773
620 64.6766 88.2842
158 65.3206 88.2905
353 65.8738 88.296
845 66.365 88.3008
544 66.8532 88.3056
823 67.3347 88.3103
464 67.8095 88.3149
285 68.3325 88.3201
666 68.8323 88.3249
185 69.2696 88.3292
622 70.1925 88.3383
318 71.1838 88.348
145 72.1807 88.3577
580 73.3052 88.3688
52 73.9999 88.3756
251 75.7797 88.393
928 80.7262 88.4414
820 80.7473 88.4093
494 80.7688 88.3765
135 80.7897 88.3446
725 80.8168 88.3034
854 80.8407 88.267
813 80.8669 88.2272
742 80.8933 88.1869
893 80.9178 88.1497
159 80.9462 88.1063
983 80.9719 88.0671
311 84.7831 82.2624
372 86.3727 79.8411
685 86.3702 79.8079
25 86.3677 79.7737
473 86.3651 79.7398
889 86.3624 79.7033
740 86.3579 79.6432
322 86.3537 79.5881
450 86.107 76.2982
660 85.9252 73.8753
332 85.7178 71.1098
385 85.5163 68.4241
201 85.2972 65.5036
497 85.1251 63.2089
506 84.5794 62.7599
977 84.0315 62.3092
838 83.5182 61.887
884 83.0759 61.5231
136 82.6309 61.157
951 82.2444 60.839
684 81.9359 60.5853
170 81.6165 60.3225
242 81.2456 60.0174
198 80.8829 59.719
107 80.5218 59.4219
670 74.5412 54.502
967 73.6379 53.7589
143 72.5988 52.9041
553 71.819 52.2626
644 70.9869 51.5781
606 70.3721 51.0723
314 69.8802 50.6676
850 69.9232 50.8505
926 69.9584 51.0003
357 69.9931 51.1482
70 70.0335 51.32
842 70.0724 51.4857
932 70.1123 51.6554
425 70.1497 51.8145
920 70.1874 51.9748
195 70.2233 52.1274
592 70.2602 52.2847
29 70.2988 52.4488
466 70.3414 52.6299
609 70.3984 52.8727
656 71.2352 56.4331
962 72.0173 59.7611
867 72.1965 60.5235
110 72.3384 61.1274
173 72.4719 61.6957
152 72.5025 61.826
67 72.5319 61.9509
334 72.5605 62.0726
68 72.5902 62.1989
595 72.6198 62.3247
583 72.6477 62.4437
538 72.6786 62.575
941 72.7731 62.9769
387 72.8731 63.4028
650 73.3196 65.3023
383 73.8309 67.478
852 74.3289 69.597
204 75.0414 72.6285
864 74.8574 72.8611
648 74.8574 72.8611
579 74.3553 72.7802
528 73.9106 72.7085
818 73.3129 72.6122
900 72.7009 72.5135
417 72.1464 72.4241
465 71.5078 72.3212
775 71.0448 72.2055
481 70.5401 72.0793
83 70.0412 71.9546
837 69.5221 71.8248
297 68.9903 71.6918
18 68.5838 71.4938
290 68.1993 71.3065
937 67.8245 71.1239
378 67.2895 70.8633
460 66.7714 70.6109
832 66.2912 70.377
671 65.8642 70.1691
509 65.493 69.9883
51 65.1361 69.8144
904 64.7416 69.6222
71 64.3509 69.4319
727 63.2863 68.9133
91 62.0466 68.3094
987 62.0579 68.2638
315 62.0692 68.218
847 62.0815 68.168
238 62.0942 68.1167
810 62.106 68.0691
744 62.1169 68.025
654 62.1286 67.9776
485 62.1404 67.9299
432 62.1404 67.9299
800 62.1404 67.9299
109 62.1404 67.9299
112 62.1404 67.9299
975 62.1404 67.9299
942 61.2718 66.1988
767 60.8823 65.4224
577 60.6191 64.8978
625 60.4166 64.4941
393 60.2264 64.1148
478 60.0137 63.6909
286 59.7975 63.2599
340 59.611 62.8881
293 59.3885 62.4444
190 59.1822 62.0332
420 58.9898 61.6496
216 58.7613 61.1942
515 58.5361 60.7451
647 58.2954 60.2654
117 58.0388 59.7539
762 57.8636 59.4047
453 57.6721 59.0229
668 57.4518 58.5837
964 57.1755 58.033
35 56.8812 57.4462
875 56.5751 56.8361
623 56.5751 56.8361
102 56.5751 56.8361
276 53.6219 55.0106
186 53.2288 54.7676
492 52.8136 54.5109
262 52.428 54.2726
906 52.0179 54.0191
870 51.8602 54.1528
522 50.4059 55.3852
461 50.3483 55.7318
798 50.2908 56.0783
396 50.2416 56.3745
519 50.1902 56.6841
945 50.1364 57.0076
498 50.0757 57.373
621 50.0175 57.7234
342 49.9622 58.0567
597 49.8898 58.4924
161 49.8167 58.9326
968 49.7472 59.3511
101 49.6877 59.7095
715 49.6201 60.1166
793 49.6201 60.1166
281 49.6201 60.1166
188 49.6201 60.1166
907 49.6201 60.1166
617 49.0939 61.7025
605 48.6391 63.0732
440 48.4381 63.6789
743 48.2163 64.3477
468 47.9848 65.0454
632 47.736 65.7952
986 47.531 66.4131
855 47.3403 66.988
171 47.1406 67.59
755 46.9439 68.1829
235 46.8528 68.4575
802 46.7501 68.767
782 46.6582 69.0441
894 46.5753 69.294
513 46.4916 69.5462
791 46.4159 69.7743
558 46.3247 70.0494
208 46.2249 70.3501
769 46.114 70.6846
84 46.0115 70.9934
921 45.8549 71.4655
280 45.7077 71.9092
857 45.0465 72.0354
56 44.2701 72.1837
292 43.6433 72.3033
350 43.3252 72.364
459 43.0023 72.4257
910 42.6807 72.4871
540 42.3806 72.5444
294 42.0821 72.6013
215 41.7721 72.6605
561 41.4773 72.7168
193 41.198 72.7701
564 40.9036 72.8263
562 40.6059 72.8831
484 40.3081 72.94
895 39.9979 72.9992
976 39.3636 73.1203
248 38.7723 73.2331
82 38.0464 73.3717
779 37.107 73.551
919 35.5762 73.8433
614 34.7521 74.0006
270 33.8785 74.1673
724 33.0053 74.334
80 32.002 74.5255
954 30.4803 74.816
773 29.1183 75.076
469 27.7143 75.344
950 27.6355 75.3591
16 27.5583 75.3738
168 27.477 75.3893
223 27.4104 75.402
806 27.3393 75.4156
189 27.267 75.4294
689 27.1884 75.4444
662 27.1074 75.4599
574 27.0182 75.4769
487 26.9229 75.4951
58 26.8423 75.5105
927 26.8017 75.3601
946 26.7681 75.2355
60 26.7354 75.1141
697 26.7009 74.9862
424 26.6658 74.856
266 26.3945 73.8504
99 26.1457 72.928
789 25.9077 72.0459
680 25.6555 71.111
454 25.5962 70.891
113 25.5242 70.6243
957 25.4536 70.3624
788 25.3902 70.1276
382 25.3295 69.9026
739 25.2726 69.6915
329 25.4225 69.6189
451 25.5758 69.5446
361 25.72 69.4747
640 25.8908 69.392
132 26.0287 69.3252
524 26.174 69.2547
79 26.3409 69.1739
658 26.4857 69.1037
220 26.6391 69.0294
601 26.8059 68.9486
971 26.9706 68.8688
726 27.1237 68.7946
701 27.3004 68.7091
587 27.5003 68.6122
571 27.689 68.5208
275 27.8596 68.4382
635 28.0471 68.3473
137 28.2591 68.2446
965 28.4437 68.1552
596 28.6406 68.0597
720 28.8046 67.9803
537 28.974 67.8983
267 29.1679 67.8043
846 29.342 67.7199
765 29.5436 67.6223
730 29.69 67.5514
888 29.8475 67.4751
359 30.0367 67.3834
645 30.2157 67.2967
878 30.3862 67.2141
404 30.558 67.1308
21 30.7145 67.055
501 30.8637 66.9828
552 31.015 66.9094
34 31.1994 66.8201
523 31.4049 66.7205
252 31.5531 66.6488
600 31.6937 66.5806
327 31.8943 66.4835
903 32.1101 66.3789
510 32.3244 66.2751
59 32.5305 66.1752
729 32.8834 66.0043
901 33.273 65.8155
507 33.6904 65.6133
839 34.2704 65.3323
533 34.8158 65.0681
54 35.2875 64.8396
576 35.7408 64.62
89 36.1441 64.4246
225 36.5324 64.2365
30 36.9248 64.0464
365 37.2967 63.8662
308 37.6671 63.6868
390 38.0518 63.5004
591 38.5056 63.2806
493 39.1166 62.9846
410 39.7783 62.664
912 40.3855 62.3698
282 41.0574 62.0443
163 41.0574 62.0443
144 41.0574 62.0443
134 41.4148 61.318
676 41.9424 60.2458
923 42.4926 59.1276
683 42.895 58.3098
370 43.4069 57.2695
210 43.9197 56.2274
85 44.3898 55.2721
104 44.3898 55.2721
472 44.3898 55.2721
778 44.3898 55.2721
291 44.3898 55.2721
804 44.3898 55.2721
175 44.3898 55.2721
922 44.0592 54.4125
127 43.7436 53.5918
732 43.4376 52.7962
471 43.0757 51.8551
264 42.6695 50.7987
452 42.1029 49.325
38 41.5744 47.9508
809 41.5744 47.9508
929 41.5744 47.9508
237 41.7182 47.4562
891 41.8743 46.9193
989 42.3322 45.3437
191 42.7554 43.8876
147 42.7554 43.8876
783 42.8913 43.7679
619 43.0278 43.6477
49 43.2148 43.483
706 43.4253 43.2976
692 43.6522 43.0978
566 43.8646 42.9108
480 44.0791 42.7219
876 44.2855 42.5401
586 44.6497 42.2194
7 44.8484 42.0444
790 45.0768 41.8432
421 45.3114 41.6366
844 45.5295 41.4446
865 45.746 41.2539
843 45.8948 41.1229
19 46.0727 40.9662
66 46.2319 40.826
935 46.3855 40.6907
853 46.5339 40.56
180 46.6783 40.4329
194 46.9602 40.1846
355 47.2981 39.887
681 47.5623 39.6543
978 47.791 39.4529
217 48.0004 39.2685
917 48.1811 39.1095
512 48.3841 38.9307
356 48.6281 38.7158
155 48.8912 38.4841
848 49.1855 38.2249
63 49.5105 37.9386
930 49.838 37.6503
716 50.1305 37.3927
862 50.4304 37.1286
781 51.5607 36.1332
594 52.2807 35.4991
675 53.0269 34.842
873 53.0475 34.8239
197 53.0669 34.8067
69 53.0877 34.7884
458 53.519 34.4087
555 53.9407 34.0373
250 54.3321 33.6926
43 54.7479 33.3265
785 55.1998 32.9286
634 55.6694 32.515
821 56.1665 32.0773
6 56.6141 31.6832
819 57.0402 31.308
55 57.3699 31.0177
377 57.7077 30.7202
27 58.0764 30.3956
828 58.4606 30.0572
751 58.856 29.7091
831 59.3015 29.3168
959 59.731 28.9386
295 60.1192 28.5968
164 60.4345 28.3192
419 60.8592 27.9452
777 62.1794 26.7827
581 63.7179 27.579
504 66.5564 29.048
232 71.182 31.442
358 71.182 31.442
323 71.5173 31.3424
45 71.8641 31.2395
24 72.305 31.1085
33 76.8987 29.7449
590 78.1537 29.3723
520 78.67 29.219
274 78.9537 29.1347
745 79.2922 29.0343
98 82.4392 28.1
835 82.4392 28.1
