0,103,721,959,777,504,176,581,819,24,295,598,164,828,45,831,821,930,27,873,681,55,419,421,716,555,6,844,197,289,358,781,209,314,43,865,19,458,377,66,250,978,634,355,751,785,875,217,594,63,906,586,472,342,870,127,508,388,7,834,687,512,180,522,276,194,529,692,862,257,790,49,237,210,913,38,69,748,935,356,269,989,480,191,811,461,147,679,452,848,853,917,302,413,160,414,438,778,155,783,619,706,525,397,535,876,934,664,151,278,566,221,869,11,824,486,822,307,787,337,883,549,902,467,379,351,626,702,439,310,407,287,643,709,669,653,284,573,111,64,704,26,363,246,518,261,915,8,722,629,488,881,812,187,588,211,366,412,741,963,362,674,682,572,661,348,646,61,258,254,86,205,268,299,74,794,283,125,958,943,4,354,710,331,602,121,641,612,474,899,985,402,836,212,863,133,455,514,829,990,700,65,32,673,655,228,87,10,898,328,330,423,57,972,771,565,166,925,708,841,489,542,949,336,527,749,616,770,116,534,505,663,476,384,46,78,499,222,142,122,849,128,805,123,174,157,182,422,352,312,47,154,936,100,373,677,858,303,218,909,956,463,731,691,341,148,908,652,214,723,758,233,475,543,34,797,37,391,545,59,633,510,279,764,698,496,79,688,938,403,471,729,451,897,324,891,735,599,981,756,291,922,89,929,705,56,267,715,903,390,571,603,370,175,804,163,910,144,537,878,976,54,724,493,596,410,839,80,809,225,104,533,720,30,576,171,308,21,365,689,779,732,591,765,872,540,459,523,957,912,501,359,600,946,662,454,635,846,587,507,327,526,645,404,640,296,270,223,658,733,927,252,574,789,124,16,99,552,578,604,730,924,382,479,411,333,788,226,266,137,971,349,901,965,60,132,220,608,443,329,114,427,948,888,784,739,482,219,48,275,338,524,361,326,630,162,347,531,589,196,701,950,601,860,3,97,398,747,970,381,607,825,657,639,371,487,234,14,445,500,119,734,879,939,966,717,376,113,400,556,429,255,346,991,224,686,168,772,760,703,192,81,680,321,374,694,77,131,726,799,517,184,955,339,272,277,667,665,130,31,207,503,796,457,502,551,178,728,890,298,240,830,554,90,719,815,316,244,433,988,759,169,969,628,546,570,401,426,444,803,892,364,557,736,75,95,203,944,213,868,108,247,446,711,827,585,300,405,637,914,615,93,560,780,750,17,462,916,693,138,360,199,380,982,304,386,88,153,39,301,447,905,568,236,442,678,718,325,792,547,436,953,106,263,435,1,399,200,695,753,973,430,288,28,651,368,50,418,469,490,36,456,610,167,786,521,424,183,933,712,115,697,441,253,141,150,249,2,13,227,859,699,886,871,431,696,58,776,631,761,491,714,885,833,15,495,44,614,550,757,41,611,256,918,231,773,306,428,409,92,672,593,808,20,768,96,960,189,806,954,638,752,139,72,866,181,569,389,172,309,76,73,120,649,919,766,738,974,271,392,707,437,874,5,265,840,343,129,795,877,22,292,241,613,448,449,294,215,807,230,146,53,305,548,394,470,416,564,894,350,248,940,511,239,536,952,126,408,82,369,541,245,575,40,659,105,375,713,179,931,344,193,737,826,415,12,140,896,62,434,642,887,624,313,802,562,202,882,774,335,319,618,814,755,516,530,861,961,584,980,563,280,895,532,746,165,118,856,690,754,636,23,911,206,320,763,539,561,559,259,851,367,947,880,567,477,816,317,622,406,177,378,156,185,801,395,18,992,845,813,464,818,149,666,318,353,494,285,159,42,158,620,823,817,481,297,984,544,744,417,135,820,725,864,893,273,465,775,52,145,854,937,580,251,983,740,928,889,204,742,322,25,450,473,648,660,685,528,311,372,497,201,385,334,951,387,198,684,136,506,107,383,838,852,332,242,941,967,884,170,977,71,515,538,83,727,290,962,837,110,668,900,650,654,579,975,432,67,68,460,904,762,51,173,340,238,393,671,605,867,509,832,315,847,152,91,907,855,617,420,647,782,229,800,582,513,986,632,577,921,987,112,9,597,161,440,281,676,558,683,264,134,621,235,453,625,857,84,94,484,923,968,35,208,109,769,945,843,286,623,743,810,519,186,85,791,793,498,101,282,798,216,485,492,262,964,188,468,478,293,595,767,143,396,644,102,656,190,117,842,942,675,553,606,920,425,357,466,926,274,609,195,70,745,232,670,592,29,850,323,583,932,835,520,590,33,98,483,979,243,345,627,260,
value : 411.979 running time : 771.500800
0 80 20
103 66.9034 15.4458
721 66.4368 16.1032
959 65.7227 17.1094
777 65.1938 17.8547
504 64.66 18.6069
176 64.1349 19.3469
581 63.4481 20.3145
819 62.7395 21.3131
24 62.0853 22.2349
295 61.3679 23.2458
598 60.5719 24.3673
164 59.5116 25.8612
828 58.7847 26.8854
45 58.1995 27.7101
831 57.8814 28.1583
821 57.5362 28.6447
930 57.1844 29.1405
27 56.9355 29.4912
873 56.6943 29.8312
681 56.4398 30.1898
55 56.2105 30.513
419 55.9748 30.8451
421 55.6935 31.2415
716 55.6585 31.2909
555 55.63 31.331
6 55.5992 31.3745
844 55.5623 31.4265
197 55.5306 31.4711
289 55.5033 31.5096
358 55.475 31.5494
781 55.4463 31.5899
209 55.4154 31.6335
314 55.3851 31.6762
43 54.8141 32.0192
865 54.2982 32.329
19 53.8227 32.6146
458 53.3917 32.8734
377 52.9632 33.1308
66 52.4937 33.4128
250 52.076 33.6637
978 51.6928 33.8938
634 51.3215 34.1168
355 50.9162 34.3602
751 50.4915 34.6153
785 50.0427 34.8849
875 49.5886 35.1576
217 49.1919 35.3959
594 48.5587 35.7761
63 47.3628 36.4945
906 46.209 37.1875
586 44.9678 37.933
472 43.7421 38.6692
342 42.7082 39.2903
870 41.8607 39.7993
127 38.6146 41.7493
508 38.6146 41.7493
388 38.6146 41.7493
7 38.6146 41.7493
834 38.6146 41.7493
687 38.6146 41.7493
512 38.6146 41.7493
180 38.6146 41.7493
522 38.6146 41.7493
276 38.6146 41.7493
194 38.6146 41.7493
529 38.6146 41.7493
692 38.6146 41.7493
862 38.6146 41.7493
257 38.6146 41.7493
790 38.6146 41.7493
49 38.6146 41.7493
237 38.6146 41.7493
210 38.129 41.3947
913 37.6422 41.0394
38 37.6409 41.0372
69 37.6397 41.0352
748 37.6384 41.033
935 37.6372 41.0308
356 37.6361 41.0289
269 37.6349 41.0269
989 37.6336 41.0247
480 37.6323 41.0224
191 37.631 41.0201
811 37.6299 41.0182
461 37.6289 41.0165
147 37.5762 40.9256
679 37.5178 40.8247
452 37.4603 40.7255
848 37.4029 40.6265
853 37.3441 40.5251
917 37.2869 40.4265
302 37.2301 40.3284
413 37.171 40.2264
160 37.109 40.1195
414 37.053 40.0228
438 36.9968 39.9259
778 36.9958 39.9201
155 36.9948 39.9142
783 36.9939 39.9088
619 36.993 39.9034
706 36.992 39.8978
525 36.9911 39.8924
397 36.9901 39.8869
535 36.989 39.8804
876 36.7818 38.6826
934 36.1737 35.1663
664 36.166 35.1214
151 36.1574 35.0722
278 36.1484 35.0197
566 36.1403 34.9731
221 36.1307 34.9178
869 36.1238 34.8776
11 36.117 34.8382
824 35.6384 32.0713
486 35.4748 31.1256
822 35.3123 30.1858
307 35.1695 29.3604
787 35.0494 28.6658
337 34.9293 27.972
883 34.8339 27.42
549 34.7529 26.9521
902 33.6712 20.6967
467 33.6757 20.4768
379 33.6815 20.1908
351 33.6884 19.8547
626 33.694 19.5821
702 33.6998 19.2963
439 33.7059 18.9993
310 33.7123 18.6873
407 33.7189 18.363
287 33.7247 18.0807
643 33.7297 17.8342
709 33.735 17.5767
669 33.7415 17.257
653 33.7466 17.0051
284 33.752 16.7442
573 33.7582 16.4401
111 33.764 16.1565
64 33.7702 15.8529
704 33.7768 15.5285
26 33.7832 15.2181
363 33.7902 14.8716
246 33.7967 14.5553
518 33.8039 14.2006
261 33.745 14.2011
915 24.6115 14.2708
8 19.6251 14.3087
722 13.7621 14.3534
629 13.7219 14.3537
488 13.6841 14.354
881 13.6394 14.3543
812 13.5958 14.3546
187 12.8336 18.9469
588 12.8359 19.1048
211 12.8381 19.2579
366 12.8404 19.4191
412 12.8428 19.5827
741 12.8452 19.7502
963 12.8476 19.9115
362 12.8497 20.0595
674 12.8519 20.2139
682 12.8544 20.3802
572 12.857 20.5649
661 12.8593 20.723
348 12.8614 20.8682
646 12.8637 21.0224
61 12.8666 21.2217
258 12.8881 22.7043
254 12.906 23.9391
86 12.9718 28.4689
205 12.9731 28.558
268 12.9732 28.5631
299 12.9733 28.5682
74 12.9733 28.5736
794 12.9734 28.5792
283 12.9735 28.5849
125 12.9736 28.5901
958 12.9737 28.5954
943 12.9737 28.5954
4 12.9737 28.5954
354 12.9737 28.5954
710 12.9648 28.9593
331 12.9559 29.3284
602 12.9458 29.7408
121 12.9353 30.1748
641 12.9253 30.5842
612 12.9144 31.0329
474 12.9105 31.1947
899 12.906 31.3783
985 12.9012 31.5776
402 12.8965 31.771
836 12.8912 31.9923
212 12.8858 32.2145
863 12.8811 32.4076
133 12.877 32.5795
455 12.8726 32.758
514 12.8661 33.0289
829 12.859 33.3198
990 12.8522 33.6003
700 12.8458 33.8636
65 12.8396 34.1219
32 12.8333 34.3785
673 12.8275 34.6185
655 12.8199 34.9313
228 12.2447 35.1865
87 11.6621 35.4448
10 11.0935 35.697
898 10.5037 35.9586
328 10.5068 37.8157
330 10.5102 39.6819
423 10.5135 41.5423
57 10.5164 43.2226
972 10.5193 44.7623
771 10.521 45.6837
565 10.5227 46.5616
166 10.5238 47.137
925 10.5247 47.593
708 10.5247 47.593
841 10.5247 47.593
489 10.5247 47.593
542 10.5247 47.593
949 10.5247 47.593
336 10.5247 47.593
527 10.5247 47.593
749 10.5247 47.593
616 10.5247 47.593
770 10.5247 47.593
116 10.5247 47.593
534 10.5247 47.593
505 10.5247 47.5931
663 10.5247 47.5931
476 10.5247 47.5931
384 10.5247 47.5931
46 10.5247 47.5931
78 10.5247 47.5931
499 10.5247 47.5931
222 10.5367 48.0876
142 10.5488 48.5931
122 10.5629 49.1762
849 10.6842 49.2539
128 10.8206 49.3414
805 10.9782 49.4425
123 11.1248 49.5364
174 11.2806 49.6363
157 11.4186 49.7247
182 11.5931 49.8366
422 11.7595 49.9433
352 11.8894 50.0265
312 12.0172 50.1084
47 12.1665 50.2041
154 12.3225 50.3041
936 12.4793 50.4046
100 12.6338 50.5037
373 12.7919 50.605
677 12.9598 50.7127
858 13.1197 50.8152
303 13.2644 50.9079
218 13.4161 51.0051
909 13.5784 51.1092
956 13.7554 51.2226
463 13.9006 51.3157
731 14.0592 51.4173
691 14.2489 51.539
341 14.4119 51.6435
148 14.5918 51.7588
908 14.7746 51.8759
652 14.9329 51.9775
214 15.1122 52.0924
723 15.7623 52.5093
758 16.1683 52.7696
233 16.5772 53.0317
475 16.9431 53.2663
543 17.2979 53.4938
34 17.5494 53.655
797 17.7736 53.7987
37 18.01 53.9503
391 18.4521 54.2714
545 18.9083 54.6027
59 19.2928 54.882
633 19.6323 55.1286
510 19.9818 55.3824
279 20.2793 55.5985
764 20.6128 55.8407
698 20.9349 56.0747
496 21.2849 56.3289
79 21.8103 56.7105
688 22.2512 57.0308
938 22.6548 57.3239
403 23.1027 57.6492
471 31.5649 63.7948
729 31.5649 63.7948
451 31.5649 63.7948
897 31.5649 63.7948
324 31.5649 63.7948
891 31.5707 63.8205
735 31.5773 63.8495
599 31.5838 63.8777
981 31.5898 63.9042
756 31.5963 63.9324
291 31.603 63.9616
922 31.6093 63.9894
89 31.6161 64.0192
929 31.6232 64.0505
705 31.6306 64.0827
56 31.6378 64.1144
267 31.6448 64.1447
715 31.652 64.1765
903 31.6592 64.2079
390 31.6661 64.2383
571 31.6729 64.268
603 31.6789 64.2942
370 31.6858 64.3245
175 31.8323 64.9651
804 31.9828 65.6231
163 32.1333 66.281
910 32.282 66.9308
144 32.4265 67.5628
537 32.4265 67.5628
878 32.4265 67.5628
976 32.4265 67.5628
54 32.4265 67.5628
724 32.4265 67.5628
493 32.4265 67.5628
596 32.4265 67.5628
410 32.4265 67.5628
839 32.4265 67.5628
80 32.4265 67.5628
809 32.4265 67.5628
225 32.4265 67.5628
104 32.4265 67.5628
533 32.4265 67.5628
720 32.4265 67.5628
30 32.4265 67.5628
576 32.4265 67.5628
171 32.4265 67.5628
308 32.4265 67.5628
21 32.4265 67.5628
365 32.4265 67.5628
689 32.4265 67.5628
779 32.4265 67.5628
732 32.3579 67.5936
591 32.1923 67.6679
765 32.0387 67.7367
872 31.8779 67.8088
540 31.7314 67.8745
459 31.5285 67.9655
523 31.3023 68.0669
957 31.0127 68.1968
912 30.7374 68.3203
501 30.4342 68.4563
359 30.1357 68.5902
600 29.8276 68.7284
946 29.5468 68.8543
662 29.3268 68.953
454 29.0917 69.0584
635 28.8542 69.1649
846 28.6309 69.2651
587 28.4157 69.3615
507 28.1986 69.4589
327 27.9812 69.5564
526 27.7679 69.652
645 27.5642 69.7434
404 27.3483 69.8402
640 27.0849 69.9583
296 26.8089 70.0821
270 26.7814 70.0829
223 26.7475 70.0839
658 26.7113 70.085
733 26.6796 70.086
927 26.6494 70.0869
252 26.6223 70.0877
574 26.5893 70.0886
789 26.5571 70.0896
124 26.5272 70.0905
16 26.4936 70.0915
99 26.4589 70.0925
552 26.4262 70.0935
578 26.3966 70.0944
604 26.3674 70.0952
730 26.3358 70.0962
924 26.301 70.0972
382 26.2694 70.0981
479 26.2359 70.0991
411 26.2051 70.1001
333 26.1777 70.1009
788 26.15 70.1017
226 26.1221 70.1025
266 25.7249 70.1143
137 25.3738 70.1248
971 24.9356 70.1378
349 24.5209 70.1501
901 24.1114 70.1623
965 23.6863 70.1749
60 23.2486 70.1879
132 22.2602 70.2173
220 21.3682 70.2438
608 20.5197 70.269
443 19.6161 70.2959
329 18.6823 70.3236
114 17.6515 70.3543
427 16.7103 70.3822
948 16.2546 70.3958
888 15.8661 70.4073
784 15.335 70.4231
739 14.9219 70.4354
482 14.498 70.448
219 14.0631 70.4609
48 13.6826 70.4722
275 13.3663 70.4066
338 13.0058 70.3318
524 12.6677 70.2617
361 12.3199 70.1895
326 11.9541 70.1136
630 11.5422 70.0282
162 11.1219 69.941
347 10.684 69.8502
531 10.684 69.8502
589 10.6822 69.8895
196 10.6803 69.9327
701 10.6781 69.9822
950 10.6762 70.0261
601 10.6744 70.0649
860 10.6725 70.1092
3 10.6708 70.1469
97 10.6689 70.1891
398 10.6671 70.2303
747 10.6654 70.2693
970 10.6634 70.3143
381 10.6613 70.3603
607 10.6593 70.4068
825 10.6572 70.4538
657 10.6554 70.4949
639 10.6536 70.5353
371 10.6519 70.5739
487 10.6499 70.6176
234 10.6484 70.6529
14 10.6463 70.6991
445 10.6442 70.7457
500 10.6423 70.7903
119 10.6404 70.8317
734 10.6386 70.8732
879 10.6367 70.9167
939 10.6348 70.9594
966 10.6327 71.006
717 10.6307 71.0505
376 10.6288 71.0946
113 10.6266 71.1445
400 10.6244 71.1924
556 10.6223 71.24
429 10.6204 71.2831
255 10.6185 71.3264
346 10.6163 71.3768
991 10.6142 71.4243
224 10.6122 71.4685
686 10.6103 71.5105
168 10.6085 71.5525
772 10.6069 71.5884
760 10.6022 71.6949
703 10.5959 71.8371
192 10.5889 71.9952
81 10.5815 72.1612
680 10.5739 72.3329
321 10.5661 72.508
374 10.5593 72.6618
694 10.5531 72.802
77 10.5468 72.9445
131 10.5398 73.1026
726 10.5313 73.2926
799 10.5242 73.4549
517 10.5158 73.6425
184 10.5066 73.8516
955 10.4983 74.0371
339 10.4911 74.2008
272 10.4844 74.3513
277 10.4771 74.5175
667 10.4692 74.6952
665 10.4611 74.8773
130 10.4528 75.0656
31 10.4309 75.5575
207 10.4121 75.9826
503 10.3909 76.4596
796 10.3686 76.9634
457 10.3469 77.4517
502 10.3252 77.942
551 10.2999 78.511
178 10.2754 79.0637
728 10.2517 79.597
890 10.2272 80.149
298 10.2025 80.7057
240 10.1719 81.3959
830 10.1424 82.0605
554 10.1112 82.7638
90 10.0769 83.5356
719 10.0393 84.3824
815 10.0034 85.1926
316 9.969 85.9666
244 9.93549 86.7218
433 9.89775 87.572
988 9.81597 89.4099
759 9.81999 89.4094
169 9.82389 89.4089
969 9.8277 89.4084
628 9.83185 89.4079
546 9.83581 89.4074
570 9.83961 89.407
401 9.84334 89.4065
426 9.8473 89.406
444 9.85124 89.4056
803 9.8551 89.4051
892 9.85917 89.4046
364 9.863 89.4041
557 9.86709 89.4036
736 9.8708 89.4032
75 9.8747 89.4027
95 9.87882 89.4022
203 9.88259 89.4017
944 9.88617 89.4013
213 9.91488 89.3978
868 9.97154 89.3908
108 10.0338 89.3832
247 10.093 89.376
446 10.148 89.3693
711 10.1998 89.3629
827 10.2527 89.3564
585 10.3079 89.3497
300 10.367 89.3425
405 10.426 89.3352
637 10.4884 89.3276
914 10.5487 89.3202
615 10.6131 89.3123
93 10.6791 89.3043
560 10.7423 89.2965
780 10.7982 89.2897
750 10.849 89.2835
17 10.9102 89.276
462 10.9683 89.2689
916 11.0274 89.2616
693 11.0807 89.2551
138 11.1386 89.248
360 11.201 89.2404
199 11.2518 89.2342
380 11.3059 89.2275
982 11.3683 89.2199
304 11.4277 89.2126
386 11.4888 89.2052
88 11.55 89.1977
153 11.6008 89.1915
39 11.6535 89.185
301 11.7133 89.1777
447 11.7725 89.1705
905 11.8335 89.163
568 11.8911 89.1559
236 11.9501 89.1487
442 12.0106 89.1413
678 12.0663 89.1345
718 12.1287 89.1269
325 12.1915 89.1192
792 12.2479 89.1123
547 12.3072 89.105
436 12.3705 89.0973
953 12.4273 89.0903
106 12.4867 89.083
263 12.5505 89.0752
435 12.612 89.0677
1 13.5074 88.9583
399 14.438 88.8446
200 15.3641 88.7314
695 16.7698 88.5598
753 18.1714 88.3886
973 19.5848 88.2159
430 21.1053 88.0303
288 21.1527 88.0245
28 21.2 88.0187
651 21.2404 88.0138
368 21.2811 88.0088
50 21.3226 88.0037
418 21.3655 87.9985
469 21.4061 87.9935
490 21.4496 87.9882
36 21.4907 87.9831
456 21.5313 87.9782
610 21.575 87.9728
167 21.618 87.9676
786 21.6585 87.9626
521 21.6956 87.958
424 21.734 87.9534
183 21.7722 87.9487
933 21.8112 87.9439
712 21.8513 87.939
115 21.8927 87.9339
697 21.9373 87.9285
441 21.9789 87.9234
253 22.0239 87.9179
141 22.0667 87.9126
150 22.1053 87.9079
249 22.1415 87.9035
2 22.1827 87.8984
13 22.2143 87.8946
227 22.2504 87.8901
859 22.2901 87.8853
699 22.3256 87.8809
886 22.3665 87.8759
871 22.406 87.8711
431 22.446 87.8662
696 22.4861 87.8613
58 22.5238 87.8567
776 22.5613 87.8521
631 22.6042 87.8468
761 22.6042 87.8468
491 22.6042 87.8468
714 22.6043 87.8468
885 22.8515 87.8104
833 23.0903 87.7752
15 23.3292 87.7401
495 24.6171 87.5504
44 27.1174 87.182
614 30.0985 86.7428
550 30.0809 87.04
757 30.0597 87.3964
41 30.0368 87.7815
611 30.0112 88.2117
256 30.0058 88.303
918 29.9996 88.4065
231 29.9935 88.5097
773 29.9875 88.6111
306 29.9806 88.727
428 29.9751 88.8192
409 29.9689 88.9244
92 29.9637 89.0119
672 29.958 89.1073
593 29.9516 89.2147
808 29.9582 89.2142
20 29.9642 89.2138
768 29.9704 89.2133
96 30.5127 89.1726
960 31.0502 89.1323
189 31.5793 89.0926
806 32.0321 89.0586
954 32.4792 89.0251
638 32.9861 88.987
752 33.4946 88.9489
139 33.9847 88.9121
72 34.4306 88.8787
866 34.8848 88.8446
181 35.1539 88.8244
569 35.4137 88.8049
389 35.6693 88.7857
172 35.8923 88.769
309 36.1206 88.7519
76 36.3283 88.7364
73 36.5881 88.7169
120 36.8725 88.6955
649 37.18 88.6725
919 37.4676 88.6509
766 37.7706 88.6282
738 38.0444 88.6077
974 38.3217 88.5869
271 38.6122 88.5651
392 38.925 88.5416
707 39.2504 88.5172
437 39.594 88.4914
874 39.9435 88.4652
5 40.1655 88.4486
265 40.2431 88.3659
840 40.3574 88.2441
343 40.4571 88.1379
129 40.5541 88.0345
795 40.6498 87.9326
877 40.7519 87.8238
22 40.8568 87.712
292 40.9705 87.5909
241 41.0733 87.4815
613 41.1693 87.3792
448 41.301 87.2389
449 41.4498 87.0804
294 41.6115 86.9081
215 41.7528 86.7576
807 41.8873 86.6143
230 42.0124 86.481
146 42.1461 86.3386
53 42.2886 86.1868
305 42.4555 86.009
548 42.616 85.838
394 42.7924 85.6501
470 42.9667 85.4644
416 43.6005 84.7896
564 44.2788 84.0674
894 44.9409 83.3624
350 45.6514 83.9401
248 46.6522 84.7536
940 47.719 85.6208
511 48.8153 86.512
239 48.9803 86.6461
536 49.1433 86.7788
952 49.305 86.9102
126 49.453 87.0307
408 49.6145 87.1621
82 49.7687 87.2875
369 49.9454 87.4312
541 50.1204 87.5735
245 50.2477 87.6771
575 50.3793 87.7841
40 50.5099 87.8903
659 50.6355 87.9925
105 50.7791 88.1092
375 50.9089 88.2148
713 51.0342 88.3168
179 51.1548 88.4149
931 51.2881 88.5233
344 51.2881 88.5233
193 51.2881 88.5233
737 51.2881 88.5233
826 51.2881 88.5233
415 51.2881 88.5233
12 51.2881 88.5233
140 51.2881 88.5233
896 51.2881 88.5233
62 51.2881 88.5233
434 51.2882 88.5233
642 51.2882 88.5233
887 51.2882 88.5233
624 51.2882 88.5233
313 51.2882 88.5233
802 51.2882 88.5233
562 51.2882 88.5233
202 51.2882 88.5233
882 51.2882 88.5233
774 51.2882 88.5234
335 51.2882 88.5234
319 51.2882 88.5234
618 51.2882 88.5234
814 51.2882 88.5234
755 51.2882 88.5234
516 51.2882 88.5234
530 51.2882 88.5234
861 51.2882 88.5234
961 51.2882 88.5234
584 51.2882 88.5234
980 51.2882 88.5234
563 51.2882 88.5234
280 51.2882 88.5234
895 51.2882 88.5234
532 51.2882 88.5234
746 51.2882 88.5234
165 51.2882 88.5234
118 51.2882 88.5234
856 51.2882 88.5234
690 51.2882 88.5234
754 51.2882 88.5234
636 51.2882 88.5234
23 51.2882 88.5234
911 51.2882 88.5234
206 51.2882 88.5234
320 51.2882 88.5234
763 51.2882 88.5234
539 51.2882 88.5234
561 51.2882 88.5234
559 51.3548 88.7232
259 51.9432 88.6999
851 52.4684 88.6792
367 52.9843 88.6588
947 53.4849 88.6391
880 54.0185 88.618
567 54.5824 88.5958
477 55.0586 88.577
816 55.4629 88.561
317 55.868 88.545
622 56.244 88.5301
406 56.5117 88.5196
177 56.8451 88.5064
378 57.1495 88.4944
156 57.4115 88.484
185 58.7609 88.4308
801 59.9601 88.3835
395 61.1168 88.3379
18 62.2265 88.2942
992 63.2292 88.2546
845 64.2918 88.2127
813 65.2567 88.1746
464 66.0203 88.1445
818 66.8628 88.1113
149 66.9884 88.1063
666 67.1223 88.101
318 67.2487 88.096
353 67.3793 88.0909
494 67.5114 88.0856
285 67.6251 88.0811
159 67.7453 88.0764
42 67.8461 88.0724
158 67.96 88.0679
620 68.0676 88.0637
823 68.1789 88.0593
817 68.2886 88.0549
481 68.4018 88.0505
297 68.5097 88.0462
984 68.6192 88.0419
544 68.7425 88.037
744 68.8639 88.0322
417 71.9917 88.1437
135 74.9073 88.2476
820 74.9073 88.2476
725 74.9073 88.2476
864 74.9073 88.2476
893 74.9074 88.2476
273 74.9074 88.2476
465 75.0722 88.2521
775 75.245 88.2567
52 75.4144 88.2612
145 75.7385 88.2699
854 76.0937 88.2793
937 76.446 88.2888
580 76.8488 88.2995
251 77.5731 88.3188
983 79.1899 88.3616
740 79.9828 88.3827
928 80.7962 88.4044
889 82.1056 86.3946
204 83.1592 84.7776
742 83.53 84.2084
322 83.9933 83.4973
25 84.6131 82.546
450 85.0832 81.8244
473 85.2417 81.581
648 85.4338 81.2862
660 85.6556 80.9457
685 85.823 80.6889
528 86.0093 80.403
311 86.1945 80.1187
372 86.371 79.8477
497 85.1675 63.2899
201 84.8485 63.0367
385 84.5963 62.8366
334 84.3473 62.639
951 84.1452 62.4785
387 83.9884 62.5224
198 83.8409 62.5636
684 83.6892 62.606
136 83.5446 62.6465
506 83.3825 62.6918
107 83.2186 62.7376
383 82.9981 62.7993
838 82.8185 62.8495
852 82.6111 62.9075
332 82.4379 62.9559
242 82.2793 63.0003
941 82.0935 63.0523
967 81.9689 63.0871
884 81.8526 63.1196
170 81.6672 63.1715
977 78.3431 64.101
71 68.6026 66.825
515 68.3348 66.8424
538 68.1385 66.8551
83 67.9701 66.8661
727 67.7469 66.8806
290 67.5301 66.8947
962 67.3142 66.9087
837 67.0916 66.9232
110 66.8619 66.9381
668 66.6044 66.9548
900 66.3905 66.9688
650 66.1485 66.9845
654 65.9108 66.9999
579 65.6798 67.015
975 65.4015 67.033
432 65.0584 67.0553
67 64.8458 67.0692
68 64.624 67.0836
460 64.3927 67.0986
904 64.1805 67.1124
762 63.9578 67.1269
51 63.7595 67.1398
173 63.5411 67.154
340 63.3232 67.1681
238 63.1032 67.1824
393 62.8857 67.1965
671 62.6582 67.2113
605 62.4597 67.2242
867 62.2758 67.2362
509 62.0561 67.2505
832 61.839 67.2646
315 61.6371 67.2777
847 61.4556 67.2895
152 61.2773 67.3011
91 60.911 67.3249
907 60.7291 67.3367
855 60.5192 67.3503
617 60.3722 67.3599
420 60.2427 67.3683
647 59.9991 67.3842
782 59.7421 67.4009
229 59.7421 67.4009
800 58.1773 66.6735
582 56.3143 65.8075
513 54.2887 64.8659
986 54.2658 64.8553
632 54.2435 64.8449
577 54.2216 64.8347
921 54.1981 64.8238
987 54.1745 64.8129
112 54.1499 64.8014
9 54.1252 64.79
597 54.101 64.7787
161 54.0779 64.768
440 54.0545 64.7571
281 54.0287 64.7451
676 54.0044 64.7338
558 53.981 64.723
683 53.9576 64.7121
264 53.9576 64.7121
134 53.9576 64.7121
621 54.0327 64.5281
235 54.0802 64.4115
453 54.1317 64.2854
625 54.1855 64.1537
857 54.2304 64.0435
84 54.2862 63.9068
94 54.3353 63.7866
484 54.4035 63.6194
923 54.4936 63.3988
968 54.5634 63.2276
35 54.6389 63.0427
208 54.7033 62.8847
109 54.7724 62.7156
769 54.8505 62.5241
945 57.3483 56.404
843 57.4194 56.3342
286 57.4871 56.2677
623 57.5555 56.2006
743 57.6147 56.1424
810 57.6901 56.0684
519 57.7656 55.9942
186 57.8364 55.9248
85 57.9076 55.8548
791 57.9734 55.7902
793 58.0471 55.7178
498 58.1184 55.6479
101 58.1924 55.5752
282 58.2678 55.5012
798 58.3469 55.4235
216 58.4342 55.3377
485 58.5687 55.2057
492 58.684 55.0925
262 58.7986 54.98
964 58.906 54.8744
188 59.028 54.7547
468 59.1443 54.6405
478 59.4097 54.3799
293 59.6649 54.1293
595 59.9242 53.8747
767 60.6256 53.1859
143 61.2716 52.5516
396 61.7725 52.0597
644 62.3456 51.497
102 62.8486 51.0031
656 63.3466 50.514
190 63.8442 50.0254
117 64.3812 49.4981
842 64.9309 48.9583
942 65.4848 48.4144
675 66.1607 47.7507
553 66.7799 47.1426
606 67.3827 46.5507
920 68.0042 45.9405
425 68.152 45.7953
357 68.2898 45.66
466 68.4451 45.5075
926 68.586 45.3692
274 68.7497 45.2084
609 68.8328 45.1268
195 68.9124 45.0487
70 68.9862 44.9762
745 69.0782 44.8859
232 69.158 44.8075
670 69.2395 44.7275
592 69.3226 44.6459
29 69.4 44.5699
850 69.4728 44.4984
323 69.5567 44.4161
583 69.638 44.3362
932 69.7458 44.2304
835 75.5986 36.0886
520 78.3518 32.2589
590 80.1082 29.8159
33 81.6676 27.6469
98 83.5301 25.0562
483 86.1648 17.4943
979 86.097 17.5219
243 86.0289 17.5496
345 85.9527 17.5806
627 85.8772 17.6112
260 85.795 17.6447
