0,721,959,103,176,581,24,819,504,777,598,274,675,29,592,553,926,466,745,232,781,644,606,358,634,458,828,217,45,930,492,314,43,323,101,262,117,625,762,810,393,282,84,538,440,515,281,498,519,595,671,867,51,290,864,481,83,904,417,297,818,579,775,962,832,340,654,837,801,71,937,744,575,727,173,509,68,478,931,208,468,605,229,238,632,964,910,82,406,415,12,563,683,523,134,189,649,840,235,855,171,410,617,798,676,791,558,80,530,724,769,743,804,294,894,91,976,453,216,968,779,291,459,270,54,175,404,225,163,56,765,308,484,104,365,591,596,30,471,922,137,715,461,576,597,732,923,370,533,264,907,161,293,577,623,793,188,396,621,85,286,186,35,906,848,63,594,197,978,935,69,844,870,66,180,875,276,342,512,945,821,355,751,681,55,377,873,19,716,27,295,865,160,209,6,555,831,379,307,934,704,250,419,164,785,486,869,883,586,191,853,467,834,566,529,7,706,289,790,452,783,421,278,822,824,480,205,246,261,26,573,653,337,284,787,518,669,363,287,351,111,310,702,64,488,407,8,643,709,626,812,187,963,673,258,74,881,61,211,629,646,722,674,588,348,331,741,682,362,514,794,474,366,4,455,572,299,86,133,641,661,899,902,915,221,985,412,268,354,283,602,254,402,700,87,836,943,439,10,898,958,829,125,710,121,128,489,212,123,616,46,154,384,534,749,174,476,228,652,328,499,330,312,166,527,116,505,863,373,157,909,214,565,463,57,100,341,47,371,114,336,703,972,691,925,303,677,122,131,849,936,542,218,531,517,747,234,376,708,797,731,196,279,771,78,655,222,805,496,352,663,182,633,65,148,990,770,841,32,949,525,423,612,723,37,388,11,603,549,876,151,908,302,397,49,811,475,758,956,414,403,155,535,356,862,692,687,917,664,619,194,210,522,989,257,543,38,679,843,508,472,237,912,929,839,913,269,778,748,147,127,79,809,698,981,938,59,858,324,438,688,764,233,142,413,891,422,89,510,645,391,501,3,507,705,545,34,730,21,957,493,390,903,965,971,924,454,587,524,901,729,897,537,329,411,756,735,267,640,720,327,220,130,599,81,451,788,382,349,927,552,275,701,658,443,359,252,600,608,97,757,571,726,846,733,361,888,469,326,604,266,950,526,457,184,433,14,556,734,207,277,665,966,500,487,601,445,482,560,427,429,667,502,162,272,192,784,132,398,948,879,728,686,607,298,939,338,772,219,739,589,760,717,799,970,694,381,546,796,347,77,255,99,780,426,119,578,892,240,630,168,479,680,113,400,886,58,316,360,955,424,183,368,635,946,339,905,639,657,944,374,991,178,75,792,90,554,890,759,321,224,825,503,570,346,860,95,442,138,830,815,1,199,557,203,249,551,916,48,364,301,914,868,236,699,827,169,447,585,718,736,263,547,719,108,300,568,988,213,325,750,803,693,953,106,969,405,380,678,401,615,39,973,444,637,446,982,247,31,153,628,435,859,399,431,436,304,495,200,17,696,150,306,20,409,768,776,491,714,28,712,885,833,761,593,386,933,15,13,462,711,753,871,611,631,227,253,96,120,795,271,88,244,93,41,428,773,141,707,918,697,808,651,44,441,115,430,521,456,550,92,695,167,256,672,448,76,752,72,613,288,418,610,50,960,394,292,574,789,806,878,350,333,16,689,662,296,241,561,408,513,562,564,895,193,437,172,60,226,223,872,614,540,919,954,638,124,73,231,2,215,490,416,392,36,766,139,559,265,5,738,866,309,569,239,470,375,230,786,974,22,53,874,774,206,389,449,516,165,548,343,129,539,146,659,23,763,62,181,877,105,156,713,911,584,434,118,882,511,532,896,541,961,344,856,536,202,642,367,319,248,814,305,746,94,807,144,755,259,802,112,857,9,109,636,140,335,690,986,861,179,816,826,668,369,460,395,782,18,280,800,847,378,432,987,921,315,582,126,947,737,887,940,40,313,952,618,880,245,317,624,980,754,851,320,177,494,742,813,823,145,622,273,984,477,465,149,185,992,580,620,251,158,845,285,854,464,318,52,817,544,353,567,42,983,666,159,135,820,473,889,928,685,893,725,25,311,660,648,740,322,372,385,201,383,204,450,684,528,332,497,136,884,198,107,242,506,170,838,647,110,900,975,67,852,650,425,941,942,767,842,850,583,670,977,152,334,387,70,195,967,932,920,656,102,143,357,190,485,420,951,609,835,520,590,98,33,627,483,260,243,345,979,
value : 546.44 running time : 42.982291
0 80 20
721 74.6131 17.2392
959 70.478 15.1195
103 69.1742 14.451
176 69.0782 15.941
581 68.9758 17.5301
24 68.872 19.1407
819 68.7709 20.7106
504 68.6727 22.2359
777 68.5758 23.7402
598 68.0773 31.4491
274 67.7033 37.222
675 67.3065 38.0399
29 66.8574 38.9654
592 66.4265 39.8537
553 66.0443 40.5846
926 65.9061 40.8486
466 65.7634 41.1213
745 65.6264 41.3831
232 65.4884 41.6469
781 65.3423 41.9261
644 65.1627 42.2694
606 64.9707 42.6365
358 64.7718 43.0166
634 64.5769 43.3892
458 64.379 43.7675
828 64.1627 44.1809
217 63.7069 45.0526
45 63.2194 45.9849
930 62.6941 46.9897
492 62.0531 48.216
314 61.8502 48.6039
43 61.6526 48.9815
323 61.4495 49.3698
101 59.6379 52.8379
262 59.2824 53.5177
117 58.9147 54.2207
625 58.5716 54.8769
762 58.2331 55.5241
810 57.9369 56.0906
393 57.6596 56.6207
282 57.6271 56.6828
84 57.595 56.7441
538 57.5626 56.806
440 57.5321 56.8641
515 57.5016 56.9224
281 57.4707 56.9814
498 58.1131 58.2166
519 59.107 60.1274
595 61.3157 64.375
671 63.3212 68.2315
867 64.4634 70.4277
51 65.5189 72.4572
290 66.448 74.2436
864 67.3347 75.9485
481 67.2045 75.8631
83 67.0655 75.7719
904 66.9241 75.679
417 66.7606 75.5717
297 66.5985 75.4654
818 66.4223 75.3497
579 66.2458 75.2339
775 66.0605 75.1123
962 65.8797 74.9936
832 65.6928 74.871
340 65.4959 74.7418
654 65.2868 74.6046
837 65.0781 74.4676
801 64.8721 74.3324
71 64.6539 74.1892
937 64.4381 74.0476
744 64.2187 73.9037
575 63.9953 73.757
727 63.758 73.6013
173 63.5276 73.4502
509 63.2914 73.2951
68 63.0562 73.1408
478 62.8282 72.9912
931 61.3986 73.0934
208 60.0445 73.1902
468 58.7468 73.2831
605 57.5986 73.3652
229 56.4621 73.4465
238 55.3044 73.5293
632 53.7605 73.6397
964 52.2304 73.7491
910 49.6409 73.9339
82 49.6409 73.9339
406 49.6409 73.9339
415 49.6409 73.9339
12 49.2714 73.78
563 48.5744 73.4899
683 47.8732 73.1982
523 46.9544 72.8157
134 45.9783 72.4094
189 45.0087 72.0058
649 45.0057 71.9964
840 45.0026 71.9869
235 44.9994 71.9771
855 44.9963 71.9675
171 44.9932 71.9579
410 44.9901 71.9483
617 44.987 71.9389
798 44.9839 71.9293
676 44.9814 71.9214
791 44.9789 71.9136
558 44.9788 71.9136
80 44.9788 71.9136
530 44.9788 71.9136
724 44.9324 71.7734
769 44.8808 71.6177
743 44.836 71.4827
804 44.7868 71.3343
294 44.7283 71.1578
894 44.6787 71.0081
91 44.6267 70.8513
976 44.5781 70.7048
453 44.53 70.5595
216 44.4823 70.4158
968 44.4322 70.2647
779 44.3833 70.117
291 44.3357 69.9734
459 44.2856 69.8222
270 44.2329 69.6633
54 44.1873 69.5257
175 44.137 69.374
404 44.085 69.2171
225 44.0347 69.0654
163 43.9875 68.923
56 43.9413 68.7836
765 43.8951 68.6442
308 43.8458 68.4955
484 43.7951 68.3425
104 43.7522 68.213
365 43.7058 68.0728
591 43.6591 67.9319
596 43.5884 67.3913
30 43.5219 66.8825
471 43.4558 66.3775
922 43.3899 65.8735
137 43.3827 65.819
715 44.4465 64.4137
461 45.6901 62.7708
576 46.1994 62.0981
597 46.7138 61.4187
732 47.2129 60.7595
923 47.721 60.0884
370 48.2122 59.4396
533 48.7418 58.7401
264 49.4868 57.7561
907 50.3993 56.5507
161 50.4405 56.0884
293 50.4818 55.6244
577 50.5247 55.1427
623 50.567 54.6668
793 50.6123 54.1579
188 50.6565 53.6613
396 50.7012 53.1597
621 50.7483 52.6305
85 50.7956 52.0995
286 50.8448 51.5468
186 50.8947 50.9853
35 50.9462 50.4071
906 51.0055 49.7405
848 51.0625 49.0997
63 51.1163 48.4946
594 51.1673 47.9213
197 51.2138 47.3988
978 51.2569 46.9147
935 51.2969 46.4663
69 51.2969 46.4663
844 51.2969 46.4663
870 51.2969 46.4662
66 51.2969 46.4662
180 51.2969 46.4662
875 51.5251 45.4076
276 51.7611 44.3135
342 52.0058 43.1786
512 52.2635 41.9834
945 52.5767 40.5318
821 52.9904 38.616
355 53.2015 37.637
751 53.4096 36.6718
681 53.6164 35.7126
55 53.8142 34.7952
377 54.0151 33.8633
873 54.2049 32.9831
19 54.4011 32.0727
716 54.5965 31.1666
27 54.8704 29.8966
295 55.151 28.5958
865 51.6593 28.2095
160 48.4894 27.8588
209 48.4101 27.85
6 48.3301 27.8411
555 48.2419 27.8313
831 48.1526 27.8214
379 43.4504 27.3014
307 40.3994 26.9639
934 40.3994 26.9639
704 40.3994 26.9639
250 40.2441 27.2264
419 40.0812 27.5015
164 39.8343 27.9188
785 39.5549 28.3911
486 37.4006 32.0353
869 37.4006 32.0353
883 37.4006 32.0353
586 37.4292 32.165
191 37.4588 32.2997
853 37.489 32.4366
467 37.5202 32.5783
834 37.5503 32.715
566 37.5787 32.8442
529 37.6047 32.962
7 37.629 33.0727
706 37.6532 33.1825
289 37.6772 33.2914
790 37.6999 33.3946
452 37.7225 33.4972
783 37.4081 33.2129
421 36.8439 32.7029
278 36.1688 32.0925
822 35.5398 31.5239
824 34.9961 31.0324
480 34.5871 30.6627
205 34.0315 30.1604
246 34.0274 27.5675
261 34.0248 25.7009
26 34.0223 23.9815
573 34.02 22.3781
653 34.0179 20.8672
337 34.0162 19.5933
284 34.0144 18.3169
787 34.0126 17.01
518 34.0085 14.4029
669 33.434 14.4222
363 32.9162 14.4396
287 32.381 14.4576
351 31.7393 14.4791
111 31.0764 14.5014
310 30.2452 14.5293
702 28.5618 14.5858
64 27.4132 14.6244
488 26.1728 14.666
407 25.8692 14.6762
8 25.3098 14.695
643 24.8287 14.7112
709 24.3544 14.7271
626 23.2068 14.7656
812 12.5967 15.1213
187 12.17 16.1311
963 11.9861 16.5662
673 11.8356 16.9226
258 11.6976 17.2493
74 11.588 17.5088
881 11.588 17.5088
61 11.588 17.5088
211 11.588 17.5088
629 11.588 17.5088
646 11.588 17.5088
722 11.588 17.5088
674 11.5896 18.09
588 11.5912 18.7037
348 11.5929 19.3386
331 11.5947 19.979
741 11.5965 20.6566
682 11.5984 21.3596
362 11.6003 22.0632
514 11.6023 22.7721
794 11.603 23.0604
474 11.6037 23.362
366 11.6044 23.6536
4 11.6051 23.936
455 11.6058 24.229
572 11.6065 24.5155
299 11.6072 24.8042
86 11.6079 25.0821
133 12.1293 25.3545
641 12.6804 25.6426
661 13.1537 25.8899
899 13.5954 26.1207
902 13.9715 26.3173
915 14.2897 26.4835
221 14.5025 26.5948
985 14.2604 26.6426
412 13.9999 26.6941
268 13.9897 26.7369
354 13.9794 26.7803
283 13.9693 26.8226
602 13.9693 26.8226
254 13.9693 26.8226
402 13.9693 26.8226
700 13.9693 26.8226
87 13.9693 26.8226
836 13.9693 26.8226
943 13.9693 26.8226
439 13.9693 26.8226
10 13.0595 29.462
898 12.1062 32.2282
958 12.0187 32.8521
829 11.9492 33.3472
125 11.8722 33.8964
710 11.7978 34.4269
121 11.7044 35.0924
128 10.9748 40.2915
489 10.8976 40.8419
212 10.846 41.2095
123 10.7954 41.5703
616 10.7462 41.9213
46 10.697 42.2716
154 10.6471 42.6278
384 10.5997 42.9653
534 10.5515 43.3091
749 10.5067 43.6289
174 10.4648 43.9269
476 10.4266 44.1998
228 10.3874 44.4788
652 10.3471 44.7661
328 10.3072 45.0511
499 10.2407 45.5248
330 10.1524 46.1545
312 10.0352 46.9898
166 9.90153 47.9425
527 9.82587 48.4818
116 9.76411 48.9221
505 9.70917 49.3138
863 9.65518 49.6987
373 9.58158 50.2234
157 9.50534 50.7669
909 9.42576 51.3342
214 9.34132 51.9361
565 9.26451 52.4837
463 9.1947 52.9814
57 9.11633 53.5401
100 9.03171 54.1433
341 8.94215 54.7818
47 8.82666 55.6049
371 8.69613 56.5353
114 8.68462 56.6174
336 8.67357 56.6962
703 8.66257 56.7746
972 8.65163 56.8527
691 8.64067 56.9307
925 8.62969 57.0091
303 8.61867 57.0876
677 8.6076 57.1665
122 8.59652 57.2455
131 8.58536 57.3251
849 8.57431 57.4039
936 8.56311 57.4837
542 8.55169 57.5652
218 8.53998 57.6487
531 8.52821 57.7326
517 8.51658 57.8155
747 8.94001 57.4489
234 9.41114 57.0409
376 10.1052 56.4399
708 11.215 55.4789
797 13.7425 53.2903
731 14.59 52.5565
196 15.1033 52.112
279 15.8549 51.4612
771 16.6219 50.7971
78 17.2399 50.2619
655 17.6531 49.9041
222 17.9196 49.6734
805 18.2165 49.4162
496 18.6144 49.0717
352 19.0072 48.7316
663 19.4982 48.3064
182 19.9716 47.8965
633 20.5433 47.4014
65 21.1217 46.9006
148 21.1217 46.9006
990 21.1217 46.9006
770 21.1217 46.9006
841 21.4896 46.8653
32 21.9127 46.8247
949 22.3804 46.7798
525 22.8385 46.7359
423 23.3723 46.6847
612 23.884 46.6355
723 24.4062 46.5854
37 24.919 46.5361
388 25.4219 46.4878
11 25.9375 46.4383
603 26.4438 46.3897
549 26.9584 46.3403
876 27.0588 46.3337
151 27.1654 46.3266
908 27.2758 46.3192
302 27.3728 46.3128
397 27.4736 46.306
49 27.568 46.2998
811 27.673 46.2928
475 27.7838 46.2854
758 27.8931 46.2781
956 27.9976 46.2712
414 29.0222 46.2039
403 30.1004 46.1331
155 31.2375 46.0585
535 31.7011 46.0279
356 32.1067 46.0011
862 32.5008 45.9751
692 32.8876 45.9496
687 33.2649 45.9247
917 33.6107 45.9018
664 33.9781 45.8776
619 34.3198 45.855
194 34.6377 45.834
210 34.9659 45.8123
522 35.2841 45.7913
989 35.6008 45.7704
257 35.9151 45.7496
543 36.2631 46.2451
38 36.6286 46.7656
679 37.0119 47.3113
843 37.5648 48.0983
508 37.0951 48.5222
472 36.5728 48.9935
237 35.9392 49.5652
912 35.3118 50.1313
929 34.7624 50.627
839 34.2342 51.1036
913 33.711 51.5758
269 33.2091 52.0287
778 32.7069 52.4819
748 32.2048 52.935
147 31.6715 53.4162
127 31.1263 53.9082
79 30.5602 54.4189
809 29.9971 54.9271
698 29.4361 55.4333
981 29.4361 55.4333
938 29.4361 55.4333
59 29.4361 55.4333
858 29.4361 55.4333
324 29.4361 55.4333
438 29.4361 55.4333
688 28.6486 56.5775
764 27.6205 58.0714
233 27.5343 58.1967
142 27.4491 58.3205
413 27.3578 58.4532
891 27.1885 58.6992
422 26.9902 58.9874
89 26.7939 59.2726
510 26.562 59.6095
645 26.3144 59.9693
391 26.06 60.3389
501 24.0714 63.2287
3 22.3457 65.7364
507 22.3457 65.7364
705 22.3457 65.7364
545 22.3457 65.7364
34 22.3985 65.8571
730 22.4477 65.9695
21 22.5032 66.0962
957 22.5561 66.2172
493 22.6053 66.3294
390 22.6548 66.4426
903 22.7052 66.5576
965 22.7545 66.6704
971 22.8041 66.7836
924 22.8529 66.8951
454 22.8989 67.0002
587 22.9174 67.0423
524 22.9358 67.0843
901 22.9531 67.1237
729 22.97 67.1623
897 22.9864 67.1997
537 23.0018 67.2347
329 23.0202 67.2768
411 23.0376 67.3164
756 23.0557 67.3577
735 23.1142 67.4914
267 23.1717 67.6228
640 23.2322 67.7611
720 23.2929 67.8997
327 23.3545 68.0404
220 23.4193 68.1885
130 23.491 68.3524
599 23.5592 68.5084
81 23.6283 68.6663
451 23.699 68.8278
788 23.7669 68.9832
382 23.8376 69.1448
349 23.9075 69.3044
927 23.9773 69.4641
552 24.051 69.6326
275 24.1235 69.7982
701 24.1943 69.96
658 24.2637 70.1187
443 24.3362 70.2845
359 24.4123 70.4585
252 24.48 70.6131
600 23.9255 70.7072
608 23.3476 70.8052
97 22.787 70.9003
757 22.2865 70.9851
571 21.7907 71.0692
726 21.3462 71.1445
846 20.8458 71.2293
733 20.3548 71.3125
361 19.8377 71.4002
888 19.2711 71.4963
469 18.7223 71.5894
326 18.3642 71.5551
604 17.9778 71.518
266 17.3605 71.4589
950 16.6684 71.3926
526 15.9105 71.3201
457 15.051 71.2378
184 14.2601 71.1621
433 13.4231 71.082
14 12.9299 71.0347
556 12.5135 70.9948
734 12.1429 70.9593
207 11.8401 70.9303
277 11.7761 70.9241
665 11.7146 70.9182
966 11.6542 70.9123
500 11.6046 70.9075
487 11.5568 70.9029
601 11.5096 70.8984
445 11.46 70.8936
482 11.4061 70.8884
560 11.353 70.8833
427 11.3014 70.8783
429 11.2473 70.8731
667 11.1961 70.8682
502 11.1417 70.8629
162 11.0891 70.8578
272 11.0367 70.8528
192 10.9846 70.8477
784 10.9321 70.8427
132 10.8771 70.8374
398 10.8233 70.8322
948 10.7708 70.8271
879 10.7174 70.822
728 10.6646 70.8169
686 10.6122 70.8118
607 10.5603 70.8068
298 10.5088 70.8019
939 10.4579 70.7969
338 10.4108 70.7924
772 10.3645 70.7879
219 10.317 70.7833
739 10.2684 70.7787
589 10.2212 70.7741
760 10.1745 70.7696
717 10.1283 70.7651
799 10.082 70.7607
970 10.0351 70.7562
694 9.99076 70.7519
381 9.94613 70.7476
546 9.90059 70.7432
796 9.90059 70.7432
347 9.90059 70.7432
77 10.2281 71.6026
255 10.5892 72.5502
99 11.0175 73.6746
780 11.3126 74.4492
426 11.6208 75.2577
119 11.914 76.027
578 12.1776 76.7187
892 12.2714 76.9645
240 12.3668 77.2145
630 12.4674 77.4782
168 12.5703 77.7478
479 12.6815 78.0393
680 12.7989 78.3469
113 12.9144 78.6498
400 13.0322 78.9586
886 13.1438 79.251
58 13.2575 79.5491
316 13.3724 79.8504
360 13.4828 80.1397
955 13.5912 80.4237
424 13.6882 80.678
183 13.7783 80.9141
368 13.8336 81.059
635 13.8336 81.059
946 13.5134 81.1255
339 13.1769 81.1953
905 12.8486 81.2634
639 12.4974 81.3363
657 12.2835 81.3806
944 12.0826 81.4223
374 11.8876 81.4627
991 11.7113 81.4992
178 11.5419 81.5343
75 11.378 81.5683
792 11.2209 81.6009
90 11.0718 81.6317
554 10.9319 81.6607
890 10.7995 81.6882
759 10.6716 81.7147
321 10.5421 81.7415
224 10.4214 81.7665
825 10.4278 81.9933
503 10.4345 82.2316
570 10.4417 82.4893
346 10.4496 82.7714
860 10.4575 83.0523
95 10.4651 83.324
442 10.4729 83.6034
138 10.4808 83.8825
830 10.4886 84.1619
815 10.4958 84.4177
1 10.5028 84.6686
199 10.5099 84.9191
557 10.517 85.1739
203 10.5243 85.4335
249 10.5313 85.6833
551 10.5386 85.9397
916 10.5455 86.1871
48 10.5528 86.4482
364 10.5599 86.7003
301 10.567 86.9548
914 10.5741 87.205
868 10.5808 87.4465
236 10.5869 87.6636
699 10.5931 87.8812
827 10.5987 88.0804
169 10.6042 88.2762
447 10.6092 88.4534
585 10.6142 88.6311
718 10.6193 88.8115
736 10.6242 88.9862
263 10.6291 89.1591
547 10.634 89.3351
719 10.6391 89.5144
108 10.6441 89.6926
300 10.6491 89.872
568 10.6548 90.0726
988 10.6605 90.2748
213 10.6658 90.2756
325 10.7213 90.284
750 10.7778 90.2926
803 10.8386 90.3018
693 10.8978 90.3107
953 10.9579 90.3198
106 11.0165 90.3287
969 11.076 90.3377
405 11.1349 90.3466
380 11.1947 90.3557
678 11.2582 90.3653
401 11.3215 90.3749
615 11.3839 90.3843
39 11.6189 90.4201
973 11.8493 90.4551
444 12.1275 90.4974
637 12.3926 90.5378
446 12.657 90.578
982 12.9311 90.6197
247 13.2119 90.6624
31 13.5087 90.7075
153 13.8173 90.7545
628 14.1195 90.8005
435 14.419 90.8461
859 14.7457 90.8958
399 15.1052 90.9505
431 15.4411 91.0017
436 15.7703 91.0517
304 16.2857 91.1303
495 16.7884 91.2069
200 17.3211 91.2881
17 17.8369 91.3668
696 18.332 91.4423
150 18.8367 91.5192
306 19.1843 91.5721
20 19.5086 91.6215
409 19.5086 91.6215
768 19.5086 91.6215
776 19.5086 91.6215
491 19.5086 91.6215
714 19.5086 91.6215
28 19.5086 91.6215
712 19.5086 91.6215
885 19.5086 91.6215
833 19.5086 91.6215
761 19.5086 91.6215
593 19.5086 91.6215
386 19.5086 91.6215
933 19.5086 91.6215
15 19.5086 91.6215
13 19.5086 91.6215
462 19.5086 91.6215
711 19.5086 91.6215
753 19.8497 91.5338
871 20.2128 91.4405
611 20.5746 91.3475
631 20.9232 91.258
227 21.2756 91.1674
253 21.5884 91.0871
96 21.9031 91.0062
120 22.2124 90.9268
795 22.5111 90.8501
271 22.8083 90.7738
88 23.09 90.7014
244 23.3457 90.6358
93 23.5965 90.5714
41 23.8268 90.5123
428 24.0649 90.4511
773 24.3014 90.3904
141 24.5369 90.3299
707 24.7698 90.2702
918 24.9858 90.2147
697 25.2011 90.1595
808 25.4099 90.1059
651 25.6263 90.0503
44 25.8312 89.9977
441 26.0391 89.9444
115 26.2496 89.8904
430 26.4578 89.8369
521 26.6818 89.7794
456 26.9184 89.7187
550 27.16 89.6566
92 27.4024 89.5944
695 27.6781 89.5236
167 27.9236 89.4606
256 28.1739 89.3963
672 28.4389 89.3283
448 28.6953 89.2624
76 28.9199 89.2048
752 29.1256 89.152
72 29.2636 88.9581
613 29.4074 88.7559
288 29.5654 88.5337
418 29.7201 88.3163
610 29.8866 88.0821
50 30.052 87.8497
960 30.2304 87.5989
394 31.4874 85.8338
292 32.691 84.1437
574 33.8505 82.5153
789 33.8505 82.5153
806 33.8505 82.5153
878 33.8505 82.5153
350 34.3432 82.5817
333 34.8445 82.6491
16 35.3822 82.7215
689 35.9349 82.796
662 36.5208 82.8749
296 37.1457 82.9591
241 37.7496 83.0405
561 38.36 83.1227
408 38.9462 83.2017
513 38.9462 83.2017
562 38.9048 83.2799
564 38.8625 83.36
895 38.819 83.4422
193 38.7268 83.6166
437 38.6338 83.7927
172 38.536 83.9776
60 38.4304 84.1775
226 38.3249 84.3771
223 38.2216 84.5726
872 38.113 84.778
614 37.9975 84.9966
540 37.8802 85.2184
919 37.7398 85.4841
954 37.5869 85.7736
638 37.4234 86.083
124 37.2536 86.4043
73 37.0776 86.7374
231 36.9023 87.0691
2 36.7229 87.4087
215 36.5457 87.744
490 36.3763 88.0646
416 36.2539 88.296
392 36.1415 88.5088
36 36.0329 88.7143
766 36.8827 88.7616
139 37.6337 88.8033
559 38.3631 88.8439
265 38.8914 88.8732
5 39.3874 88.9007
738 39.5551 88.9099
866 39.7106 88.9185
309 39.8726 88.9274
569 40.0303 88.9361
239 40.1834 88.9445
470 40.3502 88.9537
375 40.5017 88.9621
230 40.6691 88.9713
786 40.8353 88.9804
974 41.1884 89
22 41.6028 89.0229
53 42.0174 89.0459
874 42.4325 89.0689
774 42.8311 89.091
206 43.2299 89.1131
389 43.6093 89.1341
449 43.9829 89.1547
516 44.3379 89.1744
165 44.7224 89.1957
548 45.1211 89.2177
343 45.5016 89.2388
129 45.9132 89.2616
539 46.3243 89.2844
146 46.755 89.3082
659 47.2589 89.3362
23 47.7935 89.3658
763 47.7935 89.3658
62 47.7935 89.3658
181 47.7935 89.3658
877 48.2192 89.3425
105 48.6554 89.3185
156 49.1149 89.2932
713 49.5824 89.2675
911 50.016 89.2436
584 50.0295 89.1928
434 50.0436 89.1399
118 50.0573 89.0882
882 50.0731 89.0288
511 50.0889 88.9693
532 50.1049 88.9093
896 50.121 88.8486
541 50.1381 88.7843
961 50.1555 88.7188
344 50.1736 88.6507
856 50.2312 88.4344
536 50.3623 87.9434
202 50.497 87.4384
642 50.6376 86.9116
367 50.7884 86.3464
319 50.9346 85.7986
248 51.0813 85.2489
814 51.2415 84.6484
305 51.3984 84.0604
746 51.5529 83.4814
94 51.7413 82.7763
807 51.9533 81.9824
144 52.1704 81.1693
755 52.4108 81.0255
259 52.6547 80.8796
802 52.9062 80.7291
112 53.1485 80.5841
857 53.3908 80.439
9 53.6242 80.2994
109 53.8613 80.1575
636 54.1027 80.0131
140 54.3298 79.8772
335 54.5531 79.7436
690 54.7882 79.603
986 55.0377 79.4537
861 55.2985 79.2976
179 55.56 79.1411
816 55.8232 78.9836
826 56.1036 78.8158
668 56.3729 78.6547
369 56.4473 78.8872
460 56.5249 79.1295
395 56.6012 79.3677
782 56.6794 79.612
18 56.7563 79.8522
280 56.8347 80.0969
800 56.9147 80.3466
847 56.9962 80.6013
378 57.0821 80.8694
432 57.1745 81.1582
987 57.2729 81.4653
921 57.3828 81.8084
315 57.5083 82.2003
582 57.6498 82.6418
126 57.8222 83.18
947 58.0195 83.7957
737 58.2168 84.4114
887 58.3561 84.8461
940 58.4936 85.2755
40 58.6399 85.732
313 58.785 86.1852
952 58.9236 86.6178
618 59.0563 87.0321
880 59.1876 87.442
245 59.3231 87.8647
317 59.4667 88.3131
624 59.6132 88.7705
980 59.7303 88.769
754 59.8514 88.7674
851 59.9767 88.7658
320 60.1083 88.7641
177 63.0798 88.7263
494 66.5588 88.6819
742 66.9009 88.6775
813 67.144 88.6744
823 67.3724 88.6715
145 67.5983 88.6687
622 67.8238 88.6658
273 68.0523 88.6629
984 68.2926 88.6598
477 68.5591 88.6564
465 68.8452 88.6528
149 69.1344 88.6491
185 69.4234 88.6454
992 69.9297 88.639
580 70.7031 88.6291
620 70.8454 88.6273
251 70.9965 88.6254
158 71.1498 88.6234
845 71.3037 88.6214
285 71.4607 88.6194
854 71.6199 88.6174
464 71.7789 88.6154
318 71.9583 88.6131
52 72.1438 88.6107
817 72.3483 88.6081
544 72.6 88.6049
353 72.8778 88.6014
567 73.1653 88.5977
42 73.8302 88.5892
983 78.0307 88.5356
666 78.372 88.5313
159 78.7508 88.5265
135 79.1378 88.5215
820 79.5867 88.5158
473 80.0409 88.51
889 80.4079 88.5053
928 80.6127 88.5027
685 81.886 86.5676
893 82.2269 86.0493
725 83.1529 84.6419
25 84.2727 82.9399
311 84.8501 82.0622
660 85.2186 81.5022
648 85.4301 81.1805
740 85.643 80.8568
322 85.862 80.5239
372 86.4145 79.6841
385 86.0607 72.447
201 85.9179 69.5254
383 85.8893 68.9401
204 85.8635 68.4118
450 85.8311 67.7494
684 85.7898 66.9035
528 85.7576 66.2454
332 85.7141 65.3557
497 85.6541 64.1268
136 84.0199 63.2635
884 83.5585 63.0197
198 83.0993 62.7771
107 82.6468 62.5379
242 81.9767 62.1839
506 81.2981 61.8253
170 80.5897 61.451
838 77.2488 59.6865
647 72.7243 57.2971
110 72.7248 57.2935
900 72.7254 57.2898
975 72.727 57.2793
67 72.7429 57.1744
852 72.7701 56.9953
650 72.7977 56.8134
425 72.8231 56.6453
941 72.8545 56.4386
942 72.8852 56.2362
767 72.915 56.0393
842 72.9438 55.8497
850 72.9744 55.6476
583 73.0038 55.4534
670 73.0321 55.2671
977 73.0647 55.0522
152 73.0977 54.8345
334 73.1481 54.5013
387 73.1932 54.2039
70 73.247 53.848
195 73.2972 53.5161
967 73.3554 53.1322
932 73.4119 52.7587
920 73.4687 52.3832
656 73.5298 51.9799
102 73.5861 51.6078
143 73.638 51.2644
357 73.6956 50.8838
190 73.6956 50.8838
485 73.6956 50.8838
420 73.885 50.3818
951 75.3745 46.4344
609 76.8928 42.4102
835 78.5463 38.0279
520 80.041 34.0664
590 81.3623 30.5644
98 82.9185 26.4398
33 84.2335 22.781
627 84.9878 20.6806
483 86.1411 17.4717
260 85.8696 17.5835
243 85.1355 17.8859
345 84.0558 18.3305
979 82.5619 18.9455
