0,103,581,777,176,504,721,24,959,598,295,819,831,55,6,634,675,555,257,355,594,45,821,358,785,209,458,377,865,828,197,66,27,681,930,250,289,419,19,164,873,781,751,43,342,906,844,461,127,522,69,452,706,870,623,472,848,63,945,811,748,989,843,512,180,917,935,421,853,155,834,664,414,194,862,687,38,302,783,716,586,480,237,566,790,276,913,356,49,210,388,413,876,529,7,679,619,147,191,486,160,549,692,379,151,354,934,467,111,278,822,261,64,709,883,518,310,287,407,573,704,363,653,351,337,669,787,26,824,307,626,869,121,643,902,366,641,836,246,439,284,488,588,629,661,702,61,348,474,963,455,211,881,674,8,812,187,682,362,402,722,412,646,221,915,829,899,74,254,331,602,258,741,268,710,673,898,731,328,476,958,46,794,65,700,283,770,78,514,87,299,4,384,32,943,133,148,86,990,499,154,771,572,797,228,212,438,985,125,423,612,403,205,330,858,805,312,10,37,655,908,633,123,128,218,303,373,849,341,116,909,652,489,542,157,174,691,565,758,534,352,949,936,496,863,698,166,708,57,336,616,749,463,100,841,222,531,214,527,677,925,47,122,192,735,59,545,324,688,142,705,475,938,397,391,723,956,663,422,505,972,182,535,603,543,508,269,11,279,981,525,965,772,720,451,507,764,897,729,903,901,137,233,733,34,778,891,329,471,493,591,533,54,225,576,676,912,523,163,365,56,459,968,513,235,404,291,724,175,743,804,798,894,91,976,216,802,779,732,683,248,80,558,264,715,765,526,640,104,267,370,809,21,410,957,30,922,645,89,596,929,756,308,839,171,510,79,411,41,124,60,552,927,349,382,788,275,888,658,327,134,806,501,730,878,840,604,540,226,16,614,454,292,144,910,872,215,649,954,638,189,266,662,773,578,689,757,252,574,333,270,223,339,168,971,587,701,789,635,390,359,571,846,524,537,599,939,601,739,600,703,132,479,234,376,347,14,99,482,630,113,220,429,81,77,298,326,130,503,796,457,502,398,551,784,760,799,114,371,747,119,381,374,445,321,734,131,219,196,589,825,240,950,726,970,686,361,717,879,657,728,184,694,667,427,277,162,3,97,680,860,517,556,554,955,944,665,815,780,966,924,338,607,639,255,500,946,272,346,991,969,203,48,90,719,75,400,224,325,316,948,830,304,890,207,988,433,560,973,1,711,247,446,106,39,568,827,868,759,213,17,462,435,547,300,31,628,546,570,401,426,444,803,892,364,557,736,405,916,178,199,693,108,750,637,436,263,792,399,585,447,153,982,615,678,953,380,905,169,236,487,360,695,13,227,442,115,200,914,386,718,301,244,368,593,138,95,58,288,712,699,786,672,73,495,306,296,456,76,608,808,631,44,93,15,933,761,833,885,714,491,776,768,409,871,521,430,441,859,50,36,88,611,424,418,183,697,431,167,610,96,249,651,150,141,120,795,753,443,2,550,28,918,469,490,253,886,696,20,960,271,92,470,807,53,231,256,428,139,752,437,448,613,416,919,72,866,319,536,569,707,738,23,129,713,367,241,230,766,874,746,449,165,181,532,548,974,320,389,877,265,22,394,172,559,146,105,239,774,245,392,206,896,782,563,737,62,202,940,369,12,335,313,880,980,294,882,118,584,624,952,140,861,415,156,754,511,887,259,530,618,193,564,562,642,406,539,82,561,126,895,755,690,947,856,816,309,434,659,343,305,541,814,5,408,516,961,375,40,177,851,826,763,317,911,344,477,817,280,297,992,149,845,464,52,544,145,318,158,620,823,984,273,185,42,813,820,494,893,159,251,135,864,285,580,666,854,353,465,622,928,740,322,889,742,983,372,450,25,204,311,528,648,725,685,660,473,107,198,136,932,170,884,684,977,838,201,242,951,497,334,583,506,942,102,417,385,818,18,332,837,962,290,975,481,383,238,595,460,340,727,173,650,867,68,904,900,152,71,579,654,744,378,315,509,51,801,775,582,83,832,852,110,67,395,937,800,567,931,575,229,671,94,179,208,636,350,632,986,964,484,109,791,617,769,847,857,282,647,921,112,9,987,621,668,519,762,625,440,605,468,101,793,188,498,161,515,538,810,186,577,478,453,907,855,432,84,393,35,293,286,281,396,117,492,597,978,923,262,875,217,85,420,195,967,190,926,70,143,842,357,553,485,767,609,606,314,644,835,850,941,387,274,232,670,592,745,466,323,29,656,425,920,520,590,33,98,483,345,627,243,979,260,
value : 447.531 running time : 326.972082
0 80 20
103 66.8798 15.4533
581 66.5184 15.9572
777 66.1972 16.4051
176 65.8932 16.8291
504 65.5645 17.2874
721 65.2634 17.7074
24 64.2356 19.1405
959 63.2367 20.5334
598 62.3546 21.7636
295 61.3563 23.1557
819 60.1922 24.7789
831 58.8973 26.5845
55 57.5845 28.415
6 56.3741 30.1028
634 54.9335 32.1114
675 53.7683 33.7362
555 53.4274 34.116
257 53.0871 34.4952
355 53.0871 34.4952
594 53.0871 34.4952
45 53.0871 34.4952
821 53.0871 34.4952
358 53.0871 34.4952
785 53.0871 34.4952
209 53.0871 34.4952
458 53.0871 34.4952
377 53.0871 34.4952
865 53.0871 34.4952
828 53.0871 34.4952
197 53.0871 34.4952
66 53.0871 34.4952
27 53.0871 34.4952
681 53.0871 34.4952
930 53.0871 34.4952
250 53.0871 34.4952
289 53.0871 34.4952
419 53.0871 34.4952
19 52.617 35.0839
164 52.1303 35.6933
873 51.5877 36.373
781 50.9373 37.1876
751 50.1649 38.1555
43 49.3996 39.1149
342 48.8092 39.8555
906 47.9908 40.881
844 47.1977 41.8748
461 46.4936 42.7574
127 46.1474 43.1909
522 46.1236 43.2207
69 46.1013 43.2486
452 46.0769 43.2792
706 46.0516 43.3109
870 46.0516 43.3109
623 46.0516 43.3109
472 45.2412 43.1328
848 44.3924 42.9462
63 43.5169 42.7537
945 42.4449 42.5181
811 41.1523 42.2341
748 40.99 42.1984
989 40.8603 42.1699
843 40.7344 42.1422
512 40.5608 42.104
180 40.3814 42.0646
917 40.2083 42.0265
935 40.0429 41.9902
421 39.8681 41.9517
853 39.687 41.9119
155 39.516 41.8743
834 39.3219 41.8317
664 39.3219 41.8317
414 39.3219 41.8317
194 39.3219 41.8317
862 39.3219 41.8317
687 39.3218 41.8317
38 39.3218 41.8316
302 39.3218 41.8316
783 39.3218 41.8316
716 39.3218 41.8316
586 39.3217 41.8316
480 39.3217 41.8316
237 39.3217 41.8316
566 39.0069 41.7434
790 38.6913 41.6549
276 38.3693 41.5646
913 38.0056 41.4626
356 37.999 41.3757
49 37.9931 41.2977
210 37.9869 41.2151
388 37.9795 41.1172
413 37.9724 41.0238
876 37.9648 40.9236
529 37.9565 40.814
7 37.9493 40.7186
679 37.9423 40.6268
619 37.9358 40.54
147 37.9287 40.4471
191 37.6463 36.7442
486 37.3158 32.4052
160 37.288 32.0387
549 37.262 31.6947
692 37.2307 31.2819
379 37.194 30.7982
151 37.1607 30.358
354 36.8581 26.3782
934 36.8271 25.6749
467 36.7968 24.9861
111 36.7629 24.2164
278 36.7337 23.5542
822 36.6895 22.5519
261 36.6443 21.5244
64 36.5938 20.3794
709 36.5458 19.2895
883 36.4817 17.8361
518 36.4097 16.2002
310 36.0201 16.4093
287 35.6451 16.6107
407 35.2494 16.8231
573 34.8432 17.0412
704 34.4391 17.2581
363 34.0412 17.4718
653 33.6425 17.6858
351 33.0108 18.0249
337 32.3418 18.3841
669 31.6323 18.7649
787 30.8434 19.1884
26 30.165 19.5526
824 29.3009 20.0164
307 28.5178 20.4368
626 27.7581 20.8445
869 26.935 21.2864
121 25.9483 20.8573
643 24.8568 20.3827
902 23.8142 19.9294
366 22.7966 19.4869
641 21.9775 19.1305
836 21.1674 18.7781
246 20.3649 18.4289
439 19.507 18.0557
284 18.5988 17.6607
488 17.5569 17.2078
588 16.6812 16.8269
629 15.8419 16.4619
661 15.2651 16.2109
702 14.6489 15.9427
61 13.8912 15.6132
348 13.7023 15.5309
474 13.5174 15.4504
963 13.302 15.3567
455 13.1907 15.3083
211 13.0881 15.2636
881 12.9801 15.2166
674 12.8789 15.1725
8 12.779 15.1291
812 12.6602 15.0774
187 12.7225 16.19
682 12.7225 16.19
362 12.7225 16.19
402 12.7225 16.19
722 12.7225 16.19
412 12.9431 17.5449
646 13.1676 18.9243
221 14.4643 26.8838
915 14.4294 26.9663
829 14.3915 27.0558
899 14.3586 27.1336
74 14.3231 27.2173
254 14.2932 27.288
331 14.0694 27.8163
602 13.8461 28.3434
258 13.593 28.9409
741 13.3402 29.5377
268 13.0204 30.293
710 12.6868 31.0806
673 12.3424 31.8938
898 11.9428 32.8375
731 11.6693 34.3696
328 11.3985 35.8889
476 11.3985 35.8889
958 11.3985 35.8889
46 11.3985 35.8889
794 11.3985 35.8889
65 11.4042 35.9303
700 11.41 35.9724
283 11.4156 36.0131
770 11.4213 36.0545
78 11.4265 36.0925
514 11.431 36.1254
87 11.4363 36.1637
299 11.4412 36.1993
4 11.4471 36.2418
384 11.471 36.4156
32 11.4912 36.563
943 11.51 36.6995
133 11.5313 36.8544
148 11.5559 37.0334
86 11.576 37.1791
990 11.6194 37.4953
499 11.662 37.8046
154 11.7868 38.0455
771 11.8956 38.2555
572 11.9849 38.4279
797 12.7621 39.928
228 13.1314 40.641
212 13.4883 41.3299
438 13.8767 42.0798
985 13.8767 42.0798
125 13.8767 42.0798
423 13.8767 42.0798
612 13.8767 42.0798
403 13.8424 42.2211
205 13.812 42.3463
330 13.7003 42.8063
858 13.589 43.2649
805 13.4897 43.6737
312 13.4072 44.0139
10 13.3256 44.3502
37 13.2366 44.7167
655 13.0832 45.3488
908 12.8682 46.2341
633 12.6508 47.1293
123 12.5276 47.6366
128 12.3989 48.1663
218 12.267 48.7096
303 12.1469 49.204
373 12.0331 49.673
849 11.9207 50.1358
341 11.9094 50.1824
116 11.897 50.2331
909 11.886 50.2784
652 11.8747 50.3252
489 11.8624 50.3754
542 11.8506 50.4242
157 11.8385 50.4739
174 11.8274 50.5197
691 11.8149 50.5708
565 11.8032 50.6193
758 11.7925 50.663
534 11.781 50.7103
352 11.7693 50.7585
949 11.7583 50.8038
936 11.7461 50.8541
496 11.735 50.8996
863 11.7233 50.9478
698 11.7101 51.002
166 11.6966 51.0574
708 11.6846 51.107
57 11.6737 51.1519
336 11.6627 51.1972
616 11.6522 51.2405
749 11.6398 51.2913
463 11.6278 51.3408
100 11.6155 51.3914
841 11.6039 51.4388
222 11.5916 51.4897
531 11.5777 51.5469
214 11.5777 51.5469
527 11.5777 51.5469
677 11.5777 51.5469
925 11.5777 51.5469
47 11.5777 51.5469
122 11.5777 51.5469
192 14.3887 52.1862
735 15.7669 52.4325
59 16.4401 52.5529
545 16.9305 52.6405
324 17.3091 52.7082
688 17.6712 52.7729
142 17.913 52.8161
705 18.1753 52.863
475 18.4218 52.9071
938 18.6674 52.951
397 18.9209 52.9963
391 19.1388 53.0352
723 19.3575 53.0743
956 19.5649 53.1114
663 19.7686 53.1478
422 19.9856 53.1866
505 20.1871 53.2226
972 20.429 53.2658
182 20.6908 53.3126
535 20.9849 53.3652
603 21.2564 53.4137
543 21.4837 53.4544
508 21.7172 53.4961
269 21.9133 53.5311
11 22.0863 53.562
279 22.7265 54.0787
981 23.4172 54.636
525 24.1038 55.1899
965 24.85 55.792
772 25.151 56.035
720 25.4793 56.2999
451 25.7768 56.54
507 26.0811 56.7856
764 26.3786 57.0258
897 26.7506 57.326
729 27.1271 57.6299
903 27.505 57.9348
901 27.8583 58.2199
137 28.2128 58.5061
233 28.5397 58.7699
733 28.8977 59.0588
34 29.2489 59.3423
778 29.6147 59.6375
891 30.0044 59.952
329 30.3971 60.2689
471 31.8048 61.4038
493 32.618 62.0599
591 33.4444 62.7265
533 34.1869 63.3256
54 34.9224 63.919
225 35.6403 64.4981
576 36.2443 64.9856
676 36.8421 65.4679
912 37.3763 65.899
523 37.9578 66.3682
163 38.4981 66.8042
365 39.0245 67.229
56 39.5703 67.6694
459 40.1269 68.1185
968 40.6959 68.5776
513 40.6959 68.5776
235 40.6959 68.5776
404 40.6959 68.5776
291 40.6959 68.5776
724 40.6959 68.5776
175 40.6959 68.5776
743 40.6959 68.5776
804 40.6959 68.5776
798 40.6959 68.5776
894 40.6959 68.5776
91 40.6959 68.5776
976 40.6959 68.5776
216 40.6959 68.5776
802 40.6959 68.5776
779 40.6593 68.5639
732 40.6236 68.5506
683 40.5925 68.539
248 40.5638 68.5283
80 39.7599 68.2287
558 38.9684 67.9337
264 37.9914 67.5696
715 36.8482 67.1436
765 35.5555 66.6618
526 34.1653 66.1437
640 34.1653 66.1437
104 34.1653 66.1437
267 34.1653 66.1437
370 34.1653 66.1437
809 34.0999 66.1601
21 34.0317 66.1774
410 33.9706 66.1928
957 33.9001 66.2106
30 33.8395 66.2259
922 33.776 66.2419
645 33.7055 66.2597
89 33.6404 66.2761
596 33.5691 66.2941
929 33.4937 66.3131
756 33.4155 66.3328
308 33.3463 66.3503
839 33.2736 66.3686
171 33.2008 66.387
510 33.1143 66.4088
79 31.8839 67.6678
411 30.6363 68.9444
41 31.4271 71.5507
124 31.4368 71.5824
60 31.4457 71.6118
552 31.4535 71.6374
927 31.4621 71.6657
349 31.4706 71.6935
382 31.4795 71.7229
788 31.5176 71.8482
275 31.56 71.9879
888 31.6033 72.1301
658 31.6438 72.2635
327 31.6809 72.3855
134 31.7209 72.5172
806 31.7209 72.5823
501 31.7208 72.6363
730 31.7208 72.6982
878 31.7207 72.7581
840 31.7207 72.8241
604 31.7206 72.8803
540 31.7206 72.9378
226 31.7205 72.9972
16 31.7205 73.057
614 31.7205 73.1151
454 31.7204 73.1727
292 31.7204 73.2317
144 31.7203 73.2829
910 31.7203 73.3366
872 31.7202 73.3989
215 31.7202 73.4607
649 31.7202 73.4607
954 31.7202 73.4607
638 31.7202 73.4607
189 31.4241 73.4166
266 31.0962 73.3677
662 30.8065 73.3245
773 30.4952 73.2781
578 30.0164 73.2067
689 29.5962 73.1441
757 29.1473 73.0772
252 28.7371 73.016
574 28.2834 72.9484
333 27.8252 72.88
270 27.3922 72.8155
223 26.8643 72.7368
339 26.291 72.6513
168 25.7909 72.5767
971 25.3483 72.5107
587 24.8926 72.4428
701 24.4153 72.3716
789 23.9744 72.3059
635 23.5316 72.2399
390 23.1066 72.1765
359 22.6331 72.1059
571 21.917 71.9991
846 21.1133 71.8792
524 20.307 71.7589
537 19.5778 71.6501
599 18.7928 71.533
939 11.3751 70.4221
601 11.2887 70.4092
739 11.1814 70.3932
600 11.081 70.3782
703 10.9536 70.3592
132 10.843 70.3428
479 10.7182 70.3242
234 10.5718 70.3023
376 10.4562 70.2851
347 10.3374 70.2674
14 10.5223 70.8921
99 10.7477 71.6534
482 10.7477 71.6534
630 10.7477 71.6534
113 10.7477 71.6534
220 10.7477 71.6534
429 10.7477 71.6534
81 10.7477 71.6534
77 10.7477 71.6534
298 10.7477 71.6534
326 10.7477 71.6534
130 10.7477 71.6534
503 10.7477 71.6534
796 10.7477 71.6534
457 10.7477 71.6534
502 10.7477 71.6534
398 10.7477 71.6534
551 10.7477 71.6534
784 10.7477 71.6534
760 10.7477 71.6534
799 10.7477 71.6534
114 10.7477 71.6534
371 10.7477 71.6534
747 10.7477 71.6534
119 10.7477 71.6534
381 10.7477 71.6534
374 10.7477 71.6534
445 10.7477 71.6534
321 10.7477 71.6534
734 10.7477 71.6534
131 10.7477 71.6534
219 10.7477 71.6534
196 10.7477 71.6534
589 10.7477 71.6534
825 10.7311 71.8112
240 10.7167 71.9489
950 10.7055 72.0554
726 10.6937 72.1672
970 10.6827 72.2714
686 10.6702 72.3909
361 10.6579 72.5082
717 10.6462 72.6193
879 10.6336 72.7391
657 10.6199 72.8696
728 10.6065 72.9968
184 10.5942 73.114
694 10.5831 73.2193
667 10.5714 73.3304
427 10.5596 73.4427
277 10.5477 73.556
162 10.5356 73.6712
3 10.5239 73.7823
97 10.511 73.9052
680 10.4979 74.0297
860 10.4842 74.1599
517 10.4719 74.277
556 10.4578 74.4111
554 10.444 74.5433
955 10.4314 74.6629
944 10.4193 74.7775
665 10.4085 74.8804
815 10.3952 75.0068
780 10.3952 75.0068
966 10.3952 75.0068
924 10.4831 75.0326
338 10.4306 75.2962
607 10.3764 75.5678
639 10.3204 75.8486
255 10.2655 76.1242
500 10.1592 76.6569
946 10.0512 77.1978
272 9.91775 77.8665
346 9.7196 78.8575
991 9.5166 79.8726
969 9.31855 80.8624
203 9.31855 80.8624
48 9.31855 80.8624
90 9.31855 80.8624
719 9.31855 80.8624
75 9.31855 80.8624
400 9.31855 80.8624
224 9.31855 80.8624
325 9.31855 80.8624
316 9.31855 80.8624
948 9.31855 80.8624
830 9.31855 80.8624
304 9.31855 80.8624
890 9.31855 80.8624
207 9.31855 80.8624
988 9.73291 89.3337
433 9.74753 89.333
560 9.7623 89.3323
973 9.774 89.3317
1 9.78605 89.3312
711 9.79827 89.3306
247 9.8115 89.33
446 9.82381 89.3294
106 9.83526 89.3288
39 9.84758 89.3282
568 9.86081 89.3276
827 9.87286 89.327
868 9.88522 89.3264
759 9.89841 89.3258
213 9.91063 89.3252
17 9.9948 89.3213
462 10.0645 89.318
435 10.1254 89.3151
547 10.1886 89.3121
300 10.257 89.3089
31 10.3355 89.3052
628 10.4052 89.3019
546 10.4745 89.2986
570 10.543 89.2953
401 10.6127 89.292
426 10.6858 89.2886
444 10.7605 89.2851
803 10.834 89.2816
892 10.9101 89.278
364 10.983 89.2745
557 11.0601 89.2709
736 11.1291 89.2676
405 11.2022 89.2642
916 11.2843 89.2603
178 11.3516 89.2571
199 11.4287 89.2535
693 11.5082 89.2497
108 11.5885 89.2459
750 11.6697 89.2421
637 11.7477 89.2384
436 11.8271 89.2346
263 11.9026 89.231
792 11.9844 89.2272
399 12.0723 89.223
585 12.1462 89.2195
447 12.2341 89.2153
153 12.3216 89.2112
982 12.4104 89.207
615 12.4915 89.2032
678 12.6762 89.1944
953 12.8811 89.1846
380 13.107 89.1739
905 13.4226 89.1589
169 13.7608 89.1428
236 14.176 89.1231
487 14.6144 89.1023
360 14.8194 89.0926
695 15.013 89.0834
13 15.1961 89.0747
227 15.3852 89.0657
442 15.5678 89.057
115 15.753 89.0482
200 15.9234 89.0401
914 16.1221 89.0307
386 16.3812 89.0184
718 16.6264 89.0067
301 16.9106 88.9932
244 17.2668 88.9763
368 17.589 88.961
593 17.8815 88.9471
138 18.1503 88.9343
95 18.4673 88.9193
58 18.8224 88.9024
288 19.1495 88.8869
712 19.4578 88.8722
699 19.7773 88.857
786 20.1672 88.8385
672 20.439 88.8256
73 20.6581 88.8152
495 20.855 88.8059
306 21.0924 88.7946
296 21.3205 88.7837
456 21.5078 88.7748
76 21.7165 88.7649
608 21.9144 88.7555
808 22.12 88.7458
631 22.15 88.7444
44 22.1788 88.743
93 22.2072 88.7417
15 22.2386 88.7402
933 22.2721 88.7386
761 22.3073 88.737
833 22.3394 88.7355
885 22.3719 88.7339
714 22.4024 88.7325
491 22.4338 88.731
776 22.4652 88.7296
768 22.5003 88.7279
409 22.5343 88.7263
871 22.5661 88.7248
521 22.6001 88.7232
430 22.6343 88.7216
441 22.6666 88.7201
859 22.6996 88.7185
50 22.7319 88.717
36 22.7664 88.7154
88 22.7978 88.7139
611 22.8342 88.7122
424 22.8342 88.7122
418 22.8342 88.7122
183 22.8342 88.7122
697 22.8342 88.7122
431 22.8342 88.7122
167 22.8342 88.7122
610 22.8342 88.7122
96 22.8342 88.7122
249 22.8342 88.7122
651 22.8342 88.7122
150 22.8342 88.7122
141 22.8342 88.7122
120 22.8342 88.7122
795 22.8342 88.7122
753 22.8342 88.7122
443 22.8342 88.7122
2 23.5283 88.7791
550 24.0224 88.8266
28 24.5218 88.8746
918 25.0119 88.9217
469 25.4885 88.9674
490 25.9834 89.015
253 26.4791 89.0627
886 26.9726 89.1101
696 27.9718 89.2066
20 28.9538 89.3015
960 29.92 89.3949
271 30.8569 89.4854
92 31.786 89.575
470 32.6795 89.6612
807 33.5622 89.7463
53 34.1785 89.8056
231 34.7736 89.8628
256 35.3677 89.92
428 35.9558 89.9765
139 36.5586 90.0346
752 37.1632 90.0928
437 37.7828 90.1524
448 38.3819 90.21
613 38.9877 90.2683
416 39.617 90.3289
919 40.2419 90.389
72 40.8934 90.4517
866 41.5586 90.5158
319 42.2394 90.5814
536 42.8878 90.6438
569 43.5276 90.7054
707 44.1834 90.7685
738 44.8871 90.8363
23 45.6523 90.9102
129 45.6523 90.9102
713 45.6523 90.9102
367 45.6523 90.9102
241 45.6523 90.9102
230 45.6523 90.9102
766 45.6523 90.9102
874 45.6523 90.9102
746 45.6523 90.9102
449 45.6523 90.9102
165 45.6523 90.9102
181 45.6523 90.9102
532 45.6523 90.9102
548 45.6523 90.9102
974 45.6523 90.9102
320 45.702 90.8901
389 45.7447 90.8729
877 45.786 90.8562
265 45.8294 90.8386
22 45.9717 90.7812
394 46.1184 90.722
172 46.2721 90.66
559 46.4363 90.5937
146 46.5905 90.5314
105 46.7632 90.4617
239 46.9265 90.3958
774 47.0917 90.3291
245 47.2503 90.2651
392 47.4092 90.2009
206 48.6473 89.7001
896 49.6817 89.2816
782 50.8697 88.801
563 50.8698 88.801
737 50.8698 88.801
62 50.8698 88.801
202 50.8698 88.801
940 50.8698 88.801
369 50.8698 88.801
12 50.8698 88.801
335 50.8698 88.801
313 50.8698 88.801
880 50.8698 88.801
980 50.8698 88.801
294 50.8698 88.801
882 50.8714 88.801
118 50.8731 88.801
584 50.8748 88.801
624 50.8762 88.8009
952 50.8778 88.8009
140 50.8793 88.8009
861 50.8808 88.8009
415 50.8824 88.8009
156 50.8839 88.8008
754 50.8856 88.8008
511 50.8871 88.8008
887 50.8888 88.8008
259 50.8903 88.8008
530 50.8918 88.8007
618 50.8934 88.8007
193 50.8948 88.8007
564 50.8963 88.8007
562 50.8979 88.8007
642 50.8995 88.8006
406 50.9011 88.8006
539 50.9025 88.8006
82 50.9041 88.8006
561 50.9057 88.8006
126 50.9074 88.8005
895 50.909 88.8005
755 50.9105 88.8005
690 50.9122 88.8005
947 50.9137 88.8005
856 50.9153 88.8005
816 50.9168 88.8004
309 50.918 88.8004
434 50.9524 88.8
659 50.9847 88.7997
343 51.017 88.7993
305 51.0501 88.799
541 51.0832 88.7986
814 51.1164 88.7982
5 51.149 88.7979
408 51.4226 88.795
516 51.6885 88.7921
961 51.9495 88.7894
375 52.2324 88.7864
40 52.6784 88.7816
177 53.1143 88.7769
851 53.4538 88.7734
826 53.7926 88.7698
763 54.1886 88.7656
317 55.1608 88.7552
911 55.9103 88.7472
344 56.6204 88.7397
477 57.9863 88.725
817 59.1425 88.7127
280 59.972 88.7039
297 61.2529 88.6902
992 62.372 88.6783
149 63.5083 88.6661
845 64.0477 88.6604
464 64.5561 88.655
52 65.0815 88.6494
544 65.6004 88.6439
145 66.1006 88.6386
318 66.5988 88.6333
158 67.0651 88.6284
620 67.4983 88.6238
823 67.9401 88.6191
984 68.3708 88.6145
273 68.861 88.6093
185 69.38 88.6038
42 70.3153 88.5938
813 71.4207 88.582
820 72.508 88.5704
494 73.0501 88.5646
893 73.5755 88.559
159 74.0289 88.5542
251 74.4739 88.5495
135 74.9917 88.544
864 75.2814 88.5409
285 75.578 88.5378
580 75.9051 88.5343
666 76.2542 88.5306
854 76.6154 88.5268
353 76.9791 88.5229
465 77.3562 88.5189
622 77.8102 88.5141
928 80.6485 88.4832
740 80.7089 88.3925
322 80.759 88.3171
889 80.8112 88.2387
742 80.8603 88.1647
983 80.9084 88.0924
372 86.3583 79.8976
450 86.3436 79.7364
25 86.3295 79.5809
204 86.3125 79.3937
311 86.297 79.2224
528 86.2818 79.0552
648 86.2686 78.9092
725 86.2549 78.7585
685 86.2384 78.577
660 86.2183 78.3557
473 86.2002 78.1561
107 84.9258 64.1196
198 84.8589 63.3824
136 84.8057 62.7958
932 84.7769 62.4787
170 84.7769 62.4787
884 84.7769 62.4787
684 84.7769 62.4787
977 84.7769 62.4787
838 84.7769 62.4787
201 84.7769 62.4787
242 84.7769 62.4787
951 84.7769 62.4787
497 84.7769 62.4787
334 81.2811 63.7205
583 79.0817 64.5018
506 78.3516 64.7611
942 74.6168 66.0878
102 74.3313 66.1892
417 69.5136 70.0045
385 69.5136 70.0045
818 69.5136 70.0045
18 69.5136 70.0045
332 69.5136 70.0045
837 69.3799 70.0943
962 69.2525 70.18
290 69.1224 70.2674
975 68.9997 70.3499
481 68.862 70.4424
383 68.7499 70.5178
238 68.6068 70.614
595 68.4688 70.7067
460 68.3203 70.8066
340 68.1948 70.891
727 68.0684 70.9759
173 67.9426 71.0604
650 67.8237 71.1404
867 67.6937 71.2278
68 67.5628 71.3158
904 67.4284 71.4061
900 67.3084 71.4868
152 67.179 71.5738
71 67.0353 71.6704
579 66.9044 71.7583
654 66.762 71.854
744 66.6191 71.9501
378 66.4697 72.0505
315 66.3388 72.1385
509 66.2204 72.2181
51 66.1016 72.298
801 65.9699 72.3865
775 65.8559 72.4631
582 65.7317 72.5466
83 65.7317 72.5466
832 65.7317 72.5466
852 65.7317 72.5466
110 65.3195 72.9327
67 64.5751 73.63
395 63.6657 74.4818
937 62.9464 75.1556
800 62.2055 75.8495
567 61.5207 76.4909
931 60.9217 76.0689
575 60.2791 75.6162
229 59.5984 75.1366
671 58.915 74.6552
94 58.2301 74.1727
179 57.6204 73.7432
208 56.9567 73.2756
636 56.329 72.8334
350 53.2993 70.6985
632 53.4115 70.3271
986 53.5225 69.9597
964 53.6367 69.5818
484 53.7407 69.2378
109 53.852 68.8696
791 53.9632 68.5016
617 54.0703 68.1474
769 54.1771 67.7941
847 54.2896 67.422
857 54.401 67.0535
282 54.5219 66.6534
647 54.6422 66.2555
921 54.7525 65.8906
112 54.9548 65.221
9 55.1702 64.5081
987 55.5003 63.4152
621 56.0291 61.6635
668 56.0317 61.6589
519 56.0343 61.6542
762 56.0365 61.6502
625 56.0389 61.6461
440 56.0411 61.6421
605 56.0434 61.6381
468 56.0457 61.6339
101 56.0482 61.6295
793 56.0507 61.6251
188 56.0531 61.6208
498 56.0553 61.6168
161 56.0575 61.6128
515 56.0599 61.6086
538 56.0624 61.6041
810 56.0647 61.6
186 56.0671 61.5958
577 56.0693 61.5918
478 56.0716 61.5877
453 56.0736 61.5842
907 56.0759 61.58
855 56.0779 61.5765
432 56.0801 61.5725
84 56.2261 61.3128
393 56.376 61.0463
35 56.5218 60.7871
293 56.6689 60.5253
286 56.8138 60.2677
281 56.9577 60.0118
396 57.3105 59.3839
117 57.6779 58.7301
492 58.0389 58.0878
597 58.0389 58.0878
978 60.7365 55.1257
923 60.791 55.0658
262 61.0065 54.8292
875 61.2311 54.5826
217 62.9936 53.6104
85 64.2653 52.9094
420 65.7928 52.067
195 67.2699 51.2524
967 67.637 51.0502
190 67.9366 50.8852
926 68.2559 50.7093
70 68.5766 50.5326
143 68.911 50.3484
842 69.2433 50.1654
357 69.5866 49.9763
553 69.9446 49.779
485 70.2827 49.5928
767 70.6943 49.366
609 71.1369 49.1221
606 71.5289 48.9062
314 71.9484 48.6751
644 73.2619 47.951
835 75.1525 46.9079
850 75.1525 46.9079
941 75.1525 46.9079
387 75.1525 46.9079
274 75.1525 46.9079
232 75.1525 46.9079
670 75.1525 46.9079
592 75.1525 46.9079
745 75.1525 46.9079
466 75.1525 46.9079
323 75.1525 46.9079
29 75.1525 46.9079
656 75.1525 46.9079
425 76.13 44.3304
920 77.2865 41.2814
520 78.5093 38.0621
590 80.1105 33.8419
33 81.484 30.2208
98 82.9208 26.4338
483 86.1417 17.4723
345 86.0496 17.5102
627 85.96 17.547
243 85.8678 17.585
979 85.7625 17.6284
260 85.6551 17.6726
