0,345,243,483,260,627,979,98,520,590,33,835,609,102,767,675,143,314,926,425,232,592,29,323,967,583,606,195,920,932,842,70,644,357,656,942,553,466,274,670,745,387,485,850,117,923,793,286,762,650,647,420,190,941,519,538,262,293,85,478,597,440,186,986,623,810,847,91,791,188,617,855,769,208,109,101,396,683,921,112,9,987,632,94,453,857,282,161,968,513,216,782,515,558,804,315,281,621,964,798,84,577,484,498,468,802,460,727,654,832,509,67,432,668,800,625,907,152,378,671,582,35,393,238,743,18,867,297,931,579,110,595,51,173,340,904,818,68,900,744,383,975,837,201,334,290,605,962,951,332,884,684,170,852,198,497,977,506,838,242,107,385,136,372,648,660,473,685,25,311,204,450,528,725,983,820,322,928,417,889,740,135,145,285,494,580,742,318,158,813,817,544,52,622,666,42,893,159,620,823,992,984,273,464,845,149,864,83,71,251,854,353,937,465,477,775,185,567,801,481,229,395,980,177,317,911,415,12,179,335,896,737,563,408,294,82,584,202,866,118,541,516,375,165,880,105,239,774,618,659,313,851,40,746,882,367,406,826,259,511,763,539,206,320,624,856,816,754,690,434,947,642,887,23,575,140,940,248,280,895,369,193,62,344,636,561,53,569,256,919,416,752,795,613,448,156,449,241,181,807,129,649,305,877,172,394,22,536,126,861,530,755,389,814,559,562,309,564,343,532,961,952,72,766,874,437,713,5,245,215,548,319,974,265,271,230,146,707,392,738,840,231,139,960,96,933,16,631,470,28,2,638,859,695,20,50,491,424,833,73,490,886,249,871,36,13,306,578,456,92,918,773,430,288,409,428,15,714,253,761,885,753,593,808,115,120,768,441,150,697,786,712,611,495,183,44,167,368,469,550,41,610,696,418,521,141,651,672,227,1,560,973,236,95,699,442,608,76,58,360,386,88,711,446,247,106,244,693,916,17,750,780,93,615,914,263,792,380,718,678,905,200,447,435,301,736,557,364,892,803,444,426,31,300,405,628,546,570,401,462,759,868,827,568,39,213,138,199,399,585,436,637,547,776,988,719,944,169,953,982,153,815,969,75,240,108,304,657,830,90,325,316,178,890,554,600,772,203,48,224,298,955,131,381,457,503,277,398,234,970,338,991,3,739,639,694,517,860,680,97,162,924,184,272,433,192,81,950,630,132,482,747,502,479,14,427,667,948,879,939,114,347,784,764,589,703,346,255,429,556,400,113,168,376,799,717,966,339,825,726,374,321,551,796,326,119,500,130,487,220,207,686,665,760,445,371,734,607,728,361,219,77,601,411,705,537,526,897,946,635,757,954,431,587,701,571,99,524,658,788,552,333,591,981,137,443,454,189,267,225,54,533,275,459,965,903,729,912,910,56,252,270,720,226,662,888,574,124,223,327,971,266,730,501,296,292,614,806,60,540,523,676,264,894,724,80,144,350,732,175,235,779,765,576,715,976,134,872,957,789,891,599,390,404,640,901,809,370,410,922,365,163,471,689,878,604,349,927,688,596,929,756,308,839,493,359,846,291,89,171,645,451,21,34,79,510,735,30,104,382,233,543,733,545,37,142,403,59,507,329,324,422,391,475,723,633,525,913,269,956,925,373,303,57,698,849,336,174,938,489,565,771,749,797,949,542,531,196,182,972,527,214,731,100,122,228,148,330,212,312,677,47,476,708,218,279,770,116,123,863,758,858,154,936,463,157,909,663,283,805,352,222,496,652,534,166,341,499,691,128,655,505,438,397,535,616,841,908,78,74,258,328,958,474,641,700,65,32,990,829,268,86,205,10,87,384,46,4,985,514,423,133,125,572,121,673,549,612,661,794,898,943,710,299,455,366,402,963,674,187,348,836,881,8,254,331,362,211,682,812,722,629,741,646,412,61,488,588,518,439,363,573,111,709,934,626,337,310,246,379,26,287,653,64,407,284,221,915,824,351,467,643,704,160,702,669,883,822,278,307,486,602,787,261,899,354,902,869,413,155,935,586,834,151,388,302,147,237,512,180,848,853,11,603,127,480,356,529,414,472,748,194,191,210,664,843,945,492,778,508,790,566,989,679,38,811,687,862,876,7,49,706,917,522,783,619,257,461,452,69,276,342,692,875,45,906,831,821,873,358,355,781,6,634,785,164,978,594,43,209,751,19,289,27,55,458,66,865,870,63,681,930,250,377,421,844,419,217,555,828,197,716,103,959,504,295,819,176,581,721,24,598,777,
value : 419.335 running time : 704.953618
0 80 20
345 84.2798 18.2492
243 85.5256 17.7395
483 86.1528 17.4829
260 86.1346 17.5344
627 85.877 18.262
979 85.565 19.1434
98 83.3261 25.4679
520 81.1798 29.0344
590 80.1102 30.8116
33 78.8546 32.8981
835 76.7934 36.3231
609 74.0823 40.8282
102 71.6252 44.9111
767 71.4019 45.2821
675 71.361 45.3501
143 71.3171 45.4231
314 71.2756 45.4919
926 71.2322 45.5642
425 71.1928 45.6296
232 71.1532 45.6954
592 71.113 45.7622
29 71.0709 45.8322
323 71.0267 45.9055
967 70.9798 45.9835
583 70.9339 46.0599
606 70.8935 46.1269
195 70.8533 46.1938
920 70.8094 46.2668
932 70.7641 46.3419
842 70.7189 46.4171
70 70.6753 46.4895
644 70.6348 46.5569
357 70.5935 46.6255
656 70.5499 46.6978
942 70.5141 46.7574
553 70.4833 46.8085
466 70.4532 46.8585
274 70.4201 46.9135
670 70.3846 46.9725
745 70.3492 47.0314
387 70.306 47.1032
485 67.19 50.4087
850 65.4123 52.2946
117 63.2213 54.6188
923 60.4966 57.5092
793 60.4271 57.583
286 60.362 57.6521
762 60.2993 57.7186
650 60.2421 57.7792
647 60.1814 57.8437
420 60.1241 57.9044
190 60.0631 57.9692
941 59.9994 58.0368
519 59.6061 58.4541
538 59.2036 58.8811
262 58.7992 59.3102
293 58.3451 59.792
85 57.876 60.2896
478 57.3705 60.8259
597 56.738 61.4969
440 56.5449 61.7018
186 56.3538 61.9046
986 56.1461 62.1249
623 56.0965 62.1776
810 55.8394 62.4503
847 55.5683 62.7379
91 55.3481 62.9716
791 55.2086 63.1195
188 55.0676 63.2692
617 54.8996 63.4473
855 54.7381 63.6187
769 54.5895 63.7764
208 54.4608 63.9129
109 54.3293 64.0525
101 54.2091 64.18
396 54.0796 64.3174
683 53.8484 64.5626
921 53.8033 64.6104
112 53.7791 64.6362
9 53.7539 64.6629
987 53.7289 64.6894
632 53.7024 64.7175
94 53.6774 64.7441
453 53.6541 64.7688
857 53.63 64.7943
282 53.6081 64.8175
161 53.5842 64.843
968 53.558 64.8707
513 53.5308 64.8996
216 53.5086 64.9231
782 53.4847 64.9485
515 53.4847 64.9485
558 53.4847 64.9485
804 53.4847 64.9485
315 53.539 65.0001
281 53.5778 65.037
621 53.6263 65.0831
964 53.8006 65.2487
798 53.9599 65.4002
84 54.1325 65.5642
577 54.2972 65.7208
484 54.4759 65.8906
498 54.6554 66.0612
468 55.178 66.5579
802 55.7238 67.0766
460 56.7921 67.5311
727 57.6033 67.8762
654 58.0987 68.087
832 58.4295 68.2278
509 58.7546 68.3661
67 59.0635 68.4975
432 59.3536 68.6209
668 59.6551 68.7492
800 59.9563 68.8774
625 60.2555 69.0047
907 60.6168 69.1584
152 61.0057 69.3239
378 61.013 69.3269
671 61.0202 69.33
582 61.0275 69.3331
35 61.0351 69.3363
393 61.044 69.3401
238 61.0521 69.3436
743 61.0601 69.347
18 62.3657 69.9021
867 63.6224 70.4366
297 64.8715 70.9677
931 64.8789 70.9645
579 65.3115 70.7793
110 65.6783 70.6222
595 65.9839 70.4913
51 66.2823 70.3635
173 66.5889 70.2322
340 66.9053 70.0967
904 67.2299 69.9577
818 67.5709 69.8117
68 67.839 69.6969
900 68.1164 69.5781
744 68.376 69.4669
383 68.6609 69.3449
975 68.8876 69.2478
837 69.1073 69.1537
201 69.3419 69.0533
334 69.5534 68.9627
290 69.7165 68.8928
605 69.8919 68.8177
962 76.1787 66.1265
951 84.5351 62.5505
332 84.609 62.6175
884 84.6693 62.6723
684 84.737 62.7336
170 84.8033 62.7938
852 84.8708 62.8551
198 84.9367 62.9148
497 85.0101 62.9814
977 85.0159 63.0531
506 85.0216 63.1239
838 85.0272 63.1935
242 85.0335 63.2717
107 85.0404 63.3559
385 85.0481 63.4516
136 85.0547 63.533
372 86.3728 79.841
648 86.1899 80.1161
660 86.0374 80.3454
473 85.849 80.6288
685 85.6932 80.8631
25 85.5415 81.0914
311 85.3911 81.3175
204 85.219 81.5765
450 85.0354 81.8527
528 84.3718 82.8508
725 82.3671 85.8661
983 80.8168 88.1981
820 80.7453 88.3057
322 80.6817 88.4013
928 80.6152 88.5014
417 80.2278 88.5079
889 79.8893 88.5136
740 79.0934 88.5272
135 78.2552 88.5415
145 77.4558 88.5551
285 76.81 88.5661
494 76.2319 88.5758
580 75.6547 88.5856
742 75.1385 88.5944
318 74.6166 88.6032
158 74.1356 88.6113
813 73.6664 88.6193
817 73.1985 88.6272
544 72.8391 88.6332
52 72.4976 88.639
622 72.1819 88.6443
666 71.8776 88.6494
42 71.5664 88.6547
893 71.2812 88.6595
159 70.9136 88.6657
620 70.5145 88.6724
823 70.1441 88.6787
992 69.7745 88.6849
984 69.4396 88.6906
273 69.1307 88.6958
464 68.8331 88.7008
845 68.5477 88.7056
149 68.2609 88.7104
864 67.9758 88.7152
83 67.6664 88.7204
71 67.3199 88.7263
251 66.9372 88.7327
854 66.5517 88.7392
353 66.1402 88.7462
937 65.7112 88.7534
465 65.2578 88.7611
477 64.7868 88.7691
775 64.3246 88.7769
185 63.6965 88.7875
567 63.0932 88.7977
801 62.4931 88.8079
481 61.9102 88.8178
229 61.0251 88.8329
395 60.2344 88.8463
980 59.41 88.8603
177 58.6397 88.8734
317 57.8486 88.8868
911 57.0106 88.9011
415 56.1629 88.9155
12 55.3406 88.9295
179 54.515 88.9435
335 53.712 88.9572
896 52.8589 88.9717
737 52.003 88.9862
563 51.0483 89.0025
408 50.8044 89.0066
294 50.559 89.0108
82 50.5334 89.0112
584 50.5115 89.0116
202 50.4847 89.012
866 50.4552 89.0125
118 50.4286 89.013
541 50.4003 89.0134
516 50.3714 89.0139
375 50.3425 89.0144
165 50.3148 89.0149
880 50.2881 89.0153
105 50.2615 89.0158
239 50.2341 89.0162
774 50.2084 89.0167
618 50.1815 89.0171
659 50.1526 89.0176
313 50.128 89.018
851 50.1015 89.0185
40 50.0746 89.0189
746 50.0475 89.0194
882 50.0212 89.0198
367 49.993 89.0203
406 49.9628 89.0208
826 49.9341 89.0213
259 49.9086 89.0217
511 49.8816 89.0222
763 49.8516 89.0227
539 49.8231 89.0231
206 49.7973 89.0236
320 49.7731 89.024
624 49.75 89.0244
856 49.7255 89.0248
816 49.699 89.0252
754 49.671 89.0257
690 49.6434 89.0262
434 49.6151 89.0266
947 49.5855 89.0271
642 49.5568 89.0276
887 49.5309 89.0281
23 49.5044 89.0285
575 49.476 89.029
140 49.4472 89.0295
940 49.4188 89.0299
248 49.3911 89.0304
280 49.3658 89.0308
895 49.3395 89.0313
369 49.3146 89.0317
193 49.2884 89.0321
62 49.2654 89.0325
344 49.2405 89.0329
636 48.096 89.0526
561 47.1539 89.0689
53 46.024 89.0883
569 45.0256 89.1054
256 44.1324 89.1207
919 43.5575 89.1304
416 43.1325 89.1376
752 42.7051 89.1449
795 42.7049 89.1449
613 42.7048 89.1449
448 42.7046 89.1449
156 42.7045 89.1449
449 42.7043 89.1449
241 42.7042 89.1449
181 42.704 89.1449
807 42.7039 89.1449
129 42.7037 89.1449
649 42.7035 89.1449
305 42.7034 89.1449
877 42.7032 89.1449
172 42.7031 89.1449
394 42.7029 89.1449
22 42.7028 89.1449
536 42.7027 89.1449
126 42.7025 89.1449
861 42.7024 89.1449
530 42.7022 89.1449
755 42.702 89.1449
389 42.7019 89.1449
814 42.7017 89.1449
559 42.7016 89.1449
562 42.7014 89.1449
309 42.7012 89.1449
564 42.7011 89.1449
343 42.7009 89.1449
532 42.7008 89.1449
961 42.7007 89.1449
952 42.5208 89.1479
72 42.2738 89.152
766 42.0489 89.1557
874 41.8295 89.1593
437 41.6056 89.163
713 41.3834 89.1666
5 41.1548 89.1704
245 40.9098 89.1744
215 40.2881 89.1844
548 39.6526 89.1946
319 39.024 89.2048
974 38.3318 89.2159
265 37.674 89.2264
271 37.0219 89.2369
230 36.3829 89.2472
146 35.7455 89.2575
707 35.1072 89.2678
392 34.4683 89.2781
738 33.8247 89.2885
840 33.1551 89.2993
231 32.4224 89.311
139 31.6725 89.323
960 30.9681 89.334
96 30.2406 89.3453
933 29.5849 89.3555
16 29.3874 89.3588
631 29.1888 89.3621
470 28.9981 89.3652
28 28.7992 89.3685
2 28.6073 89.3717
638 28.4061 89.375
859 28.1947 89.3785
695 27.988 89.3819
20 27.7973 89.385
50 27.6032 89.3882
491 27.4146 89.3914
424 27.2467 89.3941
833 27.0789 89.3969
73 26.9159 89.3996
490 26.7476 89.4024
886 26.5765 89.4052
249 26.4337 89.4076
871 26.2944 89.4099
36 26.1608 89.4121
13 26.0227 89.4144
306 25.9007 89.4165
578 25.777 89.4185
456 25.6531 89.4206
92 25.5357 89.4225
918 25.4104 89.4246
773 25.2807 89.4268
430 25.1431 89.4291
288 25.0086 89.4313
409 24.8793 89.4334
428 24.7506 89.4356
15 24.6118 89.4379
714 24.4905 89.4399
253 24.3748 89.4418
761 24.2504 89.4439
885 24.1255 89.446
753 23.9988 89.4481
593 23.8788 89.45
808 23.7634 89.452
115 23.6332 89.4541
120 23.515 89.4561
768 23.3871 89.4582
441 23.2627 89.4603
150 23.1441 89.4623
697 23.018 89.4644
786 22.8882 89.4665
712 22.7487 89.4688
611 22.6193 89.471
495 22.4746 89.4734
183 22.338 89.4756
44 22.2037 89.4779
167 22.0711 89.4801
368 21.9264 89.4825
469 21.7858 89.4848
550 21.6487 89.4871
41 21.5083 89.4894
610 21.3625 89.4918
696 21.2161 89.4943
418 21.0698 89.4967
521 20.9197 89.4992
141 20.7746 89.5016
651 20.4448 89.507
672 20.118 89.5123
227 19.6709 89.5195
1 19.2366 89.5265
560 18.8812 89.5323
973 18.5511 89.5377
236 18.2334 89.5429
95 17.94 89.5478
699 17.6562 89.5524
442 17.3798 89.557
608 17.1087 89.5615
76 16.8211 89.5662
58 16.4878 89.5716
360 16.1468 89.5772
386 15.7976 89.5829
88 15.4605 89.5884
711 15.1078 89.5942
446 14.7881 89.5994
247 14.4763 89.6045
106 14.1679 89.6096
244 13.9271 89.6136
693 13.6707 89.6178
916 13.429 89.6218
17 13.1792 89.6259
750 12.9224 89.6301
780 12.6796 89.6341
93 12.429 89.6382
615 12.167 89.6425
914 12.0939 89.6437
263 12.0222 89.6449
792 11.9536 89.6461
380 11.8886 89.6471
718 11.8231 89.6482
678 11.7566 89.6493
905 11.6934 89.6504
200 11.6307 89.6515
447 11.5665 89.6525
435 11.5033 89.6536
301 11.4406 89.6546
736 11.3782 89.6557
557 11.318 89.6567
364 11.2526 89.6578
892 11.1893 89.6588
803 11.1245 89.6599
444 11.0611 89.661
426 10.9978 89.662
31 10.9377 89.663
300 10.8723 89.6641
405 10.8158 89.6651
628 10.7598 89.666
546 10.7026 89.667
570 10.645 89.6679
401 10.5902 89.6688
462 10.5386 89.6697
759 10.4772 89.6707
868 10.4205 89.6717
827 10.3671 89.6726
568 10.3139 89.6734
39 10.2572 89.6744
213 10.203 89.6753
138 10.1925 89.6755
199 10.1811 89.6757
399 10.1699 89.6759
585 10.1566 89.6761
436 10.1454 89.6763
637 10.1331 89.6765
547 10.1206 89.6767
776 10.1093 89.6769
988 10.0954 89.6771
719 10.0981 88.6507
944 10.1006 87.67
169 10.1018 87.202
953 10.1028 86.7544
982 10.104 86.2721
153 10.1052 85.7765
815 10.1065 85.2681
969 10.1078 84.744
75 10.1094 84.0885
240 10.1109 83.4935
108 10.1123 82.922
304 10.1139 82.3049
657 10.1162 81.393
830 10.1182 80.6212
90 10.1201 79.8787
325 10.122 79.1064
316 10.1241 78.2717
178 10.127 77.1789
890 10.1302 75.9696
554 10.1336 74.6578
600 10.14 72.3832
772 10.1365 71.329
203 10.1365 71.3144
48 10.1364 71.2968
224 10.1364 71.277
298 10.1363 71.2574
955 10.1362 71.238
131 10.1362 71.2144
381 10.1361 71.196
457 10.136 71.1781
503 10.136 71.1579
277 10.1359 71.1374
398 10.1358 71.1173
234 10.1358 71.0974
970 10.1357 71.0804
338 10.1357 71.0641
991 10.1356 71.0478
3 10.1356 71.0283
739 10.1355 71.0108
639 10.1354 70.9951
694 10.1354 70.9777
517 10.1353 70.9601
860 10.1353 70.9439
680 10.1352 70.9254
97 10.1352 70.9075
162 10.1351 70.8903
924 10.1351 70.873
184 10.135 70.8568
272 10.1349 70.837
433 10.1349 70.8193
192 10.1348 70.7975
81 10.1347 70.7789
950 10.1347 70.7615
630 10.1346 70.7414
132 10.1346 70.7221
482 10.1345 70.7034
747 10.1344 70.6849
502 10.1344 70.6687
479 10.1343 70.6518
14 10.1343 70.6329
427 10.1342 70.6145
667 10.1341 70.5957
948 10.1341 70.5763
879 10.134 70.5559
939 10.134 70.5352
114 10.1339 70.5152
347 10.1338 70.4955
784 10.2565 70.4851
764 10.3811 70.4745
589 10.4301 70.4703
703 10.4783 70.4662
346 10.5249 70.4622
255 10.5727 70.4581
429 10.6274 70.4535
556 10.6751 70.4494
400 10.7306 70.4447
113 10.7837 70.4402
168 10.8324 70.436
376 10.8751 70.4324
799 10.9183 70.4287
717 10.9668 70.4246
966 11.0188 70.4202
339 11.0826 70.4147
825 11.1374 70.41
726 11.1893 70.4056
374 11.2345 70.4018
321 11.2839 70.3976
551 11.338 70.393
796 11.3913 70.3884
326 11.443 70.384
119 11.4903 70.38
500 11.5407 70.3757
130 11.5909 70.3714
487 11.6378 70.3674
220 11.6818 70.3637
207 11.7184 70.3606
686 11.8357 70.3506
665 11.9607 70.3399
760 12.0905 70.3289
445 12.2167 70.3181
371 12.3537 70.3064
734 12.5052 70.2935
607 12.6675 70.2797
728 12.8488 70.2643
361 13.1402 70.2394
219 13.3834 70.2187
77 13.642 70.1967
601 17.8744 69.8362
411 20.6605 69.5988
705 23.7497 69.3357
537 23.8084 69.3362
526 23.8672 69.3367
897 23.9258 69.3372
946 23.9823 69.3378
635 24.0421 69.3383
757 24.1017 69.3388
954 24.155 69.3393
431 24.2034 69.3398
587 24.3626 69.3412
701 24.5201 69.3427
571 24.6924 69.3442
99 24.8468 69.3456
524 25.0015 69.347
658 25.1849 69.3487
788 25.3648 69.3504
552 25.535 69.3519
333 25.7191 69.3536
591 25.9004 69.3552
981 26.0617 69.3567
137 27.149 69.3666
443 28.0278 69.3746
454 29.7819 69.3904
189 31.5339 69.4063
267 31.9139 69.4098
225 32.3763 69.414
54 32.7495 69.4174
533 33.0852 69.4204
275 33.0852 69.4204
459 33.0852 69.4204
965 33.0852 69.4204
903 33.0852 69.4204
729 33.0852 69.4204
912 33.1524 69.4953
910 33.2241 69.5754
56 33.2933 69.6525
252 33.3648 69.7323
270 33.4318 69.807
720 33.494 69.8764
226 33.5645 69.9551
662 33.6312 70.0295
888 33.6955 70.1013
574 33.7618 70.1752
124 33.8301 70.2514
223 33.8954 70.3243
327 33.9566 70.3926
971 34.0217 70.4652
266 34.0917 70.5433
730 34.1621 70.6218
501 34.2317 70.6995
296 34.3077 70.7843
292 34.3077 70.7843
614 34.4624 70.5658
806 34.6158 70.3492
60 34.8115 70.0728
540 35.0654 69.7142
523 35.3152 69.3615
676 35.5561 69.0211
264 35.7499 68.7474
894 35.7719 68.7164
724 35.7938 68.6856
80 35.8175 68.652
144 35.8418 68.6177
350 35.8665 68.5828
732 35.8927 68.5458
175 35.9163 68.5126
235 35.941 68.4776
779 35.7338 68.2752
765 35.5124 68.0588
576 35.3017 67.8528
715 35.0971 67.6529
976 34.891 67.4515
134 34.6559 67.2218
872 34.3867 66.9587
957 33.9209 66.5033
789 33.4691 66.0616
891 33.0234 65.626
599 32.8955 65.5009
390 32.7755 65.3837
404 32.6577 65.2687
640 32.5251 65.139
901 32.4023 65.0191
809 32.2891 64.9085
370 32.1739 64.796
410 32.1739 64.796
922 32.1739 64.796
365 32.1739 64.796
163 32.1739 64.796
471 32.1739 64.796
689 31.9842 64.6421
878 31.7507 64.4529
604 31.505 64.2537
349 31.2097 64.0143
927 30.9373 63.7935
688 30.6785 63.5837
596 30.5629 63.49
929 30.4319 63.3838
756 30.3009 63.2776
308 30.1834 63.1824
839 30.0553 63.0785
493 29.9286 62.9759
359 29.8034 62.8744
846 29.6703 62.7665
291 29.5534 62.6718
89 29.4212 62.5646
171 29.3 62.4664
645 28.9406 62.175
451 28.5676 61.8726
21 28.2442 61.6105
34 27.8555 61.2954
79 27.4973 61.005
510 27.1526 60.7256
735 26.8196 60.4556
30 26.5052 60.2008
104 26.1039 59.8755
382 24.9901 58.9722
233 23.8345 58.0351
543 22.6972 57.113
733 22.0044 56.5512
545 21.1944 55.8945
37 20.3117 55.1788
142 20.3117 55.1788
403 20.3117 55.1788
59 20.3117 55.1788
507 20.3117 55.1788
329 20.3117 55.1788
324 20.3117 55.1788
422 20.3117 55.1788
391 20.3117 55.1788
475 20.3117 55.1788
723 20.3117 55.1788
633 20.3117 55.1788
525 20.3117 55.1788
913 20.3117 55.1788
269 20.3117 55.1788
956 17.685 54.0911
925 14.8507 52.9176
373 14.2687 52.6766
303 13.7533 52.463
57 13.2691 52.2625
698 12.8309 52.0809
849 12.3484 51.881
336 12.2894 51.8566
174 12.2264 51.8305
938 12.1612 51.8035
489 12.086 51.7723
565 12.0216 51.7456
771 11.955 51.7181
749 11.8824 51.688
797 11.8198 51.6621
949 11.7509 51.6335
542 11.678 51.6033
531 11.606 51.5735
196 11.5998 51.5608
182 11.5928 51.5464
972 11.586 51.5326
527 11.5788 51.5178
214 11.5717 51.5033
731 11.5644 51.4884
100 11.558 51.4753
122 11.5511 51.4614
228 11.4243 50.6399
148 11.3048 49.8667
330 11.1905 49.1272
212 11.1797 49.0572
312 11.1695 48.9911
677 11.16 48.9301
47 11.149 48.8591
476 11.138 48.788
708 11.1275 48.7201
218 11.1167 48.6502
279 11.1055 48.5778
770 11.0927 48.4956
116 11.0812 48.4212
123 11.0698 48.3476
863 11.0588 48.2767
758 11.049 48.2134
858 11.0384 48.1448
154 11.0268 48.0697
936 11.0156 47.9976
463 11.004 47.9224
157 10.9924 47.8479
909 10.9815 47.7772
663 10.9703 47.7052
283 10.9589 47.6311
805 10.949 47.5674
352 10.9385 47.4994
222 10.9274 47.4277
496 10.9166 47.3579
652 10.9053 47.2855
534 10.8947 47.2165
166 10.8838 47.1463
341 10.872 47.0703
499 10.8602 46.9937
691 10.8602 46.9937
128 11.637 46.0921
655 12.7568 44.7922
505 13.3346 44.1218
438 14.0018 43.3475
397 14.1646 43.1586
535 14.2828 43.0214
616 14.0906 42.5485
841 13.9084 42.1001
908 13.7233 41.6447
78 12.2553 38.0299
74 11.1665 35.3479
258 10.9126 34.7229
328 10.9126 34.7229
958 11.8089 33.9443
474 12.7025 33.1681
641 12.7584 33.1196
700 12.8068 33.0775
65 12.8597 33.0316
32 12.9094 32.9884
990 12.9574 32.9468
829 13.0114 32.8999
268 13.0577 32.8597
86 13.1022 32.8211
205 13.1753 32.7576
10 13.2361 32.7049
87 13.2986 32.6506
384 13.3606 32.5967
46 13.4274 32.5388
4 13.5009 32.4749
985 13.5795 32.4066
514 13.6552 32.341
423 13.7432 32.2646
133 13.8327 32.1868
125 13.9256 32.1061
572 14.0128 32.0304
121 14.1055 31.9499
673 14.1877 31.8785
549 14.2743 31.8034
612 13.9883 31.1684
661 13.2586 29.5475
794 12.6569 28.2112
898 12.2496 27.3067
943 12.3092 26.4325
710 12.3708 25.529
299 12.4348 24.5913
455 12.5012 23.6165
366 12.5697 22.6128
402 12.6223 21.8417
963 12.6748 21.0717
674 12.7332 20.215
187 12.7858 19.4444
348 12.8718 18.9291
836 12.9516 18.4507
881 13.116 17.4658
8 13.2094 16.9063
254 13.2682 16.5541
331 13.3257 16.2091
362 13.4014 15.7559
211 13.4835 15.2637
682 13.56 14.8058
812 13.6419 14.3151
722 13.6804 14.3144
629 13.7324 14.3135
741 13.7832 14.3125
646 13.8317 14.3116
412 13.8848 14.3106
61 13.9397 14.3096
488 16.5941 14.2603
588 18.7224 14.2207
518 33.5588 13.9449
439 33.4709 14.914
363 33.423 15.441
573 33.3702 16.0229
111 33.3137 16.6454
709 33.2598 17.2388
934 33.2161 17.7208
626 33.2028 17.8672
337 33.1897 18.0115
310 33.1764 18.1574
246 33.1625 18.3112
379 33.1483 18.4678
26 33.1363 18.5994
287 33.1246 18.7282
653 33.1107 18.8813
64 33.0966 19.0365
407 33.083 19.1868
284 33.0665 19.3685
221 33.0504 19.5462
915 33.0374 19.689
824 33.0257 19.8176
351 33.0152 19.9338
467 33.0016 20.0834
643 32.9912 20.1977
704 32.9802 20.3192
160 32.9677 20.4566
702 32.9578 20.5657
669 32.9478 20.676
883 32.9011 21.1907
822 32.8524 21.7273
278 32.805 22.2492
307 32.7689 22.6472
486 32.732 23.0537
602 32.7244 23.1373
787 32.717 23.2187
261 32.7097 23.2992
899 32.7018 23.3854
354 32.8296 23.9252
902 32.9551 24.4553
869 34.544 31.162
413 36.0765 37.631
155 36.1902 38.1111
935 36.2775 38.48
586 36.3668 38.8575
834 36.47 39.2933
151 36.6033 39.8564
388 36.7388 40.4289
302 36.8764 41.0104
147 36.9921 41.4991
237 37.0775 41.8599
512 37.0927 41.924
180 37.108 41.9886
848 37.1223 42.0493
853 37.1363 42.1083
11 37.1529 42.1784
603 37.1706 42.2532
127 37.4462 42.1734
480 37.7256 42.0926
356 37.9862 42.0171
529 38.2274 41.9473
414 38.4778 41.8749
472 38.7694 41.7905
748 39.0083 41.7214
194 39.2946 41.6385
191 39.5691 41.5591
210 39.8194 41.4867
664 40.0817 41.4108
843 40.9568 41.1576
945 41.08 41.1219
492 41.194 41.0889
778 41.194 41.0889
508 41.194 41.0889
790 41.2281 41.064
566 41.2579 41.0422
989 41.287 41.0209
679 41.3154 41.0002
38 41.3441 40.9792
811 41.3761 40.9558
687 41.4108 40.9304
862 41.4461 40.9046
876 41.4789 40.8806
7 41.5152 40.8541
49 41.5488 40.8295
706 41.5861 40.8022
917 41.6237 40.7748
522 41.6582 40.7495
783 41.6947 40.7228
619 41.7322 40.6954
257 41.7752 40.664
461 41.8109 40.6379
452 42.7105 39.9803
69 43.6247 39.312
276 44.5329 38.6481
342 45.4728 37.961
692 47.3663 36.577
875 50.074 34.5985
45 52.7811 32.6211
906 52.7811 32.6211
831 52.7811 32.6211
821 52.7811 32.6211
873 52.7811 32.6211
358 52.7811 32.6211
355 52.7811 32.6211
781 52.7811 32.6211
6 52.7811 32.6211
634 52.7811 32.6211
785 52.7811 32.6211
164 52.7811 32.6211
978 52.7811 32.6211
594 52.8008 32.5967
43 52.8216 32.571
209 52.843 32.5446
751 52.864 32.5186
19 52.8842 32.4937
289 52.9058 32.4671
27 52.9264 32.4416
55 52.9466 32.4166
458 52.9649 32.394
66 52.9837 32.3708
865 53.0042 32.3455
870 53.0229 32.3224
63 53.0432 32.2973
681 53.0669 32.268
930 53.0891 32.2406
250 53.1117 32.2127
377 53.1337 32.1855
421 53.1549 32.1594
844 53.1774 32.1316
419 53.2028 32.1001
217 53.2236 32.0745
555 53.5057 31.726
828 53.7734 31.3954
197 54.0314 31.0767
716 54.3821 30.6434
103 66.6133 15.5345
959 67.0603 15.6836
504 67.4949 15.8286
295 67.9049 15.9653
819 68.3106 16.1007
176 68.744 16.2452
581 69.2224 16.4048
721 69.7589 16.5838
24 70.2844 16.7591
598 70.8353 16.9428
777 71.4091 17.1343
