0,103,176,504,24,598,959,581,819,777,295,721,314,828,675,250,27,6,785,19,716,66,634,197,555,209,358,930,751,906,873,831,355,594,458,978,421,821,419,164,681,43,853,586,55,865,289,480,377,935,844,781,45,989,194,69,356,522,870,597,276,49,913,438,461,210,508,388,543,566,414,257,811,687,862,413,876,7,706,790,452,679,619,38,155,11,147,151,237,748,525,664,834,180,917,307,824,26,486,191,379,692,549,160,111,883,709,64,261,822,278,354,221,602,205,121,869,529,643,934,467,669,518,351,653,363,704,573,407,287,310,337,366,915,626,702,787,439,246,836,284,899,572,629,902,661,488,588,61,646,412,722,402,362,682,187,8,674,881,211,455,474,673,641,348,254,812,898,258,331,710,963,741,74,65,829,943,384,32,268,4,700,423,299,794,125,133,770,616,312,990,87,78,212,328,985,731,86,514,46,535,228,958,10,283,612,589,57,47,771,373,908,909,691,936,505,797,403,476,698,749,499,330,463,100,841,142,489,123,863,154,534,218,303,122,341,157,352,148,128,652,849,214,116,972,422,174,663,531,527,222,805,708,925,166,677,565,131,182,783,397,391,475,59,302,37,735,949,496,233,723,938,655,688,336,778,758,858,324,633,269,34,705,640,542,720,981,524,897,279,956,599,545,756,196,451,329,772,901,596,965,846,552,924,137,912,922,676,839,779,370,89,225,175,809,788,104,171,134,267,471,891,291,603,683,576,127,54,30,929,765,645,957,382,308,976,21,533,56,365,235,523,226,587,493,903,540,163,327,359,724,878,404,454,614,215,927,292,189,840,807,578,223,757,124,296,604,773,270,252,333,635,326,526,872,789,888,591,662,689,701,946,601,168,349,275,501,266,574,571,99,390,479,730,608,16,60,502,658,411,726,971,113,733,600,79,443,537,729,510,507,361,347,433,255,665,799,784,114,667,694,162,966,277,321,970,338,398,717,400,939,991,220,760,192,376,703,81,747,234,686,500,219,132,607,764,739,429,825,374,551,886,178,224,77,879,657,796,371,734,445,339,3,680,14,487,482,503,630,272,517,119,48,948,381,325,97,556,560,615,207,905,955,130,75,950,639,427,298,728,457,546,944,860,31,554,447,169,890,88,346,830,399,316,58,240,426,90,711,750,803,301,364,203,557,199,815,868,628,236,693,444,401,138,792,153,435,405,106,570,759,585,39,436,300,933,213,914,827,718,736,719,183,386,916,244,1,95,780,462,304,547,263,678,568,637,982,108,892,988,953,871,200,360,380,969,430,699,227,93,495,17,446,593,859,695,28,96,428,253,15,776,973,184,249,442,13,247,651,456,92,610,696,167,424,150,638,418,697,41,761,753,441,521,712,120,833,76,36,786,954,919,490,73,44,714,491,885,631,409,288,550,611,50,368,431,469,306,115,768,20,806,2,960,672,470,141,808,294,343,707,649,146,139,738,305,231,53,389,271,795,918,974,548,541,129,713,532,5,181,408,961,165,449,746,874,766,230,241,367,375,256,437,448,814,613,516,416,752,392,265,22,394,172,559,866,896,434,72,569,877,179,659,245,536,23,206,782,563,737,62,202,105,229,575,239,774,309,940,856,882,118,584,624,952,140,861,415,156,754,511,887,259,530,618,193,564,562,642,406,539,82,561,126,895,755,690,947,567,177,851,826,763,317,40,931,94,248,18,280,297,992,477,911,369,12,335,313,880,980,816,344,817,845,464,52,544,145,318,158,620,823,984,273,185,42,813,149,854,353,465,622,666,928,820,983,494,893,159,251,135,864,285,580,937,889,25,450,322,742,740,372,204,311,648,725,685,660,473,497,334,967,107,170,884,684,977,838,201,242,951,932,136,942,385,102,198,583,506,420,654,727,173,650,867,68,904,900,152,71,579,290,383,481,975,238,528,962,837,332,417,818,83,775,744,847,460,395,801,51,509,832,378,595,857,769,282,647,668,921,112,9,987,636,459,109,632,986,671,964,320,802,484,617,319,350,804,513,208,800,315,732,715,558,80,743,798,894,91,453,216,286,498,144,410,910,264,582,791,478,793,188,762,625,440,605,468,519,907,855,432,84,393,35,293,340,472,623,281,186,843,512,945,848,342,923,217,85,621,63,485,810,262,70,161,577,101,492,875,396,968,190,852,515,67,538,941,195,387,656,850,143,553,110,767,425,117,232,609,592,745,920,466,274,670,323,835,357,842,29,926,606,644,590,33,520,98,260,243,627,979,345,483,
value : 458.126 running time : 217.414990
0 80 20
103 66.8786 15.4537
176 66.6596 15.7586
504 66.4354 16.0709
24 66.2238 16.3654
598 66.022 16.6464
959 65.8201 16.9274
581 65.6417 17.1759
819 65.4557 17.4349
777 65.2887 17.6674
295 65.1131 17.9119
721 64.9419 18.1503
314 54.4221 32.8028
828 53.9828 33.4145
675 53.5601 34.0031
250 53.5474 34.0191
27 53.5346 34.0352
6 53.5218 34.0513
785 53.5072 34.0697
19 53.4921 34.0886
716 53.4772 34.1073
66 53.4631 34.1251
634 53.4495 34.1422
197 53.4353 34.1601
555 53.4222 34.1765
209 53.4073 34.1952
358 53.3919 34.2146
930 53.3761 34.2345
751 53.3613 34.253
906 53.3454 34.273
873 53.3321 34.2898
831 53.3173 34.3084
355 53.2998 34.3304
594 53.2827 34.3519
458 53.267 34.3716
978 53.2511 34.3915
421 53.237 34.4093
821 53.2234 34.4264
419 53.2093 34.4441
164 52.7148 35.0649
681 52.1497 35.7744
43 51.5863 36.4816
853 51.0557 37.1478
586 50.9529 37.2769
55 50.913 37.327
865 50.8648 37.3875
289 50.815 37.45
480 50.7477 37.5344
377 50.9868 37.6898
935 51.1684 37.8078
844 51.3808 37.9458
781 51.5994 38.0878
45 51.7896 38.2113
989 48.7535 40.7831
194 47.8185 41.5752
69 47.0939 42.189
356 46.3366 42.8305
522 45.6124 43.444
870 45.0583 43.9134
597 44.306 44.5507
276 42.2343 43.6917
49 40.0094 42.7693
913 37.915 41.901
438 37.4864 41.7232
461 37.4794 41.7204
210 37.4711 41.7169
508 37.4609 41.7127
388 37.4517 41.7089
543 37.4435 41.7055
566 37.4435 41.7055
414 37.4435 41.7055
257 37.4435 41.7055
811 37.4435 41.7055
687 37.4435 41.7055
862 37.4435 41.7055
413 37.4435 41.7055
876 37.4435 41.7055
7 37.4435 41.7055
706 37.4435 41.7055
790 37.4435 41.7055
452 37.4435 41.7055
679 37.4435 41.7055
619 37.4435 41.7055
38 37.4435 41.7055
155 37.4435 41.7055
11 37.4435 41.7055
147 37.4435 41.7055
151 37.4435 41.7055
237 37.4435 41.7055
748 37.2822 41.1442
525 37.1288 40.6103
664 36.9217 39.8892
834 36.7321 39.229
180 36.5932 38.7456
917 35.9554 36.5255
307 35.0152 33.2527
824 34.7357 32.2795
26 34.5364 31.586
486 34.5221 31.536
191 34.5073 31.4843
379 34.4909 31.4275
692 34.4763 31.3766
549 34.4582 31.3136
160 34.4397 31.2489
111 34.4198 31.1796
883 34.4022 31.1183
709 34.3865 31.0637
64 34.3704 31.0077
261 34.3704 31.0077
822 34.3704 31.0077
278 34.3704 31.0076
354 34.3704 31.0076
221 34.3704 31.0076
602 34.3704 31.0076
205 34.3704 31.0076
121 34.2982 30.613
869 34.3241 29.0306
529 34.3562 27.0755
643 34.4282 22.6893
934 34.4472 21.5326
467 34.4695 20.1718
669 34.5257 16.7499
518 34.556 14.8999
351 34.0958 14.9811
653 33.6986 15.0513
363 33.0355 15.1684
704 32.4137 15.2782
573 31.8009 15.3864
407 31.1695 15.4979
287 30.517 15.6132
310 29.7448 15.7496
337 28.7639 15.9228
366 26.8772 16.256
915 26.8772 16.256
626 26.8772 16.256
702 26.8772 16.256
787 26.8772 16.256
439 24.1585 16.282
246 21.5433 16.307
836 17.6336 16.3442
284 16.7353 16.2036
899 14.9099 15.9186
572 12.7216 15.5776
629 12.7026 15.5691
902 12.6864 15.5618
661 12.6677 15.5535
488 12.6472 15.5443
588 12.6276 15.5355
61 12.6075 15.5266
646 12.5884 15.518
412 12.5699 15.5098
722 12.5508 15.5012
402 12.5316 15.4927
362 12.5076 15.4819
682 12.4844 15.4716
187 12.4615 15.4613
8 12.4429 15.453
674 12.4211 15.4433
881 12.3997 15.4337
211 12.3809 15.4254
455 12.3626 15.4172
474 12.3451 15.4094
673 12.3246 15.4002
641 12.3049 15.3915
348 12.2815 15.381
254 12.2605 15.3716
812 12.235 15.3603
898 11.9986 27.0244
258 11.9911 27.3939
331 11.9836 27.7613
710 11.9758 28.1505
963 11.9682 28.5243
741 11.9603 28.9151
74 11.9507 29.3895
65 11.9412 29.8575
829 11.9327 30.2776
943 11.9248 30.669
384 11.9158 31.1101
32 11.9088 31.459
268 11.903 31.745
4 11.8963 32.0739
700 11.8883 32.4691
423 11.8812 32.8185
299 11.8756 33.0926
794 11.8686 33.4379
125 11.86 33.8654
133 11.8518 34.2663
770 11.8419 34.7549
616 11.8335 35.1678
312 11.8257 35.5509
990 11.819 35.8831
87 11.8124 36.2082
78 11.8049 36.576
212 11.798 36.9159
328 11.7915 37.2373
985 11.7915 37.2373
731 11.7915 37.2373
86 11.7915 37.2373
514 11.8781 37.4243
46 13.0345 39.9225
535 14.3343 42.7303
228 14.3343 42.7303
958 14.3343 42.7303
10 14.3343 42.7303
283 14.3343 42.7303
612 14.3343 42.7303
589 10.8595 47.6538
57 10.8595 47.6538
47 10.8595 47.6538
771 10.8595 47.6538
373 10.8595 47.6538
908 10.8595 47.6538
909 10.8461 47.6571
691 10.8348 47.6599
936 10.8224 47.663
505 10.8112 47.6657
797 10.8012 47.6682
403 10.7902 47.6709
476 10.7055 47.6919
698 10.617 47.7138
749 10.5151 47.739
499 10.4218 47.762
330 10.4573 47.9225
463 10.4997 48.1143
100 10.5404 48.2982
841 10.5765 48.4616
142 10.6137 48.6298
489 10.6463 48.7771
123 10.678 48.9206
863 10.7125 49.0765
154 10.7532 49.2607
534 10.7938 49.4444
218 10.8339 49.6254
303 10.8706 49.7916
122 10.9052 49.9481
341 10.9226 50.0269
157 10.9412 50.1111
352 10.96 50.1963
148 10.9777 50.2761
128 10.9972 50.3649
652 11.018 50.4587
849 11.0405 50.5606
214 11.0612 50.6547
116 11.0804 50.7417
972 11.1005 50.8327
422 11.1199 50.9205
174 11.1378 51.0013
663 11.1568 51.0873
531 11.1799 51.1919
527 11.2554 51.1964
222 11.3381 51.2013
805 11.4147 51.2059
708 11.4856 51.2101
925 11.5599 51.2145
166 11.6332 51.2189
677 11.7135 51.2236
565 11.7894 51.2281
131 11.862 51.2325
182 17.4163 51.037
783 24.4481 50.7896
397 24.4263 50.842
391 24.4018 50.9008
475 24.3793 50.955
59 24.3548 51.0139
302 24.334 51.064
37 24.3109 51.1195
735 24.2841 51.184
949 24.2626 51.2358
496 24.2395 51.2913
233 24.2158 51.3482
723 24.1959 51.396
938 24.1724 51.4527
655 24.152 51.5018
688 24.1281 51.5592
336 24.103 51.6195
778 24.0834 51.6668
758 24.0603 51.7222
858 24.0378 51.7763
324 24.0164 51.8278
633 23.9954 51.8784
269 23.9741 51.9295
34 23.9484 51.9915
705 23.9261 52.0451
640 23.9041 52.0979
542 23.8819 52.1514
720 24.0545 53.5492
981 24.1774 54.5466
524 24.3008 55.5472
897 24.3008 55.5472
279 24.3008 55.5472
956 24.3008 55.5472
599 24.3008 55.5472
545 24.3008 55.5472
756 24.3008 55.5472
196 24.3008 55.5472
451 24.9218 56.1537
329 25.537 56.7546
772 26.1471 57.3505
901 26.8671 58.0537
596 27.5984 58.7679
965 27.845 59.0088
846 28.0798 59.2382
552 28.3328 59.4853
924 28.5832 59.73
137 29.7401 60.608
912 30.8545 61.454
922 31.9407 62.2784
676 33.1355 63.1853
839 33.2203 63.2497
779 33.322 63.3268
370 33.3747 63.3668
89 33.4298 63.4086
225 33.4992 63.4613
175 33.5562 63.5046
809 33.6102 63.5456
788 33.6651 63.5873
104 33.7317 63.6378
171 33.799 63.6888
134 33.8597 63.735
267 33.8597 63.735
471 33.8597 63.735
891 33.8597 63.735
291 33.8597 63.735
603 33.8597 63.735
683 33.8597 63.735
576 33.8597 63.735
127 33.8597 63.735
54 34.0002 63.9769
30 34.1312 64.2025
929 34.2643 64.4316
765 34.4116 64.6853
645 34.5442 64.9137
957 34.6768 65.142
382 34.8241 65.3958
308 35.0069 65.7106
976 35.1865 66.0199
21 35.3144 66.2401
533 35.4452 66.4654
56 35.592 66.7182
365 35.7363 66.9667
235 35.8931 67.2368
523 35.6497 67.6317
226 35.3926 68.0488
587 35.1849 68.3857
493 34.9974 68.6899
903 34.7691 69.0602
540 34.5569 69.4043
163 34.3461 69.7463
327 34.1053 70.137
359 33.9034 70.4645
724 33.6905 70.8098
878 33.4735 71.1618
404 33.2562 71.5145
454 33.009 71.9154
614 32.7988 72.2565
215 32.5832 72.6062
927 32.5365 72.6282
292 32.4994 72.6457
189 32.4595 72.6645
840 32.4194 72.6834
807 32.3768 72.7035
578 32.2495 72.7635
223 32.1573 72.807
757 32.0589 72.8535
124 31.9756 72.8928
296 31.8853 72.9354
604 31.7997 72.9758
773 31.7104 73.018
270 31.2678 72.7369
252 30.7795 72.4269
333 30.2436 72.0865
635 29.721 71.7547
326 29.2549 71.4587
526 29.2094 71.4298
872 29.1678 71.4034
789 29.1178 71.3717
888 29.0701 71.3414
591 29.0265 71.3138
662 28.9822 71.2856
689 28.9313 71.2533
701 28.873 71.2163
946 28.823 71.1846
601 28.7721 71.1523
168 28.7261 71.1231
349 28.6995 71.1062
275 28.6732 71.0895
501 28.6486 71.0739
266 28.6228 71.0575
574 28.5972 71.0413
571 28.5704 71.0243
99 28.5421 71.0063
390 28.5153 70.9893
479 28.489 70.9727
730 28.4656 70.9578
608 28.4402 70.9417
16 27.8731 70.4974
60 27.2211 69.9867
502 26.2565 69.2311
658 26.0814 69.0939
411 25.8868 68.9415
726 25.7204 68.8111
971 25.5488 68.6767
113 25.3723 68.5385
733 25.2099 68.4112
600 25.0521 68.2876
79 24.8858 68.1574
443 24.7408 68.0438
537 24.5842 67.9211
729 24.4102 67.7848
510 24.2449 67.6553
507 21.1216 68.2209
361 15.8184 69.1808
347 10.4336 70.1554
433 10.4333 70.1695
255 10.4332 70.1819
665 10.433 70.1953
799 10.4328 70.208
784 10.4326 70.2208
114 10.4324 70.2349
667 10.4321 70.2497
694 10.4319 70.2639
162 10.4317 70.2778
966 10.4315 70.2908
277 10.4313 70.3048
321 10.4311 70.3195
970 10.4309 70.3316
338 10.4307 70.345
398 10.4305 70.3585
717 10.4303 70.3717
400 10.4301 70.3861
939 10.4299 70.3988
991 10.4296 70.4137
220 10.4295 70.4261
760 10.4293 70.4369
192 10.4291 70.4499
376 10.4289 70.463
703 10.4287 70.4762
81 10.4285 70.4903
747 10.4283 70.5031
234 10.4281 70.5171
686 10.4279 70.5303
500 10.4277 70.5419
219 10.4275 70.5522
132 10.4274 70.5628
607 10.4272 70.5737
764 10.4271 70.5835
739 10.4221 70.9137
429 10.4164 71.2884
825 10.411 71.6473
374 10.4064 71.9573
551 10.4017 72.2645
886 10.3973 72.5613
178 10.3961 72.6392
224 10.3951 72.711
77 10.394 72.7834
879 10.3927 72.8692
657 10.3913 72.9634
796 10.39 73.0512
371 10.3889 73.1256
734 10.3877 73.2099
445 10.3863 73.3037
339 10.3849 73.3947
3 10.3838 73.4707
680 10.3825 73.5597
14 10.3811 73.6492
487 10.3797 73.744
482 10.3786 73.8217
503 10.3773 73.9094
630 10.3761 73.9906
272 10.3748 74.0775
517 10.3734 74.1671
119 10.372 74.2626
48 10.3705 74.3675
948 10.3693 74.447
381 10.368 74.5339
325 10.3665 74.6346
97 10.3653 74.7136
556 10.3639 74.8095
560 10.3625 74.9049
615 10.3611 74.994
207 10.3599 75.0759
905 10.3585 75.1704
955 10.3573 75.2509
130 10.3563 75.3222
75 10.3499 75.7477
950 10.3447 76.1004
639 10.3383 76.5322
427 10.3317 76.9825
298 10.3241 77.4954
728 10.3161 78.0283
457 10.3084 78.552
546 10.3004 79.087
944 10.2931 79.5786
860 10.2861 80.0518
31 10.2784 80.5724
554 10.271 81.0739
447 10.2628 81.6222
169 10.2567 82.0352
890 10.2509 82.4255
88 10.2446 82.8512
346 10.2385 83.2674
830 10.2313 83.7529
399 10.2234 84.2849
316 10.2159 84.7886
58 10.2089 85.2597
240 10.2023 85.7064
426 10.1951 86.1964
90 10.1872 86.7263
711 10.176 87.4789
750 10.1668 88.0921
803 10.1661 88.1409
301 10.1654 88.1922
364 10.1646 88.244
203 10.1639 88.2941
557 10.163 88.3545
199 10.1621 88.4125
815 10.1613 88.4663
868 10.1604 88.5247
628 10.1597 88.5752
236 10.1588 88.6343
693 10.1581 88.6844
444 10.1574 88.7339
401 10.1565 88.7898
138 10.1557 88.8491
792 10.1549 88.9002
153 10.154 88.9601
435 10.153 89.0265
405 10.1522 89.079
106 10.1515 89.1284
570 10.1509 89.1716
759 10.1501 89.2255
585 10.1491 89.2905
39 10.1483 89.3462
436 10.1476 89.3935
300 10.1467 89.4513
933 10.1458 89.516
213 10.1449 89.5767
914 10.1447 89.5829
827 10.1446 89.5894
718 10.1445 89.595
736 10.1444 89.601
719 10.1443 89.6071
183 10.1442 89.6133
386 10.1441 89.6196
916 10.144 89.6255
244 10.1439 89.6316
1 10.1437 89.6386
95 10.1436 89.6449
780 10.1435 89.6511
462 10.1434 89.6588
304 10.1432 89.6654
547 10.1431 89.6716
263 10.143 89.6782
678 10.1429 89.6849
568 10.1428 89.6911
637 10.1426 89.6971
982 10.1425 89.7031
108 10.1424 89.7094
892 10.1423 89.7159
988 10.1422 89.7235
953 10.9433 89.7101
871 11.9286 89.6936
200 12.4192 89.6854
360 12.9807 89.6759
380 13.426 89.6684
969 14.3725 89.6526
430 18.3634 89.5863
699 18.509 89.5839
227 18.676 89.5811
93 18.825 89.5786
495 18.9823 89.576
17 19.1443 89.5733
446 19.3012 89.5706
593 19.5012 89.5673
859 19.6828 89.5643
695 19.8491 89.5615
28 20.0401 89.5583
96 20.2075 89.5555
428 20.3536 89.5531
253 20.4919 89.5508
15 20.6146 89.5487
776 20.7489 89.5465
973 20.8843 89.5442
184 21.0315 89.5417
249 21.1849 89.5392
442 21.3275 89.5368
13 21.4833 89.5342
247 21.6357 89.5317
651 21.8363 89.5283
456 22.023 89.5252
92 22.2159 89.522
610 22.3694 89.5194
696 22.5214 89.5169
167 22.6772 89.5143
424 22.8281 89.5118
150 23.0015 89.5089
638 23.1566 89.5063
418 23.2918 89.504
697 23.4347 89.5017
41 23.5821 89.4992
761 23.7242 89.4968
753 23.8616 89.4945
441 24.014 89.492
521 24.1682 89.4894
712 24.3167 89.4869
120 24.4921 89.484
833 24.6377 89.4816
76 24.7999 89.4789
36 24.9599 89.4762
786 25.1249 89.4735
954 25.2745 89.471
919 25.4248 89.4685
490 25.5522 89.4663
73 25.69 89.464
44 25.8168 89.4619
714 25.951 89.4597
491 26.0968 89.4572
885 26.251 89.4547
631 26.4071 89.4521
409 26.5511 89.4497
288 26.6876 89.4474
550 26.8357 89.4449
611 26.9886 89.4424
50 27.1242 89.4401
368 27.2692 89.4377
431 27.4145 89.4352
469 27.604 89.4321
306 27.8017 89.4288
115 27.9896 89.4256
768 28.6511 89.4146
20 29.5898 89.3989
806 30.4897 89.3839
2 31.334 89.3698
960 32.1189 89.3567
672 32.931 89.3431
470 33.7885 89.3288
141 34.609 89.3151
808 35.5008 89.3002
294 36.5331 89.283
343 36.8558 89.2776
707 37.1325 89.273
649 37.4433 89.2678
146 37.7255 89.2631
139 38.0179 89.2582
738 38.3457 89.2527
305 38.696 89.2469
231 38.9741 89.2422
53 39.2878 89.237
389 39.5973 89.2318
271 39.8672 89.2273
795 40.1644 89.2223
918 40.4843 89.217
974 40.852 89.2109
548 41.2626 89.204
541 41.7022 89.1967
129 41.8399 89.1944
713 41.9899 89.1919
532 42.1323 89.1895
5 42.2562 89.1875
181 42.3784 89.1854
408 42.5247 89.183
961 42.6554 89.1808
165 42.6671 89.1807
449 42.6789 89.1805
746 42.6921 89.1802
874 42.7038 89.1801
766 42.7154 89.1799
230 42.727 89.1797
241 42.7403 89.1795
367 42.7554 89.1792
375 42.7554 89.1792
256 42.7554 89.1792
437 42.7554 89.1792
448 42.7554 89.1792
814 42.7554 89.1792
613 42.7554 89.1792
516 42.7554 89.1792
416 42.7554 89.1792
752 42.7554 89.1792
392 42.9834 89.1628
265 43.2293 89.1452
22 43.7137 89.1102
394 44.2256 89.0733
172 44.7726 89.0338
559 45.3878 88.9894
866 45.9802 88.9466
896 46.5887 88.9026
434 47.0918 88.8664
72 47.0918 88.8664
569 47.3892 88.8169
877 47.763 88.7548
179 48.2743 88.6697
659 48.7165 88.5962
245 49.2005 88.5157
536 49.6389 88.4429
23 50.0873 88.3683
206 50.1197 88.3528
782 50.1572 88.3348
563 50.1936 88.3173
737 50.2275 88.3011
62 50.2623 88.2844
202 50.2997 88.2664
105 50.3341 88.2499
229 50.3787 88.2285
575 50.417 88.2101
239 50.4486 88.195
774 50.4866 88.1767
309 50.5234 88.1591
940 50.5941 88.1252
856 50.6513 88.0977
882 50.6958 88.0764
118 50.7497 88.0506
584 50.7975 88.0277
624 50.8429 88.0059
952 50.8927 87.982
140 50.9428 87.958
861 50.9913 87.9348
415 51.0382 87.9123
156 51.0819 87.8914
754 51.1342 87.8663
511 51.1818 87.8435
887 51.2371 87.817
259 51.2857 87.7937
530 51.3296 87.7727
618 51.3771 87.7499
193 51.4221 87.7283
564 51.4697 87.7055
562 51.5186 87.6821
642 51.5682 87.6583
406 51.6154 87.6357
539 51.6586 87.615
82 51.709 87.5909
561 51.7582 87.5673
126 51.8582 87.5194
895 51.9521 87.4743
755 52.0388 87.4328
690 52.1257 87.3911
947 52.2163 87.3477
567 52.312 87.3018
177 52.3984 87.2604
851 52.479 87.2217
826 52.5645 87.1807
763 52.6462 87.1416
317 52.7544 87.0897
40 52.8414 87.048
931 52.9391 87.0012
94 53.0243 86.9603
248 53.7167 87.1872
18 55.2098 87.6759
280 55.3115 87.7093
297 55.4301 87.7481
992 55.5331 87.7819
477 55.6302 87.8137
911 55.7198 87.8431
369 55.8048 87.8709
12 55.8952 87.9006
335 55.9878 87.9309
313 56.0817 87.9617
880 56.1751 87.9923
980 56.2755 88.0252
816 56.3767 88.0584
344 56.4755 88.0908
817 58.8145 88.2026
845 60.235 88.2705
464 61.308 88.3218
52 62.3491 88.3715
544 63.2891 88.4165
145 64.1199 88.4562
318 64.9345 88.4951
158 65.6309 88.5284
620 66.2443 88.5577
823 66.8558 88.587
984 67.4336 88.6146
273 68.0984 88.6464
185 68.7869 88.6793
42 69.7447 88.7251
813 70.8026 88.7757
149 71.7415 88.8206
854 72.7449 88.8686
353 73.6777 88.9132
465 74.6117 88.9578
622 75.7088 89.0103
666 77.4663 89.0943
928 79.5021 89.1917
820 79.5021 89.1917
983 79.5021 89.1917
494 79.5021 89.1917
893 79.5021 89.1917
159 79.5021 89.1917
251 79.5021 89.1917
135 79.5204 89.1493
864 79.5415 89.1003
285 79.5588 89.0601
580 79.577 89.0178
937 80.1527 87.6836
889 82.3906 84.7679
25 84.183 82.4325
450 84.8804 81.5239
322 85.116 81.217
742 85.4327 80.8044
740 85.9476 80.1334
372 86.4865 79.4314
204 86.4727 79.2542
311 86.4607 79.1007
648 86.4499 78.9618
725 86.4389 78.8217
685 86.4258 78.654
660 86.411 78.4637
473 86.3981 78.2984
497 85.2397 63.4243
334 84.5509 62.8995
967 84.0176 62.4932
107 84.0105 62.4877
170 84.0026 62.4817
884 83.9943 62.4754
684 83.9862 62.4692
977 83.9776 62.4626
838 83.9686 62.4558
201 83.9603 62.4494
242 83.9515 62.4427
951 83.9424 62.4358
932 83.1131 62.6198
136 82.4344 62.7703
942 76.8671 64.0068
385 76.8671 64.0068
102 76.8671 64.0068
198 76.8671 64.0068
583 76.7522 64.1398
506 76.6387 64.271
420 75.9638 65.0517
654 75.2752 65.8483
727 74.8636 66.3244
173 74.5456 66.6923
650 74.356 66.9116
867 74.1482 67.152
68 73.9457 67.3862
904 73.7353 67.6296
900 73.5633 67.8286
152 73.3777 68.0433
71 73.1673 68.2867
579 73.0026 68.4772
290 72.8331 68.6732
383 72.679 68.8515
481 72.4803 69.0814
975 72.4803 69.0814
238 72.4803 69.0814
528 72.4803 69.0814
962 72.1704 69.1458
837 71.8913 69.2039
332 71.6373 69.2567
417 71.3385 69.3188
818 70.8443 69.4215
83 70.3314 69.5282
775 69.8413 69.6301
744 68.3359 69.8914
847 66.7793 70.1616
460 65.4722 70.3885
395 64.3419 70.5847
801 63.5013 70.7307
51 62.8275 70.8477
509 62.0228 70.9874
832 61.2182 71.1271
378 60.4846 71.2545
595 59.7752 71.3777
857 58.7866 71.5493
769 58.0134 71.6835
282 57.3307 71.8021
647 56.7258 71.9071
668 55.8251 72.0635
921 54.7599 72.2484
112 53.8911 72.3993
9 52.9924 72.5553
987 52.0328 72.7219
636 50.8056 72.9349
459 49.8094 73.1079
109 49.8077 73.1315
632 49.8059 73.1558
986 49.8042 73.1792
671 49.8025 73.2032
964 49.8009 73.2248
320 49.5659 76.4597
802 49.6541 75.6828
484 49.746 74.8744
617 49.8321 74.1171
319 49.8976 73.5405
350 50.0551 72.1544
804 50.2397 70.5301
513 50.2797 70.1781
208 50.3249 69.7806
800 50.366 69.4181
315 50.4142 68.9943
732 50.4664 68.5348
715 50.4706 68.4978
558 50.4749 68.4599
80 50.4788 68.4251
743 50.4833 68.3855
798 50.4876 68.3475
894 50.4912 68.3149
91 50.4953 68.2792
453 50.5 68.2373
216 50.5048 68.1947
286 50.5096 68.1526
498 50.5135 68.1179
144 50.5135 68.1179
410 50.5135 68.1179
910 50.5135 68.1179
264 51.3149 66.589
582 51.9725 65.3343
791 52.9334 63.5013
478 53.8555 61.7422
793 53.8555 61.7422
188 53.8555 61.7422
762 53.8555 61.7422
625 53.8555 61.7422
440 53.8555 61.7422
605 53.8555 61.7422
468 53.8555 61.7422
519 53.8555 61.7422
907 53.8555 61.7422
855 53.8555 61.7422
432 53.8555 61.7422
84 53.8526 61.7131
393 53.8498 61.6863
35 53.8467 61.6558
293 53.8439 61.6279
340 53.8412 61.6014
472 53.4383 57.6184
623 53.3847 57.0882
281 53.3377 56.6243
186 53.2862 56.1153
843 53.2319 55.5795
512 53.1816 55.082
945 53.1816 55.082
848 53.1816 55.082
342 53.9269 55.0955
923 54.8361 55.1119
217 55.7705 55.1287
85 55.7705 55.1287
621 55.7705 55.1287
63 55.7705 55.1287
485 55.9082 55.1354
810 56.0247 55.1411
262 56.1424 55.1469
70 56.2712 55.1532
161 56.3727 55.1581
577 56.484 55.1636
101 56.594 55.169
492 56.7139 55.1748
875 56.8381 55.1809
396 56.965 55.1871
968 57.0836 55.1929
190 62.6156 55.4647
852 66.9901 55.6796
515 66.9901 55.6796
67 67.2705 55.4641
538 67.6731 55.1548
941 68.1331 54.8014
195 68.5925 54.4485
387 68.5925 54.4485
656 68.5925 54.4485
850 68.5925 54.4485
143 68.5925 54.4485
553 68.5925 54.4485
110 68.5925 54.4485
767 69.1196 53.4132
425 69.7316 52.2112
117 70.2086 51.2742
232 70.7822 50.1475
609 71.2766 49.1764
592 71.674 48.396
745 72.0506 47.6562
920 72.3509 47.0664
466 72.6856 46.4091
274 73.0095 45.7728
670 73.2711 45.2591
323 73.5588 44.694
835 73.8483 44.1254
357 73.917 43.9905
842 73.9961 43.835
29 74.0992 43.6326
926 74.1892 43.456
606 74.2898 43.2582
644 74.3954 43.0509
590 78.7194 34.558
33 80.0264 31.9908
520 81.1818 29.7214
98 83.1588 25.8385
260 86.107 17.5879
243 86.1147 17.5665
627 86.1224 17.5448
979 86.1309 17.521
345 86.1384 17.5001
483 86.1466 17.477
