0,483,627,979,260,243,345,33,835,520,590,98,675,274,232,29,592,553,926,466,745,767,951,670,850,583,842,425,941,942,609,650,852,70,334,387,920,195,967,932,647,838,67,110,977,975,152,900,506,684,528,332,497,136,884,198,107,242,170,450,385,201,383,204,685,725,25,311,660,648,740,372,928,820,473,889,893,322,135,318,494,983,666,159,580,575,744,801,742,251,158,845,285,854,464,544,353,177,567,620,992,317,52,185,817,42,149,813,823,145,622,273,984,477,465,229,40,847,582,378,335,802,395,782,18,280,800,769,864,51,290,595,867,962,832,654,727,173,83,481,579,417,297,818,238,68,904,71,509,837,937,775,340,94,668,208,931,964,671,498,468,605,515,101,262,117,625,762,810,393,791,84,538,440,420,656,102,143,357,190,485,478,907,594,63,848,906,35,186,286,85,621,396,188,793,623,577,293,161,197,66,870,844,69,935,978,180,945,512,342,276,875,519,281,210,989,452,484,410,839,171,461,264,533,370,923,732,597,576,80,645,855,104,558,676,798,807,144,308,617,189,649,530,765,56,163,225,404,175,54,270,459,291,779,968,216,453,976,91,894,294,804,743,724,134,235,632,683,910,82,282,987,9,432,112,921,315,369,636,109,857,12,986,179,861,460,126,105,129,193,895,564,755,642,561,62,763,320,313,880,980,816,406,415,887,911,746,305,814,248,319,367,536,856,344,541,618,659,239,851,202,343,584,448,961,896,532,511,882,118,434,259,140,23,713,156,877,181,241,172,437,408,737,754,624,245,952,940,690,707,563,840,292,947,73,215,2,231,774,146,539,548,165,516,449,389,206,559,874,53,22,974,786,230,375,470,569,309,866,738,5,265,36,139,766,490,392,416,296,806,350,513,540,826,333,730,562,878,223,613,271,795,918,120,256,72,752,469,306,115,768,20,808,610,696,167,424,150,418,697,41,761,753,441,521,456,92,695,833,608,76,430,593,394,960,96,672,253,428,50,871,611,631,859,244,93,141,651,44,550,288,885,17,409,776,491,714,28,712,200,304,227,551,249,495,203,815,1,199,557,435,213,325,750,803,693,953,106,969,405,380,678,401,615,39,973,444,637,446,982,247,31,153,628,15,386,933,988,916,48,364,301,914,868,236,699,827,169,447,585,718,736,263,547,719,108,300,568,830,95,442,138,711,13,462,759,944,374,321,178,75,792,90,554,890,431,399,368,326,479,680,113,400,886,58,316,360,955,183,630,99,780,426,119,578,892,570,255,77,371,657,114,347,726,686,361,607,277,760,717,799,970,694,381,546,796,298,946,339,905,639,517,747,338,272,14,487,482,772,219,234,376,728,97,433,556,207,665,966,500,560,427,667,162,192,784,948,879,734,445,991,240,224,825,503,443,658,502,701,88,266,888,601,739,600,132,526,860,346,436,457,168,773,454,184,501,604,635,60,124,638,954,919,614,872,226,574,662,689,16,789,507,720,757,252,950,220,130,233,34,81,735,21,493,545,398,267,429,965,971,924,903,587,524,901,729,897,537,329,411,599,705,327,451,788,382,349,927,552,275,571,359,846,596,30,591,471,715,137,922,523,390,809,733,957,365,89,891,912,640,756,525,147,522,783,913,127,566,929,748,269,843,237,472,508,257,679,38,543,155,194,619,664,917,687,692,862,356,535,413,391,549,403,414,956,758,475,811,49,397,302,908,151,876,764,79,698,981,938,59,858,324,438,688,655,603,11,388,37,78,797,778,949,32,841,633,182,663,352,496,805,222,589,3,422,510,142,939,677,303,925,691,972,703,336,122,531,218,542,936,849,131,708,723,771,279,196,731,423,166,47,341,100,57,565,214,909,157,373,863,505,116,527,312,148,770,990,330,328,652,476,174,749,534,384,154,616,123,212,489,128,499,10,463,283,268,899,125,205,898,46,794,710,86,133,958,4,572,228,612,700,943,354,121,902,221,65,985,74,455,915,402,254,602,641,829,87,412,514,836,722,348,646,812,673,963,439,674,331,741,682,362,474,366,588,661,187,488,8,881,61,299,211,629,258,787,626,64,284,518,310,351,363,111,669,287,26,337,246,379,704,934,307,261,822,407,643,702,653,573,486,834,709,467,853,191,586,883,869,160,824,278,529,790,706,7,421,209,831,6,555,250,785,164,419,480,289,821,865,27,716,19,873,377,55,751,355,492,781,644,606,358,634,458,828,217,45,930,295,681,323,314,43,721,598,176,581,24,819,504,777,959,103,
value : 488.565 running time : 130.933354
0 80 20
483 86.1601 17.4899
627 86.1507 17.5167
979 86.1418 17.5421
260 86.1324 17.5689
243 85.8064 18.4981
345 84.8665 21.1783
33 83.3165 25.5987
835 82.4392 28.1
520 82.4392 28.1
590 82.4392 28.1
98 82.4392 28.1
675 74.7812 44.1023
274 74.7645 44.6028
232 74.7474 45.114
29 74.73 45.6363
592 74.7122 46.1704
553 74.6944 46.7042
926 74.678 47.1962
466 74.6626 47.659
745 74.6455 48.1715
767 74.6246 48.7979
951 74.61 49.2366
670 74.5045 49.7222
850 74.3841 50.2772
583 74.2763 50.7735
842 74.1763 51.2343
425 74.0768 51.6926
941 73.9643 52.2112
942 73.8646 52.6703
609 73.7774 53.072
650 73.5505 54.1173
852 73.4657 54.5083
70 73.4 54.8107
334 73.3308 55.1295
387 73.2669 55.4237
920 73.2005 55.7295
195 73.1285 56.0612
967 73.0329 56.5017
932 72.9331 56.9615
647 72.8188 57.4884
838 73.1941 57.6731
67 73.4527 57.8003
110 74.9425 58.5335
977 76.3837 59.2427
975 77.4305 59.7578
152 78.4261 60.2477
900 79.5721 60.8116
506 81.1025 61.5648
684 82.3936 62.2001
528 83.6603 62.8235
332 84.537 63.2549
497 85.376 63.6677
136 85.376 63.6677
884 85.3916 63.9196
198 85.41 64.2181
107 85.4303 64.5469
242 85.4573 64.9828
170 85.489 65.4959
450 85.5816 66.9949
385 85.6439 68.0023
201 85.7029 68.9576
383 85.8257 70.9432
204 86.04 74.4106
685 86.2464 77.7503
725 86.2789 78.2774
25 86.2957 78.5482
311 86.3089 78.7617
660 86.3236 78.9995
648 86.3402 79.2682
740 86.3569 79.5386
372 86.375 79.8322
928 80.9321 88.3341
820 80.6552 88.3174
473 80.3917 88.3015
889 80.1256 88.2854
893 79.7516 88.2628
322 79.3831 88.2405
135 79.0013 88.2174
318 78.6282 88.1949
494 78.6282 88.1949
983 78.6282 88.1949
666 77.9125 88.1272
159 77.2148 88.0613
580 76.5131 87.995
575 69.7804 86.4253
744 69.7263 86.4127
801 69.6719 86.4
742 69.629 86.39
251 69.5785 86.3782
158 69.5252 86.3658
845 69.4699 86.3529
285 69.4176 86.3407
854 69.365 86.3284
464 69.3069 86.3149
544 69.2537 86.3025
353 69.1995 86.2898
177 69.1386 86.2756
567 69.0832 86.2627
620 69.0322 86.2508
992 68.9752 86.2375
317 68.9198 86.2246
52 68.87 86.213
185 68.815 86.2002
817 68.815 86.2002
42 68.815 86.2002
149 68.815 86.2002
813 68.3372 85.8174
823 67.8107 85.3957
145 67.2762 84.9676
622 66.7322 84.5318
273 66.1775 84.0875
984 65.5658 83.5975
477 64.9442 83.0996
465 64.2994 82.5831
229 63.5428 81.977
40 62.8818 81.4475
847 62.4065 81.0668
582 61.9436 80.696
378 61.5947 80.4165
335 61.2085 80.1072
802 60.8298 79.8038
395 61.2991 79.6978
782 61.7229 79.6022
18 62.2328 79.487
280 62.6979 79.382
800 63.2374 79.2602
769 63.8348 79.1253
864 64.9809 78.8663
51 64.7026 77.9806
290 64.4279 77.1063
595 64.1601 76.2537
867 64.1548 76.2371
962 64.1496 76.2204
832 64.1443 76.2035
654 64.139 76.1865
727 64.1335 76.1692
173 64.1281 76.152
83 64.1234 76.137
481 64.1183 76.1209
579 64.1129 76.1036
417 64.1079 76.0875
297 64.0267 75.829
818 63.9355 75.5387
238 63.8156 75.1569
68 63.731 74.8874
904 63.6749 74.7087
71 63.6183 74.5285
509 63.5534 74.3219
837 63.4919 74.1261
937 63.4327 73.9375
775 63.363 73.7153
340 63.1701 73.101
94 63.0033 72.5699
668 62.8371 72.0407
208 62.6905 71.5738
931 62.5564 71.1467
964 61.7895 68.7045
671 61.3223 67.2167
498 59.3981 61.0886
468 59.3378 60.8964
605 59.2767 60.702
515 59.2042 60.4711
101 59.123 60.2126
262 59.123 60.2125
117 59.123 60.2125
625 59.123 60.2125
762 59.123 60.2125
810 59.123 60.2125
393 59.123 60.2125
791 59.123 60.2125
84 59.123 60.2125
538 59.123 60.2125
440 59.123 60.2125
420 59.123 60.2125
656 59.123 60.2125
102 58.101 57.6869
143 56.9354 54.8072
357 56.5711 54.4989
190 56.5104 54.4475
485 56.4444 54.3916
478 56.3789 54.3362
907 55.8155 53.8594
594 55.0219 53.1876
63 54.6607 52.8819
848 54.3569 52.6248
906 54.1491 52.4489
35 53.9902 52.3145
186 53.796 52.1501
286 53.6066 51.9897
85 53.401 51.8157
621 53.1881 51.6356
396 53.0019 51.4779
188 52.8019 51.3087
793 52.598 51.1361
623 52.3888 50.959
577 52.192 50.7924
293 51.9878 50.6196
161 51.7142 50.3881
197 50.7706 49.5893
66 50.2732 49.1683
870 49.8319 48.7949
844 49.3883 48.4194
69 48.9885 48.0811
935 48.5683 47.7254
978 48.482 48.0568
180 48.3906 48.408
945 48.3057 48.7339
512 48.225 49.0438
342 48.144 49.3548
276 48.0652 49.6574
875 47.9818 49.978
519 47.888 50.3381
281 47.7985 50.6817
210 47.7207 50.9804
989 47.6453 51.2702
452 47.1746 53.0778
484 45.5707 59.237
410 45.3691 60.0113
839 45.1909 60.6954
171 45.1122 60.9978
461 45.0481 61.244
264 44.9695 61.5459
533 44.8904 61.8495
370 44.8138 62.1436
923 44.7342 62.4492
732 44.6397 62.8121
597 44.5496 63.158
576 44.4468 63.5527
80 44.3408 63.9599
645 44.2537 64.2945
855 44.3421 65.1654
104 44.4203 65.9359
558 44.5123 66.8413
676 44.6089 67.7927
798 44.7131 68.8192
807 44.8704 70.368
144 44.899 70.6495
308 44.926 70.9158
617 44.9782 71.4297
189 45.0402 72.0401
649 45.0572 72.0434
530 45.0759 72.047
765 45.0907 72.0499
56 45.1116 72.0539
163 45.1335 72.0582
225 45.1552 72.0624
404 45.176 72.0664
175 45.1976 72.0706
54 45.2194 72.0749
270 45.249 72.0806
459 45.2823 72.0871
291 45.3146 72.0934
779 45.3503 72.1003
968 45.3864 72.1073
216 45.4189 72.1136
453 45.4495 72.1195
976 45.478 72.1251
91 45.5112 72.1315
894 45.5415 72.1374
294 45.5724 72.1434
804 45.6053 72.1498
743 45.6398 72.1565
724 45.6692 72.1622
134 45.7036 72.1689
235 45.7388 72.1757
632 45.772 72.1822
683 45.8027 72.1881
910 45.8341 72.1942
82 45.8693 72.2011
282 45.9086 72.2087
987 47.3899 74.9948
9 47.534 75.2656
432 47.6705 75.5222
112 47.8053 75.7756
921 47.9409 76.0305
315 48.0829 76.2974
369 48.2195 76.5542
636 48.3368 76.7747
109 48.4558 76.9984
857 48.5806 77.2329
12 48.7104 77.4769
986 48.8228 77.6881
179 48.9472 77.922
861 49.0682 78.1495
460 49.1891 78.3767
126 49.2829 82.2693
105 49.3855 86.5259
129 49.3892 86.6759
193 49.3926 86.818
895 49.3962 86.9683
564 49.4002 87.1332
755 49.4044 87.3046
642 49.4089 87.4902
561 49.4135 87.68
62 49.4186 87.8912
763 49.4232 88.0808
320 49.4274 88.2527
313 49.4317 88.4308
880 49.4357 88.596
980 49.4403 88.7875
816 49.4444 88.9556
406 49.4485 89.1274
415 49.453 89.312
887 49.4577 89.5044
911 49.4629 89.7217
746 49.4137 89.7164
305 49.3647 89.711
814 49.3171 89.7059
248 49.2703 89.7008
319 49.229 89.6963
367 49.1916 89.6922
536 49.1497 89.6876
856 49.1113 89.6834
344 49.0642 89.6783
541 49.0119 89.6726
618 48.9609 89.6671
659 48.9062 89.6611
239 48.8596 89.656
851 48.8151 89.6512
202 48.7691 89.6462
343 48.7167 89.6405
584 48.6718 89.6356
448 47.8279 89.5437
961 47.8067 89.5414
896 47.7851 89.5391
532 47.7613 89.5365
511 47.7386 89.534
882 47.7162 89.5315
118 47.6935 89.5291
434 47.6696 89.5265
259 47.6456 89.5239
140 47.6207 89.5212
23 47.5972 89.5186
713 47.5532 89.5138
156 47.511 89.5092
877 47.4649 89.5042
181 47.4243 89.4998
241 47.3856 89.4956
172 47.3489 89.4916
437 47.316 89.488
408 47.2865 89.4848
737 47.2561 89.4815
754 46.9801 89.4515
624 46.6849 89.4194
245 46.3595 89.384
952 46.0223 89.3473
940 45.6665 89.3086
690 45.3002 89.2688
707 44.7465 89.2086
563 44.3705 89.1677
840 43.4182 89.0641
292 42.6182 88.9771
947 41.9187 88.901
73 40.8501 88.7848
215 40.8184 88.7813
2 40.7843 88.7776
231 40.7546 88.7744
774 40.7278 88.7715
146 40.6842 88.7668
539 40.6455 88.7625
548 40.6059 88.7582
165 40.5708 88.7544
516 40.5334 88.7503
449 40.4907 88.7457
389 40.4509 88.7414
206 40.411 88.737
559 40.3724 88.7328
874 40.3314 88.7284
53 40.2874 88.7236
22 40.2437 88.7188
974 40.2018 88.7143
786 40.1584 88.7096
230 40.1222 88.7056
375 40.087 88.7018
470 40.0451 88.6972
569 40.0079 88.6932
309 39.9702 88.6891
866 39.9328 88.685
738 39.8918 88.6806
5 39.8538 88.6764
265 37.9837 88.4732
36 35.7434 88.2296
139 35.7709 88.1516
766 35.818 88.0181
490 36.0882 87.2517
392 36.3893 86.3979
416 36.7064 85.4983
296 37.013 84.6288
806 37.331 83.7268
350 37.6591 82.7961
513 37.9197 82.057
540 37.4847 82.1015
826 37.0413 82.1468
333 36.1547 82.2375
730 36.1547 82.2375
562 36.1547 82.2375
878 36.1547 82.2375
223 34.4355 84.1122
613 32.6051 86.1083
271 32.2978 86.4434
795 32.0206 86.7457
918 31.7417 87.0499
120 31.461 87.356
256 31.201 87.6397
72 30.9064 87.961
752 30.614 88.2799
469 29.1319 88.41
306 28.4208 88.4725
115 27.7477 88.5317
768 27.7018 88.5357
20 27.6582 88.5395
808 27.6125 88.5436
610 27.5616 88.548
696 27.5123 88.5524
167 27.4653 88.5565
424 27.4149 88.5609
150 27.3693 88.5649
418 27.3189 88.5694
697 27.2699 88.5737
41 27.2217 88.5779
761 27.1732 88.5822
753 27.1222 88.5867
441 27.0753 88.5908
521 27.0293 88.5948
456 26.9842 88.5988
92 26.9424 88.6025
695 26.8901 88.6071
833 26.8435 88.6112
608 26.7986 88.6151
76 26.7557 88.6189
430 26.7108 88.6229
593 26.6663 88.6268
394 26.6291 88.63
960 26.5904 88.6334
96 26.3121 88.6579
672 26.0327 88.6825
253 25.7413 88.7082
428 25.4444 88.7343
50 25.1283 88.7621
871 24.8426 88.7873
611 24.5864 88.8099
631 24.2908 88.8359
859 23.9801 88.8632
244 23.6555 88.8918
93 23.3592 88.9179
141 23.114 88.9395
651 22.801 88.967
44 22.5004 88.9935
550 22.206 89.0194
288 21.8978 89.0466
885 21.5964 89.0731
17 21.2782 89.1011
409 20.9946 89.1261
776 20.6721 89.1545
491 20.3812 89.1801
714 20.0835 89.2063
28 19.7766 89.2333
712 18.3206 89.3614
200 16.8212 89.4933
304 16.313 89.538
227 15.842 89.5795
551 15.368 89.6212
249 14.7042 89.7042
495 14.0439 89.7868
203 13.3951 89.868
815 12.9071 89.929
1 12.4286 89.9888
199 11.9595 90.0475
557 11.5004 90.1049
435 11.0465 90.1617
213 10.6314 90.2136
325 10.6306 90.2137
750 10.6297 90.2139
803 10.6288 90.214
693 10.6279 90.2141
953 10.6269 90.2142
106 10.626 90.2143
969 10.6251 90.2145
405 10.6242 90.2146
380 10.6234 90.2147
678 10.6225 90.2148
401 10.6216 90.2149
615 10.6208 90.215
39 10.6199 90.2151
973 10.6191 90.2152
444 10.6183 90.2154
637 10.6174 90.2155
446 10.6166 90.2156
982 10.6157 90.2157
247 10.6149 90.2158
31 10.614 90.2159
153 10.6131 90.216
628 10.6123 90.2161
15 10.6115 90.2162
386 10.6107 90.2164
933 10.6098 90.2165
988 10.6087 90.2166
916 10.6575 90.0136
48 10.7022 89.8274
364 10.7422 89.6607
301 10.7834 89.4894
914 10.8244 89.3186
868 10.8653 89.148
236 10.9102 88.961
699 10.957 88.7661
827 11.0001 88.5867
169 11.0506 88.3764
447 11.0973 88.1818
585 11.1445 87.9853
718 11.201 87.7502
736 11.2559 87.5216
263 11.3102 87.2955
547 11.3656 87.0649
719 11.4219 86.8301
108 11.4778 86.5973
300 11.5342 86.3626
568 11.5908 86.1269
830 11.6525 85.87
95 11.6787 85.7611
442 11.7045 85.6535
138 11.7311 85.5425
711 11.7586 85.4279
13 11.7901 85.297
462 11.8427 85.0778
759 11.9015 84.833
944 11.9585 84.5958
374 12.0141 84.3641
321 12.0665 84.1458
178 12.1173 83.9344
75 12.1684 83.7218
792 12.2195 83.5088
90 12.2735 83.2841
554 12.3301 83.0484
890 12.3685 82.9281
431 12.4044 82.8162
399 12.4401 82.7044
368 12.4777 82.5869
326 12.6466 82.0588
479 12.7953 81.5941
680 12.9307 81.1706
113 12.9307 81.1706
400 12.9307 81.1706
886 12.9307 81.1706
58 12.9307 81.1706
316 12.9307 81.1706
360 12.9307 81.1706
955 12.9307 81.1706
183 12.9307 81.1706
630 11.8833 78.2002
99 11.8029 77.9723
780 11.8028 77.9722
426 11.8028 77.9722
119 11.8028 77.9722
578 11.8028 77.9721
892 11.4005 76.955
570 10.9039 75.6992
255 10.3071 74.1906
77 9.98075 73.3654
371 9.76211 72.8125
657 9.58405 72.3622
114 9.38418 71.8568
347 9.20559 71.4053
726 9.26148 71.4362
686 9.30284 71.459
361 9.34994 71.4851
607 9.38826 71.5063
277 9.43021 71.5294
760 9.47174 71.5524
717 9.51588 71.5768
799 9.56105 71.6018
970 9.6093 71.6285
694 9.65335 71.6528
381 9.70003 71.6786
546 9.75404 71.7085
796 9.80416 71.7362
298 9.84785 71.7604
946 9.90193 71.7903
339 9.90193 71.7903
905 9.90193 71.7903
639 9.93593 71.7444
517 9.97046 71.6978
747 10.0044 71.652
338 10.0348 71.611
272 10.0657 71.5692
14 10.096 71.5283
487 10.1263 71.4875
482 10.1605 71.4413
772 10.1938 71.3963
219 10.1938 71.3963
234 10.1938 71.3963
376 10.2663 71.4118
728 10.3344 71.4265
97 10.4104 71.4428
433 10.4774 71.4572
556 10.5477 71.4723
207 10.6166 71.4871
665 10.6933 71.5036
966 10.7687 71.5198
500 10.8568 71.5388
560 10.9336 71.5552
427 11.0023 71.57
667 11.0749 71.5856
162 11.1597 71.6038
192 11.2368 71.6204
784 11.3105 71.6363
948 11.3852 71.6523
879 11.46 71.6684
734 11.5306 71.6836
445 11.6052 71.6996
991 11.6833 71.7164
240 11.7625 71.7334
224 11.9679 71.7776
825 12.2309 71.8341
503 12.4544 71.8821
443 12.6968 71.9342
658 12.9054 71.9791
502 13.0708 72.0146
701 13.253 72.0538
88 13.431 72.092
266 13.6105 72.1306
888 13.7608 72.1629
601 13.8943 72.1916
739 14.0226 72.2192
600 14.1694 72.2508
132 14.3041 72.2797
526 14.4346 72.3078
860 14.5441 72.3313
346 14.6694 72.3582
436 14.7989 72.3861
457 16.8969 72.8371
168 20.8644 73.69
773 25.2469 74.6322
454 25.4013 74.6654
184 25.5481 74.6969
501 25.7043 74.7305
604 25.8696 74.7661
635 26.0286 74.8002
60 26.205 74.8381
124 26.3725 74.8741
638 26.5392 74.91
954 26.5604 74.9146
919 26.5831 74.9194
614 26.5831 74.9194
872 26.5653 74.4748
226 26.5471 74.0188
574 26.5281 73.5412
662 26.5106 73.1033
689 26.4922 72.6417
16 26.4732 72.1666
789 26.4514 71.6195
507 26.428 71.0341
720 26.4164 70.7437
757 26.4065 70.4948
252 26.3913 70.1159
950 26.3727 69.649
220 26.3531 69.1581
130 26.3311 68.6072
233 26.3113 68.1089
34 26.3009 67.8504
81 26.2914 67.6116
735 26.2815 67.3649
21 26.2729 67.1482
493 26.2626 66.889
545 26.2528 66.6434
398 26.2528 66.6434
267 26.2528 66.6434
429 26.2528 66.6434
965 26.4155 66.5158
971 26.5667 66.3974
924 26.7158 66.2805
903 26.8799 66.1519
587 27.031 66.0335
524 27.1771 65.919
901 27.3543 65.7801
729 27.5169 65.6528
897 27.67 65.5328
537 27.8241 65.412
329 27.9943 65.2787
411 28.1732 65.1384
599 28.3737 64.9814
705 28.5607 64.8348
327 28.7382 64.6958
451 28.9295 64.5458
788 29.1282 64.3901
382 29.313 64.2453
349 29.4929 64.1043
927 29.6714 63.9645
552 29.861 63.8159
275 30.0737 63.6493
571 30.3246 63.4526
359 30.574 63.2571
846 30.8096 63.0726
596 31.0854 62.8564
30 31.3444 62.6534
591 31.5765 62.4716
471 31.8502 62.2571
715 32.0328 62.114
137 32.2107 61.9746
922 32.4065 61.8212
523 32.5844 61.6818
390 32.8177 61.1216
809 33.0892 60.4696
733 33.3206 59.9141
957 33.5923 59.2617
365 33.8815 58.5676
89 34.2021 57.7978
891 34.495 57.0946
912 34.7614 56.4548
640 35.0367 55.7939
756 35.3687 54.9968
525 35.7493 54.083
147 35.9516 53.5973
522 36.1579 53.102
783 36.3487 52.6438
913 36.5091 52.2588
127 36.6787 51.8515
566 36.8586 51.4197
929 37.0005 51.0789
748 37.1771 50.6549
269 37.3307 50.286
843 37.4977 49.8852
237 37.0918 49.0836
472 36.6469 48.2048
508 35.9002 46.7299
257 35.2217 45.3896
679 34.8804 45.4168
38 34.5663 45.4417
543 34.2729 45.465
155 34.0356 45.4839
194 33.7394 45.5074
619 33.3873 45.5353
664 33.0667 45.5608
917 32.7888 45.5829
687 32.4625 45.6088
692 32.1663 45.6323
862 31.8367 45.6585
356 31.451 45.6891
535 30.9006 45.7329
413 30.4345 45.7699
391 29.9456 45.8087
549 29.5507 45.8401
403 28.85 46.2436
414 28.2223 46.605
956 27.5025 47.0194
758 27.1418 47.2271
475 26.8415 47.4
811 26.548 47.569
49 26.2012 47.7686
397 25.7873 48.0069
302 25.3873 48.2373
908 24.9642 48.4809
151 24.5833 48.7002
876 23.9642 49.0567
764 22.4946 49.9028
79 22.4777 49.9125
698 22.4611 49.9221
981 22.4443 49.9318
938 22.4285 49.9409
59 22.4126 49.95
858 22.3964 49.9594
324 22.3809 49.9683
438 22.3661 49.9768
688 22.3497 49.9863
655 22.3336 49.9955
603 22.3172 50.005
11 22.3012 50.0142
388 22.2845 50.0238
37 22.2664 50.0343
78 22.2482 50.0447
797 22.2306 50.0549
778 22.2147 50.064
949 22.0609 50.1526
32 21.9083 50.2405
841 20.6569 50.9612
633 20.0826 51.292
182 19.4468 51.6581
663 18.8594 51.9964
352 18.2012 52.3755
496 17.6095 52.7162
805 16.9432 53.1
222 16.3545 53.439
589 15.7895 53.7644
3 15.2906 54.0517
422 15.2906 54.0517
510 15.2906 54.0517
142 13.3415 54.814
939 9.19184 56.4363
677 9.31167 56.1105
303 9.42637 55.7986
925 9.53481 55.5037
691 9.65366 55.1805
972 9.76523 54.8771
703 9.87013 54.5919
336 9.98866 54.2696
122 10.0932 53.9852
531 10.2086 53.6715
218 10.3481 53.2922
542 10.4908 52.9041
936 10.6187 52.5562
849 10.7373 52.2338
131 10.8726 51.866
708 11.367 50.5216
723 12.2615 48.0887
771 12.2615 48.0887
279 12.2615 48.0887
196 12.2615 48.0887
731 12.2183 48.0178
423 12.1794 47.9541
166 12.1411 47.8913
47 12.1023 47.8276
341 12.0642 47.7652
100 12.0262 47.7028
57 11.9879 47.64
565 11.9509 47.5794
214 11.909 47.5107
909 11.8687 47.4444
157 11.8272 47.3765
373 11.7895 47.3147
863 11.7502 47.2501
505 11.7121 47.1877
116 11.6707 47.1199
527 11.6858 46.5597
312 11.7082 45.7257
148 11.7285 44.9711
770 11.7482 44.2387
990 11.7677 43.5162
330 11.786 42.8344
328 11.8035 42.1832
652 11.8071 42.0509
476 11.8108 41.9103
174 11.8145 41.7734
749 11.8185 41.6237
534 11.8227 41.4679
384 11.8272 41.3008
154 11.8312 41.1505
616 11.8355 40.9896
123 11.8397 40.8352
212 11.8438 40.6817
489 11.8477 40.5377
128 11.8522 40.3689
499 11.8639 39.9323
10 11.8896 38.9739
463 11.9151 38.0241
283 11.9669 36.0982
268 12.0207 34.0958
899 12.0642 32.4767
125 12.0649 32.4489
205 12.0657 32.4185
898 12.0665 32.3885
46 12.1466 32.2318
794 12.2425 32.0441
710 12.3363 31.8605
86 12.421 31.6947
133 12.5167 31.5074
958 12.6063 31.3321
4 12.7136 31.1222
572 12.8152 30.9234
228 12.9058 30.7461
612 13.1524 30.2635
700 13.3703 29.837
943 13.6233 29.3418
354 13.8693 28.8605
121 14.0485 28.5097
902 14.2324 28.1499
221 14.3882 27.845
65 14.3454 27.7422
985 14.2983 27.6294
74 14.2497 27.5126
455 14.2065 27.4092
915 14.1684 27.3178
402 14.1249 27.2135
254 14.0839 27.115
602 14.0574 27.0515
641 14.0291 26.9837
829 14.0018 26.9184
87 13.9702 26.8425
412 13.9344 26.7566
514 13.9344 26.7566
836 13.0791 22.2845
722 11.9987 16.6316
348 11.9358 16.3026
646 11.8692 15.9547
812 11.8052 15.6208
673 12.1487 15.9172
963 12.453 16.1799
439 12.7596 16.4446
674 12.7596 16.4446
331 12.7596 16.4446
741 12.7596 16.4446
682 12.7596 16.4446
362 12.7596 16.4446
474 12.7596 16.4446
366 12.7596 16.4446
588 12.7596 16.4446
661 12.7596 16.4446
187 12.7596 16.4446
488 12.7836 16.4436
8 12.8039 16.4428
881 12.8206 16.4421
61 12.8372 16.4415
299 12.8575 16.4407
211 12.8807 16.4397
629 12.9019 16.4389
258 12.9226 16.438
787 29.4568 15.7772
626 30.5506 15.6585
64 31.602 15.5443
284 32.7563 15.419
518 34.9043 15.1859
310 34.9411 15.4771
351 34.9745 15.742
363 35.0111 16.0326
111 35.0492 16.3349
669 35.0814 16.5905
287 35.1194 16.8918
26 35.1616 17.2262
337 35.1996 17.5281
246 35.2364 17.8196
379 35.2756 18.1303
704 35.3068 18.3778
934 35.3429 18.6642
307 35.3742 18.9129
261 35.4044 19.1526
822 35.4323 19.3734
407 35.4574 19.5728
643 35.4869 19.8066
702 35.5188 20.0596
653 35.7194 21.651
573 35.9735 23.666
486 36.4835 27.7115
834 36.6537 27.9294
709 36.8075 28.1262
467 36.9898 28.3596
853 37.1633 28.5816
191 37.3189 28.7808
586 37.4694 28.9734
883 37.6068 29.1494
869 37.767 29.3544
160 37.9417 29.578
824 38.1055 29.7877
278 38.6013 30.4224
529 39.1404 31.1125
790 39.6996 31.8284
706 40.1847 32.4493
7 41.8581 32.7237
421 44.6568 33.1826
209 47.474 33.6445
831 50.2461 34.0991
6 50.2333 34.1792
555 50.2189 34.2692
250 50.2046 34.3593
785 50.1914 34.442
164 50.1784 34.5235
419 50.1648 34.6088
480 50.0857 35.1043
289 50.7091 35.5986
821 51.6929 36.3789
865 51.7894 36.4554
27 51.8958 36.5398
716 51.9974 36.6204
19 52.0938 36.6968
873 52.1906 36.7736
377 52.307 36.8658
55 52.4075 36.9456
751 52.5153 37.031
355 52.6281 37.1205
492 52.7401 37.2093
781 55.4226 36.5122
644 57.3564 36.0097
606 57.6948 35.684
358 58.0368 35.3546
634 58.3619 35.0417
458 58.6919 34.724
828 59.0469 34.3823
217 59.3778 34.0636
45 59.7972 33.6599
930 60.1856 33.286
295 60.6717 32.818
681 60.6717 32.818
323 60.6717 32.818
314 60.9378 32.1654
43 61.2623 31.3692
721 66.3267 18.9486
598 66.484 18.5626
176 66.6523 18.1498
581 66.7975 17.7934
24 66.9461 17.4289
819 67.1019 17.0467
504 67.2851 16.5972
777 67.4727 16.137
959 67.6522 15.6965
103 67.9053 15.0756
