0,483,260,345,627,979,243,590,520,33,98,835,745,274,190,583,767,143,466,195,644,609,323,842,926,117,485,232,592,656,102,670,70,357,967,920,425,932,29,553,941,606,978,314,843,519,293,188,396,85,875,538,35,161,577,942,478,276,621,923,964,597,492,793,623,101,262,186,625,907,286,798,498,676,225,30,912,523,804,175,533,54,576,365,226,724,910,895,264,976,453,614,513,582,248,968,558,855,91,894,715,235,134,80,459,802,350,319,144,109,530,810,642,782,632,484,112,605,468,208,216,94,315,791,84,762,743,987,440,432,857,921,668,68,617,282,647,986,769,744,801,395,9,837,515,393,290,595,110,18,962,931,67,509,51,83,904,654,727,173,867,201,832,460,378,71,975,340,900,818,229,238,650,579,152,385,506,420,383,852,850,387,684,136,170,198,951,334,242,838,977,107,884,497,450,204,311,332,660,528,417,372,928,685,322,889,25,893,473,648,854,742,251,158,494,159,135,983,740,353,775,820,481,725,864,285,580,937,845,464,52,544,145,318,620,823,984,273,185,42,847,671,800,149,666,477,813,817,465,177,317,737,297,622,992,12,856,887,911,575,259,335,567,369,774,406,562,754,961,408,280,584,434,344,23,624,415,140,202,193,755,636,179,880,165,564,313,882,763,511,82,816,861,690,563,940,118,980,516,947,746,814,896,309,367,126,156,952,245,40,343,807,62,561,146,231,707,389,539,559,206,215,241,394,416,5,826,874,974,294,659,851,649,239,105,541,129,536,320,305,181,840,375,532,618,752,548,613,738,713,22,53,569,449,866,766,172,72,437,230,448,189,292,92,786,139,960,265,270,44,360,638,141,696,695,773,88,20,877,490,919,256,271,418,120,73,672,470,808,795,611,916,392,462,430,859,288,50,28,631,610,249,651,244,150,368,593,428,918,96,608,409,885,761,167,306,253,76,36,871,17,424,833,776,933,768,15,456,714,491,712,550,442,184,753,441,521,954,227,914,827,718,736,719,973,386,1,780,304,547,263,678,568,637,982,108,892,138,955,31,169,711,750,803,301,364,203,557,199,815,868,628,236,693,444,401,153,792,405,380,106,969,200,953,13,446,699,988,447,426,615,213,435,75,759,585,39,436,300,247,93,495,183,469,115,95,58,886,399,639,272,948,427,890,277,667,665,400,162,433,728,830,944,90,361,339,224,860,657,325,717,97,326,879,240,570,346,500,554,556,48,178,316,905,546,517,991,376,429,338,607,560,487,966,680,825,81,192,694,531,168,113,220,524,739,219,14,799,114,371,747,119,381,374,445,321,734,630,207,77,939,686,924,551,502,457,796,503,255,298,347,234,946,398,3,970,601,132,784,479,329,482,130,233,772,591,730,645,552,501,600,382,788,733,349,451,390,635,99,729,846,359,901,537,79,431,252,806,266,454,950,697,296,789,275,571,587,701,726,971,411,903,897,507,658,41,574,689,443,757,872,662,888,578,927,291,137,604,526,223,2,104,171,878,163,333,540,957,124,60,16,327,732,839,779,281,267,965,720,640,404,599,471,809,21,596,308,922,180,56,683,929,765,410,37,475,34,89,493,655,688,908,981,691,938,422,510,735,174,525,858,324,913,302,756,438,397,391,633,956,545,413,760,196,764,652,341,182,496,78,59,705,703,352,698,131,336,925,677,214,47,663,330,128,527,805,758,222,797,283,373,122,542,505,972,116,770,157,218,909,731,148,279,142,565,749,463,100,841,123,863,154,534,849,489,476,312,771,303,589,57,708,166,985,403,949,936,499,133,32,228,328,423,700,65,514,205,829,836,10,990,958,86,616,898,331,258,963,299,710,673,384,212,943,87,74,4,125,46,455,794,549,121,902,661,612,486,268,474,741,602,366,348,211,362,402,682,812,629,722,572,187,881,674,254,641,8,588,61,412,646,899,643,488,261,246,518,669,822,787,626,351,379,709,64,26,111,289,287,407,573,704,363,653,310,337,934,307,439,883,869,702,284,160,354,221,915,824,529,778,522,543,723,535,461,269,278,370,935,945,512,566,692,706,356,49,619,783,147,7,388,687,11,664,811,679,414,151,603,876,853,69,848,155,748,508,790,237,891,989,38,127,210,342,257,480,452,194,917,862,472,191,834,467,586,63,164,355,930,751,906,873,358,27,250,865,55,781,681,421,458,844,555,45,870,43,217,634,197,377,66,828,821,594,675,209,716,19,785,831,959,581,777,295,819,419,6,504,103,598,176,24,721,
value : 436.643 running time : 464.715280
0 80 20
483 86.1643 17.4939
260 86.1522 17.5288
345 86.0231 17.8991
627 85.8942 18.2687
979 85.7587 18.6575
243 85.5783 19.1748
590 83.786 24.3158
520 83.5349 25.0361
33 83.5291 25.0526
98 83.5232 25.0694
835 77.5597 33.4119
745 74.9336 37.0852
274 72.8717 39.9694
190 69.388 44.8425
583 69.2883 44.982
767 69.1987 45.1073
143 69.1323 45.2002
466 69.0689 45.289
195 68.9947 45.3926
644 68.9152 45.5038
609 68.8464 45.6001
323 68.7653 45.7136
842 68.6705 45.8461
926 68.5878 45.9618
117 68.5069 46.0749
485 68.4314 46.1807
232 68.378 46.2553
592 68.3154 46.3428
656 68.235 46.4553
102 68.235 46.4553
670 68.235 46.4553
70 68.235 46.4553
357 68.235 46.4553
967 68.235 46.4553
920 68.235 46.4553
425 68.235 46.4553
932 68.235 46.4553
29 67.5161 46.9165
553 66.6005 47.5039
941 65.6348 48.1234
606 64.5793 48.8005
978 63.4475 49.5266
314 62.4074 50.1938
843 60.6638 51.3121
519 60.2862 51.5544
293 59.9355 51.7794
188 59.5941 51.9985
396 59.2783 52.2012
85 58.9586 52.4064
875 58.6509 52.6038
538 58.3357 52.8061
35 58.0072 53.0168
161 57.6921 53.2191
577 57.446 53.377
942 57.2196 53.5223
478 56.9279 53.7095
276 55.3546 54.7187
621 54.8388 55.2757
923 54.4827 55.6603
964 54.1377 56.0329
597 53.8187 56.3774
492 53.5385 56.68
793 53.2237 57.0199
623 52.9179 57.3501
101 52.548 57.7496
262 52.2159 58.1082
186 51.8368 58.5176
625 51.4427 58.9432
907 51.0477 59.3698
286 50.43 60.0368
798 49.7175 60.8063
498 49.0283 61.5507
676 48.2307 62.4121
225 47.5012 63.2
30 47.0256 63.7136
912 46.6885 64.0776
523 46.7221 64.6739
804 46.7516 65.198
175 46.7816 65.7303
533 46.8111 66.2555
54 46.8536 67.0102
576 46.9026 67.8809
365 46.9631 68.9556
226 47.0516 70.5321
724 47.1173 70.5825
910 47.1839 70.6337
895 47.2593 70.6915
264 47.3147 70.7341
976 47.4202 70.815
453 47.5322 70.901
614 47.6299 70.976
513 47.7463 71.0653
582 47.8582 71.1512
248 47.9522 71.2234
968 48.0394 71.2903
558 48.1252 71.3562
855 48.2269 71.4342
91 48.3275 71.5114
894 48.4128 71.5769
715 48.4997 71.6436
235 48.6056 71.7249
134 48.7056 71.8016
80 48.8055 71.8783
459 48.914 71.9616
802 49.0521 72.0676
350 49.1653 72.1545
319 49.2917 72.2515
144 49.4528 72.2347
109 49.6371 72.2154
530 49.7879 72.1997
810 53.4882 71.8131
642 53.5984 71.8016
782 53.8242 71.778
632 54.042 71.7552
484 54.2548 71.733
112 54.5243 71.7048
605 54.7714 71.6789
468 54.989 71.6562
208 55.2108 71.633
216 55.4143 71.6117
94 55.6391 71.5882
315 55.8831 71.5627
791 56.1058 71.5394
84 56.3452 71.5144
762 56.588 71.489
743 56.8063 71.4662
987 57.0641 71.4392
440 57.3081 71.4137
432 57.5266 71.3909
857 57.7489 71.3676
921 58.0003 71.3413
668 58.3087 71.3091
68 58.5852 71.2802
617 58.7907 71.2587
282 59.0307 71.2336
647 59.3067 71.2047
986 59.5243 71.182
769 59.8253 71.1505
744 60.1803 71.1134
801 60.4413 71.0861
395 60.7212 71.0568
9 60.9989 71.0278
837 61.3351 70.9926
515 61.5793 70.9671
393 61.8613 70.9376
290 62.1455 70.9079
595 62.4058 70.8807
110 62.6698 70.8531
18 62.8255 70.8368
962 63.0101 70.8175
931 63.1647 70.8013
67 63.4295 70.7737
509 63.6863 70.7468
51 63.9788 70.7162
83 64.2576 70.6871
904 64.4946 70.6623
654 64.7457 70.636
727 64.9902 70.6105
173 65.2322 70.5852
867 65.504 70.5568
201 65.7615 70.5299
832 65.7868 70.5272
460 65.8188 70.5239
378 65.8549 70.5201
71 65.8968 70.5157
975 65.9352 70.5117
340 65.9671 70.5084
900 66.0052 70.5044
818 66.0382 70.5009
229 66.0382 70.5009
238 67.5841 69.8379
650 69.5997 68.9734
579 71.5847 68.1219
152 73.5457 67.2808
385 75.6065 66.3969
506 77.4709 65.5972
420 77.5963 65.5435
383 77.7446 65.4799
852 77.8888 65.418
850 78.0404 65.353
387 80.4993 64.2983
684 82.1199 63.6032
136 83.601 62.9679
170 83.9562 62.8155
198 84.2608 62.6849
951 84.5632 62.5552
334 84.615 62.6018
242 84.6714 62.6525
838 84.7281 62.7036
977 84.7904 62.7596
107 84.8531 62.8161
884 84.9151 62.8718
497 84.989 62.9383
450 85.3038 67.5253
204 85.4776 70.0527
311 85.6132 72.023
332 85.7183 73.5511
660 85.8374 75.2806
528 85.9558 77.0009
417 86.0917 78.9776
372 86.2032 80.5967
928 82.8818 87.5486
685 82.8818 87.5486
322 82.8818 87.5486
889 82.8818 87.5486
25 82.8818 87.5486
893 82.133 87.6623
473 81.4324 87.7685
648 80.665 87.8849
854 79.9243 87.9974
742 79.2776 88.0954
251 78.6549 88.1899
158 78.6549 88.1899
494 78.6549 88.1899
159 78.6549 88.1899
135 78.6549 88.1899
983 78.6549 88.1899
740 78.4229 88.1725
353 78.1791 88.1543
775 77.9538 88.1374
820 77.7393 88.1214
481 77.5204 88.105
725 77.36 88.0931
864 77.1872 88.0801
285 77.0128 88.0671
580 76.8501 88.0549
937 75.0809 87.4968
845 73.7264 87.0695
464 72.5232 86.6898
52 72.1217 86.5631
544 71.7624 86.4496
145 71.4053 86.3369
318 71.0647 86.2293
620 70.6908 86.1112
823 69.2897 85.6276
984 67.8228 85.1212
273 66.7115 84.7376
185 65.5795 84.3468
42 65.2469 84.232
847 64.8859 84.1074
671 64.8859 84.1074
800 64.8859 84.1074
149 62.9077 88.0838
666 62.6675 88.0911
477 62.3452 88.101
813 62.0475 88.1102
817 61.6553 88.1222
465 61.2546 88.1345
177 60.8046 88.1484
317 60.36 88.162
737 59.9317 88.1752
297 59.5235 88.1877
622 59.0936 88.2009
992 58.6117 88.2157
12 58.0924 88.2317
856 57.617 88.2463
887 57.1378 88.261
911 56.6808 88.2751
575 56.2124 88.2895
259 55.7299 88.3043
335 55.2603 88.3187
567 54.7994 88.3329
369 54.2636 88.3493
774 53.7154 88.3662
406 53.1734 88.3828
562 52.6563 88.3987
754 52.5257 88.4027
961 52.3826 88.4071
408 52.2532 88.4111
280 52.1332 88.4148
584 52.0215 88.4182
434 51.8884 88.4223
344 51.7557 88.4264
23 51.6059 88.431
624 51.4498 88.4358
415 51.2983 88.4404
140 51.1421 88.4452
202 50.987 88.45
193 50.8011 88.4557
755 50.6395 88.4607
636 50.4958 88.4651
179 50.3532 88.4695
880 50.205 88.474
165 50.0441 88.479
564 49.8952 88.4835
313 49.7699 88.4874
882 49.626 88.4918
763 49.4536 88.4971
511 49.3078 88.5016
82 49.157 88.5062
816 49.028 88.5101
861 48.863 88.5152
690 48.7052 88.5201
563 48.5235 88.5256
940 48.3667 88.5305
118 48.2194 88.535
980 48.051 88.5401
516 47.8627 88.5459
947 47.6826 88.5515
746 47.4996 88.5571
814 47.3172 88.5627
896 47.1529 88.5677
309 46.9495 88.574
367 46.7945 88.5787
126 46.6114 88.5844
156 46.4326 88.5899
952 46.2595 88.5952
245 46.0682 88.601
40 45.8668 88.6072
343 45.6305 88.6145
807 45.4066 88.6214
62 45.2193 88.6271
561 44.9744 88.6347
146 44.749 88.6416
231 44.5459 88.6478
707 44.3773 88.653
389 44.2282 88.6576
539 44.0666 88.6625
559 43.9052 88.6675
206 43.7296 88.6729
215 43.5513 88.6784
241 43.3749 88.6838
394 43.2121 88.6888
416 43.0619 88.6934
5 42.9185 88.6978
826 42.7601 88.7027
874 42.5855 88.708
974 42.3999 88.7137
294 42.3877 88.7141
659 42.3751 88.7145
851 42.3624 88.7149
649 42.3459 88.7154
239 42.3331 88.7158
105 42.3199 88.7162
541 42.3059 88.7166
129 42.2697 88.7178
536 42.2386 88.7187
320 42.2041 88.7198
305 42.1662 88.721
181 42.1261 88.7222
840 42.0912 88.7233
375 42.0601 88.7243
532 42.0282 88.7253
618 41.9881 88.7265
752 41.3142 88.7474
548 40.9747 88.758
613 40.6445 88.7682
738 40.3437 88.7776
713 40.0594 88.7864
22 39.7381 88.7964
53 39.4296 88.806
569 39.1222 88.8155
449 38.8194 88.8249
866 38.511 88.8345
766 38.18 88.8448
172 37.8436 88.8552
72 37.5013 88.8658
437 37.1743 88.876
230 36.8253 88.8868
448 36.4807 88.8975
189 36.1521 88.9077
292 35.8008 88.9186
92 35.4164 88.9306
786 35.0423 88.9422
139 34.6951 88.953
960 34.3204 88.9646
265 33.9799 88.9752
270 33.5236 88.9893
44 31.2545 89.0596
360 28.2212 89.1537
638 27.9589 89.1618
141 27.6645 89.171
696 27.3345 89.1812
695 27.0261 89.1908
773 26.7653 89.1989
88 26.4631 89.2083
20 26.4254 89.2094
877 26.3861 89.2107
490 26.3326 89.2123
919 26.2877 89.2137
256 26.2387 89.2152
271 26.1861 89.2169
418 26.1269 89.2187
120 26.0771 89.2202
73 26.0259 89.2218
672 25.9763 89.2234
470 25.9264 89.2249
808 25.8707 89.2267
795 25.8127 89.2285
611 25.7484 89.2304
916 25.6846 89.2324
392 25.638 89.2339
462 25.5707 89.236
430 25.5204 89.2375
859 25.4685 89.2391
288 25.4141 89.2408
50 25.3629 89.2424
28 25.3163 89.2439
631 25.2657 89.2454
610 25.213 89.2471
249 25.1576 89.2488
651 25.106 89.2504
244 25.0555 89.2519
150 25.0126 89.2533
368 24.9598 89.2549
593 24.9115 89.2564
428 24.8693 89.2577
918 24.8229 89.2592
96 24.7711 89.2608
608 24.7134 89.2626
409 24.6625 89.2641
885 24.6117 89.2657
761 24.5626 89.2672
167 24.5148 89.2687
306 24.4624 89.2703
253 24.4126 89.2719
76 24.357 89.2736
36 24.2992 89.2754
871 24.238 89.2773
17 24.1814 89.2791
424 24.1321 89.2806
833 24.0792 89.2822
776 24.0245 89.2839
933 23.9744 89.2855
768 23.9266 89.287
15 23.8743 89.2886
456 23.8269 89.2901
714 23.7779 89.2916
491 23.7287 89.2931
712 23.6803 89.2946
550 23.6352 89.296
442 23.578 89.2978
184 23.5304 89.2993
753 23.4811 89.3008
441 23.4325 89.3023
521 23.383 89.3038
954 23.335 89.3053
227 19.3591 89.4289
914 15.6909 89.5428
827 14.4948 89.58
718 14.3771 89.5836
736 14.2649 89.5871
719 14.1619 89.5903
973 14.0712 89.5931
386 13.9695 89.5963
1 13.862 89.5996
780 13.7605 89.6027
304 13.646 89.6063
547 13.5235 89.6101
263 13.4204 89.6133
678 13.3263 89.6162
568 13.2408 89.6189
637 13.1498 89.6217
982 13.0607 89.6245
108 12.9656 89.6274
892 12.8759 89.6302
138 12.7871 89.6329
955 12.6959 89.6358
31 12.6009 89.6387
169 12.501 89.6418
711 12.4141 89.6445
750 12.3251 89.6473
803 12.2273 89.6503
301 12.1348 89.6532
364 12.0443 89.656
203 11.9571 89.6587
557 11.8756 89.6612
199 11.7807 89.6642
815 11.6904 89.667
868 11.5921 89.67
628 11.509 89.6726
236 11.4261 89.6752
693 11.3338 89.678
444 11.2422 89.6809
401 11.15 89.6838
153 11.0643 89.6864
792 10.9764 89.6891
405 10.8948 89.6917
380 10.8128 89.6942
106 10.7277 89.6969
969 10.6458 89.6994
200 10.5693 89.7018
953 10.4889 89.7043
13 10.42 89.7064
446 10.3308 89.7092
699 10.2401 89.712
988 10.1339 89.7153
447 10.1346 89.6891
426 10.1353 89.6626
615 10.136 89.6399
213 10.1365 89.6216
435 10.1461 89.275
75 10.1628 88.6728
759 10.1716 88.3551
585 10.1785 88.103
39 10.1871 87.7938
436 10.1978 87.4063
300 10.207 87.0768
247 10.2148 86.7939
93 10.2233 86.4879
495 10.2318 86.1789
183 10.2403 85.8728
469 10.2508 85.4918
115 10.26 85.162
95 10.2851 84.2559
58 10.3116 83.2995
886 10.3435 82.1442
399 10.3707 81.1639
639 10.4042 79.9538
272 10.4311 78.9815
948 10.4356 78.8213
427 10.4397 78.6735
890 10.4433 78.5402
277 10.4479 78.3751
667 10.4518 78.234
665 10.4552 78.1109
400 10.4583 77.9995
162 10.4614 77.8887
433 10.4641 77.791
728 10.4671 77.6829
830 10.4701 77.5737
944 10.4733 77.4583
90 10.4768 77.332
361 10.4806 77.1946
339 10.484 77.0704
224 10.4875 76.9442
860 10.491 76.8202
657 10.4945 76.6939
325 10.4977 76.5759
717 10.5021 76.4196
97 10.5053 76.3017
326 10.5082 76.1994
879 10.5113 76.0878
240 10.5137 75.9998
570 10.5166 75.8943
346 10.52 75.7728
500 10.5232 75.6578
554 10.5259 75.5585
556 10.529 75.447
48 10.5318 75.3454
178 10.5349 75.2343
316 10.538 75.1223
905 10.5465 74.8153
546 10.5563 74.4611
517 10.5682 74.0318
991 10.5771 73.7113
376 10.5872 73.3464
429 10.5946 73.0788
338 10.6025 72.793
607 10.6097 72.5337
560 10.6162 72.2974
487 10.6244 72.0018
966 10.634 71.6553
680 10.642 71.3646
825 10.6495 71.0941
81 10.6596 70.7323
192 10.6683 70.4177
694 10.6756 70.1524
531 10.684 69.8502
168 10.684 69.8502
113 10.684 69.8502
220 10.684 69.8502
524 10.684 69.8502
739 10.684 69.8502
219 10.684 69.8502
14 10.684 69.8502
799 10.684 69.8502
114 10.684 69.8502
371 10.684 69.8502
747 10.684 69.8502
119 10.684 69.8502
381 10.684 69.8502
374 10.684 69.8502
445 10.684 69.8502
321 10.684 69.8502
734 10.684 69.8502
630 10.684 69.8502
207 10.684 69.8502
77 10.684 69.8502
939 10.684 69.8502
686 10.684 69.8502
924 10.684 69.8502
551 10.684 69.8502
502 10.684 69.8502
457 10.684 69.8502
796 10.684 69.8502
503 10.684 69.8502
255 10.684 69.8502
298 10.684 69.8502
347 10.684 69.8502
234 11.1527 69.829
946 12.253 69.7795
398 12.9548 69.7477
3 13.6315 69.7171
970 14.3334 69.6854
601 15.0641 69.6524
132 15.7206 69.6227
784 16.3445 69.5944
479 17.1629 69.5575
329 17.9913 69.52
482 18.7915 69.4839
130 19.6401 69.4455
233 20.5214 69.4058
772 21.0994 69.5866
591 21.7934 69.8037
730 22.2813 69.9564
645 22.6926 70.0851
552 22.8363 70.1301
501 22.9994 70.1812
600 23.1471 70.2274
382 23.2973 70.2744
788 23.4556 70.324
733 23.604 70.3704
349 23.7549 70.4177
451 23.9053 70.4647
390 24.0846 70.5209
635 24.2413 70.5699
99 24.4021 70.6202
729 24.5634 70.6707
846 24.7349 70.7244
359 24.927 70.7845
901 25.0876 70.8348
537 25.2535 70.8867
79 25.4175 70.9381
431 25.5962 70.994
252 25.8206 71.0642
806 25.992 71.1179
266 26.0559 71.1379
454 26.1286 71.1607
950 26.1932 71.1809
697 26.2683 71.2044
296 26.3423 71.2275
789 26.4034 71.2467
275 26.4649 71.2659
571 26.5367 71.2884
587 26.6005 71.3084
701 26.6646 71.3284
726 26.7341 71.3502
971 26.8033 71.3718
411 26.8706 71.3929
903 26.9484 71.4173
897 27.0199 71.4396
507 27.1037 71.4659
658 27.2106 71.4993
41 27.3207 71.5338
574 27.4221 71.5655
689 27.5244 71.5975
443 27.6112 71.6247
757 27.7133 71.6567
872 27.8158 71.6888
662 27.907 71.7173
888 27.9852 71.7418
578 28.0733 71.7694
927 28.1578 71.7958
291 28.2564 71.8267
137 28.3376 71.8521
604 28.4232 71.8789
526 28.507 71.9051
223 28.6098 71.9373
2 28.7024 71.9663
104 29.5501 70.6561
171 29.7846 70.2936
878 29.9845 69.9845
163 30.1901 69.6667
333 30.351 69.4179
540 30.6074 69.0215
957 30.71 68.7935
124 30.7914 68.6125
60 30.8871 68.3997
16 31.0391 68.0616
327 31.6349 66.7366
732 32.4947 64.824
839 32.8249 64.0899
779 33.1144 63.446
281 33.9441 60.3055
267 33.8481 60.2163
965 33.7665 60.1405
720 33.6896 60.0689
640 33.6203 60.0046
404 33.5588 59.9474
599 33.4791 59.8734
471 33.4159 59.8146
809 33.3409 59.7449
21 33.2656 59.675
596 33.1895 59.6042
308 33.1091 59.5295
922 33.0301 59.456
180 32.9523 59.3838
56 32.8783 59.349
683 32.7985 59.3114
929 32.7011 59.2656
765 32.6134 59.2244
410 32.5144 59.1778
37 25.0696 55.674
475 24.455 55.385
34 23.9466 55.1458
89 23.4696 54.9215
493 22.8598 54.6347
655 19.8941 53.2395
688 19.8941 53.2395
908 19.8941 53.2395
981 19.8941 53.2395
691 19.8941 53.2395
938 19.8941 53.2395
422 19.8941 53.2395
510 19.8941 53.2395
735 19.8941 53.2395
174 19.8941 53.2395
525 19.8941 53.2395
858 19.8941 53.2395
324 19.8941 53.2395
913 19.8941 53.2395
302 19.8941 53.2395
756 19.8941 53.2395
438 19.8941 53.2395
397 19.8941 53.2395
391 19.8941 53.2395
633 19.8941 53.2395
956 19.8941 53.2395
545 19.8941 53.2395
413 19.8941 53.2395
760 16.7224 52.2685
196 16.6832 52.2565
764 16.645 52.2448
652 16.6035 52.2321
341 16.5674 52.221
182 16.5357 52.2113
496 16.5039 52.2016
78 16.4719 52.1918
59 16.4425 52.1828
705 16.4076 52.1721
703 16.3667 52.1596
352 16.3295 52.1482
698 16.2958 52.1379
131 16.2595 52.1267
336 14.9553 51.4474
925 13.5455 50.7131
677 13.0019 50.43
214 12.4133 50.1234
47 11.9306 49.872
663 11.4925 49.6439
330 10.9484 49.3605
128 10.9027 49.3367
527 10.8632 49.3161
805 10.8252 49.2963
758 10.7861 49.276
222 10.7387 49.2513
797 10.695 49.2285
283 10.6402 49.2
373 10.5954 49.1767
122 10.5497 49.1529
542 10.5528 49.1034
505 10.5558 49.0549
972 10.5587 49.0071
116 10.562 48.953
770 10.5656 48.8954
157 10.5684 48.8496
218 10.5712 48.8035
909 10.5747 48.7473
731 10.5781 48.691
148 10.5811 48.643
279 10.5836 48.6016
142 10.5865 48.5545
565 10.5893 48.5095
749 10.5927 48.4539
463 10.596 48.4012
100 10.5991 48.3507
841 10.6026 48.2932
123 10.6062 48.235
863 10.6095 48.1823
154 10.6122 48.1375
534 10.615 48.0927
849 10.6177 48.0486
489 10.6211 47.9934
476 10.6246 47.936
312 10.6278 47.8846
771 10.6306 47.8393
303 10.6331 47.7979
589 10.6359 47.7519
57 10.6586 47.3837
708 10.6805 47.0281
166 10.7084 46.575
985 10.782 45.3794
403 10.7995 45.0937
949 10.8591 44.1257
936 10.9194 43.1442
499 11.014 41.6071
133 11.1203 39.88
32 11.145 39.478
228 11.1696 39.0779
328 11.1965 38.6416
423 11.2267 38.1499
700 11.2603 37.6043
65 11.2947 37.0445
514 11.3276 36.5104
205 11.3525 36.1052
829 11.3693 35.832
836 11.3841 35.5916
10 11.3962 35.3953
990 11.4093 35.182
958 11.4239 34.9444
86 11.4401 34.6804
616 11.4546 34.4449
898 11.4734 34.1394
331 12.0687 33.4951
258 12.3201 33.2231
963 12.5348 32.9908
299 12.638 32.8791
710 12.7395 32.7693
673 12.8368 32.6639
384 12.9198 32.5742
212 13.0195 32.4663
943 13.1443 32.3313
87 13.2394 32.2284
74 13.3374 32.1223
4 13.4424 32.0088
125 13.5539 31.8881
46 13.6532 31.7808
455 13.7776 31.6461
794 13.8969 31.517
549 14.5312 30.8307
121 14.4762 30.456
902 14.4158 30.0439
661 14.3734 29.7554
612 14.3361 29.5009
486 14.2786 29.1092
268 14.0743 27.716
474 13.8707 26.3272
741 13.6862 25.0688
602 13.5281 23.9912
366 13.2326 21.9747
348 13.0313 20.6023
211 12.8558 19.4057
362 12.7118 18.4236
402 12.575 17.4911
682 12.4154 16.4033
812 12.2601 15.3443
629 12.3404 15.3969
722 12.4252 15.4524
572 12.5344 15.5239
187 12.5555 15.5231
881 12.755 15.5156
674 12.9539 15.5081
254 13.1768 15.4998
641 13.35 15.4933
8 13.5006 15.4876
588 13.6262 15.4829
61 13.7562 15.478
412 14.0514 15.4669
646 14.3836 15.4544
899 18.3466 15.3058
643 21.1681 15.1999
488 23.508 15.1121
261 33.5019 14.7379
246 33.8856 14.7235
518 34.3349 14.7066
669 34.4072 15.712
822 34.5003 17.0051
787 34.5737 18.0247
626 34.6131 18.5731
351 34.6513 19.1046
379 34.7048 19.8481
709 34.7479 20.4475
64 34.787 20.9916
26 34.8264 21.5395
111 34.8671 22.1055
289 34.9076 22.6693
287 34.9076 22.6693
407 34.9074 22.6795
573 34.905 22.7856
704 34.9026 22.8918
363 34.9002 22.9987
653 34.8975 23.1181
310 34.8948 23.2359
337 34.8921 23.3568
934 34.8894 23.4785
307 34.8869 23.5869
439 34.8845 23.6966
883 34.8818 23.8171
869 34.879 23.9383
702 34.8786 23.9567
284 34.8568 24.9285
160 34.8309 26.0783
354 34.8062 27.1784
221 34.7807 28.3122
915 34.7551 29.4506
824 34.7084 31.5279
529 34.6235 35.3143
778 34.5427 38.9124
522 34.5402 39.0261
543 34.5387 39.0923
723 34.5373 39.1563
535 35.572 40.1836
461 36.8765 41.4788
269 36.9708 41.5724
278 37.0608 41.6617
370 39.024 43.6111
935 39.024 43.6111
945 39.024 43.6111
512 39.024 43.6111
566 39.024 43.6111
692 39.024 43.6111
706 39.024 43.6111
356 39.024 43.6111
49 39.024 43.6111
619 39.024 43.6111
783 39.024 43.6111
147 39.024 43.6111
7 39.024 43.6111
388 39.024 43.6111
687 39.024 43.6111
11 39.024 43.6111
664 39.0258 43.6097
811 39.0277 43.6083
679 39.0295 43.6069
414 39.0312 43.6057
151 39.0329 43.6043
603 39.0345 43.6031
876 39.0609 43.5832
853 39.0908 43.5605
69 39.114 43.5429
848 39.1358 43.5264
155 39.1563 43.5108
748 39.1757 43.4962
508 39.1968 43.4802
790 39.2212 43.4617
237 39.24 43.4474
891 39.2612 43.4313
989 39.5319 43.2263
38 39.7865 43.0336
127 40.0676 42.8207
210 40.4099 42.5615
342 40.7804 42.281
257 41.1473 42.0032
480 41.4915 41.7426
452 41.839 41.4794
194 42.1835 41.2185
917 42.5385 40.9498
862 42.8992 40.6767
472 43.2687 40.3968
191 43.6475 40.1101
834 44.0281 39.8219
467 45.3622 38.9301
586 46.1924 38.3752
63 47.0488 37.8028
164 48.0164 37.156
355 48.4345 36.8765
930 48.8108 36.625
751 49.184 36.3756
906 49.5151 36.1542
873 49.9139 35.8877
358 50.2499 35.6631
27 50.4954 35.499
250 50.7217 35.3478
865 50.9713 35.1809
55 51.2338 35.0054
781 51.4665 34.8499
681 51.6615 34.7196
421 51.8557 34.5898
458 52.0894 34.4336
844 52.3148 34.2829
555 52.5832 34.1035
45 52.8178 33.9467
870 52.9623 33.8501
43 53.1368 33.7335
217 53.3041 33.6217
634 53.4777 33.5056
197 53.6353 33.4003
377 53.8313 33.2693
66 54.0074 33.1516
828 54.2184 33.0105
821 54.4157 32.8786
594 54.576 32.7715
675 54.7509 32.6546
209 55.0563 32.2222
716 55.3598 31.7925
19 56.0381 30.8325
785 56.9261 29.5757
831 57.9908 28.0689
959 58.9832 26.6644
581 59.8381 25.4544
777 60.4406 24.6016
295 60.8241 24.0587
819 61.1841 23.5491
419 61.5465 23.0361
6 62.767 21.3086
504 64.8161 18.4093
103 66.9126 15.4428
598 68.6527 16.0489
176 70.2951 16.6211
24 72.44 17.3682
721 75.0631 18.2817
