0,103,819,959,598,504,721,295,581,777,176,24,6,55,419,458,164,873,355,555,209,785,377,19,197,314,865,358,831,681,844,45,821,232,623,70,875,606,842,217,675,594,63,978,143,117,69,828,716,357,644,634,906,323,751,27,781,85,43,188,492,519,926,870,930,66,843,262,396,850,538,744,847,942,962,478,650,440,190,515,791,605,832,656,84,67,867,837,102,109,420,671,315,290,668,152,110,654,238,509,293,51,432,727,762,625,393,900,68,595,485,987,975,35,904,9,647,340,112,173,460,907,767,921,676,484,235,810,964,577,282,468,286,264,804,769,186,582,161,743,617,91,94,779,80,558,683,910,498,370,30,596,471,912,724,291,208,632,216,134,732,144,104,765,976,54,540,894,968,410,171,715,576,365,163,523,101,793,281,597,350,225,404,923,809,798,453,986,855,513,857,621,533,175,778,929,194,127,839,945,56,459,342,922,688,210,706,512,38,452,566,790,388,679,7,525,913,522,237,664,147,461,687,783,876,11,413,603,302,862,748,276,89,891,472,37,619,269,692,508,811,475,723,151,191,869,935,989,917,480,356,848,49,543,180,397,438,155,414,535,529,612,421,915,307,160,486,834,467,250,709,278,257,934,26,549,824,261,221,853,787,354,626,586,379,289,653,351,704,310,669,407,337,439,702,883,64,111,246,643,822,284,287,573,363,518,673,348,362,366,682,588,8,741,902,211,646,881,61,674,331,722,629,254,474,661,412,488,187,402,812,133,87,283,898,74,65,700,10,4,514,899,710,943,268,258,86,829,455,572,125,985,836,794,641,963,121,205,655,958,299,32,602,499,328,330,403,698,909,677,565,858,154,341,174,166,708,542,182,731,925,527,463,423,157,476,534,949,78,373,384,908,749,531,956,214,47,222,616,57,841,148,771,691,100,758,489,770,212,505,218,336,228,849,422,797,116,312,46,142,279,352,391,123,990,863,663,128,303,936,652,496,972,805,633,122,948,119,760,493,59,938,510,267,324,545,359,333,756,168,327,587,846,604,640,571,34,591,658,878,574,601,901,429,897,720,735,635,971,382,789,645,137,888,946,705,308,825,21,390,507,729,537,329,443,957,788,501,733,451,927,349,479,599,99,266,981,526,726,924,326,764,97,233,772,903,965,79,730,454,950,600,487,234,207,701,339,224,890,374,728,665,560,14,427,277,381,799,371,991,524,739,114,400,796,500,552,162,970,411,630,220,784,747,298,607,703,361,551,503,113,482,81,717,589,939,338,860,196,376,219,879,272,556,517,131,734,346,657,255,275,132,966,680,686,639,457,502,3,694,398,667,130,445,192,347,77,759,554,988,803,444,699,568,637,90,446,169,557,236,815,48,982,300,247,969,380,693,719,138,401,108,316,304,399,203,95,495,386,153,868,200,364,447,546,433,263,892,615,678,914,830,436,435,933,462,750,570,183,213,325,321,780,106,944,442,75,39,547,827,955,718,905,736,585,711,178,31,426,953,301,792,405,50,199,1,628,240,227,368,441,490,916,833,973,608,296,231,120,469,786,470,651,256,611,859,184,58,424,696,36,550,15,697,776,60,521,249,768,456,76,430,714,712,593,288,13,271,757,885,44,20,16,808,610,2,96,306,41,17,886,93,753,244,28,872,418,631,773,491,695,409,360,795,578,871,253,141,428,167,115,761,960,124,638,88,954,431,689,294,738,448,877,150,223,662,165,919,807,548,806,613,707,292,206,752,189,649,72,564,215,569,614,226,305,918,672,172,755,392,561,230,241,92,974,73,129,437,449,394,265,181,270,840,389,53,22,309,539,252,874,343,559,766,416,239,146,139,5,861,774,826,375,563,931,536,575,156,940,320,367,911,584,344,516,618,317,126,801,40,737,882,624,62,434,896,816,185,984,800,477,177,530,313,952,562,947,280,179,763,248,105,245,866,118,782,636,659,229,567,895,992,202,880,406,961,532,713,814,82,802,408,856,319,23,193,851,541,511,642,887,395,746,690,259,12,980,754,415,335,369,18,297,622,378,140,544,273,937,893,580,71,494,353,417,864,464,820,159,145,52,854,775,481,742,465,818,817,83,845,823,42,285,149,620,666,158,318,251,322,135,983,813,928,889,528,311,332,450,660,648,740,473,204,685,25,725,372,385,852,579,932,334,242,497,941,838,195,201,383,425,387,684,506,170,592,951,920,553,274,107,136,198,977,583,835,967,884,609,29,466,520,745,670,590,33,98,627,260,243,345,979,483,
value : 394.728 running time : 2596.659743
0 80 20
103 67.6074 15.1963
819 67.209 16.0053
959 66.8963 16.6404
598 66.6392 17.1623
504 66.3948 17.6587
721 66.1618 18.1319
295 65.7163 19.0365
581 65.3239 19.8335
777 64.9375 20.618
176 64.5238 21.4582
24 63.8017 22.9244
6 63.0264 24.4988
55 62.3887 25.7939
419 61.8874 26.8119
458 61.4521 28.6585
164 61.297 29.3166
873 61.1381 29.9907
355 60.9635 30.7316
555 60.8192 31.3436
209 60.6628 32.0073
785 60.4741 33.2033
377 60.2757 34.4609
19 60.0974 35.591
197 59.9267 36.6729
314 59.9267 36.6729
865 59.9267 36.6729
358 59.9328 37.0693
831 59.9385 37.4327
681 59.9463 37.9304
844 59.9543 38.446
45 59.9615 38.9073
821 59.9688 39.3782
232 59.9778 39.9524
623 59.9855 40.4527
70 59.9916 40.8427
875 59.9944 41.02
606 59.9973 41.2083
842 60.0004 41.4043
217 60.003 41.5735
675 60.0058 41.7519
594 60.0087 41.9369
63 60.0117 42.1295
978 60.0147 42.327
143 60.0179 42.5315
117 60.0209 42.7204
69 60.0234 42.8814
828 60.0234 42.8814
716 60.0234 42.8814
357 60.0234 42.8814
644 60.0234 42.8814
634 60.0234 42.8814
906 60.0234 42.8814
323 60.0234 42.8814
751 60.0234 42.8814
27 60.0524 43.1448
781 60.091 43.4948
85 60.19 44.3921
43 60.2465 44.9046
188 60.3101 45.4818
492 60.3481 45.826
519 60.386 46.1696
926 60.4202 46.4804
870 60.4517 46.7661
930 60.4866 47.0825
66 60.5274 47.4528
843 60.7117 49.1234
262 61.0054 51.7851
396 61.3397 54.8131
850 61.6907 57.9935
538 62.1438 62.0967
744 62.5543 65.8119
847 62.5543 65.8119
942 62.5543 65.8119
962 62.5543 65.8119
478 62.5543 65.8119
650 62.5543 65.8119
440 62.5543 65.8119
190 62.5543 65.8119
515 62.5543 65.8119
791 62.5543 65.8119
605 62.5543 65.8119
832 62.5543 65.8119
656 62.5543 65.8119
84 62.5543 65.8119
67 62.5543 65.8119
867 62.5543 65.8119
837 62.5543 65.8119
102 62.5543 65.8119
109 62.5543 65.8119
420 62.5543 65.8119
671 62.5543 65.8119
315 62.5543 65.8119
290 62.5543 65.8119
668 62.5543 65.8119
152 62.5543 65.8119
110 62.5543 65.8119
654 62.5543 65.8119
238 62.5543 65.8119
509 62.5543 65.8119
293 62.5543 65.8119
51 62.5543 65.8119
432 62.5543 65.8119
727 62.5543 65.8119
762 62.5543 65.8119
625 62.5543 65.8119
393 62.5543 65.8119
900 62.5543 65.8119
68 62.5543 65.8119
595 62.5543 65.8119
485 62.5543 65.8119
987 62.5543 65.8119
975 62.5543 65.8119
35 62.1956 65.7788
904 61.9078 65.7523
9 61.5811 65.7222
647 61.2986 65.6962
340 61.0101 65.6696
112 60.7 65.641
173 60.4294 65.6161
460 60.1368 65.5891
907 59.8467 65.5624
767 59.5436 65.5344
921 55.1737 65.1317
676 54.729 65.0907
484 54.37 65.0576
235 54.064 65.0294
810 53.7851 65.0037
964 53.4726 64.9749
577 53.1395 64.9442
282 52.8106 64.9139
468 52.4828 64.8837
286 52.1401 64.8521
264 51.7557 64.8167
804 51.444 64.788
769 51.1982 64.7653
186 50.9141 64.7392
582 50.6349 64.7134
161 50.3192 64.6843
743 50.0024 64.6551
617 49.7001 64.6273
91 49.387 64.5984
94 49.0578 64.5681
779 48.665 64.5319
80 48.2947 64.4978
558 48.0112 64.4717
683 47.7087 64.4438
910 47.4142 64.4167
498 47.1645 64.3936
370 46.8651 64.3661
30 46.6201 64.3435
596 46.4232 64.3253
471 46.2407 64.3085
912 46.0475 64.2907
724 45.936 64.2804
291 45.936 64.2804
208 45.936 64.2804
632 45.93 64.268
216 45.9231 64.2536
134 45.9169 64.2405
732 45.9101 64.2262
144 45.9044 64.2143
104 45.8974 64.1997
765 45.8914 64.187
976 45.8861 64.1759
54 45.8794 64.1619
540 45.8739 64.1504
894 45.8677 64.1375
968 45.8612 64.1239
410 45.8544 64.1097
171 45.8481 64.0963
715 45.8415 64.0825
576 45.8348 64.0684
365 45.8287 64.0557
163 45.8228 64.0433
523 45.8165 64.0303
101 45.8097 64.0158
793 45.8034 64.0026
281 45.7969 63.9891
597 45.791 63.9767
350 45.7859 63.966
225 45.7796 63.9529
404 45.7729 63.9389
923 45.766 63.9244
809 45.7597 63.9112
798 45.7544 63.9
453 45.7491 63.8891
986 45.7436 63.8775
855 45.7377 63.8651
513 45.7319 63.853
857 45.7259 63.8404
621 44.876 62.0598
533 44.2106 60.6656
175 43.6274 59.4436
778 42.8889 57.8963
929 42.6756 57.4494
194 42.4635 57.005
127 42.2964 56.6549
839 42.1313 56.309
945 41.9661 55.9629
56 41.8195 55.6558
459 41.4943 54.9743
342 40.9664 53.8683
922 40.5127 52.9178
688 40.0301 51.9066
210 39.7375 51.2937
706 39.4037 50.5942
512 39.1576 50.0785
38 38.8826 49.5025
452 38.6769 49.0715
566 38.4599 48.6168
790 38.2394 48.1547
388 38.0436 47.7445
679 37.9198 47.4851
7 37.8366 47.3108
525 37.7582 47.1466
913 37.6824 46.9878
522 37.6076 46.8311
237 37.5248 46.6577
664 37.426 46.4507
147 37.354 46.2998
461 37.2767 46.1378
687 37.1818 45.9389
783 37.1011 45.7699
876 37.0226 45.6055
11 36.9368 45.4257
413 36.8641 45.2734
603 36.7912 45.1206
302 36.7102 44.9509
862 36.6317 44.7866
748 36.5524 44.6203
276 36.484 44.4769
89 36.407 44.3157
891 36.3198 44.1331
472 36.2258 43.9361
37 36.0664 43.602
619 35.9438 43.3453
269 35.8239 43.0939
692 35.6882 42.8097
508 35.5588 42.5386
811 35.4181 42.2439
475 35.292 41.9795
723 35.292 41.9795
151 35.2966 41.7648
191 35.3013 41.5485
869 35.3055 41.3551
935 35.3089 41.1962
989 35.3122 41.0447
917 35.3158 40.8775
480 35.3194 40.7095
356 35.3228 40.5522
848 35.3262 40.3955
49 35.3308 40.1827
543 35.336 39.9458
180 35.3419 39.6707
397 35.3486 39.3609
438 35.3558 39.0283
155 35.3636 38.667
414 35.3718 38.2874
535 35.3803 37.8988
529 35.4132 36.3775
612 35.4435 34.9768
421 35.4822 33.1857
915 35.5243 31.2426
307 35.5257 31.1786
160 35.5269 31.1205
486 35.5282 31.0601
834 35.5295 30.9991
467 35.5309 30.9367
250 35.5322 30.8743
709 35.4989 30.4386
278 35.4698 30.0587
257 35.4395 29.6628
934 35.4031 29.1878
26 35.3702 28.758
549 35.3442 28.4184
824 35.3077 27.9406
261 35.2738 27.4986
221 35.2423 27.0863
853 35.2112 26.6807
787 35.172 26.169
354 35.1334 25.6642
626 35.095 25.1624
586 35.0626 24.7394
379 35.0231 24.2232
289 34.9816 23.681
653 34.876 22.3022
351 34.7939 21.2295
704 34.7505 20.6622
310 34.7076 20.1017
669 34.6635 19.5258
407 34.6396 19.2132
337 34.6187 18.94
439 34.5969 18.6557
702 34.5733 18.3478
883 34.5495 18.0371
64 34.5255 17.7229
111 34.5012 17.4052
246 34.4764 17.081
643 34.4518 16.7605
822 34.4287 16.4589
284 34.4021 16.1106
287 34.372 15.7174
573 34.3454 15.3696
363 34.3181 15.0132
518 34.2916 14.6676
673 17.0689 15.0687
348 16.7214 15.0768
362 16.3442 15.0856
366 16.1137 15.091
682 15.8553 15.097
588 15.6178 15.1026
8 15.3894 15.1079
741 15.113 15.1143
902 14.8619 15.1202
211 14.5479 15.1275
646 14.2195 15.1352
881 13.9779 15.1408
61 13.7251 15.1467
674 13.5635 15.1505
331 13.3928 15.1544
722 13.2305 15.1582
629 13.1433 15.1602
254 13.0632 15.1621
474 12.9648 15.1644
661 12.8561 15.1669
412 12.7374 15.1697
488 12.6384 15.172
187 12.5182 15.1748
402 12.5182 15.1748
812 12.5182 15.1748
133 12.4441 23.1968
87 12.4165 26.1961
283 12.4023 27.7325
898 12.396 28.4204
74 12.4278 28.5984
65 12.4648 28.805
700 12.4985 28.9938
10 12.5284 29.1605
4 12.5544 29.3057
514 12.5844 29.4736
899 12.6139 29.6387
710 12.646 29.818
943 12.6792 30.0037
268 12.7102 30.1767
258 12.7404 30.3455
86 12.7758 30.5434
829 12.8105 30.7372
455 12.8406 30.9057
572 12.8772 31.1099
125 12.9167 31.3308
985 12.9501 31.5177
836 12.9814 31.6925
794 13.013 31.8694
641 13.0485 32.0675
963 13.086 32.277
121 13.1994 32.9112
205 13.3122 33.5412
655 13.4151 34.1166
958 13.4151 34.1166
299 13.4151 34.1166
32 13.4151 34.1166
602 13.4151 34.1166
499 12.0608 41.1699
328 11.9669 41.6593
330 11.8782 42.5269
403 11.7879 43.4107
698 11.7063 44.2096
909 11.6395 44.8639
677 11.5706 45.5377
565 11.5333 45.9035
858 11.5074 46.1565
154 11.4817 46.4083
341 11.4535 46.6841
174 11.4239 46.9736
166 11.394 47.2665
708 11.3693 47.5084
542 11.3475 47.7218
182 11.3251 47.9405
731 11.303 48.1574
925 11.2759 48.4223
527 11.2599 48.5787
463 11.2455 48.7195
423 11.2309 48.8627
157 11.2137 49.0313
476 11.1983 49.1817
534 11.1812 49.3486
949 11.1654 49.5039
78 11.1493 49.6611
373 11.1288 49.8616
384 11.1101 50.0448
908 11.0877 50.2644
749 11.0497 50.6362
531 11.0076 51.0477
956 11.0076 51.0477
214 11.0076 51.0477
47 11.0076 51.0477
222 11.0076 51.0477
616 11.0076 51.0477
57 11.0076 51.0477
841 11.0076 51.0477
148 11.0076 51.0477
771 11.0076 51.0477
691 11.0076 51.0477
100 11.0076 51.0477
758 11.0076 51.0477
489 11.0076 51.0477
770 11.0076 51.0477
212 11.0076 51.0477
505 11.0076 51.0477
218 11.0076 51.0477
336 11.0076 51.0477
228 11.0076 51.0477
849 11.0076 51.0477
422 11.0076 51.0477
797 11.0076 51.0477
116 11.0076 51.0477
312 11.0076 51.0477
46 11.0076 51.0477
142 11.0627 51.1391
279 11.1094 51.2163
352 11.1519 51.2868
391 11.1951 51.3583
123 11.2319 51.4193
990 11.2726 51.4869
863 11.3156 51.5581
663 11.3638 51.638
128 11.4064 51.7086
303 11.4571 51.7926
936 11.5049 51.8717
652 11.5509 51.9479
496 11.6011 52.0311
972 11.6495 52.1113
805 11.6953 52.1872
633 11.7445 52.2687
122 11.7657 52.3038
948 17.8339 62.3605
119 18.3305 62.7039
760 18.8246 63.0455
493 21.4708 64.8756
59 21.4708 64.8756
938 21.4708 64.8756
510 21.5162 64.9738
267 21.5621 65.0729
324 21.6046 65.1647
545 21.6571 65.2781
359 21.9653 65.9442
333 22.2311 66.5184
756 22.2342 66.5252
168 22.2381 66.5335
327 22.2416 66.5411
587 22.2451 66.5486
846 22.2486 66.5562
604 22.2526 66.5648
640 22.2558 66.5718
571 22.2597 66.5802
34 22.2631 66.5876
591 22.2674 66.5969
658 22.2713 66.6053
878 22.275 66.6132
574 22.2782 66.6202
601 22.2812 66.6267
901 22.2845 66.6337
429 22.2879 66.6412
897 22.2912 66.6482
720 22.2948 66.656
735 22.2982 66.6634
635 22.3022 66.672
971 22.3056 66.6794
382 22.309 66.6867
789 22.3129 66.6951
645 22.3162 66.7023
137 22.3197 66.7098
888 22.3232 66.7175
946 22.3266 66.7247
705 22.3296 66.7312
308 22.3335 66.7397
825 22.1737 67.1616
21 22.168 67.1768
390 22.1623 67.1918
507 22.1567 67.2067
729 22.1503 67.2235
537 22.1432 67.2423
329 22.1374 67.2576
443 22.1307 67.2753
957 22.1252 67.29
788 22.1191 67.3061
501 22.1127 67.323
733 22.1069 67.3384
451 22.1008 67.3543
927 22.094 67.3724
349 22.0877 67.389
479 22.081 67.4068
599 22.0751 67.4225
99 22.0684 67.4402
266 22.0622 67.4566
981 22.0566 67.4713
526 22.0496 67.4898
726 22.0431 67.5072
924 22.0371 67.523
326 22.0309 67.5394
764 22.0255 67.5535
97 22.0193 67.57
233 22.0134 67.5855
772 22.0068 67.603
903 21.9999 67.6213
965 21.9931 67.6392
79 21.9867 67.6563
730 21.9789 67.6768
454 21.9718 67.6955
950 19.7992 68.1706
600 17.5129 68.6705
487 14.8335 69.2563
234 11.7706 69.9261
207 11.6261 69.9576
701 11.5848 69.9667
339 11.5348 69.9776
224 11.4729 69.9911
890 11.4222 70.0022
374 11.408 70.0053
728 11.3924 70.0087
665 11.378 70.0119
560 11.3641 70.0149
14 11.3476 70.0185
427 11.3319 70.0219
277 11.3161 70.0254
381 11.2995 70.0291
799 11.284 70.0324
371 11.269 70.0357
991 11.255 70.0388
524 11.2421 70.0416
739 11.2272 70.0449
114 11.2117 70.0482
400 11.1963 70.0516
796 11.1812 70.0549
500 11.1659 70.0583
552 11.1513 70.0615
162 11.1345 70.0651
970 11.1188 70.0686
411 11.1046 70.0717
630 11.0889 70.0751
220 11.0737 70.0784
784 11.056 70.0823
747 11.0394 70.0859
298 11.0232 70.0895
607 11.0084 70.0927
703 10.9954 70.0956
361 10.9822 70.0984
551 10.9672 70.1017
503 10.952 70.105
113 10.9377 70.1082
482 10.9223 70.1115
81 10.9066 70.115
717 10.8889 70.1188
589 10.8739 70.1221
939 10.8577 70.1257
338 10.8441 70.1287
860 10.8296 70.1318
196 10.8154 70.1349
376 10.7999 70.1383
219 10.7848 70.1416
879 10.77 70.1449
272 10.755 70.1481
556 10.7383 70.1518
517 10.7222 70.1553
131 10.7079 70.1584
734 10.6918 70.162
346 10.6776 70.1651
657 10.6621 70.1685
255 10.647 70.1718
275 10.6343 70.1745
132 10.6175 70.1782
966 10.5969 70.1827
680 10.5809 70.1862
686 10.5624 70.1903
639 10.5453 70.194
457 10.5296 70.1974
502 10.5138 70.2009
3 10.4957 70.2049
694 10.4771 70.2089
398 10.4614 70.2124
667 10.4422 70.2166
130 10.4262 70.22
445 10.4059 70.2245
192 10.388 70.2284
347 10.3672 70.233
77 10.2202 72.3682
759 9.75312 79.1552
554 9.51008 82.6855
988 9.08994 88.7894
803 9.08994 88.7894
444 9.08994 88.7894
699 9.08994 88.7894
568 9.08994 88.7894
637 9.08994 88.7894
90 9.08994 88.7894
446 9.08994 88.7894
169 9.08994 88.7894
557 9.08994 88.7894
236 9.08994 88.7894
815 9.08994 88.7894
48 9.08994 88.7894
982 9.08994 88.7894
300 9.08994 88.7894
247 9.08994 88.7894
969 9.08994 88.7894
380 9.08994 88.7894
693 9.08994 88.7894
719 9.08994 88.7894
138 9.08994 88.7894
401 9.08994 88.7894
108 9.08994 88.7894
316 9.08994 88.7894
304 9.08994 88.7894
399 9.08994 88.7894
203 9.08994 88.7894
95 9.08994 88.7894
495 9.08994 88.7894
386 9.08994 88.7894
153 9.08994 88.7894
868 9.08994 88.7894
200 9.08994 88.7894
364 9.08994 88.7894
447 9.08994 88.7894
546 9.08994 88.7894
433 9.08994 88.7894
263 9.08994 88.7894
892 9.08994 88.7894
615 9.08994 88.7894
678 9.08994 88.7894
914 9.08994 88.7894
830 9.08994 88.7894
436 9.12821 88.7884
435 9.16226 88.7875
933 9.2034 88.7865
462 9.23962 88.7856
750 9.27378 88.7847
570 9.30965 88.7838
183 9.34875 88.7828
213 9.3809 88.782
325 9.5053 88.7788
321 9.62461 88.7757
780 9.74567 88.7726
106 9.85258 88.7699
944 9.96839 88.7669
442 10.1189 88.763
75 10.2421 88.7599
39 10.3865 88.7562
547 10.5405 88.7522
827 10.7033 88.748
955 10.8685 88.7438
718 11.0212 88.7399
905 11.1735 88.736
736 11.3248 88.7321
585 11.4748 88.7282
711 11.6506 88.7237
178 11.8122 88.7196
31 12.0123 88.7144
426 12.1908 88.7098
953 12.3879 88.7048
301 12.6059 88.6992
792 12.8189 88.6937
405 13.0597 88.6875
50 13.339 88.6804
199 13.5523 88.6749
1 13.7865 88.6689
628 14.0251 88.6627
240 14.2832 88.6561
227 15.4889 88.6252
368 16.5032 88.5992
441 17.408 88.576
490 18.1672 88.5565
916 18.8092 88.54
833 19.4969 88.5223
973 20.1589 88.5053
608 20.9905 88.484
296 21.8091 88.463
231 22.4393 88.4468
120 22.6672 88.4409
469 22.8821 88.4354
786 23.1362 88.4289
470 23.3795 88.4227
651 23.4825 88.42
256 23.6048 88.4169
611 23.7048 88.4143
859 23.754 88.4131
184 23.8029 88.4118
58 23.8582 88.4104
424 23.916 88.4089
696 23.9739 88.4074
36 24.0299 88.406
550 24.0823 88.4047
15 24.1342 88.4033
697 24.1932 88.4018
776 24.2484 88.4004
60 24.3132 88.3987
521 24.3687 88.3973
249 24.4251 88.3959
768 24.4853 88.3943
456 24.5446 88.3928
76 24.606 88.3913
430 24.6634 88.3898
714 24.7182 88.3884
712 24.7743 88.3869
593 24.8359 88.3854
288 24.8963 88.3838
13 24.958 88.3822
271 25.0305 88.3804
757 25.0868 88.379
885 25.1463 88.3774
44 25.208 88.3759
20 25.2741 88.3742
16 25.3343 88.3726
808 25.3985 88.371
610 25.4572 88.3695
2 25.5198 88.3679
96 25.5784 88.3664
306 25.6334 88.365
41 25.6869 88.3636
17 25.7396 88.3623
886 25.7973 88.3608
93 25.8562 88.3593
753 25.9221 88.3576
244 25.9866 88.3559
28 26.0601 88.3541
872 26.1257 88.3524
418 26.1845 88.3509
631 26.2462 88.3493
773 26.3069 88.3478
491 26.361 88.3464
695 26.4192 88.3449
409 26.4856 88.3432
360 26.5455 88.3417
795 26.618 88.3398
578 26.6771 88.3383
871 26.7398 88.3367
253 26.81 88.3349
141 26.8772 88.3332
428 26.9386 88.3316
167 26.9985 88.3301
115 27.0557 88.3286
761 27.1293 88.3267
960 27.204 88.3248
124 27.204 88.3248
638 27.204 88.3248
88 27.204 88.3248
954 27.947 88.2158
431 28.6042 88.1194
689 32.6427 87.5271
294 34.4116 87.7256
738 34.5543 87.7417
448 34.6964 87.7577
877 34.8317 87.7729
150 34.9598 87.7873
223 35.0956 87.8026
662 35.2474 87.8196
165 35.7979 87.8815
919 35.8536 87.8878
807 35.9164 87.8948
548 35.9752 87.9014
806 36.0324 87.9079
613 36.0967 87.9151
707 36.159 87.9221
292 36.2214 87.9291
206 36.2872 87.9365
752 36.3452 87.943
189 36.4009 87.9493
649 36.4633 87.9563
72 36.5273 87.9635
564 36.5916 87.9707
215 36.6511 87.9774
569 36.7111 87.9842
614 36.7665 87.9904
226 36.826 87.9971
305 36.8933 88.0046
918 36.9467 88.0106
672 37.0081 88.0175
172 37.0768 88.0253
755 37.1445 88.0329
392 37.1587 88.0345
561 37.174 88.0362
230 37.1882 88.0378
241 37.2028 88.0394
92 37.2167 88.041
974 37.2319 88.0427
73 37.2457 88.0442
129 37.2622 88.0461
437 37.2775 88.0478
449 37.2927 88.0495
394 37.3068 88.0511
265 37.3213 88.0527
181 37.3358 88.0544
270 37.3488 88.0558
840 37.3639 88.0575
389 37.3795 88.0593
53 37.3937 88.0609
22 37.4075 88.0624
309 37.4222 88.0641
539 37.4365 88.0657
252 37.45 88.0672
874 39.7379 88.3241
343 39.7379 88.3241
559 39.7379 88.3241
766 39.7379 88.3241
416 39.7379 88.3241
239 39.7379 88.3241
146 39.7379 88.3241
139 39.7379 88.3241
5 42.5895 88.3101
861 44.3701 88.3014
774 45.8132 88.2943
826 47.0072 88.2885
375 48.2194 88.2827
563 49.6056 88.2759
931 51.273 88.2677
536 51.345 88.2674
575 51.4265 88.267
156 51.4967 88.2666
940 51.5755 88.2662
320 51.6547 88.2658
367 51.7407 88.2654
911 51.8246 88.265
584 51.8963 88.2647
344 51.9626 88.2643
516 52.0257 88.264
618 52.0959 88.2637
317 52.1666 88.2633
126 52.2295 88.263
801 52.3042 88.2627
40 52.369 88.2624
737 52.4375 88.262
882 52.5007 88.2617
624 52.5665 88.2614
62 52.6324 88.2611
434 52.7024 88.2607
896 52.7726 88.2604
816 52.8441 88.26
185 52.9172 88.2597
984 52.9838 88.2593
800 53.0453 88.259
477 53.0453 88.259
177 53.0453 88.259
530 53.0453 88.259
313 53.0453 88.259
952 53.0453 88.259
562 53.0453 88.259
947 53.0538 88.2591
280 53.0621 88.2591
179 53.0698 88.2592
763 53.0769 88.2592
248 53.085 88.2593
105 53.0927 88.2593
245 53.1011 88.2594
866 53.1087 88.2594
118 53.1175 88.2595
782 53.1253 88.2595
636 53.1329 88.2596
659 53.1407 88.2596
229 53.1498 88.2597
567 53.1581 88.2597
895 53.1656 88.2598
992 53.1737 88.2598
202 53.1815 88.2599
880 53.1891 88.2599
406 53.1965 88.2599
961 53.2037 88.26
532 53.2324 88.2602
713 53.2611 88.2603
814 53.2907 88.2605
82 53.3208 88.2607
802 53.3529 88.2609
408 53.3955 88.2612
856 53.4397 88.2615
319 53.4823 88.2617
23 53.5254 88.262
193 53.5689 88.2623
851 53.6135 88.2626
541 53.6546 88.2628
511 54.0789 88.2655
642 54.5124 88.2683
887 55.0253 88.2716
395 55.514 88.2747
746 55.894 88.2771
690 56.3728 88.2802
259 56.8311 88.2831
12 57.2919 88.2861
980 57.7429 88.289
754 58.2019 88.2919
415 58.6696 88.2949
335 59.1832 88.2982
369 59.7236 88.3016
18 60.3054 88.3053
297 60.8257 88.3087
622 61.3085 88.3117
378 61.7455 88.3145
140 62.1754 88.3173
544 64.5371 88.3324
273 66.4552 88.3446
937 68.6796 88.3588
893 70.6883 88.3717
580 71.2144 88.375
71 71.341 88.3759
494 71.4839 88.3768
353 71.6158 88.3776
417 71.7538 88.3785
864 71.8896 88.3794
464 72.0169 88.3802
820 72.1783 88.3812
159 72.3044 88.382
145 72.4213 88.3828
52 72.5501 88.3836
854 72.6913 88.3845
775 72.8203 88.3854
481 72.9519 88.3862
742 73.0965 88.3871
465 73.2229 88.3879
818 73.3587 88.3888
817 73.4816 88.3896
83 73.6243 88.3905
845 73.7626 88.3914
823 73.9029 88.3923
42 74.0431 88.3932
285 74.2002 88.3942
149 74.3518 88.3952
620 74.5072 88.3962
666 75.0615 88.3998
158 75.6093 88.4033
318 76.183 88.407
251 76.8615 88.4113
322 77.7772 88.4173
135 78.5127 88.422
983 79.2987 88.427
813 79.9439 88.4312
928 80.7357 88.4363
889 82.4569 85.8438
528 83.9544 83.5882
311 84.5585 82.6781
332 84.9754 82.0502
450 85.1476 81.7908
660 85.2778 81.5947
648 85.3851 81.433
740 85.5078 81.2482
473 85.634 81.0582
204 85.7817 80.8357
685 85.908 80.6454
25 86.039 80.4481
725 86.1655 80.2575
372 86.3307 80.0087
385 85.5972 73.2935
852 85.2504 70.1167
579 85.2259 69.8921
932 84.268 61.119
334 84.1645 60.1709
242 84.0628 59.2391
497 83.9684 58.3749
941 83.8281 57.09
838 83.8227 56.8044
195 83.8176 56.5339
201 83.8145 56.3714
383 83.8105 56.1579
425 83.7988 55.5417
387 83.7898 55.0624
684 83.7811 54.6057
506 83.7714 54.0899
170 83.7605 53.5158
592 83.7494 52.9287
951 83.7407 52.4697
920 83.7321 52.0167
553 83.7235 51.5592
274 83.7157 51.1501
107 83.713 51.0041
136 83.7098 50.8388
198 83.7068 50.6779
977 83.7037 50.5145
583 83.7001 50.3248
835 83.6834 49.443
967 83.6725 48.8677
884 83.6606 48.2369
609 83.6465 47.4941
29 83.6355 46.9155
466 83.6253 46.3757
520 83.6183 46.0061
745 83.6127 45.708
670 83.6075 45.4358
590 84.4222 36.9136
33 84.8432 32.5058
98 85.275 27.9851
627 86.0341 20.0451
260 86.2684 17.5916
243 86.2684 17.5916
345 86.2684 17.5916
979 86.2684 17.5916
483 86.2684 17.5916
