0,979,260,243,483,627,33,98,345,590,274,609,835,520,232,425,745,592,195,136,884,838,387,967,951,29,920,497,977,198,941,932,334,684,242,506,107,170,579,332,152,201,383,385,372,740,528,889,204,660,311,450,685,322,473,25,725,818,928,648,318,158,864,145,353,580,983,135,893,820,854,622,177,992,378,395,42,567,481,775,71,742,896,911,584,494,816,980,851,273,477,52,666,845,465,285,544,620,813,149,185,823,251,464,239,575,434,415,62,947,516,642,940,23,856,344,984,746,202,690,618,887,259,817,754,40,156,952,737,774,118,801,509,83,937,159,417,654,297,67,847,904,837,51,94,744,317,727,460,18,832,335,931,369,582,515,468,668,987,340,724,561,82,976,659,921,193,779,294,782,676,910,80,350,126,91,769,857,9,895,315,562,800,109,432,632,134,163,264,855,137,540,223,563,270,807,459,410,225,365,878,683,144,56,171,484,576,235,894,513,765,404,523,614,564,689,755,179,226,840,406,280,802,319,248,814,129,245,880,539,215,826,861,636,140,12,229,320,882,105,511,624,22,763,541,713,532,389,569,5,343,394,375,313,165,367,961,92,874,408,672,241,292,530,536,752,559,448,866,416,638,120,172,141,649,253,808,265,206,974,766,181,738,72,271,548,613,449,305,53,309,139,437,806,189,2,392,431,16,252,168,608,487,697,888,872,550,919,150,631,96,230,611,877,761,409,714,933,456,521,17,593,73,441,430,786,418,776,368,76,28,885,610,20,470,833,249,44,146,918,36,231,707,227,167,13,115,768,491,960,306,859,696,795,256,773,41,490,296,184,399,424,443,244,316,50,288,712,183,442,469,651,58,247,905,446,750,304,462,568,138,200,678,436,236,637,364,93,803,444,557,711,753,435,585,914,380,15,871,325,31,213,203,153,401,178,300,792,1,868,827,988,944,699,447,736,955,759,75,386,973,982,199,969,693,95,433,301,830,90,892,718,48,106,916,360,374,615,263,405,39,953,169,224,240,346,108,547,719,815,570,495,991,639,298,948,113,556,630,517,339,398,578,695,426,457,796,628,479,658,326,220,950,162,552,886,88,551,275,946,124,604,903,333,825,757,428,454,789,266,60,560,600,730,591,726,635,954,574,772,327,957,901,493,645,701,587,308,79,756,596,662,104,501,526,788,390,267,603,640,897,349,965,21,571,507,846,601,99,927,733,537,860,321,546,219,665,132,924,81,376,371,500,272,445,554,361,680,130,502,429,400,381,717,607,728,780,667,879,14,686,890,657,277,694,939,234,119,970,255,451,531,207,166,849,966,77,427,97,734,503,411,720,482,3,524,705,805,938,422,956,336,279,329,233,599,729,764,981,698,971,338,972,799,784,131,114,192,747,589,347,47,739,760,196,925,122,214,936,182,303,373,142,663,616,391,565,677,534,463,708,703,489,691,222,174,403,328,797,116,218,749,527,157,505,312,731,154,125,499,283,770,212,46,330,758,858,841,542,384,341,78,771,423,148,32,352,228,990,909,652,57,128,123,863,10,958,476,985,700,87,496,100,829,388,869,59,655,612,549,949,11,205,783,913,529,525,687,811,475,748,37,908,664,397,723,535,302,679,438,414,151,147,543,619,38,269,413,324,876,508,545,633,735,917,210,127,54,89,688,715,732,291,175,929,839,49,922,778,382,34,510,370,453,30,558,804,912,809,359,891,161,625,69,282,492,286,647,84,216,964,498,743,798,281,440,968,791,597,101,173,762,605,986,112,238,393,671,793,810,617,907,68,85,975,962,867,478,767,290,553,850,583,102,190,396,942,595,852,420,35,656,293,900,110,538,650,208,466,644,43,978,143,217,670,606,314,926,842,357,594,875,623,70,355,485,117,930,188,519,923,262,577,186,237,461,471,533,621,472,276,180,935,452,512,155,945,342,870,197,843,421,257,844,356,522,706,716,7,566,989,848,862,194,160,209,834,853,379,480,261,790,692,586,191,111,121,467,65,268,787,702,915,902,254,278,602,354,709,221,486,64,133,348,455,331,4,362,299,86,74,572,588,943,402,710,898,514,61,674,412,794,646,258,474,836,187,366,682,963,8,488,211,881,812,741,641,722,661,673,629,307,407,643,704,284,899,824,351,363,26,573,439,337,626,822,518,310,883,287,653,246,669,164,19,250,865,934,419,819,959,295,289,831,681,377,63,27,675,45,821,828,751,55,66,906,358,634,781,458,873,555,785,323,6,598,24,504,777,581,176,103,721,
value : 525.993 running time : 40.641074
0 80 20
979 84.3629 18.3237
260 86.2684 17.5916
243 86.2684 17.5916
483 86.2684 17.5916
627 85.9277 19.8011
33 85.262 24.1191
98 85.0737 25.3396
345 84.9663 26.0357
590 84.0833 31.7634
274 83.4153 36.0955
609 83.0368 38.5497
835 82.8159 39.9814
520 82.5882 41.4572
232 82.2432 43.6945
425 82.3164 44.3921
745 82.3772 44.9708
592 82.457 45.7304
195 82.5392 46.5122
136 82.6241 47.3208
884 82.7007 48.0498
838 82.7648 48.6605
387 82.8245 49.2281
967 82.8792 49.7487
951 82.9328 50.2591
29 82.9846 50.7527
920 83.3065 53.8163
497 83.8213 58.7165
977 83.8213 58.717
198 83.8214 58.7175
941 83.8214 58.7179
932 83.8697 59.2733
334 83.9289 59.9548
684 83.9875 60.629
242 84.0445 61.2858
506 84.1075 62.0108
107 84.1715 62.7472
170 84.2797 63.9937
579 84.6299 68.0362
332 84.6299 68.0363
152 84.6299 68.0363
201 84.7559 68.9275
383 84.9869 70.5618
385 85.3705 73.2746
372 86.326 80.0281
740 86.12 80.32
528 85.9425 80.5717
889 85.7584 80.8325
204 85.618 81.0315
660 85.4727 81.2375
311 85.2951 81.4892
450 85.1014 81.7638
685 84.685 82.3539
322 84.258 82.9592
473 83.9277 83.4273
25 83.6264 83.8544
725 82.5488 85.3818
818 81.6188 86.7
928 80.1651 88.7604
648 79.2163 88.8857
318 78.2178 89.0175
158 77.7881 89.0742
864 77.4036 89.125
145 77.0004 89.1782
353 76.6781 89.2208
580 76.3803 89.2601
983 76.1082 89.296
135 75.4511 89.3828
893 74.7129 89.4803
820 73.8737 89.5911
854 72.814 89.731
622 71.742 89.8726
177 70.7431 90.0045
992 70.0036 90.1021
378 69.413 90.1801
395 69.192 90.2093
42 69.0245 90.2314
567 68.8599 90.2531
481 68.7134 90.2725
775 68.5567 90.2932
71 68.3822 90.3162
742 67.3174 90.4568
896 64.8742 90.7795
911 64.8742 90.7795
584 64.8742 90.7795
494 64.8742 90.7795
816 64.5399 90.7554
980 64.2427 90.7341
851 63.9924 90.7161
273 63.8072 90.7028
477 63.6075 90.6884
52 63.4156 90.6747
666 63.2186 90.6605
845 62.981 90.6434
465 62.7463 90.6266
285 62.5139 90.6099
544 62.2661 90.5921
620 62.013 90.5739
813 61.7649 90.5561
149 61.4519 90.5336
185 61.0374 90.5038
823 60.6805 90.4782
251 60.2849 90.4498
464 58.8207 90.3446
239 56.8475 90.2028
575 56.9121 90.1543
434 56.9643 90.1152
415 57.0245 90.07
62 57.0815 90.0273
947 57.1416 89.9822
516 57.1995 89.9388
642 57.2628 89.8913
940 57.3276 89.8428
23 57.3842 89.8003
856 57.4495 89.7513
344 57.5137 89.7032
984 57.5858 89.6492
746 57.6433 89.606
202 57.714 89.553
690 57.7795 89.5039
618 57.8418 89.4572
887 57.9115 89.405
259 57.9759 89.3567
817 58.0387 89.3096
754 58.0947 89.2676
40 58.1526 89.2242
156 58.2086 89.1822
952 58.8064 88.734
737 59.4613 88.243
774 60.1321 87.74
118 61.2157 86.9275
801 62.5017 85.9632
509 63.7155 85.0531
83 64.2965 84.6175
937 64.7482 84.2789
159 65.1917 83.9464
417 64.4638 83.0798
654 62.4063 80.6302
297 60.8763 78.8089
67 59.1087 76.7044
847 59.1087 76.7044
904 59.1087 76.7044
837 59.1087 76.7044
51 58.8506 76.6203
94 58.5552 76.5241
744 58.3403 76.454
317 58.0584 76.3621
727 57.7808 76.2717
460 57.4607 76.1674
18 57.155 76.0678
832 56.8125 75.9561
335 56.4827 75.8487
931 56.1749 75.7484
369 55.8145 75.6309
582 55.4573 75.5145
515 55.1301 75.4079
468 54.7748 75.2921
668 54.4759 75.1947
987 54.1462 75.0873
340 53.7784 74.9674
724 49.5647 73.5944
561 49.2076 73.478
82 49.0329 73.4211
976 48.8512 73.3619
659 48.6951 73.311
921 48.5317 73.2577
193 48.3465 73.1974
779 48.1611 73.137
294 47.9924 73.082
782 47.8318 73.0297
676 47.6295 72.9637
910 47.4364 72.9008
80 47.2726 72.8475
350 47.1262 72.7997
126 46.9921 72.756
91 46.8422 72.7072
769 46.6886 72.6571
857 46.5226 72.6031
9 46.3601 72.5501
895 46.1659 72.4868
315 45.9832 72.4273
562 45.7031 72.336
800 45.4714 72.2605
109 45.1517 72.1563
432 44.8146 72.0465
632 44.1031 71.8146
134 43.2343 71.5315
163 42.4263 71.2682
264 41.7325 71.0421
855 41.3032 70.9022
137 40.7487 70.7215
540 41.1726 71.6424
223 41.6698 72.7221
563 41.6698 72.7221
270 41.6698 72.7222
807 41.6698 72.7222
459 41.6698 72.7222
410 41.6698 72.7222
225 41.6698 72.7222
365 41.6698 72.7223
878 41.6698 72.7223
683 41.6699 72.7223
144 41.6699 72.7223
56 41.6699 72.7223
171 41.6699 72.7224
484 41.6699 72.7224
576 41.6699 72.7224
235 41.7453 72.8741
894 41.8171 73.0186
513 41.8854 73.156
765 41.9408 73.2674
404 42.1383 73.6649
523 42.3516 74.0941
614 42.5799 74.5534
564 42.8021 75.0006
689 42.9899 75.3785
755 43.2399 75.8815
179 43.4742 76.3529
226 43.6285 76.6633
840 43.819 77.0467
406 44.0161 77.4433
280 44.1816 77.7764
802 44.3251 78.0651
319 44.4797 78.3762
248 44.6272 78.6729
814 44.7903 79.0012
129 44.9303 79.2828
245 45.0527 79.5291
880 45.1626 79.7502
539 45.2667 79.9597
215 45.363 80.1535
826 45.4717 80.3722
861 45.5875 80.6051
636 45.6986 80.8288
140 45.8142 81.0613
12 45.9298 81.2939
229 46.0362 81.508
320 45.5725 87.147
882 45.3349 90.0373
105 45.2181 90.0065
511 45.1027 89.976
624 44.9788 89.9433
22 44.8211 89.9017
763 44.7023 89.8704
541 44.591 89.841
713 44.4652 89.8078
532 44.3424 89.7754
389 44.202 89.7384
569 44.0684 89.7032
5 43.9489 89.6716
343 43.8157 89.6365
394 43.6815 89.6011
375 43.5769 89.5735
313 43.4685 89.5449
165 43.3362 89.51
367 43.2116 89.4771
961 43.0349 89.4305
92 42.7754 89.362
874 42.5963 89.3148
408 42.3922 89.2609
672 42.1395 89.1942
241 41.966 89.1485
292 41.8023 89.1053
530 41.6594 89.0676
536 41.5102 89.0282
752 41.3374 88.9827
559 41.1839 88.9422
448 41.0029 88.8944
866 40.8349 88.8501
416 40.6391 88.7984
638 40.4355 88.7447
120 40.2643 88.6995
172 40.115 88.6602
141 39.9536 88.6176
649 39.808 88.5792
253 39.6593 88.5399
808 39.5423 88.5091
265 39.4316 88.4799
206 39.3105 88.4479
974 39.1795 88.4133
766 39.0501 88.3792
181 38.9099 88.3422
738 38.7649 88.304
72 38.6206 88.2659
271 38.4799 88.2288
548 38.3511 88.1948
613 38.2252 88.1616
449 38.1057 88.1301
305 37.9817 88.0974
53 37.8532 88.0635
309 37.7257 88.0298
139 37.5957 87.9955
437 36.3575 87.6689
806 34.9702 87.3029
189 33.7278 86.9752
2 32.4157 86.629
392 31.1263 86.2889
431 29.6066 85.8879
16 29.0198 85.7331
252 28.4541 85.5839
168 27.3997 85.3058
608 27.3997 85.3058
487 27.3997 85.3058
697 27.3997 85.3058
888 27.3997 85.3058
872 27.2483 85.6407
550 27.0687 86.0379
919 26.8923 86.4282
150 26.6868 86.8828
631 26.4909 87.3164
96 26.4189 87.4756
230 26.3455 87.6379
611 26.2577 87.8322
877 26.2577 87.8323
761 26.1326 88.0572
409 26.0068 88.2835
714 25.8857 88.5012
933 25.8637 88.5407
456 25.8403 88.5828
521 25.8175 88.624
17 25.7966 88.6616
593 25.7737 88.7028
73 25.7527 88.7405
441 25.7286 88.7839
430 25.7062 88.8242
786 25.686 88.8605
418 25.6658 88.897
776 25.6416 88.9405
368 25.6349 88.9526
76 25.6279 88.9651
28 25.6195 88.9801
885 25.6125 88.9929
610 25.6045 89.0072
20 25.5967 89.0212
470 25.59 89.0333
833 25.5831 89.0457
249 25.576 89.0584
44 25.5682 89.0725
146 25.5612 89.085
918 25.5539 89.0982
36 25.5458 89.1128
231 25.5386 89.1258
707 25.5307 89.14
227 25.5229 89.1539
167 25.5229 89.1539
13 25.5229 89.1539
115 25.5229 89.1539
768 25.5229 89.1539
491 25.5229 89.1539
960 25.5229 89.1539
306 25.2256 89.1332
859 24.9401 89.1132
696 24.6559 89.0934
795 24.3889 89.0748
256 24.0981 89.0545
773 23.7339 89.0291
41 23.3435 89.0018
490 22.956 88.9748
296 22.5755 88.9482
184 22.127 88.9169
399 21.7317 88.8893
424 21.4288 88.8682
443 21.108 88.8458
244 20.5406 88.8914
316 19.9917 88.9355
50 19.6306 88.9645
288 19.2374 88.996
712 18.8103 89.0303
183 18.3949 89.0637
442 17.9548 89.099
469 17.5707 89.1299
651 17.1668 89.1623
58 16.7011 89.1997
247 16.1552 89.2436
905 15.6661 89.2828
446 15.4287 89.3019
750 15.2026 89.3201
304 14.9892 89.3372
462 14.7842 89.3536
568 14.5465 89.3727
138 14.3238 89.3906
200 14.0964 89.4089
678 13.8782 89.4264
436 13.7065 89.4402
236 13.5299 89.4544
637 13.3414 89.4695
364 13.1615 89.484
93 12.9976 89.4971
803 12.7968 89.5132
444 12.6178 89.5276
557 12.4565 89.5406
711 12.278 89.5549
753 12.1156 89.5679
435 11.896 89.5856
585 11.7009 89.6012
914 11.5456 89.6137
380 11.3995 89.6254
15 11.2716 89.6357
871 11.1188 89.648
325 10.8553 89.6691
31 10.5686 89.6922
213 10.2467 89.718
203 10.2373 89.7188
153 10.2269 89.7196
401 10.2164 89.7204
178 10.2063 89.7213
300 10.1957 89.7221
792 10.1859 89.7229
1 10.1761 89.7237
868 10.1651 89.7246
827 10.155 89.7254
988 10.1448 89.7262
944 10.2104 88.9008
699 10.2221 88.7533
447 10.2335 88.6095
736 10.2462 88.4497
955 10.2593 88.2854
759 10.2706 88.1422
75 10.2813 88.0077
386 10.2903 87.8937
973 10.3002 87.7702
982 10.3114 87.6288
199 10.3217 87.4987
969 10.3327 87.3597
693 10.3447 87.2086
95 10.3574 87.0491
433 10.37 86.8903
301 10.3802 86.7621
830 10.3922 86.6106
90 10.4023 86.4835
892 10.4115 86.3681
718 10.4205 86.2541
48 10.4301 86.1326
106 10.4386 86.0261
916 10.4498 85.8848
360 10.461 85.7441
374 10.4715 85.6115
615 10.4801 85.5034
263 10.4879 85.4044
405 10.4961 85.3012
39 10.5059 85.1778
953 10.5968 84.033
169 10.7164 82.5271
224 10.845 80.9086
240 10.8608 80.71
346 10.8769 80.5065
108 10.8911 80.3277
547 10.907 80.1272
719 10.926 79.8884
815 10.9456 79.6414
570 10.9678 79.3618
495 10.9882 79.105
991 11.0143 78.7762
639 11.0383 78.4731
298 11.0603 78.196
948 11.0812 77.9335
113 11.1004 77.6907
556 11.1208 77.4339
630 11.1419 77.1684
517 11.1594 76.9474
339 11.7981 76.9128
398 12.3281 76.8841
578 12.8226 76.8573
695 13.0869 76.843
426 13.2918 76.8319
457 13.6548 76.8123
796 14.0592 76.7903
628 14.4303 76.7703
479 15.1752 76.7299
658 15.8845 76.6914
326 16.4836 76.659
220 17.0844 76.6265
950 17.6647 76.595
162 18.1942 76.5664
552 18.8232 76.5323
886 19.3979 76.5012
88 19.9608 76.4707
551 20.5383 76.4394
275 21.2094 76.403
946 21.8889 76.3662
124 22.6084 76.3272
604 23.1699 76.2968
903 23.6865 76.2688
333 23.6865 76.2688
825 23.6865 76.2688
757 23.6865 76.2688
428 23.6865 76.2688
454 23.7678 75.8212
789 23.8461 75.3899
266 23.9192 74.9877
60 23.9864 74.6177
560 24.0595 74.2151
600 24.1492 73.7208
730 24.2327 73.2614
591 24.3183 72.7903
726 24.3965 72.3594
635 24.479 71.9051
954 24.5604 71.4568
574 24.6602 70.9074
772 24.7639 70.3368
327 24.8242 70.0044
957 24.8894 69.6454
901 24.9471 69.328
493 24.9999 69.037
645 25.0251 68.8981
701 25.0487 68.7682
587 25.0773 68.6107
308 25.1065 68.4503
79 25.1369 68.2828
756 25.1641 68.1328
596 25.1641 68.1328
662 25.1641 68.1328
104 25.0217 62.9516
501 25.0217 62.9515
526 25.0217 62.9514
788 25.0217 62.9513
390 25.0217 62.9512
267 25.0217 62.9511
603 25.0217 62.951
640 24.6852 63.1199
897 24.3335 63.2964
349 24.0267 63.4504
965 23.728 63.6003
21 23.4387 63.7455
571 22.8958 64.018
507 22.3146 64.3097
846 21.6921 64.6222
601 21.0802 64.9293
99 20.4861 65.2276
927 19.9354 65.5039
733 19.3676 65.789
537 18.6824 66.1329
860 13.0341 68.9671
321 10.9703 70.0028
546 9.56849 70.7064
219 9.52528 70.7281
665 9.4779 70.7519
132 9.43584 70.773
924 9.38438 70.7988
81 9.32356 70.8294
376 9.25835 70.8621
371 9.19149 70.8957
500 9.13256 70.9252
272 9.07186 70.9557
445 9.00185 70.9908
554 8.93841 71.0227
361 9.00213 70.8681
680 9.06114 70.7249
130 9.11763 70.5879
502 9.16509 70.4728
429 9.21235 70.3581
400 9.25828 70.2467
381 9.30202 70.1406
717 9.35067 70.0226
607 9.39696 69.9103
728 9.44344 69.7975
780 9.49606 69.6699
667 9.55475 69.5275
879 9.61751 69.3752
14 9.67119 69.245
686 9.72354 69.118
890 9.77579 68.9913
657 9.91655 68.6498
277 10.0589 68.3045
694 10.1919 67.9818
939 10.3428 67.6157
234 10.4972 67.2413
119 10.6381 66.8993
970 10.7803 66.5543
255 10.9161 66.225
451 11.0743 65.8412
531 10.2302 65.7009
207 9.49388 65.5786
166 9.60636 63.2457
849 9.64947 62.3514
966 9.88936 62.3134
77 10.3787 62.236
427 10.9296 62.1487
97 11.5416 62.0518
734 12.0913 61.9648
503 12.9023 61.8364
411 13.8302 61.6894
720 14.6373 61.5616
482 14.6277 61.5553
3 14.6185 61.5492
524 14.6107 61.5441
705 14.6027 61.5388
805 14.593 61.5323
938 14.5856 61.5274
422 14.5778 61.5223
956 14.5696 61.5169
336 14.5609 61.5111
279 14.5531 61.5059
329 14.5459 61.5012
233 14.5384 61.4963
599 14.5309 61.4913
729 14.5082 61.4763
764 14.4836 61.46
981 14.4616 61.4455
698 14.4384 61.4302
971 14.419 61.4174
338 13.8856 61.0649
972 13.3697 60.7239
799 12.8829 60.4022
784 12.8425 60.16
131 12.8023 59.9197
114 12.7621 59.6788
192 12.7213 59.4344
747 12.679 59.1814
589 12.6361 58.9246
347 12.5952 58.68
47 12.4767 57.9706
739 12.394 57.4752
760 12.2888 56.8455
196 12.1795 56.1911
925 12.0626 55.4918
122 11.9414 54.766
214 11.8839 54.422
936 11.8277 54.0856
182 11.7737 53.7626
303 11.7203 53.4424
373 11.6645 53.1088
142 11.6141 52.8068
663 11.5573 52.4671
616 11.5105 52.1867
391 11.4744 51.9706
565 11.4377 51.751
677 11.3948 51.4944
534 11.3453 51.1977
463 11.3011 50.9332
708 11.2624 50.7015
703 11.223 50.4661
489 11.1575 50.0737
691 11.1017 49.7398
222 11.0297 49.3088
174 10.9653 48.9233
403 10.8978 48.5192
328 10.383 46.0914
797 10.4744 46.065
116 10.541 46.0458
218 10.6282 46.0207
749 10.7184 45.9947
527 10.8056 45.9696
157 10.8979 45.943
505 11.0062 45.9117
312 11.0996 45.8848
731 11.202 45.8553
154 11.3045 45.8257
125 11.4042 45.797
499 11.4042 45.797
283 11.4948 45.7906
770 11.5818 45.7845
212 11.665 45.7786
46 11.7494 45.7726
330 11.8395 45.7663
758 11.9513 45.7584
858 12.0436 45.7519
841 12.1208 45.7465
542 12.2039 45.7406
384 12.2842 45.7349
341 12.3767 45.7284
78 12.4787 45.7212
771 12.5676 45.7149
423 12.6498 45.7091
148 12.7374 45.703
32 12.8203 45.6971
352 12.8935 45.6919
228 12.9711 45.6865
990 13.0481 45.681
909 13.1226 45.6758
652 13.2004 45.6703
57 13.2777 45.6648
128 13.3543 45.6595
123 13.4535 45.6524
863 13.5485 45.6458
10 13.6475 45.6388
958 13.741 45.6322
476 13.8455 45.6248
985 13.9343 45.6185
700 14.558 45.5745
87 15.1544 45.5325
496 15.9843 45.4739
100 16.7687 45.4186
829 22.8561 44.989
388 23.621 44.935
869 24.3765 44.8816
59 24.5263 44.9808
655 24.6311 45.0502
612 24.7384 45.1213
549 24.8569 45.1997
949 24.9855 45.2849
11 25.1107 45.3677
205 25.2289 45.446
783 25.3729 45.5413
913 25.5009 45.6261
529 25.6149 45.7016
525 25.7908 45.818
687 25.9657 45.9338
811 26.1299 46.0425
475 26.2956 46.1522
748 26.4759 46.2716
37 26.6399 46.3801
908 26.812 46.4941
664 26.9876 46.6104
397 27.162 46.7258
723 27.3375 46.842
535 27.5289 46.9687
302 27.7238 47.0978
679 27.8967 47.2122
438 28.0739 47.3295
414 28.2651 47.4561
151 28.4573 47.5833
147 28.6585 47.7166
543 28.8306 47.8304
619 29.0203 47.956
38 29.2029 48.077
269 29.3925 48.2025
413 29.5701 48.3201
324 29.7461 48.4365
876 29.9391 48.5643
508 30.1113 48.6783
545 30.2843 48.7929
633 30.459 48.9085
735 30.6599 49.0416
917 30.8574 49.1723
210 31.9042 51.3642
127 32.5599 52.7371
54 33.1329 53.937
89 33.4434 54.5872
688 33.7837 55.2998
715 34.2415 56.2583
732 34.2415 56.2583
291 34.2415 56.2583
175 34.2415 56.2583
929 34.2415 56.2583
839 34.2415 56.2583
49 34.2415 56.2583
922 34.2415 56.2583
778 34.2415 56.2583
382 34.2415 56.2583
34 34.2415 56.2583
510 35.6679 56.8471
370 38.6686 58.0853
453 41.7263 59.3471
30 41.7263 59.3471
558 41.7263 59.3471
804 41.7263 59.3471
912 41.7263 59.3471
809 41.7263 59.3471
359 41.7263 59.3471
891 42.6965 59.0275
161 44.6727 58.3767
625 46.1807 57.88
69 46.9788 57.6171
282 48.0632 58.2799
492 48.9045 58.7942
286 50.0504 59.4946
647 51.1045 60.139
84 51.4141 60.3282
216 51.7127 60.5108
964 52.0244 60.7013
498 52.2993 60.8694
743 52.6224 61.0669
798 52.9325 61.2565
281 53.2526 61.4521
440 53.6765 61.7112
968 54.0069 61.9132
791 54.3213 62.1054
597 54.6275 62.2926
101 55.0743 62.5657
173 55.7317 62.9676
762 56.1526 63.2249
605 56.5661 63.4776
986 56.9429 63.708
112 57.4146 63.9963
238 57.855 64.2655
393 58.2983 64.5365
671 58.7041 64.7845
793 59.3857 64.4407
810 60.1002 64.0804
617 60.7868 63.734
907 61.7765 63.2349
68 62.6902 62.774
85 63.5456 62.3426
975 64.5887 61.8164
962 64.6082 61.727
867 64.6301 61.6262
478 64.6547 61.5127
767 64.6779 61.4063
290 64.6974 61.3166
553 64.8789 60.4815
850 64.8789 60.4815
583 64.8789 60.4815
102 64.8789 60.4815
190 64.8789 60.4815
396 64.8789 60.4815
942 64.8789 60.4815
595 64.8789 60.4815
852 64.8789 60.4815
420 64.8789 60.4815
35 64.8789 60.4815
656 64.8789 60.4815
293 64.8789 60.4815
900 64.8789 60.4815
110 64.8775 60.4592
538 64.876 60.4369
650 64.8747 60.4157
208 64.8732 60.3935
466 64.1747 49.692
644 63.6872 49.6026
43 63.205 49.5142
978 62.7708 49.4346
143 62.4035 49.3672
217 61.9857 49.2906
670 61.6475 49.2286
606 61.0927 49.1268
314 60.5408 49.0256
926 60.0127 48.9288
842 59.393 48.8151
357 58.7146 48.6907
594 57.9737 48.5549
875 57.2954 48.4305
623 56.7169 48.3244
70 56.172 48.2245
355 55.4038 48.0836
485 55.0289 48.1047
117 54.4282 48.1385
930 53.6271 48.1836
188 52.7906 48.2306
519 51.9362 48.2786
923 51.046 48.3287
262 50.2483 48.3736
577 49.3931 48.4217
186 48.2543 48.4857
237 46.9311 48.56
461 46.289 48.5961
471 45.6839 48.6301
533 45.1272 48.6615
621 44.9381 48.2635
472 44.7165 47.797
276 44.5027 47.3469
180 44.2977 46.9153
935 44.0786 46.454
452 43.9212 46.1227
512 43.7673 45.7985
155 43.604 45.4548
945 43.4489 45.1282
342 43.2746 44.7612
870 43.086 44.3642
197 42.8938 43.9596
843 42.7213 43.5965
421 42.4909 43.1113
257 42.3061 42.7224
844 42.1509 42.3956
356 41.994 42.0653
522 41.8352 41.731
706 41.6446 41.3296
716 41.4671 40.956
7 41.2807 40.5636
566 41.1125 40.2094
989 40.9384 39.8428
848 40.7623 39.472
862 40.5598 39.0458
194 40.3535 38.6113
160 40.0876 38.0516
209 39.8866 37.6285
834 38.7894 36.9264
853 37.9262 36.3741
379 37.0253 35.7977
480 36.3306 35.3532
261 35.5236 34.8368
790 34.9276 34.4555
692 34.1662 33.9683
586 33.2278 33.3679
191 32.0642 32.6234
111 30.622 31.7005
121 29.886 31.4452
467 29.3002 31.242
65 26.7977 30.3735
268 25.0549 29.7688
787 24.6315 29.6219
702 24.142 29.4521
915 23.6975 29.2979
902 23.2468 29.1416
254 22.8325 28.9979
278 22.5338 28.8943
602 22.1577 28.7638
354 21.7974 28.6388
709 21.4384 28.5143
221 21.0311 28.373
486 20.6017 28.224
64 20.1346 28.062
133 16.8186 26.9111
348 15.0464 26.2962
455 14.1735 25.9934
331 13.4967 25.7586
4 12.8873 25.5471
362 12.3868 25.3735
299 12.007 25.2418
86 11.6242 25.109
74 11.6246 25.1067
572 11.6249 25.1043
588 11.6253 25.1018
943 11.6256 25.0997
402 11.626 25.0975
710 11.6263 25.0956
898 11.6266 25.0936
514 11.74 24.3404
61 11.9901 22.6795
674 12.0502 22.28
412 12.102 21.9358
794 12.1505 21.614
646 12.2314 21.0767
258 12.2914 20.6777
474 12.3578 20.2365
836 12.4267 19.7789
187 12.5141 19.1984
366 12.615 18.5282
682 12.7102 17.8958
963 12.8006 17.2955
8 12.9218 16.4905
488 13.0078 15.919
211 13.07 15.5063
881 13.135 15.0741
812 13.1939 14.6833
741 13.301 14.6934
641 13.4105 14.7037
722 13.4873 14.7109
661 14.5086 14.8072
673 15.3314 14.8848
629 16.5696 15.0015
307 24.2986 15.7287
407 26.0451 15.8932
643 26.5851 15.9442
704 27.1887 16.0011
284 27.6522 16.0448
899 28.1382 16.0906
824 29.0998 16.1812
351 30.0921 16.2748
363 31.0857 16.3684
26 32.0387 16.4582
573 32.7694 16.5271
439 33.4382 16.5902
337 34.6767 16.7069
626 35.7276 16.806
822 36.9604 16.9222
518 38.226 17.0415
310 38.2486 17.0571
883 38.2705 17.0723
287 38.292 17.0872
653 38.3157 17.1037
246 38.3357 17.1176
669 38.3597 17.1343
164 46.2731 22.6257
19 49.5281 24.8848
250 50.2392 25.3784
865 50.9401 25.8649
934 51.5965 26.3205
419 52.6478 27.0503
819 53.8815 27.9066
959 54.7649 28.5198
295 55.4534 28.9976
289 55.7112 29.6663
831 56.0439 30.5295
681 56.4032 31.4616
377 56.7432 32.3436
63 57.0491 33.1371
27 57.2083 33.093
675 57.3637 33.0499
45 57.5139 33.0082
821 57.6535 32.9695
828 57.7782 32.935
751 57.9035 32.9002
55 58.0363 32.8634
66 58.1587 32.8295
906 58.2985 32.7907
358 58.6901 32.6821
634 59.0338 32.5869
781 59.3718 32.4932
458 59.6867 32.4059
873 60.0149 32.3149
555 60.4383 32.1975
785 60.9292 32.0614
323 61.5977 31.8761
6 62.7364 28.8824
598 63.8791 25.8784
24 64.7232 23.659
504 65.4739 21.6854
777 66.1796 19.83
581 66.787 18.2329
176 67.4344 16.5305
103 68.0038 15.0336
721 72.6439 16.9547
