0,103,598,504,721,581,176,777,43,828,555,821,358,295,831,45,781,27,873,24,55,458,6,959,819,634,323,217,675,870,355,978,357,606,842,276,472,63,19,262,66,716,377,492,906,314,848,875,342,945,843,594,930,681,785,751,935,917,865,180,512,194,452,862,197,151,155,7,853,844,706,421,586,69,210,237,414,508,687,522,480,49,38,566,989,655,811,783,413,603,619,356,535,510,748,388,790,397,679,302,869,529,257,209,692,250,834,407,164,419,337,287,289,351,518,653,573,379,709,626,363,822,704,261,934,26,246,310,191,160,467,111,787,307,64,883,643,278,221,602,284,669,824,943,702,915,354,439,722,8,488,963,629,211,881,812,646,412,268,402,455,588,741,673,4,366,362,187,836,682,61,674,486,902,254,258,133,121,641,572,348,74,899,661,514,474,794,898,710,10,331,299,86,87,985,125,123,771,122,312,212,797,958,476,174,841,463,330,328,116,352,182,423,128,373,384,805,863,858,936,283,336,700,731,228,46,534,770,758,616,499,909,100,303,57,154,652,341,542,157,47,222,489,925,527,505,749,218,849,708,949,663,549,11,543,65,32,279,142,78,403,829,37,990,205,612,496,391,148,691,938,422,908,475,698,664,723,891,688,876,525,778,438,147,370,913,269,922,809,545,127,89,461,59,839,633,735,645,596,390,267,507,34,493,956,291,79,21,308,266,705,965,104,233,729,451,720,599,981,957,382,897,349,846,903,901,788,591,501,560,327,537,658,927,526,429,124,872,326,454,604,971,946,339,482,400,329,924,587,635,578,701,789,950,600,726,571,730,825,275,431,443,99,500,697,333,411,487,479,888,550,574,324,196,589,601,772,132,756,640,733,119,686,234,214,972,747,739,764,524,680,166,531,565,760,207,277,427,381,657,556,703,398,338,939,376,966,799,677,551,694,255,630,517,371,130,131,445,667,991,114,639,192,970,552,796,220,374,272,728,554,224,955,347,879,219,298,77,14,607,784,717,734,860,97,162,948,503,665,502,3,81,568,495,399,113,346,436,361,247,608,168,95,546,184,457,892,890,88,178,304,75,90,444,321,433,240,48,169,203,615,815,570,401,325,719,364,678,953,969,637,868,138,585,31,830,380,557,750,718,711,236,200,1,199,153,914,13,386,106,988,446,982,780,300,39,803,405,263,944,759,699,792,426,628,905,213,547,736,108,301,435,447,693,316,753,249,827,593,954,120,973,871,441,16,244,886,424,442,776,368,773,418,306,695,223,17,761,521,20,93,253,15,360,469,288,757,115,833,786,611,712,409,428,36,150,696,631,430,768,456,183,227,490,462,933,610,50,58,44,885,271,916,28,859,167,73,76,714,296,41,491,795,226,651,141,2,146,96,392,230,470,256,638,60,662,689,649,252,960,877,974,840,918,672,305,394,129,548,448,181,808,241,766,738,752,569,826,139,215,172,763,265,92,189,449,5,874,642,231,72,559,53,516,940,659,156,613,309,22,539,389,270,919,707,806,861,105,292,437,866,206,375,82,961,896,140,636,880,245,165,248,561,40,947,882,343,313,541,239,416,851,532,511,12,294,857,229,713,562,415,746,118,567,816,23,584,856,952,754,434,984,911,624,814,980,408,367,530,177,320,737,817,42,622,464,690,575,145,202,344,992,774,618,62,259,536,335,378,395,297,158,353,864,887,369,931,185,742,71,481,823,620,494,83,937,159,251,273,477,52,666,845,465,285,544,149,580,983,775,318,854,820,893,135,813,928,725,473,322,685,889,648,372,25,528,311,660,204,450,740,417,332,393,900,238,383,152,801,315,9,818,727,385,579,744,51,173,847,904,650,837,478,671,509,67,290,420,668,964,975,595,867,962,18,460,317,523,976,163,564,755,179,406,280,802,319,432,724,921,193,779,807,782,676,910,80,350,126,91,617,404,563,800,895,614,144,134,769,264,855,453,30,175,137,912,359,632,715,484,235,894,765,513,540,459,410,225,365,878,683,929,161,84,54,471,186,798,35,281,923,576,625,793,282,216,188,621,85,597,732,56,171,804,533,498,623,340,987,762,440,519,743,112,101,986,485,109,208,558,396,577,968,791,293,582,832,515,94,810,647,468,605,117,656,68,102,767,942,190,907,538,286,654,201,852,926,143,232,850,70,110,553,609,583,670,920,29,932,334,941,644,466,198,242,506,684,170,107,977,497,592,195,136,745,274,425,387,967,951,884,838,33,590,520,835,98,345,979,627,243,483,260,
value : 453.383 running time : 253.102185
0 80 20
103 67.8731 15.0891
598 67.5059 15.9701
504 67.1976 16.7101
721 66.9154 17.3874
581 66.3405 18.7671
176 65.7849 20.1004
777 64.7048 22.6921
43 61.4861 30.4141
828 61.4287 30.5518
555 61.3785 30.6722
821 61.3287 30.7919
358 61.2794 30.9102
295 61.239 31.007
831 61.1862 31.1339
45 61.1301 31.2685
781 61.082 31.3838
27 61.0347 31.4974
873 60.9912 31.6017
24 60.948 31.7055
55 60.7574 32.1627
458 60.5689 32.6151
6 60.4204 32.9715
959 60.2615 33.3528
819 60.047 33.8676
634 59.6181 34.8969
323 59.2515 35.7766
217 58.9259 36.558
675 58.6551 37.2079
870 58.3924 37.8383
355 58.1697 38.3726
978 57.924 38.9623
357 57.6985 39.5035
606 57.4819 40.0233
842 57.2625 40.5499
276 56.2455 40.728
472 55.6387 40.8342
63 55.2965 40.8941
19 54.9616 40.9528
262 54.6377 41.0095
66 54.3269 41.0639
716 54.0216 41.1174
377 53.7407 41.1665
492 53.4061 41.2251
906 53.1133 41.2764
314 52.8385 41.3245
848 52.3676 41.407
875 51.9972 41.4718
342 51.5915 41.5429
945 51.2613 41.6007
843 50.9725 41.6512
594 50.7103 41.6971
930 50.4063 41.7504
681 50.0752 41.8083
785 49.7135 41.8717
751 49.2915 41.9456
935 48.7015 42.0489
917 48.163 42.1432
865 47.751 42.2153
180 46.4112 42.4499
512 45.608 42.5905
194 44.8373 42.7255
452 44.1243 42.8503
862 43.3987 42.9773
197 42.7288 43.0946
151 41.8303 43.252
155 41.8303 43.252
7 41.8303 43.252
853 41.8303 43.252
844 41.8303 43.252
706 41.8303 43.252
421 41.8303 43.252
586 41.8303 43.252
69 41.1095 43.5124
210 40.1663 43.8531
237 39.2552 44.1823
414 38.5343 44.4428
508 37.9604 44.6501
687 37.4866 44.8214
522 37.0407 44.9825
480 36.5711 45.1521
49 36.0189 45.3516
38 35.5048 45.5374
566 35.0552 45.6998
989 34.5305 45.8894
655 33.9171 46.111
811 33.9171 46.111
783 33.9171 46.111
413 33.9171 46.111
603 33.9171 46.111
619 33.9171 46.111
356 33.9171 46.111
535 33.9171 46.111
510 33.9171 46.111
748 34.1508 45.002
388 34.3749 43.9385
790 34.5923 42.9066
397 34.7576 42.1218
679 34.9738 41.0957
302 35.1686 40.1714
869 35.8277 37.0433
529 36.2701 34.9435
257 36.7704 32.5688
209 37.3563 29.7879
692 37.4852 29.1762
250 37.8209 27.5832
834 38.2583 25.5069
407 38.9399 22.2719
164 38.9399 22.2719
419 38.9002 21.8389
337 38.8129 20.8894
287 38.7268 19.9523
289 38.6668 19.2991
351 38.5447 17.9715
518 38.4671 17.1266
653 38.1112 17.5091
573 37.7458 17.9017
379 37.3641 18.3117
709 37.05 18.6493
626 36.791 18.9277
363 36.545 19.192
822 36.2711 19.4862
704 36.0201 19.756
261 35.7502 20.046
934 35.4898 20.3259
26 35.2293 20.6058
246 34.9573 20.898
310 34.6941 21.1808
191 34.3922 21.5052
160 33.9538 21.3723
467 33.4822 21.2294
111 32.9074 21.0552
787 32.3375 20.8825
307 31.7561 20.7063
64 31.1754 20.5303
883 30.6053 20.3575
643 30.0302 20.1832
278 29.4742 20.0147
221 28.3433 19.6721
602 27.1916 19.3233
284 26.034 18.9725
669 24.8597 18.6167
824 23.5814 18.2295
943 22.2375 17.8225
702 21.751 17.6739
915 21.2534 17.5218
354 20.6214 17.3288
439 18.6427 16.7243
722 13.2998 15.0919
8 13.2084 15.064
488 13.1074 15.0331
963 13.0052 15.0019
629 12.9616 14.9886
211 12.9221 14.9766
881 12.8794 14.9635
812 12.8382 14.9509
646 12.8209 15.7758
412 12.8034 16.6025
268 12.7866 17.4014
402 12.7775 17.8354
455 12.7686 18.2546
588 12.761 18.6161
741 12.7523 19.028
673 12.7436 19.4425
4 12.7356 19.8209
366 12.7356 19.8209
362 12.7356 19.8209
187 12.7356 19.8209
836 12.808 20.1575
682 12.8641 20.4186
61 12.9271 20.7123
674 13.3914 22.8725
486 14.3956 27.5439
902 14.3956 27.5439
254 14.3956 27.5439
258 14.3818 27.5743
133 14.3691 27.6025
121 14.358 27.627
641 14.3474 27.6502
572 14.3363 27.6747
348 14.3262 27.6969
74 14.0114 28.3911
899 13.7629 28.9393
661 13.4489 29.6317
514 13.0631 30.4826
474 12.7988 31.0654
794 12.3094 32.1445
898 11.8239 33.2154
710 11.7893 33.3722
10 11.7537 33.5333
331 11.7201 33.6857
299 11.5275 34.5587
86 11.2765 35.6967
87 10.9465 37.1929
985 10.6009 38.7596
125 10.2295 40.4436
123 9.79011 42.4357
771 9.31565 44.5868
122 8.82429 46.8147
312 8.82431 46.8146
212 8.82433 46.8146
797 8.82435 46.8146
958 8.82436 46.8146
476 8.82438 46.8146
174 8.8244 46.8146
841 8.82441 46.8146
463 8.82443 46.8146
330 8.82444 46.8146
328 8.82446 46.8146
116 8.82448 46.8146
352 8.8245 46.8146
182 8.82452 46.8146
423 8.82454 46.8146
128 8.82455 46.8146
373 8.82457 46.8146
384 8.82459 46.8146
805 8.82461 46.8146
863 8.82463 46.8146
858 8.82465 46.8146
936 8.82467 46.8146
283 8.82469 46.8146
336 8.8247 46.8146
700 8.82472 46.8146
731 8.82474 46.8146
228 8.82476 46.8146
46 8.82478 46.8146
534 8.8248 46.8146
770 8.82481 46.8145
758 8.82483 46.8145
616 8.82485 46.8145
499 8.82486 46.8145
909 8.82488 46.8145
100 8.8249 46.8145
303 8.82491 46.8145
57 8.82493 46.8145
154 8.82495 46.8145
652 8.82497 46.8145
341 8.82499 46.8145
542 8.825 46.8145
157 8.82502 46.8145
47 8.82504 46.8145
222 8.82506 46.8145
489 8.82507 46.8145
925 8.82509 46.8145
527 9.01685 46.7815
505 9.20962 46.7483
749 9.41044 46.7137
218 9.6172 46.6781
849 9.82717 46.6419
708 11.1955 46.4063
949 13.7997 45.958
663 17.0966 45.3905
549 20.1574 44.8637
11 20.1574 44.8637
543 20.1574 44.8637
65 20.1574 44.8637
32 20.1574 44.8637
279 20.1574 44.8637
142 20.1574 44.8637
78 20.1574 44.8637
403 20.1574 44.8637
829 20.1574 44.8637
37 20.3823 45.1095
990 20.5786 45.3239
205 20.816 45.5833
612 21.1171 45.9123
496 21.5071 46.3384
391 21.9148 46.7839
148 22.2846 47.1879
691 22.7207 47.6643
938 23.072 48.0481
422 23.411 48.4185
908 23.7111 48.7464
475 24.0156 49.0791
698 24.3397 49.4332
664 24.6722 49.7965
723 25.0923 50.2554
891 25.6069 50.8177
688 25.9911 51.2374
876 26.3596 51.64
525 26.6909 52.002
778 27.0664 52.4123
438 27.3963 52.7727
147 27.8475 53.2657
370 28.2717 53.7291
913 28.3733 53.8402
269 28.4897 53.9673
922 28.6137 54.1028
809 28.7255 54.2249
545 28.8194 54.3276
127 28.9295 54.4478
89 29.0171 54.5435
461 29.1083 54.6432
59 28.8 55.3924
839 28.5258 56.0588
633 28.2546 56.7181
735 27.9516 57.4543
645 27.6801 58.1141
596 27.4232 58.7386
390 27.2871 59.0692
267 27.1648 59.3664
507 27.0335 59.6856
34 26.9046 59.9989
493 26.782 60.2968
956 26.6511 60.6149
291 26.5162 60.9426
79 26.3692 61.3
21 26.2173 61.6692
308 26.08 62.0027
266 25.9413 62.34
705 25.8552 62.549
965 25.7542 62.7946
104 25.6641 63.0135
233 25.54 63.315
729 25.4027 63.6487
451 25.2623 63.9899
720 25.1181 64.3403
599 24.9802 64.6755
981 24.8425 65.0102
957 24.6944 65.3702
382 24.5355 65.7564
897 24.3673 66.165
349 24.1967 66.5797
846 24.0244 66.9983
903 23.8546 67.411
901 23.681 67.833
788 23.4796 68.3223
591 23.2243 68.9429
501 22.9703 69.5601
560 22.6818 70.2612
327 22.6818 70.2612
537 22.6818 70.2612
658 22.6818 70.2612
927 22.6818 70.2612
526 22.6818 70.2612
429 22.6818 70.2612
124 22.6818 70.2612
872 22.6818 70.2612
326 22.6464 70.1998
454 22.6132 70.1422
604 22.5764 70.0782
971 22.5368 70.0097
946 22.5033 69.9515
339 22.467 69.8885
482 22.4249 69.8156
400 22.3902 69.7552
329 22.3542 69.6928
924 22.3234 69.6394
587 22.293 69.5866
635 22.2642 69.5368
578 22.235 69.486
701 22.1984 69.4227
789 22.1649 69.3644
950 22.1299 69.3037
600 22.095 69.2433
726 22.0613 69.1847
571 22.0273 69.1257
730 21.9942 69.0683
825 21.9591 69.0075
275 21.9218 68.9428
431 21.89 68.8875
443 21.8303 68.784
99 21.7678 68.6757
500 21.7068 68.5697
697 21.6534 68.4772
333 21.5787 68.3475
411 21.4875 68.1893
487 21.4148 68.0632
479 21.3338 67.9227
888 21.2529 67.7823
550 21.1677 67.6345
574 20.6096 66.6664
324 19.5979 64.9113
196 19.5979 64.9113
589 19.5979 64.9113
601 19.5979 64.9113
772 19.5979 64.9113
132 19.5979 64.9113
756 19.5979 64.9113
640 19.0228 64.8765
733 17.6491 64.7934
119 14.5989 64.6088
686 12.2384 64.4659
234 11.3991 64.4151
214 10.7925 64.3784
972 10.7649 64.3767
747 10.7369 64.375
739 10.7103 64.3734
764 10.6816 64.3717
524 10.6525 64.3699
680 10.62 64.368
166 10.5816 64.3656
531 10.4905 64.8516
565 10.3952 65.3597
760 10.276 65.9955
207 10.1405 66.7183
277 10.1186 66.8351
427 10.0968 66.9513
381 10.0755 67.065
657 10.0544 67.1772
556 10.0352 67.28
703 10.0192 67.365
398 9.99985 67.4684
338 9.98022 67.5731
939 9.96143 67.6734
376 9.94228 67.7755
966 9.9214 67.8868
799 9.9025 67.9877
677 9.88455 68.0834
551 9.85549 68.2384
694 9.83302 68.3583
255 9.81247 68.4679
630 9.7915 68.5797
517 9.76878 68.7009
371 9.74733 68.8154
130 9.72666 68.9256
131 9.70348 69.0492
445 9.67672 69.192
667 9.65222 69.3227
991 9.62908 69.446
114 9.61007 69.5475
639 9.58643 69.6736
192 9.56709 69.7767
970 9.54484 69.8954
552 9.52146 70.0201
796 9.47356 70.2756
220 9.43221 70.4961
374 9.39183 70.7116
272 9.35535 70.9061
728 9.31221 71.1362
554 9.27296 71.3456
224 9.27296 71.3456
955 9.27296 71.3456
347 9.27296 71.3456
879 9.27802 71.5427
219 9.28327 71.7471
298 9.28886 71.9647
77 9.2938 72.1572
14 9.29923 72.3689
607 9.30476 72.584
784 9.30997 72.7872
717 9.31634 73.0352
734 9.32288 73.2898
860 9.33009 73.5705
97 9.33648 73.8192
162 9.3433 74.0849
948 9.3502 74.3535
503 9.35721 74.6263
665 9.36414 74.8962
502 9.37127 75.174
3 9.37867 75.4618
81 9.38897 75.8626
568 9.50724 80.4323
495 9.50934 80.5141
399 9.51118 80.5858
113 9.51281 80.6493
346 9.51475 80.725
436 9.51687 80.8072
361 9.51878 80.8817
247 9.52118 80.9751
608 9.52308 81.0494
168 9.52733 81.2242
95 9.53205 81.4185
546 9.53618 81.5886
184 9.54039 81.7619
457 9.54459 81.9351
892 9.54933 82.13
890 9.55371 82.3104
88 9.55857 82.5106
178 9.56321 82.7014
304 9.56831 82.9118
75 9.57218 83.0711
90 9.57639 83.2443
444 9.58088 83.4291
321 9.58502 83.5995
433 9.58949 83.7835
240 9.59435 83.9836
48 9.59924 84.1853
169 9.60403 84.3825
203 9.6086 84.5705
615 9.61334 84.7656
815 9.6185 84.9783
570 9.62315 85.1694
401 9.62832 85.3823
325 9.63321 85.5838
719 9.63841 85.7979
364 9.64377 86.0185
678 9.64893 86.231
953 9.65362 86.4243
969 9.65835 86.6187
637 9.66288 86.8055
868 9.66767 87.0025
138 9.67177 87.1715
585 9.67557 87.3279
31 9.6789 87.4649
830 9.68286 87.6279
380 9.68971 87.91
557 9.6941 88.0907
750 9.69891 88.2887
718 9.70089 88.3703
711 9.70328 88.4687
236 9.70547 88.559
200 9.70756 88.6451
1 9.70945 88.7228
199 9.71147 88.806
153 9.71346 88.888
914 9.71566 88.9786
13 9.71793 89.0721
386 9.71995 89.1552
106 9.72206 89.2422
988 9.72409 89.3257
446 9.73686 89.3247
982 9.74869 89.3239
780 9.75988 89.323
300 9.76883 89.3224
39 9.7787 89.3217
803 9.78971 89.3208
405 9.80028 89.3201
263 9.81121 89.3193
944 9.82243 89.3184
759 9.83468 89.3175
699 9.84707 89.3166
792 9.85786 89.3158
426 9.86923 89.315
628 9.88065 89.3142
905 9.89143 89.3134
213 9.90112 89.3126
547 10.1665 89.2931
736 10.4496 89.2723
108 10.7363 89.2512
301 11.0248 89.2299
435 11.318 89.2083
447 11.6879 89.1811
693 12.0804 89.1522
316 12.5002 89.1213
753 12.9391 89.089
249 13.3206 89.0609
827 13.6608 89.0359
593 18.0934 88.7102
954 22.0404 88.42
120 22.1453 88.4123
973 22.2372 88.4055
871 22.3504 88.3972
441 22.4685 88.3885
16 22.589 88.3796
244 22.6909 88.3721
886 22.7999 88.3641
424 22.9068 88.3562
442 23.0062 88.3489
776 23.122 88.3404
368 23.2588 88.3303
773 23.3989 88.32
418 23.5138 88.3115
306 23.6252 88.3033
695 23.7392 88.295
223 23.8669 88.2856
17 23.9115 88.2823
761 23.9647 88.2784
521 24.016 88.2746
20 24.0728 88.2704
93 24.0728 88.2704
253 24.0728 88.2704
15 24.0728 88.2704
360 24.0728 88.2704
469 24.0728 88.2704
288 24.0728 88.2704
757 24.0728 88.2704
115 24.0728 88.2704
833 24.0728 88.2704
786 24.0728 88.2704
611 24.0728 88.2704
712 24.0729 88.2704
409 24.0729 88.2704
428 24.0729 88.2704
36 24.0729 88.2704
150 24.0729 88.2704
696 24.0729 88.2704
631 24.0729 88.2704
430 24.0729 88.2704
768 24.0729 88.2704
456 24.0729 88.2704
183 24.0729 88.2704
227 24.0729 88.2704
490 24.1242 88.266
462 24.1698 88.262
933 24.221 88.2576
610 24.2756 88.2529
50 24.3241 88.2487
58 24.3745 88.2443
44 24.4271 88.2398
885 24.4804 88.2352
271 24.5347 88.2305
916 24.5767 88.2268
28 24.6279 88.2224
859 24.676 88.2182
167 24.7258 88.2139
73 24.7731 88.2098
76 24.818 88.2059
714 24.8624 88.2021
296 25.3691 88.1583
41 25.8843 88.1137
491 26.4269 88.0668
795 29.1653 87.8295
226 32.6583 87.5268
651 32.6583 87.5268
141 32.6583 87.5268
2 32.6583 87.5268
146 32.6583 87.5268
96 32.6583 87.5268
392 32.6583 87.5268
230 32.6583 87.5268
470 32.6583 87.5268
256 32.6583 87.5268
638 32.6583 87.5268
60 32.6583 87.5268
662 32.6583 87.5268
689 32.6583 87.5268
649 32.8434 87.5448
252 33.0369 87.5636
960 33.2361 87.583
877 34.5356 87.7095
974 35.7085 87.8236
840 35.9187 87.844
918 36.118 87.8634
672 36.3471 87.8857
305 36.6183 87.9121
394 36.8171 87.9314
129 37.0207 87.9512
548 37.2139 87.97
448 37.4142 87.9895
181 37.6134 88.0089
808 37.7954 88.0266
241 38.0092 88.0474
766 38.2241 88.0683
738 38.4117 88.0866
752 38.6037 88.1052
569 38.8126 88.1256
826 39.0153 88.1453
139 39.0153 88.1453
215 39.227 88.1483
172 39.4296 88.1512
763 39.6471 88.1543
265 39.8378 88.157
92 40.055 88.16
189 40.3105 88.1637
449 40.5843 88.1675
5 40.8557 88.1714
874 40.8765 88.1717
642 40.8951 88.172
231 40.9135 88.1722
72 40.935 88.1725
559 40.9584 88.1729
53 40.9792 88.1732
516 41.0009 88.1735
940 41.0201 88.1737
659 41.0393 88.174
156 41.0597 88.1743
613 41.0777 88.1746
309 41.0969 88.1748
22 41.116 88.1751
539 41.136 88.1754
389 41.1555 88.1757
270 41.1722 88.1759
919 41.3622 88.1786
707 41.5776 88.1816
806 41.8043 88.1849
861 42.5315 88.1952
105 42.9778 88.2015
292 43.3384 88.2066
437 43.7512 88.2125
866 44.1939 88.2188
206 44.6342 88.225
375 45.0973 88.2316
82 45.5668 88.2382
961 46.0491 88.2451
896 46.4179 88.2503
140 46.6824 88.2541
636 46.9387 88.2577
880 47.2055 88.2615
245 47.4468 88.2649
165 47.6687 88.2681
248 47.9074 88.2715
561 48.1588 88.275
40 48.4748 88.2795
947 48.7455 88.2833
882 49.0025 88.287
343 49.187 88.1702
313 49.3816 88.047
541 49.5562 87.9364
239 49.7789 87.7954
416 50.0208 87.6423
851 50.2994 87.4659
532 50.544 87.3111
511 50.9139 87.0768
12 51.4352 86.7468
294 51.8616 86.4769
857 52.4695 86.092
229 52.7806 86.2501
713 53.0457 86.3849
562 53.3296 86.5292
415 53.8862 86.8121
746 54.427 87.087
118 55.015 87.3858
567 55.5783 87.6721
816 56.0499 87.9118
23 56.5084 88.1449
584 56.517 88.1449
856 56.5257 88.1449
952 56.5345 88.1449
754 56.5434 88.145
434 56.5518 88.145
984 56.561 88.145
911 56.5694 88.145
624 56.5779 88.145
814 56.5868 88.145
980 56.5961 88.1451
408 56.6051 88.1451
367 56.6144 88.1451
530 56.6237 88.1451
177 56.6334 88.1451
320 56.6423 88.1451
737 56.6519 88.1452
817 56.6619 88.1452
42 56.6713 88.1452
622 56.6805 88.1452
464 56.6892 88.1452
690 56.6978 88.1452
575 56.7069 88.1453
145 56.7158 88.1453
202 56.7238 88.1453
344 56.732 88.1453
992 57.1853 88.1463
774 57.5541 88.1472
618 57.9774 88.1481
62 58.4272 88.1492
259 58.9275 88.1503
536 59.4383 88.1514
335 60.2103 88.1532
378 61.1145 88.1552
395 61.9649 88.1572
297 62.8283 88.1591
158 63.6648 88.161
353 64.297 88.1624
864 64.8001 88.1636
887 65.0514 88.1642
369 65.3948 88.1649
931 65.8887 88.1661
185 66.4173 88.1673
742 67.068 88.1687
71 67.4969 88.1697
481 67.8919 88.1706
823 68.2784 88.1715
620 68.6794 88.1724
494 69.1303 88.1734
83 69.4816 88.1742
937 69.8344 88.175
159 70.1965 88.1758
251 70.492 88.1765
273 70.7933 88.1772
477 71.1442 88.178
52 71.553 88.1789
666 72.0084 88.1799
845 72.4204 88.1809
465 72.8592 88.1819
285 73.3091 88.1829
544 73.7747 88.184
149 74.334 88.1852
580 75.5345 88.1879
983 78.6282 88.1949
775 78.6282 88.1949
318 78.6282 88.1949
854 78.957 88.1796
820 79.3034 88.1635
893 79.647 88.1475
135 79.9943 88.1313
813 80.7352 88.0968
928 81.5065 88.0608
725 82.1987 87.3641
473 82.8923 86.6659
322 83.5565 85.9974
685 84.2715 85.2777
889 84.8331 84.7125
648 85.3943 84.1476
372 86.01 83.5278
25 85.809 83.367
528 85.5782 83.1824
311 85.4006 83.0403
660 85.2185 82.8946
204 85.0318 82.7453
450 84.8544 82.6034
740 81.4481 80.6565
417 78.0377 78.7075
332 74.967 76.9525
393 70.8549 74.6026
900 70.0149 74.1225
238 69.1616 73.6347
383 69.0219 73.5549
152 68.8138 73.4359
801 68.6125 73.3208
315 68.4102 73.2052
9 68.2824 73.1321
818 68.2073 73.0892
727 68.1141 73.036
385 68.0292 72.9874
579 67.9265 72.9287
744 67.8183 72.8668
51 67.706 72.8027
173 67.5886 72.7356
847 67.4822 72.6748
904 67.3824 72.6177
650 67.2801 72.5592
837 67.1847 72.5047
478 67.0725 72.4405
671 66.9809 72.3882
509 66.8896 72.336
67 66.7981 72.2837
290 66.7102 72.2334
420 66.6111 72.1768
668 64.9013 72.173
964 63.4666 72.1697
975 63.2334 72.1692
595 62.6417 72.1678
867 62.0376 72.1664
962 61.3164 72.1647
18 60.2207 72.1622
460 58.9377 72.1593
317 57.5861 72.1562
523 52.1214 72.1441
976 51.1499 72.1419
163 50.6717 72.1408
564 50.4886 72.1403
755 50.3135 72.1399
179 50.1493 72.1396
406 49.9689 72.1391
280 49.5756 72.1272
802 49.1384 72.1139
319 48.7001 72.1006
432 48.6504 72.0785
724 48.5909 72.052
921 48.5453 72.0318
193 48.4942 72.0091
779 48.441 71.9854
807 48.3929 71.964
782 48.2678 71.7865
676 48.1159 71.5709
910 47.9947 71.3989
80 47.8887 71.2486
350 47.7902 71.1088
126 47.6937 70.9717
91 47.5721 70.7992
617 47.4439 70.6172
404 47.3257 70.4495
563 47.229 70.3123
800 47.1231 70.162
895 46.998 69.9844
614 46.8551 69.7817
144 46.5184 69.3038
134 46.1835 68.8286
769 45.8649 68.3764
264 45.3694 67.6731
855 45.0115 67.1652
453 44.6183 66.6072
30 44.1592 65.9557
175 43.8556 65.5248
137 43.5512 65.0928
912 43.5512 65.0928
359 43.5512 65.0928
632 43.5512 65.0928
715 43.5515 65.0747
484 43.5517 65.0582
235 43.552 65.0406
894 43.5523 65.023
765 43.5526 65.0039
513 43.5528 64.9885
540 43.5531 64.9702
459 43.5535 64.9493
410 43.5538 64.9303
225 43.5541 64.9123
365 43.5544 64.8926
878 43.5547 64.8742
683 43.555 64.8544
929 43.5553 64.8335
161 44.4077 64.6191
84 45.0189 64.4654
54 45.4559 64.3555
471 46.0053 64.2174
186 46.6334 64.0594
798 46.8737 63.999
35 47.1176 63.9376
281 47.2936 63.8933
923 47.4866 63.8448
576 47.6676 63.7993
625 47.898 63.7413
793 48.091 63.6928
282 48.2673 63.6485
216 48.4393 63.6052
188 48.6203 63.5597
621 48.7686 63.5224
85 48.9391 63.4795
597 49.0275 63.4573
732 49.1159 63.435
56 49.2095 63.4115
171 49.3492 63.3764
804 49.5742 63.3198
533 49.8142 63.2594
498 51.8599 62.745
623 54.1038 62.1807
340 54.5099 62.4191
987 54.7774 62.5762
762 54.9144 62.6566
440 55.0489 62.7356
519 55.1706 62.8071
743 55.3204 62.895
112 55.4784 62.9878
101 55.6086 63.0642
986 55.7854 63.168
485 55.9509 63.2652
109 56.1176 63.3631
208 56.2731 63.4544
558 56.4112 63.5355
396 56.5793 63.6342
577 56.7607 63.7407
968 56.9566 63.8557
791 57.1477 63.9679
293 57.3507 64.0871
582 57.5635 64.212
832 57.7627 64.329
515 57.7627 64.329
94 57.7627 64.329
810 58.5498 63.9272
647 59.3092 63.5395
468 59.973 63.2007
605 60.8123 62.7722
117 61.8828 62.2257
656 61.8828 62.2257
68 61.8828 62.2257
102 61.8828 62.2257
767 61.8828 62.2257
942 61.8828 62.2257
190 61.8828 62.2257
907 61.8828 62.2257
538 61.8828 62.2257
286 61.8828 62.2257
654 61.8828 62.2257
201 65.5911 59.3528
852 67.1214 58.1676
926 68.5947 57.0265
143 69.9102 56.0076
232 71.0957 55.0894
850 71.3641 54.8815
70 71.6297 54.6758
110 71.9079 54.4603
553 72.2949 54.1606
609 72.6772 53.8645
583 72.6772 53.8645
670 72.6772 53.8645
920 72.6772 53.8645
29 72.6772 53.8645
932 72.6772 53.8645
334 72.6772 53.8645
941 72.6772 53.8645
644 72.6772 53.8645
466 75.7113 53.0787
198 78.1372 52.4502
242 79.9266 51.9867
506 81.4955 51.5803
684 82.611 51.2913
170 83.7079 51.0072
107 84.6003 50.776
977 85.3608 50.579
497 86.2853 50.3395
592 86.2847 48.7094
195 86.2841 47.2616
136 86.2835 45.7982
745 86.2829 44.2961
274 86.2829 44.2839
425 86.2828 44.273
387 86.2828 44.2617
967 86.2828 44.1317
951 86.2826 43.7901
884 86.2824 43.4234
838 86.2821 42.8759
33 86.2802 39.4782
590 86.2788 36.9405
520 86.2776 34.6311
835 86.2763 32.2136
98 86.2741 28.2209
345 86.2714 23.0528
979 86.2695 19.5521
627 86.2691 18.8405
243 86.2687 18.1398
483 86.2684 17.5916
260 86.2684 17.5916
