0,260,627,345,243,979,483,98,590,835,33,520,745,506,951,242,932,107,170,838,497,583,425,198,941,850,684,926,232,656,884,977,334,387,195,920,609,466,29,136,274,592,553,143,842,117,670,967,70,383,35,650,208,767,190,152,110,538,420,102,942,112,440,485,605,201,432,975,315,671,668,51,837,595,460,987,173,68,907,647,293,762,340,515,962,393,579,900,18,832,744,867,478,290,509,67,83,9,468,238,654,84,904,332,727,385,71,847,852,818,528,311,660,473,25,685,450,204,742,372,928,159,322,983,889,864,318,666,775,845,52,580,725,893,648,158,740,251,820,353,135,823,417,285,813,465,494,620,854,149,992,145,544,481,817,937,378,177,575,774,690,317,297,737,952,12,320,464,931,477,40,259,42,367,800,185,273,406,880,344,984,202,856,584,140,622,434,896,179,193,343,415,746,118,511,814,887,313,408,165,62,239,947,851,980,539,659,395,911,582,861,642,530,229,801,567,754,882,23,245,319,536,126,369,782,624,826,280,532,895,618,636,755,559,713,940,516,961,562,807,335,248,816,564,375,541,5,206,649,752,437,105,874,428,82,265,707,309,156,146,270,2,294,271,766,172,548,569,53,877,96,139,763,256,918,150,120,672,389,613,394,241,614,305,738,230,561,231,866,181,72,840,129,448,974,808,960,92,215,806,449,189,416,292,22,919,768,288,360,141,424,470,833,73,954,44,593,872,491,521,610,557,776,28,859,757,253,441,296,41,16,871,651,17,456,638,392,761,58,430,885,786,115,368,249,795,15,442,695,773,631,76,244,462,696,712,36,933,916,50,60,469,714,418,167,13,227,490,431,886,973,306,409,611,20,753,183,615,436,90,890,236,199,304,31,39,138,585,301,380,1,200,426,405,263,247,568,628,316,386,759,153,495,446,300,780,914,93,447,75,892,711,108,736,203,546,750,803,792,988,95,953,699,719,868,240,435,693,827,399,106,982,969,321,169,401,325,364,678,213,830,637,551,944,905,444,178,554,547,88,815,718,184,433,168,224,726,728,560,400,346,570,955,717,639,277,3,879,338,948,162,607,219,665,552,701,601,48,924,825,361,600,531,503,747,860,119,686,77,502,97,784,14,667,196,347,298,703,427,589,445,796,734,234,799,939,556,657,381,764,255,398,376,966,680,130,371,517,760,694,207,482,81,192,970,457,991,114,272,500,220,374,537,571,339,957,327,275,950,382,689,487,735,965,630,897,729,329,640,604,591,789,946,326,479,524,846,888,720,927,454,333,443,658,587,635,411,99,739,349,981,266,705,730,429,608,223,578,550,724,596,971,132,697,226,662,252,451,34,901,79,507,788,267,124,137,422,59,772,233,645,912,493,756,545,390,903,599,526,501,733,574,510,839,878,359,113,131,403,100,691,797,476,373,148,336,534,303,463,174,908,698,279,505,157,496,749,708,925,218,849,142,391,938,956,122,341,116,771,863,805,128,330,949,858,936,212,731,663,312,222,616,57,841,228,990,527,677,972,565,214,909,47,384,78,423,182,166,46,499,758,489,652,154,542,123,770,958,328,352,133,829,74,898,258,985,4,700,963,794,125,87,10,710,514,572,205,121,331,402,268,86,943,283,299,65,221,836,602,902,722,187,812,412,362,881,588,455,488,682,661,741,61,8,674,673,211,254,629,646,348,641,702,626,899,284,474,439,366,363,669,643,246,287,824,709,407,573,64,351,518,379,787,26,883,337,261,278,915,467,191,354,853,289,822,111,934,310,704,834,250,160,586,257,307,653,525,508,664,811,876,566,935,7,848,480,413,11,151,356,194,302,452,529,37,147,679,397,748,687,790,155,778,38,438,655,692,862,723,869,32,486,324,612,237,783,706,619,688,543,89,603,475,414,913,269,633,891,989,549,388,917,535,49,929,30,21,171,308,404,175,676,743,291,410,533,54,235,104,540,558,350,144,459,921,365,563,857,523,109,802,986,513,968,976,894,484,163,683,715,617,632,779,453,621,94,56,225,910,91,809,471,134,370,732,855,80,576,765,769,791,964,810,216,161,577,804,101,396,264,623,186,282,625,923,286,798,922,793,597,210,522,461,197,843,519,188,69,472,492,512,85,276,180,281,262,498,127,945,844,644,421,606,875,377,43,217,357,870,63,906,828,978,358,66,19,634,751,785,342,323,45,675,55,865,6,27,681,716,355,831,930,458,314,594,555,819,164,209,873,821,777,419,24,781,504,295,176,581,721,598,959,103,
value : 417.554 running time : 660.569271
0 80 20
260 86.2684 17.5916
627 86.2684 17.5916
345 86.2684 17.5916
243 86.2684 17.5916
979 86.2684 17.5916
483 86.2684 17.5916
98 86.2857 27.4824
590 86.2923 31.2235
835 86.2974 34.1373
33 86.3006 35.9696
520 86.3045 38.1604
745 86.3088 40.6293
506 86.3218 47.9988
951 86.3224 48.3446
242 86.323 48.7017
932 86.3235 49.0237
107 86.3241 49.3555
170 86.3247 49.6734
838 86.3252 49.9746
497 86.3258 50.2875
583 82.5323 51.2207
425 81.7465 51.414
198 81.0233 51.5919
941 80.1571 51.8049
850 79.6056 51.9406
684 79.141 52.0549
926 78.5314 52.2049
232 78.3601 52.247
656 78.3601 52.247
884 78.3601 52.247
977 78.3601 52.247
334 78.3601 52.247
387 78.3601 52.247
195 78.3601 52.247
920 78.3601 52.247
609 78.3601 52.247
466 78.3601 52.247
29 78.3601 52.247
136 78.3601 52.247
274 78.3601 52.247
592 77.405 53.1815
553 76.2014 54.3593
143 75.0844 55.4524
842 74.2109 56.3072
117 73.7147 56.7928
670 73.7147 56.7928
967 72.7987 57.9396
70 71.4231 59.6618
383 69.3919 62.205
35 66.6588 65.6266
650 66.6142 65.7044
208 66.5698 65.782
767 66.5283 65.8543
190 66.4796 65.9392
152 66.4251 66.0345
110 66.3729 66.1255
538 66.3223 66.2138
420 66.2719 66.3017
102 66.2202 66.392
942 66.1576 66.5011
112 66.0827 66.6319
440 66.0291 66.7253
485 65.9801 66.8109
605 65.915 66.9244
201 65.8623 67.0164
432 65.7899 67.1426
975 65.7493 67.2135
315 65.6982 67.3027
671 65.658 67.3729
668 65.6556 67.377
51 65.6531 67.3814
837 65.6506 67.3857
595 65.6482 67.3899
460 65.6453 67.395
987 65.6428 67.3993
173 65.6406 67.4031
68 65.6385 67.4068
907 65.6362 67.4108
647 65.6337 67.4151
293 65.6313 67.4194
762 65.6284 67.4244
340 65.6258 67.4289
515 65.6233 67.4333
962 65.6209 67.4375
393 65.6184 67.4419
579 65.6159 67.4462
900 65.6133 67.4507
18 65.6102 67.4561
832 65.6102 67.4561
744 65.6102 67.4561
867 65.6102 67.4561
478 65.6102 67.4561
290 65.6102 67.4561
509 65.6102 67.4561
67 65.6102 67.4561
83 65.6102 67.4561
9 65.6102 67.4561
468 65.6102 67.4561
238 65.6102 67.4561
654 65.6102 67.4561
84 65.6102 67.4561
904 67.955 69.3063
332 70.286 71.1457
727 70.7751 71.5317
385 71.3104 71.9542
71 71.7849 72.3287
847 72.2133 72.6668
852 73.9207 74.0143
818 76.7514 76.2478
528 79.5807 78.4804
311 82.3298 80.6496
660 83.5788 81.6353
473 83.753 81.7728
25 83.9208 81.9052
685 84.0387 81.9983
450 84.1424 82.08
204 84.6697 82.5007
742 85.2255 82.9439
372 86.0126 83.5716
928 81.6766 87.9868
159 81.3001 87.9906
322 80.9627 87.9939
983 80.6176 87.9973
889 80.1642 88.0018
864 79.0296 88.0133
318 77.771 88.0259
666 77.2183 88.0313
775 76.6739 88.0367
845 76.1748 88.0416
52 75.7272 88.046
580 75.7272 88.046
725 75.7272 88.046
893 75.7272 88.046
648 75.7272 88.046
158 75.7272 88.046
740 75.7272 88.046
251 75.7272 88.046
820 75.7272 88.046
353 75.7272 88.046
135 75.7272 88.046
823 74.923 88.046
417 74.2093 88.0461
285 73.4491 88.0462
813 72.7353 88.0462
465 72.0141 88.0463
494 71.3279 88.0463
620 70.551 88.0464
854 69.8746 88.0464
149 69.1471 88.0465
992 68.409 88.0465
145 67.764 88.0466
544 67.1038 88.0467
481 66.4437 88.0467
817 65.7313 88.0468
937 65.0534 88.0468
378 64.2961 88.0469
177 63.5552 88.0469
575 62.8289 88.047
774 62.1261 88.047
690 61.7608 88.047
317 61.4177 88.0471
297 61.0582 88.0471
737 60.6502 88.0472
952 60.2548 88.0472
12 59.9019 88.0473
320 59.545 88.0473
464 59.322 88.0473
931 59.0647 88.0474
477 58.7914 88.0474
40 58.4918 88.0474
259 58.224 88.0475
42 57.9745 88.0475
367 57.6776 88.0475
800 57.4101 88.0476
185 57.1947 88.0476
273 56.9587 88.0476
406 56.6818 88.0476
880 56.446 88.0477
344 56.2272 88.0477
984 56.1385 88.018
202 56.0449 87.9867
856 55.9537 87.9561
584 55.8566 87.9237
140 55.7518 87.8886
622 55.6647 87.8594
434 55.5618 87.825
896 55.3828 87.7651
179 55.1908 87.7009
193 55.0072 87.6395
343 54.8736 87.5949
415 54.7507 87.5537
746 54.6246 87.5116
118 54.5008 87.4701
511 54.3649 87.4247
814 54.222 87.3769
887 54.1009 87.3364
313 53.9731 87.2936
408 53.8337 87.247
165 53.7005 87.2025
62 53.7005 87.2025
239 53.7005 87.2025
947 53.7005 87.2025
851 53.7005 87.2025
980 53.7005 87.2025
539 53.7005 87.2025
659 53.7005 87.2025
395 53.7005 87.2025
911 53.7005 87.2025
582 52.9494 86.5161
861 52.6966 86.6824
642 52.4506 86.8442
530 52.2212 86.9951
229 52.0247 87.1244
801 51.7903 87.2786
567 51.434 87.513
754 50.9112 87.857
882 50.3845 88.2035
23 50.1759 88.3407
245 50.0648 88.3423
319 49.9499 88.3439
536 49.8471 88.3454
126 49.7464 88.3468
369 49.6499 88.3481
782 49.5394 88.3497
624 49.4194 88.3514
826 49.287 88.3533
280 49.1672 88.355
532 49.0405 88.3568
895 48.9139 88.3585
618 48.7923 88.3603
636 48.6555 88.3622
755 48.5188 88.3641
559 48.3973 88.3659
713 48.2784 88.3675
940 48.1623 88.3692
516 48.0415 88.3709
961 47.9152 88.3727
562 47.785 88.3745
807 47.661 88.3763
335 47.5593 88.3777
248 47.4291 88.3795
816 47.316 88.3811
564 46.4917 88.3928
375 45.7526 88.4033
541 45.0305 88.4135
5 44.0761 88.427
206 43.0638 88.4413
649 42.0594 88.4555
752 41.1647 88.4682
437 41.0167 88.4703
105 40.8735 88.4723
874 40.663 88.4753
428 40.4119 88.4789
82 40.2626 88.481
265 40.0868 88.4835
707 39.9225 88.4858
309 39.7732 88.4879
156 39.6251 88.49
146 39.4357 88.4927
270 39.2641 88.4951
2 39.104 88.4974
294 38.9652 88.4993
271 38.8085 88.5016
766 38.6658 88.5036
172 38.5043 88.5059
548 38.3502 88.508
569 38.2019 88.5101
53 38.0474 88.5123
877 37.884 88.5146
96 37.7175 88.517
139 37.5769 88.519
763 37.4399 88.5209
256 37.2715 88.5233
918 37.1081 88.5256
150 36.9557 88.5278
120 36.811 88.5298
672 36.6765 88.5317
389 36.5543 88.5335
613 36.4048 88.5356
394 36.2646 88.5376
241 36.1221 88.5396
614 35.9804 88.5416
305 35.845 88.5435
738 35.6713 88.546
230 35.5048 88.5483
561 35.3482 88.5505
231 35.1796 88.5529
866 35.0321 88.555
181 34.8164 88.5581
72 34.5898 88.5613
840 34.376 88.5643
129 34.1557 88.5674
448 33.9217 88.5707
974 33.6797 88.5742
808 33.369 88.5786
960 33.0792 88.5827
92 32.82 88.5864
215 32.5721 88.5899
806 32.2488 88.5944
449 31.9555 88.5986
189 31.5354 88.6045
416 31.1015 88.6107
292 30.5755 88.6181
22 29.9597 88.6269
919 29.2601 88.6368
768 28.5047 88.6475
288 28.2533 88.6511
360 28.0237 88.6543
141 27.8569 88.6567
424 27.6587 88.6595
470 27.485 88.662
833 27.2706 88.665
73 27.0874 88.6676
954 26.8931 88.6704
44 26.6854 88.6733
593 26.4889 88.6761
872 26.3165 88.6785
491 25.923 88.6841
521 25.5903 88.6888
610 25.2759 88.6933
557 24.9253 88.6982
776 24.8916 88.6987
28 24.8623 88.6991
859 24.8292 88.6996
757 24.796 88.7001
253 24.7633 88.7005
441 24.7273 88.701
296 24.6957 88.7015
41 24.6599 88.702
16 24.6246 88.7025
871 24.5886 88.703
651 24.5536 88.7035
17 24.5177 88.704
456 24.4877 88.7044
638 24.4598 88.7048
392 24.4277 88.7053
761 24.3866 88.7059
58 24.347 88.7064
430 24.3133 88.7069
885 24.2778 88.7074
786 24.2434 88.7079
115 24.2017 88.7085
368 24.1668 88.709
249 24.1322 88.7095
795 24.1005 88.71
15 24.0584 88.7106
442 24.0205 88.7111
695 23.9894 88.7115
773 23.961 88.7119
631 23.9262 88.7124
76 23.8892 88.713
244 23.848 88.7135
462 23.8122 88.714
696 23.7806 88.7145
712 23.7447 88.715
36 23.712 88.7155
933 23.6745 88.716
916 23.6395 88.7165
50 23.6083 88.7169
60 23.5781 88.7174
469 23.5458 88.7178
714 23.5177 88.7182
418 23.4888 88.7186
167 23.459 88.7191
13 23.4253 88.7195
227 23.3947 88.72
490 23.3662 88.7204
431 23.3344 88.7208
886 23.3036 88.7212
973 23.2752 88.7216
306 23.2507 88.722
409 23.2233 88.7224
611 23.1947 88.7228
20 23.161 88.7233
753 19.7273 88.7721
183 15.9173 88.8262
615 12.5889 88.8734
436 10.9822 88.8965
90 9.45274 88.9185
890 9.25436 88.9213
236 9.25436 88.9213
199 9.25436 88.9213
304 9.25436 88.9213
31 9.25436 88.9213
39 9.25436 88.9213
138 9.25436 88.9213
585 9.25436 88.9213
301 9.25436 88.9213
380 9.25436 88.9213
1 9.25436 88.9213
200 9.25436 88.9213
426 9.25436 88.9213
405 9.25436 88.9213
263 9.25436 88.9213
247 9.25436 88.9213
568 9.25436 88.9213
628 9.25436 88.9213
316 9.25436 88.9213
386 9.25436 88.9213
759 9.25436 88.9213
153 9.25436 88.9213
495 9.25436 88.9213
446 9.25436 88.9213
300 9.25436 88.9213
780 9.25436 88.9213
914 9.25436 88.9213
93 9.25436 88.9213
447 9.25436 88.9213
75 9.25436 88.9213
892 9.25436 88.9213
711 9.25436 88.9213
108 9.25436 88.9213
736 9.25436 88.9213
203 9.25436 88.9213
546 9.25436 88.9213
750 9.25436 88.9213
803 9.25436 88.9213
792 9.25436 88.9213
988 9.25436 88.9213
95 9.25554 88.9057
953 9.25662 88.8914
699 9.25774 88.8767
719 9.25881 88.8625
868 9.25981 88.8493
240 9.26098 88.8339
435 9.26191 88.8215
693 9.26301 88.807
827 9.26404 88.7935
399 9.26525 88.7776
106 9.26629 88.7638
982 9.26749 88.748
969 9.26864 88.7329
321 9.26993 88.7159
169 9.27098 88.7019
401 9.27204 88.688
325 9.27313 88.6736
364 9.27412 88.6605
678 9.27515 88.647
213 9.27625 88.6325
830 9.35422 87.5955
637 9.404 86.9313
551 9.45714 86.2227
944 9.50051 85.6438
905 9.54041 85.1112
444 9.58046 84.5766
178 9.62203 84.0218
554 9.66194 83.4892
547 9.69807 83.0068
88 9.73763 82.4789
815 9.77674 81.9567
718 9.8187 81.3968
184 9.86359 80.7981
433 9.9077 80.2095
168 9.95005 79.6445
224 9.9917 79.0886
726 10.0281 78.6023
728 10.062 78.1504
560 10.0957 77.7007
400 10.1315 77.2229
346 10.1643 76.7849
570 10.1962 76.3589
955 10.2316 75.8866
717 10.2713 75.356
639 10.3032 74.9312
277 10.3362 74.4903
3 10.3678 74.0686
879 10.3955 73.6984
338 10.4224 73.3389
948 10.4489 72.9849
162 10.4756 72.6289
607 10.503 72.2632
219 10.5303 71.8988
665 10.5559 71.5564
552 10.5807 71.2251
701 10.6027 70.9323
601 10.6257 70.6243
48 10.6266 70.6122
924 10.6385 70.455
825 10.6488 70.3175
361 10.6603 70.1648
600 10.6719 70.011
531 10.684 69.8502
503 10.684 69.8502
747 10.684 69.8502
860 10.684 69.8502
119 10.684 69.8502
686 10.684 69.8502
77 10.684 69.8502
502 10.684 69.8502
97 10.684 69.8502
784 10.684 69.8502
14 10.684 69.8502
667 10.684 69.8502
196 10.684 69.8502
347 10.684 69.8502
298 10.7176 69.848
703 10.7554 69.8455
427 10.789 69.8433
589 10.8246 69.841
445 10.8563 69.8389
796 10.8939 69.8364
734 10.924 69.8345
234 10.957 69.8323
799 10.9911 69.8301
939 11.0263 69.8278
556 11.0641 69.8253
657 11.1022 69.8228
381 11.139 69.8204
764 11.1839 69.8174
255 11.2188 69.8151
398 11.2612 69.8124
376 11.2961 69.8101
966 11.3308 69.8078
680 11.3769 69.8048
130 11.4175 69.8021
371 11.4499 69.8
517 11.4881 69.7975
760 11.5313 69.7946
694 11.5694 69.7922
207 11.6147 69.7892
482 12.0751 69.759
81 12.4821 69.7324
192 12.8459 69.7085
970 13.2033 69.6851
457 13.5544 69.6621
991 13.9428 69.6366
114 14.6592 69.5897
272 15.3348 69.5454
500 16.0159 69.5008
220 16.7192 69.4547
374 17.3534 69.4132
537 18.605 69.3312
571 19.548 69.2694
339 20.1027 69.233
957 20.7328 69.1917
327 21.0523 69.1708
275 21.3676 69.1501
950 21.6982 69.1285
382 22.0546 69.1051
689 22.3807 69.0837
487 22.4175 69.0813
735 22.4604 69.0785
965 22.5027 69.0758
630 22.5399 69.0733
897 22.5856 69.0703
729 22.6315 69.0673
329 22.6735 69.0646
640 22.7216 69.0614
604 22.7635 69.0587
591 22.8057 69.0559
789 22.8418 69.0536
946 22.8777 69.0512
326 22.9152 69.0488
479 22.9554 69.0461
524 22.9971 69.0434
846 23.0431 69.0404
888 23.087 69.0375
720 23.1311 69.0346
927 23.1721 69.0319
454 23.2146 69.0292
333 23.2525 69.0267
443 23.2906 69.0242
658 23.3321 69.0215
587 23.3741 69.0187
635 23.4129 69.0162
411 23.4512 69.0137
99 23.4924 69.011
739 23.5309 69.0084
349 23.5772 69.0054
981 23.6183 69.0027
266 23.6601 69
705 23.7019 68.9973
730 23.7454 68.9944
429 23.7857 68.9918
608 23.832 68.9887
223 25.5901 68.8736
578 25.8259 68.8582
550 26.435 68.8184
724 27.1496 68.7717
596 27.1348 68.7543
971 27.1189 68.7356
132 27.1046 68.7189
697 27.0933 68.7054
226 27.0814 68.6915
662 26.9891 68.5828
252 26.8858 68.4612
451 26.7493 68.3005
34 26.6348 68.1657
901 26.5298 68.0422
79 26.4238 67.9173
507 26.3219 67.7974
788 26.2254 67.6838
267 26.1276 67.5686
124 26.0339 67.4583
137 25.8276 67.2154
422 25.6095 66.9587
59 25.6095 66.9587
772 25.6095 66.9587
233 25.6095 66.9587
645 25.6095 66.9587
912 25.6095 66.9587
493 25.3714 66.6914
756 25.1206 66.4099
545 24.9018 66.1643
390 24.7777 66.0249
903 24.6407 65.8712
599 24.5007 65.714
526 24.3691 65.5663
501 24.2308 65.4111
733 24.0819 65.2439
574 23.9483 65.0939
510 23.7905 64.9168
839 23.6609 64.7713
878 23.5241 64.6177
359 22.933 63.9542
113 22.0766 62.9928
131 18.4369 58.907
403 15.5872 55.7081
100 15.3028 55.3888
691 15.0484 55.1032
797 14.7574 54.7765
476 14.4722 54.4564
373 14.258 54.2159
148 14.0631 53.9971
336 13.9116 53.827
534 13.7358 53.6297
303 13.571 53.4447
463 13.4045 53.2577
174 13.2585 53.0938
908 13.1104 52.9276
698 12.9481 52.7454
279 12.7792 52.5558
505 12.5961 52.3502
157 12.4142 52.146
496 12.3207 52.041
749 12.2194 51.9274
708 12.1277 51.8244
925 12.0383 51.724
218 11.9433 51.6173
849 11.8503 51.513
142 11.7795 51.4336
391 11.6988 51.343
938 11.6109 51.2443
956 11.5152 51.1368
122 11.3977 51.0049
341 11.411 50.6627
116 11.4234 50.3445
771 11.4369 49.9951
863 11.4492 49.6813
805 11.4595 49.415
128 11.4711 49.1161
330 11.4831 48.8097
949 11.4864 48.7223
858 11.4898 48.6372
936 11.4933 48.5461
212 11.4973 48.4423
731 11.501 48.3485
663 11.5045 48.2574
312 11.5079 48.1699
222 11.5113 48.084
616 11.5149 47.9915
57 11.518 47.9094
841 11.5217 47.8163
228 11.5254 47.7191
990 11.5288 47.6324
527 11.5316 47.5614
677 11.5347 47.4802
972 11.5382 47.3895
565 11.5418 47.2969
214 11.5457 47.1978
909 11.5501 47.0852
47 11.5542 46.9792
384 11.5589 46.8579
78 11.563 46.7529
423 11.5667 46.6564
182 11.5701 46.5702
166 11.5737 46.4777
46 11.6199 45.2866
499 11.656 44.3586
758 11.6696 44.0062
489 11.6851 43.6084
652 11.7022 43.1661
154 11.7192 42.7286
542 11.7364 42.2853
123 11.7573 41.7486
770 11.7775 41.2274
958 11.7978 40.7031
328 11.8167 40.2164
352 11.8368 39.6979
133 11.9605 36.5119
829 12.0339 34.6193
74 12.0937 33.0775
898 12.1307 32.1239
258 12.1933 31.982
985 12.248 31.8579
4 12.3043 31.7301
700 12.3595 31.6049
963 12.4188 31.4703
794 12.4713 31.3512
125 12.5232 31.2334
87 12.5754 31.1148
10 12.6299 30.9913
710 12.6898 30.8553
514 12.7445 30.7311
572 12.8055 30.5927
205 12.8631 30.4619
121 12.9224 30.3274
331 12.9771 30.2032
402 13.0338 30.0747
268 13.083 29.963
86 13.1305 29.8553
943 13.3671 29.3182
283 13.5793 28.8366
299 13.8652 28.1877
65 14.1455 27.5517
221 14.4739 26.8062
836 14.2314 25.3366
602 13.9611 23.6985
902 13.4307 20.4836
722 12.7225 16.19
187 12.7225 16.19
812 13.1032 14.7535
412 13.1555 14.7537
362 13.2087 14.7539
881 13.2639 14.7541
588 13.3182 14.7543
455 13.3697 14.7544
488 13.4841 14.7549
682 13.577 14.7552
661 13.6849 14.7556
741 13.7765 14.7559
61 13.8685 14.7563
8 14.0496 14.7569
674 14.188 14.7574
673 14.342 14.758
211 14.5047 14.7586
254 14.6726 14.7592
629 14.8019 14.7596
646 14.9475 14.7602
348 16.5927 14.7662
641 18.4762 14.773
702 20.3196 14.7797
626 21.9007 14.7855
899 22.4275 14.7874
284 23.0209 14.7895
474 23.5504 14.7915
439 24.2061 14.7939
366 24.827 14.7961
363 25.901 14.8
669 26.6459 14.8027
643 27.3446 14.8053
246 28.1408 14.8082
287 28.9846 14.8112
824 29.5385 14.8133
709 30.3689 14.8163
407 31.2453 14.8195
573 32.0482 14.8224
64 32.7562 14.825
351 33.5765 14.828
518 34.4762 14.8312
379 34.8928 17.697
787 35.05 18.7788
26 35.1476 19.4511
883 35.2467 20.1325
337 35.3493 20.8387
261 35.4595 21.5972
278 35.564 22.3164
915 35.6394 22.8356
467 35.709 23.3149
191 35.7769 23.7817
354 35.8322 24.1629
853 35.8879 24.5459
289 35.921 24.7738
822 35.9539 25
111 35.9873 25.23
934 36.0234 25.4785
310 36.0566 25.7072
704 36.0951 25.9719
834 36.1452 26.3166
250 36.1888 26.6172
160 36.1888 26.6172
586 36.1888 26.6172
257 36.1888 26.6172
307 36.1888 26.6172
653 36.1888 26.6172
525 35.6179 37.9793
508 35.6057 38.2234
664 35.5962 38.4123
811 35.5865 38.605
876 35.576 38.814
566 35.5675 38.9835
935 35.5593 39.1462
7 35.5497 39.3371
848 35.5398 39.5353
480 35.3417 39.6648
413 35.1268 39.8054
11 34.9451 39.9242
151 34.7904 40.0254
356 34.6463 40.1196
194 34.4792 40.2289
302 34.2885 40.3536
452 34.1376 40.4523
529 33.9475 40.5766
37 33.7456 40.7087
147 33.5828 40.8152
679 33.4301 40.915
397 33.264 41.0237
748 33.1204 41.1176
687 32.9828 41.2076
790 32.8498 41.2946
155 32.691 41.3984
778 32.4905 41.5296
38 32.3113 41.6467
438 32.1349 41.7621
655 31.9769 41.8654
692 31.8464 41.9508
862 31.6864 42.0554
723 31.4902 42.1837
869 31.3317 42.2874
32 31.1524 42.4047
486 31.2189 42.59
324 31.8926 44.4687
612 31.8926 44.4687
237 31.9064 44.4902
783 31.9157 44.5047
706 31.9253 44.5195
619 31.9352 44.5349
688 31.9452 44.5505
543 31.9547 44.5652
89 31.9654 44.5818
603 31.9744 44.5958
475 31.9825 44.6083
414 31.9917 44.6226
913 32.0019 44.6384
269 32.0118 44.6538
633 32.0208 44.6678
891 32.0302 44.6824
989 32.0379 44.6943
549 32.045 44.7054
388 32.7225 45.7572
917 33.5521 47.0452
535 34.385 48.3383
49 36.1447 51.0703
929 38.0708 54.0606
30 39.8813 56.8714
21 41.6132 59.5602
171 41.9121 60.0243
308 42.1707 60.4258
404 42.4367 60.8388
175 42.6596 61.1849
676 42.886 61.5363
743 43.1094 61.8832
291 43.311 62.1962
410 43.5224 62.5244
533 43.7221 62.8345
54 43.9503 63.1887
235 44.1965 63.5711
104 44.4082 63.8998
540 44.6632 64.2956
558 44.8402 64.5705
350 45.0355 64.8736
144 45.2017 65.1316
459 45.3507 65.363
921 45.5253 65.6341
365 45.6084 65.7631
563 45.7149 65.9284
857 45.7224 65.9067
523 45.7303 65.8839
109 45.7377 65.8626
802 45.7447 65.8423
986 45.7525 65.8199
513 45.7601 65.7981
968 45.7683 65.7743
976 45.7753 65.7542
894 45.7832 65.7313
484 45.7913 65.7079
163 45.7994 65.6845
683 45.8077 65.6605
715 45.8156 65.6378
617 45.8236 65.6148
632 45.8311 65.5931
779 45.8396 65.5687
453 45.8482 65.5437
621 45.8568 65.5188
94 45.8638 65.4988
56 45.8717 65.476
225 45.8797 65.4528
910 45.8882 65.4285
91 45.8971 65.4026
809 45.9067 65.375
471 45.9158 65.3487
134 45.9237 65.3258
370 45.9334 65.2978
732 45.9416 65.2742
855 45.9493 65.252
80 45.9573 65.229
576 45.9669 65.2013
765 45.9755 65.1764
769 45.9834 65.1537
791 46.2561 64.3677
964 46.5233 63.598
810 46.7742 62.8751
216 46.9912 62.2498
161 47.2113 61.6156
577 47.4284 60.9901
804 47.6345 60.3963
101 47.8561 59.7578
396 48.0764 59.1229
264 48.1674 58.8609
623 48.269 58.5683
186 48.3441 58.352
282 48.4171 58.1414
625 48.4937 57.921
923 48.5688 57.7045
286 48.6445 57.4865
798 48.7159 57.2808
922 48.7883 57.0722
793 49.1525 56.0229
597 49.4977 55.028
210 49.8537 54.0024
522 50.2167 52.9563
461 50.5672 51.9465
197 50.9767 50.7663
843 51.0068 50.6795
519 51.0376 50.5907
188 51.0691 50.5
69 51.1034 50.4012
472 51.1354 50.3091
492 51.1674 50.2169
512 51.1988 50.1262
85 51.2304 50.0351
276 51.2633 49.9405
180 51.2926 49.8561
281 51.3245 49.764
262 51.3619 49.6564
498 51.3956 49.5592
127 51.4325 49.4529
945 52.1811 47.2954
844 52.9989 44.9383
644 53.754 42.7619
421 54.524 40.5428
606 54.524 40.5428
875 54.524 40.5428
377 54.524 40.5428
43 54.524 40.5428
217 54.524 40.5428
357 54.524 40.5428
870 54.524 40.5428
63 54.524 40.5428
906 54.524 40.5428
828 54.524 40.5428
978 54.524 40.5428
358 54.524 40.5428
66 54.524 40.5428
19 54.524 40.5428
634 54.524 40.5428
751 54.524 40.5428
785 54.524 40.5428
342 54.524 40.5428
323 59.1886 34.9203
45 59.2261 34.8077
675 59.2613 34.7019
55 59.2993 34.5879
865 59.3331 34.4862
6 59.3675 34.3827
27 59.397 34.2941
681 59.4262 34.2065
716 59.4554 34.1187
355 59.5621 33.7981
831 59.6719 33.4682
930 59.7591 33.2062
458 59.8577 32.9096
314 59.9607 32.6001
594 60.0727 32.2637
555 60.2175 31.8286
819 60.3548 31.4162
164 60.4657 31.0829
209 60.5736 30.7586
873 60.9814 29.5332
821 61.4119 28.2397
777 61.8862 26.815
419 61.8862 26.815
24 62.5138 25.5405
781 63.0524 24.4467
504 63.8801 22.766
295 64.6129 21.2778
176 65.3826 19.7148
581 65.9316 18.6
721 66.5068 17.4319
598 66.8054 16.8255
959 67.1419 16.1422
103 67.6077 15.1962
