0,103,24,598,959,721,295,581,504,777,176,821,819,209,785,419,45,6,164,828,19,831,355,555,865,873,644,43,357,27,63,217,458,358,681,66,323,55,751,978,781,377,492,197,69,396,70,875,606,842,262,843,594,675,870,143,117,623,634,519,926,844,716,906,314,930,852,656,110,152,668,847,173,290,293,509,238,867,68,478,964,962,35,84,744,767,485,654,900,340,605,393,67,727,51,625,432,837,538,650,190,904,595,102,987,515,109,647,460,907,832,420,315,942,975,161,112,9,810,791,440,800,85,671,802,404,533,286,715,225,804,596,743,809,186,235,291,104,540,282,484,676,498,91,779,80,558,683,910,576,582,798,921,632,617,350,769,468,101,793,281,597,163,365,208,762,894,94,976,912,968,410,264,134,216,144,471,621,56,765,732,857,523,453,986,855,513,54,175,923,724,839,370,577,459,30,188,171,127,945,929,472,210,276,848,180,543,49,692,922,480,342,687,194,522,619,89,237,853,723,475,891,664,11,811,508,413,688,862,913,778,748,269,529,512,38,452,566,790,388,679,7,525,706,535,414,155,438,397,603,461,37,302,356,876,783,147,612,917,989,151,250,379,257,284,934,307,626,549,787,26,421,467,354,289,824,261,221,160,191,834,486,869,586,278,935,915,883,709,602,518,653,363,246,899,669,310,287,407,573,64,351,704,822,111,337,643,61,588,331,629,682,722,348,741,902,402,474,8,702,661,812,412,362,366,211,254,674,881,646,187,641,488,439,258,673,455,898,46,32,4,963,133,700,943,958,829,74,572,836,985,86,794,710,87,121,514,299,205,268,328,123,655,125,65,10,283,373,330,499,78,403,384,128,222,312,527,116,534,476,157,423,463,949,863,633,925,972,505,218,148,336,956,908,805,691,771,228,841,57,616,849,122,496,652,797,698,731,936,938,760,47,749,100,758,489,770,212,182,990,391,542,708,166,174,214,279,341,352,154,858,303,565,677,909,663,422,142,531,510,735,599,479,324,635,451,493,349,733,788,971,756,233,545,927,168,846,59,34,604,591,571,640,327,587,658,329,957,981,878,266,308,888,574,99,454,501,537,21,729,705,507,897,645,382,390,903,965,79,730,359,137,946,601,720,789,950,429,901,600,267,689,326,526,339,443,333,376,680,192,726,667,219,879,639,272,556,457,3,130,517,131,734,445,346,502,119,924,657,255,398,703,275,132,764,196,374,361,665,686,207,234,487,966,772,694,97,114,739,524,991,371,799,381,277,427,14,77,728,224,503,482,113,701,81,717,589,939,338,860,552,948,970,411,630,220,784,747,298,347,162,400,796,500,825,890,570,240,607,554,969,247,300,982,560,169,90,433,551,780,321,325,830,436,431,39,637,678,914,236,88,815,199,557,1,792,405,988,263,364,244,446,933,827,628,435,304,399,203,95,495,386,316,693,719,138,447,568,699,615,892,803,153,401,868,444,108,736,585,711,178,31,426,953,944,380,48,213,718,955,301,759,200,75,546,973,547,750,106,905,872,954,490,184,695,50,360,550,249,768,456,76,462,611,430,714,712,409,36,696,424,58,521,859,73,253,120,469,288,231,593,795,141,428,167,115,150,918,833,271,392,296,441,256,17,41,916,44,885,757,20,871,808,16,610,60,2,96,306,93,886,368,753,578,13,776,608,761,651,183,470,638,786,418,227,15,697,631,773,491,442,124,662,28,292,561,230,707,672,919,960,172,139,226,265,270,92,564,252,53,738,72,613,806,129,437,649,146,206,223,189,814,82,874,5,766,375,448,305,309,539,389,752,559,614,193,22,449,394,239,569,974,548,181,241,215,877,105,532,165,807,947,840,940,319,896,536,961,416,642,737,713,294,477,563,369,245,816,866,690,229,567,895,317,782,618,516,992,248,313,952,763,530,541,746,434,140,984,406,882,320,179,562,755,343,880,801,177,774,259,931,40,344,395,464,280,851,62,861,202,911,575,185,826,156,659,636,887,584,367,23,856,408,624,511,12,980,118,754,415,335,126,937,52,893,823,285,273,297,465,818,378,42,71,145,159,158,18,666,580,251,622,149,318,648,817,353,417,544,83,742,481,775,854,620,864,135,983,820,845,813,494,928,889,204,322,528,25,740,660,725,311,473,372,685,450,579,332,385,506,136,107,334,242,201,497,383,941,838,967,850,951,932,884,977,170,198,684,583,553,195,670,592,609,274,745,920,466,835,29,425,387,232,590,33,520,627,98,483,345,243,979,260,
value : 395.993 running time : 2363.425439
0 80 20
103 67.6151 15.1933
24 67.2153 16.0088
598 66.8656 16.7219
959 66.5448 17.3764
721 66.2916 17.8929
295 65.8288 18.8367
581 65.4216 19.6673
504 65.0137 20.4993
777 64.6137 21.3151
176 64.1607 22.2392
821 62.7237 25.1703
819 61.8652 26.9213
209 60.8657 28.96
785 60.8657 28.96
419 60.8657 28.96
45 60.8279 29.4763
6 60.7991 29.8706
164 60.7693 30.2784
828 60.7317 30.7923
19 60.6976 31.2574
831 60.6709 31.6226
355 60.6407 32.0355
555 60.6146 32.393
865 60.5847 32.8009
873 60.5526 33.2405
644 60.4029 35.2865
43 60.3704 35.7308
357 60.34 36.1466
27 60.3146 36.4937
63 60.2832 36.9229
217 60.2597 37.2445
458 60.2384 37.5357
358 60.2161 37.84
681 60.1937 38.1465
66 60.1691 38.4824
323 60.1473 38.7807
55 60.1274 39.0532
751 60.0914 39.5456
978 60.0494 40.1195
781 60.0151 40.5889
377 59.9712 41.188
492 59.9238 41.8357
197 59.9238 41.8357
69 60.1348 43.4528
396 60.1574 43.6257
70 60.1769 43.7747
875 60.1942 43.9076
606 60.2132 44.0535
842 60.2336 44.2098
262 60.252 44.3503
843 60.2695 44.4846
594 60.2806 44.5698
675 60.2927 44.6623
870 60.3055 44.7605
143 60.3194 44.8667
117 60.3325 44.9672
623 60.3444 45.0582
634 60.3554 45.1423
519 60.3689 45.2464
926 60.3806 45.3359
844 60.3906 45.4126
716 60.4421 45.8065
906 60.5437 46.585
314 60.6765 47.6029
930 60.8399 48.8552
852 62.8584 64.3195
656 62.8407 64.4067
110 62.8223 64.4971
152 62.8032 64.5906
668 62.7833 64.6881
847 62.7647 64.7794
173 62.748 64.8616
290 62.7314 64.9429
293 62.7153 65.0221
509 62.6982 65.106
238 62.6827 65.182
867 62.6672 65.2581
68 62.6514 65.3353
478 62.6354 65.414
964 62.6184 65.4976
962 62.6025 65.5754
35 62.5862 65.6555
84 62.5696 65.737
744 62.5543 65.8119
767 62.5543 65.8119
485 62.5543 65.8119
654 62.5543 65.8119
900 62.5543 65.8119
340 62.5543 65.8119
605 62.5543 65.8119
393 62.5543 65.8119
67 62.5543 65.8119
727 62.5543 65.8119
51 62.5543 65.8119
625 62.5543 65.8119
432 62.5543 65.8119
837 62.5543 65.8119
538 62.5543 65.8119
650 62.5543 65.8119
190 62.5543 65.8119
904 62.5543 65.8119
595 62.5543 65.8119
102 62.5543 65.8119
987 62.5543 65.8119
515 62.5543 65.8119
109 62.5543 65.8119
647 62.5543 65.8119
460 62.5543 65.8119
907 62.5543 65.8119
832 62.5543 65.8119
420 62.5543 65.8119
315 62.5543 65.8119
942 62.5543 65.8119
975 62.5543 65.8119
161 61.2267 65.7437
112 60.3624 65.6993
9 59.5603 65.6581
810 58.7915 65.6186
791 58.0297 65.5795
440 57.371 65.5456
800 56.6606 65.5092
85 55.9615 65.4732
671 55.2809 65.4383
802 50.6171 65.1988
404 48.0872 64.6963
533 48.039 64.6867
286 47.999 64.6788
715 47.9483 64.6687
225 47.9016 64.6594
804 47.8552 64.6502
596 47.8091 64.641
743 47.7704 64.6333
809 47.7236 64.624
186 47.6849 64.6164
235 47.6405 64.6076
291 47.5903 64.5976
104 47.5458 64.5887
540 47.5077 64.5812
282 47.5076 64.5812
484 47.5076 64.5812
676 47.5076 64.5812
498 47.5076 64.5812
91 47.5076 64.5812
779 47.5076 64.5812
80 47.5076 64.5812
558 47.5076 64.5812
683 47.5076 64.5811
910 47.5076 64.5811
576 47.5076 64.5811
582 47.5076 64.5811
798 47.5076 64.5811
921 47.5075 64.5811
632 47.4564 64.5699
617 47.4031 64.5582
350 47.346 64.5457
769 47.3001 64.5356
468 47.2475 64.5241
101 47.1903 64.5116
793 47.1361 64.4996
281 47.0746 64.4862
597 47.0166 64.4734
163 46.9581 64.4606
365 46.9051 64.449
208 46.8631 64.4398
762 46.8104 64.4282
894 46.7445 64.4138
94 46.6868 64.4011
976 46.3468 64.3265
912 46.3238 64.3214
968 46.3047 64.3172
410 46.282 64.3123
264 46.2603 64.3075
134 46.2384 64.3027
216 46.2178 64.2982
144 46.1942 64.293
471 46.173 64.2883
621 46.1514 64.2836
56 46.1275 64.2784
765 46.106 64.2736
732 46.0856 64.2692
857 46.0656 64.2648
523 46.0433 64.2599
453 46.0231 64.2555
986 46.001 64.2506
855 45.979 64.2458
513 45.9555 64.2406
54 45.933 64.2357
175 45.9107 64.2308
923 45.8904 64.2263
724 45.8645 64.2207
839 44.7966 61.7013
370 44.6843 61.4363
577 44.5787 61.1872
459 44.4631 60.9144
30 44.3469 60.6402
188 44.2414 60.3913
171 43.7496 59.3802
127 42.9289 57.6932
945 42.1991 56.1932
929 41.572 54.904
472 40.933 53.5904
210 40.3551 52.4025
276 39.7541 51.1671
848 39.2076 50.0435
180 38.695 48.9899
543 38.1695 47.9097
49 37.9759 47.5117
692 37.7704 47.0892
922 37.6039 46.747
480 37.3867 46.3005
342 37.206 45.929
687 36.9923 45.4898
194 36.8121 45.1193
522 36.6226 44.7297
619 36.4176 44.3084
89 36.2304 43.9236
237 35.9541 43.3555
853 35.5526 42.5302
723 35.2949 42.0005
475 35.2949 42.0005
891 35.2949 42.0005
664 35.2949 41.9987
11 35.295 41.997
811 35.295 41.9954
508 35.295 41.9939
413 35.2951 41.9923
688 35.2951 41.9908
862 35.2951 41.989
913 35.2952 41.9875
778 35.2952 41.9859
748 35.2952 41.9842
269 35.2953 41.9826
529 35.2953 41.9808
512 35.2953 41.9792
38 35.2954 41.9776
452 35.2954 41.976
566 35.2954 41.9743
790 35.2955 41.9726
388 35.2955 41.971
679 35.2955 41.9694
7 35.2956 41.9678
525 35.2956 41.9663
706 35.2956 41.9646
535 35.2957 41.963
414 35.2957 41.9614
155 35.2958 41.9598
438 35.2958 41.9582
397 35.2958 41.9566
603 35.2959 41.9551
461 35.2959 41.9536
37 35.3029 41.6275
302 35.3097 41.3086
356 35.3171 40.9626
876 35.324 40.6436
783 35.3315 40.2929
147 35.3387 39.9546
612 35.3995 37.1213
917 35.421 36.1187
989 35.4453 34.9826
151 35.483 33.2248
250 35.5329 30.8978
379 35.489 30.3518
257 35.4475 29.8346
284 35.4021 29.2696
934 35.4013 29.2588
307 35.4003 29.2473
626 35.3994 29.2363
549 35.3987 29.2265
787 35.3978 29.2155
26 35.3969 29.2049
421 35.3962 29.1955
467 35.3952 29.1839
354 35.3943 29.1721
289 35.3934 29.1616
824 35.3925 29.1501
261 35.3917 29.1396
221 35.3908 29.1291
160 35.39 29.1193
191 35.3892 29.1093
834 35.3884 29.0984
486 35.3875 29.0877
869 35.3867 29.0774
586 35.3859 29.0674
278 35.385 29.0568
935 35.3842 29.0468
915 35.3033 28.04
883 35.2282 27.1048
709 35.1656 26.3248
602 35.1018 25.5306
518 34.2243 14.6062
653 33.616 14.6088
363 31.7382 14.6171
246 29.8406 14.6254
899 27.9273 14.6338
669 27.9273 14.6338
310 27.9273 14.6338
287 27.9273 14.6338
407 27.9273 14.6338
573 27.9273 14.6338
64 27.9273 14.6338
351 27.9273 14.6338
704 27.9272 14.6338
822 27.9272 14.6338
111 27.8008 14.6328
337 27.6627 14.6317
643 21.0347 14.5798
61 14.0191 14.5247
588 13.9547 14.5242
331 13.889 14.5237
629 13.829 14.5233
682 13.7658 14.5228
722 13.7035 14.5223
348 13.6744 14.522
741 13.6438 14.5218
902 13.615 14.5216
402 13.5805 14.5213
474 13.548 14.5211
8 13.5151 14.5208
702 13.4813 14.5205
661 13.4406 14.5202
812 13.3982 14.5199
412 13.3304 14.8686
362 13.2701 15.1788
366 13.2154 15.4602
211 13.1578 15.7569
254 13.0978 16.0655
674 13.0377 16.3745
881 12.9803 16.67
646 12.9122 17.0205
187 12.8472 17.3549
641 12.8472 17.3549
488 12.8472 17.3549
439 12.7613 19.8645
258 12.6707 22.5087
673 12.593 24.7764
455 12.516 27.0251
898 12.4259 29.6541
46 12.4111 30.0888
32 12.4022 30.3485
4 12.395 30.5585
963 12.3869 30.7938
133 12.3771 31.0814
700 12.3668 31.3807
943 12.3581 31.6346
958 12.3483 31.9209
829 12.3401 32.1594
74 12.3323 32.3887
572 12.3232 32.6548
836 12.3134 32.9399
985 12.3031 33.2395
86 12.2939 33.5096
794 12.2844 33.7861
710 12.2721 34.1449
87 12.2584 34.5463
121 12.2461 34.905
514 12.2333 35.2798
299 12.219 35.6968
205 12.1837 36.726
268 12.1454 37.8463
328 12.077 39.8431
123 12.0643 40.2128
655 12.0531 40.5406
125 12.0419 40.8689
65 12.0297 41.2225
10 12.016 41.6242
283 12.0019 42.0356
373 11.9867 42.4804
330 11.9741 42.8469
499 11.9607 43.2372
78 11.9399 43.8465
403 11.9171 44.5125
384 11.897 45.0993
128 11.8743 45.7598
222 11.8528 46.3895
312 11.8319 46.9975
527 11.8085 47.6808
116 11.7899 48.2264
534 11.7803 48.5049
476 11.7704 48.7939
157 11.7589 49.1301
423 11.749 49.42
463 11.7374 49.7581
949 11.7267 50.071
863 11.715 50.4113
633 11.702 50.7894
925 11.6977 50.8477
972 11.6937 50.9016
505 11.6898 50.9531
218 11.6858 51.0073
148 11.6822 51.0559
336 11.6776 51.1169
956 11.6735 51.1728
908 11.6696 51.2242
805 11.6654 51.2807
691 11.6612 51.3373
771 11.6576 51.3853
228 11.6538 51.4369
841 11.6494 51.4958
57 11.6451 51.5538
616 11.641 51.6081
849 11.6362 51.6722
122 11.6319 51.7296
496 11.6667 51.7767
652 11.6999 51.8216
797 11.7366 51.8713
698 11.7714 51.9184
731 11.8018 51.9596
936 11.8392 52.0101
938 11.8778 52.0624
760 11.9109 52.1072
47 11.9412 52.1482
749 11.9738 52.1924
100 12.0099 52.2413
758 12.0453 52.2892
489 12.0767 52.3317
770 12.1087 52.375
212 12.1436 52.4222
182 12.1898 52.4848
990 12.2299 52.5391
391 12.3398 52.6879
542 12.4291 52.8087
708 12.5179 52.9289
166 12.6156 53.0612
174 12.7196 53.2019
214 12.8161 53.3326
279 12.9215 53.4752
341 13.0144 53.6009
352 13.1173 53.7403
154 13.2175 53.8759
858 13.3304 54.0287
303 13.4311 54.165
565 13.541 54.3138
677 13.6412 54.4494
909 13.7352 54.5766
663 13.8439 54.7237
422 13.9694 54.8937
142 14.0836 55.0483
531 14.1922 55.1953
510 17.0034 59.0008
735 18.2722 60.7184
599 19.4587 62.3245
479 20.4367 63.6485
324 20.7037 64.0098
635 21.079 64.5178
451 21.3633 64.9028
493 21.6799 65.3313
349 21.684 65.3466
733 21.688 65.3613
788 21.6921 65.3761
971 21.6962 65.3911
756 21.6998 65.4045
233 21.7038 65.419
545 21.7079 65.4342
927 21.7784 65.693
168 21.8532 65.9673
846 21.8946 66.1193
59 21.936 66.2713
34 21.9788 66.4284
604 22.0198 66.5788
591 22.0607 66.7287
571 22.1009 66.8763
640 22.1407 67.0225
327 22.1819 67.1735
587 22.2223 67.3219
658 22.2631 67.4716
329 22.3024 67.6158
957 22.3415 67.7593
981 22.3819 67.9077
878 22.4211 68.0513
266 22.4596 68.1926
308 22.4968 68.3291
888 22.4968 68.3292
574 22.4968 68.3292
99 22.4968 68.3292
454 22.4968 68.3292
501 22.4968 68.3292
537 22.4968 68.3292
21 22.4968 68.3292
729 22.4968 68.3292
705 22.4968 68.3292
507 22.4968 68.3292
897 22.4968 68.3292
645 22.4968 68.3293
382 22.4968 68.3293
390 22.4968 68.3293
903 22.4968 68.3293
965 22.4968 68.3293
79 22.4968 68.3293
730 22.4968 68.3293
359 22.4968 68.3293
137 22.4968 68.3293
946 22.4968 68.3294
601 22.4968 68.3294
720 22.4968 68.3294
789 22.4968 68.3294
950 22.4968 68.3294
429 22.4968 68.3294
901 22.4968 68.3294
600 22.4968 68.3294
267 22.4968 68.3294
689 22.5786 68.6908
326 21.6539 68.8171
526 20.8571 68.9259
339 20.0239 69.0397
443 19.2518 69.1452
333 18.4627 69.2529
376 17.2402 69.4199
680 16.3588 69.5403
192 15.4946 69.6583
726 14.6729 69.7705
667 13.7058 69.9026
219 13.6289 69.9131
879 13.5508 69.9237
639 13.4686 69.935
272 13.3993 69.9444
556 13.3192 69.9554
457 13.2464 69.9653
3 13.1767 69.9748
130 13.1052 69.9846
517 13.0179 69.9965
131 12.9458 70.0064
734 12.8641 70.0175
445 12.791 70.0275
346 12.727 70.0362
502 12.6619 70.0451
119 12.5912 70.0548
924 12.523 70.0641
657 12.4375 70.0758
255 12.3628 70.086
398 12.3015 70.0944
703 12.2332 70.1037
275 12.1717 70.1121
132 12.1014 70.1217
764 12.0255 70.1321
196 11.9477 70.1427
374 11.8724 70.153
361 11.8018 70.1626
665 11.7169 70.1742
686 11.639 70.1848
207 11.5641 70.1951
234 11.5096 70.2025
487 11.4816 70.2063
966 11.4444 70.2114
772 11.4152 70.2154
694 11.3795 70.2203
97 11.35 70.2243
114 11.3194 70.2285
739 11.2874 70.2329
524 11.254 70.2374
991 11.216 70.2426
371 11.1797 70.2476
799 11.146 70.2522
381 11.1134 70.2566
277 11.0831 70.2608
427 11.051 70.2651
14 11.0175 70.2697
77 10.9845 70.2742
728 10.9534 70.2785
224 10.922 70.2828
503 10.8949 70.2865
482 10.8661 70.2904
113 10.8367 70.2944
701 10.8052 70.2987
81 10.7697 70.3036
717 10.7311 70.3088
589 10.6986 70.3133
939 10.6643 70.318
338 10.6362 70.3218
860 10.6073 70.3257
552 10.5793 70.3296
948 10.5408 70.3348
970 10.5059 70.3396
411 10.4736 70.344
630 10.4374 70.3489
220 10.4021 70.3538
784 10.3581 70.3598
747 10.3178 70.3653
298 10.2793 70.3705
347 10.2421 70.3756
162 10.2212 71.3946
400 10.2004 72.4069
796 10.1796 73.4167
500 10.16 74.3685
825 10.1398 75.3536
890 10.1207 76.2806
570 10.1021 77.1849
240 10.085 78.0203
607 10.0691 78.7933
554 10.0407 80.1717
969 10.0122 81.5587
247 10.006 81.8615
300 10.0002 82.144
982 9.99444 82.4233
560 9.9891 82.6829
169 9.98315 82.9722
90 9.97759 83.2425
433 9.972 83.5141
551 9.96622 83.7954
780 9.95998 84.0985
321 9.95382 84.3978
325 9.94728 84.7154
830 9.94104 85.0191
436 9.93433 85.3452
431 9.92754 85.6752
39 9.92 86.0414
637 9.91391 86.3377
678 9.90771 86.639
914 9.90188 86.9226
236 9.89606 87.2054
88 9.8911 87.4472
815 9.88523 87.7325
199 9.87917 88.0271
557 9.87344 88.3053
1 9.86782 88.5791
792 9.86229 88.8477
405 9.8559 89.1584
988 9.85007 89.4416
263 9.85014 89.4416
364 9.85022 89.4416
244 9.8503 89.4416
446 9.85037 89.4415
933 9.85044 89.4415
827 9.8505 89.4415
628 9.85056 89.4415
435 9.85063 89.4415
304 9.8507 89.4415
399 9.85077 89.4415
203 9.85084 89.4415
95 9.85091 89.4415
495 9.85098 89.4415
386 9.85105 89.4415
316 9.85111 89.4415
693 9.85118 89.4415
719 9.85124 89.4415
138 9.85132 89.4415
447 9.85138 89.4415
568 9.85145 89.4414
699 9.85153 89.4414
615 9.85159 89.4414
892 9.85166 89.4414
803 9.85173 89.4414
153 9.85179 89.4414
401 9.85186 89.4414
868 9.85193 89.4414
444 9.852 89.4414
108 9.85207 89.4414
736 9.85214 89.4414
585 9.85221 89.4414
711 9.85228 89.4414
178 9.85235 89.4414
31 9.85242 89.4414
426 9.85249 89.4414
953 9.85255 89.4413
944 9.85262 89.4413
380 9.89276 89.4378
48 9.93529 89.4341
213 9.97044 89.431
718 10.0423 89.4247
955 10.114 89.4185
301 10.1821 89.4125
759 10.2491 89.4066
200 10.322 89.4003
75 10.3884 89.3945
546 10.951 89.3452
973 11.5507 89.2927
547 12.094 89.2451
750 12.7928 89.184
106 13.5445 89.1182
905 14.8085 89.0075
872 24.9274 88.1208
954 24.9319 88.136
490 24.9368 88.1524
184 24.9412 88.1673
695 24.9463 88.1844
50 24.9511 88.2006
360 24.9554 88.2151
550 24.9599 88.2304
249 24.9653 88.2485
768 24.9709 88.2677
456 24.9752 88.2819
76 24.9789 88.2945
462 24.9834 88.3096
611 24.9878 88.3247
430 24.9909 88.335
714 24.9938 88.3447
712 24.9965 88.3538
409 24.9995 88.3639
36 25.0022 88.3732
696 25.0049 88.3824
424 25.0076 88.3915
58 25.0106 88.4016
521 25.014 88.413
859 25.0167 88.4221
73 25.0195 88.4316
253 25.0223 88.441
120 25.0253 88.451
469 25.028 88.4601
288 25.031 88.4703
231 25.034 88.4806
593 25.0371 88.4909
795 25.0397 88.4996
141 25.0423 88.5084
428 25.045 88.5177
167 25.0478 88.5272
115 25.051 88.5379
150 25.0539 88.5475
918 25.0566 88.5568
833 25.0595 88.5665
271 25.0624 88.5763
392 25.065 88.5852
296 25.0676 88.5939
441 25.0707 88.6044
256 25.0732 88.6129
17 25.076 88.6223
41 25.0786 88.6309
916 25.0815 88.6406
44 25.0845 88.6509
885 25.0872 88.66
757 25.0899 88.6691
20 25.0933 88.6806
871 25.0961 88.6901
808 25.0987 88.6988
16 25.101 88.7065
610 25.1039 88.7165
60 25.1064 88.7248
2 25.1093 88.7346
96 25.1125 88.7454
306 25.1154 88.7553
93 25.1179 88.7635
886 25.1204 88.7722
368 25.1235 88.7825
753 25.1264 88.7924
578 25.1289 88.8009
13 25.1321 88.8117
776 25.135 88.8212
608 25.1373 88.8292
761 25.1404 88.8395
651 25.1432 88.8491
183 25.1459 88.8582
470 25.1486 88.8673
638 25.1512 88.876
786 25.1541 88.886
418 25.1568 88.8951
227 25.16 88.9057
15 25.2567 88.8941
697 25.3861 88.8785
631 25.5128 88.8633
773 25.6346 88.8486
491 25.7391 88.836
442 25.8508 88.8226
124 31.1266 88.1876
662 33.6514 87.8838
28 33.6514 87.8838
292 33.8346 87.8899
561 34.0041 87.8955
230 34.1513 87.9005
707 34.2995 87.9054
672 34.4478 87.9104
919 34.6034 87.9156
960 34.7533 87.9206
172 35.1777 87.9347
139 35.5898 87.9485
226 35.8153 87.956
265 36.0403 87.9636
270 36.224 87.9697
92 36.4131 87.976
564 36.6224 87.983
252 36.7872 87.9885
53 36.9943 87.9954
738 37.2026 88.0024
72 37.416 88.0095
613 37.632 88.0167
806 37.8522 88.024
129 38.0889 88.032
437 38.3146 88.0395
649 38.5343 88.0468
146 38.7473 88.0539
206 38.9755 88.0616
223 39.1854 88.0686
189 39.5839 88.0819
814 39.9865 88.0953
82 40.3711 88.1082
874 40.7152 88.1197
5 40.9031 88.1259
766 40.9031 88.1259
375 40.9031 88.1259
448 40.9031 88.1259
305 40.9031 88.1259
309 40.9031 88.1259
539 40.9031 88.1259
389 40.9031 88.1259
752 40.9031 88.1259
559 40.907 88.126
614 40.9106 88.126
193 40.9144 88.126
22 40.9177 88.126
449 40.9214 88.1261
394 40.9251 88.1261
239 40.9288 88.1261
569 40.9322 88.1262
974 40.9357 88.1262
548 41.3758 88.1296
181 41.8518 88.1332
241 42.315 88.1368
215 42.8223 88.1407
877 43.3453 88.1447
105 43.9478 88.1494
532 44.4642 88.1534
165 44.873 88.1565
807 45.2666 88.1595
947 45.7465 88.1632
840 46.1471 88.1663
940 46.6773 88.1704
319 47.1576 88.1741
896 47.6721 88.1781
536 48.0872 88.1813
961 48.5041 88.1845
416 48.8905 88.1874
642 49.3777 88.1912
737 49.8978 88.1952
713 50.2716 88.1981
294 50.6641 88.2011
477 51.4499 88.2072
563 51.5075 88.2076
369 51.5784 88.2082
245 51.6429 88.2086
816 51.7109 88.2092
866 51.769 88.2096
690 51.8429 88.2102
229 51.9123 88.2107
567 51.9805 88.2112
895 52.0374 88.2117
317 52.107 88.2122
782 52.1652 88.2127
618 52.2264 88.2131
516 52.2889 88.2136
992 52.3598 88.2142
248 52.3963 88.2144
313 52.4409 88.2148
952 52.4823 88.2151
763 52.5204 88.2154
530 52.5636 88.2157
541 52.6084 88.2161
746 52.6544 88.2164
434 52.7021 88.2168
140 52.7464 88.2171
984 52.7948 88.2175
406 52.8335 88.2178
882 52.8765 88.2181
320 52.9165 88.2185
179 52.9583 88.2188
562 52.9979 88.2191
755 53.0965 88.2198
343 53.2677 88.2212
880 53.4682 88.2227
801 53.6658 88.2242
177 53.831 88.2255
774 53.9777 88.2266
259 54.1468 88.2279
931 54.3221 88.2293
40 54.4708 88.2304
344 54.6317 88.2316
395 54.8121 88.233
464 54.9723 88.2342
280 55.0547 88.2349
851 55.1438 88.2356
62 55.2365 88.2363
861 55.3344 88.237
202 55.4401 88.2378
911 55.5402 88.2386
575 55.6375 88.2394
185 55.7305 88.2401
826 55.809 88.2407
156 55.9003 88.2414
659 55.9989 88.2421
636 56.1219 88.2431
887 56.2498 88.2441
584 56.3654 88.245
367 56.4753 88.2458
23 56.5849 88.2466
856 56.737 88.2478
408 56.8737 88.2489
624 57.0276 88.25
511 57.1862 88.2513
12 57.416 88.253
980 57.6467 88.2548
118 57.8729 88.2565
754 58.0903 88.2582
415 58.3075 88.2599
335 58.5382 88.2617
126 58.7727 88.2635
937 64.2456 88.3055
52 67.1351 88.3277
893 70.0842 88.3504
823 70.1714 88.3511
285 70.2642 88.3518
273 70.3521 88.3525
297 70.4452 88.3532
465 70.5479 88.354
818 70.6487 88.3548
378 70.7362 88.3554
42 70.8429 88.3563
71 70.9532 88.3571
145 71.0617 88.3579
159 71.1772 88.3588
158 71.2759 88.3596
18 71.3717 88.3603
666 71.5941 88.362
580 71.8046 88.3636
251 71.9674 88.3649
622 72.1329 88.3662
149 72.3134 88.3676
318 72.501 88.369
648 72.6959 88.3705
817 72.8459 88.3716
353 73.033 88.3731
417 73.2185 88.3745
544 73.3888 88.3758
83 73.5741 88.3772
742 73.7721 88.3788
481 73.9468 88.3801
775 74.1384 88.3816
854 74.3233 88.383
620 74.5064 88.3844
864 75.8355 88.3946
135 77.191 88.405
983 78.3132 88.4137
820 78.6668 88.4164
845 78.9974 88.4189
813 79.5155 88.4229
494 80.1131 88.4275
928 80.7432 88.4324
889 81.9714 86.583
204 83.0141 85.013
322 83.4773 84.3155
528 84.0726 83.4192
25 84.4535 82.8457
740 84.797 82.3285
660 85.178 81.7548
725 85.4151 81.3978
311 85.7368 80.9134
473 85.9907 80.531
372 86.3267 80.0252
685 86.1931 78.8352
450 85.7627 75.0008
579 85.4194 71.9422
332 85.1622 69.6509
385 84.8915 67.2395
506 84.584 64.4998
136 84.3413 62.3381
107 84.2493 61.5184
334 84.1724 60.8327
242 84.0938 60.1328
201 84.0239 59.5098
497 83.9415 58.7763
383 83.8549 58.0043
941 83.7209 56.8105
838 83.6459 56.1426
967 83.576 55.5199
850 83.5119 54.9491
951 83.4535 54.4286
932 83.3978 53.9325
884 83.3457 53.4682
977 83.2937 53.0049
170 83.2338 52.471
198 83.1723 51.9233
684 83.1125 51.3902
583 83.0356 50.7053
553 82.9346 49.8061
195 82.836 48.927
670 82.7422 48.092
592 82.6914 47.6395
609 82.6398 47.1796
274 82.593 46.7628
745 82.5491 46.3718
920 82.512 46.041
466 82.4673 45.6429
835 82.4285 45.2972
29 82.3911 44.9641
425 82.356 44.6511
387 82.3183 44.3152
232 82.2441 43.654
590 83.2468 37.1599
33 83.77 33.7715
520 84.2456 30.6917
627 85.4129 23.1318
98 85.468 22.7751
483 86.2684 17.5916
345 86.2684 17.5916
243 86.2684 17.5916
979 86.2684 17.5916
260 86.2684 17.5916
