0,483,979,243,260,627,345,33,520,590,98,745,932,198,242,195,387,466,29,926,323,553,850,592,941,609,951,70,942,274,232,670,967,143,835,107,838,506,884,977,334,497,201,136,425,684,583,656,920,383,170,485,68,117,190,238,102,907,650,396,519,112,964,632,671,800,315,769,538,852,727,867,9,67,605,654,595,173,837,393,460,904,110,440,420,152,51,810,340,668,432,647,767,478,962,987,579,744,481,847,290,509,71,900,975,725,385,889,660,204,528,311,332,372,685,450,25,740,928,322,864,158,473,983,818,251,984,159,742,648,854,620,149,580,417,285,52,823,813,666,318,177,145,893,465,820,775,937,353,494,464,135,18,544,83,395,297,816,378,320,185,42,313,690,259,817,618,40,737,832,801,477,992,845,622,567,273,511,851,344,947,754,317,140,202,931,882,406,584,636,774,179,856,229,408,118,880,814,782,980,126,952,62,911,961,895,896,415,575,861,530,369,434,245,367,746,713,532,12,23,940,921,248,449,536,763,280,562,292,624,165,559,516,156,72,541,416,613,239,738,394,53,569,389,707,172,548,92,230,877,866,271,129,139,96,241,5,189,766,874,22,206,808,807,840,659,146,642,564,215,309,539,649,470,265,305,105,181,375,448,974,752,2,437,253,614,392,887,343,561,208,662,80,826,563,986,109,410,976,94,513,216,968,724,163,459,676,683,715,910,755,134,802,225,779,319,294,82,144,175,540,533,193,350,365,804,56,582,91,171,335,857,894,188,286,293,793,762,743,161,468,617,453,282,484,523,625,84,235,186,515,35,577,791,922,855,262,576,85,798,843,342,623,891,49,765,54,472,264,210,522,101,558,461,621,923,844,69,63,370,127,281,732,945,597,498,848,492,155,388,619,38,480,356,471,688,89,438,663,397,917,862,302,913,205,756,633,508,876,612,7,237,566,811,403,37,535,679,11,723,706,938,391,655,748,269,664,525,687,414,413,543,147,180,957,30,324,329,422,451,705,599,733,897,645,327,788,382,839,878,507,981,390,901,79,267,137,729,903,104,308,603,59,510,545,640,778,361,233,404,291,846,971,132,596,34,927,720,912,929,735,359,21,349,809,493,270,60,226,600,806,252,479,608,339,954,739,537,658,946,726,578,587,965,697,886,326,454,604,524,789,950,501,526,888,730,574,689,872,571,591,825,266,431,443,124,333,550,635,99,680,244,919,757,638,223,249,288,41,773,786,183,141,456,256,462,960,442,424,557,120,696,150,36,428,918,409,306,712,231,611,430,885,44,20,795,916,28,859,167,73,76,761,714,15,490,695,491,58,672,50,610,933,631,521,418,768,16,296,17,750,953,316,1,651,871,446,833,236,368,227,441,593,693,153,570,13,469,31,905,753,301,93,776,199,435,711,628,325,719,547,615,914,360,138,399,106,447,213,969,585,115,380,780,200,405,263,568,759,386,321,240,48,169,988,433,982,495,364,401,736,792,75,868,444,699,637,815,39,827,304,973,108,203,90,718,678,184,168,487,247,803,426,955,560,178,300,944,95,88,546,830,701,728,890,400,436,991,346,796,457,892,554,639,224,657,429,500,734,277,966,665,784,376,207,338,220,374,114,948,219,131,272,371,255,381,97,192,607,162,347,81,970,502,298,879,860,3,551,234,760,589,686,14,77,445,939,799,556,427,717,694,398,482,630,517,667,130,552,113,924,411,601,275,956,119,764,747,503,772,703,936,122,222,166,677,565,182,463,154,925,972,303,505,218,542,336,531,128,279,47,849,527,858,116,863,214,708,174,841,196,100,909,57,749,373,489,990,616,148,758,499,652,731,330,797,125,691,908,78,475,142,228,698,534,949,958,328,32,423,87,46,770,496,312,341,805,10,212,771,700,352,157,794,133,283,4,384,476,710,86,985,123,65,74,258,514,898,331,299,602,221,121,486,673,836,307,439,899,943,661,402,824,643,702,284,741,474,915,963,455,268,902,646,629,881,572,812,61,366,674,412,362,348,187,488,722,254,211,588,641,682,8,669,709,407,111,287,351,363,704,883,26,518,573,289,653,626,586,64,164,160,834,822,191,246,337,467,310,935,787,692,209,865,934,261,421,278,869,354,829,549,151,783,529,379,989,853,194,250,257,790,452,512,870,276,716,842,43,314,751,458,634,66,197,644,930,675,978,357,606,217,875,27,959,831,358,594,821,45,19,6,377,419,906,873,781,828,785,55,555,681,355,598,176,819,295,721,777,581,24,504,103,
value : 461.269 running time : 218.678250
0 80 20
483 86.2389 17.5641
979 86.2369 17.5705
243 86.2347 17.5773
260 86.2326 17.5841
627 85.787 19.002
345 85.0239 21.4302
33 83.8411 25.1942
520 83.1782 27.3037
590 82.8689 28.288
98 82.5979 29.1503
745 79.9492 37.5791
932 78.0483 43.628
198 77.4367 45.5744
242 77.2534 46.1574
195 77.187 46.3688
387 77.1159 46.595
466 77.0548 46.7896
29 76.9851 47.0112
926 76.9099 47.2507
323 76.8441 47.4598
553 76.7658 47.7092
850 76.6924 47.9427
592 76.6299 48.1415
941 76.557 48.3734
609 76.5037 48.5432
951 76.4393 48.748
70 76.3719 48.9626
942 76.3719 48.9626
274 76.6273 49.0861
232 76.8621 49.1997
670 77.1301 49.3293
967 77.4231 49.4711
143 77.6905 49.6004
835 78.2629 49.8773
107 80.8464 52.1139
838 81.4779 52.6606
506 82.1251 53.221
884 82.642 53.6684
977 83.1115 54.0748
334 83.5555 54.4592
497 84.097 54.928
201 82.6992 55.2855
136 82.2388 55.4033
425 81.706 55.5396
684 81.2328 55.6606
583 80.6742 55.8035
656 80.2038 55.9238
920 79.8385 56.0172
383 79.4521 56.116
170 79.0948 56.2074
485 72.0572 58.0075
68 70.4422 58.4205
117 69.2159 58.7342
190 68.2546 58.9801
238 67.3084 59.2221
102 66.5414 59.4182
907 65.6906 59.6358
650 64.9186 59.8333
396 64.045 60.0568
519 63.2617 60.2571
112 62.5297 64.5758
964 62.3118 65.8609
632 62.0684 67.2969
671 62.2395 67.3458
800 62.4034 67.3925
315 62.5807 67.4431
769 62.7583 67.4938
538 62.9634 67.5523
852 63.1999 67.6198
727 63.1999 67.6198
867 63.1999 67.6198
9 63.1999 67.6198
67 63.1999 67.6198
605 63.1999 67.6198
654 63.1999 67.6198
595 63.1999 67.6198
173 63.1999 67.6199
837 63.1999 67.6199
393 63.1999 67.6199
460 63.1999 67.6199
904 63.1999 67.6199
110 63.1999 67.6199
440 63.1999 67.6199
420 63.1999 67.6199
152 63.1999 67.6199
51 63.1999 67.6199
810 63.1999 67.6199
340 63.1999 67.6199
668 63.1999 67.6199
432 63.1999 67.6199
647 63.1999 67.6199
767 63.1999 67.6199
478 64.192 68.3018
962 65.2536 69.0315
987 66.1736 69.6639
579 67.2874 70.4295
744 68.1731 71.0383
481 68.9991 71.6061
847 69.6723 72.0688
290 70.536 72.6625
509 71.4113 73.2641
71 72.9829 74.3445
900 74.5208 75.4016
975 76.464 76.7373
725 79.7462 78.9934
385 80.7699 79.6971
889 83.6847 81.7007
660 83.9101 81.8556
204 84.0594 81.9582
528 84.2132 82.064
311 84.3887 82.1846
332 84.5472 82.2935
372 85.9989 83.2914
685 85.9989 83.2914
450 85.9989 83.2914
25 85.01 84.3079
740 83.2504 86.1166
928 81.2402 88.1829
322 80.6072 88.2368
864 79.9197 88.2954
158 79.3043 88.3478
473 78.7731 88.3931
983 78.1673 88.4447
818 76.2881 88.6049
251 74.6321 88.746
984 73.219 88.8664
159 73.219 88.8664
742 73.219 88.8664
648 73.219 88.8664
854 73.219 88.8664
620 73.219 88.8664
149 73.219 88.8664
580 73.219 88.8664
417 73.219 88.8664
285 73.219 88.8664
52 73.219 88.8664
823 73.219 88.8664
813 73.219 88.8664
666 73.219 88.8664
318 73.219 88.8664
177 73.219 88.8664
145 73.219 88.8664
893 73.219 88.8664
465 73.219 88.8664
820 73.219 88.8664
775 73.219 88.8664
937 73.219 88.8664
353 73.219 88.8664
494 73.219 88.8664
464 73.219 88.8664
135 73.219 88.8664
18 69.8529 88.7319
544 68.5531 88.6801
83 67.3369 88.6316
395 65.7056 88.5665
297 64.2878 88.51
816 62.8449 88.4524
378 61.5275 88.3998
320 60.153 88.345
185 59.9947 88.3387
42 59.8264 88.332
313 59.6282 88.3241
690 59.4526 88.3171
259 59.2824 88.3103
817 59.1229 88.3039
618 58.9265 88.2961
40 58.7531 88.2892
737 58.5925 88.2828
832 58.4369 88.2766
801 58.2467 88.2721
477 58.0618 88.2678
992 57.8668 88.2632
845 57.666 88.2585
622 57.4163 88.2526
567 57.1361 88.246
273 56.8558 88.2395
511 56.5274 88.2317
851 56.2917 88.2262
344 56.0705 88.221
947 55.8833 88.2166
754 55.7113 88.2126
317 55.5435 88.2086
140 55.3468 88.204
202 55.1752 88.2
931 54.9949 88.1958
882 54.7877 88.1909
406 54.6644 88.188
584 54.5538 88.1854
636 54.4277 88.1824
774 54.3131 88.1797
179 54.2008 88.1771
856 54.0945 88.1746
229 53.9791 88.1719
408 53.8489 88.1688
118 53.7341 88.1661
880 53.6086 88.1632
814 53.4794 88.1602
782 53.3694 88.1576
980 53.2609 88.155
126 53.1404 88.1522
952 53.0324 88.1497
62 52.9204 88.147
911 52.8109 88.1445
961 52.6739 88.1413
895 52.6004 88.1395
896 52.5291 88.1379
415 52.4559 88.1361
575 52.3835 88.1344
861 52.3003 88.1325
530 52.2203 88.1306
369 52.1512 88.129
434 52.076 88.1272
245 51.9985 88.1254
367 51.9217 88.1236
746 51.8385 88.1216
713 51.7593 88.1198
532 51.6878 88.1181
12 51.6216 88.1165
23 51.5457 88.1148
940 51.4606 88.1128
921 51.3717 88.1107
248 50.5569 88.2101
449 49.8599 88.2951
536 49.4022 88.3509
763 48.9099 88.411
280 48.4781 88.4637
562 47.9169 88.5321
292 47.4051 88.5946
624 47.1419 88.6267
165 46.752 88.6742
559 46.3793 88.7197
516 46.036 88.7616
156 45.6522 88.8084
72 45.2283 88.8601
541 44.9278 88.8968
416 44.5631 88.9413
613 44.211 88.9842
239 44.0729 89.0011
738 43.9133 89.0205
394 43.7747 89.0374
53 43.6358 89.0544
569 43.4977 89.0712
389 43.3633 89.0876
707 43.2154 89.1057
172 43.08 89.1222
548 42.9432 89.1389
92 42.807 89.1555
230 42.686 89.1702
877 42.5662 89.1849
866 42.4477 89.1993
271 42.3098 89.2161
129 42.192 89.2305
139 42.0609 89.2465
96 42.0609 89.2465
241 42.0609 89.2465
5 42.0609 89.2465
189 42.0609 89.2465
766 42.0609 89.2465
874 42.0609 89.2465
22 42.0609 89.2465
206 42.0609 89.2465
808 42.0609 89.2465
807 42.0402 89.2054
840 42.0218 89.1689
659 42.0054 89.1365
146 41.9891 89.1041
642 41.9713 89.0688
564 41.9535 89.0335
215 41.9372 89.0013
309 41.9227 88.9725
539 41.906 88.9393
649 41.8886 88.9048
470 41.8745 88.8769
265 41.8604 88.8489
305 41.8442 88.8167
105 41.8286 88.7857
181 41.8113 88.7514
375 41.7937 88.7166
448 41.7752 88.68
974 41.757 88.6438
752 41.735 88.6002
2 41.4595 88.0538
437 41.2112 87.5612
253 40.9478 87.0389
614 41.8207 85.4678
392 42.4937 84.2564
887 44.2861 81.0302
343 44.4177 79.5897
561 44.759 75.8518
208 45.1259 71.834
662 45.1259 71.834
80 45.1259 71.834
826 45.1259 71.834
563 45.1259 71.834
986 45.1259 71.834
109 45.1259 71.834
410 45.1259 71.834
976 45.1259 71.834
94 45.1259 71.834
513 45.1259 71.834
216 45.1259 71.834
968 45.1259 71.834
724 45.1259 71.834
163 45.1259 71.834
459 45.1259 71.834
676 45.1259 71.834
683 45.1259 71.834
715 45.1259 71.834
910 45.1259 71.834
755 45.1259 71.834
134 45.1259 71.834
802 45.1259 71.834
225 45.1259 71.834
779 45.1259 71.834
319 45.1259 71.834
294 45.1359 71.4801
82 45.1469 71.0892
144 45.1602 70.6184
175 45.1737 70.1413
540 45.1854 69.7248
533 45.1986 69.2581
193 46.8315 70.0623
350 46.9839 70.1373
365 47.1267 70.2076
804 47.3655 70.3253
56 47.6497 70.4652
582 48.0363 70.6556
91 48.3396 70.8049
171 48.6134 70.9398
335 48.9949 71.1276
857 48.8285 69.0201
894 48.6223 66.4087
188 48.3905 63.4722
286 48.2956 62.269
293 48.2148 61.2462
793 48.1943 61.2053
762 48.1756 61.1682
743 48.1545 61.1261
161 48.1338 61.0851
468 48.114 61.0456
617 48.0936 61.005
453 48.0724 60.9629
282 48.0507 60.9197
484 48.0297 60.8779
523 48.0077 60.8341
625 47.9869 60.7928
84 47.9655 60.7502
235 47.9431 60.7058
186 47.9203 60.6604
515 47.9004 60.6208
35 47.6774 60.1771
577 47.4455 59.7158
791 47.2204 59.2681
922 46.9602 58.7507
855 46.784 58.4002
262 46.5344 57.9036
576 46.3226 57.4823
85 46.1135 57.0664
798 45.88 56.602
843 45.6007 56.0463
342 45.3553 55.5582
623 45.143 55.1359
891 44.9176 54.6876
49 44.7715 54.3971
765 44.6639 54.1829
54 44.5364 53.9294
472 44.3901 53.6383
264 44.261 53.3816
210 44.1113 53.0838
522 43.9711 52.8049
101 43.8521 52.5682
558 43.7244 52.3143
461 43.3421 51.5538
621 43.0033 50.8798
923 42.6109 50.0994
844 42.1051 49.0932
69 41.9474 49.046
63 41.7882 48.9983
370 41.6009 48.9422
127 41.4233 48.889
281 41.2584 48.8396
732 41.0779 48.7855
945 40.8628 48.7211
597 40.6367 48.6534
498 40.392 48.5801
848 39.9784 48.4562
492 39.5536 48.329
155 38.8177 48.1086
388 38.0061 47.8655
619 37.7585 47.7914
38 37.5286 47.7225
480 37.33 47.663
356 37.1307 47.6033
471 36.9233 47.5412
688 34.6295 46.8542
89 32.9383 46.3477
438 30.9122 45.7409
663 29.3374 45.2692
397 29.3374 45.2692
917 29.3374 45.2692
862 29.3374 45.2692
302 29.3374 45.2692
913 29.3374 45.2692
205 29.3374 45.2692
756 29.3115 45.4573
633 29.2927 45.5938
508 29.2758 45.7158
876 29.2588 45.8397
612 29.2428 45.9556
7 29.2119 46.1795
237 29.1763 46.438
566 29.1488 46.637
811 29.1189 46.8542
403 29.0843 47.105
37 29.0526 47.3349
535 29.0213 47.5621
679 28.9913 47.7799
11 28.9558 48.037
723 28.9198 48.2986
706 28.8841 48.5574
938 28.8432 48.8538
391 28.8095 49.0984
655 28.7785 49.3232
748 28.7442 49.572
269 28.7073 49.8399
664 28.6734 50.0856
525 28.6334 50.3757
687 28.5952 50.6532
414 28.5496 50.9838
413 28.4987 51.3526
543 28.4477 51.7227
147 28.3962 52.0968
180 28.3442 52.4738
957 28.2073 53.4671
30 28.0902 54.3166
324 27.9857 55.0742
329 27.8762 55.8687
422 27.8194 56.2806
451 27.7612 56.7025
705 27.7061 57.1024
599 27.649 57.5166
733 27.5941 57.9151
897 27.5404 58.3046
645 27.4895 58.674
327 27.4366 59.0574
788 27.3953 59.3573
382 27.3526 59.667
839 27.3102 59.9743
878 27.262 60.3241
507 27.2612 60.3295
981 27.2604 60.3353
390 27.2596 60.3414
901 27.2588 60.3471
79 27.258 60.3529
267 27.2572 60.3587
137 27.2564 60.3649
729 27.2555 60.3709
903 27.2547 60.377
104 27.2539 60.3826
308 27.2531 60.3884
603 27.2524 60.3934
59 27.2516 60.3991
510 27.2508 60.4049
545 27.25 60.4108
640 27.2492 60.417
778 27.2483 60.4229
361 26.5409 65.5554
233 26.6181 65.5604
404 26.7023 65.5659
291 26.7659 65.57
846 26.8176 65.5734
971 26.876 65.5772
132 26.9375 65.5812
596 27.0123 65.586
34 27.0703 65.5898
927 27.1327 65.5938
720 27.2035 65.5984
912 27.2791 65.6033
929 27.3437 65.6075
735 27.4005 65.6112
359 27.465 65.6154
21 27.5285 65.6195
349 27.5892 65.6235
809 27.661 65.6281
493 27.1574 67.0551
270 25.7163 71.1382
60 25.7163 71.1382
226 25.7163 71.1382
600 25.7163 71.1382
806 25.7163 71.1382
252 25.466 71.2237
479 25.1223 71.341
608 24.844 71.436
339 24.594 71.5213
954 24.3762 71.5956
739 24.1219 71.6824
537 24.1222 71.8062
658 24.1224 71.922
946 24.1226 72.0345
726 24.1228 72.1457
578 24.123 72.2591
587 24.1232 72.3555
965 24.1234 72.4671
697 24.1237 72.598
886 24.1239 72.7125
326 24.1241 72.8167
454 24.1243 72.9227
604 24.1245 73.0216
524 24.1246 73.1138
789 24.1249 73.2337
950 24.1251 73.3459
501 24.1253 73.454
526 24.1255 73.5719
888 24.1257 73.6926
730 24.1259 73.8108
574 24.1262 73.9256
689 24.1264 74.0465
872 24.1266 74.1616
571 24.1268 74.2639
591 24.127 74.3752
825 24.1272 74.4891
266 24.1274 74.6023
431 24.1277 74.7231
443 24.1279 74.8342
124 24.1281 74.948
333 24.1283 75.0559
550 24.1285 75.1612
635 24.1287 75.2605
99 24.1289 75.3656
680 24.1291 75.4753
244 24.1333 77.7246
919 24.1365 79.4189
757 24.1383 80.3691
638 24.14 81.3093
223 24.1415 82.119
249 24.1433 83.0715
288 24.145 83.9298
41 24.1463 84.6724
773 24.1479 85.4965
786 24.1496 86.3902
183 24.1508 87.0341
141 24.1519 87.6273
456 24.1532 88.3144
256 24.1542 88.8256
462 24.1554 89.5101
960 24.1565 90.1001
442 24.1565 90.1001
424 24.1565 90.1001
557 24.1565 90.1001
120 24.1565 90.1001
696 24.1565 90.1001
150 24.1565 90.1001
36 24.1565 90.1001
428 24.1565 90.1001
918 24.1565 90.1001
409 24.1565 90.1001
306 24.1565 90.1001
712 24.1565 90.1001
231 24.1565 90.1001
611 24.1565 90.1001
430 24.1565 90.1001
885 24.1565 90.1001
44 24.1565 90.1001
20 24.1565 90.1001
795 24.1565 90.1001
916 24.1565 90.1001
28 24.1565 90.1001
859 24.1565 90.1001
167 24.1565 90.1001
73 24.1565 90.1001
76 24.1565 90.1001
761 24.1565 90.1001
714 24.1565 90.1001
15 24.1565 90.1001
490 24.1565 90.1001
695 24.1565 90.1001
491 24.1565 90.1001
58 24.1565 90.1001
672 24.1565 90.1001
50 24.1565 90.1001
610 24.1565 90.1001
933 24.1565 90.1001
631 24.1565 90.1001
521 24.1565 90.1001
418 24.1565 90.1001
768 24.1565 90.1001
16 24.1565 90.1001
296 22.8421 90.0769
17 19.3206 90.0147
750 16.0185 89.9564
953 14.6625 89.9324
316 14.5399 89.9302
1 14.4241 89.9282
651 14.3226 89.9264
871 14.198 89.9242
446 14.0551 89.9217
833 13.9382 89.9196
236 13.8015 89.9172
368 13.6842 89.9151
227 13.5536 89.9128
441 13.4174 89.9104
593 13.1478 89.9056
693 12.6957 89.8977
153 12.3105 89.8909
570 11.9738 89.8849
13 11.9166 89.8839
469 11.851 89.8827
31 11.7729 89.8814
905 11.7005 89.8801
753 11.6402 89.879
301 11.5635 89.8777
93 11.4984 89.8765
776 11.4302 89.8753
199 11.347 89.8738
435 11.2721 89.8725
711 11.1994 89.8712
628 11.128 89.87
325 11.0581 89.8687
719 10.9809 89.8674
547 10.9077 89.8661
615 10.8408 89.8649
914 10.7799 89.8638
360 10.7233 89.8628
138 10.6534 89.8616
399 10.5824 89.8603
106 10.5055 89.859
447 10.4335 89.8577
213 10.3607 89.8564
969 10.3553 89.8563
585 10.35 89.8562
115 10.3454 89.8561
380 10.3395 89.856
780 10.3345 89.8559
200 10.3283 89.8558
405 10.3222 89.8557
263 10.3166 89.8556
568 10.3113 89.8555
759 10.306 89.8554
386 10.3009 89.8554
321 10.2955 89.8553
240 10.2896 89.8552
48 10.2841 89.8551
169 10.2777 89.8549
988 10.2716 89.8548
433 10.2815 89.0087
982 10.2833 88.8501
495 10.2853 88.685
364 10.2872 88.5224
401 10.2892 88.3493
736 10.2912 88.1767
792 10.2932 88.0022
75 10.2952 87.8351
868 10.2967 87.7004
444 10.2987 87.5284
699 10.3006 87.3734
637 10.3024 87.2179
815 10.3042 87.0623
39 10.3058 86.9193
827 10.3077 86.7594
304 10.3114 86.4385
973 10.3153 86.1099
108 10.3198 85.7182
203 10.3243 85.3336
90 10.3283 84.9912
718 10.3316 84.7055
678 10.3351 84.4064
184 10.3397 84.0167
168 10.3439 83.6563
487 10.3474 83.3564
247 10.3503 83.1032
803 10.3537 82.811
426 10.3577 82.4652
955 10.3616 82.1333
560 10.3654 81.8102
178 10.3689 81.5102
300 10.3723 81.2163
944 10.3762 80.8845
95 10.3798 80.5761
88 10.3839 80.2176
546 10.3882 79.8554
830 10.3926 79.4753
701 10.3969 79.1007
728 10.4004 78.8065
890 10.4038 78.5095
400 10.4074 78.2014
436 10.4106 77.9317
991 10.4142 77.6217
346 10.4177 77.3217
796 10.421 77.0343
457 10.4243 76.7532
892 10.4275 76.481
554 10.4312 76.1583
639 10.4355 75.7934
224 10.4395 75.4524
657 10.4433 75.1226
429 10.4471 74.7924
500 10.451 74.4577
734 10.4551 74.1081
277 10.4585 73.8205
966 10.4618 73.5385
665 10.4645 73.3006
784 10.4674 73.0542
376 10.4698 72.8502
207 10.4719 72.6689
338 10.4742 72.4738
220 10.4763 72.2866
374 10.4787 72.0809
114 10.4816 71.8368
948 10.484 71.6326
219 10.4865 71.4149
131 10.489 71.2004
272 10.4912 71.0094
371 10.4935 70.8145
255 10.4957 70.624
381 10.4979 70.4401
97 10.5 70.254
192 10.5023 70.0581
607 10.5044 69.8822
162 10.5065 69.6952
347 10.509 69.4853
81 10.5106 69.3504
970 10.5122 69.2137
502 10.5137 69.084
298 10.5152 68.9493
879 10.517 68.7989
860 10.5186 68.6591
3 10.5206 68.4931
551 10.5222 68.349
234 10.5245 68.1546
760 10.5264 67.9908
589 10.5281 67.8453
686 10.5296 67.7193
14 10.5312 67.5763
77 10.5329 67.4301
445 10.5346 67.2914
939 10.5363 67.1406
799 10.5379 67.0047
556 10.5394 66.8767
427 10.5412 66.7202
717 10.5431 66.5623
694 10.5448 66.4144
398 10.5465 66.2658
482 10.5484 66.1056
630 10.5502 65.9475
517 10.5521 65.7897
667 10.5538 65.6374
130 10.5556 65.4877
552 10.5573 65.341
113 10.5591 65.184
924 10.5612 65.0082
411 10.5633 64.8205
601 10.5655 64.637
275 10.5676 64.4515
956 10.5977 61.8726
119 10.6006 61.6243
764 10.6041 61.3217
747 10.6073 61.0488
503 10.6105 60.7792
772 10.6176 60.1634
703 10.6246 59.5695
936 10.632 58.9278
122 10.638 58.4147
222 10.6435 57.9426
166 10.6474 57.6056
677 10.6514 57.2643
565 10.6556 56.9031
182 10.6602 56.5127
463 10.6643 56.1593
154 10.6679 55.8478
925 10.6709 55.5918
972 10.6744 55.2944
303 10.6779 54.9896
505 10.6815 54.6821
218 10.6848 54.3979
542 10.6883 54.0959
336 10.6916 53.8195
531 10.6948 53.5424
128 10.699 53.1773
279 10.702 52.9208
47 10.7051 52.659
849 10.7081 52.4008
527 10.7113 52.1243
858 10.7147 51.8357
116 10.718 51.5508
863 10.7214 51.2627
214 10.7237 51.0622
708 10.7263 50.8363
174 10.7291 50.5948
841 10.7319 50.358
196 10.7344 50.1459
100 10.7377 49.8598
909 10.7411 49.5704
57 10.7443 49.2969
749 10.7475 49.016
373 10.7507 48.7435
489 10.754 48.4639
990 10.7575 48.164
616 10.7605 47.9024
148 10.7633 47.6593
758 10.7661 47.426
499 10.7691 47.1645
652 11.0138 47.0017
731 11.2583 46.839
330 11.5053 46.6747
797 11.8179 46.4666
125 12.0909 46.285
691 12.0909 46.285
908 12.0614 46.0121
78 12.0279 45.7027
475 11.9982 45.4284
142 11.965 45.1222
228 11.9268 44.7692
698 11.8917 44.445
534 11.851 44.0686
949 11.8074 43.6657
958 11.7636 43.2611
328 11.7224 42.8798
32 11.7224 42.8798
423 11.7224 42.8798
87 11.7224 42.8798
46 11.7224 42.8798
770 11.7224 42.8798
496 11.7224 42.8798
312 11.7224 42.8798
341 11.7224 42.8798
805 11.7224 42.8798
10 11.7224 42.8798
212 11.7224 42.8798
771 11.7224 42.8798
700 11.7224 42.8798
352 11.7224 42.8798
157 11.7224 42.8798
794 11.9436 35.0306
133 11.9485 34.8556
283 11.9531 34.6945
4 11.9581 34.5181
384 11.962 34.3776
476 11.9663 34.2272
710 11.972 34.0225
86 11.977 33.8447
985 11.9816 33.6835
123 11.9862 33.5207
65 11.9917 33.3257
74 11.9979 33.1028
258 12.0034 32.9096
514 12.0078 32.7521
898 12.0123 32.5937
331 13.1025 30.6273
299 13.8114 29.3485
602 14.5068 28.0942
221 15.0568 27.1022
121 15.3117 26.6424
486 15.5814 26.1559
673 15.8899 25.5994
836 16.2265 24.9924
307 16.6013 24.3164
439 16.5006 24.091
899 16.4046 23.8759
943 16.3092 23.6624
661 16.2053 23.4298
402 16.1062 23.208
824 16.0181 23.0108
643 15.849 22.632
702 15.6912 22.2788
284 15.5344 21.9278
741 15.3558 21.5278
474 15.1966 21.1714
915 15.0335 20.8063
963 14.7703 20.2172
455 14.5239 19.6653
268 14.2904 19.1427
902 13.983 18.4544
646 13.5834 17.5597
629 13.3265 16.9844
881 13.1311 16.5471
572 12.9817 16.2126
812 12.5182 15.1748
61 12.5182 15.1748
366 12.5182 15.1748
674 12.5182 15.1748
412 12.5182 15.1748
362 12.5182 15.1748
348 12.5182 15.1748
187 12.5182 15.1748
488 12.774 15.179
722 12.9804 15.1824
254 14.15 15.2018
211 14.9475 15.215
588 15.7977 15.229
641 16.7988 15.2456
682 17.6206 15.2592
8 20.9769 15.3147
669 24.8216 15.3783
709 27.114 15.4162
407 28.8284 15.4446
111 30.004 15.464
287 30.9431 15.4795
351 31.6799 15.4917
363 32.4499 15.5045
704 33.2103 15.517
883 33.9528 15.5293
26 34.7007 15.5417
518 35.3944 15.5532
573 36.2513 17.8851
289 37.2224 20.528
653 37.4605 21.1761
626 37.7059 21.8439
586 37.9958 22.633
64 38.1919 23.1665
164 38.4671 23.9157
160 38.4353 23.9486
834 38.4051 23.9798
822 38.3753 24.0105
191 38.3462 24.0405
246 38.3168 24.071
337 38.2695 24.6397
467 38.214 25.3066
310 38.1643 25.9045
935 38.0946 26.7417
787 38.0805 26.9118
692 38.0656 27.0906
209 38.0656 27.0906
865 38.0656 27.0906
934 37.5354 27.5732
261 36.9402 28.115
421 36.2984 28.6992
278 35.5697 29.3624
869 34.9114 29.9617
354 34.374 30.4509
829 33.8846 30.8963
549 34.961 31.33
151 36.5894 31.9861
783 38.752 32.8574
529 39.6272 33.21
379 40.7837 33.6759
989 42.3255 34.2971
853 43.7639 34.8767
194 45.4579 35.5592
250 45.896 35.7357
257 46.33 35.9105
790 46.8139 36.1055
452 47.3573 36.3244
512 47.9109 36.5474
870 50.2961 37.3917
276 52.369 38.1254
716 54.9191 39.0281
842 57.891 40.08
43 57.8947 39.7765
314 57.8984 39.4708
751 57.9023 39.1471
458 57.9055 38.885
634 57.9085 38.6316
66 57.9116 38.3768
197 57.9147 38.1219
644 57.9175 37.8919
930 57.9211 37.5965
675 57.9243 37.3272
978 57.9277 37.051
357 57.9311 36.7651
606 57.9351 36.441
217 57.9395 36.0718
875 57.9444 35.6717
27 57.9511 35.1163
959 57.9571 34.6169
831 57.9603 34.3596
358 57.9629 34.1431
594 57.9658 33.906
821 57.9692 33.6193
45 57.9724 33.3567
19 57.9759 33.0719
6 57.9795 32.7728
377 57.9826 32.5145
419 57.9863 32.2093
906 57.9863 32.2093
873 58.3113 31.6243
781 58.6032 31.0989
828 58.8859 30.5901
785 59.1825 30.0563
55 59.5203 29.4482
555 59.8541 28.8473
681 60.2025 28.2204
355 60.7282 27.2742
598 62.741 23.6514
176 64.1041 21.1979
819 64.6152 20.278
295 65.2287 19.1738
721 65.9229 17.9243
777 66.1834 17.4554
581 66.4484 16.9784
24 66.7274 16.4763
504 67.0416 15.9107
103 67.3935 15.2774
