0,103,176,721,555,777,751,821,831,504,295,581,819,24,598,828,959,45,781,785,681,930,19,55,873,419,164,209,6,377,27,197,865,69,276,314,716,323,926,844,594,43,458,906,623,70,875,606,842,978,355,217,675,63,358,634,644,66,143,117,870,357,850,519,85,396,852,460,605,478,907,538,51,290,962,293,867,650,67,975,440,837,942,315,420,832,647,393,340,208,900,509,238,656,110,152,668,847,173,68,84,102,190,904,987,35,744,654,727,485,595,9,515,767,188,798,986,800,432,791,769,810,921,671,112,894,964,968,762,724,804,857,453,802,171,976,350,765,91,540,632,264,910,576,513,715,101,56,621,471,144,676,216,134,80,596,225,793,732,404,104,163,617,484,779,410,281,235,683,175,523,558,161,365,577,498,533,855,743,370,625,468,54,291,286,94,582,109,262,237,923,30,186,342,472,922,597,929,492,282,912,839,843,809,459,210,945,127,89,853,302,475,876,706,525,7,679,388,790,566,452,38,512,529,269,748,778,783,535,414,155,438,619,356,461,397,147,257,687,37,723,862,913,480,508,811,935,664,11,413,603,151,194,522,891,688,180,543,49,692,848,917,989,655,612,205,822,787,421,250,26,467,278,586,869,191,221,261,824,549,834,337,289,379,934,709,626,486,160,307,354,518,653,246,702,643,439,284,363,883,111,669,704,351,64,573,407,287,310,661,812,741,412,366,211,254,61,455,722,348,674,881,646,641,331,963,362,187,902,474,402,588,629,8,488,682,514,299,943,258,899,915,86,121,87,710,794,898,4,602,572,836,985,133,65,958,10,673,74,829,700,268,148,32,125,283,212,330,499,46,78,336,328,956,463,157,476,534,128,373,496,182,116,652,384,142,770,489,758,100,749,47,527,122,936,938,972,218,505,797,422,731,166,352,341,858,154,909,677,565,214,279,174,303,57,616,841,123,863,312,222,663,760,849,633,698,228,771,691,805,908,990,949,542,391,423,925,403,708,756,788,510,79,545,324,571,329,267,950,501,454,789,382,526,971,640,689,635,846,735,720,897,429,901,604,601,574,878,591,658,34,965,903,390,507,729,359,266,451,349,733,493,730,99,957,59,21,888,443,537,772,946,137,233,333,327,587,927,981,608,705,645,599,132,97,479,600,308,234,114,272,717,939,81,764,119,361,162,196,966,398,747,970,411,630,220,784,531,482,680,728,326,3,502,457,400,948,639,14,799,589,77,298,371,552,338,607,726,665,131,734,219,991,445,524,739,130,667,381,192,694,347,703,500,686,224,701,556,517,255,346,860,796,376,879,277,427,487,657,207,551,275,339,825,374,503,924,168,113,244,554,263,433,718,955,436,914,944,560,890,830,973,200,405,39,637,50,699,695,184,570,90,678,199,1,792,301,426,953,240,75,568,447,827,546,364,547,969,247,300,982,48,815,236,557,169,750,213,386,495,95,203,399,304,719,138,693,316,31,446,462,435,988,178,803,380,108,736,585,711,615,892,444,868,401,153,759,106,905,780,321,325,360,368,933,628,960,17,886,93,306,96,2,610,808,16,761,20,651,183,271,490,167,470,795,60,76,456,768,469,593,441,638,786,44,885,757,418,833,521,712,409,36,696,424,58,288,578,430,871,141,15,41,249,697,631,773,491,428,88,954,442,431,13,776,916,115,714,550,227,753,611,124,872,392,256,28,859,662,215,294,877,974,241,181,548,614,569,239,394,449,22,193,265,564,92,270,53,807,309,189,139,226,146,231,649,253,73,613,120,919,672,296,707,230,561,292,252,752,305,172,223,448,755,539,129,437,806,72,738,389,150,840,918,5,559,874,947,766,408,624,202,861,62,851,280,416,320,882,406,984,140,434,746,541,530,511,532,563,713,335,754,940,961,375,319,866,642,165,343,536,562,690,245,980,567,126,229,415,516,618,105,814,206,911,895,317,816,369,737,782,477,856,23,367,584,887,636,659,156,826,185,575,992,896,82,952,313,248,179,259,880,774,344,40,931,763,118,823,465,297,801,12,395,177,18,71,145,378,42,158,318,149,622,251,648,494,813,845,820,580,159,818,666,893,937,52,273,864,620,854,775,481,742,83,544,417,353,817,464,135,285,983,928,725,740,528,322,25,889,660,685,473,311,204,450,332,372,579,201,385,242,967,838,497,506,684,198,383,977,920,932,136,107,334,941,951,583,170,232,670,387,884,553,274,609,592,745,195,425,29,835,466,590,520,98,33,627,979,345,483,243,260,
value : 396.559 running time : 2288.393683
0 80 20
103 67.6054 15.1971
176 67.0585 16.3061
721 66.4437 17.5529
555 63.0111 24.5142
777 62.8562 24.8283
751 62.6388 25.2692
821 62.5229 25.5042
831 62.4178 25.7175
504 62.3185 25.9187
295 62.2044 26.1502
581 62.0862 26.3898
819 61.9534 26.6591
24 61.8249 26.9199
598 61.6818 27.2101
828 61.5126 27.5531
959 61.3766 27.829
45 61.2199 28.1468
781 61.0888 28.4126
785 60.9575 28.679
681 60.8356 28.9261
930 60.7236 29.1532
19 60.6471 29.3083
55 60.6471 29.3083
873 60.6471 29.3083
419 60.6471 29.3083
164 60.562 30.1781
209 60.4533 31.2899
6 60.3317 32.532
377 60.185 34.0322
27 60.0618 35.2911
197 59.9266 36.6729
865 59.9266 36.6729
69 59.681 43.3008
276 59.6266 44.7691
314 59.6427 44.8673
716 59.6594 44.9696
323 59.6771 45.0779
926 59.6963 45.195
844 59.7126 45.2949
594 59.7327 45.418
43 59.7529 45.5417
458 59.7729 45.6636
906 59.796 45.8053
623 59.8211 45.9586
70 59.844 46.0988
875 59.8646 46.2247
606 59.8862 46.3573
842 59.9088 46.4951
978 59.9287 46.6168
355 59.9487 46.7397
217 59.9764 46.9087
675 60.0032 47.073
63 60.0302 47.2383
358 60.057 47.4021
634 60.0868 47.5846
644 60.1201 47.7881
66 60.1506 47.975
143 60.2517 48.5931
117 60.3477 49.1808
870 60.4344 49.7111
357 60.7298 51.5185
850 61.199 54.3889
519 61.4272 55.7847
85 61.732 57.6499
396 62.1141 59.9876
852 62.8532 64.5091
460 62.8359 64.5937
605 62.8196 64.6735
478 62.8045 64.7472
907 62.7885 64.8254
538 62.7723 64.9046
51 62.7555 64.9867
290 62.7405 65.0603
962 62.7261 65.1307
293 62.712 65.1997
867 62.6969 65.2733
650 62.6823 65.3448
67 62.6671 65.4192
975 62.6521 65.4923
440 62.6466 65.5046
837 62.6413 65.5166
942 62.6363 65.5278
315 62.6299 65.5421
420 62.6246 65.5539
832 62.6182 65.5683
647 62.6128 65.5803
393 62.6068 65.5938
340 62.6007 65.6074
208 62.5947 65.6209
900 62.5889 65.6338
509 62.5829 65.6473
238 62.5777 65.659
656 62.5724 65.6709
110 62.5662 65.6848
152 62.56 65.6987
668 62.5538 65.7126
847 62.5475 65.7265
173 62.542 65.739
68 62.5366 65.7509
84 62.5311 65.7633
102 62.5258 65.7751
190 62.5193 65.7898
904 62.5116 65.807
987 62.505 65.8217
35 62.4992 65.8347
744 62.4923 65.8503
654 62.1807 65.8392
727 61.8437 65.8272
485 61.4885 65.8146
595 61.1301 65.8018
9 60.7399 65.7879
515 60.4075 65.776
767 60.0852 65.7646
188 58.9326 65.7235
798 58.1778 65.6966
986 57.625 65.6769
800 57.1813 65.6611
432 56.7321 65.6451
791 56.2636 65.6284
769 55.8409 65.6133
810 55.4149 65.5982
921 54.9991 65.5834
671 54.6744 65.5718
112 53.3432 65.5244
894 51.8355 65.4706
964 50.9468 65.439
968 49.909 65.402
762 48.8313 65.3636
724 47.0024 65.2984
804 47.0024 65.2984
857 47.0024 65.2984
453 47.0024 65.2984
802 47.0024 65.2984
171 46.9982 65.2901
976 46.9945 65.2825
350 46.9906 65.2747
765 46.9865 65.2664
91 46.983 65.2595
540 46.9792 65.2517
632 46.9753 65.2439
264 46.9707 65.2347
910 46.9668 65.2268
576 46.9628 65.2188
513 46.9593 65.2117
715 46.9551 65.2031
101 46.9509 65.1947
56 46.947 65.187
621 46.9431 65.1789
471 46.9393 65.1714
144 46.9359 65.1646
676 46.9321 65.1568
216 46.9283 65.1492
134 46.9246 65.1417
80 46.9207 65.1338
596 46.9165 65.1255
225 46.9128 65.1179
793 46.9088 65.1099
732 46.9049 65.1019
404 46.9012 65.0945
104 46.8973 65.0866
163 46.8938 65.0796
617 46.8903 65.0726
484 46.8865 65.065
779 46.8825 65.057
410 46.8785 65.0488
281 46.8745 65.0407
235 46.8709 65.0336
683 46.867 65.0257
175 46.8632 65.0179
523 46.8595 65.0105
558 46.8557 65.0028
161 46.8518 64.9951
365 46.8478 64.9869
577 46.844 64.9793
498 46.84 64.9713
533 46.8362 64.9636
855 46.8328 64.9567
743 46.8289 64.9489
370 46.8247 64.9405
625 46.8215 64.9339
468 46.8179 64.9268
54 46.814 64.9189
291 46.8105 64.9117
286 46.8072 64.9052
94 46.8041 64.8989
582 46.8008 64.8923
109 46.0199 63.318
262 42.6631 56.5486
237 42.6631 56.5486
923 42.6631 56.5485
30 42.6631 56.5485
186 42.663 56.5485
342 42.663 56.5484
472 42.663 56.5484
922 42.663 56.5483
597 42.663 56.5483
929 42.6629 56.5483
492 42.6629 56.5482
282 42.6629 56.5482
912 42.3893 56.008
839 42.1055 55.4476
843 41.8229 54.8898
809 41.5656 54.3819
459 41.2969 53.8513
210 40.5141 52.3057
945 39.7074 50.7129
127 38.8314 48.9833
89 37.8712 47.0874
853 36.5542 44.4874
302 35.9425 43.2797
475 35.3001 42.0112
876 35.3 42.0109
706 35.2998 42.0105
525 35.2996 42.0102
7 35.2995 42.0098
679 35.2993 42.0095
388 35.2991 42.0091
790 35.2989 42.0088
566 35.2988 42.0085
452 35.2986 42.0081
38 35.2984 42.0077
512 35.2982 42.0074
529 35.298 42.007
269 35.2979 42.0066
748 35.2977 42.0062
778 35.2975 42.0059
783 35.2973 42.0055
535 35.2971 42.0051
414 35.2969 42.0047
155 35.2968 42.0044
438 35.2966 42.004
619 35.2964 42.0036
356 35.2962 42.0033
461 35.296 42.0029
397 35.2958 42.0025
147 35.2956 42.0021
257 35.2955 42.0017
687 35.2953 42.0013
37 35.2951 42.0009
723 35.2949 42.0005
862 35.2949 42.0005
913 35.2949 42.0005
480 35.2949 42.0005
508 35.2949 42.0005
811 35.2949 42.0005
935 35.2949 42.0005
664 35.2949 42.0005
11 35.2949 42.0005
413 35.2949 42.0005
603 35.2949 42.0005
151 35.2949 42.0005
194 35.2949 42.0005
522 35.2949 42.0005
891 35.2949 42.0005
688 35.2735 41.9338
180 35.2255 41.7834
543 35.1724 41.6174
49 35.1237 41.4649
692 35.073 41.3065
848 35.0236 41.1518
917 34.9247 40.8424
989 34.8241 40.5277
655 34.7161 40.1897
612 34.8973 37.7591
205 35.0265 36.0259
822 35.2244 33.8454
787 35.3301 32.6796
421 35.4198 31.6909
250 35.5278 30.5009
26 35.5035 30.2095
467 35.4847 29.9836
278 35.4659 29.7574
586 35.4463 29.5218
869 35.4265 29.2848
191 35.4053 29.0303
221 35.3827 28.7588
261 35.3608 28.4954
824 35.3405 28.2521
549 35.3216 28.025
834 35.2964 27.723
337 35.2695 27.399
289 35.2472 27.1315
379 35.2241 26.8544
934 35.2001 26.5665
709 35.1771 26.2901
626 35.1543 26.0164
486 35.1342 25.7751
160 35.0489 24.7501
307 34.947 23.5269
354 34.8442 22.2925
518 34.2024 14.586
653 33.865 14.5849
246 33.208 14.5825
702 32.648 14.5806
643 32.2393 14.5791
439 31.878 14.5779
284 31.5681 14.5768
363 31.2949 14.5758
883 30.9968 14.5748
111 30.6713 14.5736
669 30.3197 14.5724
704 29.994 14.5712
351 29.6386 14.57
64 29.2823 14.5687
573 28.9584 14.5676
407 28.5964 14.5663
287 28.2024 14.5649
310 27.6644 14.563
661 18.6804 14.5314
812 13.4068 14.5128
741 13.3841 14.6282
412 13.3634 14.7331
366 13.343 14.8366
211 13.3223 14.9416
254 13.3003 15.0536
61 13.2806 15.1538
455 13.2601 15.2576
722 13.245 15.3345
348 13.2001 15.5625
674 13.1562 15.7856
881 13.1133 16.0033
646 13.0607 16.2707
641 13.0078 16.5394
331 12.9628 16.7676
963 12.9212 16.9791
362 12.8853 17.1615
187 12.8472 17.3548
902 12.8472 17.3548
474 12.8472 17.3549
402 12.8472 17.3549
588 12.8472 17.3549
629 12.8472 17.3549
8 12.8472 17.3549
488 12.8472 17.3549
682 12.8028 20.1266
514 12.7317 24.5643
299 12.7282 24.7841
943 12.7248 24.9999
258 12.7215 25.2033
899 12.7182 25.4082
915 12.7147 25.6273
86 12.5571 27.9832
121 12.5244 28.4719
87 12.4941 28.9254
710 12.4669 29.3333
794 12.4384 29.7601
898 12.4083 30.2096
4 12.3896 30.489
602 12.3709 30.7691
572 12.3457 31.1462
836 12.3193 31.5407
985 12.2912 31.96
133 12.2652 32.3481
65 12.2373 32.7657
958 12.2101 33.1721
10 12.1865 33.5243
673 12.1656 33.8362
74 12.1386 34.2403
829 12.095 34.8909
700 12.0461 35.6219
268 12.0023 36.2767
148 11.9415 37.1855
32 11.8951 37.8789
125 11.8493 38.5632
283 11.7998 39.3026
212 11.7488 40.0654
330 11.7001 40.7923
499 11.6519 41.5134
46 11.6084 42.1624
78 11.5629 42.8423
336 11.5116 43.6092
328 11.5116 43.6092
956 11.5101 47.9285
463 11.51 48.0793
157 11.51 48.2339
476 11.5099 48.3894
534 11.5099 48.5555
128 11.5098 48.7136
373 11.5097 48.8845
496 11.5097 49.0512
182 11.5096 49.2201
116 11.5095 49.3765
652 11.5095 49.5286
384 11.5094 49.6831
142 11.5094 49.8717
770 11.5093 50.0371
489 11.5092 50.2276
758 11.5091 50.4148
100 11.5091 50.5964
749 11.509 50.7707
47 11.5089 50.959
527 11.5089 51.1468
122 11.5088 51.3292
936 11.5299 51.3581
938 11.5518 51.388
972 11.5718 51.4152
218 11.5908 51.4412
505 11.6107 51.4684
797 11.6313 51.4966
422 11.6522 51.5251
731 11.6698 51.5491
166 11.6906 51.5775
352 11.7116 51.6063
341 11.732 51.6341
858 11.7538 51.6639
154 11.7734 51.6906
909 11.7945 51.7195
677 11.8175 51.7509
565 11.8389 51.7801
214 11.8585 51.8068
279 11.8797 51.8358
174 11.8996 51.863
303 11.9191 51.8897
57 11.9384 51.916
616 11.9577 51.9423
841 11.9783 51.9705
123 11.998 51.9973
863 12.0181 52.0248
312 12.0491 52.0672
222 12.0835 52.1141
663 12.1172 52.1603
760 12.151 52.2064
849 12.1816 52.2482
633 12.2137 52.292
698 12.2427 52.3316
228 12.2702 52.3691
771 12.3018 52.4122
691 12.3348 52.4573
805 12.3634 52.4965
908 12.3923 52.5359
990 12.4191 52.5725
949 12.4939 52.6747
542 12.5684 52.7764
391 12.6433 52.8787
423 12.7103 52.9703
925 12.8347 53.1402
403 12.9594 53.3105
708 13.7803 54.4636
756 17.4845 59.6667
788 18.3099 60.8261
510 18.7369 61.4258
79 19.1646 62.0266
545 19.5764 62.605
324 20.0855 63.3201
571 20.9049 64.4711
329 21.2643 64.9759
267 21.6701 65.546
950 22.1018 66.1524
501 22.4947 66.7042
454 22.871 67.2329
789 22.9342 67.3216
382 22.9934 67.4047
526 23.0613 67.5002
971 23.1264 67.5916
640 23.1923 67.6841
689 23.2681 67.7906
635 23.2681 67.7906
846 23.2681 67.7906
735 23.2681 67.7906
720 23.2681 67.7906
897 23.2681 67.7906
429 23.2681 67.7906
901 23.2681 67.7906
604 23.2681 67.7906
601 23.2681 67.7906
574 23.2681 67.7906
878 23.2681 67.7906
591 23.2681 67.7906
658 23.2681 67.7906
34 23.2681 67.7906
965 23.2681 67.7906
903 23.2681 67.7906
390 23.2681 67.7906
507 23.2681 67.7906
729 23.2681 67.7906
359 23.2681 67.7906
266 23.2681 67.7906
451 23.2681 67.7906
349 23.2681 67.7906
733 23.2681 67.7906
493 23.2681 67.7906
730 23.2301 67.8462
99 23.1969 67.8949
957 23.1689 67.9359
59 23.1375 67.982
21 23.096 68.0429
888 23.0503 68.1099
443 23.0086 68.171
537 22.9722 68.2244
772 22.9381 68.2745
946 22.9 68.3304
137 22.8683 68.3769
233 22.8301 68.4329
333 22.7839 68.5007
327 22.7458 68.5565
587 22.7077 68.6124
927 22.668 68.6707
981 22.63 68.7264
608 22.5851 68.7922
705 22.5851 68.7922
645 22.5851 68.7922
599 22.5851 68.7922
132 22.5851 68.7922
97 22.5851 68.7922
479 22.5851 68.7922
600 22.5851 68.7922
308 22.5851 68.7922
234 11.9453 69.7381
114 11.868 69.7449
272 11.7882 69.752
717 11.7035 69.7595
939 11.6274 69.7663
81 11.5751 69.771
764 11.5171 69.7761
119 11.4553 69.7816
361 11.3959 69.7869
162 11.3299 69.7928
196 11.2629 69.7987
966 11.1931 69.8049
398 11.1369 69.8099
747 11.0719 69.8157
970 11.0131 69.8209
411 10.9565 69.826
630 10.8927 69.8316
220 10.8297 69.8372
784 10.7539 69.844
531 10.684 69.8502
482 10.684 69.8502
680 10.684 69.8502
728 10.684 69.8502
326 10.684 69.8502
3 10.684 69.8502
502 10.684 69.8502
457 10.684 69.8502
400 10.684 69.8502
948 10.684 69.8502
639 10.684 69.8502
14 10.684 69.8502
799 10.684 69.8502
589 10.684 69.8502
77 10.684 69.8502
298 10.684 69.8502
371 10.684 69.8502
552 10.684 69.8502
338 10.684 69.8502
607 10.684 69.8502
726 10.684 69.8502
665 10.684 69.8502
131 10.684 69.8502
734 10.684 69.8502
219 10.684 69.8502
991 10.684 69.8502
445 10.684 69.8502
524 10.684 69.8502
739 10.684 69.8502
130 10.684 69.8502
667 10.684 69.8502
381 10.684 69.8502
192 10.684 69.8502
694 10.684 69.8502
347 10.684 69.8502
703 10.6788 70.031
500 10.6727 70.245
686 10.667 70.4478
224 10.6613 70.6458
701 10.6564 70.8182
556 10.6511 71.0055
517 10.6463 71.173
255 10.6413 71.3491
346 10.6358 71.5415
860 10.6306 71.7242
796 10.6258 71.8926
376 10.6213 72.0495
879 10.6162 72.2295
277 10.6109 72.4173
427 10.6054 72.6082
487 10.5999 72.8008
657 10.5947 72.9829
207 10.5896 73.1627
551 10.5848 73.3319
275 10.5803 73.4913
339 10.5722 73.7732
825 10.5648 74.0336
374 10.5579 74.2769
503 10.5513 74.5079
924 10.5445 74.7474
168 10.515 75.7827
113 10.4881 76.7263
244 10.4564 77.8405
554 10.431 78.7286
263 10.4046 79.6573
433 10.3901 80.1649
718 10.3738 80.7365
955 10.3598 81.228
436 10.3453 81.7389
914 10.3302 82.2664
944 10.3188 82.6675
560 10.3066 83.0978
890 10.2935 83.5548
830 10.2783 84.0887
973 10.2591 84.7615
200 10.2455 85.2392
405 10.2415 85.3797
39 10.2379 85.5075
637 10.2349 85.6132
50 10.2318 85.7215
699 10.2287 85.8304
695 10.2256 85.9378
184 10.2227 86.0412
570 10.2194 86.1553
90 10.2159 86.2798
678 10.2117 86.4264
199 10.2081 86.5548
1 10.2047 86.6735
792 10.2014 86.7871
301 10.1979 86.9096
426 10.1947 87.0239
953 10.1911 87.1511
240 10.1878 87.2655
75 10.1842 87.3925
568 10.1799 87.5416
447 10.1761 87.676
827 10.1723 87.8087
546 10.1693 87.9146
364 10.1657 88.0413
547 10.1622 88.1644
969 10.1586 88.2914
247 10.1552 88.4093
300 10.1519 88.525
982 10.1484 88.6486
48 10.145 88.7696
815 10.1411 88.9067
236 10.137 89.0487
557 10.1335 89.1713
169 10.13 89.296
750 10.1257 89.4444
213 10.1223 89.5654
386 10.1221 89.5732
495 10.1218 89.5813
95 10.1216 89.5899
203 10.1214 89.5985
399 10.1211 89.6076
304 10.1208 89.6172
719 10.1206 89.6262
138 10.1203 89.6355
693 10.1201 89.6442
316 10.1198 89.6527
31 10.1196 89.6613
446 10.1193 89.6711
462 10.119 89.6809
435 10.1187 89.6908
988 10.1185 89.7
178 10.2046 89.6969
803 10.3002 89.6935
380 10.395 89.6902
108 10.4869 89.6869
736 10.5785 89.6837
585 10.6703 89.6804
711 10.7702 89.6769
615 10.8609 89.6736
892 10.9611 89.6701
444 11.0566 89.6667
868 11.1509 89.6634
401 11.2498 89.6599
153 11.3516 89.6563
759 11.451 89.6527
106 11.5641 89.6487
905 11.6801 89.6446
780 11.801 89.6403
321 11.9133 89.6363
325 12.9728 89.5988
360 14.0704 89.5599
368 15.0747 89.5243
933 16.003 89.4914
628 16.9307 89.4585
960 25.5229 89.154
17 25.5229 89.154
886 25.5229 89.154
93 25.5229 89.154
306 25.5229 89.154
96 25.5229 89.154
2 25.5229 89.1539
610 25.5229 89.1539
808 25.5229 89.1539
16 25.5229 89.1539
761 25.5229 89.1539
20 25.5229 89.1539
651 25.5229 89.1539
183 25.5229 89.1539
271 25.5229 89.1539
490 25.5229 89.1539
167 25.5229 89.1539
470 25.5229 89.1539
795 25.5229 89.1539
60 25.5229 89.1539
76 25.5229 89.1539
456 25.5229 89.1539
768 25.5229 89.1539
469 25.5229 89.1539
593 25.5229 89.1539
441 25.5229 89.1539
638 25.5229 89.1539
786 25.5229 89.1539
44 25.5229 89.1539
885 25.5229 89.1539
757 25.5229 89.1539
418 25.5229 89.1539
833 25.5229 89.1539
521 25.5229 89.1539
712 25.5229 89.1539
409 25.5229 89.1539
36 25.5229 89.1539
696 25.523 89.1539
424 25.523 89.1539
58 25.523 89.1539
288 25.523 89.1539
578 25.523 89.1539
430 25.523 89.1539
871 25.523 89.1539
141 25.523 89.1539
15 25.523 89.1539
41 25.523 89.1539
249 25.523 89.1539
697 25.523 89.1539
631 25.523 89.1539
773 25.523 89.1539
491 25.523 89.1539
428 25.523 89.1539
88 25.523 89.1539
954 25.523 89.1539
442 25.523 89.1539
431 25.523 89.1539
13 25.523 89.1539
776 25.523 89.1539
916 25.523 89.1539
115 25.523 89.1539
714 25.523 89.1539
550 25.523 89.1539
227 25.523 89.1539
753 26.4772 89.0261
611 27.6065 88.8749
124 28.9649 88.693
872 29.9202 88.565
392 30.7835 88.4494
256 31.5853 88.3421
28 32.3732 88.2365
859 33.5394 88.0803
662 35.0366 87.8798
215 35.1451 87.8811
294 35.2464 87.8823
877 35.3313 87.8833
974 35.419 87.8844
241 35.4998 87.8853
181 35.5803 87.8863
548 35.6581 87.8872
614 35.7383 87.8882
569 35.8192 87.8892
239 35.9022 87.8901
394 35.9745 87.891
449 36.0508 87.8919
22 36.1247 87.8928
193 36.2043 87.8937
265 36.2751 87.8946
564 36.3421 87.8954
92 36.4019 87.8961
270 36.4689 87.8969
53 36.5392 87.8977
807 36.6068 87.8985
309 36.6721 87.8993
189 36.7347 87.9001
139 36.7999 87.9008
226 36.8683 87.9017
146 36.9398 87.9025
231 37.0099 87.9033
649 37.0814 87.9042
253 37.147 87.905
73 37.2188 87.9058
613 37.2965 87.9067
120 37.3668 87.9076
919 37.4404 87.9084
672 37.513 87.9093
296 37.5875 87.9102
707 37.67 87.9112
230 37.7495 87.9121
561 37.8278 87.913
292 37.901 87.9139
252 37.9741 87.9148
752 38.1725 87.9171
305 38.4096 87.9199
172 38.6024 87.9222
223 38.8018 87.9246
448 39.0599 87.9277
755 39.3414 87.931
539 39.568 87.9337
129 39.7895 87.9363
437 40.0111 87.939
806 40.2254 87.9415
72 40.4615 87.9443
738 40.7122 87.9473
389 40.9797 87.9505
150 41.2171 87.9533
840 41.6702 87.9587
918 42.0902 87.9637
5 43.0586 87.9751
559 43.7091 87.9829
874 44.3291 87.9902
947 45.0229 87.9985
766 45.5893 88.0052
408 46.5507 88.0166
624 47.4571 88.0274
202 47.8574 88.0321
861 48.1724 88.0358
62 48.495 88.0397
851 48.8144 88.0435
280 49.1158 88.047
416 49.3876 88.0503
320 49.7408 88.0545
882 50.0982 88.0587
406 50.162 88.0594
984 50.2293 88.0602
140 50.2849 88.0609
434 50.3422 88.0616
746 50.3967 88.0622
541 50.4532 88.0629
530 50.51 88.0636
511 50.5713 88.0643
532 50.6295 88.065
563 50.6857 88.0657
713 50.7472 88.0664
335 50.813 88.0672
754 50.8736 88.0679
940 50.9298 88.0685
961 50.9864 88.0692
375 51.0437 88.0699
319 51.1052 88.0706
866 51.1689 88.0714
642 51.2355 88.0722
165 51.3008 88.0729
343 51.368 88.0737
536 51.4384 88.0746
562 51.5059 88.0754
690 51.5852 88.0763
245 51.6557 88.0771
980 51.7288 88.078
567 51.8005 88.0789
126 51.8603 88.0796
229 51.929 88.0804
415 51.9915 88.0811
516 52.0541 88.0819
618 52.12 88.0826
105 52.1816 88.0834
814 52.2467 88.0841
206 52.3164 88.085
911 52.4013 88.086
895 52.4652 88.0867
317 52.5405 88.0876
816 52.6069 88.0884
369 52.6701 88.0892
737 52.7345 88.0899
782 52.7957 88.0906
477 52.8648 88.0915
856 52.9237 88.0922
23 52.9817 88.0928
367 53.041 88.0935
584 53.102 88.0943
887 53.1568 88.0949
636 53.2098 88.0955
659 53.2663 88.0962
156 53.3294 88.097
826 53.3943 88.0977
185 53.4684 88.0986
575 53.5307 88.0993
992 53.5921 88.1001
896 53.6436 88.1007
82 53.694 88.1013
952 53.7588 88.102
313 53.8206 88.1028
248 53.8777 88.1034
179 53.9672 88.1045
259 54.0568 88.1056
880 54.1421 88.1066
774 54.2258 88.1076
344 54.3139 88.1086
40 54.4025 88.1097
931 54.4938 88.1107
763 54.5711 88.1117
118 56.6531 88.1363
823 58.8261 88.162
465 59.9527 88.1753
297 60.6471 88.1835
801 61.2861 88.1911
12 61.9492 88.1989
395 62.7702 88.2087
177 63.5939 88.2184
18 64.4453 88.2285
71 65.3486 88.2392
145 65.934 88.2461
378 66.4993 88.2528
42 67.1423 88.2604
158 67.8467 88.2687
318 68.4847 88.2763
149 69.0968 88.2835
622 69.6992 88.2907
251 70.3705 88.2986
648 71.0749 88.3069
494 71.2658 88.3092
813 71.4487 88.3114
845 71.6352 88.3136
820 71.8471 88.3161
580 71.9825 88.3177
159 72.099 88.3191
818 72.2116 88.3204
666 72.3241 88.3217
893 72.4415 88.3231
937 72.5417 88.3243
52 72.6456 88.3255
273 72.7587 88.3269
864 72.8905 88.3284
620 73.0053 88.3298
854 73.1363 88.3313
775 73.259 88.3328
481 73.3824 88.3342
742 73.5161 88.3358
83 73.6355 88.3372
544 73.7565 88.3387
417 73.8912 88.3403
353 74.0113 88.3417
817 74.1314 88.3431
464 74.3061 88.3452
135 76.4464 88.3705
285 77.6603 88.3848
983 79.5961 88.4077
928 80.7636 88.4215
725 81.7349 86.9581
740 82.7474 85.4326
528 83.6204 84.1175
322 83.9201 83.6659
25 84.298 83.0966
889 84.5955 82.6483
660 84.9628 82.0949
685 85.152 81.8099
473 85.3472 81.5158
311 85.5865 81.1552
204 85.7925 80.8449
450 85.9966 80.5374
332 86.1635 80.2859
372 86.3211 80.0485
579 85.3637 71.7963
201 84.8583 67.4395
385 84.623 65.4106
242 84.2829 62.4788
967 84.0728 60.6681
838 83.9893 59.9476
497 83.9172 59.3264
506 83.8757 58.9691
684 83.8333 58.6034
198 83.7889 58.2206
383 83.7488 57.8754
977 83.6947 57.4093
920 83.6382 56.9219
932 83.59 56.5064
136 83.545 56.1188
107 83.5031 55.7575
334 83.4622 55.4052
941 83.4161 55.0084
951 83.2161 53.284
583 83.0401 51.7672
170 82.7997 49.6956
232 82.1968 44.4984
670 82.1968 44.4984
387 82.1968 44.4984
884 82.1968 44.4984
553 82.1968 44.4984
274 82.2902 43.8809
609 82.3712 43.3457
592 82.4499 42.8258
745 82.5335 42.2728
195 82.6093 41.7725
425 82.693 41.2191
29 82.8358 40.2755
835 83.0051 39.1563
466 83.1697 38.0691
590 83.6026 35.2081
520 83.9661 32.806
98 84.4295 29.7441
33 84.8345 27.0672
627 85.7748 20.8534
979 86.0326 19.1499
345 86.1436 18.4165
483 86.2684 17.5916
243 86.2684 17.5916
260 86.2684 17.5916
