0,504,581,777,721,103,295,819,959,598,176,358,55,458,865,24,6,873,323,555,19,821,831,45,781,27,751,785,644,828,594,681,930,314,43,875,357,906,716,66,634,217,675,606,377,978,355,870,63,862,472,276,262,155,69,7,839,89,461,180,365,54,264,291,127,756,269,49,723,688,876,147,370,809,510,543,414,210,237,545,612,38,566,989,655,811,783,413,603,619,356,535,438,913,891,278,679,397,790,388,748,664,525,778,508,452,853,11,692,687,522,480,302,197,706,421,151,512,194,209,844,934,257,250,529,935,917,848,164,822,289,337,834,287,419,191,626,310,709,653,573,518,246,883,363,467,26,704,111,586,407,379,261,869,902,787,486,702,160,439,221,915,351,254,211,669,307,824,284,602,64,354,682,412,488,474,588,881,8,641,61,741,722,812,348,362,643,646,629,674,673,366,661,455,4,74,794,299,331,710,133,402,514,836,963,572,943,187,898,258,985,268,770,121,86,899,384,423,10,87,949,78,403,829,990,37,549,496,391,205,663,863,228,373,65,125,958,328,279,148,476,174,841,463,123,212,32,698,797,677,771,352,330,283,46,499,312,616,731,700,128,534,336,936,805,182,758,858,909,100,303,57,154,652,341,542,157,47,222,489,708,527,505,749,218,849,166,633,475,908,422,938,142,524,764,739,747,972,565,116,925,122,531,760,214,735,59,132,772,601,956,691,591,929,382,390,451,733,903,981,729,705,324,233,501,267,640,507,137,596,726,645,79,788,493,308,266,60,720,599,957,897,349,846,901,34,965,689,21,339,946,971,604,954,454,326,872,124,429,526,927,658,537,327,574,662,560,551,552,550,879,482,400,329,924,587,635,578,701,789,950,600,571,730,825,275,431,443,99,500,697,333,411,487,479,888,196,347,277,427,381,657,556,703,398,338,939,376,207,255,966,517,371,130,131,445,667,991,114,639,192,970,589,81,680,234,694,686,3,502,665,503,948,162,97,860,734,717,784,607,14,799,119,298,77,219,630,944,955,178,728,272,374,220,88,224,247,361,436,346,608,184,796,892,457,113,546,95,168,905,554,300,780,982,495,890,830,31,585,138,868,637,969,953,678,364,106,325,401,570,815,615,203,169,48,240,433,321,444,90,75,759,699,792,426,628,304,988,695,568,399,446,39,803,405,263,827,249,753,316,693,447,435,301,108,736,547,213,557,750,718,711,236,200,1,199,153,914,13,386,719,380,424,871,442,16,490,2,773,368,776,17,973,441,651,244,418,491,306,714,76,73,167,859,28,916,271,885,44,58,50,610,933,462,227,183,456,768,430,631,696,150,36,428,409,712,611,786,833,115,757,288,469,360,15,253,93,20,593,296,761,521,638,41,120,141,613,795,752,886,223,146,96,139,470,206,808,265,738,394,53,569,389,707,172,548,92,449,230,877,807,614,806,392,256,960,72,974,840,672,129,448,181,766,215,231,918,305,562,561,874,179,763,189,5,919,642,559,516,940,530,826,408,406,866,511,659,539,415,746,118,22,156,309,105,375,82,961,248,541,713,882,814,437,62,239,947,851,980,816,618,624,165,952,12,896,536,582,320,241,94,292,416,894,523,294,976,459,163,779,564,755,226,109,208,649,252,270,632,216,676,144,404,636,800,617,910,91,563,80,986,453,715,880,280,802,319,432,724,193,225,782,134,861,921,484,968,791,84,112,540,140,126,350,895,533,558,912,101,855,30,175,878,498,597,732,56,171,804,765,922,621,104,410,513,359,342,793,293,743,625,492,35,683,798,281,843,576,235,85,577,161,188,519,471,923,186,623,945,282,647,315,671,832,769,857,668,51,468,460,904,847,9,18,67,605,509,290,727,595,173,393,801,887,317,395,297,515,774,42,931,335,369,40,477,177,567,259,532,737,378,367,273,229,343,911,984,434,754,856,584,23,245,622,344,620,575,690,464,313,145,544,992,823,185,817,202,580,854,725,318,893,251,666,813,159,71,845,149,52,465,417,83,742,285,473,775,864,820,494,937,135,322,983,353,158,928,450,372,648,25,889,660,311,528,204,685,740,332,481,340,987,867,837,975,385,744,579,818,964,654,478,68,152,900,650,238,538,842,485,440,396,810,110,762,420,852,907,102,190,962,286,767,232,70,387,941,942,143,29,592,117,967,838,670,926,201,920,656,583,884,553,951,383,170,932,242,198,850,334,497,506,425,107,684,609,977,195,136,274,745,466,520,835,98,33,590,243,260,345,483,627,979,
value : 448.555 running time : 286.314112
0 80 20
504 73.7569 17.4823
581 70.9059 16.3325
777 69.5116 15.7701
721 68.6969 15.4415
103 67.8485 15.0993
295 66.9792 17.151
819 66.3074 18.7367
959 65.8004 19.9333
598 65.3774 20.9318
176 64.9556 21.9273
358 62.4091 27.9364
55 61.8733 29.2012
458 61.3787 30.3684
865 61.1026 31.0202
24 61.011 31.2366
6 60.7296 31.9008
873 60.4311 32.6054
323 59.969 33.6962
555 59.5886 34.0268
19 59.2438 34.3265
821 58.9687 34.5657
831 58.6633 34.8311
45 58.3309 35.12
781 57.9708 35.4331
27 57.5942 35.7604
751 57.2238 36.0824
785 56.8664 36.3931
644 56.5439 36.6734
828 56.3712 36.8236
594 56.1853 36.9851
681 56.0084 37.1389
930 55.8367 37.2881
314 55.6739 37.4297
43 55.4843 37.5945
875 55.2904 37.7631
357 55.1245 37.9073
906 54.9342 38.0726
716 54.7621 38.2222
66 54.6061 38.3578
634 54.4613 38.4837
217 54.3025 38.6218
675 54.1508 38.7536
606 53.9797 38.9024
377 53.3218 39.4742
978 52.5402 40.1536
355 51.7566 40.8348
870 50.6893 41.7625
63 49.6178 42.6939
862 48.5175 43.6504
472 47.6726 44.3848
276 46.903 45.0538
262 46.1164 45.7375
155 45.2478 46.4926
69 44.3832 47.2441
7 43.3723 48.1229
839 40.7143 50.8
89 40.0548 51.4644
461 39.5165 52.0067
180 38.9575 52.5698
365 38.3278 53.2042
54 38.2756 53.1174
264 38.2184 53.0221
291 38.1588 52.923
127 37.5083 51.841
756 36.846 50.7394
269 36.1517 49.5846
49 35.4828 48.4719
723 34.8167 47.364
688 34.8167 47.364
876 34.8167 47.364
147 34.8167 47.364
370 34.8167 47.364
809 34.8167 47.364
510 34.7954 47.2041
543 34.7564 46.9124
414 34.7194 46.6352
210 34.6875 46.3956
237 34.6533 46.1397
545 34.6163 45.8621
612 34.084 41.8755
38 34.084 41.8755
566 34.084 41.8755
989 34.084 41.8755
655 34.084 41.8755
811 34.084 41.8755
783 34.084 41.8755
413 34.084 41.8755
603 34.084 41.8755
619 34.084 41.8755
356 34.084 41.8755
535 34.084 41.8755
438 34.084 41.8755
913 34.084 41.8755
891 34.084 41.8755
278 34.225 41.6937
679 34.3333 41.5541
397 34.4358 41.4219
790 34.5605 41.2612
388 34.6581 41.1353
748 34.7631 40.9999
664 34.8726 40.8587
525 34.9775 40.7235
778 35.0976 40.5686
508 35.2384 40.3871
452 35.4004 40.1783
853 35.5415 39.9963
11 35.6554 39.8494
692 35.7962 39.6679
687 35.9206 39.5075
522 36.0495 39.3413
480 36.2043 39.1416
302 36.3419 38.9643
197 36.5924 38.6413
706 36.7233 38.4725
421 36.8768 38.2746
151 36.9983 38.1179
512 37.1385 37.9372
194 37.7599 37.1358
209 38.6622 35.9723
844 38.6622 35.9723
934 38.6622 35.9723
257 38.6622 35.9723
250 38.6622 35.9723
529 38.6622 35.9723
935 38.6622 35.9723
917 38.6622 35.9723
848 38.6622 35.9723
164 38.6211 27.8494
822 38.6161 26.8458
289 38.6114 25.8944
337 38.6066 24.9376
834 38.6025 24.1264
287 38.5973 23.0748
419 38.5973 23.0729
191 38.573 22.5695
626 38.5311 21.7015
310 38.4884 20.8163
709 38.4485 19.9902
653 38.3987 18.9582
573 38.3527 18.0042
518 38.3076 17.0709
246 37.8007 17.6325
883 37.3887 18.089
363 36.9924 18.5281
467 36.5534 19.0145
26 36.1991 19.4071
704 35.8443 19.8002
111 35.4637 20.2218
586 35.0783 20.6488
407 33.9561 20.7776
379 32.6054 20.9325
261 31.1224 21.1026
869 28.8614 21.3621
902 28.7727 21.3293
787 28.7026 21.3034
486 28.6264 21.2753
702 28.5516 21.2476
160 28.4887 21.2244
439 27.7796 20.9625
221 27.146 20.7284
915 26.476 20.4809
351 25.8053 20.2331
254 24.0775 19.595
211 22.4673 19.0003
669 22.2678 18.9266
307 21.9463 18.8078
824 21.5578 18.6643
284 21.0881 18.4907
602 20.5932 18.3079
64 20.0116 18.0931
354 19.2699 17.8192
682 17.3258 17.1012
412 16.3991 16.7589
488 15.9533 16.5942
474 15.529 16.4375
588 15.0247 16.2512
881 14.5498 16.0758
8 14.1876 15.9419
641 13.8047 15.8005
61 13.2262 15.5868
741 12.9153 15.4719
722 12.5682 15.3437
812 12.3727 15.2715
348 12.3341 15.9377
362 12.2971 16.5752
643 12.2609 17.1997
646 12.2324 17.5885
629 12.2022 17.999
674 12.1668 18.4816
673 12.1302 18.9804
366 12.096 19.4456
661 12.0606 19.9279
455 12.0276 20.3773
4 11.9951 20.8196
74 11.9699 21.163
794 11.9468 21.4779
299 11.9291 21.7199
331 11.9117 21.9573
710 11.8935 22.205
133 11.876 22.4431
402 11.8599 22.6638
514 11.8425 22.9005
836 11.8425 22.9005
963 11.8425 22.9005
572 11.8425 22.9005
943 11.8425 22.9005
187 11.8425 22.9005
898 12.2956 27.5815
258 12.4679 28.3814
985 12.6983 29.4517
268 12.8942 30.3615
770 13.1142 31.3832
121 13.1564 31.5791
86 13.1985 31.775
899 13.3188 32.3334
384 13.5908 33.5966
423 13.7881 34.5131
10 13.9445 35.2395
87 14.0956 35.9413
949 14.2648 36.7271
78 14.3718 37.2241
403 14.4721 37.6896
829 14.4814 37.733
990 14.4927 37.7854
37 14.5043 37.8395
549 14.5043 37.8395
496 13.6946 40.0851
391 13.1033 41.7248
205 13.1033 41.7248
663 12.9025 41.9832
863 12.71 42.2309
228 12.5307 42.4615
373 12.3492 42.695
65 12.2117 42.8719
125 11.9938 43.1522
958 11.7008 43.5291
328 11.4142 43.8979
279 11.4122 44.0219
148 11.4107 44.1163
476 11.4091 44.2168
174 11.4075 44.323
841 11.406 44.4167
463 11.4045 44.5078
123 11.4032 44.5939
212 11.4017 44.6844
32 11.4002 44.782
698 11.3983 44.904
797 11.3967 45.0047
677 11.3951 45.1066
771 11.3941 45.1707
352 11.393 45.2372
330 11.3921 45.2936
283 11.3911 45.3594
46 11.3899 45.4335
499 11.3886 45.5127
312 11.3869 45.6215
616 11.3853 45.7271
731 11.3835 45.8387
700 11.3817 45.9502
128 11.3795 46.0904
534 11.3775 46.2174
336 11.3754 46.3479
936 11.3737 46.4603
805 11.3719 46.5701
182 11.3703 46.6721
758 11.3687 46.7751
858 11.367 46.8829
909 11.3653 46.9878
100 11.3636 47.099
303 11.3619 47.2045
57 11.3604 47.2998
154 11.3589 47.3928
652 11.3573 47.4929
341 11.3556 47.6004
542 11.3539 47.7103
157 11.3522 47.8166
47 11.3505 47.9251
222 11.3489 48.0254
489 11.3472 48.1366
708 11.3453 48.2526
527 11.3437 48.355
505 11.3423 48.4476
749 11.3407 48.5463
218 11.3389 48.6574
849 11.3373 48.7576
166 11.7735 49.0479
633 12.3199 49.4115
475 12.5532 49.5668
908 12.3594 50.354
422 12.1351 51.2652
938 11.9222 52.1296
142 11.706 53.0077
524 11.4756 53.9438
764 11.4756 53.9438
739 11.4756 53.9438
747 11.4756 53.9438
972 11.4756 53.9438
565 11.4756 53.9438
116 11.4756 53.9438
925 11.6204 54.0565
122 11.7675 54.171
531 12.4098 54.6712
760 13.244 55.3208
214 14.0969 55.985
735 15.7899 57.3036
59 17.1932 58.3964
132 18.3498 59.2971
772 19.3578 60.0821
601 20.3691 60.8696
956 21.3272 61.6156
691 22.3484 62.4108
591 23.5154 63.3197
929 23.9022 63.6209
382 23.9397 63.8212
390 23.9775 64.0234
451 24.0125 64.2108
733 24.0491 64.4067
903 24.0855 64.6015
981 24.1191 64.7817
729 24.1548 64.9723
705 24.19 65.161
324 24.2273 65.3603
233 24.2881 65.6857
501 24.3541 66.0389
267 24.4108 66.3423
640 24.4742 66.6814
507 24.542 67.044
137 24.6141 67.4298
596 24.6898 67.8349
726 24.7 67.9071
645 24.7123 67.9947
79 24.724 68.0782
788 24.7354 68.1598
493 24.7467 68.24
308 24.7575 68.3166
266 24.7682 68.393
60 24.7798 68.476
720 24.7803 68.479
599 24.7807 68.4823
957 24.7812 68.4858
897 24.7817 68.4894
349 24.7823 68.4934
846 24.7829 68.4974
901 24.7834 68.5015
34 24.784 68.5059
965 24.7848 68.5113
689 24.7856 68.5168
21 24.7862 68.5211
339 24.7867 68.5251
946 24.7873 68.5292
971 24.7879 68.5333
604 24.7886 68.5381
954 24.7892 68.5426
454 24.7898 68.5466
326 24.7903 68.5502
872 24.7908 68.5543
124 24.7914 68.558
429 24.7918 68.5611
526 24.7923 68.5648
927 24.7928 68.5686
658 24.7934 68.5728
537 24.794 68.5768
327 24.7945 68.5804
574 24.7951 68.5845
662 24.7957 68.5886
560 20.8111 69.0716
551 20.7116 69.0836
552 20.6313 69.0934
550 20.5409 69.1043
879 20.4464 69.1158
482 20.3686 69.1252
400 20.2929 69.1344
329 20.226 69.1425
924 20.1558 69.151
587 20.0857 69.1595
635 20.0061 69.1691
578 19.926 69.1788
701 19.8309 69.1904
789 19.7428 69.2011
950 19.6474 69.2126
600 19.556 69.2237
571 19.4683 69.2343
730 19.3613 69.2473
825 19.2314 69.263
275 19.1242 69.276
431 19.0101 69.2899
443 18.9027 69.3029
99 18.7963 69.3158
500 18.6803 69.3298
697 18.5786 69.3422
333 18.0761 69.4031
411 17.1324 69.5174
487 16.0916 69.6436
479 15.0577 69.7689
888 14.0021 69.8968
196 12.1299 70.1237
347 10.2652 70.3497
277 10.2652 70.3834
427 10.2652 70.4168
381 10.2652 70.4494
657 10.2652 70.4857
556 10.2652 70.5183
703 10.2653 70.5461
398 10.2653 70.5803
338 10.2653 70.6109
939 10.2653 70.6395
376 10.2653 70.6727
207 10.2653 70.708
255 10.2653 70.7395
966 10.2653 70.7729
517 10.2653 70.8066
371 10.2654 70.8399
130 10.2654 70.8741
131 10.2654 70.9085
445 10.2654 70.9464
667 10.2654 70.9831
991 10.2654 71.0199
114 10.2654 71.0498
639 10.2655 71.0843
192 10.2655 71.1139
970 10.2655 71.1462
589 10.2655 71.1778
81 10.2655 71.2142
680 10.2655 71.2486
234 10.2655 71.2785
694 10.2656 71.4634
686 10.2657 71.6351
3 10.2657 71.7939
502 10.2658 71.9746
665 10.2659 72.1433
503 10.2659 72.3182
948 10.266 72.482
162 10.266 72.6464
97 10.2661 72.8044
860 10.2662 72.9693
734 10.2662 73.1061
717 10.2663 73.2619
784 10.2663 73.4232
607 10.2664 73.6238
14 10.2665 73.8133
799 10.2666 74.0083
119 10.2666 74.2267
298 10.2667 74.4494
77 10.2668 74.6459
219 10.2669 74.9376
630 10.267 75.2681
944 10.2672 75.6754
955 10.2673 76.0042
178 10.2674 76.2934
728 10.2675 76.5473
272 10.2676 76.7875
374 10.2677 77.1098
220 10.2678 77.4146
88 10.268 77.7736
224 10.2681 78.0777
247 10.2682 78.4508
361 10.2683 78.6934
436 10.2684 78.9896
346 10.2685 79.2581
608 10.2687 79.556
184 10.2688 79.8393
796 10.2689 80.1139
892 10.269 80.4059
457 10.2691 80.6737
113 10.2692 80.9639
546 10.2693 81.3251
95 10.2695 81.6904
168 10.2696 82.0017
905 10.2697 82.329
554 10.2698 82.6537
300 10.27 83.0301
780 10.2701 83.3915
982 10.2703 83.7738
495 10.2704 84.1172
890 10.2705 84.4147
830 10.2706 84.7754
31 10.2708 85.2216
585 10.271 85.7043
138 10.271 85.8853
868 10.2711 86.0438
637 10.2711 86.1428
969 10.2712 86.247
953 10.2712 86.3465
678 10.2713 86.447
364 10.2713 86.5394
106 10.2713 86.6336
325 10.2714 86.7097
401 10.2714 86.7969
570 10.2714 86.8805
815 10.2715 86.9747
615 10.2715 87.0605
203 10.2715 87.155
169 10.2716 87.2542
48 10.2716 87.3471
240 10.2716 87.4412
433 10.2717 87.5368
321 10.2717 87.6445
444 10.2718 87.7669
90 10.2718 87.8788
75 10.2719 88.0837
759 10.272 88.3164
699 10.2721 88.5659
792 10.2721 88.7959
426 10.2722 89.0305
628 10.2723 89.2971
304 10.2724 89.586
988 10.2725 89.8558
695 10.2784 89.8559
568 10.2825 89.8561
399 10.287 89.8562
446 10.2909 89.8563
39 10.2947 89.8564
803 10.2991 89.8566
405 10.3035 89.8567
263 10.3081 89.8568
827 10.3132 89.857
249 10.3193 89.8572
753 10.3237 89.8573
316 10.3274 89.8574
693 10.3312 89.8575
447 10.3351 89.8576
435 10.3391 89.8578
301 10.3433 89.8579
108 10.3475 89.858
736 10.3517 89.8581
547 10.3558 89.8583
213 10.3601 89.8584
557 10.6488 89.867
750 10.9011 89.8746
718 11.1325 89.8815
711 11.3839 89.889
236 11.6396 89.8967
200 11.8819 89.9039
1 12.1264 89.9112
199 12.3743 89.9187
153 12.6313 89.9263
914 12.9155 89.9348
13 13.244 89.9447
386 13.5135 89.9527
719 13.7768 89.9606
380 14.1137 89.9707
424 16.0859 90.0296
871 19.0951 90.1196
442 22.0082 90.2067
16 25.031 90.297
490 25.0486 90.2975
2 25.0664 90.298
773 25.0869 90.2986
368 25.1038 90.2991
776 25.1213 90.2997
17 25.1413 90.3003
973 25.1623 90.3009
441 25.1921 90.3018
651 25.2211 90.3026
244 25.2488 90.3035
418 25.2791 90.3044
491 25.3052 90.3052
306 25.3345 90.306
714 25.3629 90.3069
76 25.3939 90.3078
73 25.4236 90.3087
167 25.451 90.3095
859 25.4754 90.3103
28 25.5004 90.311
916 25.5246 90.3117
271 25.5549 90.3126
885 25.579 90.3133
44 25.6033 90.3141
58 25.6281 90.3148
50 25.6536 90.3156
610 25.6796 90.3164
933 25.703 90.3171
462 25.7279 90.3178
227 25.7559 90.3186
183 25.7861 90.3195
456 25.816 90.3204
768 25.8467 90.3214
430 25.8778 90.3223
631 25.9087 90.3232
696 25.9381 90.3241
150 25.9687 90.325
36 25.9956 90.3258
428 26.0234 90.3266
409 26.0483 90.3274
712 26.0733 90.3281
611 26.1032 90.329
786 26.1309 90.3299
833 26.1545 90.3306
115 26.1793 90.3313
757 26.208 90.3322
288 26.2344 90.333
469 26.261 90.3337
360 26.2887 90.3346
15 26.3172 90.3354
253 26.3499 90.3364
93 26.3765 90.3372
20 26.4831 90.3404
593 26.5836 90.3434
296 26.6964 90.3468
761 26.7946 90.3497
521 26.8964 90.3527
638 27.0123 90.3562
41 27.1146 90.3593
120 27.2217 90.3625
141 27.3302 90.3657
613 27.4331 90.3688
795 27.5284 90.3716
752 27.6225 90.3744
886 27.6394 89.1448
223 29.1753 89.1732
146 30.2981 89.1939
96 31.205 89.2107
139 32.1682 89.2285
470 32.5463 89.2355
206 32.9379 89.2427
808 33.2177 89.2479
265 33.5411 89.2539
738 33.8001 89.2586
394 34.0498 89.2633
53 34.3029 89.2679
569 34.5385 89.2723
389 34.7641 89.2765
707 34.9476 89.2798
172 35.1428 89.2835
548 35.3423 89.2871
92 35.539 89.2908
449 35.7641 89.2949
230 35.9561 89.2985
877 36.155 89.3022
807 36.3483 89.3057
614 36.5289 89.3091
806 36.6936 89.3121
392 36.8765 89.3155
256 37.0594 89.3189
960 37.2438 89.3223
72 37.5198 89.3274
974 37.7908 89.3324
840 38.0429 89.337
672 38.2912 89.3416
129 38.5965 89.3473
448 38.8759 89.3524
181 39.1605 89.3577
766 39.4341 89.3627
215 39.6735 89.3672
231 39.917 89.3717
918 40.1918 89.3767
305 40.5669 89.3837
562 40.8655 89.3892
561 41.1468 89.3944
874 41.4452 89.3999
179 41.7298 89.4051
763 41.8766 89.4079
189 42.0188 89.4105
5 42.2041 89.4139
919 42.3622 89.4168
642 42.5904 89.421
559 42.7824 89.4246
516 42.9806 89.4282
940 43.1555 89.4315
530 43.3168 89.4344
826 43.4828 89.4375
408 43.6434 89.4405
406 43.7979 89.4433
866 43.9383 89.4459
511 44.0984 89.4489
659 44.2332 89.4514
539 44.3773 89.454
415 44.5476 89.4572
746 44.6887 89.4598
118 44.831 89.4624
22 44.9221 89.4641
156 45.0478 89.4664
309 45.1602 89.4685
105 45.2948 89.471
375 45.4174 89.4732
82 45.5399 89.4755
961 45.6766 89.478
248 45.7976 89.4803
541 45.9278 89.4827
713 46.0537 89.485
882 46.1867 89.4875
814 46.3022 89.2713
437 46.4086 89.0719
62 46.5107 88.8809
239 46.6152 88.6851
947 46.7338 88.4631
851 46.8384 88.2673
980 46.9398 88.0774
816 47.0484 87.8739
618 47.0484 87.8739
624 47.0484 87.8739
165 47.0341 87.644
952 47.0189 87.4004
12 47.0026 87.1398
896 46.9889 86.9202
536 46.8809 85.1897
582 46.742 82.9643
320 46.7047 82.3662
241 46.661 81.6674
94 46.6118 80.8793
292 46.5723 80.2468
416 46.5299 79.5674
894 46.457 78.3993
523 46.3998 77.4834
294 46.3616 76.8726
976 46.3188 76.187
459 46.2755 75.494
163 46.2684 75.3792
779 46.262 75.2777
564 46.2566 75.1905
755 46.2501 75.0867
226 46.2427 74.9687
109 46.2358 74.8583
208 46.229 74.7485
649 46.2259 74.6986
252 46.2219 74.6357
270 46.2179 74.5712
632 46.2138 74.5046
216 46.209 74.4284
676 46.2053 74.3699
144 46.2024 74.3222
404 46.1991 74.2703
636 46.1963 74.2259
800 46.1927 74.1667
617 46.1884 74.0984
910 46.1849 74.0428
91 46.1818 73.9929
563 46.1786 73.9413
80 46.1748 73.8809
986 46.1713 73.825
453 46.1678 73.7682
715 46.1647 73.7192
880 46.1623 73.6811
280 46.159 73.6285
802 46.1553 73.5689
319 46.1517 73.5114
432 46.1472 73.4391
724 46.1433 73.3754
193 46.1396 73.3163
225 46.1349 73.2418
782 46.1311 73.1814
134 46.1269 73.1137
861 46.1234 73.0567
921 46.1185 72.9791
484 46.1133 72.8948
968 46.1083 72.8154
791 46.1038 72.7429
84 46.1038 72.7429
112 46.1038 72.7429
540 46.1038 72.7429
140 46.1038 72.7429
126 45.9355 72.1317
350 45.6785 71.198
895 45.4091 70.2193
533 44.8403 68.1531
558 44.6854 67.5902
912 44.5345 67.0422
101 44.4756 66.8281
855 44.4449 66.7168
30 44.408 66.5826
175 44.3774 66.4717
878 44.3457 66.3562
498 44.3091 66.2232
597 44.2763 66.1044
732 44.2477 66.0005
56 44.2206 65.902
171 44.1917 65.797
804 44.1586 65.6768
765 44.1256 65.5569
922 44.0927 65.4374
621 44.0927 65.4374
104 44.0927 65.4374
410 44.0927 65.4374
513 44.0927 65.4374
359 44.0927 65.4374
342 49.1476 60.286
793 49.1476 60.286
293 49.1476 60.286
743 49.1476 60.286
625 49.1476 60.286
492 49.1476 60.286
35 49.1476 60.286
683 49.1476 60.286
798 49.1476 60.286
281 49.1476 60.286
843 49.1476 60.286
576 49.1476 60.286
235 49.1476 60.286
85 49.1476 60.286
577 49.1476 60.286
161 49.1476 60.286
188 49.1476 60.286
519 49.1476 60.286
471 49.1476 60.286
923 49.1476 60.286
186 49.1476 60.286
623 49.1476 60.286
945 49.4257 60.7587
282 50.9096 63.2816
647 52.3801 65.7818
315 53.4825 67.6561
671 54.2001 68.876
832 54.6723 69.6787
769 55.0495 70.3197
857 55.4138 70.939
668 55.7755 71.5538
51 56.1566 72.2017
468 56.1754 72.2335
460 56.1999 72.2752
904 56.2224 72.3134
847 56.2431 72.3487
9 56.2641 72.3844
18 56.2863 72.4221
67 56.3048 72.4535
605 56.3246 72.4871
509 56.3471 72.5253
290 56.369 72.5626
727 56.369 72.5626
595 56.369 72.5626
173 56.384 73.0213
393 56.4001 73.5154
801 56.4217 74.1755
887 56.4398 74.7293
317 56.4532 75.1401
395 56.4649 75.4968
297 56.4758 75.8323
515 56.4836 76.0709
774 56.7432 84.0229
42 56.8041 85.8875
931 56.8152 86.227
335 56.827 86.5883
369 56.8404 86.9995
40 56.8553 87.4551
477 56.8699 87.9032
177 56.8837 88.3256
567 56.8963 88.7096
259 56.9086 89.0882
532 56.9229 89.5239
737 56.9498 89.5224
378 56.9764 89.5209
367 56.9978 89.5197
273 57.0226 89.5183
229 57.0439 89.5171
343 57.0623 89.516
911 57.2604 89.5048
984 57.4697 89.493
434 57.65 89.4828
754 57.8713 89.4703
856 58.087 89.4581
584 58.3068 89.4457
23 58.5241 89.4334
245 58.8085 89.4174
622 59.1279 89.3993
344 59.371 89.3856
620 60.2582 89.3355
575 60.7907 89.3054
690 61.3466 89.274
464 61.9832 89.238
313 62.5556 89.2056
145 63.4038 89.1577
544 64.1101 89.1178
992 64.7314 89.0827
823 65.4094 89.0444
185 66.0179 89.01
817 66.7581 88.9682
202 67.52 88.9251
580 70.8764 88.7355
854 71.2765 88.7129
725 71.673 88.6905
318 71.9223 88.6764
893 72.2068 88.6603
251 72.4305 88.6477
666 72.6742 88.6339
813 72.9167 88.6202
159 73.163 88.6063
71 73.3822 88.5939
845 73.6176 88.5806
149 73.8737 88.5661
52 74.154 88.5503
465 74.4946 88.5311
417 74.8776 88.5094
83 75.2379 88.4891
742 75.7022 88.4628
285 76.133 88.4385
473 76.6854 88.4073
775 76.9561 88.392
864 77.2746 88.374
820 77.6 88.3556
494 77.9046 88.3384
937 78.2084 88.3212
135 78.6515 88.2962
322 79.1844 88.2661
983 79.6095 88.2421
353 80.0031 88.2198
158 80.5464 88.1891
928 81.3201 88.1454
450 85.9753 83.2253
372 85.9959 83.2035
648 85.7511 82.9738
25 85.5512 82.7863
889 85.2943 82.5454
660 84.9569 82.2289
311 84.5881 81.883
528 84.201 81.5199
204 83.8878 81.2261
685 83.597 80.9533
740 81.1141 78.6245
332 78.0165 75.7193
481 75.0233 72.9118
340 71.5289 69.6344
987 69.7816 67.9955
867 69.7816 67.9955
837 69.7816 67.9955
975 69.7816 67.9955
385 69.7816 67.9955
744 69.7816 67.9955
579 69.7816 67.9955
818 69.7816 67.9955
964 68.0517 63.4713
654 67.9804 63.2848
478 67.8949 63.0613
68 67.8192 62.8632
152 67.7488 62.6793
900 67.6713 62.4766
650 67.578 62.2326
238 67.4843 61.9873
538 67.3899 61.7405
842 67.3026 61.5123
485 67.279 61.4505
440 67.257 61.3929
396 67.2312 61.3256
810 67.2111 61.2731
110 67.1933 61.2263
762 67.1702 61.1659
420 67.1491 61.1108
852 67.1274 61.054
907 67.0997 60.9817
102 67.075 60.9169
190 67.0512 60.8549
962 67.0298 60.7988
286 66.9962 60.711
767 70.3101 58.0141
232 74.4494 54.6455
70 74.4863 54.6443
387 74.5292 54.6429
941 74.5633 54.6418
942 74.5958 54.6407
143 74.6287 54.6396
29 74.6666 54.6384
592 74.7031 54.6372
117 74.7359 54.6362
967 74.9546 54.629
838 75.1625 54.6223
670 75.3512 54.6162
926 75.5565 54.6095
201 75.7897 54.6019
920 75.9969 54.5952
656 76.2071 54.5884
583 76.4197 54.5814
884 76.6395 54.5743
553 76.6395 54.5743
951 76.6395 54.5743
383 76.6395 54.5743
170 79.6051 53.4825
932 80.1919 53.2665
242 80.8046 53.0409
198 81.3943 52.8239
850 81.9619 52.615
334 82.8786 52.2775
497 85.639 51.2612
506 85.6042 50.8712
425 85.5617 50.3941
107 85.5257 49.9911
684 85.4859 49.5438
609 85.3285 47.7786
977 85.3285 47.7786
195 85.2905 46.5822
136 85.253 45.406
274 85.2071 43.9642
745 85.1674 42.7159
466 85.1383 41.8029
520 85.2835 38.6946
835 85.3977 36.249
98 85.5626 32.7166
33 85.6641 30.5421
590 85.7919 27.8049
243 86.2139 18.7595
260 86.2684 17.5916
345 86.2684 17.5916
483 86.2684 17.5916
627 85.6123 17.8437
979 83.9611 18.4781
