0,243,483,627,345,979,260,520,590,33,98,835,609,932,170,838,506,107,684,387,323,198,274,592,670,967,466,951,425,745,977,242,136,850,334,195,920,497,383,201,884,70,583,852,238,942,553,842,941,656,743,117,767,102,420,208,453,396,810,67,538,440,35,293,791,577,188,112,478,485,190,286,340,625,907,282,173,161,617,900,668,595,647,650,605,51,762,793,68,744,84,468,964,832,801,515,671,582,975,481,847,18,290,432,509,727,987,393,460,654,867,904,837,71,962,385,579,110,152,528,889,685,204,417,372,450,740,25,332,311,648,660,928,983,285,937,775,159,823,725,149,854,322,135,494,742,353,251,666,818,473,42,845,465,813,318,820,158,893,580,145,297,83,317,864,544,931,992,477,620,52,464,185,395,177,622,245,406,259,861,335,530,774,140,273,880,817,344,532,754,62,763,280,12,856,887,536,369,239,984,584,408,882,434,313,202,980,911,690,567,23,367,746,896,118,713,449,737,320,292,921,229,575,40,816,618,9,952,947,378,179,814,415,193,319,350,715,294,894,126,82,315,94,800,632,540,404,755,562,895,857,782,523,365,163,636,878,248,484,264,986,459,724,225,171,410,91,134,235,533,976,802,769,563,144,779,216,804,513,968,175,56,683,80,109,54,101,342,843,855,798,85,576,623,63,30,676,519,875,155,281,923,492,765,848,498,597,471,732,493,558,186,276,621,461,472,912,529,237,127,922,324,59,908,475,619,38,508,664,37,543,413,876,414,687,778,525,549,142,78,403,655,397,603,269,688,748,811,612,706,723,388,11,679,535,302,391,698,279,137,422,705,438,510,599,971,329,349,147,640,89,545,180,21,957,735,788,809,901,49,913,390,929,891,633,370,267,291,359,938,691,34,910,839,382,451,733,903,981,729,79,846,507,897,104,596,756,645,327,635,739,720,701,789,950,501,308,524,537,658,927,946,726,600,578,924,587,965,697,113,560,411,487,479,888,550,333,244,886,326,454,604,662,574,689,872,571,16,591,730,825,275,266,431,443,99,526,490,76,638,124,707,226,766,343,826,624,874,866,416,851,305,375,165,206,541,5,172,511,139,105,53,752,738,613,564,642,230,215,961,569,539,22,72,156,659,940,974,919,309,189,92,470,559,448,516,265,389,437,120,129,548,167,181,231,2,954,795,614,840,806,252,270,918,649,561,807,394,241,256,253,96,271,808,428,916,146,392,877,757,115,611,631,20,296,409,50,696,150,960,456,714,223,424,712,885,60,28,41,491,761,699,651,93,871,441,672,141,73,227,557,462,768,859,36,833,183,695,360,58,44,249,786,610,469,933,430,288,521,368,773,418,306,593,608,339,442,776,316,693,15,753,750,17,973,827,13,914,153,199,1,200,236,711,718,792,31,585,138,868,637,969,953,678,364,106,325,401,570,815,615,203,169,48,240,433,321,444,90,75,988,39,386,304,399,446,380,719,426,447,435,301,108,736,547,759,905,628,213,568,263,405,803,178,346,944,247,168,95,830,300,780,554,982,495,890,224,991,879,457,427,277,552,546,728,272,374,220,88,630,184,796,892,207,255,694,551,119,799,955,436,500,400,482,429,764,347,517,639,114,361,667,445,131,130,371,381,338,398,703,556,657,966,686,3,502,665,503,948,162,97,860,734,717,784,607,14,77,298,939,925,972,760,192,747,234,680,81,589,970,233,132,772,601,196,376,565,166,677,531,219,527,116,303,476,218,47,222,731,505,122,771,770,157,652,128,909,154,57,841,749,174,708,463,949,336,214,384,863,956,312,373,849,496,499,663,423,182,985,148,212,700,805,797,616,758,489,352,100,542,936,534,858,341,86,283,46,123,87,228,330,328,32,258,958,898,794,514,74,402,133,4,187,674,331,682,254,299,362,412,61,646,366,455,812,488,588,572,629,211,8,963,673,881,722,602,348,439,943,836,474,641,741,829,65,354,661,902,268,626,990,824,710,284,10,221,121,486,869,205,125,899,337,26,191,289,278,257,834,467,287,363,669,643,702,934,310,246,351,407,261,883,915,307,518,709,573,111,379,419,704,653,822,64,787,873,452,692,209,783,844,194,790,197,512,66,906,917,862,989,853,151,160,7,566,480,210,522,27,945,250,586,356,355,164,555,69,421,606,681,358,357,828,978,716,935,143,262,29,232,926,831,43,314,870,6,634,644,217,751,821,781,675,594,377,865,45,24,598,295,959,785,581,930,19,55,458,176,103,504,777,721,819,
value : 482.438 running time : 145.560889
0 80 20
243 84.9362 18.1034
483 86.2684 17.5916
627 86.2684 17.5916
345 86.2684 17.5916
979 86.2684 17.5916
260 86.2684 17.5916
520 84.9834 25.1584
590 84.5127 27.9253
33 84.1167 30.2531
98 83.7495 32.4112
835 82.9129 37.329
609 82.1578 41.7675
932 81.4869 45.7107
170 80.9992 48.5773
838 80.9399 48.9255
506 80.882 49.2657
107 80.882 49.2657
684 80.882 49.2657
387 79.9807 48.7925
323 79.0154 48.2857
198 79.1686 48.4691
274 79.299 48.6252
592 79.4398 48.7937
670 79.5836 48.9659
967 79.7478 49.1626
466 79.9024 49.3476
951 80.0981 49.582
425 80.2692 49.7868
745 80.4456 49.9981
977 81.0046 50.6674
242 81.4255 51.1715
136 81.814 51.6366
850 82.1811 52.0762
334 82.6399 52.6257
195 83.0759 53.1477
920 83.6094 53.7866
497 84.206 54.501
383 80.6035 55.7694
201 79.3302 56.2176
884 78.3101 56.5766
70 73.8559 58.1449
583 72.6317 58.5758
852 71.3647 59.0218
238 70.0479 59.4853
942 69.223 59.7756
553 68.409 60.0621
842 67.2752 60.4611
941 65.928 60.9354
656 64.3027 61.5075
743 62.1589 62.2622
117 62.1589 62.2622
767 62.2098 62.579
102 62.2603 62.8932
420 62.3095 63.1997
208 62.3584 63.504
453 62.4112 63.8326
396 62.4208 63.8555
810 62.4321 63.8828
67 62.4441 63.9115
538 62.4541 63.9354
440 62.4647 63.9608
35 62.4742 63.9837
293 62.4845 64.0083
791 62.4948 64.0331
577 62.5052 64.0578
188 62.5164 64.0848
112 62.5298 64.1168
478 62.5404 64.1423
485 62.5505 64.1665
190 62.5614 64.1927
286 62.5723 64.2188
340 62.5851 64.2494
625 62.5954 64.2741
907 62.6067 64.3012
282 62.6179 64.3281
173 62.6305 64.3582
161 62.6409 64.3832
617 62.6531 64.4125
900 62.6659 64.4431
668 62.6763 64.468
595 62.6868 64.4933
647 62.6974 64.5186
650 62.7088 64.5461
605 62.72 64.5728
51 62.7315 64.6005
762 62.74 64.6209
793 62.749 64.6424
68 63.1162 65.5228
744 63.5007 66.4445
84 63.6505 66.8036
468 63.8422 67.2633
964 64.09 67.8574
832 64.4325 68.6785
801 64.7053 69.3324
515 64.7053 69.3324
671 64.7053 69.3324
582 64.7053 69.3324
975 65.2606 69.6637
481 65.696 69.9235
847 65.9469 70.0732
18 66.2178 70.2348
290 66.4731 70.3871
432 66.7108 70.5289
509 67.1128 70.7687
727 67.5288 71.0169
987 67.9305 71.2566
393 68.4042 71.5392
460 68.9368 71.857
654 69.5542 72.2253
867 70.1772 72.597
904 70.8252 72.9837
837 71.5459 73.4137
71 72.2652 73.8428
962 72.9556 74.2548
385 73.717 74.7091
579 74.4259 75.132
110 75.1535 75.5661
152 76.3601 76.2861
528 80.4948 78.7538
889 84.5949 81.2008
685 84.9697 81.4244
204 85.2578 81.5963
417 85.5594 81.7763
372 86.017 82.0493
450 86.017 82.0493
740 86.017 82.0493
25 86.017 82.0493
332 86.017 82.0493
311 85.7759 82.3564
648 85.4895 82.721
660 85.2271 83.0552
928 81.1771 88.213
983 80.3374 88.2049
285 79.3621 88.1955
937 78.5488 88.1878
775 77.965 88.1823
159 77.4301 88.1772
823 76.9119 88.1724
725 76.4213 88.1678
149 75.9386 88.1632
854 75.9225 88.1631
322 75.9077 88.1629
135 75.8893 88.1628
494 75.8704 88.1626
742 75.8515 88.1624
353 75.8319 88.1622
251 75.8135 88.162
666 75.7967 88.1619
818 75.7803 88.1617
473 75.7644 88.1616
42 74.8414 88.1529
845 74.5823 88.1505
465 74.3414 88.1483
813 74.1144 88.1462
318 73.8868 88.144
820 73.6743 88.1421
158 73.415 88.1396
893 73.1703 88.1374
580 72.8873 88.1347
145 71.7655 88.1242
297 70.7467 88.1147
83 69.9072 88.1069
317 69.0291 88.0987
864 68.3932 88.0927
544 67.6322 88.0856
931 66.8658 88.0785
992 66.1868 88.0721
477 65.559 88.0663
620 64.9495 88.0606
52 64.2847 88.0544
464 63.5721 88.0477
185 62.8402 88.0409
395 62.1398 88.0343
177 61.434 88.0277
622 60.7234 88.0211
245 59.9164 88.0136
406 59.258 88.0074
259 58.8039 88.0032
861 58.3584 87.999
335 57.9662 87.9953
530 57.569 87.9916
774 57.3686 87.9898
140 57.1723 87.9879
273 56.9913 87.9862
880 56.7742 87.9842
817 56.5813 87.9824
344 55.09 87.9684
532 54.6509 87.9643
754 54.5926 87.9637
62 54.5299 87.9631
763 54.4674 87.9625
280 54.4285 87.9622
12 54.3861 87.9618
856 54.341 87.9614
887 54.2957 87.9609
536 54.2467 87.9605
369 54.2031 87.9601
239 54.1538 87.9596
984 54.1135 87.9592
584 54.0663 87.9588
408 54.0166 87.9583
882 53.9701 87.9579
434 53.9252 87.9451
313 53.8794 87.9322
202 53.8348 87.9195
980 53.7886 87.9064
911 53.7437 87.8937
690 53.6942 87.8797
567 53.6465 87.8662
23 53.5945 87.8515
367 53.083 87.7065
746 52.5453 87.5542
896 52.0462 87.4128
118 51.5191 87.2635
713 50.9135 87.0919
449 50.3609 86.9354
737 50.3113 86.4122
320 50.1525 84.7375
292 49.9794 82.9105
921 50.0069 82.7831
229 50.0321 82.6667
575 50.0554 82.559
40 50.0778 82.4555
816 50.1014 82.3465
618 50.1245 82.2399
9 50.151 82.1172
952 50.1743 82.0099
947 50.2004 81.889
378 50.2281 81.7611
179 50.0042 81.1391
814 49.777 80.5079
415 49.4856 79.6981
193 49.1268 78.701
319 48.7541 77.6654
350 48.2788 76.3447
715 47.8826 75.2437
294 47.8136 75.0522
894 47.7383 74.8428
126 47.6715 74.6571
82 47.5965 74.4488
315 47.5186 74.2324
94 47.4352 74.0007
800 47.3521 73.7698
632 47.2614 73.5178
540 47.1718 73.2687
404 47.0826 73.0209
755 47.01 72.8192
562 46.9305 72.5983
895 46.8451 72.3609
857 46.751 72.0994
782 46.6551 71.8329
523 46.5448 71.5265
365 46.4431 71.2438
163 46.3801 71.0688
636 46.3235 70.9116
878 45.3459 68.1949
248 45.3419 68.1022
484 45.3368 67.986
264 45.3317 67.8698
986 45.3276 67.7742
459 45.3231 67.6714
724 45.3189 67.5759
225 45.3144 67.4717
171 45.3098 67.3665
410 45.3052 67.2621
91 45.3011 67.166
134 45.2964 67.0602
235 45.2917 66.9511
533 45.287 66.8433
976 45.2832 66.7556
802 45.279 66.6606
769 45.2741 66.5473
563 45.2681 66.4086
144 45.256 66.1329
779 45.2431 65.8367
216 45.2302 65.5409
804 45.2177 65.2541
513 45.2055 64.975
968 45.1912 64.6476
175 45.1768 64.318
56 45.1624 63.9862
683 45.1476 63.6474
80 45.1327 63.3069
109 45.1156 62.9143
54 45.0598 61.64
101 45.0024 60.3294
342 44.95 59.1337
843 44.9178 58.3971
855 44.893 57.829
798 44.8493 56.8308
85 44.8024 55.7597
576 44.7644 54.8907
623 44.7229 53.9433
63 44.7018 53.4602
30 44.6975 53.3606
676 44.6924 53.2445
519 44.6861 53.0994
875 44.6801 52.9632
155 44.407 52.9082
281 44.1442 52.8552
923 43.885 52.803
492 43.6175 52.749
765 43.3278 52.6906
848 43.0691 52.6385
498 42.8001 52.5842
597 42.5171 52.5272
471 42.2254 52.4684
732 41.9345 52.4097
493 41.6422 52.3508
558 41.6422 52.3508
186 41.3143 52.1485
276 40.4776 51.6324
621 39.5419 51.0551
461 38.4789 50.3994
472 37.3409 49.6973
912 35.848 48.7763
529 33.3375 47.2275
237 33.1083 47.0861
127 32.8675 46.9375
922 32.5913 46.7671
324 32.2789 46.5744
59 31.9779 46.3887
908 31.8683 46.3211
475 31.7672 46.2588
619 31.6743 46.2015
38 31.5773 46.1418
508 31.4813 46.0825
664 31.3807 46.0205
37 31.2859 45.9621
543 31.1964 45.9069
413 31.1081 45.8525
876 31.0174 45.7966
414 30.918 45.7353
687 30.8241 45.6774
778 30.7335 45.6215
525 30.6291 45.5572
549 30.5231 45.4918
142 30.5224 45.4949
78 30.5218 45.4974
403 30.5211 45.5001
655 30.5204 45.5027
397 30.5198 45.5055
603 30.519 45.5085
269 30.5184 45.5111
688 30.5178 45.5136
748 30.5172 45.5158
811 30.5167 45.5181
612 30.5161 45.5205
706 30.356 46.1632
723 30.1883 46.8361
388 30.0159 47.5281
11 29.8393 48.2368
679 29.6559 48.9729
535 29.4412 49.8348
302 29.2202 50.7219
391 28.99 51.6459
698 28.7606 52.5666
279 28.5427 53.4414
137 28.6123 53.8099
422 28.6756 54.1448
705 28.7388 54.4789
438 28.8023 54.8151
510 28.9065 55.3666
599 29.01 55.9143
971 29.1091 56.4391
329 29.1091 56.4391
349 29.2515 56.4433
147 29.4045 56.4479
640 29.5342 56.4518
89 29.6721 56.4559
545 29.8013 56.4597
180 29.941 56.4639
21 29.7054 57.2514
957 29.652 57.4299
735 29.6002 57.6029
788 29.5499 57.7712
809 29.5023 57.9301
901 29.4521 58.0979
49 29.4073 58.2479
913 29.349 58.4425
390 29.2813 58.6689
929 29.2241 58.8602
891 29.1657 59.0553
633 29.1032 59.2642
370 29.0376 59.4834
267 28.9275 59.8516
291 28.8178 60.218
359 28.7153 60.5606
938 28.624 60.8658
691 28.4769 61.3577
34 27.9727 63.0436
910 27.4473 64.8003
839 27.3827 64.9245
382 27.3126 65.0594
451 27.2429 65.1935
733 27.1743 65.3255
903 27.1053 65.4581
981 27.0363 65.5909
729 26.9669 65.7244
79 26.8964 65.86
846 26.8245 65.9985
507 26.7544 66.1333
897 26.6832 66.2702
104 26.6143 66.4029
596 26.5276 66.5696
756 26.4348 66.7481
645 26.3312 66.9474
327 26.2222 67.1572
635 26.1152 67.3631
739 26.0113 67.563
720 26.0109 67.9268
701 26.0105 68.3267
789 26.0101 68.6936
950 26.0097 69.0282
501 26.0094 69.3358
308 26.009 69.6565
524 26.0086 69.9931
537 26.0081 70.4448
658 26.0077 70.8449
927 26.0073 71.2081
946 26.0068 71.6024
726 26.0064 71.9672
600 26.006 72.3147
578 26.0056 72.6752
924 26.0053 72.969
587 26.005 73.2907
965 26.0046 73.6518
697 26.0041 74.069
113 26.0037 74.4215
560 26.0033 74.7987
411 26.0914 74.8857
487 26.2085 75.0014
479 26.3258 75.1172
888 26.4485 75.2384
550 26.5706 75.3589
333 26.6896 75.4764
244 26.8042 75.5895
886 26.9286 75.7124
326 27.0541 75.8363
454 27.1908 75.9713
604 27.3216 76.1004
662 27.4537 76.2309
574 27.5769 76.3525
689 27.7074 76.4814
872 27.8333 76.6057
571 27.9521 76.723
16 28.077 76.8463
591 28.1987 76.9665
730 28.3201 77.0863
825 28.438 77.2028
275 28.6335 77.3959
266 28.9286 77.6872
431 29.2426 77.9972
443 29.5856 78.3358
99 29.9772 78.7224
526 30.4794 79.2182
490 31.51 80.2355
76 32.6131 81.3244
638 33.7678 82.4641
124 34.9044 83.5862
707 36.3166 84.98
226 37.3931 86.0427
766 39.4606 88.0833
343 40.1895 88.8029
826 40.8502 89.4551
624 42.8886 91.4669
874 42.8886 91.4669
866 42.8886 91.4669
416 42.8886 91.4669
851 42.8886 91.4669
305 42.8886 91.4669
375 42.8886 91.4669
165 42.8886 91.4669
206 42.8886 91.4669
541 42.8886 91.4669
5 42.8886 91.4669
172 42.8886 91.4669
511 42.8886 91.4669
139 42.8886 91.4669
105 42.8886 91.4669
53 42.8886 91.4669
752 42.8886 91.4669
738 42.8886 91.4669
613 42.8886 91.4669
564 42.8886 91.4669
642 42.8886 91.4669
230 42.8886 91.4669
215 42.8886 91.4669
961 42.8886 91.4669
569 42.8886 91.4669
539 42.8886 91.4669
22 42.8886 91.4669
72 42.8886 91.4669
156 42.8886 91.4669
659 42.8886 91.4669
940 42.8886 91.4669
974 42.3697 91.2899
919 41.8865 91.125
309 41.3821 90.9529
189 40.9141 90.7932
92 40.5639 90.6736
470 40.2113 90.5532
559 39.8754 90.4384
448 39.5224 90.3178
516 39.151 90.191
265 38.7755 90.0628
389 38.3703 89.9245
437 37.9867 89.7935
120 37.613 89.666
129 37.1874 89.5207
548 36.7956 89.387
167 36.4179 89.258
181 36.0175 89.1213
231 35.6431 88.9935
2 35.2619 88.8633
954 34.8857 88.7349
795 34.5699 88.627
614 34.2428 88.5153
840 33.9224 88.4059
806 33.6159 88.3013
252 33.2964 88.1922
270 33.0913 88.2002
918 32.866 88.209
649 32.6494 88.2175
561 32.4206 88.2265
807 32.143 88.2374
394 31.739 88.2532
241 31.308 88.27
256 30.8426 88.2883
253 30.3669 88.3069
96 29.896 88.3253
271 29.4202 88.3439
808 28.9179 88.3636
428 28.3892 88.3842
916 27.8661 88.4047
146 27.8118 88.4068
392 27.7493 88.4093
877 27.6812 88.412
757 27.5992 88.4152
115 27.5276 88.418
611 27.4801 88.4198
631 27.4297 88.4218
20 27.379 88.4238
296 27.3272 88.4258
409 27.2724 88.428
50 27.2177 88.4301
696 27.1689 88.432
150 27.1212 88.4339
960 27.0701 88.4359
456 26.2011 88.4699
714 25.5096 88.497
223 25.3584 88.5029
424 25.1606 88.5107
712 24.9679 88.5182
885 24.7947 88.525
60 24.6232 88.5317
28 24.4286 88.5393
41 24.2272 88.5472
491 24.0197 88.5554
761 23.8241 88.563
699 23.6176 88.5711
651 23.4955 88.5759
93 23.3663 88.581
871 23.2504 88.5855
441 23.1372 88.5899
672 23.029 88.5942
141 22.908 88.5989
73 22.7689 88.6044
227 22.6157 88.6104
557 22.4799 88.6157
462 22.362 88.6203
768 22.2534 88.6246
859 22.1409 88.629
36 22.0224 88.6336
833 21.8982 88.6385
183 21.7745 88.6433
695 21.6538 88.6481
360 21.5353 88.6527
58 21.4204 88.6572
44 21.3062 88.6617
249 21.1903 88.6662
786 21.08 88.6705
610 20.9512 88.6756
469 20.8169 88.6808
933 20.6879 88.6859
430 20.5671 88.6906
288 20.4206 88.6964
521 20.2742 88.7021
368 20.126 88.7079
773 19.9821 88.7136
418 19.7062 88.7244
306 19.4211 88.7355
593 18.9736 88.753
608 18.5205 88.7708
339 18.034 88.7898
442 17.5016 88.8107
776 16.9937 88.8306
316 16.4807 88.8507
693 16.0046 88.8693
15 15.6004 88.8851
753 15.1717 88.9019
750 14.7117 88.9199
17 14.3893 88.9325
973 14.0501 88.9458
827 13.7062 88.9593
13 13.538 88.9659
914 13.3551 88.973
153 13.1841 88.9797
199 13.0178 88.9863
1 12.8562 88.9926
200 12.6926 88.999
236 12.536 89.0051
711 12.3771 89.0114
718 12.225 89.0173
792 12.0717 89.0233
31 11.9294 89.0289
585 11.7732 89.035
138 11.6461 89.04
868 11.5109 89.0453
637 11.3926 89.0499
969 11.2687 89.0548
953 11.1496 89.0594
678 11.0346 89.0639
364 10.9255 89.0682
106 10.8141 89.0726
325 10.7125 89.0766
401 10.5979 89.0811
570 10.4911 89.0852
815 10.3882 89.0893
615 10.2809 89.0935
203 10.1774 89.0975
169 10.0745 89.1016
48 9.97821 89.1053
240 9.8706 89.1095
433 9.76795 89.1136
321 9.68179 89.1169
444 9.58943 89.1206
90 9.49619 89.1242
75 9.49619 89.1242
988 9.49619 89.1242
39 9.49672 89.1107
386 9.49731 89.0959
304 9.49787 89.0816
399 9.49846 89.0667
446 9.49897 89.0539
380 9.49946 89.0415
719 9.50008 89.026
426 9.50065 89.0116
447 9.50114 88.9991
435 9.50164 88.9866
301 9.50225 88.971
108 9.50285 88.956
736 9.50342 88.9417
547 9.50398 88.9276
759 9.50457 88.9128
905 9.50511 88.8991
628 9.5056 88.8865
213 9.50606 88.875
568 9.53043 88.2576
263 9.55614 87.6068
405 9.58198 86.9522
803 9.61184 86.1969
178 9.64265 85.4178
346 9.67163 84.6845
944 9.69662 84.0513
247 9.72008 83.4569
168 9.74436 82.8422
95 9.76572 82.3008
830 9.78822 81.7309
300 9.80951 81.1914
780 9.83251 80.6088
554 9.85642 80.0031
982 9.88001 79.4056
495 9.90637 78.7381
890 9.93981 77.8927
224 9.97282 77.0579
991 10.0037 76.2766
879 10.0343 75.5027
457 10.063 74.7761
427 10.0919 74.0458
277 10.1195 73.3469
552 10.1459 72.679
546 10.1477 72.6309
728 10.15 72.5726
272 10.1525 72.5101
374 10.1546 72.4562
220 10.1569 72.3992
88 10.159 72.3446
630 10.162 72.2687
184 10.1645 72.2053
796 10.1672 72.1368
892 10.1698 72.0706
207 10.1755 71.9244
255 10.1814 71.7737
694 10.1868 71.6365
551 10.1922 71.5003
119 10.198 71.3533
799 10.2034 71.2155
955 10.2084 71.0881
436 10.2142 70.9409
500 10.2228 70.7219
400 10.2313 70.5048
482 10.24 70.2844
429 10.2483 70.075
764 10.2569 69.8559
347 10.2626 69.7111
517 10.267 69.5992
639 10.2714 69.4855
114 10.2764 69.3598
361 10.2808 69.2461
667 10.2855 69.1276
445 10.2904 69.0033
131 10.2955 68.8725
130 10.3003 68.7517
371 10.3048 68.6371
381 10.3093 68.5222
338 10.3139 68.4039
398 10.3186 68.284
703 10.3234 68.1642
556 10.3275 68.0586
657 10.3322 67.9394
966 10.3371 67.8132
686 10.342 67.6892
3 10.3471 67.5604
502 10.3518 67.4403
665 10.3566 67.318
503 10.3614 67.1955
948 10.3664 67.0689
162 10.3714 66.9416
97 10.3765 66.8126
860 10.3814 66.6875
734 10.387 66.5447
717 10.3924 66.4067
784 10.3979 66.2676
607 10.403 66.1389
14 10.4084 66.0013
77 10.4138 65.8618
298 10.4192 65.7258
939 10.4378 65.2539
925 10.4564 64.7831
972 10.4731 64.3589
760 10.4874 63.9963
192 10.5012 63.6433
747 10.5154 63.2842
234 10.5293 62.9306
680 10.5428 62.5875
81 10.5575 62.2157
589 10.5728 61.8257
970 10.5877 61.4482
233 10.6031 61.0578
132 10.6031 61.0578
772 10.6031 61.0578
601 10.6031 61.0578
196 10.6066 60.4467
376 10.6101 59.852
565 10.6141 59.1738
166 10.6177 58.5522
677 10.621 57.985
531 10.6241 57.4464
219 10.6276 56.8616
527 10.6355 55.5076
116 10.6427 54.2643
303 10.646 53.6941
476 10.6495 53.1024
218 10.6505 52.9326
47 10.6516 52.7434
222 10.6527 52.5465
731 10.6538 52.3578
505 10.6548 52.1988
122 10.6557 52.036
771 10.6568 51.8422
770 10.6579 51.666
157 10.6588 51.5128
652 10.6597 51.3529
128 10.6606 51.1984
909 10.6615 51.0512
154 10.6623 50.9015
57 10.6632 50.7579
841 10.664 50.608
749 10.6649 50.4615
174 10.6657 50.3194
708 10.6665 50.179
463 10.6675 50.0213
949 10.6683 49.8708
336 10.6691 49.7344
214 10.67 49.5827
384 10.6711 49.4038
863 10.6719 49.257
956 10.6727 49.1322
312 10.6744 48.8298
373 10.676 48.5557
849 10.6776 48.2799
496 10.6828 47.3974
499 10.6878 46.538
663 10.6895 46.2431
423 10.6912 45.9465
182 10.6928 45.6712
985 10.6948 45.342
148 10.6959 45.1494
212 10.697 44.9518
700 10.6982 44.7601
805 10.6991 44.5936
797 10.7003 44.3975
616 10.7015 44.1949
758 10.7025 44.0113
489 10.7037 43.818
352 10.7048 43.6156
100 10.7061 43.4022
542 10.7075 43.1657
936 10.7089 42.9177
534 10.7105 42.6479
858 10.7121 42.3715
341 10.7213 40.7994
86 10.7369 38.1107
283 10.7389 37.7728
46 10.7408 37.4426
123 10.7428 37.1041
87 10.745 36.7276
228 10.747 36.3836
330 10.7492 36.0115
328 10.7516 35.594
32 10.7587 34.374
258 10.7702 32.4074
958 10.775 31.5953
898 10.782 30.3879
794 10.7883 29.3128
514 10.794 28.3341
74 10.8005 27.2158
402 10.8069 26.1296
133 10.8124 25.1853
4 10.8189 24.0764
187 10.8269 22.6984
674 10.831 22.0035
331 10.8344 21.4191
682 10.8381 20.7902
254 10.8413 20.247
299 10.844 19.7836
362 10.8473 19.2228
412 10.8504 18.6887
61 10.8535 18.1541
646 10.8565 17.6481
366 10.8592 17.1799
455 10.8619 16.7187
812 10.8654 16.1098
488 10.8655 16.1098
588 10.9797 16.2293
572 11.0928 16.3477
629 11.1835 16.4426
211 11.2884 16.5523
8 11.3945 16.6634
963 11.4902 16.7635
673 11.5889 16.8668
881 11.6777 16.9596
722 11.7807 17.0674
602 14.6724 20.0944
348 15.1843 20.6301
439 15.7456 21.2174
943 16.2379 21.7326
836 16.6656 22.1801
474 17.0687 22.6018
641 17.4659 23.0174
741 17.8517 23.4211
829 18.295 23.8849
65 18.6277 24.233
354 18.8584 24.4744
661 19.0733 24.6992
902 19.2972 24.9335
268 19.5227 25.1694
626 19.7599 25.4176
990 19.7447 30.7549
824 20.0126 30.6492
710 20.227 30.5646
284 20.5929 30.4203
10 20.8626 30.3139
221 21.7297 29.9719
121 22.4658 29.6816
486 23.2195 29.3843
869 23.953 29.095
205 24.6456 28.8218
125 25.4144 28.5186
899 27.5548 27.6745
337 31.4979 26.1196
26 32.7066 25.6429
191 33.5395 25.3144
289 34.3687 24.9873
278 34.3687 24.9873
257 34.3687 24.9873
834 34.4945 24.0199
467 34.6494 22.8296
287 34.8667 21.1588
363 34.9493 20.5236
669 35.0186 19.9903
643 35.0186 19.9903
702 35.0186 19.9903
934 35.0186 19.9903
310 35.0186 19.9903
246 35.0186 19.9903
351 35.0186 19.9903
407 35.0186 19.9903
261 35.0186 19.9903
883 35.0186 19.9903
915 35.0186 19.9903
307 36.3263 18.8597
518 38.3699 17.093
709 38.6144 18.4159
573 38.7722 19.27
111 38.9385 20.1697
379 39.1038 21.0643
419 39.2538 21.8759
704 39.3532 22.4139
653 39.4626 23.0059
822 39.581 23.6465
64 39.6985 24.2826
787 40.1606 26.7815
873 40.6843 29.6141
452 41.287 32.8733
692 41.4167 33.5751
209 41.5368 34.2253
783 41.6673 34.9311
844 41.7148 35.1884
194 41.7609 35.4377
790 41.7892 35.5911
197 41.8182 35.748
512 41.8481 35.9098
66 41.8481 35.9098
906 41.8481 35.9098
917 41.8481 35.9098
862 41.8481 35.9098
989 41.8481 35.9098
853 41.8481 35.9098
151 41.8481 35.9098
160 42.4809 36.7878
7 43.1627 37.7334
566 43.8572 38.6966
480 44.5741 39.691
210 45.2645 40.6486
522 45.9748 40.3742
27 47.0449 39.9609
945 47.5534 39.7645
250 48.1205 39.5454
586 48.6569 39.3381
356 49.4511 39.0313
355 50.2961 38.7049
164 51.1824 38.3626
555 51.8232 38.4964
69 52.5387 38.6458
421 53.2463 38.7936
606 54.138 38.9797
681 54.4649 39.048
358 54.7952 39.117
357 55.1172 39.1843
828 55.398 39.2429
978 55.6816 39.3022
716 55.9591 39.3601
935 56.2428 39.4194
143 57.7477 39.7334
262 57.7477 39.7334
29 63.5849 38.6288
232 63.546 38.5653
926 63.504 38.4968
831 63.3334 38.2187
43 63.244 38.073
314 63.1552 37.9281
870 63.0605 37.7737
6 62.909 37.2055
634 62.8044 36.8131
644 62.6997 36.4204
217 62.5515 35.8646
751 62.3775 35.212
821 62.2309 34.6617
781 62.0871 34.1227
675 61.9522 33.6165
594 61.7909 33.0114
377 61.565 32.164
865 61.3151 31.2264
45 61.2573 31.0098
24 61.192 30.7647
598 61.1356 30.5532
295 61.085 30.3636
959 61.038 30.1873
785 60.9917 30.0136
581 60.946 29.842
930 60.946 29.842
19 60.946 29.842
55 61.2072 29.2753
458 61.4719 28.701
176 66.202 18.4396
103 67.717 15.153
504 68.4108 15.4268
777 69.0509 15.6794
721 69.8997 16.0144
819 70.7716 16.3585
