0,721,103,581,176,777,358,959,504,419,865,55,458,24,819,164,598,873,555,681,785,831,295,377,6,27,323,276,262,63,19,751,821,45,781,870,716,66,634,217,675,606,357,978,355,828,906,930,314,43,875,594,644,69,492,844,197,370,810,623,577,188,625,793,282,472,848,964,519,743,264,342,843,945,85,186,161,54,471,687,566,155,151,356,756,127,679,438,7,619,180,706,475,917,414,811,603,529,783,664,37,688,49,147,913,543,891,413,723,397,655,522,908,549,633,194,237,748,89,508,612,269,302,989,869,862,535,525,512,790,692,452,421,38,480,778,289,586,250,834,209,935,853,257,191,160,351,653,709,310,246,407,363,573,883,934,822,307,261,379,284,787,467,626,111,704,669,518,287,337,26,366,643,348,331,354,915,674,211,64,439,488,812,741,881,455,254,588,673,641,61,682,646,629,402,8,474,722,902,187,702,963,412,362,824,661,943,899,221,836,121,898,794,514,572,74,602,258,299,4,133,86,125,710,65,268,985,278,388,205,142,11,403,486,829,698,391,228,700,616,863,87,32,283,990,499,805,958,797,182,154,423,78,123,384,47,328,148,849,341,938,909,758,949,10,212,542,841,489,57,222,373,731,505,174,858,463,312,770,157,652,128,116,166,336,352,496,534,749,708,527,303,677,100,330,46,771,936,663,476,218,214,122,279,691,897,422,846,565,972,114,500,130,739,524,879,639,277,3,925,234,703,427,717,482,784,196,347,531,517,371,694,734,799,747,760,381,764,272,552,667,991,479,119,860,556,400,207,97,445,14,796,939,966,665,589,131,81,192,686,630,255,398,219,487,970,376,502,77,224,955,607,240,457,346,892,728,736,657,547,108,431,825,58,374,608,570,75,550,48,361,168,726,298,554,436,113,95,546,890,88,178,247,503,213,718,711,236,200,1,199,914,719,380,301,304,31,585,138,868,637,969,953,678,364,325,401,815,615,203,169,433,321,444,90,106,982,780,300,446,495,399,830,944,568,905,628,426,792,699,263,405,803,39,988,153,560,759,386,316,693,447,435,827,244,750,631,886,773,418,695,17,651,973,871,441,16,424,442,776,141,41,761,296,593,20,93,253,15,360,469,288,757,115,833,368,470,73,521,491,786,430,885,428,714,456,76,557,227,28,462,50,13,916,933,611,183,753,306,768,409,44,712,696,249,604,697,60,36,614,443,591,454,658,124,730,574,537,662,872,689,223,359,571,162,184,948,551,924,21,729,339,220,578,338,587,950,327,333,132,266,429,971,275,329,705,789,888,981,411,635,680,99,600,701,326,946,451,735,390,79,927,308,501,291,957,510,267,137,965,34,903,59,545,507,233,382,772,733,640,901,324,349,599,601,526,956,210,720,876,809,839,596,461,493,788,929,235,683,576,281,923,365,621,104,410,513,765,922,645,558,912,101,855,30,175,878,498,597,732,56,171,804,533,802,270,252,987,484,350,921,226,632,216,676,144,404,636,800,617,910,91,563,80,986,453,715,109,894,523,976,459,163,779,755,335,880,895,564,807,280,229,432,724,193,225,782,134,659,887,861,540,582,94,112,832,559,206,406,919,826,530,940,516,179,189,763,490,2,294,271,146,954,610,859,638,392,92,256,96,150,877,53,167,139,416,707,449,265,569,230,866,649,795,389,548,172,960,561,806,305,918,231,215,766,181,448,129,672,840,974,72,120,752,808,292,22,713,541,248,961,82,375,105,309,156,5,642,874,394,613,738,241,320,882,980,851,947,239,62,437,562,814,511,118,746,415,539,140,816,408,313,896,12,952,165,624,618,245,319,536,126,369,40,477,177,567,259,532,343,911,984,434,754,856,584,23,367,575,774,202,690,317,344,544,417,817,52,464,465,251,158,318,185,813,666,620,145,737,42,992,845,297,622,273,18,931,983,135,820,823,580,742,285,893,725,149,854,353,937,481,775,648,494,928,864,740,372,528,332,311,25,660,889,685,204,450,322,159,473,83,818,975,579,385,201,852,71,378,395,801,837,727,51,460,650,238,962,84,515,478,9,968,440,654,744,867,340,485,762,671,315,857,393,173,152,290,509,67,847,904,35,798,769,595,668,605,791,468,293,68,208,900,907,842,70,110,286,102,538,420,647,190,396,670,117,232,609,136,592,767,656,932,942,553,387,198,143,29,425,926,466,920,951,242,884,977,334,850,583,941,684,506,383,838,170,107,497,967,520,33,590,195,745,274,835,98,483,260,243,979,345,627,
value : 450.806 running time : 281.578061
0 80 20
721 72.5515 17.1064
103 67.6212 15.1909
581 66.6574 17.1642
176 65.783 18.9544
777 64.4277 21.7288
358 62.1499 26.3917
959 62.0011 26.6964
504 61.8483 27.0092
419 61.6656 27.3833
865 61.1322 28.9053
55 61.047 29.1481
458 60.9622 29.3902
24 60.9004 29.5664
819 60.8196 29.7971
164 60.7315 30.0485
598 60.6518 30.2757
873 60.5392 30.5972
555 60.428 30.9145
681 60.3177 31.2292
785 60.2232 31.4986
831 60.1381 31.7414
295 60.046 32.0041
377 59.6599 33.1058
6 59.3584 33.966
27 58.978 35.0513
323 58.5841 36.1753
276 57.0703 39.3534
262 56.829 39.8601
63 56.7375 40.0523
19 56.6532 40.2291
751 56.5657 40.413
821 56.4711 40.6116
45 56.3519 40.8617
781 56.2295 41.1187
870 56.0759 41.4412
716 55.942 41.7224
66 55.8178 41.9832
634 55.6991 42.2324
217 55.5688 42.5059
675 55.4464 42.7631
606 55.3138 43.0414
357 55.179 43.3245
978 55.0475 43.6004
355 54.9254 43.8569
828 54.7888 44.1437
906 54.5979 44.5445
930 54.427 44.9033
314 54.2491 45.2769
43 54.0202 45.7575
875 53.7777 46.2666
594 53.5495 46.7457
644 53.2958 47.2784
69 53.0149 47.8682
492 52.7356 48.4545
844 52.4818 48.9874
197 52.1503 49.6834
370 51.1659 51.75
810 51.1393 51.806
623 51.113 51.8612
577 51.0826 51.9249
188 51.0542 51.9846
625 51.0245 52.047
793 50.9965 52.1058
282 50.9681 52.1655
472 50.9441 52.2159
848 50.9167 52.2733
964 50.8854 52.339
519 50.6481 52.289
743 50.4014 52.2369
264 49.8903 52.1291
342 49.4686 52.0401
843 49.0732 51.9566
945 48.6701 51.8716
85 48.2975 51.793
186 47.841 51.6966
161 47.3496 51.593
54 42.7854 50.6298
471 41.281 49.8915
687 39.1134 48.8277
566 38.356 48.456
155 37.6068 48.0883
151 36.7206 47.6534
356 36.2046 47.4002
756 35.6409 47.1235
127 35.539 46.9984
679 35.4059 46.8349
438 35.3001 46.7049
7 35.2044 46.5874
619 35.1152 46.4779
180 35.0264 46.3689
706 34.9177 46.2353
475 34.8136 46.1074
917 34.7312 46.0062
414 34.6403 45.8946
811 34.5538 45.7884
603 34.4792 45.6968
529 34.3848 45.5808
783 34.3082 45.4868
664 34.2244 45.3838
37 34.15 45.2924
688 34.0836 45.2109
49 34.0114 45.1222
147 33.9336 45.0266
913 33.8483 44.9219
543 33.7656 44.8203
891 33.6922 44.7302
413 33.6024 44.6199
723 33.5094 44.5056
397 33.4286 44.4064
655 33.3511 44.3112
522 33.2888 44.2347
908 33.2039 44.1304
549 33.1237 44.0319
633 33.1237 44.0319
194 33.1752 43.8274
237 33.2236 43.6353
748 33.2837 43.397
89 33.3379 43.1817
508 33.4277 42.8256
612 33.5197 42.4605
269 33.5572 42.3118
302 33.6021 42.1333
989 33.6523 41.9344
869 33.7023 41.7357
862 33.7411 41.5818
535 33.7796 41.429
525 33.8209 41.2651
512 33.8645 41.0924
790 33.9589 40.7175
692 34.043 40.3839
452 34.1228 40.0673
421 34.2101 39.7207
38 34.2672 39.4944
480 34.3353 39.2243
778 34.4001 38.9671
289 36.234 31.6876
586 36.4137 30.9748
250 36.5936 30.2607
834 36.7458 29.657
209 36.9072 29.0166
935 36.8585 28.6555
853 36.7647 27.9597
257 36.6514 27.1186
191 36.4853 25.8868
160 36.2486 24.1305
351 35.9183 21.6797
653 35.888 21.4553
709 35.8589 21.2394
310 35.8253 20.99
246 35.7931 20.7506
407 35.7595 20.5014
363 35.7312 20.2915
573 35.7055 20.1009
883 35.6811 19.9197
934 35.6565 19.7378
822 35.6293 19.5357
307 35.6012 19.3269
261 35.5725 19.114
379 35.5432 18.8968
284 35.5106 18.6554
787 35.4807 18.4331
467 35.4459 18.1752
626 35.3685 17.6008
111 35.2928 17.0392
704 35.2108 16.4309
669 35.1281 15.8176
518 35.0592 15.3062
287 33.8324 15.4694
337 32.3902 15.6612
26 30.5416 15.9071
366 23.6606 16.8214
643 21.5521 17.1018
348 19.1504 17.4213
331 17.4882 17.6424
354 17.4882 17.6424
915 17.4342 17.615
674 17.3661 17.5804
211 17.3137 17.5538
64 17.2697 17.5315
439 16.1499 16.9632
488 14.2479 15.9981
812 12.564 15.1437
741 12.5667 15.1718
881 12.569 15.1951
455 12.5718 15.2241
254 12.5742 15.2491
588 12.5765 15.2728
673 12.579 15.2992
641 12.5813 15.3233
61 12.5832 15.3423
682 12.5852 15.3638
646 12.5874 15.3858
629 12.5896 15.4084
402 12.5921 15.4354
8 12.5943 15.4574
474 12.5967 15.4828
722 12.5987 15.503
902 12.6006 15.5226
187 12.6023 15.5402
702 13.4038 17.9197
963 13.784 19.0481
412 14.1163 20.0346
362 14.5493 21.3201
824 15.4291 23.9316
661 15.3467 24.0388
943 15.2664 24.1433
899 15.1879 24.2456
221 15.1076 24.3501
836 14.213 25.5148
121 13.3479 26.6411
898 12.3465 27.945
794 12.4005 27.9876
514 12.4596 28.0344
572 12.523 28.0844
74 12.5831 28.1319
602 12.6522 28.1865
258 12.7012 28.2251
299 12.7561 28.2684
4 12.8115 28.3122
133 12.8705 28.3588
86 12.9279 28.4041
125 14.2031 29.4113
710 15.0452 30.0762
65 16.1262 30.9299
268 17.0008 31.6206
985 18.0259 32.4302
278 19.3608 33.4844
388 17.9354 35.7879
205 16.9108 37.4434
142 15.7067 39.389
11 15.7067 39.389
403 15.7067 39.389
486 15.7067 39.389
829 15.2272 39.918
698 14.5708 40.6422
391 14.2458 41.0007
228 14.009 41.2619
700 13.7771 41.5177
616 13.5249 41.796
863 13.282 42.0639
87 13.0601 42.3086
32 12.8235 42.5697
283 12.5443 42.8777
990 12.2642 43.1867
499 11.9633 43.5186
805 11.9021 43.5862
958 11.845 43.6492
797 11.7892 43.7107
182 11.7249 43.7816
154 11.6628 43.8501
423 11.6055 43.9134
78 11.545 43.9801
123 11.4734 44.0591
384 11.4044 44.1352
47 11.3327 44.2143
328 11.2719 44.2814
148 11.2525 46.5455
849 11.2349 48.5997
341 11.2347 48.6163
938 11.2346 48.6336
909 11.2344 48.6491
758 11.2343 48.6651
949 11.2342 48.6801
10 11.234 48.6947
212 11.2339 48.7121
542 11.2337 48.7316
841 11.2335 48.7488
489 11.2334 48.7661
57 11.2332 48.783
222 11.2331 48.7993
373 11.233 48.8158
731 11.2328 48.8318
505 11.2327 48.8502
174 11.2325 48.8673
858 11.2324 48.884
463 11.2322 48.8991
312 11.2321 48.9141
770 11.2319 48.9306
157 11.2318 48.9484
652 11.2316 48.9654
128 11.2315 48.9826
116 11.2313 49.0011
166 11.2312 49.0196
336 11.231 49.0363
352 11.2309 49.0518
496 11.2307 49.0673
534 11.2306 49.0839
749 11.2305 49.1008
708 11.2303 49.1192
527 11.2301 49.1366
303 11.23 49.1535
677 11.2298 49.1701
100 11.2297 49.1845
330 11.2296 49.198
46 11.226 49.6082
771 11.221 50.1793
936 11.2154 50.827
663 11.2102 51.4166
476 11.2037 52.1672
218 11.1933 53.3606
214 11.1837 54.4684
122 11.1743 55.5429
279 11.1643 56.6944
691 11.1534 57.9469
897 11.1422 59.2279
422 11.1335 60.2335
846 11.123 61.4329
565 11.1197 61.8155
972 11.116 62.2381
114 11.1115 62.7438
500 11.1072 63.2437
130 11.104 63.6076
739 11.1008 63.973
524 11.0975 64.348
879 11.0943 64.7219
639 11.091 65.0928
277 11.0899 65.2256
3 11.0887 65.353
925 11.0876 65.4788
234 11.0863 65.628
703 11.085 65.784
427 11.0835 65.9515
717 11.0822 66.0987
482 11.081 66.2397
784 11.0798 66.3748
196 11.0786 66.5138
347 11.0773 66.6613
531 11.0759 66.8172
517 11.0744 66.9946
371 11.073 67.1573
694 11.0715 67.322
734 11.0702 67.4674
799 11.0689 67.615
747 11.0677 67.7561
760 11.0664 67.91
381 11.0648 68.0834
764 11.0636 68.2304
272 11.062 68.4111
552 11.0604 68.5873
667 11.0589 68.7607
991 11.0573 68.9406
479 11.056 69.0974
119 11.0547 69.2452
860 11.0532 69.4119
556 11.0519 69.5661
400 11.0506 69.7099
207 11.0494 69.8535
97 11.0482 69.9878
445 11.0469 70.1311
14 11.0457 70.2733
796 11.0444 70.4244
939 11.0433 70.5495
966 11.0418 70.7194
665 11.0403 70.8866
589 11.039 71.039
131 11.0371 71.2548
81 11.0351 71.4845
192 11.0331 71.7134
686 11.0309 71.964
630 11.0289 72.1869
255 11.0269 72.4205
398 11.0248 72.6638
219 11.0226 72.9132
487 11.0202 73.1806
970 11.0183 73.3964
376 11.0163 73.635
502 11.0138 73.9167
77 11.0114 74.187
224 11.0072 74.6693
955 11.0032 75.1337
607 10.9997 75.531
240 10.9956 76.0022
457 10.992 76.4073
346 10.9884 76.8242
892 10.9844 77.2797
728 10.9809 77.6799
736 10.9772 78.1115
657 10.9743 78.4384
547 10.9708 78.8424
108 10.9708 78.8424
431 10.9708 78.8424
825 10.9708 78.8424
58 10.9708 78.8424
374 10.9708 78.8424
608 10.9708 78.8424
570 10.9708 78.8424
75 10.9708 78.8424
550 10.9708 78.8424
48 10.9234 79.1185
361 10.8794 79.3746
168 10.8299 79.6633
726 10.7814 79.9457
298 10.7325 80.2305
554 10.6757 80.5611
436 10.6191 80.8909
113 10.5662 81.1995
95 10.5007 81.5806
546 10.4437 81.9128
890 10.3863 82.247
88 10.3238 82.6113
178 10.2641 82.9591
247 10.1997 83.3343
503 10.1436 83.6614
213 9.29025 88.6292
718 9.29025 88.6292
711 9.29025 88.6292
236 9.29025 88.6292
200 9.29025 88.6292
1 9.29025 88.6292
199 9.29025 88.6292
914 9.29025 88.6292
719 9.29025 88.6292
380 9.29025 88.6292
301 9.29025 88.6292
304 9.29025 88.6292
31 9.29025 88.6292
585 9.29025 88.6292
138 9.29025 88.6292
868 9.29025 88.6292
637 9.29025 88.6292
969 9.29025 88.6292
953 9.29025 88.6292
678 9.29025 88.6292
364 9.29025 88.6292
325 9.29025 88.6292
401 9.29025 88.6292
815 9.29025 88.6292
615 9.29025 88.6292
203 9.29025 88.6292
169 9.29025 88.6292
433 9.29025 88.6292
321 9.29025 88.6292
444 9.29025 88.6292
90 9.29025 88.6292
106 9.29025 88.6292
982 9.29025 88.6292
780 9.29025 88.6292
300 9.29025 88.6292
446 9.29025 88.6292
495 9.29025 88.6292
399 9.29025 88.6292
830 9.29025 88.6292
944 9.2954 88.6604
568 9.30078 88.6929
905 9.30548 88.7214
628 9.31044 88.7514
426 9.31541 88.7815
792 9.32057 88.8128
699 9.32568 88.8437
263 9.33114 88.8768
405 9.33661 88.9099
803 9.34154 88.9398
39 9.34684 88.9718
988 9.35178 89.0017
153 9.6936 88.9962
560 10.0487 88.9905
759 10.3211 88.9861
386 10.6392 88.9809
316 10.9406 88.976
693 11.2313 88.9713
447 11.5336 88.9664
435 11.8489 88.9613
827 12.5551 88.9499
244 13.752 88.9305
750 14.7434 88.9144
631 20.8611 88.8157
886 20.9835 88.8137
773 21.1313 88.8113
418 21.2517 88.8093
695 21.3673 88.8075
17 21.4909 88.8055
651 21.6251 88.8033
973 21.7467 88.8013
871 21.8891 88.799
441 22.0265 88.7968
16 22.1519 88.7948
424 22.2382 88.7934
442 22.3221 88.792
776 22.4239 88.7904
141 22.538 88.7885
41 22.6313 88.787
761 22.7257 88.7855
296 22.8218 88.7839
593 22.9063 88.7826
20 23.0011 88.781
93 23.0146 88.7612
253 23.0261 88.7443
15 23.0374 88.7277
360 23.0513 88.7074
469 23.0635 88.6896
288 23.0747 88.6731
757 23.0865 88.6558
115 23.097 88.6404
833 23.1083 88.6239
368 23.1195 88.6075
470 23.13 88.5919
73 23.13 88.5919
521 23.13 88.5919
491 23.1301 88.5919
786 23.1301 88.5919
430 23.1301 88.5919
885 23.1301 88.5919
428 23.1301 88.5919
714 23.1301 88.5919
456 23.1301 88.5919
76 23.1301 88.5919
557 23.1301 88.5919
227 23.1301 88.5919
28 23.1301 88.5919
462 23.1301 88.5919
50 23.1301 88.5919
13 23.1301 88.5919
916 23.1301 88.5919
933 23.1301 88.5919
611 23.1301 88.5919
183 23.1931 88.4057
753 23.2516 88.2332
306 23.311 88.0577
768 23.3758 87.8666
409 23.5072 87.4786
44 23.6764 86.979
712 23.8517 86.4616
696 24.0554 85.8602
249 24.2745 85.2135
604 24.5143 84.5055
697 24.6724 84.0389
60 24.8252 83.5878
36 24.9608 83.1874
614 26.2867 79.2722
443 25.9466 78.7252
591 25.6727 78.2846
454 25.4256 77.8871
658 25.1647 77.4674
124 24.933 77.0946
730 24.6712 76.6736
574 24.4127 76.2577
537 24.1732 75.8725
662 23.9475 75.5095
872 23.6754 75.0716
689 23.3655 74.5733
223 23.0236 74.0232
359 22.5348 73.2369
571 22.1662 72.644
162 21.7966 72.0494
184 21.4824 71.544
948 21.0844 70.9038
551 21.3299 70.553
924 21.6457 70.1017
21 21.9468 69.6714
729 21.9468 69.6714
339 21.9468 69.6714
220 21.9468 69.6714
578 21.9468 69.6714
338 21.9468 69.6714
587 22.0935 69.5587
950 22.218 69.4631
327 22.3484 69.363
333 22.4709 69.2689
132 22.5952 69.1734
266 22.7218 69.0762
429 22.8424 68.9836
971 22.9839 68.8749
275 23.1133 68.7756
329 23.2449 68.6745
705 23.3826 68.5688
789 23.4957 68.4819
888 23.6123 68.3924
981 23.7319 68.3006
411 23.8423 68.2158
635 23.9553 68.1291
680 24.0665 68.0437
99 24.1942 67.9456
600 24.3179 67.8506
701 24.4385 67.758
326 24.5636 67.6619
946 24.7084 67.5508
451 24.8618 67.433
735 25.0131 67.3168
390 25.1565 67.2066
79 25.2906 67.1036
927 25.4221 67.0027
308 25.5715 66.888
501 25.7039 66.7863
291 25.8461 66.6771
957 25.9353 66.6086
510 26.0271 66.5381
267 26.117 66.469
137 26.2027 66.4032
965 26.2829 66.3417
34 26.3677 66.2766
903 26.4575 66.2076
59 26.5475 66.1385
545 26.635 66.0714
507 26.709 66.0145
233 26.7843 65.9567
382 26.8604 65.8982
772 26.9333 65.8423
733 27.0179 65.7774
640 27.1017 65.713
901 27.1796 65.6532
324 27.2578 65.5932
349 27.31 65.5531
599 27.3645 65.5112
601 27.417 65.4709
526 27.4736 65.4275
956 27.5404 65.3762
210 34.2829 60.8387
720 34.6564 60.5873
876 35.1395 60.2623
809 35.6113 60.5306
839 36.0389 60.7737
596 36.4975 61.0344
461 36.8952 61.2606
493 37.2969 61.489
788 37.7305 61.7355
929 38.2593 62.0362
235 38.8997 62.4004
683 39.2965 62.626
576 39.6708 62.8388
281 40.0588 63.0595
923 40.4438 63.2784
365 40.5986 63.5483
621 40.7396 63.7942
104 40.8955 64.0662
410 41.056 64.3461
513 41.2157 64.6247
765 41.277 64.7316
922 41.3413 64.8437
645 41.419 64.9792
558 41.4956 65.1129
912 41.5678 65.2389
101 41.6435 65.3708
855 41.7405 65.5401
30 41.8207 65.6801
175 41.913 65.8409
878 42.0023 65.9968
498 42.0793 66.131
597 42.2885 66.4959
732 42.5571 66.9644
56 42.8484 67.4726
171 43.1403 67.9817
804 43.4181 68.4663
533 43.7252 69.0019
802 44.6017 70.5305
270 45.2475 71.6569
252 45.8691 72.7411
987 47.2012 75.0643
484 47.1998 75.0698
350 47.1982 75.0757
921 47.1969 75.0811
226 47.1954 75.0868
632 47.1942 75.0914
216 47.193 75.0962
676 47.1902 75.1072
144 47.187 75.1196
404 47.1841 75.1309
636 47.1814 75.1414
800 47.1791 75.1507
617 47.1766 75.1603
910 47.1736 75.1718
91 47.1709 75.1826
563 47.168 75.194
80 47.1653 75.2043
986 47.1629 75.2139
453 47.1604 75.2237
715 47.1575 75.2348
109 47.1548 75.2453
894 47.1519 75.2568
523 47.149 75.2679
976 47.1461 75.2793
459 47.1436 75.2892
163 47.1254 75.3604
779 47.1074 75.4304
755 47.0883 75.5051
335 47.0707 75.5739
880 47.0519 75.6475
895 47.0333 75.7201
564 47.0141 75.795
807 46.9958 75.8665
280 46.9798 75.9291
229 46.9633 75.9935
432 46.9461 76.0607
724 46.9266 76.1367
193 46.9082 76.2086
225 46.8916 76.2735
782 46.8745 76.3405
134 46.8561 76.4122
659 46.8369 76.4874
887 46.8198 76.554
861 46.8198 76.554
540 46.8198 76.554
582 46.8198 76.554
94 46.8198 76.554
112 46.8198 76.554
832 46.8198 76.554
559 40.2795 87.374
206 40.2795 87.374
406 40.2795 87.374
919 40.2795 87.374
826 40.2795 87.374
530 40.2795 87.374
940 40.2795 87.374
516 40.2795 87.374
179 40.2795 87.374
189 39.0228 87.6578
763 37.9181 87.9072
490 36.5495 88.2163
2 36.5495 88.2163
294 36.5495 88.2163
271 36.5495 88.2163
146 36.5495 88.2163
954 36.5495 88.2163
610 36.6191 88.498
859 36.6191 88.498
638 36.6218 88.5012
392 36.6247 88.5046
92 36.6275 88.5078
256 36.6302 88.511
96 36.6332 88.5145
150 36.6361 88.5178
877 36.6389 88.5211
53 36.6418 88.5244
167 36.6443 88.5274
139 36.6475 88.5311
416 36.6501 88.5342
707 36.6531 88.5376
449 36.656 88.5411
265 36.659 88.5445
569 36.6617 88.5476
230 36.6642 88.5506
866 36.6669 88.5538
649 36.6694 88.5566
795 36.6723 88.56
389 36.6754 88.5636
548 36.6781 88.5668
172 36.6808 88.57
960 36.6837 88.5733
561 36.9517 88.5742
806 37.186 88.575
305 37.4454 88.5759
918 37.6537 88.5766
231 37.8973 88.5774
215 38.1635 88.5783
766 38.3941 88.5791
181 38.621 88.5799
448 38.8489 88.5807
129 39.0826 88.5815
672 39.2984 88.5822
840 39.5504 88.5831
974 39.7715 88.5838
72 40.0121 88.5846
120 40.2498 88.5854
752 40.5382 88.5864
808 40.8822 88.5876
292 41.4596 88.5896
22 42.0232 88.5915
713 42.6538 88.5936
541 43.2355 88.5956
248 43.5377 88.5967
961 43.8273 88.5976
82 43.8535 88.5977
375 43.879 88.5978
105 43.9059 88.5979
309 43.9314 88.598
156 43.9602 88.5981
5 43.9869 88.5982
642 44.0136 88.5983
874 44.0376 88.5984
394 44.0615 88.5984
613 44.0865 88.5985
738 44.6058 88.6003
241 45.6709 88.6039
320 47.0841 88.6088
882 48.3729 88.6132
980 48.564 88.6138
851 48.7336 88.6144
947 48.8946 88.615
239 49.0507 88.6155
62 49.2224 88.6161
437 49.3695 88.6166
562 49.5561 88.6172
814 49.7559 88.6179
511 49.9655 88.6186
118 50.1692 88.6193
746 50.3423 88.6199
415 50.5242 88.6205
539 50.693 88.6211
140 50.908 88.6218
816 51.12 88.6226
408 51.2925 88.6232
313 51.486 88.6238
896 51.6737 88.6245
12 51.8558 88.6251
952 52.0248 88.6257
165 52.1877 88.6262
624 52.3891 88.6269
618 52.5773 88.6275
245 52.7543 88.6281
319 52.9273 88.6287
536 53.126 88.6294
126 53.3303 88.6301
369 53.5553 88.6309
40 53.7618 88.6316
477 53.9871 88.6324
177 54.177 88.633
567 54.3507 88.6336
259 54.5025 88.6341
532 54.6534 88.6346
343 54.8468 88.6353
911 55.0934 88.6361
984 55.3149 88.6369
434 55.5018 88.6375
754 55.7145 88.6382
856 55.9364 88.639
584 56.148 88.6397
23 56.3471 88.6404
367 56.5699 88.6412
575 56.8012 88.642
774 57.0242 88.6427
202 57.273 88.6436
690 57.5135 88.6444
317 57.7671 88.6453
344 58.0058 88.6461
544 62.9246 88.663
417 66.5628 88.6755
817 66.6782 88.6759
52 66.8036 88.6763
464 66.9303 88.6767
465 67.0669 88.6772
251 67.198 88.6776
158 67.3272 88.6781
318 67.4487 88.6785
185 67.5644 88.6789
813 67.7083 88.6794
666 67.8371 88.6798
620 67.9516 88.6802
145 68.0688 88.6806
737 68.1793 88.681
42 68.4928 88.6821
992 68.7988 88.6831
845 69.1283 88.6842
297 69.4337 88.6853
622 69.7599 88.6864
273 70.0794 88.6875
18 70.414 88.6886
931 71.0801 88.6909
983 76.745 88.7103
135 76.745 88.7103
820 76.745 88.7103
823 76.745 88.7103
580 76.745 88.7103
742 76.745 88.7103
285 76.745 88.7103
893 76.745 88.7103
725 76.745 88.7103
149 76.745 88.7103
854 76.9505 88.6866
353 77.1538 88.6631
937 77.3541 88.6399
481 77.5815 88.6136
775 78.3921 88.5199
648 79.3542 88.4086
494 80.2579 88.3041
928 81.2191 88.1929
864 82.5292 86.9152
740 84.3242 85.1646
372 86.0096 83.521
528 85.2419 82.925
332 84.6698 82.4808
311 84.6579 82.4716
25 84.6458 82.4622
660 84.6324 82.4518
889 84.6208 82.4428
685 84.608 82.4328
204 84.5939 82.4219
450 84.5816 82.4123
322 83.9313 81.9775
159 82.9651 81.3314
473 82.1153 80.7631
83 78.8369 78.5709
818 77.1856 77.4666
975 75.6136 76.4154
579 74.4493 75.6368
385 73.3498 74.9015
201 72.1216 74.0802
852 71.1469 73.4284
71 70.3078 72.8673
378 69.3396 72.2198
395 68.5897 71.7183
801 67.9121 71.2652
837 67.5237 71.0054
727 67.0866 70.7131
51 66.6521 70.4226
460 66.177 70.1048
650 65.7401 69.8127
238 65.2898 69.5116
962 64.8938 69.2468
84 64.3944 68.9128
515 64.157 68.754
478 63.9348 68.6054
9 63.7028 68.4503
968 63.4615 68.2889
440 63.2944 68.1772
654 63.1408 68.0745
744 62.9664 67.9578
867 62.7548 67.8163
340 62.5183 67.6582
485 62.282 67.5002
762 62.1126 67.3869
671 61.9588 67.2841
315 61.7882 67.17
857 61.6151 67.0542
393 61.5533 66.8349
173 61.495 66.6281
152 61.437 66.4224
290 61.3773 66.2108
509 61.3108 65.9746
67 61.2363 65.7105
847 61.1685 65.47
904 61.0933 65.2033
35 61.0024 64.8809
798 60.9302 64.6246
769 60.9867 64.5805
595 61.3642 64.286
668 61.6728 64.0452
605 61.977 63.8079
791 62.3002 63.5557
468 62.6834 63.2568
293 63.1447 62.8969
68 63.5682 62.5665
208 63.9537 62.2657
900 64.5446 61.8047
907 64.9809 61.4643
842 65.464 61.0874
70 65.7954 60.8289
110 66.0913 60.598
286 66.36 60.3884
102 66.842 60.0123
538 67.2525 59.6921
420 67.7103 59.3349
647 68.129 59.0083
190 68.6382 58.611
396 69.1298 58.2275
670 72.1232 55.8921
117 72.8681 55.3109
232 74.0773 54.3675
609 74.5467 54.0013
136 74.5847 53.9717
592 74.623 53.9418
767 74.6564 53.9157
656 74.6957 53.8851
932 74.7403 53.8503
942 74.7793 53.8198
553 74.825 53.7842
387 74.8688 53.75
198 74.9127 53.7158
143 74.9539 53.6836
29 74.9997 53.6479
425 75.0403 53.6162
926 75.081 53.5844
466 75.1276 53.5481
920 75.6486 53.7262
951 76.1544 53.8992
242 76.5251 54.026
884 76.8698 54.1439
977 76.9802 54.1816
334 77.0801 54.2158
850 77.1829 54.2509
583 77.2996 54.2908
941 77.4291 54.3351
684 77.5802 54.3868
506 77.7097 54.4311
383 77.821 54.4692
838 80.401 53.3536
170 82.834 52.3017
107 84.4699 51.5944
497 85.7948 51.0216
967 85.8287 48.6202
520 85.8954 43.9125
33 85.9209 42.1074
590 85.9347 41.1259
195 85.9451 40.3892
745 85.966 38.9028
274 85.9939 36.925
835 86.0329 34.1671
98 86.1118 28.5995
483 86.2684 17.5916
260 86.2684 17.5916
243 85.9332 17.7204
979 85.5074 17.884
345 85.0941 18.0428
627 84.6038 18.2312
