0,483,243,345,979,627,98,33,590,520,323,920,884,835,745,29,274,232,198,967,670,592,609,425,466,942,195,941,201,387,553,242,932,977,684,334,850,951,170,136,656,497,838,110,506,583,852,107,900,744,727,393,904,460,654,867,420,440,538,102,647,68,485,810,67,51,509,290,668,478,595,964,762,650,340,468,962,188,282,173,286,798,432,857,769,84,112,582,855,676,35,161,617,625,907,369,238,453,248,216,126,562,659,530,671,140,800,832,315,229,921,208,564,179,642,94,465,481,984,335,378,415,987,887,880,280,575,847,202,313,145,775,931,515,109,975,417,864,818,605,83,71,837,152,332,579,385,383,450,311,473,25,528,685,660,740,372,648,204,937,889,928,854,725,322,823,983,135,285,149,620,992,464,52,494,158,893,820,580,318,251,353,742,544,159,813,737,622,817,42,297,856,845,185,666,40,344,584,911,567,434,18,317,801,12,273,395,177,895,690,632,782,802,9,516,940,406,320,882,861,165,343,239,947,851,980,816,618,826,536,259,477,952,774,62,367,754,532,746,896,118,23,752,541,5,172,305,156,874,569,105,375,866,72,713,139,763,394,265,448,559,961,738,511,766,416,624,245,22,230,215,294,193,707,82,561,389,638,206,539,53,96,92,974,449,437,141,129,613,271,548,181,392,808,36,859,146,309,636,919,404,540,319,408,814,878,910,144,614,124,807,877,292,241,672,918,16,840,470,253,2,73,649,167,730,795,726,526,326,950,99,635,658,927,946,888,701,113,184,360,418,443,971,223,689,226,662,954,574,168,608,695,697,551,578,571,872,60,550,806,591,604,454,256,41,773,270,252,189,833,368,960,58,441,44,761,17,76,150,696,120,885,712,714,306,20,593,768,973,428,757,333,288,490,886,611,933,916,469,13,50,115,871,776,651,462,227,442,456,409,183,296,15,28,231,610,631,430,786,491,521,106,678,953,637,169,247,424,426,236,969,615,300,200,316,753,213,435,199,750,93,301,495,982,95,759,693,711,570,178,153,557,401,736,792,433,718,944,90,988,380,827,304,554,868,31,446,568,263,405,803,39,1,224,138,780,905,386,240,346,108,547,719,815,203,585,364,892,325,628,479,890,914,447,680,728,503,699,444,537,431,266,860,879,825,500,275,220,374,399,244,249,196,321,339,524,502,327,789,924,457,796,991,88,81,657,429,552,772,3,338,589,277,739,361,445,436,48,955,639,546,830,75,162,371,517,665,14,298,717,77,970,531,234,747,667,966,381,400,427,556,799,925,560,398,694,607,784,948,219,131,272,686,255,207,939,130,487,734,119,114,192,97,630,482,411,376,764,903,382,735,599,846,897,981,349,59,601,308,501,533,79,645,965,451,600,901,587,267,507,359,493,104,329,720,733,132,729,174,233,279,698,34,956,705,691,640,510,391,122,222,47,157,760,347,703,373,708,100,154,534,116,527,849,166,328,972,565,214,303,312,218,858,542,341,352,909,57,128,123,652,228,990,770,771,489,499,463,330,863,384,87,212,749,616,805,46,958,731,677,841,758,505,936,655,723,403,78,496,476,797,603,908,938,336,182,422,545,324,142,475,38,397,423,949,486,829,943,221,278,121,706,549,811,388,783,664,302,525,413,151,438,354,612,985,65,700,37,663,148,32,10,125,661,205,283,133,915,899,836,673,86,74,474,211,4,348,331,741,794,572,299,366,898,514,412,258,710,455,187,61,362,682,963,588,402,646,488,881,629,674,812,722,268,439,8,669,64,702,902,641,254,284,643,602,246,467,573,704,351,518,310,709,407,934,379,586,834,26,883,626,822,653,287,363,337,111,307,787,209,480,824,250,7,257,160,191,529,935,261,289,785,421,790,748,66,194,452,155,716,566,69,862,891,472,848,778,180,512,922,197,906,917,619,844,692,945,89,535,853,543,679,11,869,929,237,49,913,876,508,989,687,414,356,147,127,269,390,809,30,756,633,957,688,137,788,621,56,839,281,912,365,171,175,461,350,779,683,21,513,523,976,163,225,410,596,715,291,563,755,91,134,986,235,459,724,80,484,894,264,186,471,370,342,843,54,743,804,765,558,968,791,577,498,576,522,63,101,262,492,732,875,793,519,396,293,85,597,276,210,623,923,117,767,190,70,357,358,377,594,606,842,143,314,751,43,644,355,217,926,634,19,870,978,675,45,821,295,959,819,598,555,828,681,6,458,55,865,930,27,781,164,873,831,419,176,504,581,24,777,103,260,721,
value : 498.944 running time : 52.094268
0 80 20
483 86.4379 17.7459
243 86.3356 18.1947
345 86.1915 18.8267
979 86.0471 19.46
627 85.6935 21.011
98 84.465 26.4049
33 83.5998 30.2019
590 82.8554 33.4679
520 82.033 37.0767
323 80.9627 41.7736
920 80.4311 44.106
884 80.0295 45.8678
835 79.9586 46.1787
745 79.8769 46.5371
29 79.7851 46.9397
274 79.693 47.3433
232 79.5872 47.8073
198 79.4728 48.3093
967 79.3719 48.7517
670 79.2791 49.1587
592 79.1804 49.5912
609 79.0758 50.0498
425 78.9477 50.6116
466 78.822 51.163
942 78.5048 52.5542
195 78.8873 52.83
941 79.2447 53.0877
201 79.6462 53.3772
387 79.8715 53.5397
553 80.0841 53.693
242 80.3481 53.8833
932 80.5788 54.0496
977 80.8254 54.2274
684 81.0495 54.389
334 81.2432 54.5287
850 81.4502 54.6779
951 81.7115 54.8664
170 81.9577 55.0439
136 82.1601 55.1898
656 82.3536 55.3293
497 83.8448 56.4047
838 82.4623 57.008
110 81.0483 57.625
506 80.792 57.7368
583 80.4732 57.8759
852 80.2061 57.9925
107 79.9749 58.0933
900 72.1034 61.5291
744 64.5358 64.8318
727 64.3711 64.8868
393 64.215 64.939
904 64.0674 64.9883
460 63.9214 65.0371
654 63.8088 65.0747
867 63.6956 65.1126
420 63.5784 65.1517
440 63.4399 65.198
538 63.3215 65.2376
102 63.2044 65.2767
647 63.0541 65.3269
68 62.9126 65.3742
485 62.7668 65.4229
810 62.6124 65.4745
67 62.4772 65.5197
51 62.3347 65.5673
509 62.1782 65.6196
290 62.0371 65.6668
668 61.884 65.7179
478 61.7416 65.7655
595 61.5826 65.8187
964 61.4113 65.8759
762 61.2576 65.9273
650 61.1159 65.9746
340 60.9485 66.0306
468 60.7774 66.0877
962 60.6326 66.1361
188 60.4484 66.1977
282 59.9441 66.5345
173 59.4903 66.8376
286 59.0089 67.1591
798 58.4657 67.522
432 58.0644 67.79
857 57.6727 68.0516
769 57.3328 68.2786
84 57.0157 68.4904
112 56.6855 68.711
582 56.3535 68.9327
855 56.0386 69.143
676 55.7426 69.3407
35 55.7585 69.5682
161 55.7781 69.8477
617 55.7994 70.1517
625 55.8209 70.4572
907 55.8458 70.8127
369 55.9025 71.6236
238 55.9408 72.1702
453 55.9827 72.7679
248 56.028 73.414
216 56.0523 73.7607
126 56.1296 74.868
562 56.3729 78.3567
659 56.4375 79.2794
530 56.4375 79.2794
671 56.4375 79.2794
140 56.4375 79.2794
800 56.4375 79.2794
832 56.4375 79.2794
315 56.4375 79.2794
229 56.4375 79.2794
921 56.4375 79.2794
208 56.4375 79.2794
564 56.4375 79.2794
179 56.7189 79.6612
642 56.9801 80.0157
94 57.2401 80.3687
465 57.5532 80.7936
481 57.5532 80.7936
984 57.5532 80.7936
335 57.5532 80.7936
378 57.5532 80.7936
415 57.5532 80.7936
987 57.5532 80.7936
887 57.5532 80.7936
880 57.5532 80.7936
280 57.5532 80.7936
575 57.5532 80.7936
847 57.5532 80.7936
202 57.5532 80.7936
313 57.5532 80.7936
145 60.1113 78.9942
775 61.6099 77.452
931 62.2194 76.8247
515 62.9195 76.1041
109 63.372 76.1738
975 65.892 76.5622
417 66.5577 76.6648
864 67.0313 76.7378
818 67.1938 76.7629
605 67.3367 76.7849
83 68.5542 76.9726
71 69.641 77.1401
837 70.6763 77.2997
152 71.7498 77.4652
332 73.0849 77.671
579 73.6217 77.7538
385 74.2119 77.8447
383 74.7671 77.9303
450 85.6558 83.1031
311 85.7063 83.1372
473 85.7531 83.1686
25 85.7977 83.1987
528 85.8335 83.2228
685 85.8786 83.2533
660 85.9172 83.2792
740 85.9552 83.3049
372 86.0006 83.3354
648 84.8622 84.246
204 83.8254 85.0753
937 79.7304 88.3515
889 79.6036 88.7655
928 79.465 89.2178
854 78.9431 89.1935
725 78.4538 89.1708
322 77.9696 89.1483
823 77.4269 89.1231
983 76.9992 89.1032
135 76.1177 89.0622
285 74.9738 89.0091
149 74.0012 88.9639
620 73.2542 88.9292
992 72.7344 88.9051
464 72.5323 88.8957
52 72.3558 88.8875
494 72.194 88.8799
158 72.0148 88.8716
893 71.8474 88.8638
820 71.6507 88.8546
580 71.3222 88.8393
318 70.7756 88.8139
251 70.2561 88.7898
353 69.7536 88.7664
742 69.249 88.7429
544 68.6368 88.7145
159 68.0655 88.6879
813 67.2206 88.6486
737 66.2405 88.6031
622 65.6631 88.5763
817 65.0697 88.5487
42 64.4681 88.5207
297 63.8579 88.4923
856 63.2334 88.4633
845 62.8613 88.446
185 62.4366 88.4262
666 62.0389 88.4077
40 59.0435 88.2688
344 56.8003 88.1647
584 56.7851 88.164
911 56.7701 88.1633
567 56.7559 88.1627
434 56.7404 88.162
18 56.4564 87.9513
317 56.1645 87.7348
801 55.873 87.5187
12 55.591 87.3095
273 55.3217 87.1098
395 54.9477 86.8325
177 54.5761 86.557
895 54.1179 86.2172
690 53.7376 85.9353
632 53.3061 85.6153
782 53.2057 85.7343
802 53.0987 85.8612
9 52.9897 85.9904
516 52.6298 86.4171
940 52.3425 86.7578
406 52.0353 87.122
320 51.7165 87.5
882 51.4076 87.8662
861 51.4076 87.8662
165 51.4076 87.8662
343 51.4076 87.8662
239 51.4076 87.8662
947 51.4076 87.8662
851 51.4076 87.8662
980 51.4076 87.8662
816 51.4076 87.8662
618 51.4076 87.8662
826 51.4076 87.8662
536 51.4076 87.8662
259 51.4076 87.8662
477 51.4076 87.8662
952 51.2357 87.93
774 51.0707 87.9913
62 50.9123 88.0501
367 50.7588 88.1071
754 50.5981 88.1668
532 50.4238 88.2315
746 50.2712 88.2882
896 50.1293 88.3409
118 49.9805 88.3961
23 49.8049 88.4613
752 44.0581 90.2753
541 44.0392 90.2812
5 44.0191 90.2875
172 43.9999 90.2936
305 43.9819 90.2993
156 43.9621 90.3055
874 43.9403 90.3124
569 43.9197 90.3189
105 43.9013 90.3247
375 43.8813 90.331
866 43.8612 90.3374
72 43.84 90.3441
713 43.8213 90.35
139 43.7995 90.3569
763 43.7995 90.3569
394 43.7995 90.3569
265 43.7995 90.3569
448 43.7995 90.3569
559 43.7995 90.3569
961 43.7995 90.3569
738 43.7995 90.3569
511 43.7995 90.3569
766 43.7995 90.3569
416 43.7995 90.3569
624 43.7995 90.3569
245 43.5122 90.3045
22 43.1438 90.2372
230 42.8295 90.1799
215 42.5504 90.129
294 42.2739 90.0786
193 41.9919 90.0271
707 41.6846 89.9711
82 41.4218 89.9232
561 41.1326 89.8704
389 40.8443 89.8178
638 40.5368 89.7617
206 40.2863 89.716
539 40.019 89.6673
53 39.733 89.6151
96 39.4345 89.5607
92 39.1839 89.5149
974 38.9505 89.4724
449 38.7167 89.4297
437 38.4675 89.3843
141 38.201 89.3357
129 37.9632 89.2923
613 37.7046 89.2451
271 37.4518 89.199
548 37.2128 89.1554
181 36.9689 89.1109
392 36.7054 89.0629
808 36.4328 89.0131
36 36.171 88.9654
859 36.3263 88.6066
146 36.9237 87.2259
309 37.5743 85.7225
636 38.364 83.8972
919 38.7459 83.0149
404 39.1769 82.0188
540 39.2742 82.1343
319 39.3869 82.2682
408 39.4881 82.3884
814 38.5083 81.9901
878 36.8524 81.3171
910 36.2531 81.0735
144 36.1897 81.0734
614 36.121 81.0732
124 36.052 81.073
807 35.9892 81.0729
877 35.922 81.0727
292 35.8575 81.0725
241 35.7902 81.0723
672 35.719 81.0722
918 35.6536 81.072
16 35.5926 81.0718
840 35.5336 81.0717
470 35.4673 81.0715
253 34.5699 80.8949
2 33.8396 80.7512
73 33.0933 80.6043
649 32.495 80.4866
167 31.7151 80.3331
730 31.011 80.1946
795 30.3333 80.0612
726 29.4727 79.8918
526 29.0802 79.8146
326 28.7262 79.7449
950 28.4882 79.6981
99 28.2652 79.6542
635 28.0497 79.6118
658 27.8396 79.5705
927 27.6312 79.5294
946 27.4358 79.491
888 27.2482 79.4541
701 27.0499 79.4151
113 26.8757 79.3808
184 26.8757 79.3808
360 26.8757 79.3808
418 26.8757 79.3808
443 26.8757 79.3808
971 26.8757 79.3808
223 26.7884 79.4867
689 26.7012 79.5927
226 26.6083 79.7054
662 26.4989 79.8382
954 26.3772 79.986
574 26.2619 80.1259
168 26.1228 80.2948
608 25.997 80.4476
695 25.8762 80.5942
697 25.781 80.7098
551 25.6792 80.8334
578 25.6792 80.8334
571 25.6792 80.8334
872 25.6792 80.8334
60 25.6792 80.8334
550 25.6792 80.8334
806 25.6792 80.8334
591 25.6792 80.8334
604 25.6436 81.0526
454 25.6065 81.2816
256 25.5672 81.5242
41 25.5305 81.7507
773 25.4959 81.964
270 25.464 82.1604
252 25.4114 82.4852
189 25.295 83.2029
833 24.8178 86.1464
368 24.4814 88.2213
960 24.1798 90.0816
58 24.1203 90.0777
441 24.0715 90.0745
44 24.0216 90.0713
761 23.972 90.068
17 23.9188 90.0646
76 23.8751 90.0617
150 23.8308 90.0588
696 23.7799 90.0555
120 23.7311 90.0523
885 23.6747 90.0486
712 23.6211 90.0451
714 23.5754 90.0422
306 23.5295 90.0392
20 23.4813 90.036
593 23.4253 90.0324
768 23.3727 90.029
973 23.3176 90.0254
428 23.2759 90.0226
757 23.2264 90.0194
333 23.1762 90.0161
288 23.1228 90.0127
490 23.0708 90.0093
886 23.0155 90.0057
611 22.9701 90.0027
933 22.909 89.9987
916 22.8506 89.9949
469 22.7988 89.9915
13 22.7495 89.9883
50 22.7004 89.9851
115 22.6502 89.9818
871 22.6027 89.9787
776 22.5526 89.9755
651 22.5042 89.9723
462 22.4509 89.9688
227 22.4025 89.9657
442 22.3531 89.9625
456 22.3116 89.9598
409 22.268 89.9569
183 22.2195 89.9538
296 22.1758 89.9509
15 22.1281 89.9478
28 22.0869 89.9451
231 22.0432 89.9423
610 21.6922 89.9194
631 21.3393 89.8964
430 20.8966 89.8675
786 20.3855 89.8342
491 19.4344 89.7722
521 18.3071 89.6987
106 14.1689 89.4289
678 13.5593 89.3891
953 13.1731 89.3639
637 12.8815 89.3449
169 12.5983 89.3264
247 12.3598 89.3109
424 12.1213 89.2953
426 11.6928 89.2674
236 11.4078 89.2488
969 11.087 89.2279
615 10.8041 89.2095
300 10.5646 89.1938
200 10.3927 89.1826
316 10.2106 89.1708
753 10.0319 89.1591
213 9.75047 89.1407
435 9.73957 89.14
199 9.72922 89.1394
750 9.71906 89.1387
93 9.70945 89.1381
301 9.6977 89.1373
495 9.68735 89.1366
982 9.6752 89.1358
95 9.66311 89.1351
759 9.64997 89.1342
693 9.63793 89.1334
711 9.62597 89.1326
570 9.61462 89.1319
178 9.60303 89.1311
153 9.59172 89.1304
557 9.58076 89.1297
401 9.56778 89.1289
736 9.55591 89.1281
792 9.54407 89.1273
433 9.53281 89.1266
718 9.52087 89.1258
944 9.50825 89.125
90 9.49618 89.1242
988 9.49617 89.1242
380 9.43063 88.8019
827 9.35012 88.4058
304 9.25653 87.9453
554 9.15712 87.4561
868 9.10043 87.1772
31 9.03587 86.8596
446 8.97525 86.5615
568 8.91284 86.2546
263 8.84585 85.9251
405 8.78149 85.6085
803 8.70674 85.2408
39 8.63112 84.8688
1 8.52285 84.336
224 8.40791 83.7701
138 8.40791 83.7701
780 8.40791 83.7701
905 8.40791 83.7701
386 8.40791 83.7701
240 8.40791 83.7701
346 8.40791 83.7701
108 8.40791 83.7701
547 8.40791 83.7701
719 8.40791 83.7701
815 8.40791 83.7701
203 8.40791 83.7701
585 8.40791 83.7701
364 8.6847 83.3805
892 8.99343 82.946
325 9.2956 82.5207
628 9.58509 82.1132
479 9.91229 81.6526
890 10.0944 81.3963
914 10.2792 81.1361
447 10.5833 80.7082
680 11.3923 79.5696
728 11.721 79.1069
503 12.0853 78.594
699 12.3869 78.1696
444 12.8288 77.5476
537 13.6664 76.3687
431 13.6664 76.3687
266 13.6664 76.3687
860 13.6664 76.3687
879 13.6664 76.3687
825 13.6664 76.3687
500 13.6664 76.3687
275 13.6664 76.3687
220 13.6664 76.3687
374 13.6664 76.3687
399 13.6664 76.3687
244 13.6664 76.3687
249 13.6664 76.3687
196 13.5565 72.0476
321 13.5565 72.0476
339 13.5565 72.0476
524 13.5565 72.0476
502 13.5565 72.0476
327 13.5565 72.0476
789 13.5565 72.0476
924 13.4028 72.0135
457 13.2384 71.977
796 13.1005 71.9464
991 12.9494 71.9129
88 12.8325 71.8869
81 12.6936 71.8561
657 12.5445 71.823
429 12.4227 71.796
552 12.2955 71.7678
772 12.1393 71.7331
3 11.9668 71.6948
338 11.8094 71.6599
589 11.6558 71.6258
277 11.4899 71.6873
739 11.3447 71.7412
361 11.1771 71.8033
445 10.9835 71.8751
436 10.8155 71.9374
48 10.6665 71.9927
955 10.5148 72.0489
639 10.3675 72.1036
546 10.2202 72.1582
830 10.0878 72.2073
75 9.97548 72.2489
162 10.063 71.9382
371 10.1406 71.6632
517 10.2156 71.3969
665 10.2905 71.1313
14 10.3646 70.8683
298 10.4374 70.6103
717 10.5181 70.324
77 10.5978 70.0412
970 10.6776 69.7582
531 10.7525 69.4924
234 10.7894 69.3615
747 10.8236 69.2405
667 10.8542 69.132
966 10.8878 69.0128
381 10.9224 68.8899
400 10.9578 68.7646
427 10.9937 68.6372
556 11.0294 68.5109
799 11.0707 68.3641
925 11.1115 68.2196
560 11.1115 68.2196
398 11.1115 68.2196
694 11.1115 68.2196
607 11.1115 68.2196
784 11.1115 68.2196
948 11.1115 68.2196
219 11.1115 68.2196
131 11.1115 68.2196
272 11.1115 68.2196
686 11.1115 68.2196
255 11.1115 68.2196
207 11.1115 68.2196
939 11.4708 68.0567
130 12.1137 67.7654
487 12.6191 67.5363
734 13.0247 67.3525
119 13.6138 67.0855
114 14.2213 66.8102
192 14.7896 66.5527
97 15.3666 66.2912
630 16.007 66.0009
482 16.6562 65.7067
411 17.3444 65.3948
376 17.9786 65.1074
764 18.9481 64.668
903 19.9521 64.2129
382 20.7206 63.8647
735 21.3774 63.567
599 21.9763 63.2956
846 22.5167 63.0507
897 23.075 62.7977
981 23.6591 62.533
349 24.2621 62.2596
59 24.8663 61.9858
601 25.4141 61.7376
308 26.0823 61.4348
501 26.6033 61.1986
533 27.1648 60.9442
79 26.7241 60.9013
645 26.3443 60.8643
965 25.9041 60.8214
451 25.4618 60.7784
600 25.0682 60.74
901 25.0682 60.74
587 25.0682 60.74
267 25.0682 60.74
507 25.0682 60.74
359 25.0682 60.74
493 25.0681 60.74
104 25.0681 60.74
329 24.3487 60.4534
720 23.769 60.2225
733 23.1356 59.9701
132 22.4499 59.697
729 21.801 59.4384
174 21.0664 59.1458
233 20.6433 58.9772
279 20.1922 58.7975
698 19.7995 58.6411
34 19.4466 58.5005
956 19.0567 58.3452
705 18.6731 58.1924
691 18.2559 58.0262
640 17.8784 57.8758
510 17.1194 57.5734
391 15.3072 56.8514
122 11.6679 55.4015
222 11.4296 55.3066
47 11.1938 55.2126
157 10.9736 55.1249
760 10.8767 55.0863
347 10.7687 55.0433
703 10.6835 54.374
373 10.5771 53.5384
708 10.4904 52.857
100 10.3985 52.135
154 10.3058 51.4073
534 10.2261 50.7812
116 10.1532 50.2081
527 10.0844 49.6677
849 10.0088 49.074
166 9.90237 48.238
328 9.74994 47.0407
972 9.81511 47.0293
565 9.86986 47.0198
214 9.91551 47.0118
303 9.96721 47.0028
312 10.0172 46.9941
218 10.0733 46.9843
858 10.136 46.9734
542 10.1844 46.9649
341 10.2317 46.9567
352 10.2815 46.948
909 10.3275 46.94
57 10.3739 46.9319
128 10.4199 46.9239
123 10.4749 46.9143
652 10.5283 46.905
228 10.5823 46.8956
990 10.6327 46.8868
770 10.6815 46.8783
771 10.7328 46.8693
489 10.7739 46.8621
499 10.8158 46.8548
463 11.0807 46.8087
330 11.3283 46.7655
863 11.6353 46.712
384 11.9394 46.6589
87 12.2519 46.6044
212 12.5189 46.5579
749 12.7945 46.5098
616 13.1051 46.4557
805 13.3852 46.4068
46 13.6795 46.3555
958 14.0115 46.2976
731 14.3911 46.2314
677 14.775 46.1645
841 15.3011 46.0728
758 15.884 45.9711
505 16.393 45.8824
936 17.0029 45.7761
655 17.8412 45.6299
723 18.5092 45.5134
403 19.0816 45.4136
78 19.6077 45.3219
496 20.1264 45.2314
476 20.6828 45.1344
797 21.276 45.031
603 21.9151 44.9196
908 21.9151 44.9196
938 21.9151 44.9196
336 21.9151 44.9196
182 21.9398 44.8077
422 21.9632 44.702
545 22.0139 44.4725
324 22.0902 44.1273
142 22.1862 43.693
475 22.2905 43.2217
38 22.3928 42.7588
397 22.4918 42.3112
423 22.5919 41.8585
949 22.6934 41.3993
486 22.8117 40.8644
829 22.9072 40.4323
943 22.995 40.0353
221 23.0389 39.8366
278 23.0389 39.8366
121 23.0389 39.8366
706 23.0389 39.8366
549 23.0389 39.8366
811 23.0389 39.8366
388 23.0389 39.8366
783 23.0389 39.8366
664 22.9516 39.7242
302 22.8711 39.6205
525 22.7549 39.4709
413 22.6336 39.3146
151 22.2096 38.7685
438 21.7268 38.1466
354 21.0991 37.3381
612 20.7676 36.9111
985 20.4235 36.4679
65 20.1749 36.1477
700 19.9335 35.8368
37 19.7096 35.5484
663 19.3792 35.1228
148 18.9935 34.626
32 18.5151 34.0099
10 17.9814 33.3225
125 17.4671 32.66
661 16.884 31.909
205 16.4684 31.3737
283 15.9079 30.6517
133 15.2651 29.8238
915 14.783 29.2029
899 14.056 28.2665
836 13.3056 27.2999
673 12.4438 26.1899
86 11.6897 25.2186
74 11.6399 25.1028
474 11.5925 24.9925
211 11.5395 24.8691
4 11.5395 24.8691
348 11.5395 24.8691
331 11.5395 24.8691
741 11.5395 24.8691
794 11.5395 24.8691
572 11.5395 24.8691
299 11.5395 24.8691
366 11.5395 24.8691
898 11.5395 24.8691
514 11.5862 24.4192
412 11.6647 23.6642
258 11.7297 23.0391
710 11.7989 22.3735
455 11.8778 21.6141
187 11.9632 20.7926
61 12.0276 20.1733
362 12.0819 19.6504
682 12.1351 19.1383
963 12.185 18.6587
588 12.2438 18.0933
402 12.3005 17.5471
646 12.3669 16.9083
488 12.4289 16.3118
881 12.4623 15.9908
629 12.492 15.7048
674 12.5195 15.4407
812 12.5493 15.1537
722 12.8716 15.2439
268 16.1074 16.1481
439 18.4408 16.2771
8 19.9446 16.3601
669 21.4949 16.4458
64 22.2045 16.485
702 22.7841 16.517
902 23.3574 16.5486
641 23.9521 16.5815
254 24.7484 16.6254
284 25.606 16.6728
643 26.4338 16.7185
602 27.3057 16.7667
246 30.9411 16.9676
467 36.707 17.2864
573 36.9108 17.1408
704 37.0997 17.0059
351 37.2892 16.8705
518 37.4748 16.7379
310 37.5566 17.4453
709 37.6379 18.1489
407 37.6984 18.6722
934 37.7754 19.3384
379 37.8448 19.9391
586 37.9047 20.4574
834 37.9374 20.7403
26 37.9649 20.9785
883 37.9939 21.2296
626 38.0239 21.4899
822 38.0542 21.752
653 38.082 21.9925
287 38.1109 22.2429
363 38.1633 22.6968
337 38.2557 23.4956
111 38.3543 24.3491
307 38.4609 25.2707
787 38.575 26.2582
209 38.6855 27.2134
480 38.7746 27.9842
824 38.7997 28.2021
250 38.8622 28.7425
7 38.9249 29.2852
257 38.9645 29.6277
160 39.0022 29.9545
191 39.0416 30.2953
529 39.0803 30.6306
935 39.1153 30.9336
261 39.1475 31.2128
289 39.1834 31.5234
785 39.2234 31.8699
421 39.2567 34.3695
790 39.2899 36.8557
748 39.3194 39.073
66 39.3358 40.3089
194 39.3304 40.7257
452 39.3251 41.1366
155 39.3199 41.5421
716 39.3147 41.9456
566 39.3095 42.3505
69 39.3042 42.7621
862 39.2992 43.1525
891 39.2942 43.5396
472 39.2931 43.6225
848 39.2921 43.7051
778 39.291 43.7907
180 39.29 43.8736
512 39.289 43.9551
922 39.2879 44.0375
197 39.2879 44.0375
906 39.2879 44.0375
917 39.0977 43.982
619 38.9225 43.9308
844 38.779 43.8889
692 38.3133 43.7529
945 37.9024 43.633
89 36.8162 43.3159
535 36.3424 43.1775
853 36.0108 43.0807
543 35.6619 42.9788
679 35.3569 42.8898
11 35.0729 42.8069
869 34.8168 42.7321
929 34.9519 46.1377
237 34.9725 46.6531
49 34.99 47.0919
913 35.0071 47.5211
876 35.024 47.9451
508 35.0407 48.3624
989 35.0575 48.7855
687 35.0756 49.2375
414 35.0975 49.7884
356 35.126 50.5038
147 35.1662 51.5147
127 35.206 52.5136
269 35.2438 53.462
390 35.2854 54.5095
809 35.2854 54.5095
30 35.2854 54.5095
756 35.2854 54.5095
633 35.2854 54.5095
957 35.7341 55.1418
688 36.1528 55.7321
137 36.7039 56.5087
788 37.2004 57.2085
621 37.7303 57.9554
56 38.2094 58.6306
839 38.5949 59.1739
281 39.0264 59.7822
912 39.4395 60.3644
365 39.8893 60.9984
171 40.3238 61.6108
175 40.6954 62.1345
461 41.0563 62.6433
350 41.6691 63.5069
779 41.9164 63.8555
683 42.1492 64.1837
21 42.3897 64.5227
513 42.661 64.905
523 42.8337 65.1485
976 43.0105 65.3977
163 43.1623 65.6116
225 43.3216 65.8362
410 43.4743 66.0514
596 43.6338 66.2762
715 43.8094 66.5238
291 43.9919 66.7811
563 44.2148 67.0951
755 44.3643 67.3058
91 44.5253 66.9784
134 44.6833 66.6572
986 44.8462 66.3261
235 45.0116 65.99
459 45.1649 65.6783
724 45.3111 65.381
80 45.5545 64.8864
484 45.863 64.2593
894 46.2044 63.5653
264 46.6684 62.6222
186 47.1082 61.7282
471 47.3873 61.161
370 47.6755 60.5751
342 47.9659 59.9847
843 48.0865 59.7396
54 48.1753 59.5592
743 48.2799 59.3464
804 48.3901 59.1224
765 48.5083 58.8822
558 48.647 58.6002
968 48.7947 58.3
791 48.9629 57.9581
577 49.1379 57.6023
498 49.3012 57.2704
576 49.4592 56.9491
522 49.6616 56.5378
63 50.7568 55.4824
101 50.9278 55.3176
262 51.1124 55.1398
492 51.281 54.9773
732 51.4384 54.8257
875 51.7193 54.5551
793 51.9404 54.3421
519 52.1705 54.1204
396 52.3934 53.9057
293 52.6014 53.7053
85 52.8001 53.5139
597 52.9897 53.3312
276 53.2079 53.121
210 53.4163 52.9203
623 54.1304 52.2323
923 54.7912 51.5956
117 55.6098 50.8067
767 56.2612 50.1791
190 56.3754 49.7016
70 56.6142 48.703
357 56.8657 47.6517
358 57.0868 46.727
377 57.2294 46.1306
594 57.3428 45.6563
606 57.4507 45.2053
842 57.5546 44.7707
143 57.6723 44.2783
314 57.799 43.7486
751 57.9156 43.2609
43 57.967 43.046
644 58.0191 42.8279
355 58.0765 42.5877
217 58.127 42.3764
926 58.1787 42.1604
634 58.4459 41.0432
19 58.6929 40.0104
870 58.9041 39.1272
978 59.1607 38.0543
675 59.479 36.7234
45 59.844 35.1974
821 60.2278 33.5931
295 60.5905 32.0768
959 60.6699 31.7448
819 60.7418 31.4441
598 60.8068 31.1722
555 60.841 31.0291
828 60.8766 30.88
681 60.9147 30.7205
6 60.9574 30.542
458 60.9955 30.3827
55 61.0407 30.1935
865 61.0829 30.0169
930 61.1388 29.7833
27 61.2303 29.4007
781 61.3265 28.9984
164 61.4285 28.5717
873 61.5404 28.1038
831 61.6572 27.6153
419 61.7816 27.0953
176 65.0014 21.2689
504 65.6414 20.1107
581 66.2812 18.9528
24 66.9399 17.7607
777 67.7259 16.3382
103 68.5997 14.7569
260 77.3481 16.0043
721 78.0159 17.0105
