0,243,345,627,260,483,979,33,590,520,835,98,884,670,232,967,195,592,323,274,29,920,745,609,466,198,143,926,425,387,553,942,850,506,932,136,242,951,941,383,334,977,583,497,170,838,107,684,332,204,311,450,372,25,889,473,740,528,660,685,983,928,353,135,322,465,820,937,725,417,666,775,145,854,251,742,544,893,864,158,318,648,159,285,580,620,464,813,149,984,52,845,42,494,823,817,18,202,622,477,297,940,861,992,395,273,378,575,801,177,887,567,659,947,239,800,774,618,690,118,165,313,343,980,536,541,319,82,826,856,185,782,369,636,814,259,931,911,193,320,437,206,248,516,561,559,40,416,961,584,5,562,23,367,746,896,344,245,406,511,335,530,140,880,532,754,62,763,280,12,624,851,539,434,882,408,737,179,415,952,816,105,642,874,713,271,392,92,156,375,294,974,292,72,707,449,265,569,866,649,389,548,172,806,448,181,231,918,305,808,53,766,230,752,877,150,167,613,146,129,309,241,215,189,394,22,672,960,919,840,738,807,139,20,611,96,2,256,757,253,441,296,695,418,773,631,76,333,288,58,916,872,93,470,13,41,73,521,795,16,249,871,833,44,60,223,776,469,490,593,761,442,244,712,973,424,491,141,360,430,696,36,933,120,768,306,753,183,28,15,638,859,610,17,651,368,115,462,786,227,885,428,456,409,50,714,325,736,637,108,263,213,240,39,547,568,435,693,316,386,759,153,827,399,495,446,300,982,106,401,969,953,678,364,31,905,426,699,718,585,628,405,868,750,95,711,236,200,1,199,914,719,380,301,304,988,830,447,803,90,557,178,955,944,444,138,657,639,554,546,780,792,203,433,728,815,615,169,321,487,890,75,570,247,113,457,892,184,608,346,436,361,207,48,168,726,886,88,339,298,939,966,224,234,796,14,445,97,398,220,560,665,219,760,376,970,502,860,119,479,196,255,374,784,132,275,326,551,482,717,427,703,764,607,556,667,630,686,192,81,131,589,277,503,517,701,162,948,400,338,879,3,991,552,272,381,747,799,77,734,694,371,347,531,524,739,130,114,663,403,805,797,352,222,542,858,949,330,182,423,384,47,909,214,565,972,677,527,990,228,841,57,373,731,148,128,863,771,142,336,534,303,463,174,100,925,652,489,758,116,212,122,218,956,708,749,496,157,505,279,698,341,422,154,849,166,936,123,770,125,499,46,328,476,312,723,549,32,205,616,829,710,10,87,958,794,963,700,4,985,572,65,74,299,283,943,86,268,258,78,121,514,133,898,439,211,902,455,331,402,348,836,674,474,899,254,602,187,646,629,641,8,673,366,61,741,661,682,488,722,588,881,362,412,812,915,702,363,573,704,824,307,337,518,643,64,467,287,653,626,407,669,351,883,284,246,822,111,934,310,787,250,419,261,26,191,834,379,278,289,209,354,257,160,7,709,783,151,221,525,438,414,706,876,811,664,388,935,586,869,486,612,853,917,421,391,480,862,535,692,778,89,603,180,356,194,302,452,529,37,147,679,397,748,687,38,566,522,237,475,989,269,891,508,913,543,688,908,49,11,655,461,512,155,790,413,848,267,938,633,291,30,765,104,809,127,756,619,21,733,324,329,451,691,537,839,912,510,730,574,604,927,493,390,735,965,720,501,897,846,507,233,382,640,645,59,901,545,878,599,957,772,981,124,600,924,689,137,34,903,359,443,591,454,658,99,705,79,365,788,680,571,946,411,431,601,526,825,578,635,349,500,587,950,327,266,429,971,789,888,954,550,270,614,697,252,729,662,226,596,56,724,264,484,523,498,922,533,54,683,558,576,855,134,171,804,175,308,929,286,791,894,621,410,370,210,762,404,101,235,282,923,625,732,208,857,91,798,471,281,769,976,910,540,632,895,582,432,84,617,126,350,802,94,921,564,225,112,109,779,755,563,80,986,453,715,144,513,216,676,459,163,317,818,290,229,852,385,71,481,83,485,460,837,393,515,293,671,832,962,975,727,987,315,656,605,238,668,440,810,173,340,68,190,968,744,51,9,579,900,647,152,110,538,420,654,650,904,847,67,509,201,478,867,102,767,595,623,85,188,577,743,468,35,186,907,793,964,161,519,70,396,342,472,842,644,597,870,606,357,43,63,875,930,716,69,906,276,262,945,492,117,843,314,27,6,681,785,555,634,821,781,828,978,355,844,55,197,873,458,594,66,217,19,45,377,675,751,865,358,831,959,164,103,504,598,819,24,721,777,581,295,176,
value : 424.762 running time : 537.507286
0 80 20
243 84.8791 18.1253
345 85.4463 17.9074
627 85.918 17.7262
260 86.2684 17.5916
483 86.2684 17.5916
979 85.9282 18.9846
33 84.4803 24.9143
590 83.8007 27.6971
520 83.3045 29.7292
835 82.9347 31.2431
98 82.6931 32.2327
884 79.2473 46.3454
670 79.2058 46.5153
232 79.1633 46.6892
967 79.1188 46.8715
195 79.0793 47.0333
592 79.0402 47.1933
323 79.0015 47.3519
274 78.9566 47.5356
29 78.907 47.7388
920 78.8567 47.9448
745 78.8118 48.1285
609 78.7605 48.3388
466 78.7058 48.5629
198 78.6449 48.8123
143 78.5904 49.0354
926 78.6112 49.768
425 78.6349 50.5988
387 78.6593 51.4549
553 78.6827 52.2766
942 78.7072 53.1349
850 79.1331 53.7698
506 79.5908 54.4521
932 79.9448 54.9798
136 80.314 55.5301
242 80.6806 56.0766
951 81.04 56.6123
941 81.4118 57.1667
383 81.8449 57.8122
334 82.2152 58.3643
977 82.6018 58.9406
583 82.9797 59.5038
497 84.4882 61.7529
170 84.5322 62.1857
838 84.584 62.6943
107 84.6593 63.4332
684 84.8823 65.6232
332 85.261 69.3425
204 85.5834 72.5089
311 85.8268 74.899
450 86.0307 76.9023
372 86.3423 79.9616
25 85.9986 80.4784
889 85.6555 80.9943
473 85.4265 81.3387
740 85.2315 81.632
528 85.0426 81.9162
660 84.8184 82.2534
685 83.5457 84.1672
983 80.812 88.2783
928 80.691 88.4603
353 79.7552 88.4628
135 79.2124 88.4643
322 78.7485 88.4656
465 78.1344 88.4673
820 77.7328 88.4684
937 77.2872 88.4696
725 76.9558 88.4705
417 76.5586 88.4716
666 76.1747 88.4727
775 75.7992 88.4737
145 75.4472 88.4747
854 75.143 88.4755
251 74.8311 88.4764
742 74.5493 88.4771
544 74.2458 88.478
893 73.9923 88.4787
864 73.6944 88.4795
158 73.389 88.4803
318 73.1008 88.4811
648 72.8421 88.4818
159 72.4952 88.4828
285 72.1254 88.4838
580 71.7826 88.4847
620 71.0077 88.4869
464 70.3949 88.4885
813 69.9001 88.4899
149 69.3496 88.4914
984 68.7844 88.493
52 68.3287 88.4942
845 67.8865 88.4954
42 67.4333 88.4967
494 67.0193 88.4978
823 66.0918 88.5003
817 65.1131 88.503
18 64.1685 88.5056
202 63.2099 88.5082
622 62.4616 88.5103
477 61.5959 88.5127
297 60.6936 88.5152
940 59.5618 88.5183
861 59.2525 88.5191
992 59.01 88.5198
395 58.7464 88.5205
273 58.4681 88.5213
378 58.1671 88.5221
575 57.8424 88.523
801 57.5286 88.5238
177 57.2003 88.5247
887 56.8366 88.5257
567 56.4914 88.5267
659 56.0736 88.5278
947 55.9545 88.5282
239 55.8354 88.5285
800 55.7572 88.5287
774 55.456 88.5367
618 55.1574 88.5447
690 54.8589 88.5527
118 54.5553 88.5608
165 54.2428 88.5692
313 54.0642 88.5739
343 53.8753 88.579
980 53.7085 88.5834
536 53.5283 88.5882
541 53.3528 88.5929
319 53.2069 88.5968
82 53.0692 88.6005
826 52.9598 88.6034
856 52.8592 88.6061
185 52.7471 88.6091
782 52.6145 88.6127
369 52.4839 88.6162
636 52.3449 88.6199
814 52.2151 88.6233
259 52.0966 88.6265
931 51.9746 88.6298
911 51.8096 88.6342
193 51.59 88.64
320 51.3989 88.6451
437 51.203 88.6504
206 51.1137 88.6528
248 51.028 88.6551
516 50.9465 88.6572
561 50.8551 88.6597
559 50.7891 88.6614
40 50.7324 88.663
416 50.6668 88.6647
961 50.614 88.6661
584 50.5597 88.6676
5 50.4911 88.6694
562 50.4433 88.6707
23 50.4024 88.6718
367 50.3564 88.673
746 50.3073 88.6743
896 50.2619 88.6755
344 50.214 88.6768
245 50.1191 88.6794
406 50.0225 88.6819
511 49.9298 88.6844
335 49.8403 88.6868
530 49.7377 88.6895
140 49.6456 88.692
880 49.552 88.6945
532 49.4557 88.6971
754 49.3636 88.6995
62 49.264 88.7022
763 49.1614 88.7049
280 49.0747 88.7073
12 48.9825 88.7097
624 48.8829 88.7124
851 48.7785 88.7152
539 48.6674 88.7182
434 48.5765 88.7206
882 48.4724 88.7234
408 48.3405 88.7269
737 48.2153 88.7302
179 48.0424 88.7349
415 47.8691 88.7395
952 47.6923 88.7442
816 47.512 88.749
105 46.6876 88.7711
642 45.8575 88.7932
874 44.9667 88.817
713 44.214 88.8371
271 43.4183 88.8584
392 43.0451 88.8683
92 42.7083 88.8773
156 42.4404 88.8845
375 42.137 88.8926
294 41.8215 88.901
974 41.4839 88.9101
292 41.2327 88.9168
72 40.9816 88.9235
707 40.7433 88.9298
449 40.5194 88.9358
265 40.286 88.9421
569 40.0722 88.9478
866 39.862 88.9534
649 39.638 88.9594
389 39.4141 88.9654
548 39.1753 88.9718
172 38.9456 88.9779
806 38.7164 88.984
448 38.5108 88.9895
181 38.3029 88.9951
231 38.0864 89.0009
918 37.8791 89.0064
305 37.694 89.0114
808 37.4674 89.0174
53 37.2698 89.0227
766 37.0639 89.0282
230 36.8389 89.0342
752 36.6133 89.0402
877 36.3959 89.046
150 36.1665 89.0522
167 35.955 89.0578
613 35.7665 89.0629
146 35.5787 89.0679
129 35.392 89.0729
309 35.1947 89.0782
241 34.9944 89.0835
215 34.7905 89.089
189 34.5652 89.095
394 34.3397 89.101
22 34.1054 89.1073
672 33.8657 89.1137
960 33.6396 89.1197
919 33.4336 89.1252
840 33.2275 89.1307
738 32.9978 89.1369
807 32.763 89.1432
139 32.4194 89.1523
20 31.8934 89.1664
611 31.4494 89.1782
96 31.123 89.187
2 30.7994 89.1956
256 30.4586 89.2047
757 30.0944 89.2145
253 29.7636 89.2233
441 29.426 89.2323
296 29.1987 89.2384
695 28.9495 89.2451
418 28.7498 89.2504
773 28.5538 89.2556
631 28.3407 89.2613
76 28.1404 89.2667
333 27.9376 89.2721
288 27.7484 89.2772
58 27.5701 89.2819
916 27.4006 89.2864
872 27.3093 89.2889
93 26.5442 89.3093
470 26.4607 89.3116
13 26.355 89.3144
41 26.2718 89.3166
73 26.1872 89.3189
521 26.096 89.3213
795 26.0139 89.3235
16 25.9204 89.326
249 25.8199 89.3287
871 25.7282 89.3311
833 25.6421 89.3334
44 25.5591 89.3357
60 25.4796 89.3378
223 25.3892 89.3402
776 25.1265 89.3472
469 24.9329 89.3524
490 24.7564 89.3571
593 24.5728 89.362
761 24.3899 89.3669
442 24.1877 89.3723
244 24.0197 89.3768
712 23.8634 89.381
973 23.7083 89.3851
424 23.5836 89.3885
491 23.4564 89.3919
141 23.3312 89.3952
360 23.1782 89.3993
430 23.0479 89.4028
696 22.9089 89.4065
36 22.7678 89.4103
933 22.6205 89.4142
120 22.4907 89.4177
768 22.3419 89.4217
306 22.1942 89.4256
753 22.0374 89.4298
183 21.8918 89.4337
28 21.7546 89.4374
15 21.5997 89.4415
638 21.467 89.4451
859 21.252 89.4508
610 21.0369 89.4565
17 20.8033 89.4628
651 20.5954 89.4683
368 20.3804 89.4741
115 20.1614 89.4799
462 19.9567 89.4854
786 19.7721 89.4904
227 19.4765 89.4983
885 19.2073 89.5054
428 18.9277 89.5129
456 18.5643 89.5226
409 18.1971 89.5324
50 17.659 89.5468
714 17.0959 89.5619
325 15.1183 89.6146
736 13.5912 89.6554
637 12.5803 89.6824
108 11.7008 89.7059
263 10.918 89.7268
213 10.276 89.7439
240 10.2736 89.744
39 10.271 89.744
547 10.2685 89.7441
568 10.2662 89.7442
435 10.2636 89.7442
693 10.2613 89.7443
316 10.2589 89.7444
386 10.2564 89.7444
759 10.2536 89.7445
153 10.251 89.7446
827 10.2485 89.7446
399 10.2463 89.7447
495 10.2438 89.7448
446 10.241 89.7448
300 10.2381 89.7449
982 10.2355 89.745
106 10.2327 89.7451
401 10.2301 89.7451
969 10.2275 89.7452
953 10.225 89.7453
678 10.2225 89.7453
364 10.2203 89.7454
31 10.218 89.7455
905 10.2155 89.7455
426 10.2129 89.7456
699 10.2105 89.7457
718 10.2078 89.7457
585 10.205 89.7458
628 10.2026 89.7459
405 10.1999 89.7459
868 10.1974 89.746
750 10.1952 89.7461
95 10.1929 89.7461
711 10.1904 89.7462
236 10.1879 89.7463
200 10.1854 89.7463
1 10.183 89.7464
199 10.1805 89.7465
914 10.178 89.7465
719 10.1755 89.7466
380 10.173 89.7467
301 10.1706 89.7467
304 10.1682 89.7468
988 10.1655 89.7469
830 10.2449 87.1616
447 10.2576 86.7487
803 10.2711 86.307
90 10.2855 85.8388
557 10.297 85.4618
178 10.3097 85.0474
955 10.3215 84.6634
944 10.333 84.2898
444 10.3436 83.9435
138 10.3544 83.5926
657 10.3693 83.104
639 10.3811 82.72
554 10.3885 82.4784
546 10.3957 82.2447
780 10.403 82.0065
792 10.4103 81.7674
203 10.4181 81.5147
433 10.4259 81.2588
728 10.4334 81.0138
815 10.4404 80.7865
615 10.4482 80.5316
169 10.4558 80.283
321 10.464 80.0162
487 10.4719 79.759
890 10.4797 79.5029
75 10.4874 79.2546
570 10.495 79.0036
247 10.5027 78.7535
113 10.5128 78.4242
457 10.5218 78.1302
892 10.5304 77.8492
184 10.5396 77.5491
608 10.5491 77.2419
346 10.5608 76.86
436 10.5721 76.4903
361 10.5845 76.0858
207 10.5961 75.7075
48 10.6067 75.3622
168 10.6185 74.9777
726 10.6305 74.5859
886 10.6423 74.1999
88 10.6576 73.702
339 10.6788 73.01
298 10.7033 72.2136
939 10.7294 71.3604
966 10.7354 71.1653
224 10.7411 70.9805
234 10.7474 70.7741
796 10.7498 70.6947
14 10.7528 70.5996
445 10.7555 70.5102
97 10.7582 70.4222
398 10.7608 70.336
220 10.7634 70.2524
560 10.7661 70.1642
665 10.7694 70.0572
219 10.7726 69.9526
760 10.7758 69.8494
376 10.7785 69.7607
970 10.7811 69.6761
502 10.7836 69.5943
860 10.7862 69.5102
119 10.7891 69.4154
479 10.7918 69.3248
196 10.7951 69.2179
255 10.7978 69.1309
374 10.8003 69.0481
784 10.8034 68.9486
132 10.806 68.8632
275 10.8085 68.7801
326 10.811 68.6987
551 10.8139 68.6067
482 10.8172 68.4987
717 10.8202 68.4001
427 10.8232 68.3023
703 10.8264 68.1977
764 10.8293 68.1033
607 10.8318 68.0228
556 10.8344 67.9374
667 10.8374 67.838
630 10.8405 67.7372
686 10.8435 67.6401
192 10.8467 67.5354
81 10.8497 67.437
131 10.8528 67.3366
589 10.8557 67.24
277 10.8583 67.1553
503 10.861 67.0676
517 10.8639 66.973
701 10.8667 66.883
162 10.8697 66.7858
948 10.8727 66.6876
400 10.8757 66.5895
338 10.8789 66.4856
879 10.882 66.3832
3 10.8851 66.2831
991 10.8879 66.192
552 10.8956 65.9408
272 10.9036 65.6802
381 10.9116 65.4194
747 10.9204 65.1311
799 10.9287 64.8604
77 10.9372 64.5821
734 10.9459 64.3007
694 10.9546 64.0151
371 10.9826 63.1044
347 11.0144 62.0664
531 11.048 60.9727
524 11.0824 59.8503
739 11.1206 58.6082
130 11.1641 57.1901
114 11.2308 55.0193
663 11.3219 52.0623
403 11.3763 50.2908
805 11.3017 50.2043
797 11.2341 50.1258
352 11.1614 50.0414
222 11.0898 49.9585
542 11.0228 49.8807
858 10.9571 49.8045
949 10.8837 49.7193
330 10.8032 49.626
182 10.8032 49.626
423 10.8032 49.626
384 10.8032 49.626
47 10.8032 49.626
909 10.8032 49.626
214 10.8032 49.626
565 10.8032 49.626
972 10.8032 49.626
677 10.8032 49.626
527 10.8032 49.626
990 10.8032 49.626
228 10.8032 49.626
841 10.8032 49.626
57 10.8032 49.626
373 10.8032 49.626
731 10.8032 49.626
148 10.8032 49.626
128 10.8032 49.626
863 10.8032 49.626
771 10.8032 49.626
142 10.8032 49.626
336 10.8032 49.626
534 10.8032 49.626
303 10.8032 49.626
463 10.8032 49.626
174 10.8032 49.626
100 10.8032 49.626
925 10.8032 49.6259
652 10.8032 49.6259
489 10.8032 49.6259
758 10.8032 49.6259
116 10.8032 49.6259
212 10.8032 49.6259
122 10.8032 49.6259
218 10.8138 49.5519
956 10.8246 49.4771
708 10.8373 49.3884
749 10.8502 49.2984
496 10.8621 49.2149
157 10.8741 49.1311
505 10.8852 49.0539
279 10.8963 48.9767
698 10.9081 48.8938
341 10.9205 48.8075
422 10.9318 48.7289
154 10.9525 48.5839
849 10.9731 48.4406
166 11.0653 47.7968
936 11.1936 46.902
123 11.3241 45.9915
770 11.4558 45.0727
125 11.5846 44.1744
499 11.6761 43.5356
46 11.7634 42.9269
328 11.8491 42.3287
476 12.0912 41.4281
312 12.346 40.4802
723 12.6474 39.3588
549 13.9946 34.3462
32 13.9406 34.1407
205 13.8843 33.9265
616 13.8282 33.7134
829 13.7646 33.4713
710 13.7012 33.2304
10 13.6474 33.0257
87 13.5887 32.8023
958 13.529 32.5756
794 13.4613 32.318
963 13.4233 32.1734
700 13.4091 32.1193
4 13.3912 32.0513
985 13.3763 31.9945
572 13.3599 31.9324
65 13.3452 31.8765
74 13.3273 31.8084
299 13.312 31.7501
283 13.2986 31.6993
943 13.2831 31.6404
86 13.2669 31.5786
268 13.2546 31.5318
258 13.242 31.4839
78 13.2322 31.4465
121 13.0273 30.6673
514 12.7887 29.7596
133 12.5787 28.9609
898 12.3733 28.1796
439 12.6011 23.5342
211 12.6084 23.3862
902 12.6144 23.265
455 12.6202 23.1464
331 12.6264 23.0188
402 12.6329 22.8875
348 12.6394 22.7537
836 12.6451 22.6379
674 12.6519 22.4994
474 12.6577 22.3816
899 12.6637 22.2593
254 12.6701 22.1285
602 12.6758 22.0127
187 12.8158 19.1588
646 12.8885 18.6291
629 12.9556 18.1404
641 13.004 17.7876
8 13.0647 17.3452
673 13.0983 17.1011
366 13.1384 16.8089
61 13.1753 16.5397
741 13.2137 16.2599
661 13.2545 15.9632
682 13.3018 15.6184
488 13.3504 15.2641
722 13.3879 14.9915
588 13.4018 14.8899
881 13.417 14.7788
362 13.4305 14.681
412 13.4447 14.5774
812 13.4595 14.4694
915 23.4722 14.972
702 25.4064 15.069
363 27.6 15.1791
573 28.9706 15.2479
704 29.8808 15.2936
824 30.6241 15.3309
307 31.9402 15.397
337 33.9774 15.4993
518 35.4206 15.5717
643 35.6244 16.0657
64 35.9627 16.8861
467 36.2979 17.6987
287 36.3531 17.8328
653 36.4173 17.9884
626 36.476 18.1306
407 36.5323 18.2671
669 36.593 18.4143
351 36.7261 18.7371
883 36.8906 19.1359
284 37.0436 19.5069
246 37.2357 19.9727
822 37.4681 20.5363
111 37.6839 21.0594
934 37.9058 21.5976
310 38.1031 22.0759
787 38.3262 22.6169
250 38.5383 23.1311
419 38.6051 23.2931
261 38.4095 23.9213
26 38.2174 24.5383
191 38.0054 25.2191
834 37.8333 25.772
379 37.6724 26.2887
278 37.5134 26.7994
289 37.3767 27.2383
209 37.2236 27.7302
354 36.5447 29.9111
257 36.3917 30.7923
160 36.2404 31.6639
7 36.0965 32.4928
709 35.9475 33.351
783 35.7868 34.2766
151 35.6422 35.1094
221 35.5004 35.9265
525 35.2253 37.5093
438 35.189 37.7185
414 35.1587 37.8926
706 35.1288 38.0651
876 35.0994 38.2348
811 35.0722 38.3916
664 35.0448 38.5494
388 35.0173 38.7077
935 34.9898 38.8664
586 34.9623 39.0248
869 34.9339 39.1885
486 34.9046 39.3571
612 34.8386 39.7375
853 34.7401 40.3049
917 34.6431 40.8639
421 34.5455 41.4262
391 33.6189 46.7624
480 33.6191 46.7627
862 33.6193 46.7629
535 33.6194 46.7632
692 33.6197 46.7634
778 33.6199 46.7637
89 33.6201 46.7639
603 33.6203 46.7642
180 33.6205 46.7644
356 33.6206 46.7646
194 33.6208 46.7649
302 33.621 46.7651
452 33.6212 46.7653
529 33.6213 46.7655
37 33.6215 46.7657
147 33.6217 46.766
679 33.6219 46.7662
397 33.6221 46.7664
748 33.6223 46.7667
687 33.6225 46.7669
38 33.6227 46.7672
566 33.6229 46.7674
522 33.6231 46.7677
237 33.6233 46.7679
475 33.6234 46.7681
989 33.6236 46.7684
269 33.6238 46.7686
891 33.624 46.7688
508 33.6242 46.769
913 33.6244 46.7692
543 33.6245 46.7695
688 33.6247 46.7697
908 33.6249 46.7699
49 33.6251 46.7702
11 33.6253 46.7704
655 33.6255 46.7706
461 33.7083 46.8732
512 33.7906 46.9752
155 33.8686 47.0719
790 33.9436 47.1647
413 34.015 47.2532
848 34.0901 47.3463
267 33.1438 49.7772
938 31.9808 52.7645
633 31.5673 53.8266
291 31.1535 54.8891
30 31.0301 55.2061
765 30.9077 55.5204
104 30.7925 55.8162
809 30.6828 56.098
127 30.5734 56.3788
756 30.449 56.6982
619 30.3268 57.0122
21 29.9096 58.0836
733 29.6527 58.7433
324 29.4086 59.3702
329 29.1592 60.0108
451 28.9639 60.5123
691 28.7742 60.9993
537 27.8519 63.9317
839 27.8247 64.0179
912 27.7932 64.118
510 27.7584 64.2288
730 27.7161 64.3631
574 27.681 64.4746
604 27.6481 64.5794
927 27.62 64.6688
493 27.5936 64.7526
390 27.563 64.8499
735 27.533 64.9451
965 27.4996 65.0514
720 27.4684 65.1507
501 27.4366 65.2515
897 27.4069 65.3459
846 27.3765 65.4428
507 27.3475 65.5347
233 27.3175 65.6301
382 27.2855 65.7318
640 27.2541 65.8318
645 27.2214 65.9356
59 27.1898 66.036
901 27.1549 66.1469
545 27.1211 66.2545
878 27.0694 66.4189
599 27.0242 66.5625
957 26.9783 66.7083
772 26.9293 66.8643
981 26.8792 67.0233
124 26.821 67.2083
600 26.7817 67.3333
924 26.7454 67.4487
689 26.71 67.5614
137 26.6785 67.6613
34 26.6432 67.7735
903 26.604 67.898
359 26.5635 68.0269
443 26.5191 68.1682
591 26.4839 68.2798
454 26.4461 68.4001
658 26.4117 68.5094
99 26.3811 68.6067
705 26.3534 68.6947
79 26.2956 68.8785
365 26.2308 69.0845
788 26.1278 69.4117
680 26.0051 69.8019
571 26.0248 69.8958
946 26.0426 69.9798
411 26.06 70.0625
431 26.079 70.1528
601 26.079 70.1528
526 26.079 70.1528
825 26.079 70.1528
578 26.111 70.1435
635 26.1436 70.1342
349 26.1757 70.1249
500 26.2033 70.117
587 26.3874 70.064
950 26.5644 70.013
327 26.7479 69.9601
266 26.9286 69.9081
429 27.111 69.8556
971 27.4598 69.7552
789 27.8133 69.6533
888 28.1743 69.5494
954 28.5407 69.4439
550 28.9198 69.3348
270 29.5353 69.1577
614 30.1897 68.9693
697 30.1897 68.9693
252 31.0208 68.6756
729 31.7931 68.4026
662 32.8898 68.0151
226 34.0551 67.6032
596 35.2633 67.1763
56 36.4142 66.7695
724 37.5114 66.3817
264 38.6965 65.9629
484 39.5858 65.6487
523 40.349 65.379
498 41.1098 65.1101
922 41.2898 65.0465
533 41.4829 64.9782
54 41.6788 64.909
683 41.8832 64.8368
558 42.0915 64.7632
576 42.2876 64.6939
855 42.4874 64.6233
134 42.667 64.5598
171 42.8504 64.495
804 43.0487 64.4249
175 43.2399 64.3574
308 43.4408 64.2864
929 43.6842 64.2004
286 45.069 63.7109
791 45.069 63.7109
894 45.069 63.7109
621 45.069 63.7109
410 45.069 63.7109
370 45.069 63.7109
210 45.069 63.7109
762 46.1948 65.0322
404 46.3105 65.1679
101 46.4288 65.3068
235 46.5658 65.4676
282 46.693 65.6169
923 46.8134 65.7582
625 46.9735 65.9462
732 47.1186 66.1164
208 47.2969 66.3257
857 47.4413 66.4952
91 47.5678 66.6437
798 47.6807 66.7762
471 47.7985 66.9145
281 47.9524 67.0951
769 48.1498 67.3268
976 48.3052 67.5092
910 48.46 67.6909
540 48.6421 67.9046
632 48.8266 68.1212
895 48.9984 68.3228
582 49.143 68.4926
432 49.2776 68.6506
84 49.3996 68.7938
617 49.5306 68.9474
126 49.6672 69.1078
350 49.7393 69.1925
802 49.8189 69.2858
94 49.8944 69.3745
921 49.9674 69.4602
564 50.0372 69.5422
225 50.1135 69.5498
112 50.2055 69.559
109 50.2824 69.5667
779 50.3512 69.5736
755 50.4254 69.581
563 50.5028 69.5887
80 50.5767 69.5961
986 50.6665 69.6051
453 50.7487 69.6133
715 50.8224 69.6207
144 50.9164 69.6301
513 51.0162 69.64
216 51.1113 69.6495
676 51.2001 69.6584
459 51.29 69.6674
163 51.396 69.678
317 61.6263 70.7008
818 66.0382 70.5009
290 66.0382 70.5009
229 66.0382 70.5009
852 66.5178 69.8329
385 66.834 69.3925
71 66.7529 69.2676
481 66.6606 69.1254
83 66.3445 68.6387
485 65.6441 67.5599
460 65.6175 67.519
837 65.5887 67.4746
393 65.5546 67.4221
515 65.5218 67.3715
293 65.4918 67.3253
671 65.4687 67.2898
832 65.4182 67.2119
962 65.365 67.13
975 65.3083 67.0427
727 65.2471 66.9484
987 65.1829 66.8495
315 65.1186 66.7505
656 65.0508 66.646
605 64.9866 66.5473
238 64.9222 66.448
668 64.8598 66.352
440 64.796 66.2537
810 64.7329 66.1565
173 64.68 66.075
340 64.6221 65.9857
68 64.5605 65.8909
190 64.4982 65.7949
968 64.4447 65.7127
744 64.4447 65.7127
51 64.4447 65.7127
9 64.4447 65.7127
579 64.4306 65.6854
900 64.4045 65.6353
647 64.3756 65.5796
152 64.3517 65.5337
110 64.3254 65.4832
538 64.2964 65.4274
420 64.2726 65.3816
654 64.2496 65.3375
650 64.2238 65.2877
904 64.1994 65.2408
847 64.1733 65.1907
67 64.1475 65.141
509 64.1225 65.0931
201 64.0981 65.0461
478 63.6711 64.2248
867 63.2633 63.4406
102 62.6776 62.3143
767 62.1914 61.3793
595 61.7484 60.5274
623 61.234 59.5381
85 61.0103 59.108
188 60.8074 58.7177
577 60.6207 58.3587
743 60.4443 58.0194
468 60.2177 57.5836
35 59.9514 57.0713
186 59.6838 56.5568
907 59.4571 56.1207
793 59.199 55.6244
964 58.9552 55.1555
161 58.6623 54.5921
519 58.3203 53.9345
70 58.0114 53.3404
396 57.6818 52.7064
342 57.3319 52.0335
472 57.3319 52.0335
842 57.3319 52.0335
644 57.3319 52.0335
597 57.3319 52.0335
870 57.4923 51.1214
606 57.6124 50.4386
357 57.711 49.8779
43 57.8007 49.3681
63 57.8823 48.9039
875 57.9604 48.46
930 58.0369 48.0254
716 58.1033 47.6476
69 58.1608 47.3206
906 58.219 46.9902
276 58.274 46.6774
262 58.3298 46.36
945 58.3879 46.0298
492 58.5163 45.2997
117 58.6629 44.4663
843 58.8202 43.5719
314 59.1171 41.8826
27 59.4122 40.2043
6 59.663 38.7777
681 59.7816 38.1032
785 59.8955 37.4556
555 59.9843 36.951
634 59.9843 36.951
821 59.9843 36.951
781 59.9843 36.951
828 59.9843 36.951
978 59.9843 36.951
355 59.9843 36.951
844 59.9843 36.951
55 59.9843 36.951
197 59.9843 36.951
873 60.8447 33.3508
458 60.8554 33.3063
594 60.8662 33.261
66 60.8779 33.2119
217 60.9179 33.0444
19 60.9646 32.8489
45 61.0127 32.6478
377 61.0633 32.4358
675 61.1145 32.2216
751 61.1752 31.9677
865 61.2343 31.7204
358 61.3209 31.3578
831 61.4182 30.9508
959 61.5162 30.5407
164 61.6178 30.1154
103 67.8746 15.0884
504 68.3452 15.279
598 68.7736 15.4526
819 69.1759 15.6155
24 69.6376 15.8026
721 70.0865 15.9844
777 70.5311 16.1645
581 71.203 16.4366
295 72.1064 16.8026
176 73.2472 17.2647
