0,103,598,721,176,295,581,777,24,959,504,819,419,164,358,930,821,27,781,6,873,355,555,458,55,865,831,377,19,785,209,197,681,844,45,69,323,66,751,43,314,906,716,357,644,634,828,843,870,492,519,926,85,262,623,70,875,606,842,217,675,594,63,978,143,117,232,670,188,942,962,478,650,440,190,515,791,605,847,396,767,837,460,907,538,315,290,668,152,110,654,238,509,293,51,432,727,762,625,393,900,68,595,485,987,173,161,975,656,84,67,867,832,102,109,420,671,904,9,647,340,743,186,582,597,35,471,617,91,94,779,80,558,683,910,498,175,769,101,793,281,576,225,112,291,208,632,216,134,732,144,921,810,459,370,596,533,350,56,621,976,163,365,765,715,171,410,968,894,540,54,404,286,468,282,577,964,857,235,484,676,523,724,513,855,986,453,798,809,923,104,264,89,210,30,945,804,839,127,194,929,472,342,778,276,922,891,912,687,147,935,748,706,535,414,155,438,397,180,543,49,848,151,356,480,917,461,692,37,989,619,811,508,688,862,302,603,413,11,876,783,723,269,664,237,522,913,525,7,679,388,790,566,452,38,512,475,612,529,250,853,379,934,787,26,486,278,160,834,354,626,191,257,307,709,586,869,337,915,289,421,467,549,824,261,221,653,439,310,111,883,704,518,669,246,407,64,351,363,254,287,573,284,702,822,602,362,674,348,646,366,211,643,641,488,8,474,402,902,741,899,682,629,331,588,881,722,812,412,187,61,283,700,299,985,836,572,958,133,86,661,74,4,32,46,258,455,673,898,829,121,205,963,943,794,514,87,710,268,330,373,78,384,123,863,663,909,655,499,10,65,328,125,938,142,677,122,760,196,565,303,858,154,352,341,279,214,174,166,708,542,990,182,212,770,489,758,100,749,47,936,731,698,797,652,422,849,616,57,841,228,771,908,336,148,218,505,972,925,805,496,391,691,116,949,463,423,157,476,534,531,527,312,222,128,403,510,956,756,507,267,545,482,897,324,633,493,901,79,689,764,729,21,950,645,981,957,601,429,705,599,846,34,635,735,658,99,454,789,359,326,965,390,903,600,308,501,537,591,604,233,574,788,733,349,526,640,878,333,443,888,571,720,137,946,587,327,924,927,730,451,266,726,971,59,382,825,703,97,772,168,339,329,890,411,630,220,784,747,298,970,400,796,500,479,347,502,686,376,860,255,275,346,680,219,879,639,272,556,457,3,517,131,734,657,966,694,398,667,130,445,192,234,374,361,119,948,607,552,665,207,114,739,524,991,371,799,381,277,427,14,77,728,224,503,113,701,81,717,589,939,338,132,608,95,399,546,944,830,90,169,199,162,718,1,240,570,316,568,711,973,433,914,301,31,436,955,554,988,892,153,263,364,446,405,827,628,435,304,203,495,386,693,719,447,750,637,969,868,780,585,444,108,401,138,615,736,982,300,247,75,325,321,106,39,380,905,200,547,213,557,759,803,699,953,48,815,236,88,244,178,426,792,678,418,833,560,933,184,487,551,115,470,651,776,697,442,491,631,795,695,786,28,672,183,638,392,296,441,256,17,41,916,44,885,757,20,871,808,16,610,60,2,96,306,93,886,368,753,578,13,761,431,271,231,954,773,141,428,167,223,593,490,288,50,360,550,249,768,456,76,462,611,430,714,712,409,36,696,424,58,521,859,73,253,120,469,15,227,960,146,206,189,292,548,181,294,974,22,614,662,918,150,872,449,394,239,569,252,124,265,919,416,215,649,226,270,92,564,389,806,129,437,559,763,319,375,752,139,241,877,561,230,707,172,807,105,866,874,766,448,305,309,539,53,755,613,738,72,840,563,5,880,343,961,562,179,320,882,344,895,532,618,516,530,992,801,800,395,126,335,415,754,118,980,12,511,624,408,856,23,367,584,887,636,659,156,826,185,575,911,202,861,62,851,280,477,378,737,369,802,165,816,317,536,245,690,952,313,642,782,567,229,140,434,940,541,193,713,947,248,984,82,814,896,746,406,40,931,259,774,177,744,18,42,52,464,159,145,823,893,83,620,318,158,666,251,622,544,580,149,417,353,481,813,742,864,820,494,817,937,818,465,297,273,285,71,135,845,648,775,854,983,740,889,928,528,204,311,473,660,725,322,25,372,332,685,579,450,170,334,838,967,852,242,201,385,383,497,198,684,387,425,850,951,932,884,977,941,553,107,583,835,592,29,506,609,195,136,274,920,745,520,466,33,590,98,627,979,345,483,243,260,
value : 394.18 running time : 2643.831349
0 80 20
103 67.6084 15.1959
598 67.22 15.9849
721 66.9099 16.6151
176 66.4392 17.5713
295 65.8658 18.7363
581 65.3809 19.7215
777 64.8956 20.7075
24 64.3274 21.862
959 63.7466 23.042
504 63.2188 24.1143
819 62.5613 25.4502
419 61.8772 26.84
164 61.6493 27.7838
358 61.4737 28.511
930 61.3419 29.0569
821 61.3023 29.2209
27 61.2615 29.39
781 61.2218 29.5542
6 61.1832 29.7141
873 61.1419 29.8852
355 61.0955 30.0774
555 61.0561 30.2405
458 61.0122 30.4224
55 60.9759 30.5727
865 60.9363 30.7365
831 60.9001 30.8866
377 60.8562 31.0683
19 60.818 31.2266
785 60.785 31.3631
209 60.75 31.5083
197 60.1839 39.9787
681 60.1519 40.5576
844 60.1124 41.2711
45 60.0714 42.0123
69 60.0234 42.8814
323 60.0234 42.8814
66 60.0234 42.8814
751 60.0234 42.8814
43 60.0565 43.1358
314 60.0874 43.3729
906 60.1181 43.6083
716 60.1491 43.8465
357 60.1819 44.0981
644 60.2135 44.341
634 60.2414 44.5556
828 60.2724 44.7932
843 60.3197 45.1561
870 60.3547 45.4249
492 60.394 45.7265
519 60.4304 46.0061
926 60.463 46.2561
85 60.4976 46.5222
262 60.5281 46.7559
623 60.5577 46.9833
70 60.5865 47.2045
875 60.6138 47.4141
606 60.6421 47.6314
842 60.6733 47.8706
217 60.7013 48.0855
675 60.7305 48.3098
594 60.7625 48.5556
63 60.7965 48.8169
978 60.8315 49.0854
143 60.8676 49.3622
117 60.9045 49.646
232 60.9387 49.9078
670 60.9805 50.2294
188 61.4979 54.2008
942 61.9809 57.9081
962 62.4811 61.7478
478 62.5155 62.0115
650 62.5512 62.2857
440 62.5845 62.5416
190 62.6156 62.7799
515 62.6519 63.0591
791 62.6868 63.3266
605 62.7258 63.6265
847 62.7603 63.891
396 62.7869 64.0954
767 62.8288 64.4168
837 62.8836 64.8375
460 62.8836 64.8375
907 62.8836 64.8375
538 62.8836 64.8375
315 62.8836 64.8375
290 62.8836 64.8375
668 62.8836 64.8375
152 62.8836 64.8375
110 62.8836 64.8375
654 62.8836 64.8375
238 62.8836 64.8375
509 62.8836 64.8375
293 62.8836 64.8375
51 62.8836 64.8375
432 62.8836 64.8375
727 62.8836 64.8375
762 62.8836 64.8375
625 62.8836 64.8375
393 62.8836 64.8375
900 62.8836 64.8375
68 62.8836 64.8375
595 62.8836 64.8375
485 62.8836 64.8375
987 62.8836 64.8375
173 62.8836 64.8375
161 62.8836 64.8375
975 62.8836 64.8375
656 62.6038 64.8339
84 62.2549 64.8294
67 61.9887 64.8259
867 61.7075 64.8222
832 61.3761 64.8179
102 61.1345 64.8148
109 60.3897 64.8051
420 59.7789 64.7972
671 58.6528 64.7826
904 58.1138 64.7502
9 57.3897 64.7067
647 56.6459 64.662
340 55.8934 64.6169
743 55.0774 64.5679
186 54.2605 64.5189
582 53.5153 64.4741
597 52.7266 64.4268
35 52.0946 64.3888
471 51.4487 64.3501
617 51.0581 64.3266
91 50.6516 64.3022
94 50.2216 64.2764
779 49.7384 64.2474
80 49.2798 64.2198
558 49.2798 64.2198
683 49.2797 64.2198
910 49.2797 64.2198
498 49.2797 64.2198
175 49.2797 64.2198
769 49.2797 64.2198
101 49.2796 64.2198
793 49.2796 64.2198
281 49.2796 64.2198
576 49.2796 64.2198
225 49.2796 64.2198
112 49.2795 64.2198
291 49.2795 64.2198
208 49.2795 64.2198
632 49.2795 64.2198
216 49.2795 64.2198
134 49.2794 64.2198
732 49.2794 64.2198
144 49.2794 64.2198
921 49.2794 64.2198
810 48.7081 64.1759
459 48.1663 64.1342
370 47.5863 64.0896
596 47.1506 64.0561
533 46.793 64.0286
350 46.4478 64.0021
56 46.1421 63.9786
621 45.8603 63.957
976 45.5402 63.9324
163 45.5402 63.9324
365 45.5402 63.9324
765 45.5402 63.9324
715 45.5402 63.9324
171 45.5402 63.9324
410 45.5402 63.9324
968 45.5402 63.9324
894 45.5402 63.9324
540 45.5402 63.9324
54 45.5402 63.9324
404 45.5402 63.9324
286 45.5402 63.9324
468 45.5402 63.9324
282 45.5402 63.9324
577 45.5402 63.9324
964 45.5402 63.9324
857 45.5402 63.9324
235 45.5305 63.9308
484 45.5208 63.9291
676 45.5117 63.9275
523 45.502 63.9259
724 45.4928 63.9243
513 45.3567 63.6314
855 45.136 63.1568
986 44.9087 62.6677
453 44.5844 61.9701
798 44.1919 61.1257
809 43.7926 60.2668
923 43.4558 59.542
104 43.1386 58.8597
264 42.8118 58.1567
89 42.4516 57.3819
210 42.191 56.8212
30 41.9498 56.3025
945 41.7023 55.77
804 41.4764 55.2841
839 41.1907 54.6694
127 40.9144 54.0749
194 40.6365 53.4771
929 40.3952 52.9581
472 40.1464 52.4229
342 39.8926 51.8769
778 39.6339 51.3203
276 39.3984 50.8138
922 39.1765 50.3364
891 38.9252 49.7958
912 38.672 49.2511
687 37.7967 47.3681
147 37.2552 46.2032
935 36.6471 44.895
748 36.605 44.8044
706 36.5617 44.7112
535 36.5197 44.6209
414 36.4768 44.5286
155 36.4368 44.4426
438 36.3948 44.3521
397 36.3535 44.2634
180 36.316 44.1826
543 36.2723 44.0886
49 36.2314 44.0008
848 36.1868 43.9048
151 36.1367 43.797
356 36.0946 43.7064
480 36.05 43.6104
917 36.0092 43.5227
461 35.9709 43.4402
692 35.9197 43.33
37 35.8759 43.2358
989 35.8336 43.1448
619 35.7899 43.0508
811 35.7438 42.9517
508 35.7057 42.8697
688 35.6664 42.7852
862 35.6205 42.6864
302 35.5778 42.5945
603 35.5347 42.5017
413 35.4839 42.3925
11 35.4326 42.2821
876 35.3886 42.1875
783 35.3396 42.082
723 35.292 41.9795
269 35.292 41.9795
664 35.292 41.9795
237 35.292 41.9795
522 35.292 41.9795
913 35.292 41.9795
525 35.292 41.9795
7 35.292 41.9795
679 35.292 41.9795
388 35.292 41.9795
790 35.292 41.9795
566 35.292 41.9795
452 35.292 41.9795
38 35.292 41.9795
512 35.292 41.9795
475 35.292 41.9795
612 35.3919 37.3363
529 35.46 34.1639
250 35.5313 30.8388
853 35.5186 30.659
379 35.5044 30.4574
934 35.4912 30.2693
787 35.4793 30.1012
26 35.467 29.9266
486 35.4571 29.7857
278 35.4456 29.6235
160 35.4335 29.452
834 35.4213 29.2787
354 35.4087 29.1001
626 35.3965 28.9265
191 35.3868 28.7893
257 35.3757 28.6316
307 35.3624 28.4433
709 35.3505 28.2748
586 35.34 28.1257
869 35.3284 27.961
337 35.3146 27.7655
915 35.3037 27.6108
289 35.2937 27.4683
421 35.2837 27.3263
467 35.2711 27.1482
549 35.2593 26.9816
824 35.1713 25.733
261 35.0896 24.5737
221 35.0079 23.4143
653 34.8871 21.7011
439 34.8026 20.5027
310 34.7262 19.419
111 34.655 18.4084
883 34.5766 17.296
704 34.4883 16.0437
518 34.398 14.7627
669 33.7355 14.7979
246 33.1692 14.828
407 32.6948 14.8532
64 32.1506 14.8821
351 31.6612 14.9082
363 31.1552 14.935
254 30.5855 14.9653
287 30.1947 14.9861
573 29.6976 15.0125
284 29.0964 15.0445
702 28.5544 15.0733
822 28.0832 15.0983
602 23.4817 15.3429
362 16.6568 14.7953
674 16.0759 14.7487
348 15.5729 14.7083
646 15.0639 14.6675
366 14.9919 14.6617
211 14.9156 14.6556
643 14.8479 14.6501
641 14.7628 14.6433
488 14.6741 14.6362
8 14.5877 14.6292
474 14.503 14.6224
402 14.4101 14.615
902 14.322 14.6079
741 14.2143 14.5993
899 14.1224 14.5919
682 13.9935 14.5815
629 13.8823 14.5726
331 13.7793 14.5643
588 13.6816 14.5565
881 13.5759 14.548
722 13.4658 14.5392
812 13.3827 14.5325
412 13.0811 16.9725
187 12.8277 19.0215
61 12.7784 20.2749
283 12.5146 26.9679
700 12.4993 27.3572
299 12.4888 27.6217
985 12.4769 27.9252
836 12.4662 28.1956
572 12.4552 28.4766
958 12.443 28.7864
133 12.4363 28.955
86 12.4294 29.1315
661 12.4231 29.2901
74 12.4159 29.4729
4 12.4082 29.668
32 12.4 29.8782
46 12.3938 30.0346
258 12.3902 30.1264
455 12.386 30.232
673 12.3814 30.3492
898 12.3763 30.4793
829 12.3592 30.9125
121 12.3423 31.3418
205 12.3253 31.7727
963 12.3122 32.1054
943 12.2927 32.5999
794 12.2738 33.0801
514 12.2479 33.7353
87 12.2197 34.4506
710 12.1942 35.0972
268 12.1619 35.9176
330 12.1188 37.0112
373 12.0829 37.9228
78 12.0692 38.2684
384 12.0556 38.6155
123 12.0414 38.9753
863 12.0279 39.3164
663 12.014 39.6685
909 12.0003 40.0159
655 11.9892 40.298
499 11.978 40.5839
10 11.9682 40.8304
65 11.958 41.0911
328 11.9467 41.3764
125 11.883 42.9918
938 11.7196 47.1367
142 11.6548 48.7801
677 11.5965 50.2574
122 11.5493 51.4555
760 11.5582 51.4673
196 11.5671 51.4789
565 11.5749 51.4893
303 11.5823 51.4989
858 11.5904 51.5096
154 11.5975 51.519
352 11.6055 51.5295
341 11.6132 51.5397
279 11.6218 51.5511
214 11.629 51.5606
174 11.6373 51.5715
166 11.6444 51.5809
708 11.6523 51.5913
542 11.6606 51.6022
990 11.6684 51.6124
182 11.6767 51.6234
212 11.6839 51.6329
770 11.692 51.6436
489 11.7005 51.6548
758 11.7097 51.6669
100 11.7171 51.6767
749 11.7247 51.6867
47 11.7329 51.6975
936 11.7416 51.709
731 11.7499 51.7199
698 11.7597 51.7329
797 11.768 51.7438
652 11.7754 51.7536
422 11.7842 51.7651
849 11.7907 51.7738
616 11.7985 51.784
57 11.8066 51.7947
841 11.8151 51.8058
228 11.8237 51.8172
771 11.8332 51.8296
908 11.8422 51.8416
336 11.8498 51.8516
148 11.8571 51.8613
218 11.8641 51.8704
505 11.8723 51.8812
972 11.8806 51.8922
925 11.8883 51.9023
805 11.8966 51.9133
496 11.9053 51.9248
391 11.914 51.9363
691 11.9215 51.9461
116 11.9277 51.9544
949 11.9523 51.9867
463 11.9739 52.0152
423 11.9967 52.0453
157 12.0187 52.0743
476 12.0457 52.1098
534 12.0692 52.1408
531 12.0911 52.1697
527 12.1098 52.1944
312 12.1283 52.2187
222 12.1501 52.2474
128 12.1718 52.2761
403 13.0299 53.4071
510 16.3595 58.052
956 17.0344 58.9935
756 17.7081 59.9334
507 18.1352 60.5292
267 18.5261 61.0746
545 18.6966 61.3124
482 18.8734 61.5592
897 19.0457 61.7995
324 19.2082 62.0263
633 19.3888 62.2781
493 21.9402 65.8376
901 22.2654 66.6633
79 22.5955 67.5012
689 22.8935 68.2577
764 22.8935 68.2577
729 22.8935 68.2577
21 22.8935 68.2577
950 22.8935 68.2577
645 22.8935 68.2577
981 22.8935 68.2577
957 22.8935 68.2577
601 22.8935 68.2577
429 22.8935 68.2577
705 22.8935 68.2577
599 22.8935 68.2577
846 22.8935 68.2577
34 22.8935 68.2577
635 22.8934 68.2577
735 22.8934 68.2577
658 22.8934 68.2577
99 22.8934 68.2577
454 22.8934 68.2577
789 22.8934 68.2577
359 22.8934 68.2577
326 22.8934 68.2577
965 22.8934 68.2577
390 22.8934 68.2577
903 22.8934 68.2577
600 22.8934 68.2577
308 22.8934 68.2577
501 22.8934 68.2577
537 22.8934 68.2577
591 22.8934 68.2577
604 22.8934 68.2577
233 22.8934 68.2577
574 22.8934 68.2577
788 22.8934 68.2577
733 22.8934 68.2577
349 22.8934 68.2577
526 22.8934 68.2577
640 22.8934 68.2577
878 22.8934 68.2577
333 22.8934 68.2577
443 22.8934 68.2577
888 22.8934 68.2577
571 22.8934 68.2577
720 22.8934 68.2577
137 22.8934 68.2577
946 22.8934 68.2577
587 22.8934 68.2577
327 22.8934 68.2577
924 22.8934 68.2577
927 22.8934 68.2577
730 22.8934 68.2577
451 22.8934 68.2577
266 22.8934 68.2577
726 22.8934 68.2577
971 22.8934 68.2577
59 22.8934 68.2577
382 21.4108 68.4953
825 20.3019 68.6731
703 18.8577 68.9046
97 17.6387 69.0999
772 16.4343 69.2927
168 15.2571 69.4812
339 13.999 69.6826
329 12.5635 69.9126
890 11.4263 70.0949
411 11.3518 70.1068
630 11.2621 70.1212
220 11.1724 70.1356
784 11.0667 70.1525
747 10.9669 70.1685
298 10.8704 70.1839
970 10.7918 70.1965
400 10.7101 70.2096
796 10.625 70.2232
500 10.5356 70.2375
479 10.4435 70.2522
347 10.3355 70.2695
502 10.335 70.2958
686 10.3345 70.3203
376 10.334 70.3438
860 10.3335 70.3723
255 10.333 70.3952
275 10.3325 70.4209
346 10.332 70.4476
680 10.3315 70.4705
219 10.331 70.4939
879 10.3305 70.5194
639 10.33 70.5464
272 10.3295 70.5711
556 10.3289 70.5985
457 10.3285 70.6228
3 10.328 70.6431
517 10.3276 70.6664
131 10.3271 70.6897
734 10.3266 70.7158
657 10.326 70.7443
966 10.3255 70.7683
694 10.325 70.7939
398 10.3245 70.8181
667 10.324 70.8426
130 10.3236 70.8658
445 10.3231 70.8908
192 10.3226 70.9138
234 10.3221 70.9392
374 10.3215 70.9715
361 10.3209 70.9972
119 10.3205 71.0208
948 10.32 71.0456
607 10.3195 71.0702
552 10.319 71.0941
665 10.3185 71.1182
207 10.318 71.143
114 10.3176 71.1645
739 10.3171 71.1889
524 10.3166 71.2149
991 10.316 71.2421
371 10.3156 71.2642
799 10.3151 71.2883
381 10.3146 71.3139
277 10.3141 71.3391
427 10.3136 71.3645
14 10.3131 71.3891
77 10.3126 71.4146
728 10.312 71.4444
224 10.3115 71.4691
503 10.311 71.4922
113 10.3105 71.5156
701 10.3101 71.5382
81 10.3097 71.559
717 10.3092 71.5808
589 10.3088 71.6028
939 10.3037 71.8572
338 10.2937 72.3581
132 10.2834 72.8679
608 10.192 77.4288
95 10.1805 78.0035
399 10.1703 78.5116
546 10.1611 78.9703
944 10.152 79.4266
830 10.1427 79.8902
90 10.133 80.3741
169 10.123 80.8747
199 10.1134 81.3529
162 10.1068 81.6811
718 10.0968 82.1846
1 10.0873 82.6587
240 10.079 83.0722
570 10.0701 83.516
316 10.0602 84.0098
568 10.0505 84.4912
711 10.0418 84.9279
973 10.0359 85.2234
433 10.0311 85.4636
914 10.025 85.7683
301 10.0193 86.0502
31 10.014 86.3142
436 10.0084 86.5943
955 10.0026 86.8853
554 9.99659 87.1843
988 9.94936 89.5353
892 9.9536 89.535
153 9.95728 89.5348
263 9.96092 89.5345
364 9.96477 89.5343
446 9.96859 89.534
405 9.97202 89.5338
827 9.97576 89.5335
628 9.97987 89.5333
435 9.98358 89.533
304 9.98778 89.5327
203 9.99181 89.5325
495 9.99593 89.5322
386 9.99944 89.532
693 10.0028 89.5317
719 10.0063 89.5315
447 10.0099 89.5313
750 10.0135 89.531
637 10.0172 89.5308
969 10.0207 89.5305
868 10.0245 89.5303
780 10.0288 89.53
585 10.0321 89.5298
444 10.0361 89.5295
108 10.0399 89.5293
401 10.0436 89.529
138 10.0475 89.5288
615 10.0513 89.5285
736 10.055 89.5283
982 10.0588 89.528
300 10.0623 89.5278
247 10.0663 89.5275
75 10.0699 89.5273
325 10.074 89.527
321 10.0775 89.5268
106 10.0804 89.5266
39 10.0837 89.5263
380 10.0875 89.5261
905 10.0914 89.5258
200 10.0949 89.5256
547 10.0985 89.5254
213 10.1021 89.5251
557 10.2637 89.5144
759 10.3965 89.5055
803 10.5452 89.4957
699 10.7014 89.4853
953 10.8401 89.4761
48 11.0053 89.4651
815 11.1531 89.4553
236 11.3035 89.4453
88 11.4601 89.4349
244 11.596 89.4258
178 11.7105 89.4182
426 12.0958 89.3926
792 12.642 89.3563
678 13.3565 89.3088
418 14.3216 89.2447
833 14.9042 89.2059
560 15.4657 89.1686
933 16.0133 89.1322
184 16.5923 89.0937
487 17.1372 89.0575
551 17.6307 89.0247
115 20.7696 88.8161
470 23.1538 88.6576
651 23.1924 88.655
776 23.2318 88.6524
697 23.2777 88.6494
442 23.3162 88.6468
491 23.3637 88.6437
631 23.4152 88.6402
795 23.4645 88.637
695 23.5044 88.6343
786 23.5532 88.6311
28 23.5977 88.6281
672 23.6437 88.6251
183 23.6843 88.6224
638 23.7369 88.6189
392 23.7834 88.6158
296 23.795 88.615
441 23.806 88.6143
256 23.8196 88.6134
17 23.8299 88.6127
41 23.8432 88.6118
916 23.8549 88.611
44 23.8689 88.6101
885 23.8831 88.6091
757 23.8973 88.6082
20 23.9104 88.6073
871 23.9231 88.6065
808 23.9387 88.6054
16 23.9518 88.6046
610 23.965 88.6037
60 23.9793 88.6027
2 23.9929 88.6018
96 24.0045 88.6011
306 24.0153 88.6004
93 24.0261 88.5996
886 24.0393 88.5988
368 24.0524 88.5979
753 24.0655 88.597
578 24.0798 88.5961
13 24.0924 88.5952
761 24.108 88.5942
431 24.1226 88.5932
271 24.1394 88.5921
231 24.1542 88.5911
954 24.1673 88.5903
773 24.1808 88.5894
141 24.194 88.5885
428 24.2063 88.5877
167 24.2189 88.5868
223 24.2314 88.586
593 24.2414 88.5853
490 24.2541 88.5845
288 24.266 88.5837
50 24.2784 88.5829
360 24.2913 88.582
550 24.3052 88.5811
249 24.3171 88.5803
768 24.329 88.5795
456 24.3419 88.5786
76 24.3558 88.5777
462 24.3671 88.577
611 24.3807 88.5761
430 24.3933 88.5752
714 24.4055 88.5744
712 24.4182 88.5736
409 24.4324 88.5726
36 24.446 88.5717
696 24.459 88.5709
424 24.4715 88.57
58 24.484 88.5692
521 24.4966 88.5684
859 24.5106 88.5674
73 24.5247 88.5665
253 24.5377 88.5656
120 24.5496 88.5648
469 24.5602 88.5641
15 24.571 88.5634
227 24.5841 88.5625
960 28.7946 88.2828
146 30.4784 88.1711
206 31.7605 88.0862
189 32.3295 88.0485
292 32.9083 88.01
548 33.5171 87.9696
181 34.088 87.9318
294 34.5257 87.9027
974 34.5872 87.8986
22 34.5872 87.8986
614 34.5873 87.8986
662 34.5873 87.8986
918 34.742 87.9057
150 34.9111 87.9134
872 35.0967 87.9219
449 35.2965 87.9311
394 35.4794 87.9395
239 35.6657 87.948
569 35.8111 87.9547
252 35.9466 87.9609
124 36.1021 87.968
265 36.2762 87.9759
919 36.4332 87.9831
416 36.608 87.9911
215 36.7685 87.9985
649 36.9195 88.0054
226 37.0698 88.0123
270 37.2706 88.0215
92 37.4686 88.0305
564 37.7112 88.0416
389 37.9055 88.0505
806 38.0995 88.0594
129 38.3137 88.0692
437 38.5267 88.079
559 38.7347 88.0885
763 38.7347 88.0885
319 38.7347 88.0885
375 38.7347 88.0885
752 38.7348 88.0885
139 38.7348 88.0885
241 39.0362 88.0879
877 39.337 88.0874
561 39.6484 88.0868
230 39.9269 88.0862
707 40.2233 88.0857
172 40.5498 88.0851
807 40.898 88.0844
105 41.2191 88.0838
866 41.4384 88.0834
874 41.6516 88.083
766 41.843 88.0826
448 42.0383 88.0823
305 42.2601 88.0818
309 42.4523 88.0815
539 42.6568 88.0811
53 42.8556 88.0807
755 43.0634 88.0803
613 43.2394 88.08
738 43.6563 88.0792
72 44.211 88.0781
840 44.8822 88.0768
563 45.7014 88.0753
5 46.4316 88.0739
880 47.2343 88.0724
343 47.9044 88.0711
961 48.632 88.0697
562 49.2916 88.0684
179 50.1052 88.0669
320 50.8647 88.0654
882 51.6649 88.0639
344 52.3109 88.0627
895 52.3253 88.0626
532 52.342 88.0626
618 52.3584 88.0626
516 52.374 88.0626
530 52.3896 88.0625
992 52.4083 88.0625
801 52.4201 88.0625
800 52.4318 88.0624
395 52.4493 88.0624
126 52.4639 88.0624
335 52.4811 88.0623
415 52.4971 88.0623
754 52.514 88.0623
118 52.5312 88.0622
980 52.5477 88.0622
12 52.5646 88.0622
511 52.5795 88.0622
624 52.5963 88.0621
408 52.6135 88.0621
856 52.6323 88.062
23 52.6494 88.062
367 52.6671 88.062
584 52.6849 88.0619
887 52.7008 88.0619
636 52.7156 88.0619
659 52.7313 88.0618
156 52.7488 88.0618
826 52.7683 88.0618
185 52.7892 88.0617
575 52.8075 88.0617
911 52.824 88.0617
202 52.8407 88.0616
861 52.8562 88.0616
62 52.8731 88.0616
851 52.8914 88.0615
280 52.9104 88.0615
477 52.9308 88.0614
378 52.9483 88.0614
737 52.9636 88.0614
369 52.9789 88.0613
802 52.9934 88.0613
165 53.0086 88.0613
816 53.0293 88.0612
317 53.0469 88.0612
536 53.0611 88.0612
245 53.0779 88.0611
690 53.0953 88.0611
952 53.1114 88.0611
313 53.128 88.061
642 53.144 88.061
782 53.1626 88.061
567 53.1815 88.0609
229 53.1973 88.0609
140 53.2114 88.0609
434 53.2257 88.0608
940 53.2408 88.0608
541 53.2553 88.0608
193 53.362 88.0606
713 53.4896 88.0603
947 53.6143 88.0601
248 53.7336 88.0598
984 53.9047 88.0595
82 54.0252 88.0592
814 54.6187 88.0581
896 55.3326 88.0567
746 56.0277 88.0554
406 56.92 88.0537
40 57.9851 88.0517
931 59.1159 88.0495
259 60.1824 88.0474
774 61.3598 88.0452
177 64.5808 88.039
744 68.6799 88.0311
18 68.9126 88.0379
42 69.1413 88.0445
52 69.3904 88.0518
464 69.6521 88.0594
159 69.9509 88.0681
145 70.1914 88.0751
823 70.4431 88.0825
893 70.7138 88.0904
83 70.8856 88.0954
620 71.0535 88.1003
318 71.2504 88.106
158 71.45 88.1118
666 71.6464 88.1175
251 71.8285 88.1228
622 72.0124 88.1282
544 72.2142 88.1341
580 72.4332 88.1404
149 72.5711 88.1445
417 72.7133 88.1486
353 72.852 88.1526
481 72.9897 88.1567
813 73.1477 88.1613
742 73.308 88.1659
864 73.4564 88.1703
820 73.6033 88.1745
494 73.7289 88.1782
817 73.8419 88.1815
937 73.9891 88.1858
818 74.1494 88.1904
465 74.2941 88.1947
297 74.4414 88.199
273 74.6122 88.2039
285 75.1718 88.2202
71 75.7277 88.2364
135 76.4453 88.2573
845 76.9147 88.271
648 77.5139 88.2885
775 78.03 88.3035
854 78.6618 88.3219
983 79.3947 88.3433
740 79.8871 88.3576
889 80.4526 88.3741
928 80.8329 88.3852
528 83.7069 84.0151
204 84.1905 83.2797
311 84.565 82.7102
473 84.8263 82.313
660 85.1642 81.7992
725 85.3582 81.5042
322 85.6072 81.1256
25 85.9748 80.5666
372 86.3243 80.0352
332 86.2094 78.9852
685 86.1358 78.3131
579 85.4562 72.1011
450 85.1632 69.4243
170 84.5808 64.1003
334 84.4708 63.0952
838 84.3729 62.2008
967 84.3002 61.5358
852 84.269 61.2507
242 84.2324 60.9168
201 84.2006 60.6264
385 84.1671 60.3199
383 84.1198 59.8878
497 84.068 59.4145
198 84.0212 58.9864
684 83.9797 58.6071
387 83.9335 58.1846
425 83.8891 57.7786
850 83.8578 57.4931
951 83.8545 57.4629
932 83.8513 57.4335
884 83.8482 57.4055
977 83.8452 57.3776
941 83.8418 57.3464
553 83.985 51.3693
107 83.9935 51.2424
583 84.0024 51.1109
835 84.0716 50.0876
592 84.1102 49.5162
29 84.1461 48.9847
506 84.1714 48.611
609 84.2692 47.1637
195 84.3223 46.3774
136 84.3761 45.5816
274 84.4424 44.6
920 84.4979 43.7789
745 84.5768 42.6115
520 84.6431 41.6303
466 84.6994 40.7968
33 85.0412 35.7418
590 85.2929 32.0184
98 85.5782 27.7981
627 86.0341 21.0582
979 86.1607 19.1853
345 86.2111 18.4398
483 86.2684 17.5916
243 86.2684 17.5916
260 86.2684 17.5916
