0,103,598,819,295,581,777,24,176,959,721,504,209,785,419,164,828,19,831,355,555,865,873,323,358,681,66,6,45,644,55,751,978,781,377,197,69,458,634,519,844,716,906,314,43,926,396,85,930,27,821,117,870,357,276,594,675,217,842,606,875,70,623,262,63,492,843,143,161,656,393,340,605,583,152,907,460,647,109,515,987,102,595,904,190,110,84,35,962,964,478,68,867,238,509,293,290,173,847,668,767,900,654,727,51,625,485,852,650,420,832,942,315,440,975,810,9,112,791,744,432,837,67,800,538,968,621,471,144,216,134,769,410,186,56,264,923,175,54,513,855,986,453,523,857,732,765,802,779,809,404,80,91,798,225,235,683,558,291,171,101,468,582,350,617,632,104,94,976,921,894,762,208,365,163,724,597,281,793,540,804,596,286,533,715,576,910,498,676,484,188,89,891,472,929,194,945,922,342,282,459,577,370,743,30,210,912,356,302,127,935,278,475,664,147,37,687,783,876,11,811,508,413,688,862,913,778,748,269,529,512,38,452,566,790,388,679,7,525,706,535,414,155,438,397,257,603,180,543,49,692,848,917,989,151,237,461,480,619,522,723,586,869,191,709,284,626,354,834,467,549,824,261,221,160,307,421,934,853,787,26,486,289,250,518,337,702,653,310,287,407,573,64,351,704,822,111,883,363,379,246,439,643,915,669,722,488,682,899,331,641,646,629,881,674,254,211,366,362,412,348,8,902,402,661,812,963,673,741,187,74,514,61,588,898,602,612,700,710,133,299,205,836,572,943,829,268,87,794,958,283,125,985,10,65,32,46,258,455,4,121,86,474,328,330,341,78,863,655,499,708,222,312,218,174,214,565,677,909,154,858,949,527,228,505,972,148,279,936,731,698,797,652,496,990,116,534,476,157,423,463,849,128,384,47,749,100,758,489,770,212,182,122,352,303,663,616,57,841,771,691,805,938,123,166,542,422,142,956,925,336,391,633,403,908,373,545,324,720,888,571,839,443,658,599,735,99,730,789,451,266,981,34,846,645,950,635,21,729,705,507,897,382,501,537,591,604,233,574,788,733,349,526,640,878,333,510,971,756,493,901,79,359,965,267,903,927,308,59,601,957,329,954,946,587,327,132,924,479,137,361,429,162,400,600,390,689,772,531,657,487,427,277,879,376,796,860,346,255,517,556,272,114,207,196,825,339,275,760,551,326,948,298,338,552,703,607,726,374,119,371,764,77,482,503,168,192,680,728,347,799,14,639,457,502,3,381,966,398,667,130,739,524,445,991,219,734,131,665,589,500,686,224,113,701,81,717,939,433,234,970,411,630,220,784,747,694,97,554,890,200,405,39,637,50,75,199,1,792,301,426,953,240,560,678,914,830,546,973,364,447,568,90,827,699,547,570,969,247,300,982,48,815,236,557,169,718,213,263,436,955,446,988,695,944,138,719,693,316,386,495,95,203,399,304,435,628,31,178,803,380,108,736,585,711,615,892,444,868,401,153,759,106,905,780,321,325,750,223,16,442,183,608,431,761,13,776,697,15,256,28,651,115,227,714,41,184,550,244,753,886,93,306,96,2,610,808,871,20,757,885,44,916,17,441,833,418,631,773,638,491,786,392,271,141,490,167,428,470,795,60,76,456,768,249,430,469,88,593,521,712,409,36,696,424,58,288,578,368,933,360,462,454,53,738,72,974,120,613,806,548,129,73,253,437,92,649,231,146,611,960,859,189,752,206,292,561,230,707,449,296,672,919,662,872,389,252,539,309,22,124,564,172,265,181,241,614,569,239,305,918,394,448,877,294,215,416,766,226,139,270,807,150,840,5,947,851,375,559,165,343,961,940,866,874,755,280,62,882,563,911,369,320,406,202,575,690,992,229,861,567,895,317,782,618,659,826,516,511,754,532,816,713,335,415,737,814,179,624,82,562,248,313,952,763,530,541,746,434,140,23,477,984,118,193,245,887,931,395,319,12,105,636,259,344,801,774,856,896,408,177,980,642,126,185,536,40,584,367,880,464,156,671,378,823,465,42,273,285,818,18,666,158,297,620,893,864,580,854,775,481,742,83,544,417,353,817,648,318,149,622,251,983,52,322,135,937,494,813,845,820,71,159,145,928,889,740,25,450,685,204,660,332,528,473,311,725,372,385,977,506,579,850,497,170,334,201,383,242,425,951,941,684,107,884,136,967,835,387,195,920,609,274,745,592,520,670,29,553,232,838,932,198,466,33,590,98,979,260,627,243,345,483,
value : 396.73 running time : 2224.147355
0 80 20
103 67.6151 15.1933
598 67.3429 15.7486
819 67.1074 16.2288
295 66.9243 16.6023
581 66.7567 16.9443
777 66.5922 17.2798
24 66.4228 17.6252
176 66.2664 17.9442
959 66.081 18.3225
721 65.9301 18.6302
504 64.0616 22.4413
209 60.8657 28.96
785 60.8657 28.96
419 60.8657 28.96
164 60.8193 29.567
828 60.7626 30.3076
19 60.7127 30.9602
831 60.6852 31.3191
355 60.6552 31.7113
555 60.6287 32.057
865 60.5991 32.4439
873 60.5685 32.8444
323 60.465 34.1969
358 60.4232 34.7429
681 60.3844 35.2508
66 60.344 35.7789
6 60.3124 36.1918
45 60.2707 36.7367
644 60.2301 37.2676
55 60.2021 37.633
751 60.1592 38.1942
978 60.1072 38.8732
781 60.0646 39.4295
377 60.0106 40.1363
197 59.9548 40.8653
69 59.8301 42.4946
458 59.8231 42.5864
634 59.8154 42.6871
519 59.8068 42.7998
844 59.8001 42.8875
716 59.793 42.9802
906 59.7859 43.0726
314 59.7791 43.1611
43 59.7715 43.2606
926 59.7635 43.3651
396 59.7557 43.4669
85 59.7492 43.5525
930 59.7442 43.6169
27 59.739 43.6852
821 59.7321 43.7755
117 59.7069 44.1049
870 59.6842 44.4017
357 59.6619 44.6928
276 59.6387 44.9964
594 59.7078 45.4154
675 59.7813 45.8609
217 59.8601 46.3391
842 59.945 46.854
606 60.0186 47.2999
875 60.095 47.7633
70 60.1814 48.287
623 60.2558 48.7386
262 60.3288 49.1813
63 60.3996 49.6103
492 60.502 50.2314
843 60.6237 50.9696
143 60.9515 52.9573
161 61.499 56.2771
656 61.6881 57.424
393 61.8588 58.4592
340 61.972 59.1459
605 62.0474 59.6031
583 62.0954 59.894
152 62.4855 62.2593
907 62.5863 62.8705
460 62.6966 63.5395
647 62.7014 63.5689
109 62.7069 63.6023
515 62.7119 63.6323
987 62.7172 63.6645
102 62.7215 63.6906
595 62.727 63.7242
904 62.7326 63.7582
190 62.7371 63.785
110 62.7426 63.8186
84 62.7475 63.8483
35 62.7526 63.8791
962 62.7585 63.9153
964 62.7634 63.9446
478 62.7685 63.9758
68 62.7741 64.0096
867 62.7799 64.0449
238 62.7851 64.0761
509 62.7907 64.1102
293 62.7953 64.138
290 62.8014 64.1751
173 62.8066 64.2064
847 62.8117 64.2375
668 62.8162 64.2652
767 62.8208 64.2927
900 62.8269 64.3297
654 62.8324 64.3633
727 62.8374 64.3934
51 62.842 64.4213
625 62.8452 64.4409
485 62.8489 64.4635
852 62.8535 64.4914
650 62.8092 64.7038
420 62.7645 64.9174
832 62.7159 65.1499
942 62.696 65.2452
315 62.6708 65.3662
440 62.6508 65.4619
975 62.6297 65.5629
810 62.6087 65.612
9 62.5825 65.6735
112 62.5601 65.7259
791 62.5385 65.7764
744 62.5123 65.8379
432 62.331 65.8277
837 62.1802 65.8193
67 60.3422 65.7165
800 57.5185 65.5585
538 56.176 65.4834
968 53.8344 65.3524
621 51.7052 65.2333
471 50.9015 65.1883
144 50.5559 65.169
216 50.4674 65.1641
134 50.3701 65.1586
769 50.283 65.1537
410 50.1821 65.1481
186 50.0923 65.1431
56 49.9827 65.1369
264 49.9827 65.1369
923 49.9827 65.1369
175 49.9827 65.1369
54 49.9827 65.1369
513 49.9826 65.1369
855 49.9826 65.1369
986 49.9826 65.1369
453 49.9826 65.1369
523 49.9826 65.1369
857 49.9826 65.1369
732 49.9826 65.1369
765 49.9826 65.1369
802 49.9826 65.1369
779 48.9845 64.9949
809 48.0414 64.8606
404 47.9784 64.8517
80 47.9315 64.845
91 47.889 64.8389
798 47.839 64.8318
225 47.7833 64.8239
235 47.7336 64.8168
683 47.679 64.8091
558 47.6278 64.8018
291 47.5726 64.7939
171 47.5258 64.7872
101 47.4847 64.7814
468 47.4427 64.7754
582 47.3948 64.7686
350 47.3332 64.7598
617 47.2832 64.7527
632 47.2264 64.7446
104 47.1624 64.7355
94 47.1133 64.7285
976 47.053 64.7199
921 47.053 64.7199
894 46.9296 64.6816
762 46.8195 64.6475
208 46.6658 64.5999
365 46.4425 64.5306
163 46.267 64.4762
724 46.1055 64.4262
597 46.0342 64.2719
281 45.9729 64.1391
793 45.9186 64.0214
540 45.8699 63.916
804 45.7066 63.5626
596 45.5539 63.232
286 45.4124 62.9257
533 45.2699 62.617
715 45.1463 62.3495
576 45.0147 62.0646
910 44.8915 61.798
498 44.7548 61.5019
676 44.6251 61.2212
484 44.4903 60.9292
188 44.3204 60.5615
89 43.4494 58.7687
891 43.2899 58.4405
472 43.1739 58.2018
929 43.0815 58.0116
194 42.9916 57.8265
945 42.9231 57.6856
922 42.8561 57.5477
342 42.7916 57.4151
282 42.7346 57.2977
459 42.6276 57.0775
577 42.5108 56.8371
370 42.3491 56.5043
743 42.1989 56.1953
30 41.538 54.835
210 40.8174 53.352
912 40.1032 51.882
356 38.9362 49.4801
302 38.0366 47.6287
127 37.2675 46.0457
935 35.8883 43.2069
278 35.3844 42.1698
475 35.292 41.9796
664 35.292 41.9796
147 35.292 41.9796
37 35.292 41.9796
687 35.292 41.9796
783 35.292 41.9796
876 35.292 41.9796
11 35.292 41.9796
811 35.292 41.9796
508 35.292 41.9796
413 35.292 41.9796
688 35.292 41.9796
862 35.292 41.9796
913 35.292 41.9796
778 35.292 41.9796
748 35.292 41.9796
269 35.292 41.9796
529 35.292 41.9796
512 35.292 41.9796
38 35.292 41.9796
452 35.292 41.9796
566 35.292 41.9796
790 35.292 41.9796
388 35.292 41.9796
679 35.292 41.9796
7 35.292 41.9796
525 35.292 41.9796
706 35.292 41.9796
535 35.292 41.9796
414 35.292 41.9796
155 35.292 41.9796
438 35.292 41.9796
397 35.292 41.9796
257 35.292 41.9796
603 35.292 41.9796
180 35.292 41.9796
543 35.292 41.9796
49 35.292 41.9796
692 35.292 41.9795
848 35.292 41.9795
917 35.292 41.9795
989 35.292 41.9795
151 35.292 41.9795
237 35.292 41.9795
461 35.292 41.9795
480 35.292 41.9795
619 35.292 41.9795
522 35.292 41.9795
723 35.292 41.9795
586 35.4169 37.1907
869 35.4805 34.7488
191 35.537 32.5853
709 35.5938 30.4054
284 35.6311 28.9733
626 35.6311 28.9733
354 35.6311 28.9733
834 35.6311 28.9733
467 35.6311 28.9733
549 35.6311 28.9733
824 35.6311 28.9733
261 35.6311 28.9733
221 35.6311 28.9733
160 35.6311 28.9733
307 35.6311 28.9733
421 35.6311 28.9733
934 35.6311 28.9733
853 35.6311 28.9733
787 35.6311 28.9733
26 35.6311 28.9733
486 35.6311 28.9733
289 35.6311 28.9733
250 35.6311 28.9733
518 35.3388 15.5134
337 35.1115 15.5842
702 34.8861 15.6546
653 34.8764 15.6576
310 34.8656 15.661
287 34.8547 15.6644
407 34.8433 15.6679
573 34.8315 15.6716
64 34.8193 15.6754
351 34.8085 15.6788
704 34.7975 15.6822
822 34.786 15.6858
111 34.7749 15.6893
883 34.7637 15.6928
363 34.7523 15.6964
379 34.7401 15.7002
246 30.7379 15.4869
439 28.0706 15.3448
643 26.2304 15.2468
915 24.5897 15.1594
669 22.399 15.0427
722 13.7097 14.5797
488 13.6946 14.5789
682 13.679 14.5781
899 13.6665 14.5774
331 13.6457 14.5763
641 13.6282 14.5754
646 13.6058 14.5742
629 13.5872 14.5732
881 13.5695 14.5722
674 13.5529 14.5713
254 13.5376 14.5705
211 13.5179 14.5695
366 13.4989 14.5685
362 13.4784 14.5674
412 13.4604 14.5664
348 13.4446 14.5656
8 13.4291 14.5648
902 13.4127 14.5639
402 13.3925 14.5628
661 13.372 14.5617
812 13.3483 14.5605
963 12.9745 16.9179
673 12.7901 18.0804
741 12.6256 19.1179
187 12.4623 20.1479
74 12.2001 21.8019
514 11.9953 23.0932
61 11.9953 23.0932
588 12.0384 25.3866
898 12.09 28.1285
602 12.1341 30.4759
612 12.1813 32.99
700 12.1813 32.99
710 12.1813 32.99
133 12.1813 32.99
299 12.1813 32.99
205 12.1813 32.99
836 12.1813 32.99
572 12.1813 32.99
943 12.1813 32.99
829 12.1813 32.99
268 12.1813 32.99
87 12.1813 32.99
794 12.1813 32.99
958 12.1813 32.99
283 12.1813 32.99
125 12.1813 32.99
985 12.1813 32.99
10 12.1813 32.99
65 12.1813 32.99
32 12.1813 32.99
46 12.1813 32.99
258 12.1813 32.99
455 12.1813 32.99
4 12.1813 32.99
121 12.1813 32.99
86 12.1813 32.99
474 12.1813 32.99
328 11.8892 39.5512
330 11.8569 40.2761
341 11.8254 40.9816
78 11.8006 41.5397
863 11.7757 42.0974
655 11.7497 42.6823
499 11.7201 43.3467
708 11.5976 46.0966
222 11.5912 46.2402
312 11.5846 46.3878
218 11.577 46.5586
174 11.5709 46.6969
214 11.5641 46.8496
565 11.5584 46.9762
677 11.5534 47.0884
909 11.549 47.1867
154 11.5444 47.2896
858 11.5396 47.3993
949 11.5347 47.5074
527 11.5293 47.6287
228 11.5249 47.7288
505 11.5195 47.85
972 11.5144 47.965
148 11.51 48.0634
279 11.5047 48.1827
936 11.4998 48.2909
731 11.4954 48.3915
698 11.4904 48.5037
797 11.4857 48.6082
652 11.4809 48.7164
496 11.4761 48.8238
990 11.4713 48.9322
116 11.4656 49.0596
534 11.4608 49.167
476 11.4561 49.2728
157 11.4508 49.3924
423 11.446 49.4993
463 11.4403 49.6287
849 11.4345 49.7575
128 11.4303 49.8526
384 11.426 49.9482
47 11.4207 50.068
749 11.416 50.1741
100 11.4112 50.282
758 11.4067 50.381
489 11.402 50.4882
770 11.3975 50.5877
212 11.3926 50.6989
182 11.3869 50.8276
122 11.381 50.9588
352 11.5479 51.141
303 11.7073 51.3151
663 11.8595 51.4813
616 12.0159 51.652
57 12.1965 51.8492
841 12.3836 52.0536
771 12.5831 52.2714
691 12.7866 52.4936
805 12.9565 52.6791
938 13.1374 52.8767
123 13.2915 53.0449
166 13.4984 53.2708
542 13.7445 53.5396
422 14.0089 53.8283
142 14.2335 54.0735
956 14.456 54.3165
925 14.6532 54.5318
336 14.8869 54.787
391 15.1156 55.0368
633 15.3454 55.2877
403 15.5565 55.5182
908 15.9987 56.0011
373 16.4507 56.4946
545 18.3658 58.5859
324 19.6262 59.9622
720 21.0083 61.4713
888 22.0247 62.5812
571 22.2268 62.8019
839 22.3764 62.9652
443 22.4251 65.0015
658 22.4262 65.051
599 22.4272 65.092
735 22.4283 65.1388
99 22.4298 65.198
730 22.431 65.2494
789 22.4321 65.2947
451 22.433 65.3342
266 22.4342 65.3824
981 22.4351 65.4216
34 22.4362 65.4669
846 22.4374 65.517
645 22.4386 65.5666
950 22.4399 65.6229
635 22.4411 65.6698
21 22.442 65.7099
729 22.4429 65.7478
705 22.4439 65.789
507 22.445 65.8356
897 22.4462 65.8848
382 22.4474 65.9346
501 22.4487 65.9899
537 22.45 66.0448
591 22.4511 66.0894
604 22.4521 66.1334
233 22.453 66.1695
574 22.4541 66.2165
788 22.4551 66.2556
733 22.4561 66.2989
349 22.4572 66.3452
526 22.4584 66.3933
640 22.4593 66.4337
878 22.4605 66.4837
333 22.4615 66.5265
510 22.4621 66.5489
971 22.4628 66.5773
756 22.4634 66.6021
493 22.464 66.6293
901 22.4668 66.7442
79 22.4696 66.8617
359 22.4726 66.9908
965 22.4754 67.1077
267 22.478 67.216
903 22.4812 67.3488
927 22.4844 67.4802
308 22.4872 67.5994
59 22.4903 67.7274
601 22.4961 67.9716
957 22.5019 68.2122
329 22.5082 68.4767
954 22.5155 68.7827
946 22.5155 68.7827
587 22.5155 68.7827
327 22.5155 68.7827
132 22.5155 68.7827
924 22.5155 68.7827
479 22.5155 68.7827
137 22.5155 68.7827
361 22.5155 68.7827
429 22.5155 68.7827
162 22.5155 68.7827
400 22.5155 68.7827
600 22.5155 68.7827
390 22.5155 68.7827
689 22.5155 68.7827
772 16.563 69.3198
531 10.684 69.8502
657 10.684 69.8502
487 10.684 69.8502
427 10.684 69.8502
277 10.684 69.8502
879 10.684 69.8502
376 10.684 69.8502
796 10.684 69.8502
860 10.684 69.8502
346 10.684 69.8502
255 10.684 69.8502
517 10.684 69.8502
556 10.684 69.8502
272 10.684 69.8502
114 10.684 69.8502
207 10.684 69.8502
196 10.684 69.8502
825 10.684 69.8502
339 10.684 69.8502
275 10.684 69.8502
760 10.684 69.8502
551 10.684 69.8502
326 10.684 69.8502
948 10.684 69.8502
298 10.684 69.8502
338 10.684 69.8502
552 10.684 69.8502
703 10.684 69.8502
607 10.684 69.8502
726 10.684 69.8502
374 10.684 69.8502
119 10.684 69.8502
371 10.684 69.8502
764 10.684 69.8502
77 10.684 69.8502
482 10.684 69.8502
503 10.684 69.8502
168 10.684 69.8502
192 10.684 69.8502
680 10.684 69.8502
728 10.684 69.8502
347 10.684 69.8502
799 10.6824 69.8883
14 10.6806 69.9287
639 10.6788 69.971
457 10.6772 70.0106
502 10.6757 70.0449
3 10.6743 70.0779
381 10.6728 70.1139
966 10.6712 70.1509
398 10.6696 70.189
667 10.668 70.2256
130 10.6665 70.261
739 10.665 70.2975
524 10.6633 70.3357
445 10.6617 70.3751
991 10.66 70.4148
219 10.6586 70.4481
734 10.6571 70.4824
131 10.6556 70.5184
665 10.6539 70.5575
589 10.6524 70.5939
500 10.6504 70.6405
686 10.6487 70.6801
224 10.647 70.7204
113 10.6454 70.7587
701 10.6438 70.795
81 10.6424 70.828
717 10.641 70.8623
939 10.6394 70.8986
433 10.6376 70.9412
234 10.6362 70.9737
970 10.6255 71.2266
411 10.6142 71.4909
630 10.6014 71.7924
220 10.5879 72.1118
784 10.5761 72.3876
747 10.5613 72.7365
694 10.5019 74.1337
97 10.4293 75.8432
554 10.2931 79.0475
890 10.1858 81.5724
200 10.0333 85.1621
405 10.0274 85.2992
39 10.0224 85.4177
637 10.0183 85.5131
50 10.0143 85.6088
75 10.0103 85.7032
199 10.0054 85.818
1 10.0011 85.9196
792 9.99699 86.0154
301 9.99261 86.1186
426 9.98855 86.2142
953 9.984 86.3211
240 9.98001 86.415
560 9.97563 86.5182
678 9.97034 86.6426
914 9.96592 86.7465
830 9.96198 86.8393
546 9.95697 86.9571
973 9.95125 87.0918
364 9.94643 87.2052
447 9.94158 87.3193
568 9.93689 87.4296
90 9.93262 87.5302
827 9.92679 87.6673
699 9.92245 87.7696
547 9.91791 87.8763
570 9.9134 87.9824
969 9.908 88.1095
247 9.90325 88.2212
300 9.89862 88.3301
982 9.89377 88.4443
48 9.88902 88.5562
815 9.88352 88.6856
236 9.87784 88.8191
557 9.87311 88.9305
169 9.86841 89.0411
718 9.86323 89.1631
213 9.85771 89.293
263 9.85659 89.3193
436 9.85549 89.3451
955 9.85425 89.3742
446 9.85279 89.4086
988 9.85134 89.4428
695 9.85134 89.4428
944 9.85134 89.4428
138 9.9332 89.4401
719 10.0101 89.4375
693 10.0939 89.4348
316 10.1813 89.4319
386 10.2682 89.429
495 10.352 89.4263
95 10.4276 89.4238
203 10.5021 89.4213
399 10.5855 89.4186
304 10.6625 89.416
435 10.7382 89.4135
628 10.8147 89.411
31 10.8946 89.4084
178 10.9692 89.4059
803 11.0544 89.4031
380 11.1404 89.4003
108 11.2262 89.3975
736 11.3111 89.3947
585 11.396 89.3919
711 11.4915 89.3887
615 11.5778 89.3859
892 11.6764 89.3826
444 11.7698 89.3795
868 11.8621 89.3765
401 11.9592 89.3733
153 12.0622 89.3699
759 12.1632 89.3666
106 12.3135 89.3616
905 12.4758 89.3563
780 12.6517 89.3505
321 12.815 89.3451
325 13.9054 89.3092
750 15.0937 89.27
223 24.6418 88.9554
16 24.6663 88.9546
442 24.6857 88.954
183 24.71 88.9532
608 24.7353 88.9523
431 24.7581 88.9516
761 24.7791 88.9509
13 24.7992 88.9502
776 24.8223 88.9495
697 24.8493 88.9486
15 24.871 88.9479
256 24.8992 88.9469
28 24.9201 88.9462
651 24.9413 88.9455
115 24.9626 88.9448
227 24.9859 88.9441
714 25.0141 88.9432
41 25.042 88.9422
184 25.0666 88.9414
550 25.0939 88.9405
244 25.1185 88.9397
753 25.1441 88.9389
886 25.1721 88.9379
93 25.1989 88.9371
306 25.2301 88.936
96 25.2628 88.935
2 25.2926 88.934
610 25.3172 88.9332
808 25.3438 88.9323
871 25.3676 88.9315
20 25.3958 88.9306
757 25.4223 88.9297
885 25.4476 88.9289
44 25.4724 88.9281
916 25.497 88.9272
17 25.5237 88.9264
441 25.5533 88.9254
833 25.5836 88.9244
418 25.6153 88.9234
631 25.6458 88.9223
773 25.6778 88.9213
638 25.7066 88.9203
491 25.7315 88.9195
786 25.7636 88.9185
392 25.7956 88.9174
271 25.8236 88.9165
141 25.8502 88.9156
490 25.8754 88.9148
167 25.9037 88.9139
428 25.932 88.9129
470 25.9609 88.912
795 25.9876 88.9111
60 26.0129 88.9103
76 26.0364 88.9095
456 26.0594 88.9087
768 26.0852 88.9079
249 26.1115 88.907
430 26.139 88.9061
469 26.1647 88.9053
88 26.1913 88.9044
593 26.2195 88.9035
521 26.2488 88.9025
712 26.2776 88.9015
409 26.3097 88.9005
36 26.34 88.8995
696 26.3687 88.8985
424 26.3962 88.8976
58 26.4235 88.8967
288 26.4519 88.8958
578 26.4809 88.8948
368 26.5077 88.894
933 26.5348 88.8931
360 26.5644 88.8921
462 26.5955 88.8911
454 30.1351 88.7745
53 31.0259 88.7561
738 31.4504 88.7474
72 31.8375 88.7394
974 32.2131 88.7317
120 32.2131 88.7317
613 32.2131 88.7317
806 32.2131 88.7317
548 32.2131 88.7317
129 32.2131 88.7317
73 32.2131 88.7317
253 32.2131 88.7317
437 32.2131 88.7317
92 32.2131 88.7317
649 32.2131 88.7317
231 32.2131 88.7317
146 32.2131 88.7317
611 32.2131 88.7317
960 32.4562 88.6672
859 32.7161 88.5984
189 33.0373 88.5133
752 33.3172 88.4391
206 33.614 88.3604
292 33.8587 88.2956
561 34.0994 88.2318
230 34.3076 88.1766
707 34.521 88.1201
449 34.7424 88.0614
296 34.9334 88.0108
672 35.1486 87.9538
919 35.3796 87.8925
662 35.612 87.831
872 35.6736 87.8335
389 35.7413 87.8363
252 35.799 87.8387
539 35.8617 87.8413
309 35.9198 87.8438
22 35.9761 87.8461
124 36.032 87.8484
564 36.0978 87.8512
172 36.1513 87.8534
265 36.2065 87.8557
181 36.2516 87.8576
241 36.2943 87.8594
614 36.3386 87.8612
569 36.384 87.8631
239 36.4305 87.865
305 36.4719 87.8667
918 36.5079 87.8682
394 36.5503 87.87
448 36.5926 87.8718
877 36.6346 87.8735
294 36.6773 87.8753
215 36.7178 87.877
416 36.7583 87.8787
766 36.7982 87.8803
226 36.834 87.8818
139 36.8903 87.8841
270 37.6789 87.9035
807 38.634 87.927
150 39.4962 87.9481
840 41.0778 87.987
5 42.757 88.0282
947 43.3926 88.0438
851 43.8942 88.0562
375 44.2659 88.0653
559 44.6463 88.0746
165 45.0303 88.0841
343 45.4177 88.0936
961 45.8072 88.1031
940 46.0054 88.108
866 46.1877 88.1125
874 46.3802 88.1172
755 47.4305 88.143
280 48.7197 88.1747
62 49.6873 88.1984
882 50.6051 88.221
563 51.0165 88.2311
911 51.6479 88.2466
369 51.735 88.2487
320 51.8183 88.2507
406 51.9099 88.253
202 52.0119 88.2555
575 52.105 88.2578
690 52.1947 88.26
992 52.2863 88.2622
229 52.3118 88.2629
861 52.3382 88.2635
567 52.3693 88.2643
895 52.3939 88.2649
317 52.4244 88.2656
782 52.4493 88.2662
618 52.4753 88.2669
659 52.4996 88.2675
826 52.5278 88.2682
516 52.5576 88.2689
511 52.5879 88.2696
754 52.6183 88.2704
532 52.6465 88.2711
816 52.6771 88.2718
713 52.7028 88.2725
335 52.7328 88.2732
415 52.7613 88.2739
737 52.7903 88.2746
814 52.8144 88.2752
179 52.8425 88.2759
624 52.8703 88.2766
82 52.8941 88.2772
562 52.9218 88.2778
248 52.9725 88.2791
313 53.0255 88.2804
952 53.0742 88.2816
763 53.1188 88.2827
530 53.1707 88.284
541 53.2222 88.2852
746 53.2816 88.2867
434 53.3441 88.2882
140 53.4047 88.2897
23 53.467 88.2912
477 53.5325 88.2928
984 53.5876 88.2942
118 53.6366 88.2954
193 53.684 88.2966
245 53.7434 88.298
887 53.8054 88.2995
931 53.8668 88.301
395 53.9201 88.3024
319 53.9647 88.3034
12 54.0195 88.3048
105 54.0683 88.306
636 54.2405 88.3102
259 54.4326 88.3149
344 54.615 88.3194
801 54.7981 88.3239
774 54.957 88.3278
856 55.1315 88.3321
896 55.2909 88.336
408 55.4496 88.3399
177 55.6374 88.3445
980 55.7897 88.3483
642 55.9363 88.3519
126 56.1125 88.3562
185 56.315 88.3612
536 56.4789 88.3652
40 56.6698 88.3699
584 56.8654 88.3747
367 57.0442 88.3791
880 57.2285 88.3836
464 57.4367 88.3887
156 57.596 88.3926
671 58.9766 88.4265
378 60.8992 88.4737
823 62.6574 88.5169
465 63.9537 88.5487
42 64.9786 88.5739
273 66.009 88.5992
285 67.1405 88.6269
818 68.1462 88.6516
18 68.4981 88.6603
666 68.9583 88.6716
158 69.3836 88.682
297 69.7954 88.6921
620 70.2604 88.7035
893 70.8196 88.7173
864 71.1433 88.7252
580 71.4486 88.7327
854 71.6841 88.7385
775 71.9139 88.7441
481 72.1509 88.75
742 72.4154 88.7565
83 72.6506 88.7622
544 72.8977 88.7683
417 73.1804 88.7752
353 73.434 88.7815
817 73.6953 88.7879
648 74.1105 88.7981
318 74.4152 88.8056
149 74.7534 88.8139
622 75.178 88.8243
251 75.7133 88.8374
983 76.3706 88.8536
52 76.3706 88.8536
322 76.4423 88.8491
135 76.4998 88.8455
937 76.5525 88.8422
494 76.6164 88.8382
813 76.6757 88.8344
845 76.737 88.8306
820 76.8074 88.8262
71 76.8661 88.8225
159 77.6028 88.7763
145 78.3154 88.7316
928 80.4413 88.5984
889 82.1182 86.1427
740 83.3286 84.3701
25 84.4116 82.7841
450 85.0172 81.8973
685 85.1926 81.6405
204 85.3785 81.3681
660 85.557 81.1068
332 85.6965 80.9025
528 85.8182 80.7242
473 85.9312 80.5588
311 86.0708 80.3544
725 86.1879 80.1828
372 86.3441 79.9541
385 85.6182 73.5268
977 85.2804 70.5355
506 85.2334 70.119
579 85.2064 69.8801
850 83.8103 57.5179
497 83.8041 57.463
170 83.7851 57.2944
334 83.7673 57.1369
201 83.7489 56.9746
383 83.7271 56.7813
242 83.6948 56.4953
425 83.6633 56.2162
951 83.6374 55.9869
941 83.6134 55.7746
684 83.5298 55.0339
107 83.4274 54.1275
884 83.3159 53.1403
136 83.1999 52.1134
967 83.0845 51.0911
835 82.9635 50.0194
387 82.9056 49.507
195 82.8368 48.898
920 82.7724 48.3272
609 82.7012 47.6972
274 82.6459 47.2074
745 82.5978 46.782
592 82.5609 46.4549
520 82.5225 46.1148
670 82.4975 45.8931
29 82.473 45.6767
553 82.4498 45.4711
232 82.2441 43.6501
838 82.2674 43.4996
932 82.2947 43.3224
198 82.3255 43.1233
466 82.7415 40.4297
33 83.5046 35.488
590 84.0835 31.7394
98 84.7641 27.3326
979 86.0917 18.7356
260 86.2684 17.5916
627 86.2684 17.5916
243 86.2684 17.5916
345 86.2684 17.5916
483 86.2684 17.5916
