0,260,979,483,345,243,627,98,33,466,590,838,592,932,232,670,520,967,745,274,609,920,195,387,835,583,29,553,684,506,977,198,136,884,107,941,497,951,425,242,383,201,334,170,579,450,725,311,385,372,473,740,889,528,25,332,660,204,685,928,71,135,145,159,322,820,845,813,494,937,620,983,52,18,817,273,42,465,823,378,818,297,158,666,893,251,622,149,318,648,285,353,417,544,83,742,481,775,854,580,864,800,464,746,434,140,305,23,477,984,118,193,245,887,931,395,319,12,105,636,259,541,774,856,896,408,177,980,642,126,185,536,40,584,367,880,344,801,911,369,320,406,202,575,690,992,229,861,567,895,317,782,618,659,826,516,511,754,532,816,713,335,415,737,814,179,624,82,562,248,313,952,563,882,851,375,559,165,343,181,961,940,866,877,766,241,5,280,62,947,874,530,437,156,755,614,139,773,270,807,448,150,124,226,172,252,539,309,265,569,22,215,223,919,389,840,738,294,72,53,649,672,613,763,449,707,230,561,292,206,96,189,416,974,752,548,239,92,394,564,129,918,960,806,360,231,120,253,73,859,521,58,424,696,36,409,638,712,430,611,462,76,456,768,249,550,697,115,470,141,288,786,761,296,593,795,146,608,695,442,651,28,256,631,441,714,227,15,418,244,184,428,167,490,776,431,916,44,885,757,20,871,808,16,610,2,306,93,886,60,13,368,491,933,753,578,41,17,392,271,833,944,178,48,803,380,108,736,585,711,615,892,444,868,401,153,759,106,905,780,321,325,169,39,637,678,914,236,815,199,557,1,792,405,50,969,247,446,300,982,560,718,955,301,988,138,719,693,316,386,495,95,203,399,304,435,628,827,750,364,263,469,183,213,240,546,973,547,75,447,568,699,570,426,953,90,554,200,88,433,436,31,830,686,14,639,234,114,272,556,517,255,346,220,784,717,939,860,796,376,479,879,411,277,427,487,657,665,131,734,747,219,991,445,81,524,739,130,667,589,398,890,966,381,207,113,482,825,503,970,224,168,192,680,162,97,551,3,339,552,703,607,726,924,361,374,119,371,728,531,630,275,196,347,701,799,326,338,764,600,948,500,400,457,502,77,694,298,601,872,333,635,901,903,735,79,267,390,729,137,443,689,604,59,662,971,705,788,733,349,946,493,99,730,451,266,359,720,21,537,599,329,954,950,878,507,965,640,658,501,454,571,957,846,591,574,308,526,956,789,888,132,897,545,510,981,772,927,587,327,324,645,233,756,382,429,839,34,279,616,57,841,228,771,925,805,949,122,391,542,708,166,174,214,565,677,909,154,858,341,422,760,312,691,663,633,336,990,142,863,938,936,731,698,797,652,496,527,116,534,476,157,423,463,849,128,384,47,749,100,758,489,770,212,182,283,218,505,972,499,330,148,373,303,222,403,908,123,352,65,10,205,32,46,78,655,125,328,4,794,268,455,299,514,121,87,710,898,86,985,836,572,74,829,958,943,700,133,963,439,899,643,702,629,682,258,331,641,588,661,673,722,187,812,646,881,674,254,211,366,362,412,348,741,902,402,474,8,488,61,883,709,602,284,915,363,246,653,669,310,287,407,573,64,351,704,822,111,337,518,934,307,626,549,787,26,421,467,354,289,824,261,221,160,191,834,486,869,586,278,935,250,379,257,612,891,664,11,811,508,413,688,862,913,778,748,269,529,512,38,452,566,790,388,679,7,525,706,535,414,155,438,397,603,723,180,543,49,692,848,917,989,151,475,461,356,876,783,147,302,472,929,37,237,853,342,687,194,522,619,89,922,480,171,127,945,188,235,291,104,798,210,912,282,484,676,498,91,779,80,558,683,910,576,540,533,286,715,225,804,596,743,809,404,370,577,459,30,724,632,617,350,582,468,101,793,281,597,163,365,208,762,894,921,976,94,802,968,410,769,134,216,144,471,621,56,765,732,857,523,453,986,855,513,54,175,923,264,186,671,538,900,791,837,432,767,485,625,51,727,654,656,440,605,340,393,110,152,668,847,173,290,293,509,238,867,68,478,964,962,35,84,852,190,904,595,102,987,515,109,647,460,907,832,420,315,942,975,161,112,9,810,744,67,650,850,143,843,492,63,262,623,70,875,606,842,217,675,594,276,69,930,85,396,926,43,314,906,716,844,821,357,870,117,519,27,197,458,831,323,634,377,781,978,751,55,644,45,6,66,681,358,865,828,19,555,355,873,785,164,209,419,504,103,721,959,176,24,777,581,295,819,598,
value : 399.059 running time : 1953.156884
0 80 20
260 86.2684 17.5916
979 86.2684 17.5916
483 86.2684 17.5916
345 86.1502 18.3567
243 86.0375 19.0856
627 85.7305 21.0732
98 84.7251 27.5859
33 83.926 32.7606
466 83.1114 38.0355
590 82.8491 39.7328
838 82.4543 42.2891
592 82.3786 42.7791
932 82.3031 43.2669
232 82.2442 43.6483
670 82.2938 44.0854
520 82.3428 44.5177
967 82.4053 45.0691
745 82.4545 45.5028
274 82.5145 46.0319
609 82.5813 46.6215
920 82.6607 47.3222
195 82.732 47.9505
387 82.8068 48.6108
835 82.8693 49.1616
583 82.9577 49.9419
29 83.0104 50.4063
553 83.1055 51.2454
684 83.2199 52.2544
506 83.3061 53.0152
977 83.3799 53.6659
198 83.4447 54.237
136 83.5103 54.8156
884 83.5814 55.443
107 83.6544 56.0869
941 83.726 56.7179
497 83.8545 57.8515
951 83.885 58.1204
425 83.9186 58.4164
242 84.0561 59.6294
383 84.2076 60.9664
201 84.3283 62.0308
334 84.4402 63.0175
170 84.5786 64.2386
579 85.4074 71.5589
450 85.7479 74.5636
725 86.1277 77.9159
311 86.1623 78.2211
385 86.1983 78.5385
372 86.3542 79.9138
473 86.0857 80.3009
740 85.8723 80.6086
889 85.6729 80.8961
528 85.5203 81.1161
25 85.3459 81.3675
332 85.1767 81.6115
660 84.9265 81.9723
204 84.2316 82.9741
685 83.1143 84.5851
928 80.2562 88.7059
71 76.4318 89.1112
135 76.3535 89.1195
145 76.2627 89.1291
159 76.1897 89.1368
322 76.1184 89.1444
820 76.0276 89.154
845 75.9269 89.1647
813 75.8431 89.1736
494 75.7614 89.1822
937 75.6701 89.1919
620 75.5887 89.2006
983 75.5887 89.2006
52 73.5058 89.0249
18 70.9946 88.8132
817 70.9946 88.8132
273 70.9946 88.8132
42 70.9946 88.8132
465 70.9946 88.8132
823 70.9946 88.8132
378 70.9946 88.8132
818 70.9946 88.8132
297 70.9946 88.8132
158 70.9946 88.8132
666 70.9946 88.8132
893 70.9946 88.8132
251 70.9946 88.8132
622 70.9946 88.8132
149 70.9946 88.8132
318 70.9946 88.8132
648 70.9946 88.8132
285 70.8896 88.8111
353 70.7886 88.8091
417 70.6872 88.8071
544 70.5847 88.8051
83 70.4829 88.8031
742 70.3878 88.8012
481 70.2798 88.7991
775 70.1839 88.7972
854 70.0948 88.7955
580 69.9951 88.7935
864 67.0962 88.7367
800 55.9253 88.5172
464 55.8132 88.515
746 55.6717 88.5122
434 55.5452 88.5097
140 55.4326 88.5075
305 55.326 88.5054
23 55.2343 88.5036
477 55.1459 88.5019
984 55.0421 88.4998
118 54.9255 88.4975
193 54.8049 88.4951
245 54.7141 88.4934
887 54.6268 88.4916
931 54.539 88.4899
395 54.4386 88.4879
319 54.3211 88.4856
12 54.2279 88.4838
105 54.1301 88.4819
636 54.0477 88.4803
259 53.974 88.4788
541 53.8966 88.4773
774 53.8349 88.4761
856 53.7754 88.4749
896 53.707 88.4736
408 53.6383 88.4722
177 53.5802 88.4711
980 53.506 88.4696
642 53.4304 88.4681
126 53.3651 88.4668
185 53.3088 88.4657
536 53.2343 88.4643
40 53.1708 88.463
584 53.1087 88.4618
367 53.0389 88.4604
880 52.9702 88.4591
344 52.9065 88.4578
801 52.8447 88.4566
911 52.7731 88.4552
369 52.6975 88.4537
320 52.6158 88.4521
406 52.5464 88.4507
202 52.4852 88.4495
575 52.4193 88.4482
690 52.3499 88.4469
992 52.2835 88.4456
229 52.1697 88.4433
861 52.0473 88.4409
567 51.9438 88.4389
895 51.8137 88.4363
317 51.7066 88.4342
782 51.5674 88.4315
618 51.441 88.429
659 51.2975 88.4262
826 51.1757 88.4238
516 51.0671 88.4216
511 50.9566 88.4195
754 50.8425 88.4172
532 50.7202 88.4148
816 50.6095 88.4126
713 50.4731 88.41
335 50.3613 88.4078
415 50.2386 88.4054
737 50.1193 88.403
814 49.9704 88.4001
179 49.8445 88.3976
624 49.7172 88.3951
82 49.5738 88.3923
562 49.4438 88.3897
248 49.328 88.3874
313 49.2262 88.3854
952 49.1061 88.3831
563 48.9723 88.3805
882 48.8644 88.3783
851 48.4146 88.3695
375 47.9005 88.3594
559 47.4395 88.3503
165 47.0203 88.3421
343 46.6088 88.334
181 46.1878 88.3258
961 46.0032 88.3221
940 45.7912 88.318
866 45.5288 88.3128
877 45.2714 88.3078
766 45.05 88.3034
241 44.8497 88.2995
5 44.6672 88.2959
280 44.4935 88.2925
62 44.0778 88.2843
947 43.5934 88.2748
874 43.0193 88.2636
530 42.4584 88.2526
437 41.8217 88.2401
156 41.2446 88.2287
755 40.5622 88.2153
614 39.6816 88.198
139 38.8697 88.1821
773 38.5204 88.1752
270 38.1848 88.1686
807 37.8444 88.162
448 37.4625 88.1545
150 37.1197 88.1477
124 36.8218 88.1419
226 36.6131 88.1378
172 36.584 88.1392
252 36.5548 88.1406
539 36.5301 88.1418
309 36.5022 88.1432
265 36.473 88.1446
569 36.4443 88.146
22 36.4152 88.1474
215 36.3878 88.1488
223 36.3559 88.1503
919 36.3283 88.1517
389 36.3034 88.1529
840 36.2745 88.1543
738 36.2455 88.1557
294 36.2185 88.157
72 36.1873 88.1585
53 36.1582 88.16
649 36.1282 88.1614
672 36.0963 88.163
613 36.0697 88.1643
763 36.0444 88.1655
449 36.0147 88.167
707 35.9834 88.1685
230 35.9549 88.1699
561 35.9282 88.1712
292 35.8983 88.1726
206 35.8691 88.1741
96 35.8349 88.1757
189 35.8075 88.1771
416 35.7804 88.1784
974 35.7511 88.1798
752 35.7211 88.1813
548 35.6934 88.1826
239 35.6667 88.1839
92 35.635 88.1855
394 35.608 88.1868
564 35.581 88.1881
129 34.3081 88.2502
918 32.8677 88.3204
960 31.4564 88.3892
806 30.1343 88.4537
360 28.7613 88.5206
231 28.6172 88.5277
120 28.4488 88.5359
253 28.2722 88.5445
73 28.0981 88.553
859 27.9148 88.5619
521 27.74 88.5704
58 27.5919 88.5777
424 27.4585 88.5842
696 27.3337 88.5902
36 27.2065 88.5964
409 27.0764 88.6028
638 26.9465 88.6091
712 26.7935 88.6166
430 26.6697 88.6226
611 26.5387 88.629
462 26.3895 88.6363
76 26.3335 88.639
456 26.2695 88.6421
768 26.208 88.6451
249 26.1482 88.648
550 26.0916 88.6508
697 26.033 88.6536
115 25.9733 88.6566
470 25.9261 88.6589
141 25.8662 88.6618
288 25.7969 88.6652
786 25.7398 88.6679
761 25.6761 88.671
296 25.6168 88.6739
593 25.5522 88.6771
795 25.4987 88.6797
146 25.4373 88.6827
608 25.3555 88.6867
695 25.281 88.6903
442 25.214 88.6936
651 25.1621 88.6961
28 25.1106 88.6986
256 25.0567 88.7012
631 24.9894 88.7045
441 24.9182 88.708
714 24.8512 88.7113
227 24.7853 88.7145
15 24.7527 88.7161
418 24.7251 88.7174
244 24.6927 88.719
184 24.6625 88.7205
428 24.6354 88.7218
167 24.6039 88.7233
490 24.5679 88.7251
776 24.5299 88.7269
431 24.4982 88.7285
916 24.4652 88.7301
44 24.4368 88.7315
885 24.4076 88.7329
757 24.378 88.7344
20 24.3483 88.7358
871 24.3148 88.7374
808 24.2875 88.7388
16 24.2569 88.7403
610 24.224 88.7419
2 24.1931 88.7434
306 24.1544 88.7453
93 24.117 88.7471
886 24.0865 88.7486
60 24.0577 88.75
13 24.0216 88.7517
368 23.9901 88.7533
491 23.9581 88.7548
933 23.9259 88.7564
753 23.8962 88.7579
578 23.8692 88.7592
41 23.8396 88.7606
17 23.8073 88.7622
392 23.7819 88.7634
271 23.5584 88.7743
833 19.104 88.9914
944 9.85146 89.4426
178 9.85146 89.4426
48 9.85145 89.4426
803 9.85145 89.4426
380 9.85144 89.4426
108 9.85143 89.4426
736 9.85143 89.4426
585 9.85142 89.4426
711 9.85142 89.4426
615 9.85141 89.4426
892 9.85141 89.4426
444 9.8514 89.4426
868 9.85139 89.4426
401 9.85139 89.4426
153 9.85138 89.4426
759 9.85138 89.4426
106 9.85137 89.4426
905 9.85137 89.4426
780 9.85136 89.4426
321 9.85136 89.4426
325 9.85135 89.4426
169 9.85134 89.4426
39 9.85134 89.4426
637 9.85133 89.4426
678 9.85133 89.4426
914 9.85132 89.4426
236 9.85132 89.4426
815 9.85131 89.4426
199 9.8513 89.4426
557 9.8513 89.4426
1 9.85129 89.4426
792 9.85129 89.4426
405 9.85128 89.4426
50 9.85128 89.4426
969 9.85127 89.4426
247 9.85126 89.4426
446 9.85126 89.4426
300 9.85125 89.4426
982 9.85124 89.4426
560 9.85124 89.4426
718 9.85123 89.4426
955 9.85123 89.4426
301 9.85122 89.4426
988 9.85121 89.4426
138 9.85168 89.4317
719 9.85216 89.4205
693 9.8526 89.41
316 9.85307 89.3992
386 9.85351 89.3889
495 9.85398 89.3779
95 9.85441 89.3677
203 9.85484 89.3576
399 9.85523 89.3483
304 9.85559 89.3399
435 9.85596 89.3314
628 9.85641 89.3207
827 9.85678 89.3121
750 9.8572 89.3021
364 9.85769 89.2907
263 9.85816 89.2796
469 9.85864 89.2684
183 9.85902 89.2593
213 9.85937 89.2512
240 9.87426 88.9006
546 9.88694 88.6017
973 9.89813 88.3375
547 9.91098 88.0346
75 9.92399 87.728
447 9.9347 87.4752
568 9.94613 87.2056
699 9.95875 86.9083
570 9.97149 86.6083
426 9.98303 86.3359
953 9.99392 86.0792
90 10.0063 85.7881
554 10.0172 85.5305
200 10.0262 85.3169
88 10.101 83.5608
433 10.1703 81.9314
436 10.2347 80.4161
31 10.3009 78.8581
830 10.3705 77.2226
686 10.4496 75.3643
14 10.5183 73.749
639 10.5748 72.4185
234 10.6332 71.0451
114 10.634 71.0265
272 10.6347 71.0084
556 10.6355 70.9904
517 10.6364 70.9695
255 10.6372 70.9508
346 10.6379 70.9349
220 10.6386 70.9168
784 10.6396 70.8941
717 10.6404 70.875
939 10.6412 70.8569
860 10.6418 70.8421
796 10.6425 70.8252
376 10.6434 70.8043
479 10.6441 70.7877
879 10.645 70.767
411 10.6458 70.748
277 10.6466 70.7292
427 10.6474 70.7115
487 10.6481 70.6952
657 10.6489 70.6741
665 10.6499 70.6521
131 10.6508 70.6309
734 10.6516 70.611
747 10.6524 70.592
219 10.6532 70.575
991 10.6539 70.5583
445 10.6547 70.5388
81 10.6555 70.5206
524 10.6563 70.5014
739 10.6571 70.4821
130 10.6579 70.4632
667 10.6587 70.4441
589 10.6596 70.4243
398 10.6603 70.4079
890 10.661 70.3906
966 10.6619 70.3693
381 10.6627 70.3504
207 10.6634 70.3332
113 10.6641 70.3171
482 10.6649 70.2982
825 10.6656 70.2813
503 10.6665 70.2603
970 10.6674 70.2392
224 10.6682 70.2209
168 10.6689 70.2039
192 10.6699 70.1815
680 10.6707 70.1629
162 10.6715 70.1444
97 10.6723 70.1254
551 10.673 70.1079
3 10.6739 70.0866
339 10.6746 70.0697
552 10.6756 70.0482
703 10.6765 70.0261
607 10.6772 70.0085
726 10.6779 69.9925
924 10.6787 69.9733
361 10.6795 69.9545
374 10.6804 69.9347
119 10.6813 69.9124
371 10.6822 69.891
728 10.683 69.8725
531 10.684 69.8502
630 10.684 69.8502
275 10.684 69.8502
196 10.684 69.8502
347 10.684 69.8502
701 10.8902 69.8312
799 11.0636 69.8153
326 11.2798 69.7954
338 11.4736 69.7776
764 11.6899 69.7577
600 11.8711 69.741
948 12.0184 69.7275
500 12.1864 69.712
400 12.3493 69.697
457 12.5058 69.6827
502 12.6822 69.6664
77 12.8356 69.6523
694 13.0137 69.6359
298 13.2519 69.614
601 18.8608 69.0987
872 24.5295 68.5778
333 24.552 68.5757
635 24.5719 68.5739
901 24.5911 68.5721
903 24.6122 68.5702
735 24.6322 68.5684
79 24.6543 68.5663
267 24.6779 68.5642
390 24.6997 68.5622
729 24.7201 68.5603
137 24.7428 68.5582
443 24.7634 68.5563
689 24.787 68.5541
604 24.8069 68.5523
59 24.825 68.5506
662 24.825 68.5506
971 24.8047 68.5005
705 24.7839 68.4492
788 24.7677 68.4093
733 24.7517 68.3697
349 24.7366 68.3324
946 24.7224 68.2974
493 24.7051 68.2548
99 24.6905 68.2186
730 24.6745 68.1791
451 24.6547 68.1302
266 24.6401 68.0943
359 24.6236 68.0535
720 24.6065 68.0114
21 24.5916 67.9744
537 24.5759 67.9356
599 24.5565 67.8879
329 24.5402 67.8477
954 24.5273 67.8158
950 24.4913 67.7267
878 24.455 67.6373
507 24.4122 67.5316
965 24.3787 67.4489
640 24.3441 67.3633
658 24.3161 67.2944
501 24.2829 67.2123
454 24.2516 67.135
571 24.2084 67.0284
957 24.1627 66.9156
846 24.1245 66.8213
591 24.0912 66.7391
574 24.0535 66.646
308 24.0119 66.5433
526 23.9708 66.4418
956 23.9233 66.3245
789 23.8927 66.249
888 23.8549 66.1555
132 23.809 66.0424
897 23.7641 65.9315
545 23.7214 65.8259
510 23.6887 65.7452
981 23.6587 65.6713
772 23.6308 65.6023
927 23.6049 65.5383
587 23.5747 65.4638
327 23.542 65.3832
324 23.5041 65.2896
645 23.476 65.2201
233 23.4431 65.1389
756 23.4135 65.0657
382 23.3863 64.9987
429 23.3592 64.9318
839 23.3078 64.8047
34 19.8224 60.8667
279 16.1352 56.7008
616 13.4029 53.6137
57 13.134 53.3098
841 12.8719 53.0137
228 12.6213 52.7306
771 12.4174 52.5003
925 12.2253 52.2832
805 12.006 52.0354
949 11.7854 51.7862
122 11.5798 51.5539
391 11.5883 51.4899
542 11.5954 51.4363
708 11.6021 51.3857
166 11.6098 51.3283
174 11.6183 51.2644
214 11.6254 51.211
565 11.6332 51.1521
677 11.6414 51.0903
909 11.6504 51.0226
154 11.659 50.9582
858 11.6668 50.8992
341 11.6743 50.8429
422 11.6815 50.7891
760 11.6887 50.7348
312 11.6982 50.6629
691 11.7061 50.6035
663 11.7156 50.5325
633 11.7234 50.4738
336 11.7246 50.4316
990 11.7261 50.3822
142 11.7273 50.3392
863 11.7286 50.2962
938 11.7297 50.2562
936 11.731 50.2149
731 11.7323 50.1685
698 11.7336 50.1258
797 11.7349 50.081
652 11.7361 50.0404
496 11.7373 49.9988
527 11.7383 49.963
116 11.7396 49.92
534 11.741 49.8718
476 11.7424 49.8248
157 11.7435 49.7861
423 11.7448 49.7403
463 11.7459 49.7029
849 11.747 49.666
128 11.7585 49.2724
384 11.7692 48.904
47 11.7778 48.6105
749 11.7874 48.2821
100 11.7967 47.9641
758 11.8068 47.6185
489 11.8172 47.2622
770 11.8283 46.8814
212 11.8383 46.5363
182 11.8473 46.2312
283 11.8575 45.8808
218 11.8654 45.609
505 11.8778 45.1842
972 11.8909 44.7365
499 11.909 44.1157
330 11.9108 44.055
148 11.9123 44.0036
373 11.9138 43.9507
303 11.9154 43.8967
222 11.9171 43.8375
403 11.9187 43.7816
908 11.9204 43.7229
123 11.9424 42.9701
352 11.964 42.2258
65 11.9961 41.1255
10 12.018 40.3732
205 12.0395 39.6356
32 12.0419 39.5535
46 12.0442 39.474
78 12.0468 39.3872
655 12.0494 39.2979
125 12.0521 39.2063
328 12.0545 39.1238
4 12.1954 34.2905
794 12.219 33.4809
268 12.2338 32.9705
455 12.2482 32.4781
299 12.2583 32.1311
514 12.2674 31.8187
121 12.2763 31.511
87 12.2857 31.1894
710 12.2963 30.8246
898 12.3059 30.4946
86 12.3128 30.2593
985 12.3197 30.0217
836 12.3274 29.7575
572 12.335 29.4944
74 12.3422 29.2476
829 12.3485 29.0328
958 12.3555 28.7909
943 12.3736 28.1687
700 12.3916 27.5494
133 12.4442 25.7463
963 12.5027 23.7379
439 12.5643 21.6242
899 12.5879 20.813
643 12.6148 19.8904
702 12.627 19.4702
629 12.6391 19.0566
682 12.6472 18.7791
258 12.6548 18.5153
331 12.6644 18.188
641 12.6745 17.8385
588 12.6863 17.433
661 12.6969 17.0689
673 12.7086 16.6686
722 12.7225 16.19
187 12.7225 16.19
812 13.036 14.8046
646 13.0994 14.8081
881 13.1699 14.8119
674 13.2395 14.8156
254 13.3155 14.8197
211 13.3723 14.8228
366 13.4307 14.826
362 13.4834 14.8288
412 13.5444 14.8321
348 13.6146 14.8359
741 13.6825 14.8396
902 13.7574 14.8436
402 13.818 14.8469
474 13.882 14.8504
8 13.941 14.8536
488 13.9987 14.8567
61 14.0542 14.8597
883 24.894 15.4455
709 24.894 15.4455
602 24.894 15.4455
284 25.9561 15.3745
915 27.0413 15.3018
363 29.2234 15.1557
246 30.9295 15.0415
653 33.0097 14.9022
669 33.1145 14.8952
310 33.2438 14.8866
287 33.3625 14.8786
407 33.4749 14.8711
573 33.5864 14.8636
64 33.6911 14.8566
351 33.8142 14.8484
704 33.9406 14.8399
822 34.0615 14.8318
111 34.189 14.8232
337 34.3195 14.8145
518 34.4472 14.8059
934 34.8091 20.1577
307 34.9634 22.4374
626 35.1016 24.4796
549 35.2717 26.9945
787 35.2863 27.2097
26 35.3005 27.4187
421 35.3181 27.6786
467 35.3312 27.8735
354 35.344 28.0618
289 35.3576 28.2627
824 35.3711 28.4622
261 35.3857 28.678
221 35.401 28.9041
160 35.4168 29.1373
191 35.4325 29.3696
834 35.447 29.5832
486 35.4616 29.7991
869 35.4762 30.0151
586 35.49 30.2186
278 35.5043 30.4292
935 35.5187 30.6428
250 35.5309 30.8235
379 35.495 32.5247
257 35.449 34.7034
612 35.4056 36.7627
891 35.295 42.0005
664 35.295 42.0005
11 35.295 42.0006
811 35.295 42.0006
508 35.2949 42.0006
413 35.2949 42.0006
688 35.2949 42.0006
862 35.2949 42.0006
913 35.2949 42.0007
778 35.2949 42.0007
748 35.2949 42.0007
269 35.2949 42.0007
529 35.2949 42.0007
512 35.2949 42.0007
38 35.2949 42.0007
452 35.2949 42.0008
566 35.2949 42.0008
790 35.2949 42.0008
388 35.2949 42.0008
679 35.2949 42.0008
7 35.2949 42.0008
525 35.2949 42.0009
706 35.2949 42.0009
535 35.2949 42.0009
414 35.2949 42.0009
155 35.2949 42.0009
438 35.2949 42.0009
397 35.2949 42.001
603 35.2949 42.001
723 35.2949 42.001
180 35.2961 42.0039
543 35.297 42.0065
49 35.2981 42.0092
692 35.299 42.0116
848 35.3001 42.0145
917 35.301 42.017
989 35.302 42.0196
151 35.303 42.0221
475 35.3041 42.025
461 35.5256 42.6124
356 35.7004 43.0759
876 35.8724 43.5321
783 36.0431 43.9848
147 36.2031 44.4089
302 36.3656 44.8397
472 36.52 45.2493
929 36.6699 45.6466
37 36.6699 45.6466
237 36.8411 45.9806
853 36.9823 46.2561
342 37.2868 46.8503
687 37.5394 47.343
194 37.8502 47.9493
522 38.1509 48.5359
619 38.4367 49.0935
89 38.7732 49.75
922 39.0877 50.3636
480 39.371 50.9162
171 42.9381 57.8722
127 43.3111 58.5997
945 43.7234 59.4041
188 44.3754 60.6759
235 44.4812 60.9052
291 44.5683 61.0941
104 44.6563 61.2848
798 44.7473 61.4819
210 44.8314 61.6644
912 44.9387 61.8968
282 45.0581 62.1556
484 45.17 62.3982
676 45.2662 62.6066
498 45.3638 62.8182
91 45.4825 63.0754
779 45.5273 63.1725
80 45.5728 63.271
558 45.615 63.3627
683 45.6594 63.4587
910 45.7052 63.5581
576 45.7482 63.6512
540 45.7986 63.7605
533 45.8164 63.7991
286 45.8375 63.8447
715 45.8606 63.8948
225 45.8833 63.944
804 45.9031 63.9869
596 45.9245 64.0332
743 45.9454 64.0786
809 45.965 64.121
404 45.9882 64.1713
370 46.0068 64.2117
577 46.0296 64.2611
459 46.0537 64.3132
30 46.0767 64.3632
724 46.106 64.4266
632 46.3764 64.5104
617 46.6003 64.5797
350 46.7969 64.6406
582 47.0347 64.7143
468 47.0363 64.7147
101 47.0377 64.7152
793 47.0393 64.7157
281 47.0408 64.7161
597 47.0424 64.7166
163 47.0439 64.7171
365 47.0457 64.7177
208 47.0481 64.7184
762 47.0499 64.719
894 47.0513 64.7194
921 47.0531 64.7199
976 47.0531 64.7199
94 49.0918 65.0102
802 49.9821 65.1369
968 49.9822 65.1369
410 49.9822 65.1369
769 49.9823 65.1369
134 49.9823 65.1369
216 49.9824 65.1369
144 49.9824 65.1369
471 49.9824 65.1369
621 49.9825 65.1369
56 49.9825 65.1369
765 49.9988 65.1375
732 50.0179 65.1382
857 50.0374 65.139
523 50.0539 65.1396
453 50.0732 65.1403
986 50.0905 65.1409
855 50.1071 65.1416
513 50.1228 65.1421
54 50.1372 65.1427
175 50.154 65.1433
923 50.9774 65.1739
264 51.9201 65.2089
186 53.8046 65.279
671 57.6652 65.4229
538 59.8386 65.5038
900 61.8332 65.578
791 61.9567 65.5826
837 62.1262 65.5889
432 62.1489 65.5898
767 62.1737 65.5907
485 62.1984 65.5916
625 62.2239 65.5926
51 62.2553 65.5937
727 62.2831 65.5948
654 62.3093 65.5957
656 62.3331 65.5966
440 62.3552 65.5974
605 62.3804 65.5984
340 62.4088 65.5994
393 62.4369 65.6005
110 62.467 65.6016
152 62.4927 65.6026
668 62.5146 65.6034
847 62.5397 65.6043
173 62.5662 65.6053
290 62.593 65.6063
293 62.6152 65.6071
509 62.6421 65.6081
238 62.6684 65.6091
867 62.6973 65.6102
68 62.7217 65.6111
478 62.7461 65.612
964 62.7696 65.6129
962 62.799 65.614
35 62.8208 65.6148
84 62.8476 65.6158
852 62.8825 65.6171
190 62.8825 65.6171
904 62.8825 65.6171
595 62.8825 65.6171
102 62.8825 65.6171
987 62.8825 65.6171
515 62.8825 65.6171
109 62.8825 65.6171
647 62.8825 65.6171
460 62.8825 65.6171
907 62.8825 65.6171
832 62.8825 65.6171
420 62.8825 65.6171
315 62.8825 65.6171
942 62.8825 65.6171
975 62.8825 65.6171
161 62.8825 65.6171
112 62.8825 65.6171
9 62.8825 65.6171
810 62.8825 65.6171
744 62.8825 65.6171
67 62.5061 63.231
650 62.0755 60.5012
850 61.5653 57.2681
143 61.0695 54.1258
843 60.6634 51.5509
492 60.5328 50.7226
63 60.4208 50.0119
262 60.3456 49.5349
623 60.2684 49.0448
70 60.19 48.5477
875 60.1039 48.0014
606 60.0247 47.4987
842 59.9491 47.0188
217 59.8654 46.4878
675 59.7858 45.9824
594 59.7117 45.5126
276 59.6416 45.0676
69 59.6574 44.8735
930 59.6741 44.6678
85 59.6877 44.501
396 59.7052 44.2853
926 59.7265 44.0239
43 59.749 43.7469
314 59.77 43.4886
906 59.7885 43.2609
716 59.8081 43.0202
844 59.828 42.775
821 59.8476 42.535
357 59.8618 42.3605
870 59.8769 42.1737
117 59.892 41.9887
519 59.9094 41.7743
27 59.9882 40.8058
197 60.0429 40.1323
458 60.1071 39.3435
831 60.1706 38.5623
323 60.1914 38.3057
634 60.2152 38.0127
377 60.2401 37.707
781 60.2656 37.3936
978 60.2875 37.1246
751 60.3151 36.785
55 60.3399 36.48
644 60.3592 36.2417
45 60.3889 35.8764
6 60.419 35.506
66 60.4424 35.2183
681 60.4727 34.8461
358 60.5022 34.4837
865 60.5342 34.09
828 60.5601 33.7713
19 60.5865 33.4465
555 60.617 33.0717
355 60.6431 32.7503
873 60.6739 32.3715
785 60.6977 32.0794
164 60.7233 31.7642
209 60.7377 31.5866
419 61.8796 26.8335
504 64.8401 20.8197
103 67.6084 15.1959
721 68.0535 15.3685
959 68.4508 15.5226
176 68.8453 15.6756
24 69.2709 15.8406
777 69.6663 15.9939
581 70.154 16.1831
295 70.6954 16.393
819 71.2523 16.6089
598 74.405 17.8312
