0,345,979,627,483,243,260,520,590,33,98,609,274,195,553,29,387,656,466,745,670,951,242,850,334,920,926,835,232,583,592,967,136,425,941,497,383,684,332,107,838,932,506,198,385,884,170,977,372,660,204,685,450,25,528,311,889,473,983,928,622,494,580,742,854,322,820,740,648,285,666,135,159,353,158,318,893,725,52,395,145,818,417,775,813,845,464,83,149,481,992,864,177,42,823,937,620,544,297,477,931,465,273,251,817,245,335,229,567,185,895,575,737,179,313,690,259,618,319,746,344,202,434,406,320,851,642,369,816,415,530,984,140,408,896,814,861,280,856,774,636,584,754,532,511,367,887,826,516,193,40,961,880,23,62,940,118,980,12,911,952,541,624,317,882,239,802,649,877,738,139,5,156,763,564,165,874,840,755,559,561,807,92,265,146,82,866,309,305,105,539,659,536,375,389,548,172,947,343,562,713,206,437,129,53,766,230,215,241,189,448,181,231,752,292,72,707,449,96,808,394,416,569,974,613,294,150,271,614,270,672,226,248,22,918,806,651,919,697,16,578,960,871,256,368,470,428,593,973,93,886,776,761,244,141,521,456,249,442,424,696,36,409,712,714,430,611,462,120,773,418,360,469,288,768,631,786,638,757,441,44,885,916,13,15,115,933,17,610,753,491,550,296,183,41,20,306,2,253,76,73,167,859,28,392,795,223,60,227,490,833,50,557,304,106,982,750,58,546,780,892,615,325,637,48,240,695,401,380,628,988,75,39,815,321,570,905,944,247,585,213,693,316,386,759,495,95,203,88,547,153,827,399,446,300,301,955,444,138,108,736,792,426,678,718,711,200,199,868,447,953,969,1,803,405,263,568,236,914,719,699,364,435,554,178,830,433,560,431,608,429,184,398,500,400,169,90,255,667,686,556,272,224,119,376,890,551,374,347,131,728,966,219,298,639,503,192,81,14,436,680,361,796,479,630,531,31,381,747,694,371,517,991,524,739,130,114,77,726,825,799,703,445,234,607,734,665,97,275,411,970,487,948,552,860,338,939,589,427,717,482,784,207,457,277,879,162,3,657,502,346,701,196,132,903,113,252,333,124,220,954,689,635,501,872,443,21,720,574,266,308,493,897,604,137,601,404,600,168,339,291,662,359,99,329,729,599,957,571,705,950,382,730,981,878,888,789,971,349,946,526,658,537,924,640,965,735,927,507,454,772,233,645,267,756,587,326,839,912,79,901,34,451,390,510,846,733,788,591,545,327,59,324,764,708,797,616,841,663,691,925,972,505,218,142,423,463,936,908,849,122,938,228,391,698,174,212,652,760,542,154,57,990,527,677,565,214,909,47,182,166,128,116,956,422,749,496,341,157,476,336,534,303,279,352,858,731,312,222,805,863,771,655,633,373,87,499,758,489,770,100,148,10,949,123,46,283,330,328,700,205,898,673,661,125,268,710,985,794,943,86,836,829,572,74,384,78,602,32,65,4,133,958,963,299,514,258,331,121,643,455,588,646,682,899,187,474,881,702,812,362,412,348,741,674,902,402,8,488,366,61,641,629,722,254,211,351,111,883,407,64,337,310,822,573,246,363,653,284,626,518,934,439,669,287,704,354,586,307,289,915,278,160,26,486,221,467,709,379,664,612,834,421,261,191,869,787,853,824,250,935,687,692,706,549,38,257,403,603,913,302,151,862,535,480,525,37,522,414,619,475,397,543,811,917,438,452,790,566,783,688,512,529,269,748,508,155,989,11,180,413,723,237,388,876,679,7,891,194,89,147,778,461,848,49,356,69,342,945,276,472,597,577,410,732,929,809,370,264,621,923,54,127,104,101,793,186,210,743,922,471,625,281,468,459,533,523,188,498,262,843,30,964,161,791,175,894,134,171,804,617,208,85,715,810,84,558,484,163,683,35,632,779,453,94,724,910,225,56,540,800,365,80,855,216,282,676,596,576,976,968,513,986,769,109,857,126,91,112,765,144,350,798,582,235,782,563,921,378,515,762,509,650,67,538,440,671,832,18,801,579,904,71,987,767,190,837,900,293,867,478,605,654,595,290,460,852,238,152,340,975,668,68,420,942,201,51,727,744,962,173,102,315,9,110,847,647,432,907,393,286,492,842,623,485,70,117,143,396,870,519,323,634,675,606,217,357,844,377,358,63,197,644,209,716,27,594,66,45,828,19,751,978,875,906,43,821,419,781,959,164,873,819,55,865,681,355,831,930,458,314,555,785,6,24,598,721,295,581,777,504,176,103,
value : 410.297 running time : 1263.851182
0 80 20
345 83.7378 18.5637
979 84.7371 18.1799
627 85.655 17.8272
483 86.2684 17.5916
243 86.2684 17.5916
260 86.2684 17.5916
520 84.2155 26.6879
590 83.7843 28.5967
33 83.4364 30.1371
98 83.1172 31.5502
609 81.6656 37.9793
274 81.0603 40.659
195 80.4405 43.4033
553 79.9474 45.5863
29 79.6734 46.7993
387 79.3561 48.204
656 79.0989 49.3427
466 79.0989 49.3427
745 79.0989 49.3427
670 79.0989 49.3427
951 79.0989 49.3427
242 79.0989 49.3427
850 79.0989 49.3427
334 79.0989 49.3427
920 79.0989 49.3427
926 79.0989 49.3427
835 79.2205 49.6166
232 79.3934 50.0061
583 79.8557 51.0474
592 80.2658 51.9714
967 80.7922 53.1572
136 81.3265 54.3606
425 81.8523 55.5452
941 82.6037 57.2377
497 84.1936 60.8181
383 84.2228 61.0796
684 84.2482 61.3079
332 84.2752 61.5498
107 84.2956 61.7331
838 84.3188 61.9408
932 84.3447 62.1734
506 84.3962 62.6357
198 84.4459 63.0813
385 84.5072 63.6317
884 84.5529 64.041
170 84.6408 64.8301
977 84.9689 67.7743
372 86.3299 80.012
660 86.0967 80.3621
204 85.8391 80.7487
685 85.5898 81.123
450 85.3811 81.4363
25 85.0122 81.99
528 84.6631 82.514
311 84.2338 83.1584
889 83.0725 84.9017
473 81.9871 86.5308
983 80.8379 88.2559
928 80.7077 88.4513
622 78.2086 88.4523
494 77.8578 88.4524
580 77.4999 88.4526
742 77.2547 88.4527
854 77.0078 88.4528
322 76.7919 88.4528
820 76.5182 88.4529
740 76.2504 88.453
648 75.9517 88.4531
285 75.6217 88.4533
666 75.3416 88.4534
135 75.0778 88.4535
159 74.6123 88.4536
353 74.1022 88.4538
158 73.6299 88.454
318 73.1811 88.4542
893 72.785 88.4543
725 72.3041 88.4545
52 71.5401 88.4548
395 70.9327 88.4551
145 70.6367 88.4552
818 70.3581 88.4553
417 70.0388 88.4554
775 69.6811 88.4555
813 69.3227 88.4557
845 68.9418 88.4558
464 68.5723 88.456
83 68.2481 88.4561
149 67.8902 88.4562
481 67.519 88.4563
992 67.1324 88.4565
864 66.8022 88.4566
177 66.3635 88.4568
42 65.9844 88.4569
823 65.6216 88.4571
937 65.2481 88.4572
620 64.8426 88.4574
544 64.431 88.4575
297 63.9999 88.4577
477 63.5641 88.4578
931 63.1445 88.458
465 62.7578 88.4581
273 62.314 88.4583
251 61.8852 88.4585
817 61.0049 88.4588
245 60.0236 88.4592
335 59.2834 88.4595
229 58.5987 88.4597
567 57.9291 88.46
185 57.1743 88.4603
895 56.3463 88.4606
575 56.2399 88.4606
737 56.1301 88.4607
179 56.007 88.4607
313 55.8985 88.4608
690 55.7883 88.4608
259 55.6733 88.4608
618 55.5577 88.4609
319 55.4361 88.4609
746 55.3364 88.461
344 55.2414 88.461
202 55.1422 88.461
434 55.0329 88.4611
406 54.9258 88.4611
320 54.8236 88.4611
851 54.7286 88.4612
642 54.6285 88.4612
369 54.5403 88.4612
816 54.4465 88.4613
415 54.3402 88.4613
530 54.2368 88.4614
984 54.1514 88.4614
140 54.0439 88.4614
408 53.9422 88.4615
896 53.8472 88.4615
814 53.7417 88.4615
861 53.6495 88.4616
280 53.5589 88.4616
856 53.4702 88.4616
774 53.3666 88.4617
636 53.2659 88.4617
584 53.1781 88.4617
754 53.076 88.4618
532 52.9718 88.4618
511 52.8763 88.4618
367 52.7846 88.4619
887 52.6881 88.4619
826 52.5807 88.4619
516 52.4833 88.462
193 52.3833 88.462
40 52.2969 88.462
961 52.2021 88.4621
880 52.1138 88.4621
23 52.024 88.4621
62 51.9279 88.4622
940 51.8334 88.4622
118 51.7458 88.4622
980 51.6525 88.4623
12 51.559 88.4623
911 51.465 88.4624
952 51.3324 88.4624
541 51.2007 88.4625
624 51.0859 88.4625
317 50.9749 88.4625
882 50.1514 88.4629
239 48.8863 88.4634
802 47.7479 88.4638
649 44.7169 88.4652
877 43.0213 88.466
738 41.4846 88.4666
139 40.2099 88.4672
5 40.2099 88.4672
156 40.2099 88.4672
763 40.2099 88.4672
564 40.2099 88.4672
165 40.2099 88.4672
874 40.2099 88.4671
840 40.2099 88.4671
755 40.2099 88.4671
559 40.2099 88.4671
561 40.2099 88.4671
807 40.2099 88.4671
92 40.2099 88.4671
265 40.2099 88.4671
146 40.2099 88.4671
82 40.2099 88.4671
866 40.2099 88.4671
309 40.2099 88.4671
305 40.2099 88.4671
105 40.2099 88.4671
539 40.1632 88.4576
659 40.1196 88.4487
536 40.0764 88.4399
375 40.0289 88.4302
389 39.9802 88.4203
548 39.9306 88.4102
172 39.8863 88.4012
947 39.8474 88.3933
343 39.7957 88.3827
562 39.7437 88.3721
713 39.693 88.3618
206 39.6379 88.3505
437 39.5826 88.3393
129 39.5299 88.3285
53 39.4778 88.3179
766 39.4255 88.3073
230 39.3706 88.2961
215 39.3193 88.2856
241 39.265 88.2745
189 39.2107 88.2635
448 39.1606 88.2533
181 39.1085 88.2426
231 39.0526 88.2312
752 39.0006 88.2206
292 38.9496 88.2102
72 38.8968 88.1995
707 38.8442 88.1888
449 38.793 88.1783
96 38.7345 88.1664
808 38.6828 88.1559
394 38.6356 88.1462
416 38.5865 88.1362
569 38.5343 88.1256
974 38.4804 88.1146
613 38.427 88.1037
294 38.3775 88.0936
150 38.3169 88.0813
271 38.2646 88.0706
614 38.216 88.0607
270 38.1626 88.0498
672 38.1089 88.0389
226 38.0615 88.0292
248 38.0615 88.0292
22 36.3279 88.1227
918 34.5713 88.2173
806 32.9853 88.3029
651 31.4871 88.3837
919 30.7532 88.4234
697 30.0343 88.4623
16 29.428 88.4951
578 28.8432 88.5267
960 28.3095 88.5555
871 27.6476 88.5914
256 27.1706 88.6172
368 26.6546 88.6451
470 26.171 88.6712
428 25.6203 88.701
593 25.0565 88.7315
973 24.5238 88.7604
93 24.5208 88.7605
886 24.518 88.7607
776 24.5151 88.7608
761 24.5124 88.761
244 24.5095 88.7611
141 24.5068 88.7613
521 24.5036 88.7615
456 24.5005 88.7616
249 24.4975 88.7618
442 24.4944 88.762
424 24.4917 88.7621
696 24.489 88.7623
36 24.4861 88.7624
409 24.4831 88.7626
712 24.48 88.7628
714 24.4772 88.7629
430 24.4745 88.7631
611 24.4717 88.7632
462 24.4687 88.7634
120 24.4663 88.7635
773 24.4636 88.7637
418 24.4605 88.7638
360 24.4573 88.764
469 24.4544 88.7642
288 24.4516 88.7643
768 24.4489 88.7645
631 24.4462 88.7646
786 24.4436 88.7648
638 24.441 88.7649
757 24.4378 88.7651
441 24.4347 88.7652
44 24.4318 88.7654
885 24.4289 88.7656
916 24.4258 88.7657
13 24.4228 88.7659
15 24.4199 88.7661
115 24.4171 88.7662
933 24.4143 88.7664
17 24.4116 88.7665
610 24.409 88.7666
753 24.406 88.7668
491 24.4033 88.767
550 24.4008 88.7671
296 24.3981 88.7672
183 24.3949 88.7674
41 24.3922 88.7676
20 24.3893 88.7677
306 24.3864 88.7679
2 24.3838 88.768
253 24.3808 88.7682
76 24.3777 88.7684
73 24.3747 88.7685
167 24.3717 88.7687
859 24.3685 88.7689
28 24.3656 88.769
392 24.3629 88.7692
795 24.3601 88.7693
223 24.3572 88.7695
60 23.7057 88.8042
227 21.9503 88.898
490 20.7539 88.9618
833 19.4661 89.0305
50 18.1197 89.1024
557 16.7178 89.1772
304 15.4276 89.2461
106 14.2849 89.307
982 13.9299 89.3259
750 13.583 89.3444
58 13.2605 89.3615
546 12.8856 89.3815
780 12.5642 89.3986
892 12.2265 89.4166
615 11.8999 89.4339
325 11.6877 89.4452
637 11.467 89.457
48 11.2556 89.4682
240 11.0302 89.4802
695 10.8346 89.4907
401 10.5928 89.5035
380 10.3807 89.5148
628 10.1677 89.5261
988 9.95181 89.5376
75 9.95208 89.5055
39 9.95228 89.4798
815 9.95254 89.4491
321 9.95279 89.4181
570 9.953 89.3922
905 9.95321 89.3667
944 9.95342 89.3415
247 9.95342 89.3415
585 9.95342 89.3415
213 9.95342 89.3415
693 9.95395 89.3125
316 9.95447 89.2844
386 9.95496 89.258
759 9.95549 89.2294
495 9.95596 89.2038
95 9.95644 89.1776
203 9.95695 89.1501
88 9.95742 89.1244
547 9.95784 89.1019
153 9.95827 89.0783
827 9.9587 89.0552
399 9.95923 89.0263
446 9.9597 89.0007
300 9.96019 88.9743
301 9.96066 88.949
955 9.96117 88.9214
444 9.96161 88.8973
138 9.96204 88.8743
108 9.96253 88.8475
736 9.96302 88.8211
792 9.96351 88.7944
426 9.96398 88.7686
678 9.9644 88.7459
718 9.96487 88.7205
711 9.96529 88.6976
200 9.96576 88.6724
199 9.96627 88.6448
868 9.96675 88.6186
447 9.96727 88.5903
953 9.96778 88.5629
969 9.96827 88.5362
1 9.96878 88.5088
803 9.96927 88.482
405 9.96975 88.4561
263 9.97028 88.4272
568 9.97077 88.4006
236 9.97127 88.3735
914 9.97183 88.3434
719 9.97239 88.3129
699 9.97291 88.2849
364 9.9734 88.258
435 9.97389 88.2315
554 10.0265 85.3752
178 10.0468 84.2726
830 10.0652 83.2714
433 10.0808 82.4251
560 10.0947 81.6718
431 10.1084 80.9271
608 10.1225 80.1568
429 10.1389 79.2704
184 10.1522 78.5476
398 10.1669 77.7498
500 10.1753 77.2892
400 10.1834 76.852
169 10.1905 76.4639
90 10.2008 75.9077
255 10.2144 75.166
667 10.223 74.6997
686 10.2311 74.2615
556 10.2389 73.8402
272 10.2475 73.37
224 10.2549 72.9698
119 10.2633 72.5151
376 10.2711 72.0919
890 10.2773 71.752
551 10.2853 71.3213
374 10.294 70.8463
347 10.304 70.3057
131 10.304 70.3057
728 10.304 70.3057
966 10.304 70.3057
219 10.304 70.3057
298 10.304 70.3057
639 10.304 70.3057
503 10.304 70.3057
192 10.304 70.3057
81 10.304 70.3057
14 10.304 70.3057
436 10.304 70.3057
680 10.3242 70.2593
361 10.342 70.2183
796 10.3595 70.1782
479 10.3784 70.1348
630 10.3979 70.0901
531 10.4154 70.0498
31 10.4472 70.047
381 10.4765 70.0443
747 10.5102 70.0412
694 10.541 70.0384
371 10.5739 70.0354
517 10.608 70.0323
991 10.6445 70.029
524 10.6841 70.0254
739 10.7186 70.0222
130 10.7524 70.0192
114 10.7835 70.0163
77 10.8132 70.0136
726 10.8512 70.0102
825 10.8827 70.0073
799 10.9096 70.0049
703 10.942 70.0019
445 10.9713 69.9992
234 11.0029 69.9964
607 11.0356 69.9934
734 11.0699 69.9903
665 11.106 69.987
97 11.1454 69.9834
275 11.1851 69.9798
411 11.218 69.9768
970 11.2481 69.974
487 11.2814 69.971
948 11.3119 69.9682
552 11.3474 69.965
860 11.3754 69.9625
338 11.406 69.9597
939 11.4356 69.957
589 11.4739 69.9535
427 11.5073 69.9505
717 11.5426 69.9472
482 11.5824 69.9436
784 11.6161 69.9406
207 11.6476 69.9377
457 12.1871 69.8886
277 12.7409 69.8382
879 13.3494 69.7828
162 13.9633 69.727
3 14.5474 69.6738
657 15.1417 69.6198
502 15.9454 69.5467
346 16.7137 69.4768
701 17.7306 69.3842
196 18.6553 69.3001
132 20.4563 69.1363
903 22.2751 68.9708
113 23.6488 68.8458
252 25.8075 68.6494
333 25.8044 68.616
124 25.8012 68.5824
220 25.7977 68.5449
954 25.7948 68.5131
689 25.7915 68.478
635 25.7879 68.44
501 25.7846 68.405
872 25.7817 68.3733
443 25.7781 68.3356
21 25.7746 68.2983
720 25.771 68.2594
574 25.7678 68.2255
266 25.7644 68.1893
308 25.7609 68.1519
493 25.7572 68.1119
897 25.7538 68.0752
604 25.7508 68.0438
137 25.7472 68.0056
601 25.7439 67.9697
404 25.7409 67.9377
600 25.7375 67.9016
168 25.7342 67.8658
339 25.7296 67.8171
291 25.7046 67.5502
662 25.7027 67.5455
359 25.6901 67.514
99 25.6783 67.4847
329 25.6651 67.4518
729 25.6532 67.4222
599 25.6422 67.3947
957 25.6313 67.3674
571 25.6209 67.3415
705 25.6085 67.3106
950 25.5987 67.2862
382 25.587 67.257
730 25.5768 67.2318
981 25.5642 67.2004
878 25.5547 67.1766
888 25.5442 67.1505
789 25.533 67.1226
971 25.5209 67.0923
349 25.5094 67.0638
946 25.4995 67.0391
526 25.4885 67.0116
658 25.4778 66.985
537 25.4663 66.9563
924 25.4533 66.924
640 25.4408 66.8928
965 25.4296 66.865
735 25.4176 66.835
927 25.4072 66.8091
507 25.3956 66.7802
454 25.3857 66.7554
772 25.3722 66.7218
233 25.3603 66.6923
645 25.3501 66.6668
267 25.3387 66.6384
756 25.3277 66.6111
587 25.3183 66.5875
326 25.3082 66.5624
839 25.2813 66.4954
912 25.2549 66.4296
79 24.9488 66.0984
901 24.6724 65.7994
34 24.3923 65.4964
451 24.1321 65.2149
390 23.8996 64.9632
510 23.6255 64.6667
846 23.3814 64.4026
733 23.1415 64.1431
788 22.9072 63.8895
591 22.6726 63.6358
545 21.5876 62.4618
327 20.7665 61.5735
59 19.4298 60.1273
324 17.9749 58.5531
764 16.3984 56.8475
708 14.4729 54.7643
797 14.0008 54.2534
616 13.4967 53.7081
841 13.3526 53.5522
663 13.2173 53.4058
691 13.0963 53.2748
925 12.952 53.1188
972 12.813 52.9684
505 12.6644 52.8076
218 12.5238 52.6554
142 12.3924 52.5133
423 12.2361 52.3442
463 12.1114 52.2093
936 11.9948 52.0831
908 11.8785 51.9573
849 11.7377 51.805
122 11.6153 51.6725
938 11.633 51.5723
228 11.6511 51.4695
391 11.6663 51.3829
698 11.6813 51.2981
174 11.6969 51.2093
212 11.7127 51.1197
652 11.7265 51.0413
760 11.7394 50.9681
542 11.7564 50.8717
154 11.773 50.7777
57 11.7883 50.6908
990 11.8047 50.5975
527 11.8173 50.526
677 11.8313 50.4463
565 11.8463 50.3612
214 11.8617 50.2738
909 11.8785 50.1787
47 11.8936 50.0929
182 11.9092 50.0041
166 11.9236 49.9225
128 11.9401 49.8287
116 11.955 49.7442
956 11.9719 49.6481
422 11.991 49.54
749 12.0122 49.4195
496 12.0328 49.3026
341 12.0518 49.1947
157 12.071 49.0859
476 12.091 48.9721
336 12.1083 48.8737
534 12.1283 48.7606
303 12.1468 48.6554
279 12.1667 48.5422
352 12.1875 48.4243
858 12.2087 48.3041
731 12.2305 48.18
312 12.2505 48.0664
222 12.2692 47.9601
805 12.2885 47.8511
863 12.311 47.7233
771 12.3305 47.6124
655 12.3506 47.4984
633 12.3506 47.4984
373 12.2898 45.6687
87 12.2227 43.6521
499 12.1732 42.1615
758 12.1684 42.0158
489 12.1631 41.8556
770 12.1571 41.6763
100 12.1517 41.5143
148 12.1439 41.2777
10 12.1362 41.0471
949 12.1294 40.843
123 12.1222 40.6249
46 12.1147 40.3989
283 12.1073 40.1758
330 12.1003 39.965
328 12.093 39.7471
700 12.1065 37.2335
205 12.12 34.6769
898 12.1335 32.1121
673 12.1335 32.1121
661 12.1335 32.1121
125 12.1335 32.1121
268 12.1335 32.1121
710 12.1335 32.1121
985 12.1335 32.1121
794 12.1335 32.1121
943 12.1335 32.1121
86 12.1335 32.1121
836 12.1335 32.1121
829 12.1335 32.1121
572 12.1335 32.1121
74 12.1335 32.1121
384 12.1335 32.1121
78 12.1335 32.1121
602 12.1904 31.0233
32 12.2058 30.7265
65 12.2261 30.3371
4 12.2472 29.9324
133 12.2669 29.5532
958 12.2858 29.1903
963 12.3212 28.5105
299 12.3511 27.9354
514 12.3795 27.3892
258 12.4138 26.7313
331 12.446 26.1117
121 12.4754 25.5472
643 12.7202 20.879
455 12.734 20.6137
588 12.7497 20.312
646 12.7643 20.0316
682 12.7773 19.7808
899 12.7896 19.5454
187 12.8029 19.2894
474 12.9975 18.0447
881 13.2098 16.6857
702 13.365 15.693
812 13.5709 14.3759
362 13.5865 14.376
412 13.6033 14.3762
348 13.6214 14.3763
741 13.6384 14.3764
674 13.6555 14.3766
902 13.675 14.3767
402 13.6909 14.3768
8 13.7068 14.377
488 13.7219 14.3771
366 13.7364 14.3772
61 13.7502 14.3773
641 13.7689 14.3774
629 13.7827 14.3775
722 13.7977 14.3777
254 17.2132 14.4034
211 19.5594 14.4211
351 24.9505 14.4617
111 27.2931 14.4794
883 28.241 14.4865
407 28.9739 14.4921
64 29.6141 14.4969
337 30.3543 14.5025
310 30.9431 14.5069
822 31.4529 14.5108
573 31.9225 14.5143
246 32.3546 14.5176
363 32.8779 14.5215
653 33.4047 14.5255
284 33.5985 14.5269
626 33.8611 14.5289
518 34.1433 14.531
934 34.3489 17.3196
439 34.394 17.9308
669 34.4356 18.4954
287 34.5079 19.4764
704 34.6156 20.9365
354 34.7442 22.6806
586 34.8261 23.7908
307 34.8825 24.5559
289 34.9421 25.364
915 34.9862 25.9619
278 35.0359 26.6362
160 35.0801 27.2354
26 35.1209 27.7881
486 35.1713 28.4727
221 35.2139 29.0498
467 35.2579 29.6466
709 35.3006 30.225
379 35.3524 30.9275
664 35.4089 31.6936
612 35.4446 32.1777
834 35.4765 32.2377
421 35.5087 32.2985
261 35.5367 32.3511
191 35.5662 32.4066
869 35.594 32.4589
787 35.6239 32.5152
853 35.657 32.5774
824 35.686 32.6321
250 35.7231 32.7017
935 35.5267 34.2432
687 35.343 35.6854
692 35.1858 36.9195
706 35.0347 38.1064
549 34.9038 39.134
38 34.7285 40.5098
257 34.5776 41.6947
403 34.352 43.4656
603 34.3828 43.5105
913 34.4101 43.5502
302 34.4373 43.5899
151 34.4635 43.6281
862 34.4929 43.671
535 34.5183 43.7079
480 34.5465 43.7491
525 34.5726 43.787
37 34.5997 43.8266
522 34.6311 43.8723
414 34.6557 43.9083
619 34.6825 43.9473
475 34.7076 43.9839
397 34.7348 44.0235
543 34.763 44.0646
811 34.7902 44.1043
917 34.8203 44.1482
438 34.8475 44.1878
452 34.8785 44.2329
790 34.9054 44.2722
566 34.9331 44.3126
783 34.9597 44.3513
688 34.9877 44.3921
512 35.0159 44.4333
529 35.0392 44.4673
269 35.068 44.5092
748 35.0946 44.5479
508 35.1234 44.5899
155 35.1532 44.6333
989 35.1795 44.6717
11 35.2047 44.7085
180 35.2353 44.7531
413 35.2609 44.7903
723 35.2866 44.8279
237 35.5958 45.2786
388 35.8251 45.6129
876 36.1058 46.0221
679 36.3562 46.3871
7 36.6922 46.8769
891 37.0965 47.4664
194 37.4416 47.9695
89 37.7838 48.4684
147 38.1031 48.9338
778 38.4276 49.407
461 38.763 49.8959
848 39.0666 50.3385
49 39.3778 50.7922
356 39.6957 51.2556
69 40.0675 51.7976
342 40.4372 52.3366
945 40.7982 52.8629
276 41.1403 53.3617
472 41.5335 53.9349
597 41.9626 54.5604
577 42.3685 55.1522
410 42.5022 55.3471
732 42.6226 55.5226
929 42.7398 55.6933
809 42.8736 55.8885
370 43.0075 56.0837
264 43.1505 56.2921
621 43.2842 56.487
923 43.4166 56.6801
54 43.5448 56.867
127 43.6683 57.0469
104 43.8078 57.2504
101 43.9433 57.4479
793 44.0807 57.6482
186 44.2036 57.8273
210 44.3213 57.999
743 44.4644 58.2076
922 44.5763 58.3706
471 44.7126 58.5695
625 44.8584 58.782
281 44.9585 58.9278
468 45.0724 59.094
459 45.1595 59.2209
533 45.2482 59.3502
523 45.3524 59.502
188 45.4406 59.6307
498 45.5268 59.7564
262 45.6143 59.8839
843 45.7306 60.0534
30 45.8715 60.2588
964 46.0492 60.5179
161 46.1865 60.7181
791 46.3163 60.9072
175 46.4343 61.0792
894 46.5738 61.2826
134 46.6963 61.4612
171 46.8088 61.6252
804 46.9242 61.7935
617 47.0574 61.9876
208 47.1791 62.1651
85 47.1791 62.1651
715 47.249 62.5426
810 47.3145 62.8964
84 47.3832 63.2677
558 47.4488 63.6222
484 47.5185 63.999
163 47.5805 64.3339
683 47.6411 64.6616
35 47.7037 64.9997
632 47.7828 65.4274
779 47.8449 65.7627
453 47.911 66.1199
94 47.9798 66.4919
724 48.035 66.7901
910 48.0552 66.8994
225 48.0763 67.0133
56 48.0973 67.1269
540 48.1207 67.2537
800 48.1419 67.3679
365 48.154 67.4335
80 48.1688 67.5134
855 48.1823 67.5865
216 48.1957 67.6589
282 48.2098 67.7348
676 48.2243 67.8136
596 48.2391 67.8933
576 48.2583 67.9973
976 48.2811 68.1202
968 48.2997 68.2211
513 48.321 68.3363
986 48.3405 68.4412
769 48.36 68.5471
109 48.3791 68.6499
857 48.3994 68.7598
126 48.4198 68.8702
91 48.4198 68.8702
112 48.4198 68.8702
765 48.4198 68.8702
144 49.0328 68.8838
350 49.7366 68.8994
798 50.6478 68.9196
582 51.491 68.9383
235 52.2841 68.9558
782 53.1139 68.9742
563 53.9406 68.9925
921 56.5103 69.0495
378 60.708 69.1426
515 60.8827 69.1465
762 61.0676 69.1506
509 61.2676 69.1551
650 61.4591 69.1593
67 61.6355 69.1633
538 61.801 69.1669
440 61.9714 69.1707
671 62.1483 69.1747
832 62.3344 69.1788
18 62.5312 69.1832
801 62.7194 69.1874
579 62.9368 69.1922
904 63.079 69.1954
71 63.2292 69.1987
987 63.4022 68.433
767 63.6039 67.5398
190 63.6326 67.4124
837 63.6514 67.3293
900 63.6746 67.2264
293 63.6992 67.1176
867 63.7198 67.0262
478 63.7427 66.925
605 63.7625 66.8371
654 63.7838 66.7426
595 63.8075 66.6376
290 63.8282 66.5459
460 63.8502 66.4485
852 63.8767 66.3312
238 63.8995 66.2304
152 63.9218 66.1317
340 63.9432 66.0368
975 63.966 65.9358
668 63.9888 65.8348
68 64.0138 65.7242
420 64.0387 65.6137
942 64.062 65.5104
201 64.0819 65.4224
51 64.0819 65.4224
727 64.0819 65.4224
744 64.0819 65.4224
962 64.0819 65.4224
173 64.0819 65.4224
102 64.0819 65.4224
315 64.0819 65.4224
9 64.0819 65.4224
110 64.0609 65.2757
847 64.0425 65.1478
647 64.0216 65.0017
432 64.0031 64.873
907 63.6197 62.1997
393 63.2903 59.9027
286 62.6446 55.4008
492 61.9128 50.2986
842 61.84 49.7913
623 61.7668 49.2805
485 61.6976 48.7984
70 61.6149 48.2213
117 61.5283 47.6177
143 61.4394 46.998
396 61.3527 46.3935
870 61.2427 45.6266
519 61.1578 45.0349
323 61.0449 44.2474
634 60.9405 43.5201
675 60.8508 42.8945
606 60.7634 42.2849
217 60.6706 41.6379
357 60.576 40.9789
844 60.4715 40.2498
377 60.3788 39.6037
358 60.2925 39.0018
63 60.211 38.4336
197 60.1078 37.7142
644 60.0082 36.8432
209 59.7691 34.7528
716 59.7691 34.7528
27 59.7691 34.7528
594 59.7691 34.7528
66 59.7691 34.7528
45 59.7691 34.7528
828 59.7691 34.7528
19 59.7691 34.7528
751 59.7691 34.7528
978 59.7691 34.7528
875 59.7691 34.7528
906 59.8273 34.4665
43 60.1122 33.0636
821 60.556 30.8781
419 60.9874 28.7538
781 60.9874 28.7538
959 60.9874 28.7538
164 60.9874 28.7538
873 60.9874 28.7538
819 60.9874 28.7538
55 60.9874 28.7538
865 60.9874 28.7538
681 60.9874 28.7538
355 60.9874 28.7538
831 60.9874 28.7538
930 60.9874 28.7538
458 60.9874 28.7538
314 60.9874 28.7538
555 61.2933 28.1281
785 61.615 27.4703
6 62.6089 25.4376
24 63.8577 22.8837
598 64.9281 20.6945
721 66.0272 18.4468
295 66.252 17.987
581 66.5087 17.462
777 66.7787 16.9098
504 67.0452 16.3649
176 67.3453 15.7512
103 67.6188 15.1919
