0,345,243,979,627,260,483,98,33,590,520,274,198,932,170,497,835,136,107,838,553,583,977,951,29,609,425,242,506,684,670,884,920,592,745,195,842,334,190,767,143,926,387,941,656,942,466,117,110,420,68,850,102,967,70,173,383,468,35,208,791,900,987,650,393,907,440,762,485,647,460,832,293,152,867,595,579,112,290,67,478,837,51,847,668,671,315,509,654,975,9,432,201,340,538,964,605,229,84,801,18,852,238,71,385,727,904,744,962,332,889,311,528,372,660,742,204,450,685,25,473,775,864,928,322,159,983,52,465,813,285,417,823,135,353,820,251,740,158,648,893,725,580,494,845,567,378,177,481,666,83,318,620,544,145,992,149,854,818,273,937,817,880,622,185,800,367,42,259,40,477,931,464,320,12,952,737,297,317,690,774,575,23,584,856,202,984,754,911,248,564,816,434,882,395,659,539,980,851,947,239,62,165,408,313,887,814,511,118,746,415,343,562,140,896,344,802,193,636,618,895,532,280,826,624,782,369,126,536,319,245,559,179,961,516,940,713,807,335,582,530,642,857,563,861,389,866,231,561,230,738,305,614,241,394,613,755,406,541,105,437,752,649,206,5,806,919,22,292,416,189,449,270,672,120,150,918,256,763,139,96,877,53,569,548,172,766,271,294,2,146,156,309,392,72,840,129,874,375,82,808,265,448,707,974,215,92,181,41,73,167,773,28,933,611,183,753,306,638,610,859,20,960,714,521,288,360,141,491,424,973,712,244,442,761,593,490,469,470,223,60,44,833,871,249,16,886,795,227,776,15,916,13,50,409,456,428,885,430,786,462,115,368,651,17,418,631,76,768,696,36,58,954,695,296,441,253,757,750,436,90,890,236,199,304,31,868,138,585,301,380,1,200,426,405,263,247,568,628,316,386,759,153,495,446,300,780,914,93,447,75,892,711,718,982,736,108,699,792,803,240,213,546,95,48,321,719,969,953,678,364,325,401,203,169,106,399,827,693,557,435,988,615,88,815,830,39,433,168,184,547,551,944,905,444,178,554,637,955,224,726,728,560,400,346,570,196,255,361,398,376,966,680,130,371,517,531,298,703,427,589,445,796,734,234,799,939,556,657,381,347,482,119,503,747,860,717,760,113,924,825,552,131,600,81,192,970,457,991,114,272,500,220,374,764,639,277,3,879,338,948,162,607,219,665,207,686,77,502,97,784,14,667,694,608,266,981,349,739,99,411,635,587,658,443,333,454,927,720,888,846,524,479,326,946,789,591,431,571,604,872,640,329,729,897,601,701,630,965,735,308,487,689,382,950,537,730,275,327,957,339,705,252,137,124,267,788,507,79,901,34,451,56,578,550,724,662,226,697,132,971,596,429,422,493,912,645,233,772,59,545,359,878,839,510,574,733,501,526,599,903,390,21,403,956,938,391,142,849,218,925,708,749,496,157,505,279,698,908,174,463,303,534,336,148,373,476,797,691,100,122,958,770,123,542,154,652,489,758,499,46,166,182,423,78,384,47,909,214,565,972,677,527,990,228,841,57,616,222,312,663,731,212,936,858,949,330,128,805,863,771,116,341,133,352,328,829,74,898,65,299,283,943,86,268,402,331,121,205,572,514,710,10,87,125,794,963,700,4,985,258,899,915,474,354,366,439,187,812,722,641,902,348,646,629,254,211,673,674,8,61,741,661,682,488,455,588,881,362,412,602,702,643,307,836,363,351,573,287,246,64,261,669,407,709,653,284,379,834,704,310,934,111,822,787,160,221,824,626,518,337,191,467,250,883,26,278,586,529,543,612,549,853,783,452,155,480,935,811,486,688,664,32,388,869,11,655,475,723,89,876,194,862,414,913,269,237,38,891,397,679,147,37,748,603,438,848,756,778,525,512,461,687,413,566,989,151,917,790,508,619,522,324,7,535,302,356,180,49,633,692,706,929,30,109,144,968,809,922,617,404,175,976,921,894,715,632,286,810,471,282,923,498,910,625,225,104,621,350,558,91,765,576,80,683,163,484,769,161,134,540,523,235,94,513,171,533,54,410,743,216,986,453,779,459,577,370,732,855,85,291,676,365,262,515,793,281,264,798,945,396,188,519,804,127,69,623,276,492,472,597,716,843,210,342,101,844,186,555,377,421,785,257,875,289,606,930,458,314,63,831,164,906,828,978,358,66,19,634,751,821,45,781,594,675,55,865,6,27,681,197,232,644,323,819,355,43,217,357,209,870,419,873,103,959,295,581,721,176,777,24,598,504,
value : 424.101 running time : 591.147768
0 80 20
345 83.8362 18.5261
243 84.9353 18.1038
979 85.4243 17.9159
627 85.8951 17.735
260 86.2684 17.5916
483 86.2684 17.5916
98 86.3895 27.6614
33 86.4348 31.4244
590 86.4714 34.4601
520 86.51 37.6627
274 86.5549 41.3906
198 86.6116 46.0948
932 86.6309 47.6991
170 86.6457 48.9226
497 86.6573 49.8823
835 85.9745 49.981
136 85.3686 50.0685
107 84.7627 50.1561
838 84.0087 50.265
553 83.2386 50.3763
583 82.8767 50.4286
977 82.6413 50.4626
951 82.3835 50.4999
29 82.0727 50.5448
609 81.8117 50.5825
425 81.5985 50.6133
242 81.4029 50.6415
506 81.1901 50.6723
684 80.9322 50.7095
670 80.6481 50.7506
884 80.4429 50.7802
920 80.1752 50.8189
592 79.9135 50.8567
745 79.6539 50.8942
195 77.9189 52.1276
842 76.2731 53.2975
334 76.2731 53.2975
190 76.2731 53.2975
767 76.2731 53.2975
143 76.2731 53.2975
926 76.2731 53.2975
387 76.2731 53.2975
941 76.2731 53.2975
656 76.2731 53.2975
942 76.2731 53.2975
466 76.2731 53.2975
117 73.1986 56.5439
110 72.6397 57.134
420 72.1334 57.6686
68 71.6509 58.1781
850 71.2873 58.562
102 70.8729 58.9996
967 70.4648 59.4305
70 69.5705 60.3747
173 68.3711 61.6412
383 67.7157 62.3332
468 65.3896 64.7893
35 64.9559 65.2473
208 64.5115 65.7165
791 64.1557 66.0923
900 64.1628 66.1309
987 64.169 66.1645
650 64.1744 66.1941
393 64.1801 66.2251
907 64.1856 66.2544
440 64.1916 66.2873
762 64.1975 66.3191
485 64.2032 66.35
647 64.2103 66.3886
460 64.2181 66.4308
832 64.2243 66.4647
293 64.2293 66.4914
152 64.2358 66.527
867 64.2422 66.5618
595 64.2482 66.594
579 64.2551 66.6315
112 64.2606 66.6614
290 64.2665 66.6933
67 64.2717 66.7218
478 64.2774 66.7524
837 64.2846 66.7914
51 64.2907 66.8246
847 64.2961 66.8537
668 64.3015 66.883
671 64.3078 66.9174
315 64.3134 66.948
509 64.3189 66.9778
654 64.3243 67.0068
975 64.3295 67.0351
9 64.3347 67.0633
432 64.3397 67.0904
201 64.3443 67.1155
340 64.4503 67.6905
538 64.5613 68.2927
964 64.6505 68.7768
605 64.7144 69.1238
229 64.7779 69.4684
84 64.7779 69.4684
801 66.2698 70.4402
18 67.0996 70.9807
852 67.7996 71.4367
238 68.4297 71.8471
71 69.7748 72.7233
385 70.8248 73.4073
727 71.5895 73.9054
904 72.5089 74.5043
744 73.8077 75.3502
962 75.3167 76.3332
332 78.6901 78.5305
889 84.0698 82.0348
311 84.6647 82.4223
528 85.1983 82.7699
372 85.9989 83.2914
660 85.9989 83.2914
742 85.9989 83.2914
204 85.9989 83.2914
450 85.9989 83.2914
685 85.3563 83.9769
25 84.6341 84.7474
473 83.4171 86.0456
775 82.2558 87.2845
864 81.8823 87.6829
928 81.5434 88.0445
322 81.05 88.0498
159 80.537 88.0553
983 80.0718 88.0604
52 75.7275 88.1074
465 75.6908 88.1078
813 75.6562 88.1082
285 75.621 88.1086
417 75.5883 88.109
823 75.5531 88.1093
135 75.5231 88.1097
353 75.2609 88.1125
820 75.0262 88.1151
251 74.7536 88.1181
740 74.5345 88.1205
158 74.2433 88.1237
648 74.0014 88.1263
893 73.7152 88.1294
725 73.413 88.1328
580 73.0369 88.1369
494 72.4832 88.1429
845 71.884 88.1495
567 71.3101 88.1557
378 70.8298 88.161
177 70.5021 88.1646
481 70.2288 88.1676
666 69.9397 88.1707
83 69.632 88.1741
318 69.3027 88.1777
620 68.9659 88.1814
544 68.6528 88.1848
145 68.3455 88.1882
992 68.0209 88.1917
149 67.7415 88.1948
854 67.4633 88.1978
818 67.1703 88.2011
273 65.7959 88.2161
937 64.5606 88.2296
817 62.9338 88.2473
880 61.243 88.2658
622 60.1619 88.2776
185 58.8489 88.2919
800 57.5077 88.3066
367 57.3545 88.3083
42 57.2143 88.3098
259 57.0374 88.3117
40 56.8782 88.3135
477 56.7384 88.315
931 56.5797 88.3167
464 56.4181 88.3185
320 56.2046 88.3208
12 56.0416 88.3226
952 55.881 88.3244
737 55.7323 88.326
297 55.5814 88.3276
317 55.3931 88.3297
690 55.1954 88.3318
774 55.0018 88.334
575 54.8276 88.3359
23 54.6527 88.3378
584 54.4846 88.3396
856 54.3081 88.3415
202 54.1302 88.3435
984 53.9497 88.3455
754 53.7383 88.3478
911 53.534 88.35
248 53.3165 88.3524
564 53.1613 88.3541
816 53.1153 88.3546
434 53.0603 88.3552
882 53.003 88.3558
395 52.9508 88.3564
659 52.8728 88.3572
539 52.809 88.3579
980 52.7595 88.3584
851 52.7015 88.3591
947 52.6392 88.3597
239 52.5754 88.3604
62 52.5198 88.361
165 52.4581 88.3617
408 52.4051 88.3623
313 52.3535 88.3628
887 52.2972 88.3635
814 52.232 88.3642
511 52.1775 88.3648
118 52.1234 88.3654
746 52.0592 88.3661
415 52.0007 88.3667
343 51.9348 88.3674
562 51.8774 88.368
140 51.8282 88.3686
896 51.7772 88.3691
344 51.7202 88.3697
802 51.6667 88.3703
193 51.6073 88.371
636 51.5542 88.3715
618 51.5009 88.3721
895 51.4452 88.3727
532 51.3881 88.3734
280 51.339 88.3739
826 51.282 88.3745
624 51.2287 88.3751
782 51.1798 88.3756
369 51.1259 88.3762
126 51.0628 88.3769
536 51.0017 88.3776
319 50.9431 88.3782
245 50.889 88.3788
559 50.8285 88.3795
179 50.7078 88.1329
961 50.612 87.9371
516 50.4299 87.5653
940 50.2295 87.156
713 50.0651 86.8202
807 49.8485 86.3778
335 49.6962 86.0667
582 49.5314 85.7301
530 49.4752 85.7519
642 49.4252 85.7713
857 49.3777 85.7897
563 48.5158 86.1242
861 47.6293 86.4682
389 46.5503 86.8869
866 45.7313 87.2047
231 44.9882 87.493
561 44.7347 87.5914
230 44.452 87.7011
738 44.2049 87.797
305 44.0849 87.8435
614 43.949 87.8963
241 43.8091 87.9506
394 43.6739 88.003
613 43.5439 88.0535
755 43.5439 88.0535
406 43.5439 88.0535
541 43.5439 88.0535
105 42.6143 88.1196
437 41.8537 88.1738
752 41.0159 88.2335
649 40.9553 88.2378
206 40.8967 88.242
5 40.8337 88.2464
806 40.7483 88.2525
919 40.6728 88.2578
22 40.6036 88.2627
292 40.5348 88.2676
416 40.465 88.2726
189 40.3894 88.2779
449 40.3188 88.2829
270 40.2376 88.2887
672 40.1553 88.2945
120 40.0779 88.3
150 40.0045 88.3052
918 39.9347 88.3102
256 39.8705 88.3147
763 39.8113 88.3189
139 39.7379 88.3241
96 39.7379 88.3241
877 39.7379 88.3241
53 39.7379 88.3241
569 39.7379 88.3241
548 39.7379 88.3241
172 39.7379 88.3241
766 39.7379 88.3241
271 39.7379 88.3241
294 39.7379 88.3241
2 39.7379 88.3241
146 39.7379 88.3241
156 39.7379 88.3241
309 39.7379 88.3241
392 39.7379 88.3241
72 39.7379 88.3241
840 39.7379 88.3241
129 39.7379 88.3241
874 39.7379 88.3241
375 39.2662 88.3334
82 38.7181 88.3442
808 38.0802 88.3567
265 37.5713 88.3668
448 37.035 88.3773
707 36.489 88.3881
974 35.9586 88.3985
215 35.366 88.4102
92 34.6616 88.424
181 33.999 88.437
41 32.9348 88.4578
73 32.0997 88.4742
167 31.3011 88.4899
773 30.5309 88.505
28 29.7216 88.5209
933 28.9578 88.5359
611 28.7272 88.5404
183 28.4864 88.5452
753 28.2677 88.5495
306 28.0843 88.5531
638 27.9071 88.5566
610 27.6947 88.5608
859 27.4884 88.5648
20 27.2905 88.5688
960 27.0812 88.5729
714 25.9561 88.5946
521 25.7294 88.5991
288 25.5227 88.6032
360 25.3136 88.6073
141 25.113 88.6113
491 24.8637 88.6162
424 24.6477 88.6204
973 24.4078 88.6251
712 24.3836 88.6256
244 24.3604 88.6261
442 24.3353 88.6266
761 24.3139 88.627
593 24.2902 88.6275
490 24.2693 88.6279
469 24.2463 88.6283
470 24.2258 88.6287
223 24.2031 88.6292
60 24.1377 88.6305
44 24.0638 88.6319
833 23.9951 88.6333
871 23.9298 88.6346
249 23.8723 88.6357
16 23.8182 88.6368
886 23.7522 88.6381
795 23.6949 88.6392
227 23.6178 88.6407
776 23.5498 88.6421
15 23.4878 88.6433
916 23.4306 88.6444
13 23.3739 88.6455
50 23.3221 88.6465
409 23.2694 88.6476
456 23.2137 88.6487
428 23.1633 88.6497
885 23.1027 88.6509
430 23.0426 88.6521
786 22.9837 88.6532
462 22.9112 88.6546
115 22.851 88.6558
368 22.7973 88.6569
651 22.7409 88.658
17 22.6835 88.6591
418 22.634 88.6601
631 22.5796 88.6612
76 22.5235 88.6623
768 22.4599 88.6635
696 22.4032 88.6647
36 22.3456 88.6658
58 22.2909 88.6669
954 22.2387 88.6679
695 21.5544 88.6813
296 20.9484 88.6933
441 19.7569 88.7166
253 18.5372 88.7406
757 16.5229 88.7795
750 13.4371 88.84
436 11.3472 88.8806
90 9.44116 88.9176
890 9.25436 88.9213
236 9.25436 88.9213
199 9.25436 88.9213
304 9.25436 88.9213
31 9.25436 88.9213
868 9.25436 88.9213
138 9.25436 88.9213
585 9.25436 88.9213
301 9.25436 88.9213
380 9.25436 88.9213
1 9.25436 88.9213
200 9.25436 88.9213
426 9.25436 88.9213
405 9.25436 88.9213
263 9.25436 88.9213
247 9.25436 88.9213
568 9.25436 88.9213
628 9.25436 88.9213
316 9.25436 88.9213
386 9.25436 88.9213
759 9.25436 88.9213
153 9.25436 88.9213
495 9.25436 88.9213
446 9.25436 88.9213
300 9.25436 88.9213
780 9.25436 88.9213
914 9.25436 88.9213
93 9.25436 88.9213
447 9.25436 88.9213
75 9.25436 88.9213
892 9.25436 88.9213
711 9.25436 88.9213
718 9.25436 88.9213
982 9.25436 88.9213
736 9.25436 88.9213
108 9.25436 88.9213
699 9.25436 88.9213
792 9.25436 88.9213
803 9.25436 88.9213
240 9.25436 88.9213
213 9.25436 88.9213
546 9.25436 88.9213
95 9.25436 88.9213
48 9.25436 88.9213
321 9.25436 88.9213
719 9.25436 88.9213
969 9.25436 88.9213
953 9.25436 88.9213
678 9.25436 88.9213
364 9.25436 88.9213
325 9.25436 88.9213
401 9.25436 88.9213
203 9.25436 88.9213
169 9.25436 88.9213
106 9.25436 88.9213
399 9.25436 88.9213
827 9.25436 88.9213
693 9.25436 88.9213
557 9.25436 88.9213
435 9.25436 88.9213
988 9.25436 88.9213
615 9.32554 87.9723
88 9.38019 87.2433
815 9.42535 86.6408
830 9.47309 86.0038
39 9.50863 85.5296
433 9.5823 84.547
168 9.64282 83.7396
184 9.68212 83.2152
547 9.71627 82.7594
551 9.75903 82.189
944 9.79565 81.7002
905 9.83227 81.2116
444 9.87026 80.7047
178 9.91168 80.1521
554 9.95266 79.6053
637 9.99191 79.0814
955 10.0533 78.2622
224 10.1183 77.3958
726 10.1731 76.6639
728 10.2249 75.9736
560 10.278 75.2651
400 10.3378 74.4673
346 10.3931 73.7291
570 10.4503 72.9666
196 10.5603 71.4997
255 10.5728 71.3329
361 10.5845 71.1764
398 10.5979 70.998
376 10.6109 70.8247
966 10.6225 70.6697
680 10.6348 70.5056
130 10.6478 70.333
371 10.6593 70.1795
517 10.6712 70.0212
531 10.684 69.8502
298 10.684 69.8502
703 10.684 69.8502
427 10.684 69.8502
589 10.684 69.8502
445 10.684 69.8502
796 10.684 69.8502
734 10.684 69.8502
234 10.684 69.8502
799 10.684 69.8502
939 10.684 69.8502
556 10.684 69.8502
657 10.684 69.8502
381 10.684 69.8502
347 10.684 69.8502
482 10.7202 69.8478
119 10.7495 69.8459
503 10.7774 69.8441
747 10.8038 69.8423
860 10.8306 69.8406
717 10.8581 69.8388
760 10.8913 69.8366
113 10.9264 69.8343
924 10.9595 69.8321
825 10.9875 69.8303
552 11.0163 69.8284
131 11.0412 69.8268
600 11.0704 69.8249
81 11.0942 69.8233
192 11.1174 69.8218
970 11.1412 69.8202
457 11.1648 69.8187
991 11.1908 69.817
114 11.2225 69.8149
272 11.2514 69.813
500 11.2796 69.8112
220 11.3078 69.8093
374 11.3305 69.8078
764 11.3562 69.8061
639 11.3773 69.8048
277 11.4037 69.803
3 11.4321 69.8012
879 11.4588 69.7994
338 11.485 69.7977
948 11.5108 69.796
162 11.5369 69.7943
607 11.5591 69.7928
219 11.5853 69.7911
665 11.609 69.7896
207 11.633 69.788
686 11.8336 69.7749
77 12.0425 69.7612
502 12.2909 69.7449
97 12.4944 69.7316
784 12.6827 69.7193
14 12.8668 69.7072
667 13.0737 69.6936
694 13.3839 69.6733
608 18.0279 69.3691
266 18.3368 69.3489
981 18.591 69.3323
349 18.856 69.3149
739 19.0767 69.3005
99 19.3378 69.2834
411 19.5871 69.2671
635 19.8482 69.25
587 20.1088 69.2329
658 20.3357 69.218
443 20.5689 69.2028
333 20.8249 69.186
454 21.0754 69.1696
927 21.2358 69.1591
720 21.4036 69.1481
888 21.5608 69.1378
846 21.7157 69.1277
524 21.8666 69.1178
479 22.0344 69.1068
326 22.2149 69.095
946 22.4141 69.082
789 22.623 69.0683
591 22.8257 69.055
431 22.9858 69.0445
571 23.3959 69.0177
604 23.7636 68.9936
872 24.1147 68.9706
640 24.1745 68.9667
329 24.2354 68.9627
729 24.3074 68.958
897 24.3764 68.9535
601 24.4486 68.9488
701 24.5205 68.944
630 24.5942 68.9392
965 24.6879 68.9331
735 24.7706 68.9277
308 24.859 68.9219
487 24.9259 68.9175
689 25.0146 68.9117
382 25.0839 68.9072
950 25.1564 68.9024
537 25.2372 68.8971
730 25.3157 68.892
275 25.384 68.8875
327 25.4609 68.8825
957 25.5391 68.8774
339 25.6109 68.8727
705 25.6935 68.8673
252 25.7897 68.861
137 25.8479 68.8572
124 25.9043 68.8535
267 25.9546 68.8502
788 26.0062 68.8468
507 26.0562 68.8435
79 26.11 68.84
901 26.1662 68.8363
34 26.2206 68.8328
451 26.2797 68.8289
56 26.3475 68.8245
578 26.3721 68.8228
550 26.7357 68.7991
724 27.1495 68.7719
662 27.1257 68.7439
226 27.1001 68.7137
697 26.8796 68.4541
132 26.6123 68.1394
971 26.3738 67.8585
596 26.1407 67.5841
429 25.8455 67.2365
422 25.6095 66.9587
493 25.6095 66.9587
912 25.6095 66.9587
645 25.4041 66.7262
233 25.1635 66.454
772 24.969 66.234
59 24.8086 66.0525
545 24.661 65.8855
359 24.5575 65.7684
878 24.4377 65.6328
839 24.28 65.4544
510 24.1201 65.2735
574 23.9955 65.1325
733 23.8407 64.9574
501 23.7035 64.8021
526 23.5533 64.6321
599 23.3954 64.4536
903 23.2464 64.285
390 23.0948 64.1134
21 22.9309 63.928
403 15.7311 55.7816
956 15.1483 55.1223
938 14.5109 54.4011
391 13.8436 53.6461
142 13.1505 52.8618
849 12.4418 52.06
218 12.3888 52
925 12.3369 51.9413
708 12.2836 51.881
749 12.2343 51.8253
496 12.1886 51.7735
157 12.1339 51.7117
505 12.0922 51.6645
279 12.051 51.6179
698 12.0059 51.5669
908 11.958 51.5126
174 11.9017 51.4489
463 11.8435 51.383
303 11.7927 51.3256
534 11.7441 51.2706
336 11.6969 51.2172
148 11.6436 51.1569
373 11.5896 51.0958
476 11.5415 51.0414
797 11.4936 50.9872
691 11.4436 50.9306
100 11.38 50.8587
122 11.3175 50.788
958 11.3132 49.5671
770 11.3116 49.093
123 11.3102 48.6504
542 11.3088 48.2268
154 11.3074 47.7898
652 11.306 47.3597
489 11.3046 46.9341
758 11.3031 46.4784
499 11.3017 46.0512
46 11.3017 46.0512
166 11.3017 46.0512
182 11.3019 46.0489
423 11.3021 46.0463
78 11.3022 46.0441
384 11.3024 46.0421
47 11.3025 46.0403
909 11.3026 46.0383
214 11.3028 46.0365
565 11.3029 46.0344
972 11.3031 46.0322
677 11.3032 46.03
527 11.3034 46.0275
990 11.3036 46.0247
228 11.3037 46.0224
841 11.3039 46.0203
57 11.304 46.0182
616 11.3042 46.0158
222 11.3044 46.0136
312 11.3045 46.0114
663 11.3047 46.0092
731 11.3048 46.007
212 11.305 46.005
936 11.3051 46.0031
858 11.3052 46.001
949 11.3054 45.9987
330 11.3055 45.9966
128 11.3057 45.9946
805 11.3058 45.9926
863 11.306 45.9902
771 11.3061 45.9881
116 11.3063 45.9861
341 11.4915 43.3314
133 11.7193 40.0731
352 11.7446 39.7107
328 11.8031 38.872
829 12.0189 35.7883
74 12.2576 32.3689
898 12.3824 30.5799
65 12.3944 30.483
299 12.4086 30.3685
283 12.4204 30.2727
943 12.4346 30.1576
86 12.4484 30.046
268 12.4627 29.9305
402 12.4772 29.8125
331 12.4901 29.7083
121 12.5011 29.6189
205 12.5132 29.5208
572 12.5354 29.3414
514 12.556 29.1747
710 12.5774 29.0011
10 12.5966 28.8462
87 12.6195 28.6608
125 12.6437 28.4645
794 12.6709 28.244
963 12.6968 28.0342
700 12.7183 27.8602
4 12.7476 27.6231
985 12.7744 27.4061
258 12.8059 27.1513
899 12.8332 26.9304
915 12.8604 26.7102
474 12.8809 26.5439
354 12.9008 26.3834
366 12.8859 22.917
439 12.8771 20.7801
187 12.8664 18.1951
812 12.962 14.8601
722 13.0117 14.8735
641 13.0772 14.8912
902 13.1272 14.9047
348 13.1647 14.9148
646 13.2026 14.925
629 13.2509 14.938
254 13.3072 14.9532
211 13.3485 14.9643
673 13.3912 14.9759
674 13.4335 14.9873
8 13.4809 15
61 13.518 15.01
741 13.5695 15.0239
661 13.6207 15.0377
682 13.6611 15.0486
488 13.7084 15.0614
455 13.7488 15.0723
588 14.2877 15.2176
881 14.8312 15.3642
362 15.5122 15.5478
412 16.4332 15.7962
602 18.9064 16.4629
702 19.1983 16.5416
643 19.4818 16.6181
307 19.7705 16.6959
836 19.7705 16.6959
363 25.6804 17.5223
351 27.2252 17.7383
573 28.537 17.9218
287 29.4759 18.0531
246 29.9391 18.1179
64 30.4736 18.1927
261 31.0642 18.2753
669 31.4439 18.3284
407 31.9136 18.3941
709 32.3428 18.4541
653 32.8461 18.5245
284 33.0086 18.5472
379 33.2312 18.5784
834 33.4391 18.6074
704 33.4391 18.6074
310 33.4391 18.6074
934 33.4391 18.6074
111 33.4391 18.6074
822 33.4391 18.6074
787 33.4391 18.6074
160 33.4391 18.6074
221 33.4391 18.6074
824 34.1049 18.1139
626 35.273 17.2481
518 36.5677 16.2885
337 36.2665 20.5042
191 35.9411 25.058
467 35.8097 26.8949
250 35.6889 28.5852
883 35.5389 29.1564
26 35.3318 29.9448
278 34.8683 31.7096
586 34.4326 33.3685
529 33.9054 35.3759
543 33.3895 37.3406
612 33.341 37.5251
549 33.2921 37.7113
853 33.2437 37.8954
783 33.1849 38.1195
452 33.1336 38.3148
155 33.1235 38.3531
480 33.1235 38.3531
935 33.1235 38.3531
811 32.5971 39.0577
486 32.097 39.7272
688 31.6485 40.3276
664 31.6485 40.3276
32 31.6485 40.3276
388 31.7933 40.658
869 31.9259 40.9606
11 32.0926 41.3411
655 32.2503 41.701
475 32.4288 42.1083
723 32.6089 42.5193
89 32.8189 42.9985
876 32.9136 43.2146
194 33.0051 43.4235
862 33.0866 43.6094
414 33.1676 43.7943
913 33.2644 44.0152
269 33.3614 44.2365
237 33.4529 44.4453
38 33.5229 44.6052
891 33.6065 44.796
397 33.6718 44.9449
679 33.7463 45.115
147 33.8401 45.3289
37 33.9143 45.4982
748 34.0007 45.6956
603 34.0958 45.9124
438 34.1744 46.0919
848 34.2692 46.3082
756 34.344 46.4788
778 34.3897 46.5832
525 34.4333 46.6827
512 34.4832 46.7966
461 34.53 46.9035
687 34.5674 46.9886
413 34.6131 47.093
566 34.6573 47.194
989 34.7009 47.2933
151 34.7422 47.3876
917 34.7911 47.4993
790 34.8388 47.6081
508 34.8885 47.7215
619 34.9391 47.8371
522 34.9928 47.9595
324 35.0369 48.0603
7 35.0648 48.0989
535 35.0932 48.1383
302 35.1257 48.1833
356 35.1587 48.2291
180 35.1894 48.2716
49 35.2166 48.3093
633 35.2427 48.3456
692 35.8112 49.1338
706 36.8416 50.5622
929 39.2933 53.9615
30 41.8644 57.5262
109 45.4739 62.5305
144 45.6485 62.7726
968 45.7544 62.9195
809 45.8426 63.0417
922 45.9528 63.1945
617 46.2697 63.6338
404 46.5059 63.9613
175 46.753 64.3039
976 47.053 64.7199
921 47.053 64.7199
894 47.0561 64.7055
715 47.0593 64.6904
632 47.0622 64.6766
286 47.0661 64.6581
810 47.0691 64.6436
471 47.0719 64.6303
282 47.0746 64.6175
923 47.0775 64.6037
498 47.08 64.5921
910 47.082 64.5823
625 47.0847 64.5697
225 47.087 64.5589
104 47.0898 64.5456
621 47.0925 64.5329
350 47.0945 64.5232
558 47.0973 64.51
91 47.0997 64.4985
765 47.1026 64.4847
576 47.1053 64.472
80 47.1075 64.4614
683 47.1102 64.4488
163 47.1126 64.4372
484 47.115 64.4258
769 47.1175 64.414
161 47.1205 64.3999
134 47.1227 64.3894
540 47.1251 64.3782
523 47.1373 64.3202
235 47.1489 64.2651
94 47.1595 64.2151
513 47.1931 64.0556
171 47.2326 63.868
533 47.2766 63.659
54 47.3132 63.4857
410 47.3476 63.3221
743 47.3828 63.1554
216 47.4169 62.9933
986 47.4484 62.844
453 47.486 62.6654
779 47.5232 62.4889
459 47.5639 62.2962
577 47.6083 62.0854
370 47.6456 61.9083
732 47.6787 61.7512
855 47.7115 61.5957
85 47.7519 61.4042
291 47.7796 61.2726
676 47.8134 61.1123
365 47.8493 60.9418
262 47.9035 60.6846
515 47.9414 60.505
793 48.0967 59.7679
281 48.2338 59.1176
264 48.3686 58.4781
798 48.5173 57.7725
945 48.6895 56.9553
396 48.824 56.3172
188 48.9378 55.7771
519 49.0494 55.2478
804 49.1435 54.8013
127 49.3263 53.9338
69 49.5291 52.9717
623 49.6844 52.2348
276 49.832 51.5348
492 49.9602 50.9264
472 50.0854 50.3322
597 50.2043 49.7683
716 50.3693 48.9855
843 50.486 48.4319
210 50.6049 47.8675
342 50.7616 47.1239
101 50.921 46.3678
844 51.2156 44.9701
186 51.4374 43.9175
555 52.3656 39.5138
377 52.4419 39.1518
421 52.5163 38.7987
785 52.5899 38.4496
257 52.652 38.1547
875 52.9489 37.3079
289 53.3235 36.2394
606 55.5657 36.1871
930 55.7082 36.1838
458 55.8545 36.1804
314 56.0128 36.1767
63 56.1384 36.1738
831 56.2732 36.1707
164 56.3992 36.1678
906 56.561 36.164
828 56.7419 36.1598
978 56.9107 36.1559
358 57.0733 36.1521
66 57.2138 36.1489
19 57.3708 36.1452
634 57.5562 36.1409
751 57.7235 36.137
821 57.9164 36.1325
45 58.09 36.1285
781 58.2427 36.1249
594 58.3986 36.1213
675 58.5595 36.1176
55 58.6921 36.1145
865 58.8371 36.1111
6 59.0252 36.1068
27 59.1955 36.1028
681 59.3663 36.0989
197 59.5508 36.0946
232 60.7524 36.0666
644 60.6925 35.8126
323 60.6101 35.4627
819 60.5021 35.0044
355 60.4512 34.7888
43 60.4024 34.5815
217 60.3477 34.3497
357 60.2871 34.0923
209 60.1965 33.7079
870 60.1965 33.7079
419 61.8716 26.8555
873 62.2082 26.1713
103 67.6092 15.1956
959 68.192 15.4216
295 68.7346 15.632
581 69.24 15.828
721 69.7885 16.0406
176 70.3286 16.2501
777 70.9343 16.4849
24 72.1795 16.9677
598 73.597 17.5173
504 75.4485 18.2352
