0,260,627,979,345,483,243,98,33,590,466,609,195,136,274,920,745,520,977,835,592,29,583,553,107,941,198,684,387,425,850,951,932,884,506,242,497,170,334,838,967,852,201,450,579,383,385,372,528,204,311,473,660,725,322,25,685,332,928,740,889,983,135,845,648,775,854,18,42,52,159,145,823,893,83,620,318,158,666,251,622,544,580,149,417,353,481,813,742,864,820,494,817,937,818,465,297,273,285,464,71,140,179,320,882,344,895,532,618,516,530,992,801,800,395,126,335,415,754,118,980,12,511,624,408,856,23,367,584,887,636,659,156,826,185,575,911,202,861,62,851,280,477,378,737,369,802,165,816,317,536,245,690,952,313,642,782,567,229,562,434,177,774,259,931,40,406,746,896,814,82,984,248,947,713,193,541,755,940,874,172,807,105,866,961,738,72,840,563,5,880,343,559,270,92,564,389,806,129,437,707,763,319,375,752,139,241,877,561,230,613,766,448,305,309,539,53,662,146,206,189,292,548,181,294,974,22,614,226,918,150,872,449,394,239,569,252,124,265,919,416,215,649,960,689,392,672,76,833,916,442,368,753,578,13,761,431,271,231,954,773,141,428,167,223,593,490,288,50,360,550,249,768,456,227,933,462,611,430,714,712,409,36,696,424,58,521,859,73,253,120,469,15,20,88,638,115,871,795,695,491,631,418,28,244,93,886,17,41,306,96,2,610,808,16,786,44,885,757,60,776,697,184,256,651,470,973,296,608,441,750,570,213,325,321,780,106,944,75,39,547,827,955,718,905,736,585,711,178,31,426,953,301,792,405,199,1,628,240,183,95,436,914,433,568,316,169,90,830,546,399,988,678,236,815,48,699,803,759,557,200,380,247,300,982,615,138,401,108,444,868,969,637,447,719,693,386,495,203,304,435,446,364,263,153,892,554,347,686,502,234,132,77,192,445,130,667,398,694,966,3,457,639,680,275,255,657,346,734,131,517,556,272,879,219,376,860,338,939,589,717,81,482,113,503,361,703,607,298,747,784,220,630,411,970,162,552,500,796,400,114,739,524,991,371,799,381,277,427,14,560,665,728,374,890,224,339,701,207,948,119,487,551,878,600,950,454,730,79,965,903,772,233,97,764,326,924,726,526,981,266,99,599,479,349,927,451,733,501,788,957,443,329,537,729,507,390,21,825,308,705,946,888,137,645,789,382,971,635,735,720,897,429,901,601,574,359,168,493,267,510,59,756,658,591,34,571,640,604,846,587,327,333,324,545,633,142,771,228,841,57,616,849,422,652,797,698,731,936,47,749,100,758,489,770,212,182,990,542,708,166,174,214,279,341,352,154,858,303,565,196,760,122,677,336,908,128,312,116,691,391,496,805,925,972,505,218,148,938,531,949,463,423,157,476,534,330,909,663,863,123,384,78,373,956,527,222,403,32,46,655,65,10,499,328,125,700,673,455,898,268,710,87,514,794,943,963,205,121,829,283,4,74,661,86,133,958,572,836,985,299,258,722,61,187,412,812,362,881,588,331,629,682,899,741,902,402,474,8,488,641,643,211,439,366,646,348,674,602,254,822,702,284,573,287,518,363,351,64,407,246,669,653,704,883,111,310,250,221,261,824,549,467,421,289,915,337,869,586,709,307,257,191,626,354,834,160,278,486,26,787,934,379,853,475,529,612,89,723,512,38,452,566,790,388,679,7,525,913,522,237,664,269,935,783,876,11,413,603,302,862,688,508,811,619,989,37,692,461,917,480,356,151,848,49,543,180,397,438,155,414,535,706,748,687,147,276,912,891,922,839,778,342,472,929,194,127,945,804,210,459,724,264,104,923,809,798,453,986,855,513,976,523,676,484,235,857,964,577,282,468,286,404,54,540,894,968,410,171,715,765,365,163,370,621,56,350,533,596,80,30,188,921,144,732,134,216,632,208,291,112,225,576,281,793,101,769,175,498,910,683,558,186,779,94,91,617,471,35,597,582,671,743,340,647,9,904,962,942,744,420,109,102,832,867,67,84,656,975,161,173,987,485,595,68,900,393,625,762,727,432,51,293,509,238,654,110,152,668,290,315,907,460,837,767,605,791,515,190,440,650,478,847,396,538,810,262,43,314,906,716,357,644,634,828,843,870,492,519,926,85,66,197,681,844,45,69,323,751,670,623,70,875,606,842,217,675,594,63,978,143,117,232,209,355,555,458,55,865,831,377,19,785,930,358,164,295,581,777,24,959,504,819,419,873,821,27,781,6,176,598,721,103,
value : 393.881 running time : 2672.624630
0 80 20
260 86.2684 17.5916
627 86.2684 17.5916
979 86.2684 17.5916
345 86.2684 17.5916
483 86.2684 17.5916
243 86.1553 19.2664
98 85.7126 25.8022
33 85.3972 30.4631
590 85.102 34.8271
466 84.7583 39.9064
609 84.6807 41.0571
195 84.6091 42.1177
136 84.547 43.0389
274 84.4973 43.7754
920 84.4474 44.5161
745 84.402 45.1893
520 84.3376 46.1435
977 84.1894 48.3381
835 84.1614 48.7538
592 84.1287 49.2383
29 84.0939 49.755
583 83.995 51.2194
553 83.985 51.369
107 83.9117 54.4259
941 83.8417 57.345
198 83.8441 57.367
684 83.8466 57.3892
387 83.8489 57.4104
425 83.8512 57.4317
850 83.8537 57.4545
951 83.8816 57.7095
932 83.9125 57.9908
884 83.9466 58.3021
506 83.9829 58.6334
242 84.0186 58.9594
497 84.0557 59.298
170 84.0985 59.6884
334 84.1446 60.1098
838 84.1919 60.5414
967 84.2473 61.0465
852 84.5106 63.4467
201 84.7641 65.7584
450 85.1328 69.1193
579 85.3682 71.265
383 85.4889 72.3667
385 85.7303 74.5673
372 86.3284 80.018
528 86.2056 80.2034
204 86.0765 80.3982
311 85.9416 80.6019
473 85.7905 80.8298
660 85.6604 81.0262
725 85.4892 81.2846
322 85.3435 81.5044
25 85.2254 81.6828
685 85.0996 81.8727
332 84.973 82.0637
928 80.7599 88.4235
740 80.4748 88.4201
889 80.193 88.4167
983 79.517 88.4085
135 78.0396 88.3908
845 76.3363 88.3703
648 75.3874 88.3589
775 74.0283 88.3426
854 72.8128 88.328
18 71.5869 88.3132
42 71.5798 88.3131
52 71.5728 88.3131
159 71.5658 88.313
145 71.5582 88.3129
823 71.5511 88.3128
893 71.5443 88.3127
83 71.5362 88.3126
620 71.5291 88.3125
318 71.522 88.3125
158 71.5147 88.3124
666 71.5074 88.3123
251 71.4999 88.3122
622 71.4923 88.3121
544 71.4853 88.312
580 71.4784 88.3119
149 71.4708 88.3118
417 71.4634 88.3117
353 71.4558 88.3117
481 71.4482 88.3116
813 71.4412 88.3115
742 71.4342 88.3114
864 71.427 88.3113
820 71.42 88.3112
494 70.8791 88.3047
817 70.2368 88.297
937 69.725 88.2909
818 69.2099 88.2847
465 68.4342 88.2754
297 67.6444 88.2659
273 66.9229 88.2572
285 66.2629 88.2493
464 65.5223 88.2404
71 64.8034 88.2317
140 58.8248 88.1599
179 56.8848 88.1365
320 55.5537 88.1206
882 54.6023 88.1091
344 54.551 88.1085
895 54.5002 88.1079
532 54.4467 88.1073
618 54.4058 88.1068
516 54.3643 88.1063
530 54.3244 88.1058
992 54.2866 88.1053
801 54.2465 88.1049
800 54.2034 88.1043
395 54.1612 88.1038
126 54.114 88.1033
335 54.0707 88.1027
415 54.0265 88.1022
754 53.9832 88.1017
118 53.9398 88.1012
980 53.8954 88.1006
12 53.8509 88.1001
511 53.805 88.0996
624 53.7611 88.099
408 53.7176 88.0985
856 53.676 88.098
23 53.6319 88.0975
367 53.5885 88.097
584 53.5448 88.0964
887 53.4995 88.0959
636 53.4517 88.0953
659 53.4048 88.0948
156 53.3612 88.0942
826 53.3198 88.0937
185 53.2803 88.0933
575 53.2367 88.0927
911 53.1912 88.0922
202 53.1434 88.0916
861 53.0942 88.091
62 53.0463 88.0905
851 53.0001 88.0899
280 52.9547 88.0894
477 52.9101 88.0888
378 52.8606 88.0882
737 52.7866 88.0873
369 52.7119 88.0865
802 52.634 88.0855
165 52.567 88.0847
816 52.5084 88.084
317 52.4458 88.0833
536 52.3743 88.0824
245 52.3078 88.0816
690 52.2423 88.0808
952 52.1745 88.08
313 52.1071 88.0792
642 52.0391 88.0784
782 51.9749 88.0776
567 51.9116 88.0769
229 51.8379 88.076
562 51.7575 88.075
434 51.6912 88.0742
177 51.6232 88.0734
774 51.5409 88.0724
259 51.462 88.0715
931 51.3827 88.0705
40 51.2257 88.0686
406 51.0669 88.0667
746 50.9146 88.0649
896 50.7662 88.0631
814 50.6067 88.0612
82 50.4565 88.0594
984 50.3219 88.0578
248 49.6971 88.0503
947 49.1751 88.044
713 48.6272 88.0375
193 48.108 88.0312
541 47.6276 88.0255
755 47.0951 88.0191
940 46.598 88.0131
874 46.0526 88.0066
172 45.9482 88.0053
807 45.8528 88.0042
105 45.7608 88.0031
866 45.6656 88.0019
961 45.5712 88.0008
738 44.3025 87.9856
72 44.0389 87.9824
840 43.8143 87.9797
563 43.6011 87.9772
5 43.3611 87.9743
880 43.0756 87.9709
343 42.443 87.9633
559 41.7823 87.9554
270 40.8853 87.9446
92 40.588 87.941
564 40.325 87.9379
389 40.0414 87.9345
806 39.7383 87.9308
129 39.4873 87.9278
437 39.2324 87.9248
707 38.9768 87.9217
763 38.7333 87.9188
319 38.472 87.9157
375 38.1789 87.9121
752 37.674 87.9061
139 37.2421 87.9009
241 37.1613 87.8918
877 37.0797 87.8826
561 36.9987 87.8735
230 36.9144 87.864
613 36.8315 87.8546
766 36.7501 87.8454
448 36.6504 87.8342
305 36.5515 87.823
309 36.4379 87.8102
539 36.3236 87.7973
53 36.2045 87.7839
662 36.0826 87.7701
146 36.0757 87.7731
206 36.0693 87.7759
189 36.0631 87.7786
292 36.0565 87.7815
548 36.0494 87.7845
181 36.0427 87.7875
294 36.0366 87.7901
974 36.0294 87.7932
22 36.0232 87.7959
614 36.0174 87.7984
226 36.011 87.8012
918 36.0037 87.8044
150 35.9968 87.8074
872 35.9904 87.8101
449 35.9835 87.8131
394 35.9769 87.816
239 35.9701 87.8189
569 35.9635 87.8218
252 35.9576 87.8244
124 35.9506 87.8274
265 35.943 87.8307
919 35.381 87.7821
416 34.7918 87.7312
215 34.2123 87.6811
649 33.6102 87.6291
960 32.9653 87.5733
689 32.4507 87.5288
392 31.1113 87.6476
672 30.0136 87.745
76 28.9953 87.8353
833 27.9754 87.9258
916 26.8249 88.0278
442 25.7046 88.1271
368 25.6367 88.133
753 25.5697 88.1389
578 25.5022 88.1448
13 25.4365 88.1506
761 25.3734 88.1561
431 25.3099 88.1617
271 25.2463 88.1673
231 25.1814 88.173
954 25.1152 88.1788
773 25.0492 88.1846
141 24.9829 88.1904
428 24.9162 88.1963
167 24.8488 88.2022
223 24.7812 88.2081
593 24.7096 88.2144
490 24.6373 88.2208
288 24.566 88.2271
50 24.4945 88.2333
360 24.4228 88.2396
550 24.3515 88.2459
249 24.281 88.2521
768 24.2098 88.2583
456 24.141 88.2644
227 24.0729 88.2704
933 24.0729 88.2704
462 24.0729 88.2704
611 24.0729 88.2704
430 24.0729 88.2704
714 24.0729 88.2704
712 24.0729 88.2704
409 24.0729 88.2704
36 24.0729 88.2704
696 24.0729 88.2704
424 24.0729 88.2704
58 24.0729 88.2704
521 24.0729 88.2704
859 24.0729 88.2704
73 24.0729 88.2704
253 24.0729 88.2704
120 24.0729 88.2704
469 24.0729 88.2704
15 24.0729 88.2704
20 24.0729 88.2704
88 24.0481 88.2712
638 24.0245 88.2721
115 23.9993 88.273
871 23.9753 88.2738
795 23.9519 88.2746
695 23.9269 88.2755
491 23.9029 88.2764
631 23.8792 88.2772
418 23.8549 88.2781
28 23.8305 88.2789
244 23.805 88.2798
93 23.7804 88.2807
886 23.7566 88.2816
17 23.733 88.2824
41 23.71 88.2832
306 23.6867 88.284
96 23.6634 88.2849
2 23.6398 88.2857
610 23.6152 88.2866
808 23.5911 88.2874
16 23.5658 88.2883
786 23.5406 88.2892
44 23.5146 88.2901
885 23.4892 88.291
757 23.4639 88.2919
60 23.4388 88.2928
776 23.4126 88.2937
697 23.3877 88.2946
184 23.3627 88.2955
256 23.3388 88.2963
651 23.3131 88.2972
470 23.2878 88.2981
973 21.7146 88.3526
296 20.2265 88.4043
608 17.9373 88.4835
441 15.4149 88.5707
750 13.8923 88.623
570 11.3884 88.7096
213 9.41919 88.7778
325 9.41072 88.7781
321 9.40174 88.7784
780 9.39235 88.7787
106 9.38194 88.7791
944 9.37247 88.7794
75 9.36303 88.7797
39 9.35364 88.7801
547 9.34465 88.7804
827 9.33576 88.7807
955 9.32734 88.781
718 9.31812 88.7813
905 9.3089 88.7817
736 9.29944 88.782
585 9.28989 88.7823
711 9.28105 88.7826
178 9.27233 88.7829
31 9.26355 88.7833
426 9.25397 88.7836
953 9.24449 88.7839
301 9.23544 88.7842
792 9.22624 88.7846
405 9.21711 88.7849
199 9.20832 88.7852
1 9.19959 88.7855
628 9.19078 88.7858
240 9.182 88.7861
183 9.17347 88.7864
95 9.16405 88.7868
436 9.15455 88.7871
914 9.14488 88.7875
433 9.13583 88.7878
568 9.12664 88.7881
316 9.11757 88.7884
169 9.1081 88.7888
90 9.09882 88.7891
830 9.08994 88.7894
546 9.08994 88.7894
399 9.08994 88.7894
988 9.08994 88.7894
678 9.0915 88.7668
236 9.09308 88.7436
815 9.09479 88.7188
48 9.09644 88.6947
699 9.09796 88.6725
803 9.09948 88.6505
759 9.10105 88.6275
557 9.1025 88.6063
200 9.10394 88.5855
380 9.10547 88.5632
247 9.10719 88.5381
300 9.10885 88.5138
982 9.11046 88.4904
615 9.11206 88.467
138 9.11353 88.4457
401 9.1151 88.4228
108 9.11666 88.4001
444 9.11819 88.3778
868 9.11964 88.3567
969 9.1212 88.3339
637 9.1228 88.3106
447 9.12437 88.2877
719 9.12598 88.2642
693 9.12753 88.2417
386 9.12911 88.2187
495 9.13074 88.195
203 9.13232 88.172
304 9.13378 88.1507
435 9.13528 88.1289
446 9.24073 86.5857
364 9.35503 84.9129
263 9.48219 83.0516
153 9.63602 80.7994
892 9.83025 77.9543
554 10.0558 74.6488
347 10.3559 70.246
686 10.3723 70.2425
502 10.3892 70.2389
234 10.4046 70.2356
132 10.4214 70.232
77 10.4359 70.2289
192 10.4516 70.2255
445 10.4665 70.2223
130 10.4827 70.2188
667 10.4974 70.2157
398 10.5135 70.2122
694 10.5279 70.2091
966 10.5433 70.2058
3 10.56 70.2023
457 10.5758 70.1989
639 10.5916 70.1955
680 10.6087 70.1918
275 10.6251 70.1883
255 10.6396 70.1852
657 10.6551 70.1819
346 10.6709 70.1785
734 10.6863 70.1752
131 10.7025 70.1717
517 10.7178 70.1684
556 10.7341 70.1649
272 10.7509 70.1613
879 10.7668 70.1579
219 10.7825 70.1545
376 10.7983 70.1511
860 10.8141 70.1478
338 10.8299 70.1444
939 10.8452 70.1411
589 10.8624 70.1374
717 10.8787 70.1339
81 10.8965 70.1301
482 10.9132 70.1265
113 10.9295 70.123
503 10.9453 70.1196
361 10.9615 70.1161
703 10.9768 70.1129
607 10.9919 70.1096
298 11.0079 70.1062
747 11.0253 70.1025
784 11.0427 70.0987
220 11.0605 70.0949
630 11.0771 70.0914
411 11.0937 70.0878
970 11.1094 70.0844
162 11.1257 70.0809
552 11.1424 70.0773
500 11.1579 70.074
796 11.1736 70.0707
400 11.1892 70.0673
114 11.205 70.0639
739 11.2206 70.0606
524 11.2359 70.0573
991 11.2503 70.0542
371 11.2653 70.051
799 11.2808 70.0477
381 11.2966 70.0443
277 11.3132 70.0407
427 11.3295 70.0372
14 11.3459 70.0337
560 11.3628 70.0301
665 11.3784 70.0267
728 11.3943 70.0233
374 11.4111 70.0197
890 11.4273 70.0163
224 11.4794 70.0051
339 11.5398 69.9921
701 11.5962 69.98
207 11.6514 69.9681
948 13.5239 69.5652
119 15.467 69.1471
487 17.5276 68.7036
551 19.6513 68.2466
878 21.8935 67.7638
600 21.8935 67.7638
950 21.8935 67.7638
454 21.8935 67.7638
730 21.9008 67.7425
79 21.9086 67.7201
965 21.9155 67.6999
903 21.9226 67.6795
772 21.9296 67.6592
233 21.9364 67.6393
97 21.9428 67.6209
764 21.9494 67.6016
326 21.9556 67.5837
924 21.9623 67.5642
726 21.9689 67.545
526 21.976 67.5246
981 21.9833 67.5035
266 21.9897 67.4848
99 21.9965 67.4652
599 22.0036 67.4444
479 22.0102 67.4253
349 22.0175 67.4042
927 22.0244 67.3841
451 22.0317 67.363
733 22.0385 67.3433
501 22.0451 67.3241
788 22.052 67.3042
957 22.0586 67.2851
443 22.0648 67.2671
329 22.0717 67.2469
537 22.0783 67.2278
729 22.0857 67.2064
507 22.0926 67.1865
390 22.099 67.1678
21 22.1054 67.1493
825 22.1115 67.1315
308 22.3274 66.5042
705 22.3271 66.5033
946 22.3267 66.5024
888 22.3264 66.5016
137 22.3261 66.5008
645 22.3258 66.5
789 22.3254 66.4991
382 22.3251 66.4982
971 22.3248 66.4973
635 22.3244 66.4964
735 22.3241 66.4956
720 22.3238 66.4947
897 22.3234 66.4938
429 22.3231 66.493
901 22.3228 66.4922
601 22.3225 66.4913
574 22.3222 66.4905
359 22.3218 66.4896
168 22.3215 66.4888
493 22.3212 66.488
267 22.3212 66.4879
510 22.3212 66.4879
59 22.3212 66.4879
756 22.3212 66.4879
658 22.3212 66.4879
591 22.3212 66.4879
34 22.3212 66.4879
571 22.3212 66.4879
640 22.3212 66.4879
604 22.3212 66.4879
846 22.3212 66.4879
587 22.3212 66.4879
327 22.3212 66.4879
333 22.3212 66.4879
324 19.6984 62.8433
545 18.2262 60.7972
633 16.5619 58.4841
142 15.1615 56.5377
771 13.9353 54.8335
228 13.1982 53.8088
841 13.004 53.5387
57 12.8227 53.2866
616 12.6521 53.0494
849 12.5264 52.8746
422 12.4864 52.819
652 12.4436 52.7594
797 12.4028 52.7027
698 12.3615 52.6452
731 12.3186 52.5854
936 12.2794 52.531
47 12.2401 52.4762
749 12.2015 52.4226
100 12.1641 52.3705
758 12.1268 52.3186
489 12.088 52.2646
770 12.05 52.2118
212 12.0141 52.1619
182 11.9859 52.1227
990 11.9569 52.0822
542 11.9319 52.0475
708 11.9066 52.0123
166 11.8817 51.9776
174 11.857 51.9433
214 11.832 51.9085
279 11.8074 51.8743
341 11.7819 51.8388
352 11.7572 51.8043
154 11.7323 51.7697
858 11.7081 51.7362
303 11.6834 51.7018
565 11.6592 51.668
196 11.6343 51.6335
760 11.6084 51.5974
122 11.5817 51.5603
677 11.5817 51.5598
336 11.5818 51.5592
908 11.5818 51.5587
128 11.5818 51.5583
312 11.5818 51.5578
116 11.5818 51.5574
691 11.5818 51.5569
391 11.5819 51.5564
496 11.5819 51.556
805 11.5819 51.5556
925 11.5819 51.5552
972 11.5819 51.5547
505 11.5819 51.5543
218 11.5819 51.5538
148 11.582 51.5533
938 11.582 51.5529
531 11.582 51.5525
949 11.5989 51.0312
463 11.6147 50.5413
423 11.63 50.0695
157 11.6436 49.6487
476 11.6567 49.2462
534 11.6689 48.869
330 11.6809 48.5
909 11.6845 48.3906
663 11.688 48.2818
863 11.6915 48.1747
123 11.6949 48.0714
384 11.6982 47.9697
78 11.7014 47.8713
373 11.7045 47.7768
956 11.7076 47.6827
527 11.7296 47.0026
222 11.7603 46.0498
403 11.7925 45.0529
32 11.8264 44.0029
46 11.855 43.1156
655 11.8825 42.2637
65 11.9073 41.4982
10 11.9275 40.873
499 11.9473 40.2624
328 11.9765 39.3554
125 12.0438 37.2637
700 12.1047 35.3709
673 12.1659 33.4666
455 12.2084 32.1484
898 12.2346 31.3381
268 12.2387 31.2105
710 12.2429 31.084
87 12.247 30.9576
514 12.2511 30.8315
794 12.2552 30.7066
943 12.2592 30.5835
963 12.2632 30.4621
205 12.267 30.3441
121 12.273 30.1608
829 12.2791 29.9728
283 12.2857 29.7716
4 12.2924 29.5641
74 12.299 29.3611
661 12.3055 29.1608
86 12.3121 28.96
133 12.3191 28.7433
958 12.3263 28.5225
572 12.3672 27.2548
836 12.4104 25.9127
985 12.4572 24.4601
299 12.5294 22.2123
258 12.6115 19.6569
722 12.7225 16.19
61 12.7225 16.19
187 12.7225 16.19
412 12.8777 15.5077
812 13.0379 14.8032
362 13.1555 14.8094
881 13.2753 14.8158
588 13.3998 14.8224
331 13.5269 14.8291
629 13.6614 14.8362
682 13.7998 14.8435
899 13.9395 14.8509
741 14.0482 14.8566
902 14.1556 14.8623
402 14.2591 14.8678
474 14.3609 14.8732
8 14.4616 14.8785
488 14.56 14.8837
641 14.6587 14.8889
643 14.7498 14.8938
211 14.8375 14.8984
439 14.9243 14.903
366 15.0059 14.9073
646 15.0879 14.9117
348 17.4481 15.0352
674 19.9788 15.1677
602 23.3213 15.3418
254 25.5393 15.226
822 28.0104 15.0971
702 29.1481 15.0376
284 30.3721 14.9735
573 31.7414 14.9019
287 33.101 14.8308
518 34.3983 14.763
363 34.4551 15.5578
351 34.5128 16.3657
64 34.5698 17.1634
407 34.6304 18.0115
246 34.6909 18.8581
669 34.7556 19.7629
653 34.8627 21.259
704 34.9799 22.8949
883 35.1021 24.6011
111 35.2324 26.4201
310 35.3718 28.3656
250 35.5277 30.5352
221 35.525 30.5728
261 35.5223 30.6105
824 35.5195 30.649
549 35.5166 30.6889
467 35.5139 30.7262
421 35.5111 30.7642
289 35.5085 30.8006
915 35.5056 30.8402
337 35.5022 30.8864
869 35.4976 30.9499
586 35.4932 31.0104
709 35.4889 31.0698
307 35.4844 31.1318
257 35.4797 31.197
191 35.4751 31.2593
626 35.4707 31.3199
354 35.4653 31.3948
834 35.4594 31.4759
160 35.4535 31.557
278 35.4476 31.6384
486 35.4418 31.719
26 35.4361 31.7972
787 35.3956 32.3533
934 35.3503 32.9759
379 35.2332 34.5833
853 35.0412 37.2172
475 34.7973 40.5616
529 34.7973 40.5616
612 34.7973 40.5616
89 35.3766 42.7776
723 35.3766 42.7776
512 35.4139 42.8558
38 35.4476 42.9264
452 35.4825 42.9994
566 35.5157 43.0691
790 35.5483 43.1373
388 35.5809 43.2058
679 35.6148 43.2767
7 35.6506 43.3517
525 35.687 43.4282
913 35.7241 43.5058
522 35.7608 43.5827
237 35.7952 43.6549
664 35.8256 43.7185
269 35.8591 43.7888
935 35.8907 43.855
783 35.9295 43.9363
876 35.9686 44.0183
11 36.0065 44.0976
413 36.0472 44.1831
603 36.0879 44.2684
302 36.1263 44.3487
862 36.1649 44.4296
688 36.2026 44.5087
508 36.2389 44.5847
811 36.2751 44.6607
619 36.3145 44.7433
989 36.3538 44.8256
37 36.3919 44.9054
692 36.4437 45.0141
461 36.4976 45.1269
917 36.5454 45.2272
480 36.5939 45.3288
356 36.644 45.4338
151 36.693 45.5365
848 36.7478 45.6512
49 36.7982 45.7568
543 36.8474 45.86
180 36.9006 45.9715
397 36.9504 46.0759
438 37.0147 46.2107
155 37.115 46.4208
414 37.2118 46.6237
535 37.3198 46.8501
706 37.5183 47.266
748 37.7365 47.7231
687 38.0013 48.278
147 38.4002 49.1138
276 38.8024 49.9563
912 39.2124 50.8152
891 39.4787 51.3732
922 39.746 51.9333
839 40.0015 52.4686
778 40.2364 52.9609
342 40.4972 53.5074
472 40.77 54.079
929 41.0754 54.7188
194 41.3881 55.374
127 41.8126 56.2634
945 42.2801 57.2429
804 42.9332 58.6109
210 43.519 59.8382
459 44.5195 61.9339
724 45.4564 63.8965
264 45.4564 63.8965
104 45.4564 63.8965
923 45.4564 63.8965
809 45.4564 63.8965
798 45.4564 63.8965
453 45.4564 63.8965
986 45.4564 63.8965
855 45.4564 63.8965
513 45.4564 63.8965
976 45.4564 63.8965
523 45.5375 63.9056
676 45.6192 63.9148
484 45.6995 63.9238
235 45.7805 63.9329
857 45.8609 63.942
964 45.9112 63.9476
577 45.958 63.9529
282 46.0029 63.9579
468 46.0471 63.9629
286 46.0905 63.9678
404 46.1296 63.9722
54 46.1714 63.9769
540 46.2137 63.9817
894 46.2763 63.9887
968 46.3397 63.9958
410 46.4007 64.0027
171 46.4618 64.0096
715 46.5247 64.0166
765 46.5887 64.0238
365 46.6539 64.0312
163 46.7225 64.0389
370 46.7932 64.0468
621 46.8681 64.0552
56 46.9425 64.0636
350 47.02 64.0723
533 47.1128 64.0827
596 47.2089 64.0935
80 47.3183 64.1058
30 47.4388 64.1194
188 48.295 64.2152
921 48.9553 64.2891
144 48.978 64.2917
732 49.0023 64.2944
134 49.028 64.2973
216 49.0546 64.3003
632 49.0804 64.3032
208 49.1052 64.306
291 49.1277 64.3085
112 49.1585 64.312
225 49.1858 64.3151
576 49.2146 64.3183
281 49.2451 64.3217
793 49.2766 64.3253
101 49.3061 64.3286
769 49.3359 64.3319
175 49.3632 64.335
498 49.3944 64.3385
910 49.4244 64.3419
683 49.6915 64.3719
558 49.9744 64.4036
186 50.2652 64.4362
779 50.5621 64.4695
94 50.8627 64.5032
91 51.1466 64.535
617 51.4318 64.567
471 51.7215 64.5995
35 52.5324 64.6903
597 53.3549 64.7824
582 55.0853 64.9759
671 56.762 65.1633
743 57.5418 65.2507
340 58.3648 65.3428
647 59.1676 65.4326
9 59.967 65.5221
904 60.7785 65.613
962 61.508 65.6947
942 62.0718 65.7578
744 62.5543 65.8119
420 62.5543 65.8119
109 62.5543 65.8119
102 62.5543 65.8119
832 62.5543 65.8119
867 62.5543 65.8119
67 62.5543 65.8119
84 62.5543 65.8119
656 62.5543 65.8119
975 62.5543 65.8119
161 62.5517 65.789
173 62.5493 65.7678
987 62.5468 65.746
485 62.5441 65.7229
595 62.5417 65.7017
68 62.5393 65.6804
900 62.5369 65.6594
393 62.5343 65.6369
625 62.5317 65.6143
762 62.5293 65.5929
727 62.5269 65.572
432 62.5244 65.5503
51 62.5219 65.5283
293 62.5191 65.5039
509 62.5166 65.4818
238 62.514 65.4588
654 62.5114 65.4365
110 62.5088 65.4134
152 62.5061 65.3902
668 62.5035 65.3667
290 62.5009 65.3439
315 62.4981 65.3201
907 62.4953 65.2949
460 62.4926 65.2713
837 62.4897 65.2464
767 62.4321 64.7453
605 62.3747 64.2457
791 62.3192 63.7624
515 62.264 63.2821
190 62.2094 62.8072
440 62.155 62.3333
650 62.1011 61.8639
478 62.0475 61.3973
847 61.9922 60.9157
396 61.7635 58.9322
538 61.5274 56.8823
810 61.2914 54.8344
262 61.0597 52.825
43 60.8348 50.8734
314 60.6386 49.1703
906 60.4708 47.7122
716 60.3503 46.6648
357 60.3057 46.277
644 60.2636 45.9098
634 60.2234 45.5597
828 60.1839 45.2162
843 60.1576 44.9868
870 60.1271 44.7206
492 60.096 44.45
519 60.0624 44.1569
926 60.0263 43.8421
85 59.9885 43.5129
66 59.9123 42.8511
197 59.8375 42.1998
681 59.8375 42.1998
844 59.8375 42.1998
45 59.8375 42.1998
69 59.8375 42.1998
323 59.9084 42.0605
751 59.9771 41.9256
670 60.0488 41.7848
623 60.0565 41.6715
70 60.0652 41.5442
875 60.0766 41.3768
606 60.0882 41.2062
842 60.0998 41.0361
217 60.1136 40.8341
675 60.1274 40.6304
594 60.141 40.4309
63 60.1546 40.2309
978 60.1691 40.0179
143 60.184 39.7998
117 60.2021 39.5329
232 60.2702 38.5332
209 60.7482 31.5199
355 60.7756 31.4065
555 60.8036 31.2907
458 60.8318 31.1739
55 60.8608 31.0538
865 60.8902 30.9322
831 60.9221 30.8004
377 60.9545 30.6659
19 60.9877 30.5287
785 61.064 30.2133
930 61.1485 29.8637
358 61.284 29.3038
164 61.4422 28.6499
295 61.6152 27.9354
581 61.7672 27.3072
777 61.8863 26.8149
24 61.8863 26.8148
959 61.8863 26.8148
504 61.8863 26.8148
819 61.8863 26.8147
419 61.8864 26.8147
873 62.2242 26.1283
821 62.6582 25.2467
27 63.1109 24.3273
781 63.7388 23.052
6 64.4934 21.5198
176 65.3016 19.8789
598 66.1254 18.2059
721 66.9128 16.6071
103 67.6075 15.1963
