0,260,345,627,243,979,483,98,835,33,590,520,838,466,592,274,745,951,195,920,609,29,553,387,242,670,932,967,656,334,850,170,941,201,497,425,107,884,136,198,977,506,383,583,852,684,975,579,372,385,25,204,332,660,740,528,450,473,322,685,311,928,889,983,937,813,145,622,158,465,775,580,494,648,666,251,353,417,149,42,620,52,83,818,318,135,864,297,742,854,893,845,820,71,481,159,823,544,725,817,285,273,464,18,434,618,814,23,516,193,746,774,856,896,408,177,344,202,406,320,851,317,369,816,280,861,911,335,575,984,477,378,185,992,62,82,782,947,156,940,659,882,584,367,259,313,179,511,532,118,245,887,248,12,636,642,980,567,737,754,931,541,105,395,229,801,126,895,961,40,880,624,690,536,415,530,140,952,563,826,755,564,562,270,559,713,343,5,766,239,389,874,763,375,172,181,974,150,840,265,807,672,569,305,22,92,738,614,241,165,548,561,292,72,707,449,866,394,539,309,437,129,146,649,230,296,319,448,877,294,215,416,919,960,53,613,752,206,189,806,252,662,918,226,223,139,872,60,231,578,696,611,167,753,470,795,288,120,859,469,244,227,776,550,608,249,491,271,392,41,697,833,712,409,28,256,442,521,441,638,773,631,418,786,651,916,44,885,757,20,871,808,610,2,96,306,93,886,13,368,428,253,36,73,714,17,490,761,768,456,76,462,430,141,15,424,593,115,431,184,169,637,50,585,711,792,1,199,236,914,678,108,736,868,399,693,719,138,447,568,699,953,426,759,364,718,405,444,570,436,88,615,969,628,982,300,446,401,750,827,213,973,75,178,780,435,892,58,301,386,803,988,551,547,325,554,380,890,374,48,933,240,560,304,546,200,263,557,106,247,360,944,90,955,316,39,321,905,695,815,153,183,830,95,203,495,31,275,552,860,338,346,680,168,607,703,298,192,726,667,219,879,639,272,556,457,3,130,517,131,734,445,531,760,326,796,487,772,657,502,255,339,398,196,503,427,277,728,482,381,799,77,371,991,524,739,114,207,376,966,665,589,500,686,224,113,701,81,717,939,433,234,970,411,630,220,784,747,694,97,948,347,764,119,825,14,361,429,162,400,600,390,689,329,16,454,658,599,735,99,730,789,451,266,981,34,846,645,950,635,21,729,705,507,897,382,501,537,591,604,233,574,788,733,349,526,640,124,878,333,443,888,571,720,137,946,587,327,132,924,479,954,971,756,493,901,79,359,965,267,903,510,308,839,601,957,927,324,545,59,908,373,633,352,303,663,616,57,841,771,691,805,403,123,166,542,422,142,956,925,336,391,938,708,222,312,218,174,214,565,677,909,154,858,949,499,228,505,972,148,279,936,731,698,797,652,496,990,116,534,476,157,423,463,849,128,384,47,749,100,758,489,770,212,182,527,122,341,78,863,655,328,283,125,985,10,65,32,46,330,700,710,133,299,205,836,572,943,829,268,87,794,898,86,958,121,74,514,612,602,899,455,4,258,331,641,646,8,187,488,682,722,881,674,254,211,366,362,412,348,741,902,402,474,812,963,588,661,673,61,629,518,310,287,407,573,64,351,704,822,111,883,363,653,246,439,643,669,337,379,915,702,284,626,250,834,467,549,824,261,221,160,307,421,934,853,787,26,486,289,709,586,869,191,354,278,723,522,302,935,664,147,37,687,783,876,11,811,508,413,688,862,913,778,748,269,529,512,38,452,566,790,388,679,7,525,706,535,414,155,438,397,257,603,180,543,49,692,848,917,989,151,237,461,480,619,356,475,891,472,89,127,210,912,194,945,922,342,843,453,186,929,779,468,809,85,921,857,459,404,80,724,208,968,134,91,798,94,225,235,683,175,732,558,855,291,171,281,101,793,596,163,976,804,540,484,617,632,264,910,576,513,715,350,410,56,216,676,144,471,621,498,533,769,582,286,54,802,577,597,365,894,161,986,104,765,625,370,743,523,30,923,800,671,744,109,907,478,605,460,509,51,727,112,67,650,867,293,962,290,791,654,432,767,485,837,84,35,904,190,238,900,987,68,647,832,420,315,942,810,964,762,9,188,538,282,595,340,393,110,152,668,847,173,440,515,102,70,606,978,217,675,519,926,396,276,69,842,751,197,623,594,492,262,143,357,870,117,232,875,634,930,45,644,63,43,314,906,716,844,781,828,358,377,27,323,458,66,19,209,295,819,598,681,865,831,355,821,6,164,785,555,873,55,419,103,24,959,721,777,581,504,176,
value : 397.643 running time : 2059.118075
0 80 20
260 86.2684 17.5916
345 86.2684 17.5916
627 86.2684 17.5916
243 86.2684 17.5916
979 86.2684 17.5916
483 86.2684 17.5916
98 85.4619 25.9499
835 84.9602 31.1529
33 84.7299 33.5426
590 84.4896 36.0363
520 84.2106 38.9313
838 83.8726 42.4371
466 83.8292 42.8883
592 83.7846 43.3516
274 83.742 43.794
745 83.697 44.2613
951 83.6458 44.792
195 83.6003 45.2653
920 83.5556 45.7291
609 83.5148 46.1523
29 83.4692 46.6259
553 83.4195 47.1417
387 83.4195 47.1417
242 83.4195 47.1417
670 83.4195 47.1417
932 83.2127 50.2603
967 83.0031 53.4197
656 82.8087 56.3512
334 82.9383 56.6886
850 83.0595 57.0045
170 83.2217 57.427
941 83.3732 57.8216
201 83.636 58.5062
497 83.8592 59.0878
425 83.8592 59.0878
107 83.8633 59.1161
884 83.8673 59.1434
136 83.8712 59.1707
198 83.8754 59.1996
977 83.8797 59.2295
506 83.8839 59.2588
383 83.888 59.2873
583 83.8917 59.3133
852 84.3149 62.2475
684 84.6659 64.6813
975 85.1142 67.7897
579 85.6313 71.3748
372 86.7257 78.7098
385 86.7257 78.7098
25 86.5374 79.0119
204 86.3632 79.2912
332 86.1827 79.5806
660 85.9814 79.9035
740 85.7358 80.2973
528 85.5125 80.6555
450 85.2671 81.049
473 84.8005 81.7972
322 84.4129 82.4187
685 84.1108 82.9032
311 83.7872 83.4223
928 80.6214 88.498
889 80.2023 88.4924
983 79.4956 88.4831
937 78.6503 88.4719
813 78.2136 88.4661
145 77.7882 88.4605
622 77.4333 88.4558
158 77.1732 88.4523
465 76.9118 88.4489
775 76.6753 88.4458
580 76.4564 88.4429
494 76.2514 88.4401
648 76.041 88.4373
666 75.8161 88.4344
251 75.5961 88.4315
353 75.3888 88.4287
417 75.1848 88.426
149 74.9813 88.4233
42 74.7968 88.4209
620 74.6532 88.419
52 74.6083 88.4184
83 74.5668 88.4178
818 74.5252 88.4173
318 74.4828 88.4167
135 74.4417 88.4162
864 74.1793 88.4127
297 73.9002 88.409
742 73.6895 88.4062
854 73.462 88.4032
893 73.2386 88.4002
845 72.9776 88.3968
820 72.7486 88.3937
71 72.4507 88.3898
481 72.1621 88.386
159 71.8965 88.3825
823 71.5945 88.3785
544 71.3151 88.3748
725 71.0583 88.3714
817 68.7091 88.3402
285 66.9741 88.3173
273 64.8913 88.2897
464 62.9051 88.2633
18 60.5652 88.2324
434 56.3803 88.177
618 56.1258 88.1736
814 55.8729 88.1702
23 55.6538 88.1673
516 55.4537 88.1647
193 55.26 88.1621
746 55.2045 88.1614
774 55.1515 88.1607
856 55.0992 88.16
896 55.0416 88.1592
408 54.9843 88.1585
177 54.9341 88.1578
344 54.8747 88.157
202 54.8184 88.1563
406 54.7577 88.1555
320 54.701 88.1547
851 54.6503 88.1541
317 54.6015 88.1534
369 54.5458 88.1527
816 54.4903 88.152
280 54.4312 88.1512
861 54.3746 88.1504
911 54.3236 88.1498
335 54.2705 88.1491
575 54.2185 88.1484
984 54.1667 88.1477
477 54.1128 88.147
378 54.0552 88.1462
185 53.9951 88.1454
992 53.932 88.1446
62 53.8597 88.1436
82 53.7929 88.1427
782 53.739 88.142
947 53.6831 88.1413
156 53.6259 88.1405
940 53.5718 88.1398
659 53.5169 88.1391
882 53.4691 88.1385
584 53.4203 88.1378
367 53.3668 88.1371
259 53.3132 88.1364
313 53.2575 88.1357
179 53.201 88.1349
511 53.1455 88.1342
532 53.0915 88.1335
118 53.0432 88.1328
245 52.9903 88.1321
887 52.9381 88.1314
248 52.8812 88.1307
12 52.8317 88.13
636 52.7767 88.1293
642 52.725 88.1286
980 52.6783 88.128
567 52.6316 88.1274
737 52.5775 88.1267
754 52.5224 88.1259
931 52.4699 88.1252
541 52.4075 88.1244
105 52.3537 88.1237
395 52.3104 88.1231
229 52.1119 88.1205
801 51.892 88.1176
126 51.4054 88.1111
895 50.9546 88.1052
961 50.5392 88.0997
40 50.1941 88.0951
880 49.831 88.0903
624 49.4595 88.0853
690 49.0317 88.0797
536 48.5355 88.0731
415 48.0508 88.0667
530 47.5214 88.0597
140 47.0134 88.0529
952 46.4521 88.0455
563 45.7744 88.0365
826 45.0432 88.0268
755 44.2331 88.0161
564 43.3889 88.0049
562 42.5123 87.9933
270 41.5552 87.9806
559 41.5197 87.9801
713 41.4791 87.9796
343 41.436 87.979
5 41.3945 87.9785
766 41.3218 87.9775
239 41.2517 87.9766
389 41.1804 87.9756
874 41.1102 87.9747
763 40.878 87.9716
375 40.6407 87.9685
172 40.3777 87.965
181 40.1397 87.9619
974 39.894 87.9586
150 39.7355 87.9565
840 39.602 87.9547
265 39.4643 87.9529
807 39.3393 87.9513
672 39.2033 87.9495
569 39.0881 87.9479
305 38.9702 87.9464
22 38.8298 87.9445
92 38.6945 87.9427
738 38.5726 87.9411
614 38.4536 87.9395
241 38.3323 87.9379
165 38.2146 87.9364
548 38.0777 87.9346
561 37.9508 87.9329
292 37.816 87.9311
72 37.6841 87.9294
707 37.5561 87.9277
449 37.4361 87.9261
866 37.3114 87.9244
394 37.1734 87.9226
539 37.0412 87.9209
309 36.9019 87.919
437 36.7634 87.9172
129 36.6235 87.9153
146 36.4786 87.9134
649 36.3408 87.9116
230 36.1979 87.9097
296 36.0562 87.9078
319 35.9381 87.9063
448 35.7884 87.9043
877 35.642 87.9023
294 35.5024 87.9005
215 35.3352 87.8983
416 35.1631 87.896
919 34.9795 87.8936
960 34.8113 87.8913
53 34.8113 87.8913
613 34.8113 87.8913
752 34.8113 87.8913
206 34.8113 87.8913
189 34.8113 87.8913
806 34.8113 87.8913
252 34.8113 87.8913
662 34.8113 87.8913
918 34.7236 87.9209
226 34.6472 87.9466
223 34.4139 88.0252
139 34.1866 88.1017
872 33.1497 88.1664
60 32.1841 88.2266
231 31.262 88.2841
578 30.3498 88.341
696 29.6291 88.3859
611 28.9272 88.4296
167 28.4269 88.4608
753 27.9542 88.4903
470 27.5626 88.5147
795 27.1486 88.5405
288 26.7247 88.5669
120 26.3166 88.5924
859 25.8946 88.6187
469 25.4723 88.645
244 25.0814 88.6694
227 24.7297 88.6913
776 24.6769 88.6946
550 24.6304 88.6975
608 24.5798 88.7006
249 24.5295 88.7038
491 24.4826 88.7067
271 24.4396 88.7094
392 24.39 88.7124
41 24.3302 88.7162
697 24.2712 88.7199
833 24.2126 88.7235
712 24.1561 88.727
409 24.106 88.7302
28 24.0549 88.7333
256 24.0029 88.7366
442 23.9362 88.7407
521 23.8837 88.744
441 23.8321 88.7472
638 23.7855 88.7501
773 23.7316 88.7535
631 23.673 88.7571
418 23.6159 88.7607
786 23.56 88.7642
651 23.4975 88.7681
916 23.4375 88.7718
44 23.3847 88.7751
885 23.3317 88.7784
757 23.2785 88.7817
20 23.2251 88.7851
871 23.1246 88.7913
808 23.0378 88.7967
610 22.9365 88.8031
2 22.841 88.809
96 22.7221 88.8164
306 22.5927 88.8245
93 22.465 88.8325
886 22.3522 88.8395
13 22.2381 88.8466
368 22.1358 88.853
428 22.0365 88.8592
253 21.9267 88.866
36 21.8079 88.8734
73 21.6913 88.8807
714 21.5615 88.8888
17 21.4394 88.8964
490 21.3313 88.9031
761 21.2147 88.9104
768 21.0932 88.918
456 20.972 88.9255
76 20.8565 88.9327
462 20.7243 88.941
430 20.6117 88.948
141 20.4934 88.9554
15 19.7263 89.0032
424 18.9989 89.0485
593 18.2239 89.0968
115 17.3711 89.15
431 16.5091 89.2037
184 15.5207 89.2653
169 14.3215 89.3401
637 13.8061 89.3722
50 13.3374 89.4014
585 12.8055 89.4345
711 12.7225 89.4397
792 12.64 89.4449
1 12.5636 89.4496
199 12.4842 89.4546
236 12.406 89.4595
914 12.3228 89.4646
678 12.2419 89.4697
108 12.1672 89.4743
736 12.0901 89.4792
868 12.0129 89.484
399 11.9466 89.4881
693 11.87 89.4929
719 11.795 89.4976
138 11.7236 89.502
447 11.6489 89.5067
568 11.5773 89.5111
699 11.5054 89.5156
953 11.4249 89.5206
426 11.3522 89.5252
759 11.281 89.5296
364 11.2135 89.5338
718 11.1455 89.5381
405 11.0756 89.5424
444 11.0103 89.5465
570 10.9443 89.5506
436 10.8826 89.5544
88 10.8207 89.5583
615 10.7442 89.5631
969 10.6739 89.5675
628 10.6097 89.5715
982 10.5444 89.5755
300 10.4735 89.5799
446 10.4126 89.5837
401 10.3464 89.5879
750 10.2854 89.5917
827 10.2182 89.5959
213 10.1535 89.5999
973 10.1427 89.6006
75 10.1304 89.6013
178 10.1192 89.602
780 10.1085 89.6027
435 10.0964 89.6035
892 10.0855 89.6041
58 10.0748 89.6048
301 10.0617 89.6056
386 10.0498 89.6064
803 10.037 89.6072
988 10.0248 89.6079
551 10.0689 88.2857
547 10.0796 87.9621
325 10.0906 87.6331
554 10.1011 87.3182
380 10.1019 87.2926
890 10.1065 87.157
374 10.1102 87.0449
48 10.1134 86.9481
933 10.1166 86.8534
240 10.1206 86.7333
560 10.1242 86.6252
304 10.1274 86.5275
546 10.1311 86.4174
200 10.1343 86.3211
263 10.1382 86.204
557 10.1419 86.0939
106 10.1456 85.9814
247 10.1499 85.8548
360 10.1542 85.7237
944 10.1586 85.5936
90 10.1626 85.4731
955 10.1663 85.3625
316 10.1698 85.2556
39 10.1735 85.1442
321 10.1795 84.9662
905 10.1848 84.8062
695 10.1899 84.6543
815 10.1954 84.4889
153 10.2009 84.3219
183 10.2064 84.1577
830 10.2505 82.8369
95 10.2881 81.7089
203 10.3304 80.4399
495 10.3751 79.1007
31 10.4548 76.7159
275 10.56 73.5673
552 10.5676 73.3418
860 10.5724 73.1957
338 10.5778 73.0342
346 10.5829 72.8828
680 10.5883 72.7211
168 10.5932 72.5712
607 10.5985 72.4126
703 10.6041 72.2454
298 10.6086 72.1123
192 10.6136 71.9599
726 10.6181 71.8267
667 10.6227 71.6881
219 10.6276 71.541
879 10.6322 71.4021
639 10.6366 71.2701
272 10.6415 71.1254
556 10.6458 70.9942
457 10.6507 70.8496
3 10.6561 70.6873
130 10.661 70.5389
517 10.6655 70.4042
131 10.6703 70.2599
734 10.6747 70.1288
445 10.6791 69.9965
531 10.684 69.8502
760 10.684 69.8502
326 10.684 69.8502
796 10.684 69.8502
487 10.684 69.8502
772 10.684 69.8502
657 10.684 69.8502
502 10.684 69.8502
255 10.684 69.8502
339 10.684 69.8502
398 10.684 69.8502
196 10.684 69.8502
503 10.684 69.8502
427 10.684 69.8502
277 10.684 69.8502
728 10.684 69.8502
482 10.684 69.8502
381 10.684 69.8502
799 10.684 69.8502
77 10.684 69.8502
371 10.684 69.8502
991 10.684 69.8502
524 10.684 69.8502
739 10.684 69.8502
114 10.684 69.8502
207 10.684 69.8502
376 10.684 69.8502
966 10.684 69.8502
665 10.684 69.8502
589 10.684 69.8502
500 10.684 69.8502
686 10.684 69.8502
224 10.684 69.8502
113 10.684 69.8502
701 10.684 69.8502
81 10.684 69.8502
717 10.684 69.8502
939 10.684 69.8502
433 10.684 69.8502
234 10.684 69.8502
970 10.684 69.8502
411 10.684 69.8502
630 10.684 69.8502
220 10.684 69.8502
784 10.684 69.8502
747 10.684 69.8502
694 10.684 69.8502
97 10.684 69.8502
948 10.684 69.8502
347 10.684 69.8502
764 11.6826 69.8083
119 12.5354 69.7725
825 13.3851 69.7369
14 14.2567 69.7003
361 15.3509 69.6545
429 16.499 69.6063
162 17.6752 69.557
400 18.8505 69.5077
600 20.0115 69.4591
390 21.1837 69.41
689 22.1951 69.3676
329 22.2283 69.3662
16 22.2667 69.3646
454 22.304 69.363
658 22.3379 69.3616
599 22.373 69.3601
735 22.4079 69.3587
99 22.4433 69.3572
730 22.4809 69.3556
789 22.5149 69.3542
451 22.5476 69.3528
266 22.5832 69.3513
981 22.6169 69.3499
34 22.6532 69.3484
846 22.6902 69.3468
645 22.7292 69.3452
950 22.7619 69.3438
635 22.798 69.3423
21 22.8366 69.3407
729 22.8681 69.3393
705 22.9011 69.338
507 22.9011 69.338
897 22.9011 69.338
382 22.9011 69.338
501 22.9012 69.338
537 22.9012 69.338
591 22.9012 69.338
604 22.9012 69.338
233 22.9013 69.338
574 22.9013 69.338
788 22.9013 69.338
733 22.9013 69.338
349 22.9014 69.338
526 22.9014 69.338
640 22.9014 69.338
124 22.9014 69.338
878 22.8976 69.2897
333 22.894 69.2434
443 22.89 69.1928
888 22.8858 69.1395
571 22.8815 69.0846
720 22.8771 69.0286
137 22.873 68.9777
946 22.8695 68.9324
587 22.8653 68.8792
327 22.8613 68.8281
132 22.8572 68.7763
924 22.8533 68.7274
479 22.8496 68.6797
954 22.8455 68.6275
971 22.7665 67.6261
756 22.6867 66.6151
493 22.6621 66.3022
901 22.6454 66.0907
79 22.6289 65.8812
359 22.613 65.6785
965 22.5965 65.4691
267 22.5789 65.2465
903 22.5629 65.0433
510 22.5461 64.8296
308 22.5311 64.639
839 22.4044 63.0343
601 21.8594 62.3861
957 21.2975 61.718
927 20.6712 60.9731
324 19.8309 59.9738
545 19.0166 59.0054
59 18.1362 57.9584
908 17.1544 56.7906
373 16.3569 55.8422
633 15.9095 55.3102
352 15.4385 54.7501
303 15.004 54.2333
663 14.6095 53.7643
616 14.3056 53.403
57 14.1581 53.2275
841 14.0155 53.058
771 13.8802 52.8971
691 13.748 52.74
805 13.5997 52.5636
403 13.4565 52.3934
123 13.3028 52.2106
166 13.1728 52.0561
542 13.0509 51.9111
422 12.9328 51.7707
142 12.8004 51.6132
956 12.6665 51.454
925 12.5182 51.2778
336 12.377 51.1098
391 12.2313 50.9366
938 12.0749 50.7507
708 11.902 50.545
222 11.7379 50.35
312 11.5777 50.1594
218 11.4406 49.9965
174 11.3016 49.8312
214 11.1566 49.6588
565 11.018 49.494
677 10.8648 49.3118
909 10.6992 49.1149
154 10.5423 48.9284
858 10.3924 48.7502
949 10.2232 48.549
499 10.0433 48.335
228 10.0433 48.335
505 10.0433 48.335
972 10.0433 48.335
148 10.0433 48.335
279 10.0433 48.335
936 10.0433 48.335
731 10.0433 48.335
698 10.0433 48.335
797 10.0433 48.335
652 10.0433 48.335
496 10.0433 48.335
990 10.0433 48.335
116 10.0433 48.335
534 10.0433 48.335
476 10.0433 48.335
157 10.0433 48.335
423 10.0433 48.335
463 10.0433 48.335
849 10.0433 48.335
128 10.0433 48.335
384 10.0433 48.335
47 10.0433 48.335
749 10.0433 48.335
100 10.0433 48.335
758 10.0433 48.335
489 10.0433 48.335
770 10.0433 48.335
212 10.0433 48.335
182 10.0433 48.335
527 10.0433 48.335
122 10.0433 48.335
341 10.2565 46.5352
78 10.4589 44.8271
863 10.7049 42.7508
655 10.947 40.7069
328 10.9983 40.273
283 11.0514 39.8243
125 11.1038 39.3818
985 11.1542 38.9553
10 11.2018 38.5531
65 11.2499 38.1465
32 11.295 37.7652
46 11.3404 37.3817
330 11.3875 36.983
700 11.4387 36.5506
710 11.4924 36.0965
133 11.5385 35.7067
299 11.5819 35.3399
205 11.615 35.0605
836 11.6475 34.7855
572 11.678 34.5276
943 11.7065 34.287
829 11.7338 34.0561
268 11.7611 33.8254
87 11.7866 33.6094
794 11.8138 33.3795
898 11.8385 33.1713
86 11.9205 33.027
958 12.0087 32.872
121 12.1059 32.7011
74 12.1865 32.5595
514 12.2711 32.4107
612 12.3668 32.2424
602 12.4676 29.2403
899 12.5202 27.6757
455 12.5646 26.355
4 12.6056 25.1378
258 12.6521 23.7546
331 12.7012 22.2948
641 12.7519 20.7855
646 12.8097 19.0657
8 12.848 17.9264
187 12.8512 17.8315
488 12.8924 16.6055
682 12.9055 16.2152
722 12.9189 15.8167
881 12.9214 15.7432
674 12.9237 15.676
254 12.926 15.6083
211 12.9285 15.5318
366 12.931 15.4592
362 12.9334 15.3873
412 12.9358 15.3156
348 12.9382 15.2449
741 12.9405 15.1769
902 12.9428 15.1087
402 12.9453 15.034
474 12.9479 14.956
812 12.9508 14.8684
963 12.9508 14.8684
588 13.1399 14.8663
661 13.3296 14.8641
673 13.4976 14.8622
61 13.6673 14.8603
629 15.7707 14.8365
518 34.2487 14.6286
310 34.273 14.9364
287 34.2966 15.2357
407 34.3213 15.5479
573 34.347 15.8743
64 34.3727 16.1997
351 34.3964 16.5005
704 34.422 16.8256
822 34.4483 17.1579
111 34.4721 17.46
883 34.4954 17.7548
363 34.5181 18.043
653 34.5423 18.3505
246 34.5667 18.6588
439 34.5908 18.9643
643 34.6141 19.2607
669 34.6382 19.5655
337 34.701 20.3618
379 34.7662 21.1873
915 34.8284 21.9759
702 34.8782 22.6074
284 35.0724 25.065
626 35.2988 27.9308
250 35.5326 30.888
834 35.5314 30.9431
467 35.5303 30.9967
549 35.5291 31.0488
824 35.5281 31.0971
261 35.527 31.1485
221 35.5258 31.2017
160 35.5247 31.2557
307 35.5235 31.3077
421 35.5223 31.3648
934 35.5212 31.4155
853 35.52 31.4705
787 35.519 31.5191
26 35.5179 31.5694
486 35.5165 31.6309
289 35.5153 31.6889
709 35.5119 31.8469
586 35.508 32.0241
869 35.5044 32.1909
191 35.5007 32.3618
354 35.4972 32.524
278 35.3785 37.9904
723 35.2919 41.979
522 35.2919 41.979
302 35.2919 41.979
935 35.2919 41.979
664 35.2919 41.979
147 35.2919 41.979
37 35.2919 41.979
687 35.2919 41.9791
783 35.2919 41.9791
876 35.2919 41.9791
11 35.2919 41.9791
811 35.2919 41.9791
508 35.2919 41.9791
413 35.2919 41.9791
688 35.2919 41.9791
862 35.2919 41.9791
913 35.2919 41.9791
778 35.2919 41.9791
748 35.2919 41.9791
269 35.2919 41.9792
529 35.2919 41.9792
512 35.2919 41.9792
38 35.2919 41.9792
452 35.2919 41.9792
566 35.2919 41.9792
790 35.2919 41.9792
388 35.2919 41.9792
679 35.2919 41.9792
7 35.2919 41.9793
525 35.2919 41.9793
706 35.2919 41.9793
535 35.2919 41.9793
414 35.2919 41.9793
155 35.2919 41.9793
438 35.2919 41.9793
397 35.2919 41.9793
257 35.2919 41.9794
603 35.2919 41.9794
180 35.2919 41.9794
543 35.2919 41.9794
49 35.2919 41.9794
692 35.2919 41.9794
848 35.2919 41.9794
917 35.2919 41.9794
989 35.2919 41.9794
151 35.2919 41.9795
237 35.2919 41.9795
461 35.2919 41.9795
480 35.2919 41.9795
619 35.2919 41.9795
356 35.292 41.9795
475 35.292 41.9795
891 36.0252 43.2333
472 37.1185 45.1027
89 38.068 46.7262
127 38.8992 48.1476
210 39.7007 49.5181
912 40.4799 50.8506
194 41.1363 51.973
945 41.7737 53.0631
922 42.4298 54.1849
342 43.088 55.3106
843 43.7485 56.4399
453 44.4151 57.5799
186 44.5651 57.8364
929 44.7179 58.0976
779 44.8913 58.3942
468 45.0494 58.6645
809 45.1716 58.8736
85 45.3007 59.0944
921 46.8931 64.9003
857 46.9166 64.986
459 46.936 65.0567
404 46.9579 65.1365
80 46.9803 65.2181
724 47.0023 65.2984
208 47.0023 65.2984
968 47.0023 65.2984
134 47.0023 65.2984
91 47.0023 65.2984
798 47.0023 65.2984
94 47.0023 65.2984
225 47.0023 65.2984
235 47.0023 65.2984
683 47.0023 65.2984
175 47.0023 65.2984
732 47.0023 65.2984
558 47.0023 65.2984
855 47.0023 65.2984
291 47.0023 65.2984
171 47.0023 65.2984
281 47.0023 65.2984
101 47.0023 65.2984
793 47.0023 65.2984
596 47.0023 65.2984
163 47.0023 65.2984
976 47.0023 65.2984
804 47.0023 65.2984
540 47.0023 65.2984
484 47.0023 65.2984
617 47.0023 65.2984
632 47.0023 65.2984
264 47.0023 65.2984
910 47.0023 65.2984
576 47.0023 65.2984
513 47.0023 65.2984
715 47.0023 65.2984
350 47.0023 65.2984
410 47.0023 65.2984
56 47.0023 65.2984
216 47.0023 65.2984
676 47.0023 65.2984
144 47.0023 65.2984
471 47.0023 65.2984
621 47.0023 65.2984
498 47.0023 65.2984
533 47.0023 65.2984
769 47.0023 65.2984
582 47.0023 65.2984
286 47.0023 65.2984
54 47.0023 65.2984
802 47.0023 65.2984
577 47.0043 65.2885
597 47.0059 65.2799
365 47.0074 65.2725
894 47.0088 65.2651
161 47.0105 65.2565
986 47.012 65.2487
104 47.0138 65.2395
765 47.0154 65.2308
625 47.0171 65.2224
370 47.0187 65.2139
743 47.0362 65.2156
523 47.0516 65.2172
30 47.0677 65.2188
923 50.0995 65.5267
800 54.6352 65.9875
671 58.2294 66.3526
744 61.3383 66.6683
109 61.3383 66.6683
907 61.3383 66.6683
478 61.3383 66.6683
605 61.3383 66.6682
460 61.3383 66.6682
509 61.3383 66.6682
51 61.3383 66.6682
727 61.3383 66.6682
112 61.3383 66.6682
67 61.3383 66.6682
650 61.3383 66.6682
867 61.3383 66.6682
293 61.3383 66.6682
962 61.3383 66.6682
290 61.3383 66.6682
791 61.3383 66.6682
654 61.3383 66.6682
432 61.3383 66.6682
767 61.3383 66.6682
485 61.3383 66.6682
837 61.3383 66.6682
84 61.3383 66.6682
35 61.3383 66.6682
904 61.3383 66.6682
190 61.3383 66.6682
238 61.3383 66.6682
900 61.3383 66.6682
987 61.3273 66.5294
68 61.3149 66.374
647 61.3033 66.2276
832 61.2924 66.0917
420 61.2794 65.9276
315 61.2679 65.7828
942 61.2538 65.6066
810 61.242 65.4578
964 61.2306 65.3153
762 61.2194 65.1745
9 61.2081 65.033
188 61.1949 64.8668
538 61.1844 64.7344
282 61.1743 64.6072
595 61.1645 64.4845
340 61.1546 64.3601
393 61.1442 64.2299
110 61.1338 64.099
152 61.1213 63.9421
668 61.0625 63.2035
847 61.0005 62.4257
173 60.9022 61.1918
440 60.7843 59.7139
515 60.654 58.0798
102 60.5201 56.4024
70 60.3888 54.7577
606 60.2579 53.1168
978 60.1494 51.7565
217 60.0552 50.5745
675 59.9701 49.5061
519 59.8947 48.56
926 59.8174 47.5894
396 59.7375 46.5872
276 59.65 45.4897
69 59.7204 44.5512
842 59.8064 43.4022
751 59.8859 42.3414
197 59.9238 41.8359
623 59.9238 41.8359
594 59.9238 41.8358
492 59.9238 41.8358
262 59.9357 41.6856
143 59.952 41.4801
357 59.9694 41.2613
870 59.9868 41.043
117 60.0036 40.8311
232 60.0236 40.5795
875 60.0438 40.3243
634 60.0655 40.0515
930 60.0864 39.7889
45 60.1069 39.5298
644 60.1266 39.2827
63 60.148 39.0134
43 60.1713 38.7197
314 60.195 38.4212
906 60.2186 38.1239
716 60.2444 37.7997
844 60.2742 37.4244
781 60.3079 37.0001
828 60.3397 36.5998
358 60.3707 36.2099
377 60.4025 35.8103
27 60.4349 35.4023
323 60.4659 35.0121
458 60.5045 34.5255
66 60.5445 34.0228
19 60.6275 32.9795
209 60.739 31.5787
295 60.8349 31.1798
819 60.9049 30.8886
598 60.9686 30.6234
681 61.0133 30.4373
865 61.0649 30.2225
831 61.1333 29.9382
355 61.197 29.673
821 61.2696 29.3707
6 61.3439 29.0618
164 61.4155 28.7639
785 61.4902 28.4531
555 61.5802 28.0786
873 61.6748 27.685
55 61.7764 27.2623
419 61.8791 26.8347
103 67.6084 15.1959
24 68.3112 15.4684
959 69.038 15.7502
721 69.8598 16.0688
777 70.7341 16.4078
581 71.9239 16.8691
504 73.4413 17.4574
176 75.1068 18.1031
