0,176,598,721,295,581,777,504,103,458,24,959,819,873,419,323,55,209,555,785,681,6,355,164,978,865,594,66,45,828,19,751,821,831,197,634,623,262,842,644,27,377,358,781,844,63,926,843,396,906,314,43,930,716,875,485,70,606,217,357,675,117,870,276,69,143,85,727,420,975,173,847,668,152,110,393,340,767,962,942,538,744,315,440,67,650,867,293,509,238,900,190,51,201,964,595,68,478,654,102,656,84,791,647,109,515,762,987,290,852,605,460,35,9,579,810,907,837,432,832,112,671,904,18,857,800,976,540,208,365,582,968,56,802,286,894,410,921,724,225,798,350,621,282,471,144,676,216,134,769,596,453,163,715,513,576,910,264,632,617,484,986,171,91,94,779,80,404,855,558,732,175,683,765,235,104,161,912,929,523,743,210,945,342,533,54,498,127,459,809,468,101,793,281,597,625,804,186,577,923,370,519,492,188,472,922,475,512,529,269,748,11,723,811,876,397,913,302,151,862,989,917,848,692,49,543,438,688,180,237,356,413,655,633,403,908,664,194,522,619,155,414,535,706,525,7,679,388,891,461,147,778,508,37,783,480,89,566,603,452,38,250,935,834,790,687,354,626,191,869,549,787,853,934,421,307,586,278,160,26,486,221,467,709,379,257,289,915,883,669,518,643,439,261,822,111,284,287,351,704,310,337,64,407,246,573,824,363,653,629,588,881,488,254,362,902,722,646,412,674,348,812,641,741,61,661,8,366,682,211,187,268,455,702,673,474,899,205,121,32,46,86,836,572,74,133,985,4,700,794,514,963,331,125,710,258,402,898,10,299,943,602,612,829,65,283,87,423,384,958,758,391,78,499,328,949,330,760,47,527,936,212,731,489,663,312,222,616,57,841,228,148,805,849,373,691,422,749,142,990,863,938,128,771,116,925,698,797,708,100,352,182,476,279,157,218,972,214,565,677,909,154,652,123,166,496,534,303,463,542,122,341,770,858,174,505,336,971,839,788,733,510,956,545,30,705,599,329,897,324,950,878,507,965,640,658,501,454,571,957,846,591,574,308,604,954,645,233,756,382,537,21,903,252,327,493,772,587,137,927,735,526,59,291,34,730,981,443,266,390,267,872,124,697,99,720,349,333,729,601,946,789,888,635,79,901,662,326,608,451,689,359,479,376,398,431,346,400,162,429,361,14,825,924,119,764,31,445,734,131,517,130,3,457,556,272,639,879,219,667,726,192,298,703,607,168,680,600,347,132,275,97,694,747,784,220,630,411,970,948,552,860,338,939,589,717,81,701,531,196,255,207,114,739,524,991,371,77,799,381,482,728,277,427,487,234,966,184,796,503,339,153,803,665,224,686,570,436,88,433,615,892,374,890,830,178,502,657,500,113,944,554,988,815,695,827,905,780,321,325,169,39,637,50,585,759,711,263,301,364,718,792,1,199,236,914,678,108,736,405,868,955,444,90,546,973,213,750,183,969,247,401,446,300,982,628,435,48,557,200,426,953,699,568,447,138,719,693,316,386,495,95,203,399,240,560,304,106,380,75,551,547,227,418,631,773,360,638,441,442,256,28,651,15,490,167,428,470,795,593,231,550,249,768,456,76,244,462,611,430,714,712,409,36,696,424,58,521,859,73,253,120,469,288,786,115,141,761,776,60,886,93,306,96,2,610,16,808,871,20,757,885,44,916,13,368,491,41,578,753,17,933,833,271,392,960,22,305,866,613,806,223,296,752,672,129,614,539,309,265,807,840,239,92,738,974,270,564,389,918,919,150,146,416,215,294,449,707,72,292,561,755,226,437,763,139,649,181,189,53,940,156,713,343,206,105,947,230,241,165,548,569,874,766,172,877,394,559,448,5,375,12,562,82,248,319,313,395,536,40,193,961,179,434,259,584,814,140,984,530,415,618,532,754,511,516,746,367,477,931,887,880,245,541,118,563,980,335,642,126,185,567,23,911,952,624,882,690,575,344,202,406,320,851,317,369,816,280,861,62,826,774,856,896,408,177,895,636,659,378,229,801,992,782,737,83,740,273,71,580,494,854,775,481,742,42,544,417,353,285,648,318,149,622,251,893,666,158,297,818,52,823,937,620,817,464,813,845,820,322,159,145,928,983,864,135,465,204,725,889,660,311,473,372,528,332,450,685,25,951,107,383,385,497,242,684,884,941,198,425,170,29,838,506,977,334,274,232,466,387,195,920,609,583,850,670,745,835,967,553,932,592,136,520,98,33,590,627,260,979,243,345,483,
value : 405.882 running time : 1350.670590
0 80 20
176 74.108 17.7101
598 72.9381 17.2554
721 71.856 16.8348
295 70.8702 16.4517
581 69.9093 16.0782
777 69.0636 15.7495
504 68.3896 15.4876
103 67.6237 15.1899
458 61.6101 27.5139
24 61.6101 27.5139
959 61.6101 27.5139
819 61.6101 27.5139
873 61.6101 27.5139
419 61.6101 27.5139
323 60.4345 33.096
55 60.3689 33.1233
209 60.3041 33.1504
555 60.2626 33.1677
785 60.2223 33.1845
681 60.1834 33.2008
6 60.1439 33.2173
355 60.1028 33.2345
164 60.0593 33.2526
978 60.0343 33.8742
865 60.0167 34.3103
594 59.9937 34.8804
66 59.9738 35.375
45 59.9564 35.8061
828 59.9393 36.2311
19 59.9214 36.6755
751 59.9035 37.1201
821 59.8845 37.5908
831 59.8645 38.0882
197 59.8277 39.0028
634 59.797 39.7656
623 59.7641 40.5825
262 59.7415 41.1434
842 59.733 41.3538
644 59.7255 41.5413
27 59.7185 41.7138
377 59.7099 41.9264
358 59.7012 42.1433
781 59.6924 42.3622
844 59.6811 42.6414
63 59.6698 42.9237
926 59.6589 43.194
843 59.6487 43.4474
396 59.6438 43.5685
906 59.6397 43.6694
314 59.6355 43.7749
43 59.6308 43.8912
930 59.626 44.0087
716 59.6209 44.136
875 59.6156 44.2683
485 59.6103 44.3985
70 59.6099 44.4102
606 59.6094 44.4211
217 59.6089 44.4328
357 59.6085 44.4449
675 59.608 44.457
117 59.6074 44.4704
870 59.6069 44.4823
276 59.6064 44.4955
69 59.898 45.8517
143 60.8941 50.484
85 61.9633 55.4556
727 63.3206 61.7657
420 63.4928 62.567
975 63.6837 63.4547
173 63.7142 63.5963
847 63.7453 63.7409
668 63.7743 63.8759
152 63.8047 64.0174
110 63.8345 64.156
393 63.8636 64.291
340 63.8931 64.4284
767 63.9209 64.5578
962 63.9549 64.7155
942 63.9828 64.8455
538 64.0152 64.9959
744 64.0542 65.1771
315 64.0688 65.2453
440 64.0688 65.2453
67 64.0688 65.2453
650 64.0688 65.2453
867 64.0688 65.2453
293 64.0688 65.2453
509 64.0688 65.2453
238 64.0688 65.2453
900 64.0688 65.2453
190 64.0688 65.2453
51 64.0688 65.2453
201 64.0688 65.2453
964 64.0629 65.2851
595 64.0564 65.3293
68 64.0499 65.3731
478 64.0434 65.4171
654 64.0364 65.4643
102 64.0309 65.5016
656 64.0241 65.5474
84 64.0173 65.5935
791 64.0101 65.6419
647 64.0023 65.6943
109 63.9944 65.748
515 63.9873 65.7956
762 63.9799 65.8458
987 63.9719 65.8995
290 63.9648 65.9478
852 63.9582 65.9926
605 63.951 66.0406
460 63.9435 66.0914
35 63.9369 66.1356
9 63.9282 66.1942
579 63.9207 66.2451
810 63.6972 66.3668
907 63.4551 66.4987
837 63.1951 66.6404
432 62.9038 66.7991
832 62.6373 66.9443
112 62.3923 67.0777
671 62.1473 67.2112
904 61.9218 67.3341
18 61.6748 67.4687
857 56.1723 66.5662
800 53.8761 66.1892
976 47.756 65.1868
540 47.756 65.1868
208 47.756 65.1868
365 47.756 65.1868
582 47.756 65.1868
968 47.756 65.1868
56 47.756 65.1868
802 47.756 65.1868
286 47.5349 65.1156
894 47.3139 65.0446
410 47.0863 64.9715
921 46.8684 64.9014
724 46.4931 64.781
225 46.4912 64.7759
798 46.4893 64.7707
350 46.4876 64.766
621 46.4855 64.7604
282 46.4838 64.7558
471 46.482 64.751
144 46.4805 64.7469
676 46.4786 64.742
216 46.4769 64.7374
134 46.4753 64.733
769 46.4736 64.7285
596 46.4684 64.7145
453 46.4636 64.7017
163 46.4588 64.6887
715 46.454 64.6757
513 46.4494 64.6635
576 46.4439 64.6486
910 46.4392 64.636
264 46.4343 64.6228
632 46.4302 64.6119
617 46.4253 64.5987
484 46.4206 64.586
986 46.4158 64.5732
171 46.4108 64.5598
91 46.4063 64.5477
94 46.4015 64.5346
779 46.3159 64.3047
80 46.2341 64.085
404 46.1473 63.8516
855 46.0573 63.6097
558 45.9644 63.3602
732 45.8735 63.1159
175 45.7885 62.8876
683 45.7017 62.6542
765 45.6131 62.4161
235 45.5296 62.1916
104 45.4377 61.9446
161 45.3497 61.7082
912 45.2592 61.465
929 45.1726 61.2324
523 45.118 61.0855
743 45.054 60.9134
210 44.9804 60.7157
945 44.915 60.5398
342 44.8587 60.3886
533 44.8222 60.2905
54 44.7845 60.189
498 44.7445 60.0815
127 44.7038 59.9721
459 44.6682 59.8763
809 44.6285 59.7696
468 44.5932 59.6747
101 44.5478 59.5526
793 44.5058 59.4398
281 44.463 59.3249
597 44.422 59.2146
625 44.3837 59.1115
804 44.3186 58.9364
186 44.2474 58.7452
577 44.1807 58.5659
923 44.1118 58.3808
370 44.0443 58.1992
519 43.9743 58.0111
492 43.7557 57.7342
188 43.5616 57.4881
472 41.0014 54.2437
922 38.5629 51.1535
475 35.383 47.1236
512 35.2711 46.9819
529 35.132 46.8056
269 35.081 46.7409
748 35.022 46.6662
11 34.9629 46.5913
723 34.9058 46.519
811 34.8697 46.4732
876 34.8362 46.4307
397 34.7969 46.381
913 34.7613 46.3359
302 34.7243 46.289
151 34.6859 46.2403
862 34.6521 46.1974
989 34.6157 46.1513
917 34.5785 46.1042
848 34.5424 46.0585
692 34.499 46.0035
49 34.4599 45.9539
543 34.4167 45.8993
438 34.3762 45.8479
688 34.341 45.8033
180 34.3054 45.7582
237 34.2667 45.7091
356 34.2228 45.6535
413 34.1782 45.597
655 34.1325 45.5392
633 34.1325 45.5392
403 34.1415 45.4414
908 34.1506 45.3432
664 34.1619 45.2197
194 34.1717 45.1137
522 34.182 45.0016
619 34.1931 44.8799
155 34.2043 44.759
414 34.2153 44.6389
535 34.2259 44.5238
706 34.2368 44.405
525 34.2474 44.2893
7 34.2589 44.1639
679 34.2696 44.0478
388 34.2791 43.944
891 34.2879 43.8487
461 34.2981 43.737
147 34.3096 43.6119
778 34.3216 43.4818
508 34.334 43.3466
37 34.3462 43.2134
783 34.3578 43.0874
480 34.3691 42.9644
89 34.3789 42.8585
566 34.4282 42.321
603 34.4746 41.8162
452 34.6141 40.2989
38 34.8344 37.9009
250 35.5296 30.3352
935 35.5225 30.2101
834 35.515 30.0787
790 35.5083 29.9594
687 35.501 29.8312
354 35.4808 29.474
626 35.467 29.2304
191 35.4572 29.0572
869 35.4466 28.8693
549 35.4354 28.6713
787 35.423 28.4522
853 35.4119 28.2555
934 35.3989 28.0259
421 35.3874 27.8208
307 35.3726 27.5605
586 35.3598 27.3323
278 35.346 27.0883
160 35.3314 26.831
26 35.3162 26.561
486 35.3036 26.3389
221 35.2866 26.0368
467 35.2701 25.7449
709 35.252 25.4254
379 35.2358 25.1386
257 35.2196 24.852
289 35.176 24.0799
915 35.0828 22.4289
883 34.9211 19.5661
669 34.7531 16.591
518 34.6626 14.9897
643 34.4826 15.0125
439 34.3387 15.0306
261 34.2355 15.0436
822 34.1144 15.0589
111 33.9942 15.074
284 33.8674 15.09
287 33.769 15.1024
351 33.6553 15.1167
704 33.5459 15.1305
310 33.4365 15.1443
337 33.3207 15.1589
64 33.1975 15.1744
407 33.0919 15.1877
246 32.974 15.2026
573 32.871 15.2155
824 32.7539 15.2303
363 32.7539 15.2303
653 32.7539 15.2303
629 17.5052 14.6115
588 16.9505 14.589
881 16.3862 14.5661
488 15.9368 14.5479
254 15.4509 14.5282
362 14.8331 14.5031
902 14.3773 14.4846
722 13.7033 14.4572
646 13.6569 14.4553
412 13.6144 14.4536
674 13.5726 14.4519
348 13.5305 14.4502
812 13.4848 14.4483
641 13.3783 15.2016
741 13.3104 15.6818
61 13.2473 16.1282
661 13.1891 16.5399
8 13.1386 16.8968
366 13.0615 17.4426
682 12.9818 18.0061
211 12.9021 18.5694
187 12.8095 19.2244
268 12.7389 20.482
455 12.6818 21.5
702 12.6318 22.3904
673 12.5364 24.0895
474 12.4463 25.6947
899 12.3417 27.5583
205 12.2044 30.0063
121 12.2006 30.0753
32 12.1967 30.1437
46 12.1936 30.1994
86 12.1905 30.2543
836 12.1873 30.3121
572 12.184 30.3717
74 12.1805 30.4343
133 12.1767 30.5013
985 12.1729 30.5695
4 12.1694 30.632
700 12.1655 30.7013
794 12.1623 30.7592
514 12.1588 30.8218
963 12.1554 30.8815
331 12.1518 30.9468
125 12.1477 31.0193
710 12.1443 31.0809
258 12.1408 31.1436
402 12.1371 31.2093
898 12.1329 31.2851
10 12.1289 31.356
299 12.1252 31.4217
943 12.1216 31.4856
602 12.1179 31.5525
612 11.9415 34.7057
829 11.876 35.552
65 11.7952 36.5957
283 11.7108 37.686
87 11.6277 38.7593
423 11.5336 39.9743
384 11.4463 41.1021
958 11.3568 42.2576
758 11.2547 43.5754
391 11.1753 44.6013
78 11.1573 44.6182
499 11.1368 44.6375
328 11.1189 44.6544
949 11.1212 45.8149
330 11.1233 46.9202
760 11.1273 48.969
47 11.1273 48.9919
527 11.1274 49.015
936 11.1274 49.0366
212 11.1275 49.0574
731 11.1275 49.081
489 11.1276 49.1064
663 11.1276 49.1293
312 11.1277 49.1539
222 11.1277 49.1795
616 11.1278 49.2038
57 11.1278 49.2309
841 11.1279 49.2554
228 11.1279 49.279
148 11.128 49.3052
805 11.128 49.3347
849 11.1281 49.3624
373 11.1281 49.3868
691 11.1282 49.4128
422 11.1283 49.4373
749 11.1283 49.4596
142 11.1283 49.4827
990 11.1284 49.505
863 11.1284 49.5305
938 11.1285 49.5591
128 11.1285 49.5842
771 11.1286 49.6101
116 11.1286 49.6386
925 11.1287 49.6667
698 11.1288 49.69
797 11.1288 49.7146
708 11.1289 49.7426
100 11.1289 49.768
352 11.129 49.7927
182 11.129 49.8174
476 11.1291 49.8421
279 11.1291 49.8713
157 11.1292 49.8985
218 11.1293 49.9275
972 11.1293 49.9545
214 11.1294 49.9819
565 11.1294 50.008
677 11.1295 50.0335
909 11.1295 50.0571
154 11.1296 50.0817
652 11.1296 50.1076
123 11.1297 50.1343
166 11.1298 50.1644
496 11.1298 50.1889
534 11.1299 50.2166
303 11.1299 50.2451
463 11.13 50.2708
542 11.13 50.2978
122 11.1301 50.3248
341 11.8439 51.006
770 12.6251 51.7516
858 13.8547 52.925
174 15.0098 54.0273
505 16.2865 55.2458
336 18.3461 57.2113
971 21.1237 59.862
839 22.51 61.185
788 23.0292 61.6805
733 23.4995 62.1293
510 23.9437 62.5532
956 24.4094 62.9976
545 25.0108 63.5716
30 25.7496 64.2766
705 25.7581 64.4421
599 25.7667 64.607
329 25.7752 64.7721
897 25.7832 64.9273
324 25.7911 65.0795
950 25.8007 65.2653
878 25.809 65.4271
507 25.8173 65.5883
965 25.8261 65.7572
640 25.8346 65.9228
658 25.844 66.1039
501 25.8519 66.2577
454 25.8601 66.4174
571 25.8669 66.5494
957 25.8737 66.6801
846 25.8811 66.8242
591 25.8884 66.9668
574 25.8958 67.1093
308 25.9028 67.2449
604 25.9104 67.3931
954 25.9175 67.5303
645 25.9219 67.6165
233 25.9267 67.7093
756 25.9321 67.8144
382 25.939 67.9481
537 25.9462 68.0877
21 25.9525 68.2084
903 25.9589 68.3324
252 25.9656 68.463
327 25.9655 68.463
493 25.9654 68.4631
772 25.9653 68.4631
587 25.9652 68.4631
137 25.9651 68.4631
927 25.965 68.4631
735 25.9648 68.4631
526 25.9647 68.4631
59 25.9646 68.4631
291 25.9645 68.4631
34 25.9136 68.4679
730 25.8691 68.4721
981 25.8174 68.4769
443 25.7741 68.481
266 25.7292 68.4852
390 25.6839 68.4894
267 25.6382 68.4937
872 25.5971 68.4975
124 25.5497 68.502
697 25.4976 68.5068
99 25.4448 68.5118
720 25.3944 68.5165
349 25.345 68.5211
333 25.298 68.5255
729 25.2465 68.5303
601 25.1978 68.5349
946 25.152 68.5392
789 25.1058 68.5435
888 25.0574 68.548
635 25.0083 68.5526
79 24.9595 68.5572
901 24.9139 68.5615
662 24.8717 68.5654
326 23.2302 68.7189
608 22.5134 68.786
451 22.5133 68.786
689 22.5133 68.786
359 21.8067 68.8495
479 20.4078 68.9753
376 19.1582 69.0877
398 18.6052 69.1375
431 18.0583 69.1867
346 17.3889 69.2469
400 16.8514 69.2952
162 16.3249 69.3426
429 15.8136 69.3886
361 15.2875 69.4359
14 14.7163 69.4872
825 14.3015 69.5246
924 13.8645 69.5639
119 13.3451 69.6105
764 12.8585 69.6543
31 12.294 69.705
445 12.2106 69.7125
734 12.1362 69.7192
131 12.067 69.7255
517 11.9895 69.7325
130 11.9234 69.7384
3 11.8456 69.7454
457 11.7662 69.7526
556 11.6898 69.7595
272 11.6208 69.7657
639 11.5414 69.7729
879 11.4731 69.779
219 11.4009 69.7855
667 11.3265 69.7923
726 11.2645 69.7978
192 11.1909 69.8045
298 11.1104 69.8117
703 11.0446 69.8177
607 10.9721 69.8242
168 10.9114 69.8297
680 10.8434 69.8358
600 10.7752 69.842
347 10.684 69.8502
132 10.684 69.8502
275 10.684 69.8502
97 10.684 69.8502
694 10.684 69.8502
747 10.684 69.8502
784 10.684 69.8502
220 10.684 69.8502
630 10.684 69.8502
411 10.684 69.8502
970 10.684 69.8502
948 10.684 69.8502
552 10.684 69.8502
860 10.684 69.8502
338 10.684 69.8502
939 10.684 69.8502
589 10.684 69.8502
717 10.684 69.8502
81 10.684 69.8502
701 10.684 69.8502
531 10.684 69.8502
196 10.68 69.9147
255 10.6757 69.9846
207 10.6713 70.0558
114 10.6674 70.119
739 10.6633 70.1856
524 10.6591 70.254
991 10.6548 70.3234
371 10.6512 70.3833
77 10.6472 70.4475
799 10.643 70.5151
381 10.6387 70.5849
482 10.6345 70.6546
728 10.63 70.7275
277 10.626 70.7912
427 10.6219 70.8586
487 10.6176 70.9284
234 10.6142 70.9842
966 10.5495 72.0337
184 10.4664 73.3814
796 10.4009 74.445
503 10.3376 75.4725
339 10.2649 76.6523
153 10.1915 77.8429
803 10.1535 78.4596
665 10.1444 78.6073
224 10.1327 78.7969
686 10.1205 78.9955
570 10.1061 79.2283
436 10.0929 79.4419
88 10.0804 79.6448
433 10.068 79.8465
615 10.055 80.0569
892 10.0423 80.2634
374 10.0306 80.4527
890 10.018 80.6576
830 10.0054 80.8623
178 9.9932 81.0598
502 9.98233 81.2361
657 9.96108 81.5808
500 9.93879 81.9426
113 9.91247 82.3693
944 9.83159 83.6821
554 9.73568 85.2387
988 9.49618 89.1242
815 9.49618 89.1242
695 9.49618 89.1242
827 9.49618 89.1242
905 9.49618 89.1242
780 9.49618 89.1242
321 9.49618 89.1242
325 9.49618 89.1242
169 9.49618 89.1242
39 9.49618 89.1242
637 9.49619 89.1242
50 9.49619 89.1242
585 9.49619 89.1242
759 9.49619 89.1242
711 9.49619 89.1242
263 9.49619 89.1242
301 9.49619 89.1242
364 9.49619 89.1242
718 9.49619 89.1242
792 9.49619 89.1242
1 9.49619 89.1242
199 9.49619 89.1242
236 9.49619 89.1242
914 9.49619 89.1242
678 9.49619 89.1242
108 9.49619 89.1242
736 9.49619 89.1242
405 9.49619 89.1242
868 9.49619 89.1242
955 9.49619 89.1242
444 9.49619 89.1242
90 9.49619 89.1242
546 9.51978 89.1233
973 9.54261 89.1225
213 9.5631 89.1218
750 9.60206 89.1204
183 9.63928 89.119
969 9.66828 89.118
247 9.70188 89.1167
401 9.73318 89.1156
446 9.76778 89.1143
300 9.79967 89.1132
982 9.83701 89.1118
628 9.87167 89.1106
435 9.90716 89.1093
48 9.94338 89.108
557 9.97816 89.1067
200 10.0104 89.1055
426 10.0418 89.1044
953 10.0767 89.1031
699 10.1151 89.1017
568 10.1499 89.1005
447 10.1839 89.0992
138 10.2195 89.098
719 10.2525 89.0968
693 10.2884 89.0954
316 10.3252 89.0941
386 10.3619 89.0928
495 10.3971 89.0915
95 10.4293 89.0903
203 10.4609 89.0892
399 10.4959 89.0879
240 10.5279 89.0867
560 10.5636 89.0854
304 10.5946 89.0843
106 10.6244 89.0832
380 10.656 89.0821
75 10.6856 89.081
551 12.172 89.0267
547 13.1797 88.9899
227 16.3231 88.8752
418 19.0214 88.7767
631 21.1622 88.6985
773 21.476 88.687
360 21.7179 88.6782
638 21.9976 88.668
441 22.1994 88.6606
442 22.4192 88.6526
256 22.704 88.6422
28 22.78 88.6394
651 22.8555 88.6367
15 22.9344 88.6338
490 23.0281 88.6304
167 23.1214 88.6269
428 23.2096 88.6237
470 23.297 88.6205
795 23.3531 88.6185
593 23.4043 88.6166
231 23.4663 88.6143
550 23.5174 88.6125
249 23.5692 88.6106
768 23.6238 88.6086
456 23.6804 88.6065
76 23.7394 88.6044
244 23.7917 88.6025
462 23.8463 88.6005
611 23.9095 88.5982
430 23.9647 88.5962
714 24.0177 88.5942
712 24.0722 88.5922
409 24.1324 88.59
36 24.19 88.5879
696 24.2454 88.5859
424 24.2995 88.5839
58 24.3542 88.5819
521 24.4115 88.5798
859 24.4712 88.5777
73 24.5318 88.5754
253 24.589 88.5734
120 24.6436 88.5714
469 24.6932 88.5696
288 24.7494 88.5675
786 24.8093 88.5653
115 24.8616 88.5634
141 24.9255 88.5611
761 24.9788 88.5591
776 25.0315 88.5572
60 25.1365 88.5534
886 25.2253 88.5501
93 25.321 88.5467
306 25.437 88.5424
96 25.5547 88.5382
2 25.6638 88.5342
610 25.7599 88.5307
16 25.8625 88.5269
808 25.9611 88.5233
871 26.0506 88.5201
20 26.1569 88.5162
757 26.2536 88.5127
885 26.3499 88.5092
44 26.4448 88.5057
916 26.5372 88.5024
13 26.6404 88.4986
368 26.8212 88.492
491 26.9991 88.4856
41 27.2623 88.476
578 27.5134 88.4668
753 27.7554 88.458
17 28.0278 88.4481
933 28.5049 88.4308
833 29.4342 88.397
271 30.597 88.3547
392 31.6145 88.3177
960 32.5384 88.2841
22 33.6524 88.2436
305 34.73 88.2044
866 34.8225 88.201
613 34.889 88.1986
806 34.9541 88.1962
223 35.026 88.1936
296 35.1031 88.1908
752 35.1873 88.1878
672 35.2661 88.1849
129 35.3539 88.1817
614 35.4346 88.1788
539 35.5176 88.1758
309 35.5953 88.1729
265 35.6725 88.1701
807 35.747 88.1674
840 35.8225 88.1647
239 35.9009 88.1618
92 35.9667 88.1594
738 36.0416 88.1567
974 36.1153 88.1541
270 36.1837 88.1516
564 36.2632 88.1487
389 36.3302 88.1462
918 36.389 88.1441
919 36.4555 88.1417
150 36.5239 88.1392
146 36.5993 88.1365
416 36.6737 88.1338
215 36.7441 88.1312
294 36.8147 88.1286
449 36.8802 88.1263
707 36.9429 88.124
72 37.0092 88.1216
292 37.0759 88.1192
561 37.1458 88.1166
755 37.2144 88.1141
226 37.2144 88.1141
437 37.5138 88.1188
763 37.8151 88.1235
139 38.1095 88.1281
649 38.5963 88.1357
181 39.0855 88.1433
189 39.5766 88.1509
53 40.1239 88.1595
940 40.7145 88.1686
156 41.0579 88.174
713 41.3721 88.1789
343 41.6781 88.1837
206 41.9808 88.1884
105 42.3036 88.1935
947 42.5751 88.1977
230 42.7957 88.2012
241 43.0555 88.2052
165 43.3339 88.2096
548 43.5852 88.2135
569 43.8669 88.2179
874 44.1648 88.2226
766 44.4515 88.2271
172 44.7409 88.2316
877 45.0665 88.2367
394 45.418 88.2422
559 45.8042 88.2482
448 46.1636 88.2538
5 46.7975 88.2637
375 47.4389 88.2737
12 48.0775 88.2837
562 48.6121 88.2921
82 49.2376 88.3019
248 49.9398 88.3128
319 50.7451 88.3254
313 51.6472 88.3394
395 52.4505 88.3519
536 52.4643 88.3522
40 52.4797 88.3524
193 52.4943 88.3526
961 52.5098 88.3529
179 52.5268 88.3531
434 52.5433 88.3534
259 52.5602 88.3537
584 52.5765 88.3539
814 52.5913 88.3541
140 52.6086 88.3544
984 52.6262 88.3547
530 52.6409 88.3549
415 52.6576 88.3552
618 52.6738 88.3554
532 52.6896 88.3557
754 52.7069 88.3559
511 52.7229 88.3562
516 52.7394 88.3564
746 52.7565 88.3567
367 52.7753 88.357
477 52.7943 88.3573
931 52.8107 88.3575
887 52.8257 88.3578
880 52.8409 88.358
245 52.8564 88.3583
541 52.8721 88.3585
118 52.889 88.3588
563 52.9042 88.359
980 52.9835 88.3602
335 53.0591 88.3614
642 53.1293 88.3625
126 53.2073 88.3637
185 53.2913 88.365
567 53.3672 88.3661
23 53.4328 88.3671
911 53.5048 88.3682
952 53.5719 88.3693
624 53.6418 88.3704
882 53.7138 88.3715
690 53.7867 88.3726
575 53.8597 88.3737
344 53.9316 88.3748
202 54.0015 88.3759
406 54.0656 88.3769
320 54.1376 88.378
851 54.216 88.3792
317 54.2936 88.3804
369 54.3646 88.3815
816 54.4373 88.3826
280 54.5035 88.3836
861 54.5727 88.3847
62 54.6455 88.3858
826 54.7144 88.3869
774 54.7936 88.3881
856 54.8727 88.3893
896 54.9422 88.3904
408 55.0083 88.3914
177 55.0815 88.3925
895 55.1399 88.3934
636 55.2057 88.3945
659 55.2738 88.3955
378 55.3769 88.3971
229 55.4668 88.3985
801 55.5594 88.3999
992 55.6495 88.4013
782 55.7271 88.4024
737 62.2037 88.5021
83 69.1181 88.6099
740 72.713 88.665
273 72.7627 88.6657
71 72.8253 88.6667
580 72.8822 88.6676
494 72.9432 88.6685
854 73.0026 88.6694
775 73.064 88.6703
481 73.1249 88.6712
742 73.1884 88.6722
42 73.2446 88.673
544 73.3112 88.674
417 73.3846 88.6752
353 73.449 88.6761
285 73.5171 88.6772
648 73.5922 88.6783
318 73.6508 88.6792
149 73.7149 88.6802
622 73.7831 88.6812
251 73.8559 88.6823
893 73.9334 88.6835
666 74.0002 88.6845
158 74.0664 88.6855
297 74.1324 88.6865
818 74.2086 88.6876
52 74.2729 88.6886
823 74.3456 88.6897
937 74.4196 88.6908
620 74.4867 88.6919
817 74.5639 88.693
464 74.6628 88.6945
813 75.3559 88.7051
845 76.0428 88.7156
820 76.8935 88.7286
322 77.639 88.7399
159 78.2081 88.7486
145 78.8013 88.7576
928 80.136 88.778
983 80.136 88.778
864 80.136 88.778
135 80.136 88.778
465 80.136 88.778
204 82.8026 84.9776
725 83.413 84.1076
889 84.144 83.0658
660 85.0955 81.7097
311 85.528 81.0933
473 85.8757 80.5977
372 86.3534 79.9169
528 86.2999 79.4683
332 86.254 79.0839
450 86.2175 78.7778
685 86.1836 78.4938
25 86.1412 78.1383
951 84.1823 61.7153
107 84.1227 61.2156
383 84.0728 60.7976
385 84.0149 60.3128
497 83.9271 59.5763
242 83.7224 58.5574
684 83.5326 57.613
884 83.3218 56.5638
941 83.134 55.629
198 82.9423 54.6749
425 82.7487 53.7111
170 82.5851 52.8968
29 82.394 51.9456
838 82.33 51.6269
506 82.2645 51.3011
977 82.1851 50.9059
334 82.0909 50.4369
274 81.7362 48.6722
232 81.5099 47.5455
466 81.5099 47.5455
387 81.5099 47.5455
195 81.5099 47.5455
920 81.5099 47.5455
609 81.5099 47.5455
583 81.5099 47.5455
850 81.5099 47.5455
670 81.6022 46.9644
745 81.6908 46.4062
835 81.764 45.9455
967 81.8251 45.5612
553 81.8968 45.11
932 82.0387 44.2169
592 82.2298 43.0138
136 82.4213 41.8082
520 83.2473 36.6093
98 83.9836 31.9742
33 84.3524 29.6531
590 84.8078 26.7863
627 85.8671 20.1182
260 86.2684 17.5916
979 86.2684 17.5916
243 86.2684 17.5916
345 86.2684 17.5916
483 86.2684 17.5916
