0,581,295,598,103,504,777,721,959,176,419,873,819,831,164,555,785,6,821,634,865,781,24,197,314,681,323,55,930,458,19,355,751,209,843,66,358,978,828,27,45,716,842,63,594,675,870,906,844,875,377,43,217,357,606,644,396,492,117,623,276,942,668,68,420,70,656,18,852,538,767,440,67,987,460,290,595,654,478,650,867,293,509,238,744,727,51,900,837,485,190,152,112,515,9,847,647,432,907,393,671,340,84,769,857,800,71,975,904,110,579,962,173,832,523,471,286,968,264,625,964,468,802,621,798,894,80,410,175,596,91,350,282,235,540,459,144,558,976,724,582,676,563,513,484,163,683,715,617,632,779,453,986,161,791,855,225,208,171,605,109,921,576,94,910,134,315,30,762,809,101,793,281,597,810,804,56,404,104,945,365,929,577,210,923,370,186,35,85,533,54,498,127,743,732,216,765,472,262,188,69,519,525,11,891,748,269,342,687,388,706,535,237,922,403,180,151,302,913,397,876,49,723,692,38,452,862,155,194,688,619,414,679,413,790,603,566,89,522,147,778,508,37,480,908,633,257,853,461,7,664,655,848,529,512,438,543,811,989,475,917,356,869,250,834,783,549,289,261,421,278,307,467,191,160,586,935,337,602,221,486,934,612,379,915,354,824,787,26,883,363,899,653,284,310,287,407,573,64,351,709,704,822,111,518,246,8,402,366,474,902,643,669,626,629,348,488,641,439,722,682,661,741,61,963,412,362,881,588,812,299,646,674,673,211,254,455,187,74,331,943,702,710,121,32,205,86,514,958,898,829,283,268,794,258,499,65,384,10,330,133,985,836,572,87,46,328,125,700,4,422,423,805,936,527,797,731,652,925,956,938,336,760,116,47,698,128,212,341,858,863,154,909,677,565,214,972,218,279,174,463,303,534,57,616,222,312,352,157,148,758,100,841,476,123,228,849,663,166,708,771,749,949,542,489,373,505,391,496,990,770,142,78,182,122,510,324,912,846,99,730,59,756,493,735,720,291,501,691,545,571,308,267,950,124,537,635,662,601,604,526,329,957,640,443,971,839,233,137,454,21,729,705,507,897,645,382,390,903,965,359,266,34,252,333,658,349,451,591,733,788,327,878,587,927,981,574,479,872,789,772,689,79,60,599,901,888,954,608,445,374,665,3,680,879,219,734,196,747,694,255,630,81,131,701,764,132,275,326,482,339,371,517,991,524,739,130,667,589,398,338,686,14,639,890,560,796,346,531,503,552,347,220,703,119,970,224,272,556,860,717,784,607,114,939,799,234,728,168,600,298,502,77,966,376,381,207,400,457,113,487,657,427,277,192,411,500,551,361,948,162,924,97,726,825,429,184,628,955,58,203,321,495,444,905,570,780,178,426,718,90,830,554,75,48,301,436,916,247,364,360,547,946,944,138,39,699,399,446,300,546,719,892,615,711,304,31,585,736,108,106,637,240,678,914,236,982,88,815,199,557,1,969,792,401,433,93,405,868,325,435,169,50,447,380,953,213,988,568,695,462,827,750,693,386,316,431,153,759,200,263,803,95,593,16,288,442,20,757,409,712,611,430,885,44,441,638,786,859,631,886,120,761,244,141,521,249,768,456,76,490,13,418,41,491,271,392,795,470,368,753,610,17,933,833,227,306,651,469,253,183,115,973,96,773,256,424,15,714,776,223,806,167,960,578,296,73,808,871,696,150,36,428,28,550,697,226,231,2,53,437,270,22,230,241,129,763,5,919,877,569,172,766,614,146,918,375,561,206,649,181,189,548,305,139,940,92,72,707,294,974,292,449,752,448,738,840,265,309,539,562,559,215,564,179,659,536,389,874,343,947,807,156,408,672,394,713,613,105,541,961,416,642,165,866,280,755,82,434,516,816,980,851,239,62,313,887,814,511,118,746,415,882,636,618,532,248,344,782,754,880,177,931,477,319,367,575,202,690,952,584,259,992,185,567,229,378,395,335,895,801,317,126,624,40,193,12,23,774,856,861,896,140,530,369,320,406,911,984,245,737,826,817,297,159,544,620,149,823,465,83,464,273,145,845,318,52,854,580,42,481,158,893,725,622,813,818,775,417,666,353,251,285,864,135,740,494,937,648,928,983,820,322,473,889,742,332,311,528,372,25,204,450,660,685,838,385,497,583,201,107,242,170,684,383,977,506,102,466,932,884,232,670,609,920,195,387,274,926,143,334,850,592,941,198,425,951,745,835,967,29,136,553,520,33,590,98,243,483,260,627,345,979,
value : 409.575 running time : 1268.780879
0 80 20
581 72.4408 17.0671
295 70.6551 16.3741
598 69.1502 15.79
103 67.614 15.1937
504 67.1511 16.1373
777 66.7183 17.0197
721 66.2777 17.9178
959 65.2892 19.9326
176 64.3627 21.821
419 61.8084 27.0255
873 61.6861 27.4659
819 61.5653 27.9007
831 61.4482 28.3224
164 61.3327 28.7383
555 61.2246 29.1275
785 61.1175 29.5132
6 61.0157 29.8795
821 60.9155 30.2404
634 60.82 30.5844
865 60.7303 30.9073
781 60.6493 31.1992
24 60.5695 31.4867
197 59.5219 35.2537
314 59.5219 35.2537
681 59.5219 35.2537
323 59.5219 35.2537
55 59.5219 35.2537
930 59.5219 35.2537
458 59.5219 35.2537
19 59.5219 35.2537
355 59.5219 35.2537
751 59.5219 35.2537
209 59.5219 35.2537
843 59.5965 43.0702
66 59.5969 43.117
358 59.5974 43.1636
978 59.5978 43.2126
828 59.5983 43.2579
27 59.5987 43.3074
45 59.5993 43.3664
716 59.5999 43.4276
842 59.6005 43.4895
63 59.601 43.544
594 59.6015 43.5982
675 59.602 43.6532
870 59.6026 43.7089
906 59.6031 43.7646
844 59.6036 43.8206
875 59.6042 43.8802
377 59.6047 43.9363
43 59.6053 43.9979
217 59.6059 44.0602
357 59.6065 44.1222
606 59.6071 44.1846
644 59.6077 44.2492
396 59.6083 44.3147
492 59.6089 44.3731
117 59.6094 44.4307
623 59.61 44.4882
276 59.6105 44.5454
942 60.8846 52.7885
668 61.6218 57.5601
68 61.8228 58.8611
420 61.9953 59.9779
70 62.1561 61.0192
656 62.5023 63.26
18 63.1284 67.3126
852 63.1284 67.3126
538 63.1273 67.3258
767 63.1262 67.3397
440 63.1248 67.3566
67 63.1234 67.3727
987 63.1221 67.3891
460 63.1208 67.4044
290 63.1196 67.4187
595 63.1185 67.4325
654 63.1172 67.4473
478 63.1161 67.4609
650 63.1149 67.4757
867 63.1136 67.491
293 63.1124 67.5054
509 63.111 67.5222
238 63.1098 67.5372
744 63.1084 67.5534
727 63.1072 67.5684
51 63.1059 67.5832
900 63.1048 67.5972
837 63.1036 67.6114
485 63.1025 67.6243
190 63.1013 67.6397
152 63.0896 67.7804
112 63.0782 67.9166
515 63.0676 68.0441
9 63.0562 68.1816
847 63.046 68.3038
647 63.0365 68.4191
432 63.0258 68.5468
907 63.0163 68.6615
393 63.0054 68.7927
671 62.9942 68.9276
340 62.9845 69.0438
84 62.9747 69.1614
769 62.9635 69.297
857 62.9532 69.4211
800 62.9532 69.4211
71 62.9532 69.4211
975 62.8742 69.4074
904 62.7762 69.3904
110 62.6813 69.374
579 62.5726 69.3551
962 61.3891 69.1498
173 59.1395 68.7593
832 56.2532 68.2582
523 51.4329 67.4213
471 49.7861 67.1355
286 49.6968 67.1201
968 49.5993 67.1032
264 49.4978 67.0856
625 49.4075 67.0699
964 49.3121 67.0534
468 49.2118 67.036
802 49.1084 67.0181
621 48.9985 66.999
798 48.9013 66.9822
894 48.8036 66.9653
80 48.7048 66.9481
410 48.612 66.9321
175 48.5207 66.9162
596 48.439 66.9021
91 48.4198 66.8987
350 48.3985 66.8951
282 48.3782 66.8915
235 48.3562 66.8877
540 48.3337 66.8838
459 48.3119 66.8801
144 48.2912 66.8765
558 48.2705 66.8729
976 48.2495 66.8692
724 48.2291 66.8657
582 48.2291 66.8657
676 48.2291 66.8657
563 48.2291 66.8657
513 48.2291 66.8657
484 48.2291 66.8657
163 48.2291 66.8657
683 48.2291 66.8657
715 48.2291 66.8657
617 48.2291 66.8657
632 48.2291 66.8657
779 48.2291 66.8657
453 48.2291 66.8657
986 48.2291 66.8657
161 48.2291 66.8657
791 48.2291 66.8657
855 48.2291 66.8657
225 48.2291 66.8657
208 48.2291 66.8657
171 48.2291 66.8657
605 48.2291 66.8657
109 48.2291 66.8657
921 48.2291 66.8657
576 48.2291 66.8657
94 48.2291 66.8657
910 48.2291 66.8657
134 48.2291 66.8657
315 48.2291 66.8657
30 47.3124 64.3478
762 47.2412 64.1522
809 47.1663 63.9462
101 47.0981 63.7587
793 47.0341 63.5829
281 46.9736 63.4165
597 46.9145 63.2541
810 46.8575 63.0973
804 46.8013 62.9429
56 46.7451 62.7884
404 46.6875 62.63
104 46.3716 61.7624
945 46.0689 60.9309
365 45.935 60.5629
929 45.7925 60.1714
577 45.7846 60.1496
210 45.7762 60.1266
923 45.7683 60.1048
370 45.7604 60.0829
186 45.7527 60.0618
35 45.745 60.0407
85 45.737 60.0185
533 45.537 59.7372
54 45.3522 59.4773
498 45.1724 59.2244
127 44.9893 58.967
743 44.8325 58.7463
732 44.6467 58.4851
216 44.4673 58.2328
765 44.2515 57.9293
472 44.0432 57.6362
262 43.8745 57.399
188 43.6997 57.1531
69 43.2867 56.5723
519 43.2867 56.5722
525 37.6628 50.0346
11 36.7709 48.9975
891 36.5731 48.7674
748 36.3626 48.5225
269 36.1712 48.2998
342 35.976 48.0727
687 35.7543 47.8148
388 35.5528 47.5804
706 35.3741 47.3725
535 35.2019 47.1722
237 35.0455 46.9902
922 34.8764 46.7935
403 34.6808 46.5659
180 34.6787 46.5635
151 34.6762 46.5605
302 34.674 46.5581
913 34.6718 46.5555
397 34.6695 46.5528
876 34.6675 46.5505
49 34.6653 46.5479
723 34.6628 46.545
692 34.6608 46.5426
38 34.6587 46.5402
452 34.6567 46.5379
862 34.6546 46.5354
155 34.6525 46.533
194 34.6503 46.5305
688 34.6481 46.5279
619 34.6456 46.525
414 34.6432 46.5222
679 34.641 46.5196
413 34.639 46.5173
790 34.6369 46.5149
603 34.635 46.5126
566 34.6329 46.5102
89 34.6309 46.5079
522 34.6288 46.5054
147 34.6265 46.5027
778 34.6241 46.5
508 34.6217 46.4971
37 34.6192 46.4943
480 34.6171 46.4918
908 34.6149 46.4893
633 34.6149 46.4893
257 34.6834 44.7118
853 34.7016 44.2441
461 34.718 43.8197
7 34.7373 43.3227
664 34.7565 42.8274
655 34.775 42.3511
848 34.7863 42.2214
529 34.7992 42.0728
512 34.8113 41.9333
438 34.8247 41.7785
543 34.8383 41.6222
811 34.8527 41.4564
989 34.8668 41.2946
475 34.8812 41.1288
917 35.0422 39.2801
356 35.2111 37.3413
869 35.4313 34.8144
250 35.6527 32.2727
834 35.6298 32.2147
783 35.6076 32.1583
549 35.4818 31.8392
289 35.3643 31.5411
261 35.3203 31.4578
421 35.2752 31.3727
278 35.2288 31.2849
307 35.1843 31.2006
467 35.1403 31.1174
191 35.0958 31.0333
160 35.0519 30.9504
586 35.008 30.8672
935 34.9638 30.7837
337 34.9137 30.6889
602 34.8681 30.6028
221 34.8681 30.6027
486 34.8681 30.6027
934 34.8681 30.6027
612 34.8681 30.6027
379 34.5471 29.5066
915 34.2245 28.4051
354 33.9586 27.497
824 33.7143 26.6632
787 33.4793 25.8606
26 33.2484 25.0725
883 33.027 24.3164
363 32.8136 23.5878
899 32.6816 23.1375
653 32.9941 20.0632
284 33.0488 19.5258
310 33.1102 18.9223
287 33.1689 18.3449
407 33.2157 17.8856
573 33.2559 17.4904
64 33.2949 17.107
351 33.3374 16.6892
709 33.375 16.3193
704 33.4235 15.8425
822 33.4709 15.3771
111 33.5354 14.7432
518 33.6109 14.0005
246 28.7791 14.2036
8 25.1305 14.3569
402 23.2115 14.4375
366 22.8715 14.4517
474 22.5776 14.4641
902 22.3104 14.4753
643 22.0461 14.4864
669 21.7754 14.4977
626 21.4502 14.5114
629 17.6964 14.6691
348 17.1095 14.6937
488 16.5902 14.7156
641 16.0368 14.7388
439 15.3573 14.7673
722 13.4285 14.8483
682 13.3333 14.8523
661 13.2449 14.8561
741 13.1424 14.8604
61 13.0375 14.8648
963 12.9508 14.8684
412 12.9508 14.8684
362 12.9508 14.8684
881 12.9508 14.8684
588 12.9508 14.8684
812 12.9508 14.8684
299 12.825 16.4149
646 12.7843 16.9148
674 12.742 17.4361
673 12.6985 17.9711
211 12.6593 18.454
254 12.6169 18.9754
455 12.5721 19.5268
187 12.5319 20.0216
74 12.4529 20.9924
331 12.3993 21.6517
943 12.3477 22.2869
702 12.3056 22.8054
710 12.0281 26.2118
121 11.7804 29.2541
32 11.627 31.1384
205 11.5644 31.9082
86 11.5472 32.1196
514 11.5299 32.3324
958 11.5121 32.5517
898 11.495 32.7628
829 11.4746 33.0145
283 11.4551 33.2541
268 11.4357 33.4939
794 11.4161 33.7348
258 11.3937 34.0115
499 11.1866 36.554
65 11.1866 36.554
384 11.1866 36.554
10 11.1866 36.554
330 11.1866 36.554
133 11.1866 36.554
985 11.1866 36.554
836 11.1866 36.554
572 11.1866 36.554
87 11.1866 36.554
46 11.1866 36.5541
328 11.1866 36.5541
125 11.1866 36.5541
700 11.1866 36.5541
4 11.1866 36.5541
422 11.2525 48.3966
423 11.2528 48.4496
805 11.2531 48.5068
936 11.2534 48.5627
527 11.2537 48.6183
797 11.254 48.6719
731 11.2543 48.7264
652 11.2546 48.7856
925 11.255 48.8486
956 11.2553 48.9028
938 11.2556 48.9521
336 11.2558 49.0015
760 11.2561 49.0498
116 11.2563 49.0745
47 11.2564 49.1002
698 11.2565 49.1256
128 11.2567 49.1506
212 11.2568 49.1761
341 11.257 49.2042
858 11.2571 49.2318
863 11.2573 49.258
154 11.2574 49.2875
909 11.2576 49.3177
677 11.2578 49.349
565 11.2579 49.378
214 11.2581 49.4056
972 11.2582 49.4328
218 11.2584 49.4596
279 11.2585 49.4854
174 11.2587 49.5111
463 11.2588 49.5376
303 11.259 49.5652
534 11.2591 49.5911
57 11.2593 49.6175
616 11.2594 49.6428
222 11.2596 49.6705
312 11.2597 49.6976
352 11.2599 49.7266
157 11.26 49.754
148 11.2602 49.7802
758 11.2603 49.8091
100 11.2605 49.8376
841 11.2606 49.864
476 11.2608 49.8902
123 11.2609 49.9177
228 11.2611 49.9464
849 11.2613 49.9776
663 11.2614 50.0045
166 11.2616 50.0349
708 11.2617 50.0624
771 11.2619 50.0875
749 11.262 50.1147
949 11.2622 50.1416
542 11.2623 50.1702
489 11.2625 50.1978
373 11.2626 50.2249
505 11.2628 50.2519
391 11.2629 50.2778
496 11.2631 50.3035
990 11.2632 50.3294
770 11.2634 50.3573
142 11.2635 50.3863
78 11.2637 50.414
182 11.2644 50.5333
122 11.265 50.6526
510 18.1077 58.0558
324 20.8274 60.9985
912 24.6538 65.1387
846 24.739 65.2308
99 24.8284 65.3276
730 24.9161 65.4224
59 24.991 65.5035
756 25.0737 65.593
493 25.1622 65.6887
735 25.2469 65.7804
720 25.3393 65.8804
291 25.4334 65.9822
501 25.4334 65.9822
691 25.4334 65.9822
545 25.4626 66.1769
571 25.4916 66.3705
308 25.5288 66.6183
267 25.5706 66.8964
950 25.6064 67.135
124 25.6387 67.3499
537 25.6499 67.4249
635 25.661 67.4994
662 25.6719 67.5719
601 25.6719 67.5719
604 25.6719 67.572
526 25.6719 67.572
329 25.6719 67.572
957 25.6719 67.572
640 25.6719 67.572
443 25.6719 67.572
971 25.6719 67.572
839 25.6719 67.572
233 25.6783 67.6295
137 25.6856 67.6951
454 25.6928 67.7605
21 25.6994 67.819
729 25.7056 67.8749
705 25.7121 67.9327
507 25.7191 67.996
897 25.7263 68.0608
645 25.7339 68.1288
382 25.7411 68.1938
390 25.7486 68.2614
903 25.756 68.3279
965 25.7635 68.3949
359 25.771 68.4625
266 25.7783 68.5283
34 25.7855 68.5929
252 25.7937 68.6661
333 25.7204 68.6718
658 25.6479 68.6775
349 25.5779 68.683
451 25.5082 68.6885
591 25.4443 68.6935
733 25.3736 68.699
788 25.3053 68.7044
327 25.2359 68.7098
878 25.1689 68.7151
587 25.0936 68.721
927 25.0191 68.7268
981 24.9453 68.7326
574 24.8794 68.7377
479 24.8089 68.7433
872 24.7444 68.7483
789 24.6598 68.755
772 24.5748 68.7616
689 24.5016 68.7674
79 24.4179 68.7739
60 24.3378 68.7802
599 24.0186 68.8052
901 23.6827 68.8315
888 23.3297 68.8592
954 22.9771 68.8869
608 20.3471 69.0929
445 14.5421 69.5478
374 14.3826 69.5603
665 14.2338 69.572
3 14.1016 69.5824
680 13.9685 69.5928
879 13.8295 69.6037
219 13.6931 69.6144
734 13.5594 69.6248
196 13.4487 69.6335
747 13.3273 69.643
694 13.208 69.6524
255 13.1228 69.6591
630 13.0467 69.665
81 12.9664 69.6713
131 12.8823 69.6779
701 12.8014 69.6843
764 12.7165 69.6909
132 12.6295 69.6977
275 12.5373 69.705
326 12.4359 69.7129
482 12.3315 69.7211
339 12.2271 69.7293
371 12.1088 69.7385
517 12.0077 69.7464
991 11.9181 69.7535
524 11.8382 69.7597
739 11.7495 69.7667
130 11.6567 69.774
667 11.5526 69.7821
589 11.4681 69.7887
398 11.3813 69.7955
338 11.2845 69.8031
686 11.1865 69.8108
14 11.0955 69.8179
639 11.0088 69.8247
890 10.9281 69.8311
560 10.8723 69.8354
796 10.812 69.8402
346 10.7471 69.8452
531 10.684 69.8502
503 10.684 69.8502
552 10.684 69.8502
347 10.684 69.8502
220 10.6818 69.9182
703 10.6798 69.9787
119 10.6776 70.0471
970 10.6755 70.1139
224 10.6732 70.1845
272 10.6711 70.2488
556 10.6689 70.3174
860 10.6668 70.3804
717 10.665 70.4381
784 10.663 70.4978
607 10.6609 70.5637
114 10.6589 70.6256
939 10.6568 70.6908
799 10.6545 70.7624
234 10.6522 70.8347
728 10.6468 70.999
168 10.6424 71.1377
600 10.6381 71.2684
298 10.6339 71.3992
502 10.63 71.5212
77 10.626 71.6452
966 10.6216 71.779
376 10.6172 71.9156
381 10.6122 72.0699
207 10.6072 72.226
400 10.6025 72.3698
457 10.5977 72.5196
113 10.5932 72.659
487 10.5885 72.8049
657 10.584 72.9419
427 10.5798 73.0748
277 10.5754 73.2086
192 10.5711 73.3425
411 10.5662 73.4943
500 10.5598 73.6907
551 10.5536 73.883
361 10.5479 74.0599
948 10.5421 74.2389
162 10.5363 74.4205
924 10.5303 74.6044
97 10.5131 75.1358
726 10.4933 75.75
825 10.4731 76.3737
429 10.4541 76.9618
184 10.4318 77.65
628 10.4105 78.3078
955 10.3934 78.8364
58 10.3767 79.3529
203 10.3744 79.4267
321 10.3719 79.5013
495 10.3694 79.5806
444 10.367 79.6533
905 10.3647 79.7245
570 10.3625 79.795
780 10.3602 79.8662
178 10.3578 79.9378
426 10.3555 80.0105
718 10.3531 80.083
90 10.351 80.15
830 10.3488 80.218
554 10.3465 80.2878
75 10.3442 80.3587
48 10.3419 80.4296
301 10.3396 80.5026
436 10.3375 80.5683
916 10.3352 80.6365
247 10.3331 80.7045
364 10.331 80.7688
360 10.329 80.8285
547 10.3271 80.8901
946 10.3252 80.947
944 10.2775 82.4209
138 10.2237 84.0867
39 10.1934 85.0236
699 10.1894 85.1471
399 10.1854 85.2706
446 10.1813 85.3971
300 10.1774 85.5173
546 10.1734 85.6405
719 10.1692 85.7708
892 10.165 85.8991
615 10.1608 86.0311
711 10.1559 86.1804
304 10.152 86.3023
31 10.1483 86.4163
585 10.1442 86.5446
736 10.1407 86.6515
108 10.1371 86.7618
106 10.1334 86.876
637 10.1302 86.9755
240 10.127 87.0746
678 10.1234 87.1881
914 10.12 87.293
236 10.1166 87.3962
982 10.1136 87.4888
88 10.1106 87.5827
815 10.1072 87.6883
199 10.1037 87.7956
557 10.1004 87.8967
1 10.0972 87.9971
969 10.094 88.096
792 10.091 88.1895
401 10.0878 88.2878
433 10.0847 88.3847
93 10.0805 88.5138
405 10.0762 88.6472
868 10.0723 88.7668
325 10.0688 88.8736
435 10.0648 88.9981
169 10.0619 89.088
50 10.0587 89.1862
447 10.0554 89.2892
380 10.052 89.3947
953 10.049 89.4856
213 10.0459 89.5833
988 10.0445 89.6271
568 10.3173 89.6116
695 10.594 89.5959
462 10.8229 89.583
827 11.0312 89.5712
750 11.2705 89.5576
693 11.5028 89.5444
386 11.7547 89.5301
316 11.9986 89.5163
431 12.252 89.5019
153 12.3023 89.4991
759 12.355 89.4961
200 12.8222 89.4696
263 13.3498 89.4397
803 14.4339 89.3783
95 16.4517 89.2639
593 19.4521 89.0937
16 21.948 88.9521
288 22.236 88.9358
442 22.5236 88.9195
20 22.8596 88.9005
757 22.9032 88.898
409 22.9439 88.8957
712 22.9847 88.8934
611 23.0288 88.8909
430 23.0682 88.8887
885 23.1073 88.8864
44 23.1463 88.8842
441 23.1863 88.882
638 23.2297 88.8795
786 23.2681 88.8773
859 23.3049 88.8752
631 23.3424 88.8731
886 23.3792 88.871
120 23.4191 88.8687
761 23.4557 88.8667
244 23.4923 88.8646
141 23.5332 88.8623
521 23.5681 88.8603
249 23.6048 88.8582
768 23.6427 88.8561
456 23.6811 88.8539
76 23.7212 88.8516
490 23.7591 88.8495
13 23.7954 88.8474
418 23.8371 88.845
41 23.8776 88.8427
491 23.9161 88.8406
271 23.9606 88.838
392 23.9993 88.8358
795 24.0297 88.8341
470 24.0589 88.8325
368 24.0847 88.831
753 24.1121 88.8294
610 24.1418 88.8278
17 24.1694 88.8262
933 24.1992 88.8245
833 24.2303 88.8227
227 24.2604 88.821
306 24.2945 88.8191
651 24.3263 88.8173
469 24.3581 88.8155
253 24.3919 88.8136
183 24.4216 88.8119
115 24.4522 88.8102
973 24.4854 88.8083
96 24.5948 88.8021
773 24.6922 88.7965
256 24.7832 88.7914
424 24.8612 88.787
15 24.9417 88.7824
714 25.0606 88.7756
776 25.1914 88.7682
223 25.9562 88.7248
806 26.384 88.7006
167 26.7337 88.6807
960 27.0816 88.661
578 27.2815 88.6496
296 27.5058 88.6369
73 27.7252 88.6245
808 27.9411 88.6122
871 28.1387 88.601
696 28.4266 88.5847
150 28.7283 88.5676
36 29.0163 88.5512
428 29.3155 88.5343
28 29.6161 88.5172
550 29.9184 88.5
697 30.8726 88.4459
226 36.2978 88.1381
231 36.6196 88.1642
2 36.9468 88.1907
53 37.2682 88.2168
437 37.6089 88.2444
270 37.9578 88.2726
22 38.3272 88.3026
230 38.6968 88.3325
241 39.0651 88.3624
129 39.4269 88.3917
763 39.7888 88.421
5 40.1601 88.4511
919 40.1602 88.4511
877 40.1602 88.4511
569 40.1602 88.4511
172 40.1602 88.4511
766 40.1602 88.4511
614 40.1602 88.4511
146 40.1602 88.4511
918 40.1602 88.4511
375 40.1602 88.4511
561 40.1602 88.4511
206 40.1603 88.4511
649 40.1603 88.4511
181 40.1603 88.4511
189 40.1603 88.4511
548 40.1603 88.4511
305 40.1603 88.4511
139 40.1603 88.4511
940 40.3082 88.4511
92 40.3691 88.4511
72 40.4374 88.4511
707 40.5083 88.4511
294 40.5832 88.4511
974 40.6506 88.4511
292 40.726 88.4511
449 40.8015 88.4511
752 40.8741 88.4511
448 40.9633 88.4511
738 41.0535 88.4511
840 41.146 88.4511
265 41.2392 88.4511
309 41.3512 88.4511
539 41.4641 88.4511
562 41.5762 88.4511
559 41.6842 88.4511
215 41.7861 88.4511
564 41.8953 88.4511
179 42.0047 88.4511
659 42.0949 88.4511
536 42.1858 88.4511
389 42.271 88.4511
874 42.3598 88.4511
343 42.4486 88.4511
947 42.538 88.4511
807 42.617 88.4511
156 42.7023 88.4511
408 42.7823 88.4511
672 42.8543 88.4511
394 43.0734 88.4511
713 43.305 88.4511
613 43.517 88.4511
105 44.4344 88.4511
541 45.1483 88.4511
961 45.6476 88.4511
416 45.9806 88.4511
642 46.3633 88.4511
165 46.732 88.4511
866 47.1126 88.4511
280 47.5175 88.4511
755 47.8512 88.4511
82 48.2201 88.4511
434 48.6302 88.4511
516 48.8362 88.4511
816 49.0473 88.4511
980 49.2222 88.4511
851 49.387 88.4511
239 49.5471 88.4511
62 49.7238 88.4511
313 49.8966 88.4511
887 50.061 88.4511
814 50.215 88.4511
511 50.3842 88.4511
118 50.5523 88.4511
746 50.7075 88.4511
415 50.8695 88.4511
882 51.0303 88.451
636 51.1782 88.451
618 51.3372 88.451
532 51.4889 88.451
248 51.6437 88.451
344 51.8379 88.451
782 51.9871 88.451
754 52.1417 88.451
880 52.2931 88.451
177 52.4534 88.451
931 52.5891 88.451
477 52.7053 88.451
319 52.8011 88.451
367 52.9152 88.451
575 53.029 88.451
202 53.138 88.451
690 53.2436 88.451
952 53.3491 88.451
584 53.4599 88.451
259 53.564 88.451
992 53.6758 88.451
185 53.7729 88.451
567 53.8625 88.451
229 53.9463 88.451
378 54.034 88.451
395 54.1118 88.451
335 54.1819 88.451
895 54.2533 88.451
801 54.3367 88.451
317 54.4118 88.451
126 54.4793 88.451
624 54.553 88.451
40 54.6274 88.451
193 54.6996 88.451
12 54.8033 88.451
23 54.9 88.451
774 54.9994 88.451
856 55.102 88.451
861 55.195 88.451
896 55.2948 88.451
140 55.39 88.451
530 55.4879 88.451
369 55.5989 88.451
320 55.7028 88.451
406 55.8149 88.451
911 55.9361 88.451
984 56.0494 88.451
245 56.1524 88.451
737 56.2645 88.451
826 56.3706 88.451
817 61.5164 88.4509
297 64.0802 88.4509
159 66.4103 88.4509
544 66.7986 88.4509
620 67.1871 88.4509
149 67.5876 88.4509
823 67.964 88.4509
465 68.342 88.4509
83 68.7133 88.4509
464 69.0399 88.4509
273 69.4055 88.4509
145 69.8172 88.4509
845 70.2311 88.4509
318 70.6533 88.4509
52 71.0787 88.4509
854 71.5682 88.4509
580 72.0327 88.4509
42 72.3071 88.4509
481 72.6379 88.4508
158 73.0026 88.4508
893 73.3831 88.4508
725 73.6967 88.4508
622 73.9473 88.4508
813 74.242 88.4508
818 74.5393 88.4508
775 74.8346 88.4508
417 75.1439 88.4508
666 75.4421 88.4508
353 75.7481 88.4508
251 76.0752 88.4508
285 76.4742 88.4508
864 76.9434 88.4508
135 77.4218 88.4508
740 77.8445 88.4508
494 78.223 88.4508
937 78.6076 88.4508
648 79.7049 88.4508
928 80.7087 88.4507
983 80.795 88.3212
820 81.1497 87.7885
322 81.8071 86.8013
473 82.5074 85.7496
889 83.2176 84.683
742 83.9631 83.5633
332 85.4696 81.3009
311 85.8101 80.7896
528 86.0858 80.3755
372 86.331 80.0073
25 86.2912 79.6461
204 86.2329 79.1181
450 86.1795 78.6347
660 86.1328 78.2123
685 86.088 77.8062
838 84.5044 63.4579
385 84.4051 62.5585
497 84.2258 60.9348
583 83.2635 58.886
201 83.0834 58.5027
107 82.8899 58.0908
242 82.6891 57.6634
170 82.4953 57.2508
684 82.2937 56.8217
383 82.0752 56.3565
977 81.5768 55.2955
506 80.9649 53.9931
102 79.6191 51.1277
466 79.4629 50.6874
932 79.375 50.4398
884 79.2842 50.1841
232 79.1691 49.8598
670 79.0908 49.6391
609 79.02 49.4395
920 78.9576 49.2637
195 78.8919 49.0784
387 78.8281 48.8987
274 78.7558 48.695
926 78.6937 48.5199
143 78.6419 48.3741
334 78.6419 48.3741
850 78.659 48.3053
592 78.6771 48.2322
941 78.6938 48.1649
198 78.8195 47.6582
425 78.9589 47.096
951 79.1047 46.5079
745 79.2566 45.8952
835 79.3961 45.3325
967 79.5182 44.8401
29 79.6573 44.2789
136 79.7989 43.7082
553 79.9759 42.9939
520 81.224 37.9552
33 82.2082 33.9826
590 83.107 30.3544
98 84.1023 26.3366
243 85.9496 18.8781
483 86.2684 17.5916
260 86.2684 17.5916
627 85.8071 17.7689
345 85.0356 18.0653
979 83.7132 18.5734
