0,819,959,777,581,295,176,721,504,598,103,24,555,930,419,875,634,314,43,865,821,781,828,978,355,844,55,197,164,873,458,594,66,217,19,45,377,675,751,606,27,357,831,6,681,785,358,70,716,870,842,63,906,323,117,276,396,492,485,538,907,623,519,420,656,201,293,440,668,68,102,173,595,654,605,478,650,867,190,942,767,18,837,647,432,340,393,110,152,579,852,238,975,900,51,727,744,987,962,67,161,762,229,91,582,769,671,847,509,290,378,800,791,112,832,395,904,801,857,724,632,755,617,540,315,9,84,350,910,80,453,968,459,163,802,523,921,126,782,563,976,109,779,986,484,94,894,895,614,564,225,855,210,683,765,235,410,208,625,188,577,743,468,35,186,793,101,404,515,104,471,282,798,964,286,264,809,810,923,370,281,576,621,732,134,558,175,216,676,144,171,513,804,596,922,533,54,498,127,929,715,69,472,342,843,85,597,262,945,848,452,633,790,356,413,723,155,603,692,403,7,619,180,679,414,194,512,529,269,748,891,480,908,388,461,688,237,655,778,508,37,783,11,706,522,49,876,397,913,302,151,862,989,917,811,535,543,438,475,89,566,687,38,147,834,869,549,787,525,486,205,221,467,709,379,257,853,421,586,278,160,246,307,664,191,261,934,935,250,209,289,824,284,518,351,704,310,337,64,669,883,287,653,643,407,363,626,822,111,573,26,899,354,915,362,661,439,702,629,812,455,211,474,881,8,646,682,61,641,673,588,254,402,963,412,348,187,722,902,366,488,741,674,612,602,123,228,476,958,32,898,423,836,299,829,121,384,283,268,985,514,133,4,710,700,794,943,86,258,74,331,572,65,330,10,463,328,87,46,174,698,125,499,47,116,122,391,142,770,990,496,925,760,749,949,373,312,341,212,57,154,616,652,909,731,677,956,565,214,797,972,505,218,279,849,527,303,222,489,936,542,805,182,858,771,863,352,336,78,841,100,758,148,157,128,663,534,708,166,422,938,897,308,501,927,390,735,965,720,545,507,233,382,640,901,645,59,493,691,730,574,604,267,878,599,957,772,981,324,705,79,365,788,99,329,451,733,846,756,291,510,839,30,537,266,912,226,587,950,327,21,56,270,429,526,601,454,946,571,349,971,789,888,729,600,137,34,903,359,662,591,658,252,689,924,124,954,825,443,872,223,376,338,398,589,667,130,739,524,991,517,371,531,445,347,487,339,482,326,275,132,764,701,131,81,630,255,694,747,196,734,219,879,680,114,3,14,607,784,717,860,97,162,948,503,665,502,77,298,939,234,799,966,703,431,556,657,381,427,277,119,361,207,479,635,411,500,551,728,272,374,220,796,552,970,686,639,192,726,890,637,95,48,436,944,560,570,628,90,321,433,615,815,88,224,608,400,247,346,457,184,892,75,113,554,955,168,240,316,953,364,325,401,178,830,803,138,39,301,693,447,203,444,1,557,399,678,868,792,568,699,108,736,982,718,711,199,304,31,213,969,236,106,827,914,780,300,446,495,153,759,386,546,988,380,200,405,263,585,905,547,169,750,435,50,183,115,360,58,426,719,651,871,469,695,808,392,92,973,13,578,550,418,41,333,697,16,462,491,368,753,470,610,227,15,17,933,833,288,28,296,773,859,73,76,714,253,256,20,916,631,786,638,757,441,44,885,430,611,712,409,36,696,424,442,249,456,521,141,244,761,776,60,886,93,306,96,2,593,428,167,490,120,768,795,271,649,877,738,613,866,561,146,960,22,394,294,416,292,72,707,449,265,569,807,139,974,752,193,672,919,840,165,947,82,5,105,539,940,659,536,375,389,548,172,874,343,562,713,248,206,437,129,806,53,766,230,156,150,215,241,309,189,448,181,231,918,140,559,118,961,305,408,575,746,62,239,319,618,259,690,313,40,434,516,541,367,980,511,882,344,202,584,636,774,856,280,861,754,532,814,896,763,984,245,317,335,642,880,851,320,23,911,369,887,624,816,952,415,179,737,185,12,530,406,826,52,567,177,931,465,460,83,464,477,813,983,417,353,285,42,544,620,937,823,820,775,854,494,135,318,893,251,666,158,992,297,580,273,145,845,817,149,481,818,71,622,725,928,450,25,660,685,322,473,742,159,889,740,648,864,372,332,204,311,528,497,334,170,850,385,684,107,383,951,506,136,977,884,838,926,553,583,644,387,932,425,745,941,592,920,195,143,967,29,232,670,609,198,466,242,835,590,274,33,520,98,483,627,979,243,345,260,
value : 420.49 running time : 621.195236
0 80 20
819 71.096 16.5401
959 70.4587 16.2924
777 69.9784 16.1058
581 69.6163 15.9651
295 69.285 15.8364
176 68.9503 15.7063
721 68.6403 15.5859
504 68.3223 15.4623
598 67.9873 15.3321
103 67.6226 15.1904
24 64.7282 21.1197
555 61.9337 26.8441
930 61.091 28.5705
419 61.091 28.5705
875 59.1389 34.4158
634 59.1389 34.4158
314 59.1389 34.4158
43 59.1389 34.4158
865 59.1389 34.4158
821 59.1389 34.4158
781 59.1389 34.4158
828 59.1389 34.4158
978 59.1389 34.4158
355 59.1389 34.4158
844 59.1389 34.4158
55 59.1389 34.4158
197 59.1389 34.4158
164 59.1389 34.4158
873 59.1472 34.6108
458 59.1614 34.9417
594 59.175 35.2587
66 59.1873 35.5445
217 59.1988 35.8128
19 59.2091 36.0527
45 59.2198 36.3033
377 59.2308 36.5606
675 59.2419 36.8188
751 59.2521 37.0575
606 59.2636 37.3254
27 59.2734 37.553
357 59.2842 37.805
831 59.293 38.011
6 59.3055 38.3023
681 59.3223 38.6939
785 59.3394 39.0938
358 59.388 40.2263
70 59.4403 41.4433
716 59.454 41.7638
870 59.4684 42.0988
842 59.4828 42.4352
63 59.4953 42.7277
906 59.5078 43.0176
323 59.5203 43.3102
117 59.535 43.6522
276 59.548 43.9571
396 60.1683 46.7564
492 60.5563 48.5076
485 61.092 50.9251
538 61.4945 52.7417
907 61.8025 54.1322
623 62.0386 55.1979
519 62.3602 56.6494
420 62.96 59.3564
656 63.4588 61.6073
201 64.0441 64.2491
293 64.0014 64.4156
440 63.9549 64.5964
668 63.9131 64.7592
68 63.8751 64.9069
102 63.8368 65.0562
173 63.7851 65.2573
595 63.7395 65.4346
654 63.6914 65.6218
605 63.6487 65.7881
478 63.6109 65.9354
650 63.5693 66.097
867 63.5263 66.2644
190 63.4876 66.4149
942 63.4383 66.6071
767 63.3751 66.853
18 63.2584 67.3073
837 63.2584 67.3073
647 63.2584 67.3073
432 63.2584 67.3073
340 63.2584 67.3073
393 63.2584 67.3073
110 63.2584 67.3073
152 63.2584 67.3073
579 63.2584 67.3073
852 63.2203 67.3277
238 63.0603 67.4132
975 62.9181 67.4893
900 62.7281 67.5909
51 62.5005 67.7126
727 62.2816 67.8297
744 62.0603 67.948
987 61.8298 68.0713
962 61.6224 68.1822
67 61.3869 68.3082
161 61.1327 68.4441
762 60.9043 68.5663
229 60.666 68.6937
91 60.4727 68.7971
582 60.31 68.8841
769 60.1575 68.9657
671 60.0144 69.0422
847 59.8772 69.1155
509 59.7355 69.1913
290 59.5939 69.267
378 59.4241 69.3579
800 59.3594 69.3924
791 59.2992 69.4246
112 59.2336 69.4597
832 59.1688 69.4944
395 59.105 69.5285
904 58.4863 69.5296
801 57.689 69.5309
857 53.3129 69.5381
724 49.4235 69.5446
632 49.3389 69.5447
755 49.2455 69.5449
617 49.1631 69.545
540 49.068 69.5452
315 48.9917 69.5453
9 48.9039 69.5454
84 48.8064 69.5456
350 48.6905 69.5458
910 48.5902 69.546
80 48.5037 69.5461
453 48.4281 69.5463
968 48.3431 69.5464
459 48.2433 69.5466
163 48.1532 69.5467
802 48.0732 69.5469
523 47.9875 69.547
921 47.9088 69.5471
126 47.8242 69.5473
782 47.7385 69.5474
563 47.6442 69.5476
976 47.5533 69.5477
109 47.4759 69.5479
779 47.3852 69.548
986 47.2983 69.5482
484 47.2078 69.5483
94 47.1204 69.5485
894 47.0234 69.5486
895 46.9301 69.5488
614 46.8276 69.549
564 46.8416 69.1325
225 46.902 67.3385
855 46.9729 65.2325
210 47.0491 62.9653
683 47.0491 62.9653
765 47.0491 62.9653
235 47.0491 62.9653
410 47.0491 62.9653
208 47.0491 62.9653
625 47.0491 62.9653
188 47.0491 62.9653
577 47.0491 62.9653
743 47.0491 62.9653
468 47.0491 62.9653
35 47.0491 62.9653
186 47.0491 62.9653
793 47.0491 62.9653
101 47.0491 62.9653
404 47.0491 62.9653
515 47.2476 62.8881
104 47.2476 62.8881
471 47.2476 62.8881
282 47.2476 62.8881
798 47.2476 62.8881
964 47.2476 62.8881
286 47.2476 62.8881
264 47.2476 62.8881
809 47.2476 62.8881
810 47.2476 62.8881
923 47.2476 62.8881
370 47.2476 62.8881
281 47.2476 62.8881
576 47.2476 62.8881
621 47.2476 62.8881
732 47.2476 62.8881
134 47.2476 62.8881
558 47.2476 62.8881
175 47.2476 62.8881
216 47.2476 62.8881
676 47.2476 62.8881
144 47.2476 62.8881
171 47.2101 62.8043
513 47.1747 62.7252
804 46.8425 61.9831
596 46.5132 61.2474
922 46.181 60.5053
533 45.9401 59.9671
54 45.7108 59.4549
498 45.4851 58.9507
127 45.2508 58.4272
929 45.0359 57.9471
715 44.8695 57.5755
69 44.6627 57.1134
472 44.6627 57.1134
342 44.6627 57.1134
843 44.6627 57.1134
85 44.6627 57.1134
597 44.01 56.4233
262 43.3186 55.6922
945 41.5293 53.8003
848 39.452 51.6039
452 37.1967 49.2192
633 34.615 46.4894
790 34.615 46.4894
356 34.615 46.4894
413 34.615 46.4894
723 34.615 46.4894
155 34.615 46.4894
603 34.615 46.4894
692 34.615 46.4894
403 34.615 46.4894
7 34.615 46.4894
619 34.615 46.4894
180 34.615 46.4894
679 34.615 46.4894
414 34.615 46.4894
194 34.615 46.4894
512 34.615 46.4894
529 34.615 46.4894
269 34.615 46.4894
748 34.615 46.4894
891 34.615 46.4894
480 34.615 46.4894
908 34.615 46.4894
388 34.5923 46.0569
461 34.5725 45.6793
688 34.5497 45.246
237 34.5242 44.7598
655 34.4936 44.176
778 34.4903 44.1131
508 34.4867 44.0439
37 34.483 43.9741
783 34.4795 43.9073
11 34.476 43.8406
706 34.4727 43.7775
522 34.4696 43.7177
49 34.4662 43.6529
876 34.4626 43.5848
397 34.4589 43.5149
913 34.4555 43.4497
302 34.4519 43.3802
151 34.448 43.3058
862 34.4445 43.2395
989 34.4409 43.1721
917 34.4373 43.1024
811 34.4337 43.0345
535 34.4304 42.9724
543 34.4271 42.9082
438 34.4235 42.8409
475 34.4201 42.776
89 34.4169 42.7141
566 34.3897 42.1952
687 34.3616 41.6599
38 34.3338 41.1304
147 34.3055 40.5908
834 34.2562 39.6482
869 34.2173 38.9065
549 34.1835 38.2604
787 34.1529 37.6768
525 34.1323 37.2844
486 34.0814 36.313
205 34.0361 35.4493
221 33.9949 34.6624
467 33.9615 34.0259
709 33.93 33.425
379 33.9055 32.9571
257 33.8822 32.5125
853 33.8578 32.0478
421 33.8326 31.5684
586 33.8033 31.0095
278 33.7734 30.4383
160 33.7441 29.8793
246 33.7141 29.3078
307 33.7141 29.3078
664 33.7141 29.3078
191 34.5945 28.7735
261 35.4383 28.2614
934 36.2266 27.783
935 36.9232 27.3603
250 37.0637 27.1763
209 37.1924 27.0077
289 36.8507 25.3291
824 36.3227 22.7352
284 35.643 19.3958
518 34.763 15.0725
351 34.573 15.0729
704 34.3987 15.0734
310 34.2244 15.0738
337 34.0374 15.0743
64 33.8305 15.0748
669 33.6506 15.0752
883 33.4885 15.0756
287 33.3206 15.0761
653 33.1437 15.0765
643 32.6005 15.0778
407 32.2199 15.0788
363 31.8083 15.0798
626 31.3867 15.0809
822 30.9854 15.0819
111 30.5278 15.083
573 30.0155 15.0843
26 29.4215 15.0858
899 26.0619 15.0941
354 25.0248 15.0967
915 23.2305 15.0488
362 16.692 14.8741
661 16.2405 14.862
439 15.7815 14.8498
702 15.107 14.8318
629 13.9819 14.8018
812 13.0718 14.7775
455 13.0394 14.9085
211 13.0189 14.9914
474 12.9968 15.081
881 12.9784 15.1551
8 12.9576 15.2393
646 12.9343 15.3335
682 12.9117 15.4249
61 12.889 15.517
641 12.8666 15.6072
673 12.8471 15.6863
588 12.8296 15.7571
254 12.8107 15.8334
402 12.7908 15.9139
963 12.7721 15.9898
412 12.7558 16.0554
348 12.7395 16.1215
187 12.7225 16.19
722 12.7225 16.19
902 12.7176 16.4263
366 12.7132 16.6372
488 12.7087 16.8511
741 12.6509 19.6095
674 12.5973 22.1658
612 12.388 32.1685
602 12.3756 32.1891
123 12.1961 32.4868
228 12.0448 32.7377
476 11.9004 32.9771
958 11.9004 32.9771
32 11.9004 32.9771
898 11.9004 32.9771
423 11.8985 33.021
836 11.897 33.0577
299 11.8953 33.0972
829 11.8933 33.1441
121 11.8913 33.1888
384 11.8894 33.2331
283 11.8877 33.2744
268 11.886 33.3128
985 11.8842 33.355
514 11.8825 33.3944
133 11.8807 33.4359
4 11.8789 33.4779
710 11.877 33.5233
700 11.8749 33.5721
794 11.8732 33.6114
943 11.8713 33.6553
86 11.8695 33.6965
258 11.8678 33.7373
74 11.8657 33.7873
331 11.8635 33.8383
572 11.8233 34.774
65 11.767 36.0841
330 11.7081 37.4564
10 11.6623 38.5227
463 11.6157 39.6094
328 11.5847 40.3319
87 11.5553 41.0151
46 11.52 41.8384
174 11.4826 42.7097
698 11.4535 43.3865
125 11.435 43.8166
499 11.406 44.4939
47 11.2853 47.3052
116 11.2045 49.1874
122 11.1533 50.3793
391 11.1554 50.3812
142 11.1572 50.3827
770 11.1587 50.384
990 11.1604 50.3855
496 11.1621 50.3871
925 11.1637 50.3885
760 11.1654 50.39
749 11.1669 50.3913
949 11.1686 50.3928
373 11.17 50.3941
312 11.1715 50.3954
341 11.1732 50.3969
212 11.1748 50.3983
57 11.1765 50.3999
154 11.1782 50.4014
616 11.1799 50.4028
652 11.1815 50.4043
909 11.1832 50.4057
731 11.1849 50.4073
677 11.1868 50.409
956 11.1887 50.4107
565 11.1902 50.412
214 11.1917 50.4133
797 11.1934 50.4148
972 11.195 50.4162
505 11.1965 50.4176
218 11.1981 50.419
279 11.1998 50.4205
849 11.2012 50.4217
527 11.2029 50.4232
303 11.2046 50.4247
222 11.2062 50.4262
489 11.2079 50.4276
936 11.2096 50.4292
542 11.2114 50.4308
805 11.2131 50.4323
182 11.2149 50.4338
858 11.2166 50.4354
771 11.2181 50.4367
863 11.2196 50.438
352 11.2214 50.4396
336 11.2232 50.4413
78 11.2248 50.4426
841 11.3708 50.5845
100 11.5252 50.7345
758 11.6849 50.8896
148 11.8273 51.028
157 11.9635 51.1603
128 12.1458 51.3374
663 12.5697 51.7492
534 13.0124 52.1793
708 13.4724 52.6262
166 14.1427 53.2774
422 16.6292 55.6932
938 18.7732 57.7764
897 21.1428 60.0786
308 23.2685 62.1439
501 23.3573 62.2301
927 23.4424 62.3128
390 23.5279 62.3959
735 23.6089 62.4746
965 23.6986 62.5617
720 23.7828 62.6435
545 23.8641 62.7225
507 23.9508 62.8067
233 24.038 62.8915
382 24.1335 62.9842
640 24.2275 63.0755
901 24.3201 63.1654
645 24.4147 63.2574
59 24.4987 63.339
493 24.5917 63.4293
691 24.6754 63.5106
730 24.7867 63.6187
574 24.869 63.6988
604 24.9466 63.7741
267 24.9967 63.8228
878 25.0526 63.8771
599 25.0984 63.9216
957 25.1459 63.9677
772 25.1913 64.0118
981 25.2416 64.0607
324 25.2942 64.1118
705 25.3507 64.1667
79 25.4105 64.2248
365 25.4739 64.2864
788 25.521 64.3321
99 25.5678 64.3776
329 25.6121 64.4206
451 25.6601 64.4672
733 25.7116 64.5173
846 25.7619 64.5661
756 25.8131 64.6159
291 25.8688 64.67
510 25.9112 64.7112
839 25.9599 64.7585
30 26.008 64.8052
537 26.1678 65.805
266 26.2645 66.4098
912 26.3469 66.9252
226 26.7166 69.2375
587 26.7265 69.2999
950 26.7375 69.3685
327 26.7484 69.4368
21 26.76 69.5091
56 26.7715 69.5814
270 26.7834 69.6558
429 26.6786 69.657
526 26.6037 69.658
601 26.5295 69.6588
454 26.4631 69.6596
946 26.3859 69.6606
571 26.3156 69.6614
349 26.2379 69.6624
971 26.1633 69.6633
789 26.0907 69.6642
888 26.0152 69.6651
729 25.94 69.666
600 25.8671 69.6669
137 25.7977 69.6677
34 25.7186 69.6687
903 25.6501 69.6695
359 25.5836 69.6703
662 25.5149 69.6711
591 25.4343 69.6721
658 25.3512 69.6731
252 25.2794 69.674
689 25.1644 69.6754
924 25.0364 69.6769
124 24.9308 69.6782
954 24.8087 69.6797
825 24.6727 69.6813
443 24.5697 69.6825
872 24.4735 69.6837
223 24.3509 69.6852
376 17.5433 69.7673
338 16.1807 69.7838
398 15.0779 69.7971
589 13.9591 69.8106
667 13.1007 69.821
130 12.794 69.8247
739 12.4462 69.8289
524 12.0776 69.8334
991 11.6408 69.8386
517 11.2812 69.843
371 10.9655 69.8468
531 10.684 69.8502
445 10.684 69.8502
347 10.684 69.8502
487 10.6866 69.8845
339 10.6887 69.9134
482 10.6906 69.9382
326 10.6928 69.9671
275 10.6947 69.9922
132 10.6966 70.0172
764 10.6985 70.0425
701 10.7008 70.0735
131 10.7028 70.0993
81 10.7049 70.1282
630 10.7071 70.1563
255 10.7091 70.1833
694 10.7112 70.2118
747 10.7132 70.2381
196 10.7154 70.2666
734 10.7177 70.2972
219 10.72 70.3283
879 10.7223 70.3587
680 10.7246 70.3885
114 10.7267 70.4162
3 10.7288 70.445
14 10.731 70.4745
607 10.7333 70.5042
784 10.7354 70.5325
717 10.7378 70.5642
860 10.7403 70.5979
97 10.7425 70.627
162 10.7448 70.6575
948 10.7471 70.687
503 10.7493 70.717
665 10.7515 70.7455
502 10.7537 70.7753
77 10.7558 70.8028
298 10.7581 70.8335
939 10.7601 70.8604
234 10.7624 70.8899
799 10.7915 71.2768
966 10.8223 71.685
703 10.8569 72.1441
431 10.9173 72.9455
556 10.9209 72.9925
657 10.9243 73.0376
381 10.9276 73.0814
427 10.9312 73.1285
277 10.9347 73.1761
119 10.9385 73.2255
361 10.9424 73.2773
207 10.9461 73.3266
479 10.9498 73.3757
635 10.9533 73.4228
411 10.9496 73.5015
500 10.945 73.5966
551 10.9405 73.691
728 10.9364 73.7775
272 10.9326 73.8565
374 10.9282 73.9487
220 10.9242 74.0323
796 10.92 74.1183
552 10.9163 74.1968
970 10.9047 74.4391
686 10.8912 74.7213
639 10.8772 75.014
192 10.8638 75.2928
726 10.824 76.1237
890 10.7855 76.9281
637 10.7464 77.745
95 10.7365 77.9532
48 10.7277 78.1368
436 10.719 78.319
944 10.7103 78.4994
560 10.7016 78.6807
570 10.6928 78.8663
628 10.6838 79.0541
90 10.6757 79.2227
321 10.6677 79.3903
433 10.6592 79.5667
615 10.6504 79.7517
815 10.6415 79.9376
88 10.6338 80.0976
224 10.6264 80.2525
608 10.6171 80.447
400 10.6081 80.6341
247 10.5972 80.8622
346 10.5888 81.0383
457 10.5794 81.2349
184 10.5693 81.4447
892 10.5594 81.6531
75 10.5501 81.8456
113 10.5412 82.0332
554 10.5287 82.2946
955 10.5158 82.5624
168 10.5034 82.8231
240 10.4892 83.1178
316 10.4744 83.4288
953 10.4605 83.7191
364 10.4484 83.9721
325 10.4373 84.2032
401 10.4256 84.447
178 10.4146 84.6767
830 10.4026 84.9288
803 10.3876 85.242
138 10.3736 85.5344
39 10.3614 85.7883
301 10.3528 85.9686
693 10.344 86.1519
447 10.3354 86.3312
203 10.3275 86.4974
444 10.3184 86.6867
1 10.3088 86.8868
557 10.2998 87.075
399 10.2911 87.2569
678 10.2816 87.4551
868 10.2728 87.6394
792 10.2655 87.7916
568 10.2573 87.9634
699 10.2498 88.1209
108 10.242 88.2823
736 10.2341 88.4472
982 10.2261 88.6159
718 10.2178 88.7884
711 10.2089 88.9735
199 10.2013 89.133
304 10.1938 89.2896
31 10.1866 89.4396
213 10.1775 89.6309
969 10.1771 89.6397
236 10.1766 89.6484
106 10.1762 89.6574
827 10.1758 89.666
914 10.1754 89.6738
780 10.1751 89.6813
300 10.1746 89.6903
446 10.1742 89.6989
495 10.1738 89.7072
153 10.1734 89.7162
759 10.173 89.7247
386 10.1726 89.7337
546 10.1721 89.7426
988 10.1716 89.7531
380 10.3107 89.7472
200 10.4522 89.7412
405 10.5873 89.7355
263 10.7247 89.7297
585 10.869 89.7236
905 11.0309 89.7167
547 11.1901 89.71
169 11.3648 89.7026
750 11.5475 89.6948
435 11.7307 89.6871
50 11.951 89.6777
183 12.138 89.6698
115 12.3082 89.6626
360 12.4746 89.6556
58 12.6333 89.6489
426 12.7698 89.6431
719 13.9093 89.5948
651 16.3422 89.4918
871 18.1247 89.4164
469 19.7835 89.3462
695 21.3967 89.2779
808 23.0783 89.2067
392 23.7263 89.1792
92 23.7581 89.1779
973 23.7855 89.1767
13 23.8205 89.1753
578 23.8589 89.1736
550 23.8966 89.172
418 23.9346 89.1704
41 23.9721 89.1688
333 24.0089 89.1673
697 24.045 89.1658
16 24.0805 89.1643
462 24.1109 89.163
491 24.1476 89.1614
368 24.1854 89.1598
753 24.2234 89.1582
470 24.2664 89.1564
610 24.2995 89.155
227 24.3308 89.1537
15 24.3656 89.1522
17 24.4026 89.1506
933 24.4418 89.149
833 24.4825 89.1472
288 24.5228 89.1455
28 24.5649 89.1437
296 24.6057 89.142
773 24.6442 89.1404
859 24.6793 89.1389
73 24.7173 89.1373
76 24.7536 89.1358
714 24.7894 89.1342
253 24.8311 89.1325
256 24.8713 89.1308
20 24.9052 89.1293
916 24.9381 89.1279
631 24.979 89.1262
786 25.0198 89.1245
638 25.0581 89.1229
757 25.0919 89.1214
441 25.1258 89.12
44 25.1631 89.1184
885 25.2014 89.1168
430 25.2391 89.1152
611 25.2769 89.1136
712 25.3115 89.1121
409 25.3515 89.1104
36 25.3898 89.1088
696 25.4264 89.1073
424 25.4615 89.1058
442 25.4956 89.1043
249 25.5368 89.1026
456 25.5777 89.1009
521 25.6195 89.0991
141 25.6617 89.0973
244 25.6966 89.0958
761 25.737 89.0941
776 25.7751 89.0925
60 25.9809 89.0838
886 26.1526 89.0765
93 26.3514 89.0681
306 26.6407 89.0559
96 26.9404 89.0432
2 27.2148 89.0316
593 27.4476 89.0217
428 27.7489 89.0089
167 28.0372 88.9967
490 28.3161 88.9849
120 28.6109 88.9724
768 28.8926 88.9605
795 30.0901 88.9098
271 31.1971 88.8629
649 32.2199 88.8196
877 32.9195 88.79
738 33.5575 88.763
613 34.1377 88.7384
866 34.7287 88.7134
561 34.9566 88.7038
146 35.1664 88.6949
960 35.3798 88.6859
22 35.6704 88.6735
394 35.957 88.6614
294 36.2446 88.6492
416 36.4567 88.6403
292 36.6612 88.6316
72 36.861 88.6231
707 37.0718 88.6142
449 37.2957 88.6047
265 37.5023 88.596
569 37.7156 88.587
807 37.9234 88.5782
139 38.115 88.57
974 38.3365 88.5607
752 38.5673 88.5509
193 38.818 88.5403
672 39.0268 88.5314
919 39.277 88.5208
840 39.5583 88.5089
165 39.8445 88.4968
947 40.1123 88.4855
82 40.2682 88.4789
5 40.4216 88.4724
105 40.5105 88.4686
539 40.5741 88.4659
940 40.6444 88.4629
659 40.6996 88.4606
536 40.7558 88.4582
375 40.8072 88.4561
389 40.8587 88.4539
548 40.9092 88.4517
172 40.9654 88.4494
874 41.0275 88.4467
343 41.0854 88.4443
562 41.1409 88.4419
713 41.1966 88.4396
248 41.2495 88.4373
206 41.2991 88.4352
437 41.3488 88.4331
129 41.3999 88.431
806 41.4495 88.4289
53 41.5102 88.4263
766 41.5707 88.4237
230 41.6287 88.4213
156 41.6924 88.4186
150 41.7428 88.4164
215 41.8536 88.4118
241 41.9586 88.4073
309 42.0641 88.4028
189 42.1665 88.3985
448 42.2733 88.394
181 42.3838 88.3893
231 42.4912 88.3848
918 42.6112 88.3797
140 44.3079 88.3078
559 45.2348 88.2686
118 46.3264 88.2224
961 46.892 88.1984
305 47.3566 88.1788
408 47.8526 88.1578
575 48.3546 88.1365
746 48.6073 88.1258
62 48.8769 88.1144
239 49.1326 88.1036
319 49.4164 88.0915
618 49.7242 88.0785
259 50.0189 88.066
690 50.2923 88.0545
313 50.5458 88.0437
40 50.7953 88.0332
434 51.0337 88.0231
516 51.2563 88.0136
541 51.4874 88.0039
367 51.7978 87.9907
980 52.0905 87.9783
511 52.3661 87.9666
882 52.6677 87.9539
344 53.4987 87.9187
202 53.5382 87.9151
584 53.5752 87.9117
636 53.6092 87.9086
774 53.6466 87.9051
856 53.6859 87.9016
280 53.7214 87.8983
861 53.7569 87.895
754 53.7932 87.8917
532 53.8272 87.8886
814 53.8651 87.8851
896 53.907 87.8813
763 53.9454 87.8778
984 53.9959 87.8732
245 54.0368 87.8694
317 54.0816 87.8653
335 54.1202 87.8618
642 54.1576 87.8584
880 54.1996 87.8545
851 54.2402 87.8508
320 54.2803 87.8471
23 54.324 87.8431
911 54.5301 87.8243
369 54.7099 87.8078
887 54.8907 87.7912
624 55.0695 87.7749
816 55.2685 87.7566
952 55.4505 87.74
415 55.6374 87.7228
179 55.833 87.7049
737 56.0476 87.6853
185 56.2486 87.6669
12 56.4188 87.6513
530 56.5867 87.6359
406 56.7998 87.6164
826 57.0337 87.595
52 58.7026 87.4422
567 59.0017 87.4148
177 59.2899 87.3884
931 59.5764 87.3621
465 59.8678 87.3355
460 60.105 87.3137
83 66.2292 88.598
464 67.7866 88.9245
477 69.5035 89.2845
813 71.7346 89.7523
983 73.8951 90.2053
417 73.8951 90.2053
353 73.8951 90.2053
285 73.8951 90.2053
42 73.8951 90.2053
544 73.8951 90.2053
620 73.8951 90.2053
937 73.8951 90.2053
823 73.8951 90.2053
820 73.8951 90.2053
775 73.8951 90.2053
854 73.8951 90.2053
494 73.8951 90.2053
135 73.8951 90.2053
318 73.8951 90.2053
893 73.8951 90.2053
251 73.8951 90.2053
666 73.8951 90.2053
158 73.8951 90.2053
992 73.8951 90.2053
297 73.9027 90.2025
580 73.9102 90.1996
273 73.9175 90.1968
145 73.9253 90.1939
845 73.9328 90.191
817 73.9403 90.1881
149 73.9479 90.1853
481 73.9557 90.1823
818 73.9635 90.1793
71 73.9708 90.1766
622 75.3046 89.902
725 77.8626 89.3755
928 79.83 88.9706
450 84.7028 82.1476
25 84.822 81.9808
660 84.9401 81.8154
685 85.0249 81.6967
322 85.1085 81.5795
473 85.2054 81.4439
742 85.3033 81.3069
159 85.4203 81.1429
889 85.5521 80.9585
740 85.6962 80.7567
648 85.8399 80.5554
864 85.989 80.3467
372 86.3858 79.7911
332 86.0039 76.1835
204 85.8074 74.3268
311 85.5979 72.3474
528 85.2309 68.8802
497 84.4714 61.7062
334 83.832 60.7269
170 83.3341 59.9644
850 82.8211 59.1788
385 82.6727 58.9516
684 82.3694 58.487
107 82.0484 57.9955
383 81.6916 57.4492
951 81.2332 56.7471
506 80.8126 56.103
136 80.2951 55.3106
977 79.7868 54.5321
884 79.1608 53.5734
838 78.2177 52.1292
926 77.0651 50.3639
553 76.4535 49.4273
583 75.8658 48.5273
644 75.1767 47.472
387 75.1767 47.472
932 75.1767 47.472
425 75.1767 47.472
745 75.1767 47.472
941 75.1767 47.472
592 75.1767 47.472
920 75.1767 47.472
195 75.1767 47.472
143 75.1767 47.472
967 75.1767 47.472
29 75.1767 47.472
232 75.1767 47.472
670 75.1767 47.472
609 75.1767 47.472
198 75.1767 47.472
466 75.1767 47.472
242 75.1767 47.472
835 77.5484 41.0289
590 79.1228 36.7516
274 79.813 34.8766
33 80.7279 32.3912
520 81.5984 30.0265
98 82.901 26.4877
483 86.1415 17.4721
627 86.0578 17.5065
979 85.97 17.5427
243 85.8787 17.5802
345 85.7727 17.6239
260 85.6667 17.6675
