0,260,627,243,345,483,979,466,590,98,33,520,835,387,195,920,609,274,745,967,592,553,29,838,932,850,684,107,884,136,198,977,506,941,170,334,201,383,242,425,951,497,579,450,725,385,473,372,740,311,889,685,204,660,332,25,528,928,71,322,937,494,813,845,820,620,52,983,135,159,145,648,742,854,817,544,775,580,481,285,464,477,864,417,353,893,318,149,622,251,18,666,158,297,818,823,465,42,273,83,375,866,248,105,245,690,952,313,179,961,814,511,642,887,541,746,882,800,434,984,140,118,931,395,636,980,126,185,880,801,202,992,229,895,618,516,754,335,415,82,562,367,408,737,344,624,567,259,23,40,911,12,177,406,532,343,713,156,947,940,193,320,530,584,575,378,536,896,856,774,826,62,861,280,816,369,317,851,563,782,559,738,569,659,877,165,230,241,92,755,215,294,319,649,5,874,802,239,416,437,960,564,613,53,763,919,139,223,974,614,752,181,265,172,807,840,672,270,252,226,305,806,72,292,561,548,707,539,389,206,448,394,309,766,22,449,761,189,146,129,13,578,753,368,886,93,306,96,2,610,16,808,871,20,757,885,44,916,41,17,256,441,296,392,271,833,918,150,115,167,428,141,795,593,231,288,469,120,253,73,859,521,58,424,696,36,409,712,714,430,611,462,76,456,768,249,550,360,786,470,651,28,418,631,773,638,491,442,227,184,183,695,15,697,776,608,431,490,988,169,560,982,300,247,969,50,405,792,1,557,199,815,88,236,914,678,637,39,750,905,106,213,547,973,546,75,200,759,301,955,718,48,380,944,953,426,31,178,711,585,736,108,444,868,401,153,803,892,615,699,568,447,138,719,693,316,386,495,95,203,399,304,435,628,827,90,446,244,364,263,933,570,680,240,554,607,830,325,321,780,551,433,436,890,825,500,796,400,162,347,531,747,784,220,630,411,970,948,552,860,338,939,589,717,81,701,113,482,503,224,728,77,14,427,277,381,799,371,991,524,739,114,97,694,772,966,487,234,207,686,665,361,374,196,764,132,275,703,398,255,657,924,119,502,346,445,734,131,517,130,3,457,556,272,639,879,219,667,726,192,298,60,954,872,339,333,266,662,735,878,99,574,888,599,124,443,168,981,957,329,658,587,327,640,571,591,604,34,59,846,308,526,326,689,479,839,789,720,601,946,137,359,730,79,965,903,390,382,645,897,507,705,729,21,537,501,454,950,267,600,901,429,510,927,545,233,756,971,788,733,349,493,451,635,324,376,222,616,57,841,228,771,691,805,908,956,336,148,218,505,972,925,633,312,527,116,534,476,157,423,463,849,128,384,47,749,100,758,489,770,212,182,990,391,542,708,166,174,214,565,677,909,154,858,341,422,760,142,279,352,303,663,949,863,122,496,652,797,698,731,936,938,403,123,655,125,65,10,283,373,330,499,328,205,78,612,46,32,4,963,133,700,943,958,829,74,572,836,985,86,898,710,87,121,514,299,455,268,794,258,673,661,439,641,331,629,702,722,61,488,8,474,402,902,741,348,412,362,366,211,254,674,881,646,812,187,588,682,643,899,307,626,883,709,518,934,669,337,111,822,704,351,64,573,407,287,310,363,653,246,602,915,284,549,278,586,869,486,834,191,160,221,261,824,289,354,467,421,26,787,935,257,379,250,891,475,151,989,917,848,692,49,543,180,723,603,397,438,155,414,535,706,525,7,679,388,790,566,452,38,512,529,269,748,778,913,862,688,413,508,811,11,664,461,302,147,783,876,356,37,89,619,522,194,687,342,853,237,922,480,472,929,171,498,676,484,282,912,210,798,104,291,235,188,945,127,809,30,459,577,370,186,724,264,923,175,54,513,855,986,453,523,857,732,765,56,621,471,144,216,134,769,410,968,94,976,921,894,762,208,365,163,597,281,793,101,468,582,350,617,632,91,743,596,804,225,715,286,533,540,576,910,683,558,80,404,779,538,671,900,791,832,810,9,112,161,975,942,315,420,744,650,67,109,907,460,647,837,515,987,102,595,904,190,852,84,35,962,964,478,68,867,238,509,293,290,173,847,668,152,110,393,340,605,440,656,654,727,51,625,485,767,432,583,594,675,217,842,606,875,70,623,262,63,492,843,143,276,844,716,906,314,43,926,396,85,930,69,232,357,821,519,117,870,670,27,458,197,831,358,681,66,6,45,644,55,751,978,781,377,634,323,865,209,164,785,873,355,555,19,828,419,504,103,598,819,295,581,777,24,176,959,721,
value : 398.877 running time : 1998.608488
0 80 20
260 86.2684 17.5916
627 86.2684 17.5916
243 86.2684 17.5916
345 86.2684 17.5916
483 86.2684 17.5916
979 86.1199 19.1611
466 84.3823 37.5211
590 84.3823 37.5211
98 84.3823 37.5211
33 84.3447 38.8276
520 84.2997 40.3887
835 84.2484 42.1724
387 84.1925 44.1141
195 84.1773 44.6433
920 84.1622 45.1679
609 84.1492 45.618
274 84.1344 46.132
745 84.1175 46.72
967 84.0732 48.259
592 84.0384 49.4664
553 83.9973 50.8959
29 83.9973 50.8959
838 83.9742 51.8494
932 83.9517 52.7787
850 83.9288 53.7224
684 83.918 54.1681
107 83.9081 54.5771
884 83.8977 55.0061
136 83.8869 55.4513
198 83.8753 55.9298
977 83.8634 56.4211
506 83.8522 56.8832
941 83.8413 57.3352
170 83.8663 57.56
334 83.8926 57.7959
201 83.9193 58.0353
383 83.9428 58.2463
242 83.962 58.4184
425 83.9825 58.6026
951 84.0516 59.2226
497 84.1445 60.0562
579 85.4421 71.7002
450 85.7739 74.6777
725 86.1423 77.9833
385 86.1843 78.3595
473 86.2953 79.3558
372 86.3565 79.9047
740 86.134 80.2256
311 85.9417 80.5031
889 85.7102 80.8371
685 85.5354 81.0892
204 85.3714 81.3258
660 85.1929 81.5832
332 84.9601 81.9191
25 84.4534 82.6501
528 83.7863 83.6125
928 80.2552 88.7064
71 76.3421 89.1208
322 76.2456 89.131
937 76.1185 89.1445
494 76.0169 89.1552
813 75.9047 89.1671
845 75.7969 89.1785
820 75.7027 89.1885
620 75.5887 89.2006
52 75.5887 89.2006
983 75.5887 89.2006
135 75.3277 89.1906
159 75.0432 89.1798
145 74.7333 89.1679
648 74.4822 89.1584
742 74.1714 89.1465
854 73.8438 89.134
817 73.5059 89.1212
544 73.2389 89.111
775 72.9942 89.1016
580 72.7419 89.092
481 72.4577 89.0812
285 72.1845 89.0708
464 71.9059 89.0602
477 71.665 89.051
864 71.4643 89.0433
417 71.2359 89.0346
353 70.9909 89.0253
893 70.7546 89.0163
318 70.4207 89.0035
149 70.1013 88.9914
622 69.795 88.9797
251 69.5028 88.9685
18 69.2123 88.9575
666 68.9695 88.9482
158 68.7013 88.938
297 68.4261 88.9275
818 68.1768 88.918
823 67.6923 88.8995
465 67.2061 88.881
42 66.6974 88.8616
273 66.1865 88.8421
83 65.6767 88.8227
375 52.6146 88.3247
866 52.6135 88.3167
248 52.6121 88.3066
105 52.6109 88.298
245 52.6093 88.2869
690 52.6079 88.277
952 52.6066 88.2675
313 52.6052 88.2575
179 52.6038 88.2472
961 52.6026 88.2386
814 52.6011 88.2279
511 52.5996 88.2178
642 52.5979 88.2056
887 52.5965 88.1955
541 52.5953 88.1868
746 52.5938 88.1763
882 52.5923 88.1653
800 52.5903 88.1514
434 52.5903 88.1514
984 52.5903 88.1514
140 52.5903 88.1514
118 52.5903 88.1514
931 52.5903 88.1514
395 52.5903 88.1514
636 52.5903 88.1514
980 52.5903 88.1514
126 52.5903 88.1514
185 52.5903 88.1514
880 52.5903 88.1514
801 52.5903 88.1514
202 52.5903 88.1514
992 52.5903 88.1514
229 52.5903 88.1514
895 52.5903 88.1514
618 52.5903 88.1514
516 52.5903 88.1514
754 52.5903 88.1514
335 52.5903 88.1514
415 52.5903 88.1514
82 52.5903 88.1514
562 52.5903 88.1514
367 52.5903 88.1514
408 52.5903 88.1514
737 52.5903 88.1514
344 52.5903 88.1514
624 52.5903 88.1514
567 52.5903 88.1514
259 52.5903 88.1514
23 52.5903 88.1514
40 52.5903 88.1514
911 52.5903 88.1514
12 52.5903 88.1514
177 52.5903 88.1514
406 52.5903 88.1514
532 52.5903 88.1514
343 52.5903 88.1514
713 52.5903 88.1514
156 52.5903 88.1514
947 52.5903 88.1514
940 52.5903 88.1514
193 52.5903 88.1514
320 52.5903 88.1514
530 52.5903 88.1514
584 52.5903 88.1514
575 52.5903 88.1514
378 52.5903 88.1514
536 52.4246 88.1509
896 52.2817 88.1505
856 52.1351 88.1501
774 51.9693 88.1496
826 51.8094 88.1491
62 51.6631 88.1487
861 51.5187 88.1483
280 51.3789 88.1479
816 51.2396 88.1475
369 51.0829 88.147
317 50.9212 88.1466
851 50.3014 88.1448
563 49.6451 88.1429
782 49.0901 88.1413
559 46.7588 88.1346
738 45.0001 88.1295
569 44.9484 88.1293
659 44.9011 88.1292
877 44.8474 88.129
165 44.7991 88.1289
230 44.7463 88.1288
241 44.6984 88.1286
92 44.6503 88.1285
755 44.6267 88.1284
215 44.5992 88.1283
294 44.5724 88.1283
319 44.5451 88.1282
649 44.5153 88.1281
5 44.4894 88.128
874 44.4615 88.1279
802 44.4353 88.1279
239 42.2395 88.1215
416 40.0183 88.1151
437 37.7554 88.1086
960 35.5018 88.1021
564 35.5018 88.1021
613 35.5018 88.1021
53 35.5018 88.1021
763 35.5018 88.1021
919 35.5018 88.1021
139 35.5018 88.1021
223 35.5018 88.1021
974 35.5018 88.1021
614 35.5018 88.1021
752 35.5018 88.1021
181 35.5018 88.1021
265 35.5018 88.1021
172 35.5018 88.1021
807 35.5018 88.1021
840 35.5018 88.1021
672 35.5018 88.1021
270 35.5018 88.1021
252 35.5018 88.1021
226 35.5018 88.1021
305 35.4852 88.1031
806 35.4643 88.1043
72 35.4466 88.1054
292 35.4278 88.1065
561 35.4097 88.1076
548 35.3919 88.1086
707 35.3738 88.1097
539 35.3563 88.1108
389 35.3385 88.1118
206 35.3194 88.113
448 35.2994 88.1141
394 35.2795 88.1153
309 35.2608 88.1164
766 35.2416 88.1176
22 34.4584 88.1642
449 33.6718 88.211
761 32.5762 88.2762
189 31.7968 88.3225
146 30.8464 88.3791
129 29.7599 88.4437
13 26.8607 88.6162
578 26.7899 88.6204
753 26.7157 88.6249
368 26.6491 88.6288
886 26.5836 88.6327
93 26.5204 88.6365
306 26.47 88.6395
96 26.4179 88.6426
2 26.3608 88.646
610 26.2946 88.6499
16 26.2321 88.6536
808 26.1707 88.6573
871 26.0978 88.6616
20 26.0366 88.6653
757 25.9714 88.6691
885 25.9043 88.6731
44 25.8372 88.6771
916 25.7704 88.6811
41 25.7148 88.6844
17 25.6545 88.688
256 25.6062 88.6909
441 25.5448 88.6945
296 25.4923 88.6977
392 25.4384 88.7009
271 25.3743 88.7047
833 25.3007 88.7091
918 25.2404 88.7126
150 25.1742 88.7166
115 25.1007 88.721
167 25.0455 88.7242
428 24.9868 88.7277
141 24.9271 88.7313
795 24.8622 88.7351
593 24.7894 88.7395
231 24.7288 88.7431
288 24.6533 88.7476
469 24.5865 88.7516
120 24.5306 88.7549
253 24.4677 88.7586
73 24.4015 88.7626
859 24.33 88.7668
521 24.2602 88.771
58 24.1922 88.775
424 24.129 88.7788
696 24.068 88.7824
36 24.005 88.7862
409 23.9389 88.7901
712 23.8685 88.7943
714 23.8073 88.7979
430 23.7474 88.8015
611 23.6847 88.8052
462 23.6135 88.8095
76 23.5555 88.8129
456 23.4891 88.8169
768 23.4256 88.8206
249 23.3636 88.8243
550 23.3042 88.8279
360 23.2421 88.8315
786 23.1901 88.8346
470 23.1314 88.8381
651 22.862 88.8542
28 22.6228 88.8684
418 22.3768 88.883
631 22.1285 88.8978
773 21.8705 88.9132
638 21.5547 88.932
491 21.0311 88.9631
442 20.5391 88.9924
227 20.1251 89.017
184 19.7585 89.0389
183 19.3696 89.062
695 18.9777 89.0853
15 18.5843 89.1087
697 18.235 89.1295
776 17.5218 89.172
608 16.8639 89.2111
431 16.0504 89.2595
490 15.0787 89.3173
988 10.0346 89.6175
169 10.0349 89.61
560 10.0351 89.6021
982 10.0353 89.5958
300 10.0355 89.5894
247 10.0358 89.5826
969 10.036 89.5759
50 10.0362 89.5684
405 10.0364 89.5622
792 10.0367 89.5547
1 10.0369 89.5476
557 10.0372 89.5402
199 10.0374 89.5333
815 10.0376 89.5256
88 10.0379 89.5181
236 10.0381 89.5123
914 10.0383 89.506
678 10.0385 89.4995
637 10.0387 89.4925
39 10.0389 89.486
750 10.0392 89.4789
905 10.0394 89.4711
106 10.0396 89.4647
213 10.0399 89.4577
547 10.0411 89.4188
973 10.0423 89.3831
546 10.0436 89.3436
75 10.0447 89.3094
200 10.0457 89.2811
759 10.0469 89.2444
301 10.0479 89.2124
955 10.0491 89.1773
718 10.0501 89.1472
48 10.0511 89.116
380 10.0519 89.0897
944 10.0531 89.0537
953 10.054 89.0265
426 10.055 88.9959
31 10.056 88.9677
178 10.0568 88.9425
711 10.0575 88.9209
585 10.0584 88.8945
736 10.0594 88.8643
108 10.0603 88.8357
444 10.0612 88.8079
868 10.062 88.783
401 10.063 88.7528
153 10.064 88.7241
803 10.0649 88.6955
892 10.0659 88.6648
615 10.0668 88.6363
699 10.0676 88.612
568 10.0685 88.5875
447 10.0693 88.5607
138 10.0702 88.5332
719 10.0712 88.5026
693 10.0722 88.4746
316 10.0731 88.4455
386 10.074 88.4178
495 10.075 88.3878
95 10.076 88.3588
203 10.0769 88.33
399 10.0777 88.3045
304 10.0785 88.2809
435 10.0793 88.2562
628 10.0902 87.9242
827 10.0996 87.6407
90 10.113 87.2305
446 10.1222 86.9503
244 10.1322 86.647
364 10.141 86.3779
263 10.1505 86.0892
933 10.1601 85.7987
570 10.2605 82.7405
680 10.3558 79.8403
240 10.3725 79.3311
554 10.3909 78.771
607 10.4111 78.1575
830 10.4253 77.7246
325 10.4402 77.2722
321 10.4568 76.7649
780 10.4731 76.2704
551 10.4902 75.7486
433 10.5067 75.2459
436 10.5238 74.7257
890 10.5437 74.1204
825 10.5653 73.4631
500 10.5886 72.7535
796 10.6107 72.0793
400 10.6349 71.3446
162 10.6593 70.6008
347 10.684 69.8502
531 10.684 69.8502
747 10.7109 69.8479
784 10.7381 69.8456
220 10.7669 69.8431
630 10.7912 69.8411
411 10.8155 69.839
970 10.8368 69.8372
948 10.8592 69.8353
552 10.8845 69.8331
860 10.9041 69.8315
338 10.9254 69.8296
939 10.9461 69.8279
589 10.9722 69.8257
717 10.996 69.8236
81 11.0249 69.8212
701 11.0506 69.819
113 11.073 69.8171
482 11.0937 69.8153
503 11.113 69.8137
224 11.1312 69.8121
728 11.1528 69.8103
77 11.1753 69.8084
14 11.1992 69.8063
427 11.2238 69.8042
277 11.2476 69.8022
381 11.2705 69.8003
799 11.2957 69.7981
371 11.3221 69.7959
991 11.3506 69.7934
524 11.3822 69.7908
739 11.4084 69.7885
114 11.4328 69.7864
97 11.4551 69.7845
694 11.4766 69.7827
772 11.5037 69.7804
966 11.5244 69.7786
487 11.5509 69.7764
234 11.571 69.7747
207 11.5933 69.7728
686 11.6545 69.7676
665 11.72 69.762
361 11.7925 69.7558
374 11.8524 69.7507
196 11.9166 69.7452
764 11.9822 69.7397
132 12.0439 69.7344
275 12.0993 69.7297
703 12.1465 69.7257
398 12.1973 69.7214
255 12.2429 69.7175
657 12.298 69.7128
924 12.3629 69.7073
119 12.4132 69.703
502 12.465 69.6986
346 12.5124 69.6945
445 12.5601 69.6905
734 12.6152 69.6858
131 12.6773 69.6805
517 12.7316 69.6759
130 12.7979 69.6702
3 12.8511 69.6657
457 12.9018 69.6614
556 12.9566 69.6567
272 13.0186 69.6514
639 13.0716 69.6469
879 13.1358 69.6414
219 13.1971 69.6362
667 13.2573 69.6311
726 13.3361 69.6244
192 13.4022 69.6188
298 13.4653 69.6134
60 24.3935 68.6832
954 24.4678 68.6768
872 24.532 68.6714
339 24.5809 68.6672
333 24.6367 68.6625
266 24.6901 68.6579
662 24.7464 68.6531
735 24.7317 68.5757
878 24.7206 68.5176
99 24.7079 68.4511
574 24.6956 68.387
888 24.6827 68.3195
599 24.6697 68.251
124 24.6585 68.1928
443 24.6425 68.1087
168 24.6257 68.0208
981 24.608 67.9282
957 24.5936 67.8525
329 24.5789 67.7756
658 24.5661 67.709
587 24.5517 67.6335
327 24.5373 67.5579
640 24.5229 67.4825
571 24.5099 67.4147
591 24.496 67.3414
604 24.4804 67.2602
34 24.4619 67.1632
59 24.4463 67.0814
846 24.433 67.0119
308 24.4207 66.9472
526 24.4072 66.8765
326 24.3936 66.8055
689 24.38 66.734
479 24.3219 66.4298
839 24.2662 66.1381
789 24.2662 66.1381
720 24.2662 66.1381
601 24.2662 66.1381
946 24.2662 66.1381
137 24.2662 66.1381
359 24.2662 66.1381
730 24.2662 66.1381
79 24.2662 66.1381
965 24.2662 66.1381
903 24.2662 66.1381
390 24.2662 66.1381
382 24.2662 66.1381
645 24.2662 66.1381
897 24.2662 66.1381
507 24.2662 66.1381
705 24.2662 66.1381
729 24.2662 66.1381
21 24.2662 66.1381
537 24.2662 66.1381
501 24.2662 66.1381
454 24.2662 66.1381
950 24.0433 65.8768
267 23.8231 65.6186
600 23.616 65.3758
901 23.3942 65.1157
429 23.1797 64.8642
510 22.9724 64.6212
927 22.7769 64.392
545 22.5607 64.1385
233 22.3635 63.9073
756 22.1874 63.7008
971 22.0175 63.5016
788 21.8313 63.2833
733 21.635 63.0531
349 21.4393 62.8237
493 21.2383 62.5881
451 20.9474 62.247
635 20.6809 61.9346
324 18.7232 59.6392
376 16.7633 57.3413
222 14.8292 55.0736
616 13.7498 53.8082
57 13.635 53.6735
841 13.5276 53.5476
228 13.4264 53.429
771 13.3423 53.3304
691 13.261 53.235
805 13.1642 53.1216
908 13.0772 53.0195
956 12.9856 52.9121
336 12.8797 52.7879
148 12.7661 52.6548
218 12.6696 52.5416
505 12.5736 52.4291
972 12.482 52.3217
925 12.3824 52.2049
633 12.2854 52.0912
312 12.1509 51.9335
527 12.0514 51.8169
116 11.9477 51.6952
534 11.9332 51.6782
476 11.9173 51.6596
157 11.8999 51.6391
423 11.8844 51.621
463 11.8687 51.6027
849 11.8526 51.5838
128 11.8363 51.5646
384 11.8216 51.5474
47 11.81 51.5338
749 11.7979 51.5196
100 11.7862 51.5059
758 11.7744 51.4921
489 11.7603 51.4755
770 11.7468 51.4597
212 11.7341 51.4448
182 11.7231 51.4319
990 11.7106 51.4173
391 11.6997 51.4044
542 11.6865 51.3891
708 11.6733 51.3735
166 11.6608 51.3588
174 11.6491 51.3451
214 11.6364 51.3302
565 11.625 51.3169
677 11.6121 51.3017
909 11.5981 51.2854
154 11.5856 51.2707
858 11.5742 51.2573
341 11.5613 51.2422
422 11.5504 51.2294
760 11.5371 51.2138
142 11.5244 51.1989
279 11.5103 51.1825
352 11.4954 51.1649
303 11.4809 51.148
663 11.4675 51.1322
949 11.4535 51.1158
863 11.438 51.0977
122 11.4253 51.0828
496 11.4459 50.4204
652 11.4668 49.7476
797 11.486 49.127
698 11.5056 48.4982
731 11.5272 47.8022
936 11.546 47.1957
938 11.5651 46.5811
403 11.5966 45.567
123 11.6289 44.526
655 11.6596 43.5406
125 11.6831 42.7827
65 11.7024 42.1607
10 11.7163 41.7124
283 11.7298 41.2777
373 11.7426 40.8676
330 11.7584 40.3576
499 11.7742 39.8487
328 11.7988 39.0564
205 11.8548 37.2542
78 11.8847 36.2904
612 11.9206 35.1349
46 11.9367 34.5987
32 11.9563 33.9448
4 11.9776 33.2322
963 11.9952 32.6445
133 12.0049 32.3192
700 12.0141 32.0137
943 12.025 31.6477
958 12.0347 31.3259
829 12.0468 30.9199
74 12.059 30.5132
572 12.0703 30.1346
836 12.0809 29.7806
985 12.0908 29.4515
86 12.1016 29.0898
898 12.1138 28.6833
710 12.1276 28.2231
87 12.1403 27.7968
121 12.1555 27.2903
514 12.1736 26.6852
299 12.1957 25.9477
455 12.2168 25.2419
268 12.2361 24.5963
794 12.257 23.8994
258 12.2818 23.0704
673 12.3064 22.2491
661 12.3315 21.4121
439 12.3581 20.521
641 12.3798 19.798
331 12.4048 18.9639
629 12.4348 17.9613
702 12.4542 17.3126
722 12.4809 16.4198
61 12.4831 16.3478
488 12.4852 16.2775
8 12.4871 16.2133
474 12.4888 16.1568
402 12.4908 16.0908
902 12.4929 16.0196
741 12.4952 15.9424
348 12.4976 15.8617
412 12.4999 15.7851
362 12.5022 15.7075
366 12.5045 15.6307
211 12.5068 15.5541
254 12.509 15.4827
674 12.5114 15.4025
881 12.5138 15.3202
646 12.5159 15.2493
812 12.5182 15.1748
187 12.5182 15.1748
588 14.1641 15.1364
682 15.934 15.0952
643 19.837 15.0043
899 22.4892 14.9425
307 26.2548 14.8547
626 28.6255 14.7995
883 30.6972 14.7512
709 32.2077 14.716
518 34.2915 14.6675
934 34.4416 16.6274
669 34.4682 16.975
337 34.5035 17.4368
111 34.5368 17.871
822 34.5681 18.2805
704 34.5945 18.6255
351 34.6221 18.9855
64 34.6565 19.4355
573 34.6874 19.8389
407 34.7187 20.248
287 34.7579 20.76
310 34.8114 21.4578
363 34.8632 22.1357
653 34.9335 23.0536
246 35.0157 24.1268
602 35.1239 25.5409
915 35.1594 26.005
284 35.1949 26.4675
549 35.2396 27.0517
278 35.2548 27.2509
586 35.2696 27.4439
869 35.2845 27.6392
486 35.2984 27.8206
834 35.311 27.9854
191 35.3243 28.1581
160 35.3367 28.3207
221 35.3492 28.4837
261 35.3613 28.6426
824 35.3748 28.818
289 35.3881 28.992
354 35.4026 29.1809
467 35.4173 29.374
421 35.4326 29.5732
26 35.4457 29.745
787 35.4642 29.9867
935 35.4835 30.2378
257 35.4992 30.4438
379 35.5141 30.6384
250 35.5323 30.8754
891 35.2949 42.0005
475 35.2949 42.0005
151 35.2949 42.0005
989 35.2949 42.0005
917 35.2949 42.0005
848 35.2949 42.0005
692 35.2949 42.0005
49 35.2949 42.0005
543 35.2949 42.0005
180 35.2949 42.0005
723 35.2949 42.0005
603 35.3376 42.0883
397 35.3721 42.1593
438 35.4104 42.238
155 35.4522 42.324
414 35.4872 42.396
535 35.5251 42.4739
706 35.5646 42.5551
525 35.6033 42.6346
7 35.6406 42.7114
679 35.679 42.7902
388 35.7212 42.877
790 35.7654 42.9679
566 35.8106 43.0609
452 35.8535 43.1491
38 35.8915 43.2272
512 35.9342 43.3151
529 35.9681 43.3848
269 36.0117 43.4743
748 36.0508 43.5549
778 36.0943 43.6442
913 36.1329 43.7237
862 36.1721 43.8042
688 36.2109 43.8839
413 36.2471 43.9584
508 36.2828 44.0319
811 36.3173 44.1027
11 36.3572 44.1848
664 36.4003 44.2734
461 36.4518 44.3792
302 36.4912 44.4604
147 36.5324 44.545
783 36.5697 44.6216
876 36.6101 44.7048
356 36.6487 44.7841
37 36.6862 44.8612
89 36.8339 45.1649
619 36.9512 45.4061
522 37.0775 45.6658
194 37.195 45.9075
687 37.3089 46.1417
342 37.4429 46.4171
853 37.5594 46.6566
237 38.1738 47.92
922 38.684 48.9691
480 39.0943 49.8127
472 40.2912 52.2738
929 41.5493 54.8608
171 42.9715 57.7852
498 43.1484 58.149
676 43.3418 58.5465
484 43.522 58.9172
282 43.6163 59.111
912 43.699 59.2811
210 43.789 59.4663
798 43.9001 59.6947
104 44.0004 59.9009
291 44.1045 60.115
235 44.204 60.3195
188 44.2852 60.4865
945 44.3812 60.7023
127 44.523 61.0211
809 44.6863 61.3884
30 44.8605 61.78
459 45.0551 62.2176
577 45.2339 62.6196
370 45.4001 62.9933
186 45.6094 63.464
724 45.9948 64.3304
264 46.0348 64.3411
923 46.0746 64.3518
175 46.1076 64.3606
54 46.1455 64.3708
513 46.1857 64.3815
855 46.2275 64.3927
986 46.2666 64.4032
453 46.3051 64.4136
523 46.3402 64.423
857 46.3794 64.4335
732 46.413 64.4425
765 46.4479 64.4519
56 46.4856 64.462
621 46.5279 64.4733
471 46.5665 64.4837
144 46.6042 64.4938
216 46.6475 64.5054
134 46.6852 64.5155
769 46.7273 64.5268
410 46.7273 64.5268
968 46.7273 64.5268
94 46.7273 64.5268
976 46.7273 64.5268
921 47.4832 64.589
894 47.4849 64.5891
762 47.487 64.5893
208 47.4886 64.5894
365 47.49 64.5895
163 47.4917 64.5897
597 47.4937 64.5898
281 47.4956 64.59
793 47.4976 64.5901
101 47.4993 64.5903
468 47.501 64.5904
582 47.5026 64.5905
350 47.504 64.5906
617 47.5059 64.5908
632 47.5076 64.5909
91 47.5092 64.5911
743 47.5107 64.5912
596 47.512 64.5913
804 47.5137 64.5914
225 47.5153 64.5916
715 47.5171 64.5917
286 47.519 64.5919
533 47.5204 64.592
540 47.5219 64.5921
576 47.5954 64.5981
910 47.6703 64.6041
683 47.7552 64.611
558 47.8426 64.6181
80 47.9227 64.6246
404 48.0176 64.6323
779 51.3731 64.9046
538 55.0312 65.2013
671 58.6355 65.4938
900 61.7013 65.7426
791 61.7969 65.7504
832 61.9167 65.7601
810 62.027 65.769
9 62.1479 65.7789
112 62.2675 65.7886
161 62.3894 65.7985
975 62.5543 65.8119
942 62.5543 65.8119
315 62.5543 65.8119
420 62.5543 65.8119
744 62.5543 65.8119
650 62.5744 65.7202
67 62.5928 65.636
109 62.6108 65.5537
907 62.6304 65.4642
460 62.6473 65.3872
647 62.6673 65.2956
837 62.6851 65.2145
515 62.7107 65.0974
987 62.7346 64.9882
102 62.761 64.8677
595 62.7836 64.7646
904 62.806 64.6622
190 62.8323 64.5421
852 62.8548 64.4395
84 62.8537 64.4329
35 62.8526 64.4264
962 62.8517 64.421
964 62.8506 64.4142
478 62.8495 64.408
68 62.8486 64.4022
867 62.8476 64.3966
238 62.8466 64.3903
509 62.8456 64.3844
293 62.8445 64.3774
290 62.8436 64.3721
173 62.8426 64.3659
847 62.8415 64.3597
668 62.8404 64.3529
152 62.8394 64.3465
110 62.8383 64.3399
393 62.8372 64.3334
340 62.8361 64.327
605 62.835 64.3203
440 62.8339 64.3134
656 62.8328 64.3067
654 62.8318 64.3011
727 62.8308 64.2945
51 62.8295 64.2872
625 62.8065 64.1482
485 62.785 64.0182
767 62.7662 63.9047
432 62.7496 63.8046
583 61.6045 56.8882
594 60.8438 52.2942
675 60.6847 51.333
217 60.5838 50.7238
842 60.4988 50.2109
606 60.406 49.65
875 60.3234 49.1511
70 60.2486 48.6997
623 60.1664 48.2034
262 60.0806 47.6851
63 59.9874 47.1225
492 59.9081 46.6431
843 59.826 46.1474
143 59.7387 45.6205
276 59.6399 45.0235
844 59.6515 44.8813
716 59.6615 44.758
906 59.671 44.6419
314 59.6802 44.5301
43 59.6888 44.4238
926 59.6969 44.3251
396 59.7056 44.2186
85 59.7158 44.094
930 59.7287 43.9363
69 59.7393 43.8054
232 59.7502 43.6731
357 59.7614 43.5352
821 59.7733 43.39
519 59.7809 43.2961
117 59.7903 43.1815
870 59.8011 43.0498
670 59.8114 42.9238
27 59.913 41.6798
458 59.9899 40.7379
197 60.0654 39.8142
831 60.1713 38.5184
358 60.2 38.1665
681 60.2303 37.7963
66 60.2594 37.4401
6 60.2936 37.0214
45 60.3194 36.7051
644 60.3458 36.3821
55 60.3846 35.9068
751 60.4157 35.5269
978 60.444 35.1798
781 60.4813 34.7238
377 60.5139 34.3247
634 60.5481 33.9066
323 60.5848 33.4569
865 60.6635 32.4931
209 60.7374 31.5884
164 60.7936 31.3546
785 60.8381 31.1692
873 60.8852 30.9735
355 60.9271 30.7989
555 60.9761 30.5947
19 61.0218 30.4044
828 61.3948 28.8517
419 61.8796 26.8334
504 64.8845 20.7293
103 67.6083 15.196
598 68.1019 15.3873
819 68.5348 15.5551
295 68.9871 15.7305
581 69.4201 15.8984
777 69.8872 16.0794
24 70.4807 16.3095
176 71.0406 16.5266
959 71.7073 16.7851
721 74.1859 17.746
