0,345,627,243,979,483,260,98,33,592,609,590,274,232,745,195,425,670,835,466,920,520,29,170,387,838,506,684,198,553,583,951,967,941,497,136,107,334,201,932,884,977,332,385,242,579,311,528,383,372,25,685,473,450,660,740,204,928,889,465,158,983,775,854,820,742,813,135,725,893,620,417,353,285,52,544,149,818,823,580,622,494,159,937,322,648,464,71,864,481,817,666,251,83,816,297,395,18,318,42,145,845,273,177,984,940,618,516,814,434,562,737,320,911,280,851,62,826,896,961,882,140,801,179,313,952,532,541,105,245,746,406,202,690,861,567,895,317,378,344,992,185,126,229,335,82,575,980,118,511,887,584,367,319,477,931,880,754,782,193,23,856,774,408,624,259,40,12,369,563,156,636,713,947,248,415,530,866,642,165,343,536,659,5,755,53,559,766,874,22,92,389,738,72,806,437,548,129,539,215,139,309,223,270,564,840,807,172,265,181,241,614,569,239,305,918,394,448,294,296,672,375,231,150,226,877,649,613,763,449,707,230,561,292,206,96,189,416,974,752,252,662,872,183,253,550,146,859,73,833,418,631,773,638,491,786,392,271,141,490,167,428,470,795,60,76,456,768,249,430,469,88,593,521,712,409,36,696,424,58,954,288,578,368,442,714,611,960,608,431,761,13,776,697,15,256,28,651,115,227,441,919,17,41,753,886,93,306,2,610,16,808,871,20,757,885,44,916,120,933,244,750,360,462,184,988,570,213,435,316,50,615,892,380,637,39,106,780,321,325,75,969,247,300,982,48,815,236,557,169,446,301,547,699,695,827,90,711,568,447,719,693,304,364,386,973,944,546,399,95,830,914,678,560,628,240,178,953,426,890,792,1,199,554,759,200,736,108,401,138,405,868,203,495,444,905,153,263,803,585,433,718,955,436,31,347,113,482,503,168,192,680,728,298,234,338,552,703,607,726,924,361,374,119,371,764,630,77,694,531,799,14,686,639,948,500,400,457,502,3,381,966,398,589,667,130,739,524,81,445,991,219,747,734,131,665,657,487,427,277,411,879,376,796,860,939,717,784,220,346,255,517,556,272,114,207,701,196,162,825,339,224,132,275,97,970,479,600,551,326,329,124,888,443,537,772,946,137,233,333,327,587,927,981,635,846,735,720,897,429,901,604,601,574,878,591,658,34,965,903,390,507,729,359,266,451,349,733,493,730,99,957,59,689,789,382,526,971,640,454,571,308,267,950,501,324,705,645,599,21,788,510,79,545,756,839,698,228,771,691,805,908,990,949,542,391,423,925,633,936,938,972,218,505,797,422,731,166,352,341,858,154,909,677,565,214,279,174,303,57,616,841,123,863,312,222,663,760,708,122,527,182,116,652,384,142,770,489,758,100,749,47,128,849,463,157,476,534,496,956,328,336,46,78,499,330,125,283,148,373,403,32,212,121,87,710,700,829,299,205,943,258,899,4,514,602,572,836,985,133,915,898,958,10,673,74,86,794,268,65,812,741,412,366,211,254,61,455,722,348,674,881,646,641,331,963,362,187,902,474,402,588,629,8,488,682,661,246,653,518,702,643,439,284,363,883,111,822,704,351,64,573,407,287,310,669,289,307,160,486,626,709,250,379,421,337,834,549,824,261,221,191,869,586,278,467,26,787,853,934,612,354,655,37,687,257,147,397,461,356,619,438,155,414,535,783,778,748,269,529,512,38,452,566,790,388,679,7,525,706,876,475,891,237,151,989,917,848,692,49,543,180,302,723,603,413,11,664,935,811,508,480,913,862,688,282,89,522,194,923,929,597,922,472,342,186,30,912,127,577,210,459,809,492,54,468,625,370,743,855,533,498,945,365,161,558,523,175,683,235,281,410,779,484,617,163,104,404,732,793,225,596,80,134,216,676,144,471,621,56,101,715,513,576,910,264,632,540,91,724,286,857,804,515,109,291,208,968,964,894,112,976,171,802,94,453,582,350,765,986,798,921,800,188,762,9,671,810,769,791,432,767,485,727,654,744,102,84,35,852,904,190,238,656,110,152,668,847,173,900,987,68,595,340,393,647,832,420,315,942,837,440,975,67,650,867,293,962,290,51,538,907,478,605,460,509,85,396,850,843,930,716,69,276,357,870,117,143,66,644,634,358,323,262,519,675,217,355,978,842,606,875,70,623,906,458,43,594,844,926,27,63,865,377,6,197,959,828,19,419,45,598,314,209,681,785,555,164,873,55,831,504,295,581,819,24,781,821,751,721,176,777,103,
value : 398.001 running time : 2032.710799
0 80 20
345 83.7374 18.564
627 84.8899 18.1213
243 85.425 17.9156
979 85.8304 17.7599
483 86.2684 17.5916
260 86.2684 17.5916
98 84.7208 27.6149
33 83.9333 32.7148
592 83.174 37.6318
609 82.9504 39.0802
590 82.7753 40.2137
274 82.5137 41.9082
232 82.2441 43.6542
745 82.2849 44.0181
195 82.3305 44.4242
425 82.3727 44.8004
670 82.4095 45.1285
835 82.4467 45.46
466 82.4875 45.8235
920 82.534 46.238
520 82.5727 46.5832
29 82.6852 47.5856
170 82.828 48.8578
387 82.9223 49.6989
838 83.0122 50.4997
506 83.1034 51.3122
684 83.1758 51.9576
198 83.2343 52.4789
553 83.2917 52.9907
583 83.39 53.8668
951 83.4852 54.715
967 83.5901 55.6502
941 83.7075 56.6961
497 83.8887 58.3107
136 83.9463 58.8243
107 84.0137 59.425
334 84.0817 60.031
201 84.151 60.649
932 84.2094 61.1694
884 84.3059 62.0293
977 84.4382 63.2085
332 84.5829 64.498
385 84.6945 65.4923
242 84.7913 66.3546
579 85.3191 71.0582
311 85.4539 72.2595
528 85.5661 73.2595
383 85.6789 74.2653
372 86.3257 80.0292
25 86.0319 80.4723
685 85.7508 80.8964
473 85.4856 81.2962
450 85.2775 81.6101
660 84.9388 82.121
740 84.1253 83.348
204 83.3514 84.5153
928 80.7601 88.4234
889 80.282 88.4178
465 79.6945 88.4109
158 79.2649 88.4059
983 78.8569 88.4011
775 78.3317 88.3949
854 77.8989 88.3899
820 77.4728 88.3849
742 77.0011 88.3793
813 76.5586 88.3741
135 76.1503 88.3693
725 75.6722 88.3637
893 75.1881 88.3581
620 74.6737 88.352
417 74.6638 88.3519
353 74.6531 88.3518
285 74.6424 88.3517
52 74.6316 88.3515
544 74.6215 88.3514
149 74.6116 88.3513
818 74.6022 88.3512
823 74.5916 88.3511
580 74.5818 88.351
622 74.5713 88.3508
494 74.5621 88.3507
159 74.5524 88.3506
937 74.542 88.3505
322 74.5333 88.3504
648 73.6899 88.3405
464 72.5627 88.3273
71 71.8608 88.3191
864 71.1644 88.3109
481 70.3868 88.3018
817 69.63 88.2929
666 68.9806 88.2853
251 68.2686 88.277
83 67.5711 88.2688
816 66.7001 88.2586
297 66.0021 88.2504
395 65.2954 88.2421
18 64.6389 88.2344
318 64.0148 88.2271
42 63.1945 88.2175
145 62.389 88.2081
845 61.5023 88.1977
273 60.4843 88.1857
177 59.4284 88.1734
984 58.3333 88.1605
940 57.1532 88.1467
618 56.2167 88.1357
516 55.3039 88.125
814 54.4785 88.1153
434 53.7902 88.1073
562 53.1273 88.0995
737 53.0919 88.0991
320 53.0482 88.0986
911 53.01 88.0981
280 52.9628 88.0976
851 52.9184 88.097
62 52.873 88.0965
826 52.8255 88.0959
896 52.7858 88.0955
961 52.7409 88.0949
882 52.7317 88.0948
140 52.7227 88.0947
801 52.714 88.0946
179 52.7036 88.0945
313 52.6942 88.0944
952 52.6843 88.0943
532 52.674 88.0942
541 52.664 88.0941
105 52.6542 88.0939
245 52.6451 88.0938
746 52.6353 88.0937
406 52.626 88.0936
202 52.6173 88.0935
690 52.6075 88.0934
861 52.5975 88.0933
567 52.5886 88.0932
895 52.5781 88.0931
317 52.5694 88.093
378 52.5599 88.0928
344 52.5202 88.0924
992 52.479 88.0919
185 52.4204 88.0912
126 52.3553 88.0905
229 52.3001 88.0898
335 52.2403 88.0891
82 52.1775 88.0884
575 52.1279 88.0878
980 52.0734 88.0872
118 52.0164 88.0865
511 51.9572 88.0858
887 51.9018 88.0852
584 51.8467 88.0845
367 51.7851 88.0838
319 51.7234 88.0831
477 51.6751 88.0825
931 51.6105 88.0818
880 51.5371 88.0809
754 51.4693 88.0801
782 51.3982 88.0793
193 51.3301 88.0785
23 51.2745 88.0778
856 51.0892 88.0757
774 50.7775 88.072
408 50.4722 88.0685
624 50.1942 88.0652
259 49.9113 88.0619
40 49.6103 88.0584
12 49.3097 88.0549
369 48.9838 88.0511
563 48.6031 88.0467
156 48.2779 88.0429
636 47.948 88.0391
713 47.6185 88.0352
947 47.3053 88.0316
248 46.9625 88.0276
415 46.6502 88.0239
530 46.2902 88.0197
866 45.9455 88.0157
642 45.6163 88.0119
165 45.2781 88.0079
343 44.9414 88.004
536 44.615 88.0002
659 44.2576 87.9961
5 43.9166 87.9921
755 43.5488 87.9878
53 43.183 87.9835
559 42.8455 87.9796
766 42.474 87.9753
874 42.1154 87.9711
22 41.6407 87.9656
92 41.2 87.9604
389 40.8368 87.9562
738 40.4115 87.9512
72 40.0072 87.9465
806 39.6203 87.942
437 39.2804 87.938
548 38.917 87.9338
129 38.5709 87.9298
539 38.2148 87.9256
215 37.8298 87.9211
139 37.4352 87.9165
309 37.4184 87.9163
223 37.4018 87.9162
270 37.3834 87.9159
564 37.3653 87.9157
840 37.3451 87.9155
807 37.3252 87.9152
172 37.3044 87.915
265 37.2844 87.9148
181 37.265 87.9145
241 37.2462 87.9143
614 37.227 87.9141
569 37.2074 87.9139
239 37.1887 87.9136
305 37.1688 87.9134
918 37.1473 87.9131
394 37.128 87.9129
448 37.1082 87.9127
294 37.0896 87.9125
296 37.0679 87.9122
672 37.0478 87.912
375 37.0295 87.9117
231 36.934 87.9106
150 36.8348 87.9094
226 36.7295 87.9082
877 36.6254 87.907
649 36.5252 87.9058
613 36.4188 87.9045
763 36.3151 87.9033
449 36.2157 87.9021
707 36.12 87.901
230 36.0189 87.8998
561 35.9149 87.8986
292 35.8127 87.8974
206 35.7043 87.8961
96 35.6092 87.895
189 35.5028 87.8937
416 35.3913 87.8924
974 35.2815 87.8911
752 35.1629 87.8897
252 35.03 87.8881
662 34.9115 87.8867
872 33.0542 88.0975
183 31.1984 88.3081
253 30.7534 88.3586
550 30.2891 88.4112
146 30.042 88.4393
859 29.7351 88.4741
73 29.4496 88.5065
833 29.1461 88.5409
418 28.8724 88.572
631 28.6177 88.6009
773 28.3578 88.6304
638 28.0918 88.6606
491 27.8196 88.6914
786 27.7583 88.6984
392 27.6971 88.7053
271 27.6288 88.7131
141 27.5581 88.7211
490 27.4837 88.7296
167 27.4177 88.7371
428 27.3529 88.7444
470 27.2901 88.7515
795 27.2215 88.7593
60 27.1497 88.7675
76 27.0762 88.7758
456 27.0037 88.784
768 26.935 88.7918
249 26.8672 88.7995
430 26.8026 88.8069
469 26.7339 88.8147
88 26.6663 88.8223
593 26.6156 88.8281
521 26.5628 88.8341
712 26.5077 88.8403
409 26.4584 88.8459
36 26.4063 88.8518
696 26.3523 88.858
424 26.297 88.8642
58 26.2427 88.8704
954 26.1928 88.8761
288 26.1355 88.8826
578 26.0808 88.8888
368 26.0255 88.895
442 25.969 88.9015
714 25.969 88.9015
611 25.969 88.9015
960 25.969 88.9015
608 25.8006 88.9095
431 25.6321 88.9175
761 25.4759 88.9249
13 25.3014 88.9332
776 25.1487 88.9405
697 25.0291 88.9462
15 24.8959 88.9525
256 24.7918 88.9575
28 24.6585 88.9639
651 24.5173 88.9706
115 24.3772 88.9772
227 24.253 88.9832
441 24.145 88.9883
919 24.0433 88.9931
17 23.9032 88.9998
41 23.7883 89.0053
753 23.6574 89.0115
886 23.5359 89.0173
93 23.4147 89.0231
306 23.314 89.0279
2 23.2115 89.0327
610 23.0889 89.0386
16 22.9726 89.0441
808 22.8698 89.049
871 22.7467 89.0549
20 22.6396 89.06
757 22.0426 89.0884
885 21.3967 89.1191
44 20.7367 89.1506
916 20.065 89.1826
120 19.4815 89.2103
933 18.1141 89.2755
244 16.7868 89.3387
750 15.3943 89.405
360 14.6441 89.4407
462 13.7946 89.4811
184 12.9313 89.5223
988 10.0762 89.6582
570 10.0776 89.6129
213 10.0788 89.5747
435 10.0807 89.511
316 10.0831 89.4345
50 10.0852 89.3648
615 10.0872 89.3023
892 10.089 89.2439
380 10.0906 89.1916
637 10.0925 89.1275
39 10.0943 89.0682
106 10.0964 89.0014
780 10.0988 88.9218
321 10.1009 88.855
325 10.1027 88.7967
75 10.1044 88.7411
969 10.106 88.6886
247 10.1079 88.6278
300 10.1097 88.5671
982 10.1116 88.5059
48 10.1135 88.4432
815 10.1152 88.3882
236 10.1169 88.3344
557 10.1188 88.2722
169 10.1206 88.2122
446 10.1224 88.1542
301 10.1242 88.0961
547 10.126 88.0362
699 10.1279 87.975
695 10.1297 87.9157
827 10.1313 87.865
90 10.1332 87.8014
711 10.1348 87.75
568 10.1366 87.6917
447 10.1384 87.6329
719 10.1403 87.5729
693 10.142 87.5173
304 10.1437 87.4613
364 10.1455 87.4037
386 10.1472 87.3461
973 10.149 87.2886
944 10.1509 87.2262
546 10.1527 87.1671
399 10.1544 87.111
95 10.1561 87.0561
830 10.1578 87.0006
914 10.1593 86.9514
678 10.161 86.8965
560 10.1631 86.8307
628 10.1647 86.777
240 10.1664 86.7208
178 10.1681 86.6667
953 10.1696 86.6158
426 10.1715 86.5562
890 10.1733 86.4984
792 10.1748 86.4475
1 10.1764 86.3963
199 10.178 86.3423
554 10.1799 86.2823
759 10.1815 86.2299
200 10.1829 86.1831
736 10.1848 86.1228
108 10.1865 86.0654
401 10.1882 86.0106
138 10.1898 85.9585
405 10.1915 85.9047
868 10.1933 85.8457
203 10.1956 85.7698
495 10.1976 85.7048
444 10.1995 85.6423
905 10.2014 85.5804
153 10.2032 85.5227
263 10.205 85.464
803 10.2068 85.4044
585 10.2087 85.3445
433 10.2696 83.3585
718 10.314 81.9099
955 10.3711 80.048
436 10.4307 78.1052
31 10.5058 75.6581
347 10.684 69.8502
113 10.684 69.8502
482 10.684 69.8502
503 10.684 69.8502
168 10.684 69.8502
192 10.684 69.8502
680 10.684 69.8502
728 10.684 69.8502
298 10.684 69.8502
234 10.684 69.8502
338 10.684 69.8502
552 10.684 69.8502
703 10.684 69.8502
607 10.684 69.8502
726 10.684 69.8502
924 10.684 69.8502
361 10.684 69.8502
374 10.684 69.8502
119 10.684 69.8502
371 10.684 69.8502
764 10.684 69.8502
630 10.684 69.8502
77 10.684 69.8502
694 10.684 69.8502
531 10.684 69.8502
799 10.7048 69.849
14 10.7261 69.8478
686 10.7474 69.8466
639 10.7691 69.8453
948 10.7929 69.8439
500 10.8165 69.8426
400 10.8375 69.8414
457 10.8572 69.8402
502 10.8782 69.839
3 10.8968 69.838
381 10.9148 69.8369
966 10.9358 69.8357
398 10.9614 69.8342
589 10.9818 69.8331
667 11.0013 69.8319
130 11.0266 69.8305
739 11.0485 69.8292
524 11.0699 69.828
81 11.0894 69.8269
445 11.1065 69.8259
991 11.127 69.8247
219 11.1483 69.8235
747 11.1689 69.8223
734 11.1892 69.8211
131 11.2121 69.8198
665 11.2319 69.8187
657 11.2534 69.8174
487 11.277 69.8161
427 11.296 69.815
277 11.3174 69.8138
411 11.3418 69.8124
879 11.3614 69.8112
376 11.382 69.81
796 11.4029 69.8088
860 11.4217 69.8078
939 11.4401 69.8067
717 11.4628 69.8054
784 11.4877 69.804
220 11.5113 69.8026
346 11.5306 69.8015
255 11.5497 69.8004
517 11.5707 69.7992
556 11.5938 69.7979
272 11.6184 69.7965
114 11.6406 69.7952
207 11.66 69.7941
701 11.739 69.7895
196 11.8041 69.7858
162 11.8674 69.7821
825 11.9326 69.7784
339 11.9961 69.7747
224 12.0516 69.7716
132 13.3815 69.6951
275 14.4244 69.6352
97 15.2413 69.5882
970 16.1622 69.5353
479 17.2306 69.4739
600 18.2588 69.4148
551 19.1454 69.3638
326 20.3668 69.2936
329 21.6777 69.2183
124 23.1107 69.1359
888 23.1152 69.0977
443 23.1196 69.0599
537 23.1242 69.02
772 23.1295 68.9751
946 23.1335 68.9406
137 23.1382 68.9007
233 23.1428 68.8614
333 23.1463 68.8313
327 23.1508 68.793
587 23.1552 68.755
927 23.1596 68.7174
981 23.1644 68.6769
635 23.1682 68.6442
846 23.1729 68.6044
735 23.1774 68.5656
720 23.1814 68.531
897 23.1856 68.4952
429 23.1894 68.4627
901 23.1936 68.4271
604 23.1972 68.396
601 23.2017 68.3582
574 23.2055 68.3256
878 23.2095 68.2912
591 23.2137 68.2555
658 23.2179 68.2191
34 23.2229 68.1765
965 23.2269 68.1422
903 23.2311 68.1065
390 23.2353 68.0706
507 23.2397 68.0327
729 23.2437 67.9985
359 23.2474 67.9673
266 23.2513 67.9337
451 23.2561 67.8931
349 23.2601 67.8584
733 23.2642 67.8236
493 23.2681 67.7906
730 23.2681 67.7906
99 23.2681 67.7906
957 23.2681 67.7906
59 23.2681 67.7906
689 23.2681 67.7906
789 23.2491 67.663
382 23.2272 67.5163
526 23.2092 67.3953
971 23.1893 67.2618
640 23.1694 67.1282
454 23.1533 67.0202
571 23.1168 66.7749
308 23.0785 66.5177
267 23.0399 66.2588
950 23.0084 66.0473
501 22.9682 65.7773
324 22.9247 65.4851
705 22.9006 65.3235
645 22.8787 65.176
599 22.8555 65.0207
21 22.8325 64.8663
788 22.7999 64.6472
510 22.7669 64.4254
79 22.7356 64.2154
545 22.702 63.9903
756 22.6707 63.7796
839 22.6395 63.5703
698 18.4839 58.903
228 14.1213 54.0035
771 13.8821 53.7348
691 13.6579 53.483
805 13.3992 53.1926
908 13.1607 52.9247
990 12.8799 52.6094
949 12.8398 52.5644
542 12.7997 52.5193
391 12.7587 52.4732
423 12.7127 52.4216
925 12.6757 52.3801
633 12.6375 52.3371
936 12.594 52.2883
938 12.5544 52.2438
972 12.5119 52.1961
218 12.4672 52.1459
505 12.4245 52.0979
797 12.3838 52.0523
422 12.344 52.0075
731 12.2943 51.9517
166 12.2546 51.9072
352 12.2141 51.8617
341 12.1718 51.8141
858 12.1328 51.7703
154 12.0888 51.721
909 12.0489 51.6762
677 12.0127 51.6355
565 11.973 51.5909
214 11.929 51.5415
279 11.8896 51.4972
174 11.8466 51.449
303 11.8037 51.4007
57 11.7591 51.3507
616 11.7149 51.3011
841 11.6739 51.255
123 11.6301 51.2058
863 11.5873 51.1578
312 11.5487 51.1144
222 11.5135 51.0748
663 11.4771 51.034
760 11.4431 50.9958
708 11.4014 50.949
122 11.3607 50.9033
527 11.3635 50.7681
182 11.3664 50.6282
116 11.3692 50.4921
652 11.3721 50.3504
384 11.375 50.2115
142 11.3774 50.0974
770 11.3801 49.9678
489 11.3824 49.8536
758 11.3849 49.7344
100 11.3873 49.616
749 11.39 49.4885
47 11.3925 49.368
128 11.3951 49.2391
849 11.3975 49.1227
463 11.4016 48.9291
157 11.4055 48.7379
476 11.4093 48.5559
534 11.4129 48.3803
496 11.4166 48.2018
956 11.4202 48.0281
328 11.5116 43.6092
336 11.5116 43.6092
46 11.5414 43.3426
78 11.568 43.105
499 11.5934 42.8783
330 11.6198 42.642
125 11.6455 42.4121
283 11.6693 42.1994
148 11.6913 42.0022
373 11.714 41.7995
403 11.7394 41.5721
32 11.9195 39.9624
212 12.0766 38.5577
121 12.2655 36.8683
87 12.3386 36.2145
710 12.416 35.5232
700 12.4787 34.962
829 12.5512 34.3137
299 12.6189 33.7086
205 12.6756 33.202
943 12.7376 32.6472
258 12.7956 32.1291
899 12.8406 31.7266
4 12.8749 31.4199
514 12.9101 31.1052
602 12.9483 30.7636
572 12.982 30.4619
836 13.0154 30.1637
985 13.0468 29.8831
133 13.0823 29.5657
915 13.1179 29.2467
898 12.3806 28.2522
958 12.3806 28.2522
10 12.3832 28.0087
673 12.3862 27.7196
74 12.3888 27.4735
86 12.3913 27.2363
794 12.3952 26.8735
268 12.3989 26.5171
65 12.4027 26.1543
812 12.5182 15.1748
741 12.5182 15.1748
412 12.5182 15.1748
366 12.5182 15.1748
211 12.5182 15.1748
254 12.5182 15.1748
61 12.5182 15.1748
455 12.5182 15.1748
722 12.5182 15.1748
348 12.5182 15.1748
674 12.5182 15.1748
881 12.5182 15.1748
646 12.5182 15.1748
641 12.5182 15.1748
331 12.5182 15.1748
963 12.5182 15.1748
362 12.5182 15.1748
187 12.5182 15.1748
902 13.5724 15.1504
474 14.2327 15.1352
402 14.8066 15.1219
588 15.3629 15.1091
629 15.9665 15.0951
8 16.7729 15.0765
488 17.4637 15.0605
682 18.1018 15.0458
661 20.8585 14.9821
246 27.2532 14.8343
653 33.7332 14.6846
518 34.296 14.6716
702 34.3345 15.1664
643 34.3626 15.5281
439 34.3907 15.8887
284 34.4154 16.2067
363 34.4367 16.4812
883 34.4621 16.8074
111 34.4867 17.1241
822 34.5106 17.4305
704 34.5309 17.692
351 34.5521 17.9646
64 34.5773 18.2884
573 34.5991 18.5687
407 34.6208 18.8479
287 34.645 19.1589
310 34.6719 19.5058
669 34.6973 19.8322
289 35.0452 24.307
307 35.1297 25.3938
160 35.2167 26.5115
486 35.2949 27.5176
626 35.3576 28.3236
709 35.4391 29.3727
250 35.5278 30.5127
379 35.5204 30.601
421 35.5128 30.6921
337 35.5064 30.7692
834 35.4977 30.8744
549 35.4894 30.9737
824 35.4821 31.061
261 35.4744 31.1542
221 35.4658 31.2569
191 35.4571 31.3617
869 35.4489 31.4608
586 35.4412 31.5531
278 35.4334 31.6462
467 35.426 31.7348
26 35.4187 31.8228
787 35.4011 32.0344
853 35.3831 32.2514
934 35.3674 32.4394
612 35.349 32.6603
354 35.3348 32.8312
655 34.7198 40.2216
37 34.818 40.5255
687 34.917 40.8318
257 35.015 41.1349
147 35.1068 41.4188
397 35.1904 41.6774
461 35.2822 41.9614
356 35.2827 41.9629
619 35.2832 41.9644
438 35.2837 41.9659
155 35.2842 41.9675
414 35.2847 41.969
535 35.2852 41.9707
783 35.2858 41.9724
778 35.2864 41.9741
748 35.2869 41.9757
269 35.2874 41.9774
529 35.2879 41.9788
512 35.2885 41.9807
38 35.289 41.9823
452 35.2895 41.9839
566 35.29 41.9855
790 35.2905 41.9871
388 35.291 41.9886
679 35.2915 41.9901
7 35.2921 41.9919
525 35.2926 41.9936
706 35.2932 41.9953
876 35.2937 41.997
475 35.2943 41.9986
891 35.2949 42.0005
237 35.2949 42.0005
151 35.2949 42.0005
989 35.2949 42.0005
917 35.2949 42.0005
848 35.2949 42.0005
692 35.2949 42.0005
49 35.2949 42.0005
543 35.2949 42.0005
180 35.2949 42.0005
302 35.2949 42.0005
723 35.2949 42.0005
603 35.5645 42.5598
413 35.805 43.0588
11 36.0452 43.5573
664 36.2876 44.0601
935 36.5311 44.5654
811 36.9571 45.4492
508 37.508 46.5921
480 38.0709 47.76
913 38.7495 49.1681
862 39.5382 50.8042
688 40.4795 52.7571
282 42.5112 56.9721
89 42.5496 57.0518
522 42.5907 57.1371
194 42.6349 57.2287
923 42.6861 57.3349
929 42.7315 57.4291
597 42.7783 57.5261
922 42.8215 57.6159
472 42.8645 57.705
342 42.9124 57.8044
186 42.9652 57.9139
30 43.0121 58.0113
912 43.0598 58.1102
127 43.1063 58.2068
577 43.1574 58.3128
210 43.2023 58.4058
459 43.2545 58.5141
809 43.2994 58.6074
492 43.345 58.7019
54 43.6612 59.3579
468 43.9773 60.0138
625 44.1787 60.4315
370 44.2171 60.5111
743 44.2664 60.6136
855 44.3107 60.7054
533 44.3477 60.782
498 44.3894 60.8686
945 44.431 60.9549
365 44.4831 61.063
161 44.5362 61.1732
558 44.5844 61.2731
523 44.6324 61.3727
175 44.6773 61.4659
683 44.7251 61.565
235 44.7738 61.6661
281 44.8168 61.7553
410 44.8667 61.8588
779 44.9177 61.9646
484 44.9677 62.0683
617 45.014 62.1643
163 45.0551 62.2496
104 45.0966 62.3358
404 45.1446 62.4354
732 45.1877 62.5247
793 45.2351 62.6232
225 45.2831 62.7228
596 45.3276 62.815
80 45.3773 62.9181
134 45.4234 63.0139
216 45.466 63.1022
676 45.5094 63.1922
144 45.555 63.2867
471 45.5911 63.3617
621 45.6327 63.4481
56 45.6783 63.5425
101 45.7212 63.6315
715 45.7693 63.7313
513 45.8179 63.8322
576 45.8545 63.9081
910 45.8978 63.9979
264 45.9393 64.0841
632 45.9911 64.1915
540 46.032 64.2763
91 46.0697 64.3546
724 46.1033 64.4242
286 46.3917 64.5187
857 46.638 64.5994
804 46.8404 64.6657
515 47.106 64.7527
109 47.106 64.7527
291 47.106 64.7527
208 47.106 64.7527
968 47.106 64.7527
964 47.106 64.7527
894 47.106 64.7527
112 47.106 64.7527
976 47.106 64.7527
171 48.0151 64.9009
802 49.286 65.108
94 49.286 65.108
453 49.286 65.108
582 49.286 65.108
350 49.286 65.108
765 49.6324 65.1276
986 50.6265 65.1838
798 51.5746 65.2373
921 52.5809 65.2942
800 53.7169 65.3584
188 54.491 65.4021
762 55.3257 65.4493
9 56.1223 65.4943
671 56.8904 65.5377
810 57.5057 65.5724
769 58.1588 65.6093
791 58.853 65.6486
432 59.6755 65.695
767 60.504 65.7419
485 61.0254 65.7713
727 61.554 65.8012
654 62.0416 65.8287
744 62.4865 65.8539
102 62.6055 65.571
84 62.6968 65.3537
35 62.7814 65.1525
852 62.8531 64.9818
904 62.8531 64.9818
190 62.8531 64.9818
238 62.8531 64.9818
656 62.8531 64.9818
110 62.8531 64.9818
152 62.8531 64.9818
668 62.8531 64.9818
847 62.8531 64.9818
173 62.8531 64.9818
900 62.8531 64.9818
987 62.8531 64.9818
68 62.8531 64.9818
595 62.8531 64.9818
340 62.8531 64.9818
393 62.8531 64.9818
647 62.8531 64.9818
832 62.8531 64.9818
420 62.852 64.9749
315 62.851 64.9685
942 62.8499 64.9615
837 62.849 64.9556
440 62.8478 64.9486
975 62.8468 64.9425
67 62.8345 64.8655
650 62.8224 64.7891
867 62.8109 64.7177
293 62.7982 64.6377
962 62.7882 64.5751
290 62.7772 64.5063
51 62.7651 64.4306
538 62.7349 64.2418
907 62.7097 64.0841
478 62.6865 63.9386
605 62.6655 63.8072
460 62.6433 63.668
509 62.5301 62.9598
85 61.9215 59.1489
396 61.5321 56.711
850 61.1991 54.6264
843 60.3921 49.5738
930 60.0539 47.4564
716 59.8619 46.2546
69 59.737 45.4725
276 59.6279 44.7894
357 59.6335 44.637
870 59.6392 44.4835
117 59.6444 44.3417
143 59.6504 44.1795
66 59.6565 44.0115
644 59.6623 43.8555
634 59.6686 43.6826
358 59.6745 43.5239
323 59.6797 43.3809
262 59.6844 43.2544
519 59.69 43.1019
675 59.6969 42.9134
217 59.7032 42.7441
355 59.7096 42.5706
978 59.7149 42.4249
842 59.7203 42.2787
606 59.7265 42.1112
875 59.7322 41.9554
70 59.7379 41.8019
623 59.7444 41.624
906 59.7519 41.4207
458 59.7592 41.2214
43 59.7657 41.0461
594 59.7722 40.8689
844 59.7787 40.6907
926 59.785 40.5219
27 59.8321 39.242
63 59.8716 38.1695
865 59.9267 36.6729
377 59.9267 36.6729
6 59.9267 36.6729
197 59.9267 36.6729
959 60.2567 33.9623
828 60.3767 32.9767
19 60.5037 31.9335
419 60.8657 28.96
45 60.8657 28.96
598 60.8657 28.96
314 60.8657 28.96
209 60.8657 28.96
681 60.9719 28.7434
785 61.0895 28.5035
555 61.2167 28.2441
164 61.3434 27.9856
873 61.4803 27.7063
55 61.6225 27.4164
831 61.7766 27.1021
504 61.9394 26.7699
295 62.0786 26.486
581 62.2132 26.2114
819 62.3331 25.967
24 62.4561 25.7161
781 62.564 25.4959
821 62.6909 25.2372
751 62.8337 24.9458
721 66.1702 18.1408
176 66.6899 17.0806
777 67.151 16.1401
103 67.6152 15.1933
