0,979,627,483,243,260,345,590,33,98,835,520,274,136,195,592,745,838,884,951,967,387,425,497,198,977,107,170,684,506,242,583,609,941,334,932,29,920,670,466,644,850,656,143,852,553,110,70,68,286,538,907,650,942,767,102,84,654,238,900,393,478,962,867,595,975,964,173,117,810,440,762,340,420,647,519,605,617,190,101,986,396,293,791,968,577,485,558,208,109,887,369,671,290,297,67,847,904,837,51,94,744,317,727,460,18,832,335,931,582,515,468,668,987,509,801,152,385,383,201,579,332,818,725,25,473,322,685,450,311,660,204,889,528,740,372,854,820,893,135,983,580,353,864,158,318,648,928,494,83,937,159,251,273,477,52,666,845,465,285,544,620,813,149,185,823,481,742,71,775,417,816,992,112,145,536,774,202,690,618,817,737,259,575,464,344,622,567,42,395,378,856,177,530,367,408,980,814,624,911,984,434,23,961,952,105,896,165,245,880,636,140,12,229,882,511,584,851,416,239,541,532,389,118,320,754,343,415,807,292,40,861,947,82,248,375,206,866,437,313,569,539,22,309,613,156,659,940,516,53,559,72,231,642,874,5,449,189,92,265,763,172,215,139,974,738,561,752,120,766,241,808,76,181,448,226,548,129,954,394,305,649,672,167,918,840,806,252,270,795,707,976,713,826,62,746,895,614,404,523,564,755,179,406,280,802,319,432,724,921,193,779,294,782,676,910,80,350,126,91,769,857,9,315,562,800,563,484,235,894,765,513,540,459,410,225,365,878,683,144,56,171,804,533,632,134,163,264,855,453,30,175,137,929,342,843,54,912,461,237,471,186,798,35,281,923,576,625,793,282,216,188,621,85,597,498,945,623,743,161,232,926,870,355,978,357,606,675,217,634,842,66,716,377,492,906,314,69,848,875,262,63,43,472,681,930,989,413,687,522,480,508,155,7,586,566,276,935,917,619,844,853,180,706,421,151,512,194,452,862,197,209,543,397,679,302,790,834,655,38,891,414,612,748,388,783,205,65,698,422,908,475,32,142,78,403,486,938,37,990,549,496,391,797,705,324,279,691,603,59,692,11,535,49,723,664,525,778,356,210,147,370,913,269,922,510,438,811,127,291,876,688,735,545,89,809,359,715,732,633,965,327,957,901,645,756,596,104,267,640,897,507,846,493,788,79,21,729,981,903,733,451,390,382,839,739,600,726,946,927,658,537,34,524,308,501,950,789,701,720,578,635,587,924,296,560,697,500,99,443,431,266,275,825,730,591,16,571,872,689,574,662,604,454,326,886,244,333,550,888,479,487,411,247,95,168,608,693,753,316,442,339,638,124,256,470,230,919,916,392,96,253,146,2,15,776,20,521,593,306,418,773,368,223,491,41,28,60,409,50,150,885,696,712,424,960,714,456,877,428,271,631,611,115,757,227,288,430,933,469,610,786,249,44,58,141,73,360,695,183,833,36,859,768,462,557,750,718,711,236,200,1,199,153,914,13,827,973,17,761,441,871,93,651,699,792,988,75,90,444,321,433,240,48,169,203,615,815,570,401,325,106,364,678,953,969,637,868,138,585,31,830,890,495,982,780,300,39,803,405,263,568,213,628,905,759,547,736,108,301,435,447,426,719,380,446,399,304,386,991,944,346,224,490,113,457,892,796,184,630,88,220,374,272,728,546,552,277,427,381,657,556,703,398,338,347,371,130,131,445,667,361,114,639,517,955,436,178,879,207,799,119,551,694,255,966,939,219,298,77,14,607,784,717,734,860,97,162,948,503,665,502,3,686,554,526,764,429,482,400,599,349,329,971,708,972,565,376,196,956,601,772,132,233,970,589,81,680,234,747,192,214,760,116,122,166,925,527,505,749,218,849,949,373,531,677,463,174,841,663,228,863,771,858,758,182,489,805,352,222,100,542,936,336,534,499,128,157,47,700,731,909,652,616,154,57,212,341,312,303,87,10,423,384,330,46,283,123,125,898,476,148,958,328,86,770,794,74,4,299,412,682,362,963,836,514,402,133,710,331,572,673,674,254,943,187,455,985,258,646,366,643,812,722,661,741,61,641,8,881,588,474,488,211,348,629,221,354,64,602,284,669,869,121,268,702,379,787,902,191,467,829,257,529,883,111,704,822,261,278,246,363,160,310,626,709,824,899,307,915,439,407,351,419,573,653,518,287,934,337,26,289,164,250,24,785,819,959,6,458,55,19,873,27,781,45,831,295,358,821,555,828,594,865,751,323,504,598,103,721,777,176,581,
value : 496.594 running time : 86.744484
0 80 20
979 83.9119 18.497
627 85.4989 17.8873
483 86.2684 17.5916
243 86.2684 17.5916
260 86.2684 17.5916
345 86.2608 21.79
590 86.2496 27.9893
33 86.2451 30.4438
98 86.2415 32.4653
835 86.2366 35.1641
520 86.2331 37.0854
274 86.2293 39.1781
136 86.2256 41.2347
195 86.2244 41.9005
592 86.2234 42.4616
745 86.2224 42.9884
838 86.2185 45.1724
884 86.2163 46.3599
951 86.2146 47.2938
967 86.2129 48.2054
387 86.2115 49.0101
425 86.2102 49.7017
497 86.2089 50.4393
198 85.4916 50.6429
977 84.8444 50.8265
107 84.3054 50.9795
170 83.6685 51.1602
684 82.9188 51.373
506 82.2286 51.5688
242 81.4558 51.7881
583 80.6216 52.0248
609 80.0223 52.1948
941 79.5345 52.3333
334 79.1561 52.4406
932 78.8122 52.5382
29 78.4455 52.6423
920 78.0845 52.7447
670 77.6863 52.8577
466 77.3243 52.9604
644 70.0419 56.3516
850 69.7089 56.6771
656 69.3764 57.0022
143 69.0673 57.3045
852 68.7031 57.6606
553 68.3693 57.987
110 67.9424 58.4043
70 67.5711 58.7675
68 67.1314 59.1973
286 66.7421 59.578
538 66.5504 59.7654
907 66.3588 59.9528
650 66.1803 60.1272
942 66.0052 60.2985
767 65.8136 60.4858
102 65.6054 60.6894
84 65.3495 60.9396
654 65.2232 61.063
238 65.2232 61.063
900 65.2232 61.063
393 65.2232 61.063
478 65.2232 61.063
962 65.2232 61.063
867 65.2232 61.063
595 65.2232 61.063
975 65.2232 61.063
964 64.5269 61.2252
173 64.0111 61.3453
117 63.5365 61.4558
810 62.8952 61.6051
440 62.3388 61.7346
762 61.821 61.8551
340 61.3622 61.962
420 60.9036 62.0687
647 60.2584 62.219
519 59.6023 62.3717
605 59.1376 62.4799
617 58.6666 62.5896
190 58.2791 62.6798
101 57.651 62.826
986 57.6737 63.1722
396 57.6737 63.1722
293 57.6737 63.1722
791 57.6737 63.1722
968 57.6737 63.1722
577 57.6737 63.1722
485 57.6737 63.1722
558 57.6737 63.1722
208 59.0742 66.9291
109 60.2779 70.1579
887 61.7807 74.1894
369 61.7807 74.1894
671 61.7807 74.1894
290 61.7807 74.1894
297 61.7807 74.1894
67 61.7807 74.1894
847 61.7807 74.1894
904 61.7807 74.1894
837 61.7807 74.1894
51 61.7807 74.1894
94 61.7807 74.1894
744 61.7807 74.1894
317 61.7807 74.1894
727 61.7807 74.1894
460 61.7807 74.1894
18 61.7807 74.1894
832 61.7807 74.1894
335 61.7807 74.1894
931 61.7807 74.1894
582 61.7807 74.1894
515 61.7807 74.1894
468 61.7807 74.1894
668 62.9276 74.3688
987 64.1694 74.563
509 65.595 74.7861
801 67.1476 75.0291
152 68.9419 75.3103
385 70.627 75.5742
383 71.6919 75.7407
201 72.2104 75.8217
579 74.2147 76.903
332 76.6446 78.2139
818 78.7124 79.3295
725 81.8793 81.038
25 83.8896 82.1226
473 84.2651 82.3251
322 84.611 82.5117
685 84.9335 82.6857
450 85.1981 82.8285
311 85.3085 82.9091
660 85.4201 82.9906
204 85.5269 83.0686
889 85.6479 83.157
528 85.747 83.2294
740 85.8668 83.3169
372 86.0042 83.4173
854 81.4856 87.4305
820 80.9409 87.9143
893 80.4954 88.3099
135 80.0728 88.6853
983 79.8386 88.8933
580 79.6366 89.0727
353 79.6051 89.1007
864 79.5755 89.127
158 79.5383 89.16
318 79.5045 89.1901
648 79.5045 89.1901
928 79.5045 89.1901
494 77.6515 88.6254
83 75.7251 88.0384
937 75.0296 87.8265
159 74.4537 87.6509
251 73.8521 87.4676
273 73.2332 87.279
477 72.8688 87.1679
52 72.5797 87.0799
666 72.3125 86.9984
845 72.018 86.9087
465 71.7344 86.8222
285 71.4736 86.7428
544 71.2035 86.6605
620 70.9341 86.5784
813 70.7098 86.51
149 70.4722 86.4376
185 67.333 85.4818
823 67.0198 85.3864
481 66.7028 85.2898
742 66.3894 85.1943
71 65.9211 85.0516
775 65.4556 84.9098
417 64.9523 84.7564
816 63.4858 84.3096
992 62.2809 83.9425
112 59.8265 83.1947
145 59.2494 84.0822
536 58.6252 85.0421
774 58.3732 85.4298
202 58.1696 85.7429
690 57.9692 86.0512
618 57.7608 86.3716
817 57.5753 86.6569
737 57.1477 86.8364
259 56.7363 87.009
575 56.3607 87.1666
464 55.9992 87.3183
344 54.6231 87.8963
622 54.6231 87.8963
567 54.6231 87.8963
42 54.6231 87.8963
395 54.4609 87.9057
378 54.298 87.9152
856 54.1334 87.9248
177 53.9579 87.935
530 53.7481 87.9472
367 53.5871 87.9566
408 53.4142 87.9667
980 53.2574 87.9758
814 53.0842 87.9859
624 52.9435 87.9941
911 52.8016 88.0024
984 52.6266 88.0126
434 52.4213 88.0245
23 52.2292 88.0357
961 51.9962 88.0493
952 51.8746 88.0564
105 51.7416 88.0642
896 51.628 88.0708
165 51.5 88.0783
245 51.3967 88.0843
880 51.2862 88.0908
636 51.1667 88.0978
140 51.0567 88.1042
12 50.9498 88.1104
229 50.8355 88.1171
882 50.7143 88.1242
511 50.578 88.1322
584 50.4521 88.1395
851 50.1567 88.1568
416 49.8215 88.1764
239 49.5665 88.1913
541 49.3257 88.2054
532 49.0845 88.2195
389 48.8421 88.2337
118 48.647 88.2451
320 48.3986 88.2596
754 48.1622 88.2734
343 47.8839 88.2897
415 47.6449 88.3037
807 47.3542 88.3207
292 47.1067 88.3351
40 46.9323 88.3453
861 46.7203 88.3577
947 46.4895 88.3712
82 46.2347 88.3861
248 45.9979 88.4
375 45.7633 88.4137
206 45.5246 88.4276
866 45.2985 88.4409
437 45.0729 88.4541
313 44.8781 88.4654
569 44.5927 88.4821
539 44.3517 88.4962
22 44.0992 88.511
309 43.8796 88.5238
613 43.663 88.5365
156 43.5516 88.543
659 43.4281 88.5502
940 43.2989 88.5578
516 43.1439 88.5669
53 42.9649 88.5773
559 42.8101 88.5864
72 42.6448 88.596
231 42.5017 88.6044
642 42.3848 88.6113
874 42.2317 88.6202
5 42.0772 88.6292
449 41.9127 88.6389
189 41.7524 88.6482
92 41.5828 88.6582
265 41.4367 88.6667
763 41.3077 88.6743
172 41.163 88.6827
215 41.024 88.6909
139 40.8617 88.7003
974 40.7511 88.5857
738 40.6135 88.4431
561 40.4638 88.2879
752 40.3451 88.1649
120 40.021 87.829
766 39.779 87.5782
241 39.3577 87.1416
808 38.9745 86.7445
76 38.4974 86.25
181 38.4974 86.25
448 38.4974 86.25
226 38.4974 86.25
548 38.4974 86.25
129 38.4974 86.25
954 38.4974 86.25
394 38.7068 86.1905
305 38.9133 86.1318
649 39.0702 86.0873
672 39.2207 86.0445
167 39.3892 85.9966
918 39.6713 85.9165
840 39.9917 85.8254
806 40.2653 85.7477
252 40.5679 85.6617
270 40.8751 85.5744
795 41.1644 85.4923
707 41.5323 85.3877
976 41.9774 85.2613
713 42.3738 85.1486
826 42.7729 85.0353
62 43.1313 84.9334
746 43.2057 84.5419
895 43.5988 82.4744
614 43.8826 80.982
404 44.1635 79.5042
523 44.2252 79.1797
564 44.2709 78.9397
755 44.3207 78.6776
179 44.3699 78.4188
406 44.4237 78.1357
280 44.4838 77.8199
802 44.5444 77.5013
319 44.6 77.2088
432 44.6677 76.8526
724 44.698 76.6931
921 44.7288 76.5315
193 44.7583 76.3763
779 44.7944 76.1862
294 44.8226 76.0379
782 44.8565 75.8599
676 44.8918 75.6738
910 44.9105 75.5758
80 44.9288 75.4793
350 44.9469 75.3843
126 44.9652 75.2879
91 44.9869 75.1739
769 45.0072 75.0669
857 45.0269 74.9633
9 45.0465 74.8606
315 45.0649 74.7639
562 45.0054 74.3721
800 44.9393 73.9372
563 44.864 73.4408
484 44.7778 72.8734
235 44.6978 72.3462
894 44.6265 71.877
765 44.5501 71.3734
513 44.5101 71.1102
540 44.463 70.7998
459 44.4078 70.4362
410 44.3596 70.1192
225 44.316 69.8323
365 44.2687 69.5208
878 44.2269 69.2453
683 44.1831 68.9565
144 44.1432 68.6943
56 44.0946 68.3739
171 44.0496 68.078
804 44.0024 67.767
533 43.9595 67.4846
632 43.9282 67.2784
134 43.8853 66.9958
163 43.8386 66.6883
264 43.7918 66.3802
855 43.7538 66.1296
453 43.7107 65.846
30 43.6619 65.5247
175 43.6214 65.2582
137 43.5765 64.9622
929 43.9711 64.2766
342 47.1016 60.5785
843 47.1518 60.5192
54 47.1888 60.4755
912 47.2314 60.4251
461 47.4064 60.2183
237 47.5629 60.0335
471 47.8622 59.6798
186 48.192 59.2902
798 48.4652 58.9675
35 48.7661 58.6119
281 49.0295 58.3007
923 49.3085 57.9711
576 49.5602 57.6737
625 49.879 57.297
793 50.1838 56.9369
282 50.4591 56.6116
216 50.7524 56.2651
188 51.0982 55.8566
621 51.3927 55.5086
85 51.7383 55.1002
597 52.0305 54.755
498 52.3655 54.3592
945 52.7326 53.9255
623 53.084 53.5103
743 53.3763 53.165
161 54.1743 52.2221
232 58.7437 46.8235
926 58.4153 46.7252
870 57.9948 46.5994
355 57.6682 46.5017
978 57.379 46.4151
357 57.1081 46.3341
606 56.8124 46.2456
675 56.4833 46.1472
217 56.1296 46.0413
634 55.8014 45.9431
842 55.4916 45.8504
66 55.0459 45.7171
716 54.6717 45.6051
377 54.3535 45.5099
492 54.0036 45.4052
906 53.6711 45.3057
314 53.3712 45.216
69 52.659 45.0029
848 52.0301 44.8147
875 51.5118 44.6596
262 50.9599 44.4945
63 50.3511 44.3123
43 49.7675 44.1377
472 48.8474 43.8624
681 48.0005 43.609
930 46.8034 43.2508
989 43.3622 42.2212
413 40.7788 41.4482
687 40.7959 41.3533
522 40.813 41.2587
480 40.8316 41.1551
508 40.8473 41.0677
155 40.8681 40.9523
7 40.8887 40.8378
586 40.9099 40.7201
566 40.9261 40.6301
276 40.9444 40.5286
935 40.9639 40.42
917 40.9802 40.3296
619 40.9968 40.2375
844 41.0183 40.1179
853 41.0365 40.0171
180 41.052 39.9307
706 41.0715 39.8224
421 41.0935 39.7003
151 41.11 39.6085
512 41.1276 39.5111
194 41.1469 39.4037
452 41.168 39.2866
862 41.189 39.1695
197 41.2116 39.0444
209 41.2316 38.933
543 36.0536 40.9113
397 35.676 41.0556
679 35.3978 41.1619
302 35.1151 41.2699
790 34.8804 41.3596
834 34.5924 41.4697
655 32.5501 42.25
38 31.6554 42.5919
891 30.7757 42.928
414 30.081 43.1934
612 29.3684 43.4657
748 28.7326 43.7087
388 28.0678 43.9627
783 27.4125 44.2131
205 26.5862 44.5288
65 25.74 44.8521
698 25.2452 45.0412
422 24.8214 45.2031
908 24.7625 45.0673
475 24.7021 44.928
32 24.6427 44.7911
142 24.5944 44.6797
78 24.5356 44.5441
403 24.4816 44.4197
486 24.4212 44.2802
938 24.4212 44.2802
37 24.4212 44.2802
990 24.4212 44.2802
549 24.492 44.651
496 24.5973 45.2026
391 24.6963 45.7207
797 24.7866 46.194
705 24.8877 46.7232
324 24.9557 47.0794
279 25.0213 47.4229
691 25.0857 47.7605
603 26.6699 47.7559
59 28.4554 47.7502
692 30.4935 47.7442
11 30.4935 47.7442
535 30.4935 47.7442
49 30.4935 47.7442
723 30.4935 47.7442
664 30.4935 47.7442
525 30.4935 47.7442
778 30.4935 47.7442
356 30.4935 47.7442
210 30.4385 48.6376
147 30.4239 48.8763
370 30.4094 49.1117
913 30.3986 49.2889
269 30.3866 49.4836
922 30.3742 49.6853
510 30.3634 49.862
438 30.3542 50.0118
811 30.3434 50.1879
127 30.1554 53.2506
291 29.967 56.32
876 29.9452 56.6753
688 29.9159 57.1529
735 29.8834 57.6827
545 29.8542 58.1582
89 29.8233 58.6623
809 29.7885 59.2295
359 29.7522 59.8217
715 29.7218 60.3174
732 29.7218 60.3174
633 29.6082 60.5568
965 29.446 60.8987
327 29.3092 61.187
957 29.201 61.4151
901 29.0849 61.6598
645 28.9695 61.903
756 28.8566 62.141
596 28.7295 62.4088
104 28.6109 62.6589
267 28.4874 62.9192
640 28.3549 63.1985
897 28.2164 63.4905
507 28.0881 63.7609
846 27.9539 64.0439
493 27.8366 64.291
788 27.7031 64.5723
79 27.5681 64.8569
21 27.4267 65.1551
729 27.2996 65.4229
981 27.165 65.7066
903 27.0192 66.014
733 26.8806 66.3062
451 26.7397 66.6031
390 26.5931 66.9122
382 26.449 67.2159
839 26.2966 67.537
739 25.2293 69.7852
600 25.1618 69.9323
726 25.0972 70.0729
946 25.038 70.2019
927 24.9833 70.321
658 24.9221 70.4543
537 24.8668 70.5747
34 24.8171 70.683
524 24.7502 70.8286
308 24.689 70.9619
501 24.6083 71.1377
950 24.5201 71.3298
789 24.4427 71.4983
701 24.368 71.6611
720 24.3002 71.8086
578 24.2113 72.0022
635 24.1401 72.1573
587 24.071 72.3077
924 23.9882 72.4881
296 23.8995 72.6814
560 23.8163 72.8626
697 23.7477 73.0119
500 23.6802 73.159
99 23.6141 73.3029
443 23.5402 73.4638
431 23.4684 73.6203
266 23.4076 73.7527
275 23.3413 73.897
825 23.2659 74.0613
730 23.2069 74.1898
591 23.1438 74.3271
16 23.0676 74.4932
571 23.0023 74.6355
872 22.9264 74.8007
689 22.856 74.9539
574 22.7845 75.1098
662 22.7088 75.2746
604 22.6101 75.4895
454 22.5084 75.7111
326 22.4041 75.9382
886 22.2983 76.1687
244 22.2003 76.382
333 22.116 76.5658
550 22.0271 76.7593
888 21.9423 76.944
479 21.8473 77.1511
487 21.7503 77.3622
411 21.6594 77.5602
247 19.4393 82.3964
95 19.1053 83.1239
168 18.8448 83.6911
608 18.5213 84.3957
693 18.1187 85.2727
753 18.9528 85.5915
316 19.6003 85.839
442 20.5841 86.2151
339 21.6828 86.6351
638 23.3833 87.2852
124 24.4548 87.6948
256 24.6154 87.8804
470 24.7696 88.0586
230 24.8898 88.1975
919 24.94 88.2556
916 24.9894 88.3126
392 25.0617 88.3961
96 25.1223 88.4661
253 25.1788 88.5314
146 25.2422 88.6047
2 25.2939 88.6644
15 25.3459 88.7245
776 25.3684 88.735
20 25.3979 88.7488
521 25.4233 88.7607
593 25.449 88.7728
306 25.4764 88.7856
418 25.5022 88.7977
773 25.5297 88.8106
368 25.5543 88.8221
223 25.582 88.835
491 25.6067 88.8466
41 25.6333 88.8591
28 25.6614 88.8722
60 25.6878 88.8845
409 25.7128 88.8963
50 25.7377 88.9079
150 25.7664 88.9214
885 25.791 88.9329
696 25.8165 88.9448
712 25.841 88.9563
424 25.8693 88.9695
960 25.9002 88.984
714 25.9106 88.9889
456 25.9219 88.9942
877 25.9348 89.0002
428 25.6556 89.0003
271 25.3962 89.0004
631 25.079 89.0005
611 24.7596 89.0006
115 24.3938 89.0007
757 24.1046 89.0008
227 23.7977 89.0009
288 23.5512 89.001
430 23.3109 89.0011
933 23.0352 89.0012
469 22.7899 89.0012
610 22.5707 89.0013
786 22.3319 89.0014
249 22.0352 89.0015
44 21.7745 89.0015
58 21.5157 89.0016
141 21.288 89.0017
73 20.9572 89.0018
360 20.5604 89.0019
695 20.2235 89.002
183 19.9121 89.0021
833 19.6082 89.0022
36 19.3072 89.0023
859 18.9638 89.0024
768 18.5975 89.0026
462 17.6081 89.0029
557 16.6775 89.0032
750 15.8212 89.0035
718 15.6291 89.0036
711 15.454 89.0037
236 15.2874 89.0037
200 15.1122 89.0038
1 14.9471 89.0039
199 14.778 89.0039
153 14.6148 89.004
914 14.4627 89.004
13 14.3308 89.0041
827 14.1662 89.0041
973 14.144 89.0041
17 14.1218 89.0042
761 14.0996 89.0042
441 14.0544 89.0042
871 13.6152 89.0044
93 13.1222 89.0047
651 12.6189 89.005
699 11.4984 89.0056
792 10.337 89.0063
988 9.3579 89.0069
75 9.35466 88.9887
90 9.35186 88.9731
444 9.34902 88.9573
321 9.34603 88.9406
433 9.34329 88.9253
240 9.34071 88.9109
48 9.3381 88.8963
169 9.33555 88.8821
203 9.33282 88.8668
615 9.33017 88.8521
815 9.32768 88.8382
570 9.32501 88.8232
401 9.32255 88.8095
325 9.31998 88.7952
106 9.31774 88.7827
364 9.3151 88.768
678 9.31255 88.7537
953 9.30987 88.7388
969 9.30725 88.7242
637 9.30458 88.7093
868 9.30209 88.6953
138 9.29936 88.6801
585 9.29648 88.664
31 9.2932 88.6457
830 9.29025 88.6292
890 9.29025 88.6292
495 9.29025 88.6292
982 9.29025 88.6292
780 9.29025 88.6292
300 9.29025 88.6292
39 9.29025 88.6292
803 9.29025 88.6292
405 9.29025 88.6292
263 9.29025 88.6292
568 9.29025 88.6292
213 9.29025 88.6292
628 9.30081 88.5591
905 9.3103 88.496
759 9.31888 88.4389
547 9.3265 88.3883
736 9.33455 88.3348
108 9.34251 88.2818
301 9.3501 88.2313
435 9.35742 88.1826
447 9.39062 87.9619
426 9.42453 87.7363
719 9.4518 87.5549
380 9.47628 87.392
446 9.57573 86.7305
399 9.67528 86.0682
304 9.76657 85.4608
386 9.87505 84.7391
991 10.0091 83.8476
944 10.1101 83.1757
346 10.2103 82.5093
224 10.2991 81.9186
490 13.836 80.6306
113 13.5022 79.9285
457 13.2111 79.3164
892 12.9565 78.7809
796 12.6913 78.2231
184 12.4251 77.6631
630 12.109 76.9982
88 11.925 76.6113
220 11.6908 76.1187
374 11.4464 75.6047
272 11.1992 75.0848
728 10.9954 74.6561
546 10.794 74.2326
552 10.5552 73.7302
277 10.3874 73.4182
427 10.2341 73.1331
381 10.0856 72.8568
657 9.9587 72.6208
556 9.82208 72.3667
703 9.66883 72.0817
398 9.54812 71.8572
338 9.41465 71.609
347 9.27296 71.3456
371 9.27296 71.3456
130 9.27296 71.3456
131 9.27296 71.3456
445 9.27296 71.3456
667 9.27296 71.3456
361 9.27296 71.3456
114 9.27296 71.3456
639 9.27296 71.3456
517 9.27296 71.3456
955 9.27296 71.3456
436 9.27296 71.3456
178 9.27296 71.3456
879 9.27296 71.3456
207 9.27296 71.3456
799 9.27296 71.3456
119 9.27296 71.3456
551 9.27296 71.3456
694 9.27296 71.3456
255 9.27296 71.3456
966 9.27296 71.3456
939 9.27296 71.3456
219 9.27296 71.3456
298 9.27296 71.3456
77 9.27296 71.3456
14 9.27296 71.3456
607 9.27296 71.3456
784 9.27296 71.3456
717 9.27296 71.3456
734 9.27296 71.3456
860 9.27296 71.3456
97 9.27296 71.3456
162 9.27296 71.3456
948 9.27296 71.3456
503 9.27296 71.3456
665 9.27296 71.3456
502 9.27296 71.3456
3 9.27296 71.3456
686 9.27296 71.3456
554 9.27296 71.3456
526 12.7851 65.8365
764 13.112 65.0714
429 13.3608 64.4889
482 13.6707 63.7636
400 13.9777 63.0448
599 14.4868 61.8531
349 14.4624 61.7675
329 14.4369 61.678
971 14.4119 61.5904
708 13.8072 59.4672
972 13.7658 59.322
565 13.7281 59.1895
376 13.6923 59.0638
196 13.6532 58.9266
956 13.6151 58.7928
601 13.581 58.673
772 13.5388 58.5247
132 13.4982 58.3822
233 13.4495 58.2114
970 13.4077 58.0646
589 13.3605 57.8989
81 13.3189 57.7527
680 13.2731 57.5922
234 13.0847 56.9306
747 12.8813 56.2165
192 12.669 55.4711
214 12.3832 54.4679
760 12.1453 53.6326
116 11.8398 52.56
122 11.8398 52.56
166 11.837 52.4972
925 11.8342 52.4348
527 11.8311 52.3661
505 11.828 52.2966
749 11.825 52.2308
218 11.8224 52.1718
849 11.8195 52.1076
949 11.8164 52.0382
373 11.8137 51.9793
531 11.8113 51.925
677 11.7952 51.5659
463 11.7765 51.1503
174 11.76 50.7834
841 11.7431 50.4063
663 11.7261 50.0271
228 11.7103 49.6763
863 11.6959 49.3564
771 11.6839 49.0891
858 11.6721 48.8264
758 11.6592 48.5371
182 11.6462 48.2494
489 11.6331 47.9565
805 11.6199 47.6628
352 11.6058 47.348
222 11.5913 47.0255
100 11.578 46.7286
542 11.5636 46.4082
936 11.5492 46.0881
336 11.5346 45.7623
534 11.516 45.3485
499 11.4979 44.9462
128 11.4912 44.7957
157 11.4844 44.6449
47 11.477 44.4803
700 11.468 44.2796
731 11.4606 44.1146
909 11.4535 43.9582
652 11.4457 43.7841
616 11.4377 43.6054
154 11.4304 43.4438
57 11.4229 43.2776
212 11.4142 43.0837
341 11.4067 42.9154
312 11.3983 42.7301
303 11.3907 42.5595
87 11.3491 41.6353
10 11.3174 40.9289
423 11.2879 40.2738
384 11.2571 39.5865
330 11.226 38.8947
46 11.1939 38.1807
283 11.1612 37.4541
123 11.1295 36.7493
125 11.0907 35.8852
898 11.052 35.024
476 11.052 35.024
148 11.052 35.024
958 11.052 35.024
328 11.052 35.024
86 11.1263 33.9299
770 11.1849 33.0678
794 11.3014 31.3522
74 11.3894 30.0566
4 11.4654 28.9378
299 11.5415 27.8181
412 11.6189 26.6788
682 11.6638 26.0172
362 11.68 25.7781
963 11.6938 25.5755
836 11.7076 25.3728
514 11.723 25.146
402 11.7416 24.8715
133 11.7582 24.6264
710 11.7766 24.356
331 11.7959 24.072
572 11.8138 23.8092
673 11.8333 23.5214
674 11.8539 23.2187
254 11.8701 22.9804
943 11.884 22.7752
187 11.9011 22.5237
455 11.9058 22.454
985 11.9104 22.3857
258 11.9965 21.1175
646 12.1007 19.5832
366 12.1787 18.4334
643 12.251 17.3671
812 12.3246 15.3028
722 12.5333 15.3876
661 12.8898 15.5323
741 13.1486 15.6374
61 13.3985 15.7389
641 13.8562 15.9247
8 14.1493 16.0437
881 14.4263 16.1562
588 14.7909 16.3042
474 15.1853 16.4644
488 15.494 16.5897
211 15.817 16.7208
348 16.1703 16.8643
629 16.548 17.0177
221 20.6344 18.6769
354 21.0249 18.8354
64 21.3652 18.9736
602 21.6693 19.0971
284 21.9661 19.2176
669 22.2566 19.3355
869 24.3554 21.6764
121 24.3554 21.6764
268 24.3554 21.6764
702 25.7414 22.351
379 27.4613 23.1881
787 28.2087 23.5519
902 28.8901 23.8835
191 29.9543 24.4015
467 30.1872 24.5149
829 30.3624 24.6001
257 33.132 25.9477
529 33.0851 25.8123
883 33.0328 25.6613
111 32.9857 25.5251
704 32.9398 25.3925
822 32.9007 25.2795
261 32.8605 25.1636
278 32.8161 25.0352
246 32.7637 24.8839
363 32.7207 24.7599
160 32.7207 24.7599
310 32.7207 24.7599
626 32.7207 24.7599
709 32.7207 24.7599
824 32.7207 24.7599
899 32.7207 24.7599
307 33.2852 24.3562
915 33.8495 23.9526
439 34.6326 23.3925
407 37.5936 21.2753
351 38.8063 20.408
419 40.3976 19.27
573 41.0652 18.7925
653 41.7688 18.2893
518 42.4962 17.769
287 43.2889 18.306
934 44.4605 19.0997
337 45.4698 19.7834
26 46.8131 20.6933
289 49.0276 22.1934
164 51.2266 23.6829
250 53.3778 25.1401
24 56.0077 26.9216
785 56.3083 27.1252
819 56.639 27.3492
959 56.9513 27.5608
6 57.2368 27.7542
458 57.516 27.9433
55 57.7788 28.1213
19 58.0522 28.3065
873 58.3429 28.5035
27 58.7046 28.7485
781 59.0588 28.9884
45 59.4058 29.2235
831 59.6744 29.4054
295 59.9713 29.6066
358 60.2896 29.8222
821 60.5685 30.0111
555 60.8225 30.1832
828 61.1653 30.4155
594 61.4986 30.6412
865 61.4986 30.6412
751 62.1676 30.6938
323 63.0242 30.7612
504 65.2305 24.0178
598 66.5931 19.8526
103 68.1977 14.9479
721 69.0134 15.2971
777 69.7712 15.6215
176 70.8914 16.101
581 72.3455 16.7236
