0,103,598,959,819,504,176,24,777,581,295,721,419,164,865,55,458,555,355,873,6,781,27,821,930,209,197,45,844,681,831,358,785,19,377,69,828,634,644,357,716,906,314,43,751,66,323,843,926,519,492,870,85,232,117,143,978,63,594,675,217,842,606,875,70,623,262,188,767,396,847,605,791,515,190,440,650,478,962,942,832,420,109,102,837,867,67,84,656,975,161,173,987,485,595,68,900,393,625,762,727,432,51,293,509,238,654,110,152,668,290,315,538,907,460,671,112,340,647,9,904,576,921,144,732,134,216,632,208,291,743,225,186,582,597,281,793,101,769,175,498,910,683,558,80,779,94,91,617,471,35,724,459,370,596,533,350,56,621,976,163,365,765,715,171,410,968,894,540,54,404,286,468,282,577,964,810,235,484,676,523,857,513,855,986,453,798,809,923,104,472,912,210,30,945,804,839,127,194,929,264,342,778,276,922,891,89,687,989,619,811,508,688,862,302,603,413,11,876,783,421,37,147,664,237,522,913,525,7,679,388,790,566,452,38,512,529,269,723,935,748,706,535,414,155,438,397,180,543,49,848,151,356,480,917,461,692,475,307,160,834,250,337,787,26,486,289,915,586,869,191,354,626,709,221,278,853,257,824,261,379,549,467,934,518,310,111,883,704,653,669,246,407,64,351,363,439,822,284,287,573,702,254,674,643,641,488,8,474,402,902,741,646,812,682,629,331,588,881,61,722,348,74,133,86,661,187,211,366,362,898,258,455,673,412,700,943,794,514,87,710,268,283,205,829,121,612,46,4,32,899,602,958,299,985,836,572,963,499,330,10,65,328,125,403,655,373,78,384,123,863,663,909,677,565,303,858,154,352,341,279,214,174,166,708,542,990,182,212,770,489,758,100,749,47,936,731,698,797,652,422,849,616,57,841,228,771,908,336,148,218,505,972,925,805,496,391,691,122,949,463,423,157,476,534,116,527,312,222,128,531,142,545,938,324,633,267,510,493,846,587,327,956,756,21,981,266,99,599,479,349,927,451,733,501,788,957,329,537,729,507,390,689,59,308,903,339,526,333,454,487,600,950,359,730,79,965,604,168,705,946,888,137,645,789,382,971,635,735,720,897,429,901,601,574,878,658,591,34,571,640,233,772,764,97,703,890,825,500,796,400,970,298,747,784,220,630,411,347,326,924,726,948,760,119,361,374,234,192,445,130,667,398,694,3,502,457,639,686,680,966,132,275,255,657,346,734,131,517,556,272,879,219,376,196,860,338,939,589,717,81,701,113,482,503,224,728,77,14,427,277,381,799,371,991,524,739,114,207,665,607,552,88,1,792,426,178,244,443,608,554,162,199,169,90,830,944,546,399,95,678,718,955,436,31,301,914,433,973,711,568,316,570,240,988,236,815,48,953,699,803,759,557,213,547,200,905,380,39,106,321,325,75,247,300,982,736,615,138,401,108,444,585,780,868,969,637,750,447,719,693,386,495,203,304,435,628,827,405,446,364,263,153,892,551,418,933,560,184,833,918,150,115,167,428,141,773,954,231,271,431,761,13,578,753,368,886,93,306,96,2,60,610,16,808,871,20,757,885,44,916,41,17,256,441,296,392,638,183,672,28,786,695,795,631,491,442,697,776,651,470,223,227,15,469,120,253,73,859,521,58,424,696,36,409,712,714,430,611,462,76,456,768,249,550,360,50,288,490,593,960,662,614,22,974,294,181,548,292,189,206,146,649,437,129,806,389,564,92,270,226,139,172,707,230,561,877,241,872,215,416,919,265,124,252,569,239,394,449,559,752,375,319,763,563,807,840,72,738,613,755,53,539,309,305,448,766,874,866,105,895,992,530,516,618,532,5,344,882,320,179,562,961,343,880,801,177,774,259,931,40,406,746,896,814,82,984,248,947,713,193,541,940,434,140,229,567,782,642,313,952,690,245,536,317,816,165,802,369,737,378,477,280,851,62,861,202,911,575,185,826,156,659,636,887,584,367,23,856,408,624,511,12,980,118,754,415,335,126,395,800,744,464,52,42,18,159,854,775,648,845,135,71,285,273,297,465,818,937,817,494,820,864,742,813,481,353,417,149,580,544,622,251,666,158,318,620,83,893,823,145,983,928,889,740,25,528,322,725,660,473,311,204,372,685,332,385,383,579,450,497,201,242,852,967,838,334,941,425,387,684,198,850,170,977,884,932,951,835,506,29,592,609,920,274,136,195,553,583,107,745,466,520,670,33,590,98,627,979,345,483,260,243,
value : 394.808 running time : 2468.240716
0 80 20
103 67.6083 15.1959
598 67.3516 15.7175
959 67.1267 16.1745
819 66.9507 16.532
504 66.8041 16.83
176 66.6619 17.1189
24 66.4926 17.4628
777 66.3392 17.7745
581 66.1775 18.1031
295 66.0174 18.4284
721 65.8704 18.727
419 61.878 26.8378
164 61.5021 28.3975
865 61.2487 29.4492
55 61.1987 29.6565
458 61.1471 29.8707
555 61.1049 30.046
355 61.0593 30.235
873 61.02 30.3984
6 60.9766 30.5786
781 60.9291 30.7755
27 60.8819 30.9716
821 60.8357 31.163
930 60.7866 31.3669
209 60.7455 31.5375
197 60.2042 39.029
45 60.2042 39.029
844 60.2042 39.029
681 60.2042 39.029
831 60.2042 39.029
358 60.2042 39.029
785 60.2042 39.029
19 60.1629 39.9085
377 60.0978 41.2966
69 60.0234 42.8814
828 60.0234 42.8814
634 60.0234 42.8814
644 60.0234 42.8814
357 60.0234 42.8814
716 60.0234 42.8814
906 60.0234 42.8814
314 60.0234 42.8814
43 60.0234 42.8814
751 60.0234 42.8814
66 60.1058 43.5297
323 60.2 44.2712
843 60.3054 45.1001
926 60.3603 45.5323
519 60.4087 45.9126
492 60.4511 46.246
870 60.4917 46.5657
85 60.5414 46.9566
232 60.5801 47.2613
117 60.626 47.622
143 60.6674 47.9482
978 60.7066 48.2562
63 60.749 48.5895
594 60.7987 48.9811
675 60.8551 49.4244
217 60.9219 49.95
842 60.9995 50.5608
606 61.0696 51.1118
875 61.1513 51.7544
70 61.2746 52.7247
623 61.3906 53.6371
262 61.5229 54.6777
188 61.7045 56.1069
767 61.8928 57.5878
396 62.0875 59.1197
847 62.3817 61.4342
605 62.4308 61.8201
791 62.4713 62.1391
515 62.5139 62.4735
190 62.5538 62.788
440 62.6042 63.1838
650 62.649 63.537
478 62.6937 63.8884
962 62.7426 64.2726
942 62.7806 64.5715
832 62.8317 64.9742
420 62.8317 64.9742
109 62.8317 64.9742
102 62.8317 64.9742
837 62.8317 64.9742
867 62.8317 64.9742
67 62.8317 64.9742
84 62.8317 64.9742
656 62.8317 64.9742
975 62.8317 64.9742
161 62.7387 64.9699
173 62.6708 64.9668
987 62.5978 64.9635
485 62.5265 64.9602
595 62.4599 64.9571
68 62.392 64.954
900 62.3252 64.9509
393 62.2338 64.9467
625 62.1416 64.9425
762 62.0648 64.9389
727 61.9945 64.9357
432 61.9126 64.9319
51 61.8409 64.9286
293 61.7204 64.9231
509 61.6143 64.9182
238 61.5067 64.9133
654 61.4068 64.9087
110 61.3 64.9038
152 61.1499 64.8969
668 60.8474 64.883
290 60.5634 64.8699
315 60.1935 64.853
538 59.8478 64.8371
907 59.5133 64.8217
460 59.1833 64.8066
671 58.8305 64.7904
112 58.4723 64.77
340 58.1453 64.7514
647 57.7792 64.7305
9 57.4007 64.709
904 57.0215 64.6874
576 51.5191 64.3743
921 50.7203 64.3288
144 49.5015 64.2595
732 49.3991 64.2536
134 49.3057 64.2483
216 49.2202 64.2434
632 49.13 64.2383
208 49.0335 64.2328
291 48.9102 64.2258
743 48.8346 64.2215
225 48.7505 64.2167
186 48.6818 64.2128
582 48.6048 64.2084
597 48.5081 64.2029
281 48.4169 64.1977
793 48.3338 64.193
101 48.2393 64.1876
769 48.1512 64.1826
175 48.027 64.1755
498 47.931 64.17
910 47.8241 64.1639
683 47.7328 64.1588
558 47.6457 64.1538
80 47.5542 64.1486
779 47.4755 64.1441
94 47.4002 64.1398
91 47.1814 64.1274
617 46.9421 64.1137
471 46.6639 64.0979
35 46.4297 64.0846
724 45.6412 64.0397
459 45.6412 64.0397
370 45.6412 64.0397
596 45.6412 64.0397
533 45.6412 64.0397
350 45.6412 64.0397
56 45.6412 64.0397
621 45.6412 64.0397
976 45.6412 64.0397
163 45.6412 64.0397
365 45.6412 64.0397
765 45.6412 64.0397
715 45.6412 64.0397
171 45.6412 64.0397
410 45.6412 64.0397
968 45.6412 64.0397
894 45.6412 64.0397
540 45.6412 64.0397
54 45.6412 64.0397
404 45.6412 64.0397
286 45.6412 64.0397
468 45.6412 64.0397
282 45.6412 64.0397
577 45.6412 64.0397
964 45.6412 64.0397
810 45.6412 64.0397
235 45.6317 64.0195
484 45.6218 63.9984
676 45.6109 63.9751
523 45.6013 63.9548
857 45.5923 63.9356
513 45.4638 63.6615
855 45.2408 63.1862
986 45.0089 62.692
453 44.6593 61.9467
798 44.2336 61.0394
809 43.795 60.1046
923 43.3941 59.2501
104 43.0143 58.4406
472 42.616 57.5917
912 42.3681 57.0633
210 42.1123 56.518
30 41.8767 56.0158
945 41.6324 55.4949
804 41.4104 55.0218
839 41.1456 54.4573
127 40.8773 53.8855
194 40.6116 53.319
929 40.3792 52.8236
264 40.138 52.3094
342 39.8386 51.6714
778 39.5468 51.0493
276 39.2709 50.4612
922 39.01 49.905
891 38.7201 49.2872
89 38.4158 48.6385
687 38.0764 47.915
989 37.8184 47.3651
619 37.5677 46.8308
811 37.3245 46.3124
508 37.1744 45.9923
688 37.0257 45.6754
862 36.8622 45.3269
302 36.7008 44.9828
603 36.5399 44.6398
413 36.3533 44.2421
11 36.1648 43.8402
876 36.003 43.4952
783 35.8262 43.1183
421 35.6483 42.7392
37 35.6311 42.7026
147 35.6135 42.665
664 35.5936 42.6225
237 35.576 42.5851
522 35.5556 42.5415
913 35.5355 42.4986
525 35.5135 42.4517
7 35.49 42.4018
679 35.4687 42.3564
388 35.4487 42.3137
790 35.4282 42.27
566 35.4091 42.2292
452 35.3897 42.1878
38 35.3708 42.1476
512 35.3512 42.1057
529 35.3307 42.0621
269 35.3129 42.0241
723 35.292 41.9795
935 35.292 41.9795
748 35.292 41.9795
706 35.292 41.9795
535 35.292 41.9795
414 35.292 41.9795
155 35.292 41.9795
438 35.292 41.9795
397 35.292 41.9795
180 35.292 41.9795
543 35.292 41.9795
49 35.292 41.9795
848 35.292 41.9795
151 35.292 41.9795
356 35.292 41.9795
480 35.292 41.9795
917 35.292 41.9795
461 35.292 41.9795
692 35.292 41.9795
475 35.292 41.9795
307 35.4779 33.4356
160 35.4971 32.5505
834 35.5153 31.7157
250 35.533 30.9
337 35.5004 30.4982
787 35.4828 30.2815
26 35.4644 30.0545
486 35.4497 29.8744
289 35.4329 29.6674
915 35.4177 29.4797
586 35.4044 29.3153
869 35.3906 29.1457
191 35.3754 28.9587
354 35.359 28.7557
626 35.3431 28.5598
709 35.3298 28.3964
221 35.3174 28.2435
278 35.3052 28.0932
853 35.2927 27.9391
257 35.2786 27.7654
824 35.2625 27.5672
261 35.248 27.3886
379 35.2346 27.2231
549 35.2214 27.0608
467 35.0232 24.6175
934 34.7457 21.1953
518 34.2104 14.5934
310 34.0215 14.5935
111 33.8298 14.5936
883 33.644 14.5936
704 33.461 14.5937
653 33.2821 14.5938
669 32.7073 14.5941
246 32.2117 14.5943
407 31.7929 14.5945
64 31.3162 14.5947
351 30.8822 14.5949
363 30.4369 14.5951
439 29.9439 14.5953
822 29.5509 14.5955
284 28.8932 14.5958
287 28.351 14.5961
573 27.2586 14.5966
702 24.5114 14.5978
254 22.0483 14.599
674 19.6393 14.6001
643 19.1465 14.6003
641 18.5507 14.6006
488 17.9732 14.6009
8 17.3877 14.6011
474 16.7646 14.6014
402 16.0913 14.6017
902 15.4596 14.602
741 14.5499 14.6024
646 13.7416 14.6028
812 13.2954 14.603
682 13.2632 14.7451
629 13.2329 14.8795
331 13.1984 15.0321
588 13.1708 15.1541
881 13.1443 15.2715
61 13.1143 15.4043
722 13.0863 15.5284
348 12.4575 18.3107
74 11.71 21.6188
133 11.3612 23.1622
86 11.1006 24.3155
661 11.1006 24.3155
187 11.1006 24.3155
211 11.1221 24.4501
366 11.1685 24.7404
362 11.2324 25.1409
898 11.314 25.6514
258 11.3729 26.0204
455 11.4324 26.3932
673 11.4944 26.7818
412 11.5579 27.179
700 11.6829 27.9622
943 11.7495 28.3789
794 11.8135 28.7799
514 11.8859 29.2332
87 11.9584 29.6876
710 12.0211 30.0801
268 12.0907 30.5163
283 12.1688 31.0055
205 12.2318 31.3997
829 12.2772 31.6844
121 12.3214 31.9612
612 12.3665 32.2435
46 12.3665 32.2435
4 12.3665 32.2435
32 12.3665 32.2435
899 12.3665 32.2435
602 12.3665 32.2435
958 12.3609 32.3837
299 12.3559 32.5077
985 12.3499 32.6563
836 12.3444 32.7922
572 12.3389 32.9285
963 12.333 33.0759
499 12.0562 39.9521
330 12.0466 40.1924
10 12.0379 40.4068
65 12.0291 40.6261
328 12.0186 40.8875
125 11.9987 41.3806
403 11.974 41.9939
655 11.9589 42.3692
373 11.9427 42.773
78 11.929 43.1123
384 11.9147 43.4684
123 11.8989 43.8585
863 11.8833 44.248
663 11.866 44.6772
909 11.8473 45.1424
677 11.8288 45.6017
565 11.818 45.8683
303 11.8106 46.0521
858 11.8038 46.2228
154 11.7969 46.3922
352 11.7894 46.5796
341 11.7821 46.7599
279 11.7743 46.9539
214 11.7671 47.1336
174 11.761 47.2842
166 11.7545 47.4455
708 11.7492 47.5775
542 11.7447 47.6896
990 11.7403 47.7984
182 11.7349 47.9329
212 11.7301 48.0526
770 11.7246 48.1898
489 11.7184 48.3441
758 11.7126 48.486
100 11.7068 48.63
749 11.7015 48.762
47 11.6959 48.901
936 11.6908 49.0281
731 11.686 49.1479
698 11.6804 49.2872
797 11.6751 49.4174
652 11.6695 49.5563
422 11.6634 49.7095
849 11.6584 49.8331
616 11.655 49.9168
57 11.6509 50.0204
841 11.6471 50.1141
228 11.6434 50.2052
771 11.6392 50.309
908 11.6347 50.421
336 11.63 50.5389
148 11.626 50.6381
218 11.621 50.7626
505 11.6166 50.8712
972 11.612 50.9849
925 11.6077 51.0927
805 11.6041 51.1826
496 11.6005 51.2711
391 11.5964 51.3743
691 11.5919 51.486
122 11.588 51.581
949 11.62 51.6251
463 11.6503 51.6669
423 11.682 51.7105
157 11.7143 51.755
476 11.7519 51.8068
534 11.7865 51.8545
116 11.8183 51.8983
527 11.8739 51.9749
312 11.9266 52.0475
222 11.9893 52.1339
128 12.0509 52.2188
531 12.9992 53.5253
142 14.5968 55.7264
545 16.3504 58.1424
938 16.9541 58.9741
324 17.6157 59.8856
633 18.2855 60.8086
267 19.873 62.9957
510 20.6927 64.1251
493 21.9536 65.8622
846 22.0045 65.9919
587 22.0535 66.1168
327 22.0991 66.2331
956 22.1398 66.3369
756 22.1888 66.4617
21 22.256 66.6329
981 22.2883 66.7154
266 22.3292 66.8195
99 22.3646 66.9098
599 22.3966 66.9913
479 22.4325 67.0827
349 22.4636 67.1621
927 22.4971 67.2475
451 22.5276 67.3251
733 22.5628 67.4149
501 22.5999 67.5095
788 22.633 67.5938
957 22.6675 67.6817
329 22.7036 67.7738
537 22.7444 67.8779
729 22.7755 67.9571
507 22.8109 68.0473
390 22.852 68.1521
689 22.8935 68.2577
59 22.8935 68.2577
308 22.8632 68.2626
903 22.8245 68.2688
339 22.7858 68.275
526 22.7528 68.2803
333 22.7209 68.2854
454 22.6887 68.2905
487 22.65 68.2967
600 22.6179 68.3019
950 22.587 68.3068
359 22.5593 68.3113
730 22.5258 68.3166
79 22.4909 68.3222
965 22.4569 68.3277
604 22.4222 68.3332
168 22.3832 68.3395
705 22.3515 68.3446
946 22.3185 68.3498
888 22.2885 68.3547
137 22.2605 68.3591
645 22.2275 68.3644
789 22.1886 68.3707
382 22.1526 68.3764
971 22.1156 68.3823
635 22.0791 68.3882
735 22.0453 68.3936
720 22.0105 68.3992
897 21.9724 68.4053
429 21.936 68.4111
901 21.9065 68.4159
601 21.8738 68.4211
574 21.8443 68.4258
878 21.8132 68.4308
658 21.6227 68.4613
591 21.4618 68.4871
34 21.2629 68.519
571 21.067 68.5503
640 20.8542 68.5844
233 20.109 68.7038
772 18.3049 68.9929
764 16.5345 69.2765
97 14.6257 69.5823
703 12.9227 69.8551
890 11.3996 70.0992
825 11.317 70.1124
500 11.2286 70.1266
796 11.1381 70.1411
400 11.0477 70.1555
970 10.9563 70.1702
298 10.8571 70.1861
747 10.7799 70.1984
784 10.6994 70.2113
220 10.6216 70.2238
630 10.5333 70.2379
411 10.4437 70.2523
347 10.3354 70.2697
326 10.3347 70.3065
924 10.3341 70.3368
726 10.3334 70.3692
948 10.3329 70.3967
760 10.3323 70.4235
119 10.3316 70.4581
361 10.3309 70.4926
374 10.3303 70.5236
234 10.3298 70.5486
192 10.3292 70.5798
445 10.3285 70.6145
130 10.3279 70.6456
667 10.3272 70.6802
398 10.3265 70.7125
694 10.3258 70.7455
3 10.3252 70.7766
502 10.3245 70.813
457 10.3238 70.8495
639 10.3231 70.881
686 10.3225 70.9109
680 10.3219 70.9403
966 10.3213 70.9708
132 10.3207 71.0007
275 10.32 71.0342
255 10.3194 71.0666
657 10.3186 71.1034
346 10.318 71.1364
734 10.3174 71.1646
131 10.3168 71.1951
517 10.3161 71.231
556 10.3153 71.2675
272 10.3147 71.297
879 10.3141 71.3282
219 10.3135 71.3593
376 10.3129 71.3902
196 10.3122 71.423
860 10.3113 71.4671
338 10.3106 71.5007
939 10.31 71.5331
589 10.3093 71.5669
717 10.308 71.6333
81 10.3067 71.6948
701 10.3054 71.7621
113 10.3041 71.8257
482 10.3029 71.885
503 10.3016 71.9513
224 10.3003 72.0154
728 10.2991 72.0766
77 10.298 72.129
14 10.2968 72.1882
427 10.2956 72.249
277 10.2944 72.3088
381 10.2932 72.3694
799 10.292 72.4292
371 10.2907 72.4917
991 10.2894 72.5577
524 10.2883 72.6108
739 10.2871 72.6727
114 10.2857 72.7407
207 10.2841 72.818
665 10.2827 72.8872
607 10.2813 72.9581
552 10.2799 73.0264
88 10.2159 76.2015
1 10.1701 78.4735
792 10.1635 78.8021
426 10.1573 79.1108
178 10.1511 79.4168
244 10.1449 79.727
443 10.139 80.0188
608 10.1317 80.3801
554 10.125 80.7149
162 10.1176 81.0832
199 10.1072 81.598
169 10.1002 81.945
90 10.0935 82.278
830 10.0864 82.6316
944 10.0787 83.0174
546 10.0704 83.4266
399 10.0619 83.8499
95 10.0538 84.2532
678 10.0461 84.6364
718 10.0398 84.95
955 10.0336 85.2561
436 10.027 85.5846
31 10.02 85.9313
301 10.0125 86.3051
914 10.0055 86.6538
433 9.99901 86.9746
973 9.98995 87.4246
711 9.98251 87.7943
568 9.97616 88.1094
316 9.97024 88.4039
570 9.96425 88.7016
240 9.9568 89.0714
988 9.94749 89.5335
236 9.96475 89.5324
815 9.98092 89.5313
48 9.99641 89.5302
953 10.0094 89.5294
699 10.025 89.5283
803 10.0386 89.5274
759 10.0529 89.5264
557 10.0677 89.5255
213 10.0799 89.5246
547 10.1047 89.523
200 10.1308 89.5212
905 10.1558 89.5195
380 10.1794 89.518
39 10.2037 89.5163
106 10.2301 89.5146
321 10.2575 89.5127
325 10.2836 89.511
75 10.3067 89.5094
247 10.4035 89.5029
300 10.4924 89.497
982 10.6 89.4898
736 10.6987 89.4831
615 10.8009 89.4763
138 10.9046 89.4693
401 11.0055 89.4626
108 11.114 89.4553
444 11.2208 89.4481
585 11.3235 89.4412
780 11.4509 89.4327
868 11.5486 89.4261
969 11.666 89.4183
637 11.7933 89.4097
750 11.9158 89.4015
447 12.0366 89.3934
719 12.1616 89.385
693 12.2929 89.3762
386 12.4306 89.367
495 12.5616 89.3582
203 12.6753 89.3506
304 12.7947 89.3426
435 12.9118 89.3347
628 13.0994 89.3221
827 13.2891 89.3094
405 13.5191 89.294
446 13.7796 89.2765
364 14.0297 89.2598
263 14.2954 89.2419
153 14.7576 89.211
892 15.3077 89.1741
551 15.9638 89.1301
418 16.7962 89.0743
933 17.4483 89.0306
560 18.1159 88.9858
184 18.8593 88.9359
833 19.592 88.8868
918 20.3416 88.8366
150 20.8298 88.8038
115 21.2038 88.7787
167 21.6626 88.748
428 22.0601 88.7213
141 22.435 88.6962
773 22.751 88.675
954 23.0393 88.6557
231 23.2534 88.6413
271 23.4358 88.6291
431 23.4574 88.6276
761 23.4818 88.626
13 23.5055 88.6244
578 23.5334 88.6225
753 23.5588 88.6208
368 23.5865 88.619
886 23.6138 88.6171
93 23.6414 88.6153
306 23.6743 88.6131
96 23.7083 88.6108
2 23.739 88.6088
60 23.7657 88.607
610 23.7901 88.6053
16 23.8171 88.6035
808 23.8419 88.6018
871 23.8644 88.6003
20 23.8919 88.5985
757 23.9164 88.5968
885 23.9406 88.5952
44 23.9648 88.5936
916 23.9891 88.592
41 24.0181 88.59
17 24.0436 88.5883
256 24.0767 88.5861
441 24.1012 88.5845
296 24.1316 88.5824
392 24.16 88.5805
638 24.1834 88.5789
183 24.2041 88.5776
672 24.2303 88.5758
28 24.2532 88.5743
786 24.2772 88.5727
695 24.2989 88.5712
795 24.3254 88.5694
631 24.3468 88.568
491 24.3677 88.5666
442 24.3895 88.5651
697 24.4166 88.5633
776 24.4397 88.5618
651 24.4683 88.5598
470 24.4989 88.5578
223 24.5228 88.5562
227 24.5418 88.5549
15 24.6128 88.5502
469 24.7022 88.5442
120 24.8057 88.5372
253 24.8946 88.5313
73 24.9769 88.5257
859 25.0527 88.5207
521 25.1291 88.5155
58 25.2082 88.5102
424 25.2942 88.5045
696 25.3808 88.4987
36 25.4647 88.493
409 25.545 88.4876
712 25.6214 88.4825
714 25.7084 88.4767
430 25.8443 88.4676
611 25.9744 88.4589
462 26.0879 88.4512
76 26.2823 88.4382
456 26.4707 88.4256
768 26.6644 88.4126
249 26.8649 88.3991
550 27.082 88.3846
360 27.3115 88.3692
50 27.5832 88.351
288 27.8667 88.332
490 28.1672 88.3118
593 28.4741 88.2912
960 31.0241 88.1204
662 34.2851 87.9018
614 34.4762 87.9154
22 34.6502 87.9278
974 34.8217 87.94
294 34.9251 87.9473
181 35.0109 87.9534
548 35.0896 87.959
292 35.1683 87.9646
189 35.2502 87.9704
206 35.3398 87.9768
146 35.4174 87.9823
649 35.4968 87.988
437 35.5801 87.9939
129 35.6609 87.9996
806 35.7363 88.005
389 35.8282 88.0115
564 35.9046 88.0169
92 35.9664 88.0213
270 36.0339 88.0261
226 36.1056 88.0312
139 36.1768 88.0363
172 36.2478 88.0414
707 36.3191 88.0464
230 36.3907 88.0515
561 36.4626 88.0566
877 36.5317 88.0615
241 36.5983 88.0663
872 36.6632 88.0709
215 36.7426 88.0765
416 36.816 88.0818
919 36.8832 88.0865
265 36.9572 88.0918
124 37.0209 88.0963
252 37.1059 88.1024
569 37.7086 88.1452
239 38.3388 88.19
394 38.8509 88.2264
449 39.3712 88.2634
559 39.8861 88.3001
752 40.232 88.3246
375 40.7722 88.3631
319 41.2337 88.3959
763 41.659 88.4261
563 42.0701 88.4553
807 42.2822 88.4704
840 42.4969 88.4857
72 42.7122 88.501
738 42.9554 88.5183
613 43.2296 88.5378
755 43.6475 88.5675
53 44.0057 88.5929
539 44.4008 88.621
309 44.7886 88.6486
305 45.2134 88.6788
448 45.592 88.7057
766 46.1332 88.7442
874 46.8498 88.7951
866 47.8938 88.8694
105 49.0845 88.9541
895 50.3067 89.041
992 51.7737 89.1453
530 51.7737 89.1453
516 51.7737 89.1453
618 51.7737 89.1453
532 51.7737 89.1453
5 51.7737 89.1453
344 51.8085 89.1232
882 51.843 89.1014
320 51.8791 89.0785
179 51.9155 89.0554
562 51.9472 89.0353
961 51.9774 89.0161
343 52.0152 88.9922
880 52.0583 88.9648
801 52.0974 88.9401
177 52.1144 88.9293
774 52.1309 88.9188
259 52.1506 88.9063
931 52.1698 88.8942
40 52.1853 88.8843
406 52.2012 88.8743
746 52.2165 88.8646
896 52.2342 88.8533
814 52.2523 88.8419
82 52.2721 88.8293
984 52.2914 88.8171
248 52.3086 88.8062
947 52.3252 88.7956
713 52.3409 88.7857
193 52.36 88.7736
541 52.3769 88.7629
940 52.3987 88.7491
434 52.4167 88.7376
140 52.4398 88.723
229 52.4619 88.709
567 52.4802 88.6973
782 52.4977 88.6862
642 52.5132 88.6764
313 52.5289 88.6665
952 52.5461 88.6556
690 52.5648 88.6437
245 52.5829 88.6322
536 52.6007 88.621
317 52.6219 88.6075
816 52.6389 88.5968
165 52.6542 88.5871
802 52.6759 88.5733
369 52.9056 88.5656
737 53.1178 88.5584
378 53.3281 88.5513
477 53.4352 88.5477
280 53.5268 88.5446
851 53.6222 88.5414
62 53.7217 88.5381
861 53.8284 88.5345
202 53.9412 88.5307
911 54.0483 88.5271
575 54.1527 88.5235
185 54.2497 88.5203
826 54.3326 88.5175
156 54.425 88.5144
659 54.5262 88.511
636 54.6426 88.507
887 54.7627 88.503
584 54.8706 88.4994
367 54.9739 88.4959
23 55.0766 88.4924
856 55.1956 88.4884
408 55.3025 88.4848
624 55.423 88.4807
511 55.5453 88.4766
12 55.6825 88.472
980 55.8243 88.4672
118 55.962 88.4626
754 56.0946 88.4581
415 56.2263 88.4537
335 56.3645 88.449
126 56.5039 88.4443
395 56.6935 88.4379
800 56.8604 88.4323
744 68.7345 88.0317
464 69.1868 88.0552
52 69.6543 88.0794
42 70.1567 88.1054
18 70.7025 88.1337
159 71.2686 88.163
854 71.9389 88.1978
775 72.6574 88.235
648 73.3249 88.2696
845 73.9807 88.3036
135 74.6097 88.3362
71 74.6097 88.3362
285 74.6097 88.3362
273 74.6097 88.3362
297 74.6097 88.3362
465 74.6097 88.3362
818 74.6097 88.3362
937 74.6097 88.3362
817 74.6097 88.3362
494 74.6136 88.3362
820 74.6172 88.3363
864 74.6203 88.3363
742 74.6234 88.3364
813 74.6263 88.3364
481 74.6292 88.3365
353 74.6324 88.3365
417 74.6357 88.3365
149 74.6385 88.3366
580 74.6417 88.3366
544 74.6446 88.3367
622 74.6477 88.3367
251 74.651 88.3368
666 74.6544 88.3368
158 74.6575 88.3368
318 74.6607 88.3369
620 74.6638 88.3369
83 75.3645 88.3465
893 76.3337 88.3597
823 77.2476 88.3721
145 78.3485 88.3871
983 79.5983 88.4041
928 80.7664 88.42
889 81.9091 86.6936
740 82.8778 85.2301
25 83.7433 83.9224
528 84.1711 83.276
322 84.4603 82.839
725 84.817 82.2999
660 85.2523 81.6422
473 85.5039 81.262
311 85.815 80.792
204 86.0785 80.3937
372 86.3291 80.0151
685 86.2204 79.0188
332 85.8664 75.7737
385 85.6363 73.6652
383 85.4714 72.1539
579 85.3668 71.1954
450 84.989 67.7323
497 84.1739 60.2589
201 84.1302 59.8584
242 84.0795 59.3942
852 84.0347 58.9831
967 83.9728 58.4162
838 83.9227 57.9566
334 83.8774 57.5416
941 83.8282 57.0912
425 83.817 56.5
387 83.807 55.9704
684 83.7971 55.444
198 83.7872 54.9226
850 83.7774 54.4048
170 83.7672 53.8604
977 83.7572 53.3317
884 83.7469 52.7888
932 83.7368 52.2511
951 83.7265 51.7063
835 83.7164 51.173
506 83.7106 50.8649
29 83.7043 50.53
592 83.7 50.3029
609 83.6958 50.0818
920 83.6958 50.0802
274 83.6957 50.0783
136 83.6957 50.0768
195 83.6957 50.0751
553 83.6956 50.0734
583 83.6956 50.0718
107 83.6688 48.6612
745 83.6436 47.3335
466 83.6266 46.44
520 83.6162 45.8926
670 83.6075 45.4353
33 84.3742 37.4144
590 84.8156 32.7948
98 85.2773 27.9635
627 85.9288 21.1465
979 86.1223 19.1218
345 86.1921 18.3904
483 86.2684 17.5916
260 86.2684 17.5916
243 85.3325 17.9513
