0,483,627,243,979,260,98,520,345,274,33,590,835,70,967,592,920,323,136,553,745,195,466,387,232,198,609,670,926,143,850,583,29,334,838,951,242,977,425,656,107,506,941,201,932,383,684,884,385,170,497,450,372,528,332,311,204,660,864,25,685,322,473,742,159,889,740,854,158,494,928,135,823,820,775,983,149,273,71,145,465,83,845,817,893,544,318,417,353,285,42,477,725,622,620,580,937,813,666,818,481,992,297,52,251,464,648,904,9,378,727,538,485,900,290,67,837,962,173,595,654,605,478,650,867,420,579,975,432,152,110,393,340,767,942,190,509,647,460,51,987,744,852,293,109,238,396,907,440,668,68,102,519,623,262,188,85,80,986,484,161,523,225,855,513,471,282,286,577,101,793,186,35,468,625,264,809,810,923,576,210,127,54,498,912,743,964,617,621,104,370,515,798,724,921,350,84,779,453,208,533,281,804,144,676,216,134,596,894,597,715,404,910,171,558,732,175,683,765,235,410,976,459,163,802,540,968,91,791,315,18,94,762,847,229,931,857,632,801,782,395,769,671,112,582,563,895,832,800,911,567,690,202,882,511,367,541,516,434,40,313,618,319,239,62,746,575,408,754,961,713,259,177,185,984,584,248,856,532,245,335,642,118,774,896,880,636,12,814,317,344,861,280,980,851,320,23,816,369,887,624,126,952,415,179,737,140,866,22,394,392,561,738,146,189,562,309,448,215,806,613,156,241,763,206,129,53,766,755,165,840,919,672,193,752,974,807,569,265,449,707,614,918,150,231,230,559,305,947,649,877,826,530,406,294,416,292,72,343,874,172,548,389,375,536,659,940,539,105,5,960,437,181,139,564,82,60,662,270,16,223,886,306,96,2,593,428,167,490,120,768,631,227,256,253,714,76,73,859,773,296,28,288,833,933,17,15,418,92,651,271,776,638,757,441,44,885,430,611,712,409,36,696,424,442,249,456,521,141,244,761,916,360,695,469,871,578,795,808,462,491,368,753,470,610,786,20,435,364,325,401,138,213,803,13,973,719,321,301,200,1,547,426,405,263,247,568,628,316,386,759,153,495,446,300,780,914,93,447,988,554,728,637,955,890,88,815,615,830,436,39,585,169,50,560,48,95,240,953,699,792,678,399,557,203,693,108,736,982,718,711,457,750,183,58,115,380,546,827,106,236,199,304,31,868,969,346,90,400,75,551,944,905,444,178,570,734,703,556,657,381,892,939,799,234,219,630,114,991,429,338,339,924,482,948,879,77,374,131,607,667,503,14,686,427,589,445,796,298,347,760,196,764,701,97,665,162,3,277,639,531,726,694,255,81,361,398,376,966,680,130,371,517,747,717,825,272,970,192,502,784,207,500,608,739,487,431,113,224,433,168,184,860,119,550,41,349,658,927,789,327,524,635,220,266,526,604,872,697,443,124,333,720,326,888,252,479,689,21,359,537,226,957,846,601,552,591,574,510,493,954,571,454,291,772,365,705,946,99,56,965,132,275,79,451,324,59,691,501,730,30,587,971,600,411,329,640,901,756,950,545,308,903,233,137,267,729,390,981,735,878,839,382,788,645,897,733,599,507,34,403,527,303,489,805,182,422,938,128,708,849,214,677,956,391,166,731,909,652,154,57,373,990,47,534,312,476,770,616,949,858,542,222,352,797,341,698,279,505,157,496,749,463,958,218,925,142,116,565,972,122,87,174,841,663,148,758,100,78,336,863,771,328,499,10,330,228,936,212,125,612,268,963,299,794,74,86,943,46,32,123,710,572,700,133,985,283,384,836,423,258,4,514,898,455,829,661,121,588,902,331,899,65,602,643,824,366,881,474,211,674,187,722,348,412,8,741,702,488,812,629,402,254,362,673,641,61,682,646,439,626,363,407,518,822,573,111,653,284,669,246,915,351,26,287,883,934,64,337,310,704,261,289,935,989,379,467,787,307,549,586,853,486,869,278,354,205,709,221,160,834,522,748,603,480,413,688,147,692,655,535,783,356,862,151,302,913,397,876,543,49,811,664,706,414,388,679,687,790,155,566,452,525,269,723,438,89,848,508,194,778,37,891,475,908,529,11,633,922,929,461,917,237,619,7,38,180,512,472,421,191,257,69,250,342,945,843,209,63,458,751,865,19,828,45,66,594,276,844,355,978,781,197,675,357,217,492,117,842,870,27,606,906,875,716,930,43,314,821,644,358,377,55,164,831,555,785,681,6,634,419,819,24,504,873,959,721,176,598,103,295,581,777,
value : 414.547 running time : 962.369203
0 80 20
483 86.2658 17.5892
627 86.2656 17.5897
243 86.2654 17.5902
979 86.2653 17.5908
260 86.2651 17.5915
98 84.0889 24.7963
520 83.9042 25.4077
345 83.8286 25.658
274 81.7289 32.6098
33 81.2166 34.3057
590 80.599 36.3505
835 79.2351 40.8661
70 76.531 49.8186
967 76.5843 49.8983
592 76.6312 49.9686
920 76.6798 50.0415
323 76.7228 50.1059
136 76.8144 50.2432
553 76.881 50.343
745 76.9498 50.4461
195 77.0332 50.5712
466 77.1116 50.6887
387 77.2054 50.8293
232 77.2813 50.943
198 77.3801 51.0911
609 77.4529 51.2002
670 77.5341 51.3219
926 77.6215 51.4529
143 77.7197 51.6001
850 78.0048 52.0273
583 78.2742 52.431
29 78.5337 52.82
334 78.9172 53.3947
838 79.2572 53.9044
951 79.5834 54.3931
242 79.9007 54.8688
977 80.2004 55.3178
425 80.4624 55.7105
656 80.7786 56.1844
107 81.1639 56.7619
506 81.4717 57.2232
941 81.7342 57.6165
201 82.0725 58.1235
932 82.3888 58.5976
383 82.7742 59.1751
684 83.1211 59.6951
884 83.4563 60.1974
385 83.8122 60.7308
170 84.1253 61.2001
497 84.4812 61.7334
450 85.5245 72.0918
372 86.3244 80.0346
528 86.1287 80.3378
332 85.9333 80.6405
311 85.7176 80.9746
204 85.4721 81.355
660 85.2167 81.7507
864 84.7655 82.4497
25 84.4684 82.91
685 84.0864 83.5019
322 83.6592 84.1637
473 83.2933 84.7305
742 82.9417 85.2752
159 82.6116 85.7866
889 82.2924 86.2811
740 81.9598 86.7964
854 81.5464 87.4368
158 81.2806 87.8487
494 81.1296 88.0826
928 80.9843 88.3077
135 80.1471 88.2524
823 79.528 88.2115
820 79.3686 88.201
775 79.189 88.1891
983 79.0406 88.1793
149 75.0068 87.9129
273 74.621 87.8874
71 74.551 87.8828
145 74.4736 87.8777
465 74.4 87.8728
83 74.327 87.868
845 74.2535 87.8632
817 74.1822 87.8584
893 74.1718 87.8578
544 74.1589 87.8569
318 74.1473 87.8561
417 74.1365 87.8554
353 74.1239 87.8546
285 74.1112 87.8538
42 74.0985 87.8529
477 74.0873 87.8522
725 74.0777 87.8515
622 74.0641 87.8506
620 74.0519 87.8498
580 74.0519 87.8498
937 73.6526 87.6058
813 73.2648 87.3687
666 72.8704 87.1277
818 72.471 86.8836
481 72.0364 86.6179
992 71.618 86.3622
297 71.5164 86.1361
52 71.4309 85.9457
251 71.3206 85.7001
464 71.173 85.3716
648 70.4014 83.6537
904 68.0427 78.4019
9 66.6468 75.2939
378 65.9129 73.6601
727 64.8586 71.3128
538 63.7255 68.7899
485 63.3361 67.9231
900 63.3312 67.9121
290 63.3256 67.8996
67 63.3193 67.8856
837 63.3136 67.873
962 63.3071 67.8585
173 63.3003 67.8433
595 63.2936 67.8283
654 63.2876 67.815
605 63.2806 67.7994
478 63.2737 67.7842
650 63.2676 67.7706
867 63.2618 67.7575
420 63.2553 67.7431
579 63.2498 67.731
975 63.2432 67.7163
432 63.2365 67.7014
152 63.2296 67.6859
110 63.2224 67.6699
393 63.2153 67.654
340 63.208 67.6379
767 63.1999 67.6198
942 63.1999 67.6198
190 63.1999 67.6198
509 63.1999 67.6198
647 63.1999 67.6198
460 63.1999 67.6198
51 63.1999 67.6198
987 63.1999 67.6198
744 63.1999 67.6198
852 63.1999 67.6198
293 62.7939 67.1197
109 62.3502 66.5732
238 61.8744 65.9872
396 61.4258 65.4346
907 61.4005 65.4034
440 61.3757 65.3729
668 61.3495 65.3405
68 61.3209 65.3053
102 61.2903 65.2676
519 55.6842 62.8686
623 54.0631 62.1748
262 53.1623 62.2771
188 51.9699 62.4125
85 50.589 62.5693
80 48.0267 62.8602
986 47.9823 62.8652
484 47.9369 62.8703
161 47.8956 62.875
523 47.8447 62.8808
225 47.8002 62.8859
855 47.7623 62.8902
513 47.7212 62.8948
471 47.6857 62.8989
282 47.652 62.9027
286 47.6165 62.9067
577 47.5762 62.9113
101 47.5337 62.9161
793 47.4941 62.9206
186 47.4529 62.9253
35 47.4104 62.9301
468 47.3631 62.9355
625 47.3168 62.9408
264 47.2631 62.9468
809 47.2152 62.9523
810 47.1781 62.9565
923 47.1308 62.9619
576 47.0786 62.9678
210 47.0332 62.9729
127 47.031 62.9751
54 47.0288 62.9773
498 47.0269 62.9793
912 47.0246 62.9815
743 47.1103 63.2682
964 47.189 63.5312
617 47.2596 63.7674
621 47.3204 63.9709
104 47.389 64.2003
370 47.4671 64.4615
515 47.7492 65.4051
798 47.9459 66.0627
724 48.1507 66.7478
921 48.1507 66.7478
350 48.1507 66.7478
84 48.1507 66.7478
779 48.1507 66.7478
453 48.1507 66.7478
208 48.1507 66.7478
533 48.1507 66.7478
281 48.1751 66.8033
804 48.2028 66.8665
144 48.233 66.9352
676 48.2583 66.9928
216 48.2851 67.0539
134 48.3115 67.114
596 48.3357 67.1691
894 48.371 67.2495
597 48.4013 67.3185
715 48.4388 67.4041
404 48.4767 67.4902
910 48.514 67.5751
171 48.5505 67.6583
558 48.5858 67.7387
732 48.6212 67.8194
175 48.6611 67.9101
683 48.702 68.0034
765 48.7427 68.096
235 48.9303 68.5233
410 49.1139 68.9415
976 49.3182 69.4067
459 49.4982 69.8167
163 49.726 70.3355
802 50.0073 70.9759
540 50.2603 71.5521
968 50.5063 72.1123
91 50.7833 72.7432
791 51.0485 73.3471
315 51.6261 74.6624
18 52.1711 75.9034
94 52.1711 75.9034
762 52.1711 75.9034
847 52.142 76.4066
229 52.1092 76.9762
931 52.0783 77.511
857 52.0538 77.9355
632 52.0283 78.377
801 52.0016 78.8397
782 51.9758 79.2865
395 51.95 79.7338
769 51.9254 80.159
671 51.8989 80.6179
112 51.8714 81.0938
582 51.8344 81.7361
563 51.7922 82.4665
895 51.749 83.2152
832 51.7045 83.9868
800 51.6214 85.4281
911 51.4594 88.2371
567 51.4594 88.2371
690 51.4594 88.2371
202 51.4594 88.2371
882 51.4594 88.2371
511 51.4594 88.2371
367 51.4594 88.2371
541 51.4594 88.2371
516 51.4594 88.2371
434 51.4594 88.2371
40 51.4594 88.2371
313 51.4594 88.2371
618 51.4594 88.2371
319 51.4594 88.2371
239 51.4594 88.2371
62 51.4594 88.2371
746 51.4594 88.2371
575 51.4594 88.2371
408 51.4594 88.2371
754 51.4594 88.2371
961 51.4594 88.2371
713 51.4594 88.2371
259 51.4594 88.2371
177 51.4594 88.2371
185 51.4594 88.2371
984 51.4585 88.2371
584 51.4576 88.2371
248 51.4566 88.2371
856 51.4558 88.2371
532 51.4549 88.2371
245 51.454 88.2371
335 51.4532 88.2371
642 51.4523 88.2371
118 51.4515 88.2371
774 51.4507 88.237
896 51.4499 88.237
880 51.449 88.237
636 51.4481 88.237
12 51.4473 88.237
814 51.4465 88.237
317 51.4457 88.237
344 51.4449 88.237
861 51.331 88.2359
280 51.2225 88.2348
980 51.1168 88.2338
851 51.0066 88.2327
320 50.8959 88.2316
23 50.7914 88.2306
816 50.5391 88.2282
369 50.2883 88.2258
887 50.0351 88.2233
624 49.7776 88.2208
126 49.5068 88.2182
952 49.2278 88.2155
415 48.9504 88.2128
179 48.6725 88.2101
737 48.3825 88.2073
140 47.6682 88.2005
866 46.986 88.1939
22 46.3066 88.1873
394 45.685 88.1815
392 45.0923 88.176
561 44.5573 88.171
738 44.0514 88.1663
146 43.7298 88.1632
189 43.4096 88.1602
562 43.1216 88.1574
309 42.8403 88.1547
448 42.5731 88.1522
215 42.3109 88.1496
806 42.0604 88.1472
613 41.9897 88.1465
156 41.9209 88.1459
241 41.8411 88.1451
763 41.7685 88.1444
206 41.6921 88.1436
129 41.6138 88.1429
53 41.5383 88.1421
766 41.4627 88.1414
755 41.3851 88.1406
165 41.3077 88.1399
840 41.2214 88.139
919 41.1392 88.1382
672 41.063 88.1375
193 40.9941 88.1368
752 40.9213 88.1361
974 40.92 88.1361
807 40.9189 88.1361
569 40.9177 88.1361
265 40.9165 88.136
449 40.9153 88.136
707 40.914 88.136
614 40.9128 88.136
918 40.9115 88.136
150 40.9103 88.136
231 40.9093 88.136
230 40.9083 88.136
559 40.9074 88.136
305 40.9063 88.136
947 40.9053 88.136
649 40.9039 88.1359
877 40.9027 88.1359
826 40.9017 88.1359
530 40.9006 88.1359
406 40.8994 88.1359
294 40.898 88.1359
416 40.8967 88.1359
292 40.8954 88.1359
72 40.8942 88.1359
343 40.8932 88.1359
874 40.892 88.1359
172 40.8906 88.1358
548 40.8895 88.1358
389 40.8884 88.1358
375 40.8873 88.1358
536 40.8862 88.1358
659 40.885 88.1358
940 40.8838 88.1358
539 40.8829 88.1358
105 40.882 88.1358
5 40.8811 88.1358
960 35.4477 88.0839
437 35.4477 88.0839
181 35.4477 88.0839
139 35.4477 88.0839
564 35.4477 88.0839
82 35.3118 88.0678
60 34.5439 87.9767
662 33.8333 87.8924
270 32.7356 87.935
16 31.3761 87.9878
223 29.8316 88.0477
886 28.3486 88.1051
306 27.9155 88.1219
96 27.4999 88.138
2 27.1028 88.1534
593 26.743 88.1673
428 26.3375 88.183
167 25.9534 88.1979
490 25.5823 88.2122
120 25.1872 88.2276
768 24.8182 88.2418
631 24.4443 88.2563
227 24.0734 88.2707
256 24.0734 88.2707
253 24.0734 88.2707
714 24.0734 88.2707
76 24.0733 88.2707
73 24.0733 88.2707
859 24.0733 88.2707
773 24.0733 88.2707
296 24.0732 88.2707
28 24.0732 88.2707
288 24.0732 88.2707
833 24.0732 88.2707
933 24.0731 88.2707
17 24.0731 88.2707
15 24.0731 88.2707
418 24.0731 88.2707
92 24.073 88.2707
651 24.073 88.2707
271 24.073 88.2707
776 24.073 88.2707
638 24.0729 88.2707
757 24.0729 88.2707
441 24.0729 88.2707
44 24.0728 88.2707
885 24.0728 88.2707
430 24.0728 88.2707
611 24.0728 88.2707
712 24.0727 88.2707
409 24.0727 88.2707
36 24.0727 88.2707
696 24.0727 88.2707
424 24.0726 88.2707
442 24.0726 88.2707
249 24.0726 88.2707
456 24.0726 88.2707
521 24.0725 88.2707
141 24.0725 88.2707
244 24.0725 88.2707
761 24.0724 88.2707
916 24.0724 88.2707
360 24.0724 88.2707
695 24.0724 88.2707
469 24.0723 88.2707
871 24.0723 88.2707
578 24.0723 88.2707
795 24.0723 88.2707
808 24.0722 88.2707
462 24.0722 88.2707
491 24.0722 88.2707
368 24.0722 88.2707
753 24.0721 88.2707
470 24.0721 88.2707
610 24.0721 88.2707
786 24.0721 88.2707
20 24.072 88.2707
435 11.1002 88.5379
364 10.7369 88.5454
325 10.3696 88.553
401 9.98488 88.5609
138 9.60176 88.5688
213 9.22163 88.5766
803 9.20789 88.5769
13 9.1941 88.5772
973 9.17943 88.5775
719 9.16511 88.5778
321 9.15119 88.5781
301 9.13422 88.5784
200 9.11794 88.5788
1 9.1033 88.5791
547 9.08809 88.5794
426 9.0735 88.5797
405 9.05788 88.58
263 9.04379 88.5803
247 9.03022 88.5806
568 9.0157 88.5809
628 9.00189 88.5812
316 8.98778 88.5815
386 8.97318 88.5818
759 8.95849 88.5821
153 8.94391 88.5824
495 8.93027 88.5826
446 8.9148 88.583
300 8.89969 88.5833
780 8.88629 88.5835
914 8.87011 88.5839
93 8.85588 88.5842
447 8.83899 88.5845
988 8.82275 88.5849
554 8.75736 88.3499
728 8.71882 88.2114
637 8.72245 88.217
955 8.72551 88.2217
890 8.72864 88.2264
88 8.73228 88.232
815 8.73571 88.2372
615 8.73874 88.2419
830 8.74206 88.2469
436 8.74594 88.2529
39 8.75002 88.2591
585 8.75353 88.2645
169 8.75664 88.2692
50 8.76008 88.2745
560 8.76008 88.2745
48 8.76008 88.2745
95 8.76008 88.2745
240 8.76009 88.2745
953 8.76009 88.2745
699 8.76009 88.2745
792 8.76009 88.2745
678 8.7601 88.2745
399 8.7601 88.2745
557 8.7601 88.2745
203 8.7601 88.2745
693 8.7601 88.2745
108 8.76011 88.2745
736 8.76011 88.2745
982 8.76011 88.2745
718 8.76011 88.2745
711 8.76012 88.2745
457 8.76012 88.2745
750 8.76012 88.2745
183 8.77538 88.051
58 8.79186 87.8097
115 8.80161 87.6669
380 8.81184 87.5171
546 8.82811 87.2787
827 8.84151 87.0826
106 8.85913 86.8245
236 8.87873 86.5374
199 8.89986 86.2279
304 8.92175 85.9072
31 8.94463 85.572
868 8.96383 85.2908
969 9.0281 84.3491
346 9.10999 83.1489
90 9.17651 82.1742
400 9.24401 81.1851
75 9.2927 80.4717
551 9.34415 79.718
944 9.39195 79.0177
905 9.44296 78.2704
444 9.49815 77.4618
178 9.56319 76.5087
570 9.63597 75.4422
734 9.72229 74.1772
703 9.78224 73.2988
556 9.79615 73.095
657 9.81177 72.8663
381 9.82779 72.6315
892 9.84242 72.4173
939 9.86729 72.0529
799 9.88492 71.7946
234 9.90204 71.5438
219 9.90479 71.5034
630 9.9076 71.4624
114 9.91043 71.4209
991 9.91291 71.3845
429 9.91574 71.343
338 9.91874 71.2991
339 9.92144 71.2595
924 9.92482 71.21
482 9.928 71.1634
948 9.93092 71.1206
879 9.93399 71.0757
77 9.93696 71.0322
374 9.93966 70.9926
131 9.943 70.9437
607 9.94576 70.9032
667 9.94865 70.861
503 9.95155 70.8185
14 9.95464 70.7731
686 9.95759 70.7298
427 9.9607 70.6843
589 9.96396 70.6366
445 9.9665 70.5993
796 9.96911 70.5611
298 9.97227 70.5148
347 9.97597 70.4607
760 9.97879 70.4192
196 9.98134 70.3819
764 9.98369 70.3474
701 9.98369 70.3474
97 9.98369 70.3474
665 9.98369 70.3474
162 9.98369 70.3474
3 9.98369 70.3474
277 9.98369 70.3474
639 9.98369 70.3474
531 9.98369 70.3474
726 10.0972 70.4298
694 10.1715 70.4838
255 10.2572 70.546
81 10.3589 70.6199
361 10.4557 70.6901
398 10.5363 70.7486
376 10.6091 70.8015
966 10.6887 70.8593
680 10.7896 70.9326
130 10.878 70.9968
371 10.9547 71.0524
517 11.0445 71.1176
747 11.1415 71.1881
717 11.2484 71.2657
825 11.3749 71.3575
272 11.467 71.4244
970 11.5589 71.4911
192 11.6556 71.5613
502 11.7583 71.6359
784 11.8486 71.7015
207 11.9518 71.7764
500 12.4152 72.1129
608 12.8607 72.4363
739 12.8607 72.4363
487 12.8607 72.4363
431 12.8607 72.4363
113 12.8607 72.4363
224 12.8607 72.4363
433 13.6213 72.2685
168 14.819 72.0044
184 16.0246 71.7385
860 17.2663 71.4647
119 19.0092 71.0803
550 20.8761 70.6686
41 22.7833 70.2481
349 22.936 70.2115
658 23.0814 70.1767
927 23.2305 70.1409
789 23.3773 70.1058
327 23.5185 70.072
524 23.6536 70.0396
635 23.8038 70.0037
220 23.9517 69.9682
266 24.1096 69.9304
526 24.2646 69.8933
604 24.4236 69.8552
872 24.5752 69.8189
697 24.708 69.7871
443 24.8476 69.7537
124 25.0056 69.7158
333 25.1418 69.6832
720 25.2802 69.6501
326 25.4153 69.6178
888 25.5766 69.5791
252 25.7456 69.5387
479 25.8671 69.5096
689 26.0222 69.4724
21 26.1603 69.4393
359 26.2889 69.4085
537 26.4133 69.3787
226 26.5499 69.346
957 26.5126 69.0657
846 26.4823 68.8378
601 26.4546 68.6293
552 26.4285 68.4331
591 26.4035 68.2447
574 26.3749 68.0299
510 26.3419 67.7817
493 26.3284 67.6799
954 26.3169 67.5934
571 26.2986 67.4562
454 26.2808 67.322
291 26.2581 67.1516
772 26.2371 66.9935
365 26.2197 66.8626
705 26.2013 66.7242
946 26.1875 66.6201
99 26.1697 66.4863
56 26.1504 66.3413
965 26.1268 66.1637
132 26.1032 65.9863
275 26.0792 65.8058
79 26.0518 65.5999
451 26.0267 65.4112
324 26.0021 65.2257
59 25.9837 65.0877
691 25.9669 64.9614
501 25.9551 64.8722
730 25.9419 64.7729
30 25.9244 64.6412
587 25.8415 64.5601
971 25.7588 64.479
600 25.6758 64.3976
411 25.5852 64.3089
329 25.5021 64.2274
640 25.4278 64.1546
901 25.3499 64.0782
756 25.2717 64.0016
950 25.199 63.9304
545 25.1182 63.8512
308 25.0487 63.783
903 24.9607 63.6968
233 24.8691 63.6071
137 24.7949 63.5344
267 24.71 63.4512
729 24.625 63.3679
390 24.5455 63.29
981 24.4534 63.1997
735 24.3763 63.1241
878 24.3084 63.0577
839 23.9176 62.6746
382 23.4586 62.2249
788 23.0202 61.7953
645 22.5522 61.3366
897 21.8271 60.626
733 21.1395 59.9523
599 20.3547 59.1831
507 19.308 58.1574
34 18.011 56.8864
403 16.17 55.0823
527 15.0553 53.99
303 14.6353 53.5783
489 14.2418 53.1927
805 13.9208 52.8782
182 13.615 52.5785
422 13.3152 52.2847
938 12.9312 51.9085
128 12.4644 51.451
708 12.3746 51.363
849 12.2862 51.2764
214 12.2503 51.2412
677 12.218 51.2095
956 12.1842 51.1764
391 12.1422 51.1352
166 12.0902 51.0842
731 12.0465 51.0414
909 12.0058 51.0015
652 11.9652 50.9618
154 11.9257 50.9231
57 11.8854 50.8836
373 11.846 50.845
990 11.8068 50.8065
47 11.7677 50.7682
534 11.7306 50.7318
312 11.6896 50.6917
476 11.6554 50.6582
770 11.6159 50.6195
616 11.5802 50.5845
949 11.547 50.552
858 11.5115 50.5172
542 11.4706 50.4771
222 11.4302 50.4375
352 11.3933 50.4013
797 11.3564 50.3652
341 11.3155 50.3251
698 11.2798 50.2901
279 11.2394 50.2505
505 11.1937 50.2057
157 11.1477 50.1606
496 11.1117 50.1253
749 11.0683 50.0829
463 11.0276 50.0429
958 10.986 50.0022
218 10.986 50.0022
925 10.986 50.0022
142 10.986 50.0022
116 10.986 50.0022
565 10.986 50.0022
972 10.986 50.0022
122 10.986 50.0022
87 11.1925 46.6988
174 11.2097 46.4226
841 11.2286 46.12
663 11.2478 45.8134
148 11.2662 45.5178
758 11.2836 45.2386
100 11.3021 44.9423
78 11.3228 44.6108
336 11.3412 44.3163
863 11.3843 43.627
771 11.424 42.9905
328 11.4657 42.3232
499 11.4948 41.8574
10 11.525 41.3727
330 11.5544 40.9026
228 11.583 40.4435
936 11.6124 39.9726
212 11.7158 38.3186
125 11.8284 36.516
612 11.9379 34.7639
268 11.9805 34.0673
963 12.0191 33.4375
299 12.0225 33.3825
794 12.0256 33.3305
74 12.0288 33.2795
86 12.0317 33.2324
943 12.0345 33.1864
46 12.0372 33.1426
32 12.0401 33.0937
123 12.0434 33.0409
710 12.0475 32.9739
572 12.0509 32.9174
700 12.0539 32.8685
133 12.0574 32.8114
985 12.0605 32.7607
283 12.0636 32.7099
384 12.067 32.6554
836 12.0708 32.5929
423 12.0741 32.539
258 12.0783 32.4705
4 12.0819 32.4122
514 12.0853 32.3569
898 12.0887 32.2999
455 12.6916 30.9595
829 13.1433 29.9552
661 13.6305 28.8721
121 14.0335 27.9763
588 14.4658 27.0151
902 14.5916 26.7355
331 14.7016 26.491
899 14.817 26.2345
65 14.9249 25.9945
602 15.0713 25.669
643 15.2185 25.3417
824 15.2874 25.1885
366 14.1016 21.4039
881 13.2465 18.6748
474 13.1566 18.388
211 13.0484 18.0429
674 12.9484 17.7238
187 12.8503 17.4108
722 13.2793 15.2661
348 13.2998 15.1636
412 13.3211 15.0571
8 13.3445 14.9403
741 13.3637 14.844
702 13.3862 14.7314
488 13.4129 14.5983
812 13.4345 14.49
629 13.5139 14.4896
402 13.5987 14.4891
254 13.6833 14.4887
362 13.7496 14.4883
673 13.83 14.4878
641 13.9147 14.4874
61 13.9781 14.487
682 14.3312 14.4851
646 14.7222 14.483
439 22.4222 14.4408
626 27.3835 14.4136
363 30.1465 14.3985
407 32.2332 14.387
518 33.9822 14.3775
822 34.0037 15.2924
573 34.018 15.8993
111 34.0331 16.542
653 34.0466 17.1181
284 34.0597 17.6756
669 34.0709 18.1502
246 34.088 18.8786
915 34.1046 19.5845
351 34.1123 19.9123
26 34.1226 20.3506
287 34.1324 20.7693
883 34.1482 21.4404
934 34.1637 22.0992
64 34.1771 22.6724
337 34.1907 23.2491
310 34.2051 23.8616
704 34.2221 24.5875
261 34.2456 25.5844
289 34.269 26.5794
935 34.1833 32.0595
989 34.173 32.7206
379 34.1711 32.8406
467 34.169 32.9762
787 34.1669 33.1097
307 34.1646 33.2536
549 34.1619 33.4282
586 34.1593 33.5916
853 34.1568 33.7536
486 34.1546 33.8955
869 34.1522 34.0482
278 34.1499 34.1985
354 34.1475 34.3461
205 34.1425 34.6705
709 34.1381 34.9522
221 34.1284 35.574
160 34.113 36.5566
834 34.0928 37.848
522 34.0596 39.9757
748 34.0503 40.5674
603 34.041 41.1612
480 34.0392 41.2771
413 34.037 41.417
688 34.0349 41.5513
147 34.0334 41.6481
692 34.0321 41.7301
655 34.0306 41.8261
535 34.0291 41.9279
783 34.0276 42.0223
356 34.0261 42.1164
862 34.0246 42.2138
151 34.023 42.3125
302 34.0213 42.4256
913 34.0197 42.5282
397 34.0182 42.6215
876 34.0167 42.7196
543 34.0152 42.8133
49 34.0138 42.9032
811 34.0126 42.983
664 34.0111 43.0741
706 34.0096 43.1692
414 34.0082 43.2631
388 34.0067 43.356
679 34.0053 43.4455
687 34.0038 43.5416
790 34.0024 43.6351
155 34.0007 43.7414
566 33.9991 43.8428
452 33.9975 43.9452
525 33.9959 44.0483
269 33.9943 44.1521
723 33.9929 44.243
438 33.9913 44.341
89 33.9897 44.4443
848 33.9884 44.5271
508 33.979 44.5903
194 33.9699 44.6516
778 33.9601 44.7175
37 33.951 44.7781
891 33.9412 44.8437
475 33.9328 44.9004
908 33.9242 44.9585
529 33.917 45.0065
11 33.9073 45.0717
633 33.8971 45.1405
922 34.3173 45.2785
929 34.6569 45.39
461 35.4323 45.2059
917 36.0741 45.0536
237 36.6552 44.9157
619 37.2349 44.7781
7 37.9096 44.6179
38 38.6027 44.4534
180 39.5499 44.2286
512 40.4956 44.0041
472 41.3605 43.7988
421 42.0603 43.6327
191 42.6735 43.4871
257 44.3914 43.0794
69 46.3307 42.6191
250 48.1056 42.1978
342 48.7193 42.0521
945 49.4408 41.8808
843 50.2544 41.6877
209 51.0941 41.4884
63 51.4579 41.4384
458 51.8177 41.3889
751 52.151 41.343
865 52.4639 41.3
19 52.81 41.2524
828 53.1906 41.2
45 53.5235 41.1542
66 53.7478 41.1234
594 54.0009 41.0885
276 54.2298 41.0571
844 54.5072 41.0189
355 54.8141 40.9767
978 55.1004 40.9373
781 55.3809 40.8987
197 55.6169 40.8662
675 55.9212 40.8244
357 56.18 40.7888
217 56.4061 40.7577
492 56.6328 40.7265
117 56.9426 40.6839
842 57.129 40.6582
870 57.263 40.2664
27 57.4051 39.8509
606 57.5201 39.5146
906 57.6382 39.1692
875 57.7643 38.8005
716 57.9068 38.3836
930 58.0589 37.9387
43 58.2084 37.5017
314 58.3676 37.0361
821 58.5313 36.5576
644 58.6691 36.1546
358 58.9794 35.247
377 59.2957 34.3221
55 59.6387 33.319
164 59.957 32.3883
831 60.1667 31.7751
555 60.3575 31.2173
785 60.5458 30.6666
681 60.7549 30.0552
6 61.0084 29.3136
634 61.2494 28.6092
419 61.6825 27.3425
819 61.9517 26.7917
24 62.2078 26.2677
504 62.435 25.8026
873 62.6279 25.4079
959 64.3258 21.9334
721 66.3112 17.8709
176 66.7573 16.9579
598 67.1478 16.1588
103 67.6206 15.1911
295 68.7278 15.6213
581 69.8262 16.048
777 71.182 16.5747
