0,103,504,831,721,176,24,777,581,295,598,959,419,751,55,6,819,865,555,355,873,785,164,209,644,821,27,681,358,19,828,232,197,844,716,906,314,978,634,323,45,781,926,396,217,357,519,63,66,377,43,623,675,262,842,606,875,70,870,117,143,930,492,69,594,458,843,975,190,810,315,942,656,110,152,668,847,173,290,293,509,867,68,478,964,962,35,767,485,654,900,340,605,393,67,727,51,432,837,538,650,904,595,102,987,515,109,647,460,907,832,420,85,238,577,769,282,671,112,9,440,582,208,84,235,188,793,743,459,291,365,779,617,94,171,216,632,471,286,468,798,350,921,281,597,163,104,91,791,625,453,523,765,968,410,264,134,144,621,676,186,533,910,986,855,513,54,175,923,732,161,894,715,225,804,596,724,762,404,101,576,80,558,683,857,976,498,484,540,922,56,891,237,276,370,809,210,912,30,839,127,945,929,472,388,848,180,543,49,692,790,89,989,147,783,876,356,302,522,461,438,155,414,535,706,525,566,452,38,512,529,269,778,913,811,664,37,342,11,508,413,688,862,475,480,257,194,723,687,748,619,397,917,603,829,121,612,205,250,679,7,278,379,586,626,486,354,26,787,853,934,421,307,160,221,261,824,549,834,467,915,191,869,935,151,289,363,310,111,883,704,337,518,669,246,287,407,573,64,351,653,602,709,284,822,439,899,254,674,643,641,488,8,474,402,902,741,348,702,682,629,331,588,881,61,812,646,722,661,187,211,366,362,86,258,455,673,412,898,514,87,710,794,299,985,836,572,74,958,943,700,133,963,4,32,46,283,268,330,10,65,328,499,403,125,373,655,384,78,863,663,909,677,565,303,858,154,352,341,279,214,174,166,708,542,990,182,212,770,489,758,100,749,47,936,731,698,797,652,422,849,616,57,841,228,771,908,336,148,218,505,972,925,805,496,391,691,122,949,463,423,157,476,534,116,527,312,222,128,531,142,123,510,267,938,324,633,545,21,981,266,99,599,479,349,927,451,733,501,788,957,329,537,729,507,390,756,168,705,946,888,137,645,789,382,971,635,735,720,897,429,901,601,574,878,658,591,34,571,640,604,846,587,327,956,493,59,308,689,443,339,526,333,454,487,600,950,359,730,79,965,903,772,233,97,764,326,924,726,948,760,119,361,374,234,192,445,130,667,398,694,3,502,457,639,686,680,966,132,275,255,657,346,734,131,517,556,272,879,219,376,196,860,338,939,589,717,81,701,113,482,503,224,728,77,14,427,277,381,799,371,991,524,739,114,207,665,347,298,747,784,220,630,411,970,162,554,552,607,240,570,890,825,500,796,400,703,169,90,608,830,944,546,399,95,678,718,955,436,31,301,914,433,973,711,568,316,199,1,792,426,953,178,699,386,628,988,759,244,557,88,213,547,435,446,200,736,108,401,138,405,868,203,495,444,905,153,263,803,585,750,719,693,304,364,827,447,615,892,380,637,39,106,780,321,325,75,969,247,300,982,48,815,236,551,560,933,418,638,470,651,776,697,442,491,631,795,695,786,28,672,183,960,227,184,773,141,428,167,115,150,918,833,271,392,296,441,256,17,41,916,44,885,757,20,871,808,16,610,60,2,96,306,93,886,368,753,578,13,761,431,15,223,593,490,288,50,360,550,249,768,456,76,462,611,430,714,712,409,36,696,424,58,521,859,73,253,120,469,662,614,389,449,394,239,569,252,124,265,919,416,215,872,241,877,561,230,707,172,139,226,270,92,564,954,231,840,866,874,766,448,305,309,539,22,5,53,738,72,613,806,129,437,649,146,206,189,292,548,181,294,974,559,752,563,807,375,763,319,961,737,369,802,165,816,317,536,245,690,952,313,642,782,567,229,140,434,940,541,193,713,947,248,984,82,814,896,746,406,40,931,259,774,177,801,880,343,755,562,179,320,882,344,378,126,335,415,754,118,980,12,511,624,408,856,23,367,584,887,636,659,156,826,185,575,911,202,861,62,851,280,477,105,532,992,895,618,516,530,395,800,744,18,42,52,464,159,145,823,893,83,620,318,158,666,251,622,544,580,149,417,353,481,813,742,864,820,494,817,937,818,465,297,273,285,71,135,845,648,775,854,983,928,372,332,685,889,204,322,528,25,740,660,725,311,473,385,450,579,383,852,497,838,967,850,951,932,884,977,170,941,198,684,387,425,583,506,136,107,334,242,201,609,920,592,553,195,29,745,670,520,466,274,835,590,33,98,483,260,345,243,979,627,
value : 394.904 running time : 2389.018675
0 80 20
103 67.6084 15.1959
504 66.9348 16.5646
831 66.3332 17.7868
721 66.1448 18.1696
176 65.7396 18.9927
24 65.2341 20.0198
777 64.7835 20.9353
581 64.2695 21.9795
295 63.7213 23.0933
598 63.1629 24.2277
959 62.5268 25.5201
419 61.8774 26.8395
751 61.7061 27.5493
55 61.5717 28.1062
6 61.4431 28.6389
819 61.3156 29.1674
865 61.1699 29.7712
555 61.1021 30.0519
355 61.0318 30.3434
873 60.972 30.591
785 60.905 30.8687
164 60.8419 31.13
209 60.7489 31.5155
644 60.4824 35.4237
821 60.453 35.8547
27 60.4202 36.3348
681 60.385 36.8525
358 60.3486 37.3856
19 60.3139 37.894
828 60.2773 38.4317
232 60.2355 39.0448
197 60.2031 39.5188
844 60.2089 39.7696
716 60.2148 40.0259
906 60.2206 40.2773
314 60.2261 40.5164
978 60.2318 40.7647
634 60.237 40.9932
323 60.2426 41.2341
45 60.248 41.47
781 60.2538 41.7201
926 60.2617 42.0658
396 60.2679 42.3358
217 60.2709 42.4633
357 60.2741 42.6035
519 60.2773 42.7456
63 60.2799 42.8578
66 60.2826 42.9731
377 60.2854 43.096
43 60.2886 43.236
623 60.292 43.3815
675 60.2948 43.5046
262 60.298 43.6457
842 60.3009 43.7686
606 60.3035 43.8821
875 60.3063 44.0029
70 60.3092 44.1303
870 60.3117 44.2391
117 60.3145 44.3625
143 60.3171 44.4729
930 60.3194 44.5747
492 60.3221 44.6928
69 60.3245 44.7976
594 60.4039 45.419
458 60.4893 46.0882
843 60.9443 49.6513
975 62.8836 64.8375
190 62.8836 64.8375
810 62.8836 64.8375
315 62.8836 64.8375
942 62.8836 64.8375
656 62.8836 64.8375
110 62.8836 64.8375
152 62.8836 64.8375
668 62.8836 64.8375
847 62.8836 64.8375
173 62.8836 64.8375
290 62.8836 64.8375
293 62.8836 64.8375
509 62.8836 64.8375
867 62.8836 64.8375
68 62.8836 64.8375
478 62.8836 64.8375
964 62.8836 64.8375
962 62.8836 64.8375
35 62.8836 64.8375
767 62.8836 64.8375
485 62.8836 64.8375
654 62.8836 64.8375
900 62.8836 64.8375
340 62.8836 64.8375
605 62.8836 64.8375
393 62.8836 64.8375
67 62.8836 64.8375
727 62.8836 64.8375
51 62.8836 64.8375
432 62.8836 64.8375
837 62.8836 64.8375
538 62.6674 64.8346
650 62.4613 64.8318
904 62.2364 64.8287
595 62.0155 64.8257
102 61.7912 64.8227
987 61.4995 64.8187
515 61.2231 64.815
109 60.9535 64.8113
647 60.7305 64.8083
460 60.4953 64.8051
907 60.2582 64.8019
832 60.0162 64.7986
420 59.8072 64.7958
85 59.5502 64.7923
238 59.3305 64.7893
577 59.0891 64.786
769 58.8804 64.7832
282 58.6808 64.7804
671 58.5015 64.778
112 57.7313 64.7517
9 56.9942 64.7265
440 56.2508 64.7011
582 55.4281 64.673
208 54.68 64.6474
84 53.8769 64.6199
235 53.048 64.5916
188 52.3623 64.5682
793 51.5567 64.5406
743 50.6783 64.5106
459 49.7404 64.4785
291 49.0022 64.4533
365 48.7826 64.4458
779 48.739 64.4443
617 48.6959 64.4428
94 48.6457 64.4411
171 48.5873 64.4391
216 48.5422 64.4376
632 48.4931 64.4359
471 48.4403 64.4341
286 48.3964 64.4326
468 48.3448 64.4308
798 48.2871 64.4288
350 48.229 64.4268
921 48.1987 64.4258
281 48.1342 64.4236
597 48.0664 64.4213
163 47.9936 64.4188
104 47.9295 64.4166
91 47.8783 64.4149
791 47.8233 64.413
625 47.7632 64.4109
453 47.6911 64.4085
523 47.6146 64.4058
765 47.5477 64.4036
968 47.4912 64.4016
410 47.4223 64.3993
264 47.3575 64.3971
134 47.2928 64.3948
144 47.2298 64.3927
621 47.1733 64.3908
676 47.1131 64.3887
186 47.055 64.3867
533 46.9786 64.3841
910 46.9133 64.3819
986 46.8575 64.38
855 46.7956 64.3778
513 46.7272 64.3755
54 46.6573 64.3731
175 46.5938 64.3709
923 46.5393 64.3691
732 46.4746 64.3669
161 46.4162 64.3649
894 46.3438 64.3624
715 46.2726 64.36
225 46.2072 64.3577
804 46.1434 64.3555
596 46.0771 64.3533
724 46.0192 64.3513
762 46.0192 64.3513
404 46.0062 64.324
101 45.9913 64.2927
576 45.9793 64.2677
80 45.9684 64.2448
558 45.9556 64.218
683 45.9437 64.1931
857 45.9326 64.1698
976 45.9198 64.143
498 45.8587 64.0148
484 45.8119 63.9167
540 45.7602 63.8085
922 44.2902 60.7276
56 43.6132 59.3087
891 42.59 57.1643
237 42.0646 56.063
276 41.5957 55.0802
370 41.3669 54.6007
809 41.1311 54.1063
210 40.8705 53.5602
912 40.6322 53.0607
30 40.3632 52.497
839 40.0654 51.8728
127 39.7454 51.2021
945 39.4195 50.519
929 39.0838 49.8156
472 38.6711 48.9506
388 38.2157 47.9961
848 38.1375 47.8322
180 38.0531 47.6554
543 37.9604 47.4609
49 37.8862 47.3056
692 37.8051 47.1355
790 37.7322 46.9827
89 37.6677 46.8476
989 37.5898 46.6842
147 37.5166 46.531
783 37.4361 46.3621
876 37.3628 46.2085
356 37.2872 46.0502
302 37.2136 45.8957
522 37.1435 45.7489
461 37.0672 45.589
438 36.9735 45.3926
155 36.9031 45.2451
414 36.8228 45.0767
535 36.7504 44.9251
706 36.6838 44.7854
525 36.6176 44.6466
566 36.5551 44.5158
452 36.4897 44.3785
38 36.4177 44.2277
512 36.3532 44.0925
529 36.2732 43.9248
269 36.2136 43.8001
778 36.1465 43.6593
913 36.0697 43.4983
811 35.9881 43.3274
664 35.9178 43.1801
37 35.8545 43.0474
342 35.7998 42.9327
11 35.7101 42.7447
508 35.6332 42.5835
413 35.5553 42.4204
688 35.4765 42.255
862 35.3474 41.9845
475 35.2071 41.6905
480 35.2013 41.6524
257 35.1957 41.6159
194 35.1909 41.5842
723 35.1858 41.5507
687 35.1811 41.5195
748 35.1766 41.49
619 35.1721 41.4603
397 35.1673 41.429
917 35.1626 41.3979
603 35.1581 41.3683
829 34.0344 33.9862
121 34.0697 33.8772
612 34.2559 33.3012
205 34.48 32.608
250 35.6157 29.0945
679 35.615 29.0837
7 35.6142 29.072
278 35.6132 29.0586
379 35.6123 29.0458
586 35.6115 29.0338
626 35.6105 29.0208
486 35.6098 29.0099
354 35.6089 28.9975
26 35.6081 28.9858
787 35.6073 28.9751
853 35.6066 28.9647
934 35.6057 28.9523
421 35.6049 28.9411
307 35.604 28.9281
160 35.6032 28.9164
221 35.6023 28.9042
261 35.6015 28.892
824 35.6007 28.8805
549 35.5999 28.8698
834 35.5991 28.8582
467 35.5982 28.8462
915 35.5974 28.834
191 35.5966 28.8235
869 35.5958 28.812
935 35.5951 28.8011
151 35.5932 28.7749
289 35.4154 26.252
363 35.1557 22.5655
310 35.0647 21.2744
111 34.9838 20.1261
883 34.8984 18.9144
704 34.8077 17.6273
337 34.722 16.4118
518 34.6192 14.9534
669 34.3782 14.9781
246 34.1702 14.9993
287 33.9987 15.0168
407 33.806 15.0365
573 33.6092 15.0566
64 33.3967 15.0784
351 33.2118 15.0973
653 33.0359 15.1152
602 26.5328 15.78
709 26.5328 15.78
284 26.5328 15.78
822 26.5328 15.78
439 24.7787 15.6173
899 23.0893 15.4606
254 21.5924 15.3218
674 20.0246 15.1764
643 19.6654 15.1431
641 19.2422 15.1038
488 18.8179 15.0645
8 18.4075 15.0264
474 18.0008 14.9887
402 17.5662 14.9484
902 17.1581 14.9105
741 16.6639 14.8647
348 16.2413 14.8255
702 15.8536 14.7895
682 15.2986 14.7381
629 14.839 14.6954
331 14.4294 14.6574
588 14.1446 14.631
881 13.842 14.603
61 13.5367 14.5747
812 13.3519 14.5575
646 13.3257 14.7804
722 13.3012 14.9884
661 13.022 17.358
187 12.8312 18.9787
211 12.7815 20.2859
366 12.7198 21.9125
362 12.6415 23.9744
86 12.5197 27.18
258 12.5148 27.3085
455 12.5099 27.4372
673 12.505 27.5677
412 12.5001 27.6968
898 12.4238 29.704
514 12.4153 29.9295
87 12.407 30.1463
710 12.3996 30.3412
794 12.3916 30.5497
299 12.3834 30.765
985 12.3744 31.0001
836 12.3664 31.2102
572 12.3579 31.4335
74 12.3489 31.6715
958 12.3387 31.9381
943 12.3306 32.1517
700 12.3212 32.3962
133 12.3133 32.6043
963 12.305 32.8218
4 12.2797 33.4862
32 12.2435 34.4356
46 12.2106 35.3008
283 12.183 36.0238
268 12.1573 36.6986
330 12.1194 37.6928
10 12.0894 38.4814
65 12.0591 39.2754
328 12.022 40.2507
499 11.988 41.1431
403 11.9616 41.8351
125 11.9489 42.1694
373 11.933 42.5858
655 11.9201 42.9238
384 11.9061 43.291
78 11.8914 43.6787
863 11.8761 44.0805
663 11.8595 44.5158
909 11.8419 44.9788
677 11.8243 45.4411
565 11.8143 45.703
303 11.8074 45.8829
858 11.8009 46.0529
154 11.7945 46.2231
352 11.7873 46.4117
341 11.7803 46.594
279 11.7729 46.7903
214 11.7658 46.9745
174 11.7599 47.1305
166 11.7535 47.2991
708 11.7482 47.4371
542 11.7437 47.5554
990 11.7393 47.6703
182 11.7339 47.8118
212 11.7291 47.9375
770 11.7237 48.0798
489 11.7177 48.2383
758 11.7121 48.384
100 11.7065 48.5327
749 11.7013 48.6694
47 11.6958 48.8136
936 11.6907 48.9459
731 11.686 49.0709
698 11.6805 49.2157
797 11.6753 49.3511
652 11.6698 49.4956
422 11.6638 49.6541
849 11.6588 49.7855
616 11.6554 49.873
57 11.6513 49.9808
841 11.6476 50.0785
228 11.644 50.1732
771 11.6399 50.2801
908 11.6356 50.3942
336 11.631 50.5131
148 11.6272 50.6138
218 11.6224 50.7389
505 11.6183 50.849
972 11.6138 50.9649
925 11.6096 51.0756
805 11.606 51.1697
496 11.6025 51.2628
391 11.5984 51.371
691 11.5939 51.4877
122 11.5901 51.5879
949 11.6235 51.6343
463 11.6552 51.6783
423 11.6881 51.7239
157 11.7216 51.7705
476 11.7601 51.8238
534 11.7954 51.8728
116 11.8275 51.9174
527 11.8839 51.9956
312 11.9359 52.0679
222 11.9973 52.153
128 12.0563 52.2349
531 12.5167 52.8739
142 12.8689 53.3627
123 13.2202 53.8503
510 17.0068 59.1055
267 18.4296 61.0802
938 18.6384 61.37
324 18.8728 61.6953
633 19.1171 62.0343
545 20.0276 63.298
21 22.063 66.1228
981 22.0686 66.1306
266 22.0755 66.1401
99 22.0818 66.1488
599 22.0877 66.1571
479 22.0939 66.1657
349 22.1 66.1741
927 22.1062 66.1827
451 22.1119 66.1907
733 22.1186 66.1999
501 22.1254 66.2094
788 22.1315 66.2179
957 22.1376 66.2263
329 22.1436 66.2346
537 22.1506 66.2443
729 22.1563 66.2523
507 22.1625 66.2609
390 22.1693 66.2703
756 22.1754 66.2788
168 22.1818 66.2877
705 22.1877 66.2958
946 22.1947 66.3056
888 22.2013 66.3147
137 22.2074 66.3231
645 22.2136 66.3318
789 22.2196 66.3401
382 22.2251 66.3478
971 22.2313 66.3563
635 22.2373 66.3647
735 22.2428 66.3724
720 22.249 66.381
897 22.2549 66.3891
429 22.2613 66.398
901 22.2678 66.407
601 22.2745 66.4163
574 22.282 66.4266
878 22.2888 66.4361
658 22.2888 66.4361
591 22.2888 66.4361
34 22.2888 66.4361
571 22.2888 66.4361
640 22.2888 66.4361
604 22.2888 66.4361
846 22.2888 66.4361
587 22.2888 66.4361
327 22.2888 66.4361
956 22.2888 66.4361
493 22.2888 66.4361
59 22.3928 66.9887
308 22.5571 67.8625
689 22.6847 68.5404
443 22.4779 68.5698
339 22.2936 68.596
526 22.1342 68.6187
333 21.9744 68.6415
454 21.8127 68.6645
487 21.5954 68.6954
600 21.4141 68.7212
950 21.2357 68.7466
359 21.0744 68.7696
730 20.8353 68.8036
79 20.5911 68.8384
965 20.3272 68.8759
903 20.0542 68.9148
772 19.749 68.9582
233 19.4691 68.9981
97 18.5517 69.1287
764 17.8316 69.2312
326 17.1221 69.3321
924 16.4117 69.4332
726 15.6034 69.5483
948 14.718 69.6744
760 13.9666 69.7813
119 13.4086 69.8607
361 12.8591 69.9389
374 12.2145 70.0307
234 11.6334 70.1134
192 11.6102 70.1167
445 11.585 70.1203
130 11.563 70.1234
667 11.5363 70.1272
398 11.5137 70.1305
694 11.4861 70.1344
3 11.4628 70.1377
502 11.4393 70.1411
457 11.4126 70.1449
639 11.385 70.1488
686 11.3601 70.1523
680 11.3373 70.1556
966 11.3109 70.1593
132 11.2905 70.1622
275 11.266 70.1657
255 11.2346 70.1702
657 11.209 70.1738
346 11.184 70.1774
734 11.1567 70.1813
131 11.1327 70.1847
517 11.1063 70.1885
556 11.0829 70.1918
272 11.0601 70.195
879 11.0347 70.1987
219 11.0092 70.2023
376 10.9842 70.2058
196 10.9599 70.2093
860 10.9348 70.2129
338 10.9086 70.2166
939 10.8809 70.2205
589 10.858 70.2238
717 10.8343 70.2272
81 10.8139 70.2301
701 10.792 70.2332
113 10.7669 70.2368
482 10.7393 70.2407
503 10.7112 70.2447
224 10.681 70.249
728 10.6548 70.2527
77 10.6286 70.2565
14 10.6039 70.26
427 10.5798 70.2634
277 10.5547 70.267
381 10.5284 70.2707
799 10.504 70.2742
371 10.4807 70.2775
991 10.4592 70.2806
524 10.4381 70.2836
739 10.4137 70.2871
114 10.3874 70.2908
207 10.3581 70.295
665 10.3327 70.2986
347 10.307 70.3023
298 10.3045 70.5561
747 10.3024 70.7674
784 10.3 71.0113
220 10.2973 71.2812
630 10.295 71.5222
411 10.2925 71.7727
970 10.2898 72.044
162 10.2869 72.3369
554 10.2841 72.6297
552 10.2833 72.7068
607 10.2824 72.8029
240 10.2813 72.9124
570 10.2803 73.0083
890 10.2795 73.0953
825 10.2787 73.1792
500 10.2779 73.2612
796 10.277 73.3486
400 10.2762 73.4312
703 10.2754 73.5148
169 10.2527 75.7717
90 10.239 77.1415
608 10.2274 78.3089
830 10.2197 79.0935
944 10.2117 79.8939
546 10.2038 80.6975
399 10.1958 81.5006
95 10.1883 82.2584
678 10.1812 82.9764
718 10.178 83.2992
955 10.175 83.6139
436 10.1717 83.9461
31 10.1683 84.2901
301 10.1647 84.6536
914 10.1614 84.9958
433 10.1583 85.3123
973 10.1544 85.7058
711 10.1511 86.0446
568 10.1482 86.3356
316 10.1455 86.6147
199 10.1426 86.9098
1 10.1398 87.1886
792 10.1372 87.4555
426 10.1344 87.7386
953 10.1314 88.053
178 10.1285 88.3433
699 10.1251 88.6912
386 10.1217 89.032
628 10.1186 89.3499
988 10.1152 89.6967
759 10.1169 89.6967
244 10.119 89.6966
557 10.1206 89.6966
88 10.1222 89.6966
213 10.1234 89.6966
547 10.1249 89.6965
435 10.1265 89.6965
446 10.128 89.6965
200 10.1295 89.6965
736 10.1309 89.6964
108 10.1323 89.6964
401 10.1338 89.6964
138 10.1354 89.6963
405 10.1368 89.6963
868 10.1382 89.6963
203 10.1398 89.6963
495 10.1415 89.6962
444 10.1428 89.6962
905 10.1442 89.6962
153 10.1456 89.6962
263 10.147 89.6961
803 10.1485 89.6961
585 10.15 89.6961
750 10.1516 89.6961
719 10.153 89.696
693 10.1545 89.696
304 10.1561 89.696
364 10.1575 89.696
827 10.1589 89.6959
447 10.1603 89.6959
615 10.1617 89.6959
892 10.1632 89.6959
380 10.1646 89.6958
637 10.166 89.6958
39 10.1674 89.6958
106 10.1689 89.6957
780 10.1704 89.6957
321 10.1718 89.6957
325 10.1732 89.6957
75 10.1745 89.6956
969 10.4543 89.6905
247 10.759 89.685
300 11.0462 89.6798
982 11.7839 89.6664
48 12.5461 89.6526
815 13.3081 89.6387
236 14.0802 89.6247
551 14.9157 89.6096
560 16.5224 89.5801
933 18.861 89.5378
418 20.5204 89.5079
638 21.9791 89.4813
470 23.043 89.4619
651 23.1758 89.4595
776 23.3155 89.4569
697 23.4783 89.454
442 23.6206 89.4514
491 23.7887 89.4483
631 23.968 89.4451
795 24.1432 89.4419
695 24.2923 89.4391
786 24.4622 89.436
28 24.6207 89.4332
672 24.7824 89.4302
183 24.9264 89.4276
960 25.0889 89.4246
227 25.1509 89.2899
184 25.2459 89.0833
773 25.261 89.0814
141 25.2742 89.0797
428 25.286 89.0783
167 25.2976 89.0768
115 25.3082 89.0755
150 25.3225 89.0737
918 25.3354 89.0721
833 25.3471 89.0707
271 25.3615 89.0689
392 25.3743 89.0673
296 25.3854 89.0659
441 25.3961 89.0646
256 25.4089 89.063
17 25.4189 89.0617
41 25.4314 89.0602
916 25.4427 89.0588
44 25.4559 89.0571
885 25.4691 89.0555
757 25.4824 89.0538
20 25.4949 89.0522
871 25.507 89.0508
808 25.5214 89.049
16 25.5338 89.0474
610 25.5462 89.0459
60 25.5596 89.0442
2 25.5724 89.0426
96 25.5835 89.0412
306 25.5939 89.0399
93 25.6042 89.0386
886 25.6166 89.0371
368 25.6289 89.0356
753 25.6411 89.034
578 25.6542 89.0324
13 25.6657 89.031
761 25.6792 89.0293
431 25.6914 89.0278
15 25.7036 89.0263
223 25.7784 89.017
593 25.8349 89.0099
490 25.8979 89.0021
288 25.9567 88.9948
50 26.017 88.9872
360 26.0784 88.9796
550 26.1452 88.9713
249 26.2059 88.9637
768 26.268 88.956
456 26.3321 88.948
76 26.3991 88.9397
462 26.4568 88.9325
611 26.568 88.9187
430 26.6687 88.9061
714 26.7657 88.894
712 26.9411 88.8722
409 27.1455 88.8468
36 27.3391 88.8227
696 27.5253 88.7995
424 27.7071 88.7768
58 27.8977 88.7531
521 28.1063 88.7271
859 28.4459 88.6849
73 28.7994 88.6409
253 29.1367 88.5989
120 29.4731 88.557
469 29.7836 88.5183
662 34.8211 87.8909
614 34.9235 87.8949
389 35.0258 87.8988
449 35.1289 87.9028
394 35.2302 87.9067
239 35.3356 87.9108
569 35.4231 87.9141
252 35.5062 87.9173
124 35.5969 87.9208
265 35.6961 87.9246
919 35.761 87.9271
416 35.8324 87.9299
215 35.8976 87.9324
872 35.9581 87.9347
241 36.0281 87.9374
877 36.0958 87.94
561 36.1642 87.9427
230 36.2268 87.9451
707 36.2912 87.9476
172 36.3578 87.9501
139 36.4238 87.9527
226 36.4826 87.9549
270 36.5478 87.9574
92 36.6124 87.9599
564 36.6851 87.9627
954 36.7423 87.9649
231 37.6902 88.0016
840 38.6639 88.0393
866 39.6096 88.076
874 40.5287 88.1115
766 40.5807 88.1135
448 40.6335 88.1155
305 40.6918 88.1178
309 40.7429 88.1198
539 40.7963 88.1218
22 40.847 88.1238
5 40.9031 88.1259
53 40.9031 88.1259
738 40.9031 88.1259
72 40.9031 88.1259
613 40.9031 88.1259
806 40.9031 88.1259
129 40.9031 88.1259
437 40.9031 88.1259
649 40.9031 88.1259
146 40.9031 88.1259
206 40.9031 88.1259
189 40.9031 88.1259
292 40.9031 88.1259
548 40.9031 88.1259
181 40.9031 88.1259
294 40.9031 88.1259
974 40.9031 88.1259
559 40.9031 88.1259
752 40.9031 88.1259
563 42.658 88.12
807 43.5659 88.1169
375 44.5861 88.1135
763 45.5762 88.1102
319 46.5993 88.1067
961 47.71 88.103
737 48.6799 88.0997
369 49.0793 88.0983
802 49.4404 88.0971
165 49.8289 88.0958
816 50.2857 88.0943
317 50.6713 88.093
536 50.7197 88.0928
245 50.7758 88.0926
690 50.8341 88.0924
952 50.8881 88.0922
313 50.9426 88.0921
642 50.9946 88.0919
782 51.0552 88.0917
567 51.1184 88.0915
229 51.1695 88.0913
140 51.2157 88.0911
434 51.2632 88.091
940 51.3116 88.0908
541 51.3594 88.0907
193 51.409 88.0905
713 51.4631 88.0903
947 51.5211 88.0901
248 51.5752 88.0899
984 51.637 88.0897
82 51.6822 88.0896
814 51.7346 88.0894
896 51.7932 88.0892
746 51.8463 88.089
406 51.9032 88.0888
40 51.9645 88.0886
931 52.0264 88.0884
259 52.0766 88.0882
774 52.1277 88.0881
177 52.1864 88.0879
801 52.2356 88.0877
880 52.2776 88.0876
343 52.3189 88.0874
755 52.3666 88.0873
562 52.4183 88.0871
179 52.4746 88.0869
320 52.526 88.0867
882 52.5803 88.0865
344 52.6388 88.0863
378 52.6923 88.0862
126 52.7281 88.086
335 52.7691 88.0859
415 52.8071 88.0858
754 52.8465 88.0856
118 52.8862 88.0855
980 52.9243 88.0854
12 52.9629 88.0852
511 52.9973 88.0851
624 53.0358 88.085
408 53.0749 88.0849
856 53.1177 88.0847
23 53.1564 88.0846
367 53.1961 88.0845
584 53.2359 88.0843
887 53.2719 88.0842
636 53.3056 88.0841
659 53.3409 88.084
156 53.3803 88.0838
826 53.423 88.0837
185 53.4697 88.0835
575 53.5097 88.0834
911 53.5463 88.0833
202 53.5826 88.0832
861 53.6167 88.083
62 53.6532 88.0829
851 53.6918 88.0828
280 53.731 88.0827
477 53.7704 88.0825
105 53.8008 88.0824
532 54.161 88.0812
992 54.7226 88.0793
895 55.1714 88.0778
618 55.7279 88.0759
516 56.2644 88.0741
530 56.8156 88.0723
395 57.4716 88.07
800 58.0867 88.068
744 68.6885 88.0312
18 68.9102 88.0377
42 69.137 88.0443
52 69.3878 88.0516
464 69.6546 88.0594
159 69.9596 88.0683
145 70.2152 88.0757
823 70.4838 88.0836
893 70.7733 88.092
83 70.9459 88.097
620 71.1165 88.102
318 71.3144 88.1078
158 71.515 88.1136
666 71.7131 88.1194
251 71.8987 88.1248
622 72.086 88.1303
544 72.2909 88.1362
580 72.5119 88.1427
149 72.6391 88.1464
417 72.7709 88.1502
353 72.8998 88.154
481 73.0277 88.1577
813 73.1727 88.162
742 73.3193 88.1662
864 73.4568 88.1702
820 73.5943 88.1742
494 73.7126 88.1777
817 73.8203 88.1808
937 73.9624 88.185
818 74.1156 88.1894
465 74.2561 88.1935
297 74.3984 88.1977
273 74.5628 88.2025
285 75.1688 88.2202
71 75.7748 88.2378
135 76.5883 88.2615
845 77.1147 88.2769
648 77.7967 88.2968
775 78.3966 88.3143
854 79.1514 88.3363
983 80.0468 88.3624
928 80.8327 88.3853
372 86.325 80.032
332 86.316 79.9494
685 86.3101 79.8948
889 86.3034 79.8336
204 86.2927 79.7348
322 86.2841 79.6562
528 86.2594 79.4291
25 86.2406 79.256
740 86.2174 79.0429
660 86.1945 78.8327
725 86.1747 78.6513
311 86.1479 78.405
473 86.124 78.1856
385 85.7739 74.9684
450 85.5874 73.2555
579 85.4032 71.5632
383 84.9407 67.3136
852 84.5411 63.6421
497 84.1365 59.9247
838 84.0356 58.998
967 83.9429 58.1455
850 83.8607 57.3905
951 83.8551 57.3393
932 83.8497 57.2895
884 83.8445 57.2417
977 83.8393 57.1944
170 83.8337 57.1427
941 83.8283 57.0929
198 83.8254 56.9406
684 83.8227 56.7979
387 83.8197 56.6407
425 83.8168 56.4861
583 83.8143 56.3519
506 83.8118 56.2201
136 83.809 56.073
107 83.8065 55.941
334 83.8041 55.8178
242 83.8015 55.6773
201 83.7989 55.5437
609 83.6861 49.5825
920 83.681 49.3118
592 83.6756 49.0306
553 83.6707 48.7718
195 83.6526 47.8132
29 83.6344 46.8563
745 83.6186 46.0225
670 83.6075 45.4357
520 83.849 42.9089
466 83.9982 41.3475
274 84.2122 39.1082
835 84.4459 36.662
590 84.7361 33.6257
33 85.0231 30.6226
98 85.3726 26.9647
483 86.2684 17.5916
260 86.2684 17.5916
345 85.9285 17.7222
243 85.5728 17.8589
979 85.1087 18.0372
627 84.6446 18.2155
