0,979,243,260,483,627,520,98,345,33,232,195,592,745,425,590,835,609,274,684,170,107,506,242,136,920,29,951,967,387,838,884,497,579,478,867,962,977,334,932,941,198,975,152,332,837,51,201,385,383,372,528,740,889,648,725,25,473,322,685,450,311,660,204,983,893,135,928,742,251,464,318,580,353,145,864,158,185,823,494,584,149,813,620,911,544,285,465,845,666,52,42,992,820,202,984,575,118,567,754,159,83,18,417,481,817,854,622,297,744,801,931,937,177,395,273,12,509,818,775,315,904,847,727,654,460,71,67,987,140,668,800,582,94,369,415,378,335,832,317,515,225,410,9,484,280,91,632,432,248,910,855,468,563,80,109,126,857,782,208,779,976,724,294,350,755,193,826,814,516,62,774,245,539,887,952,229,921,179,40,895,769,642,477,690,880,259,536,561,530,659,344,624,618,816,980,851,947,239,343,896,165,856,23,532,763,181,105,713,305,72,541,416,746,559,156,129,367,961,940,861,737,434,882,320,406,82,313,408,375,189,511,5,859,866,766,874,22,206,752,448,974,139,265,96,141,808,613,738,394,53,309,215,569,389,707,172,548,146,92,449,271,230,437,36,319,638,872,167,60,470,649,73,2,253,877,840,16,918,550,806,919,672,604,462,50,611,916,392,227,296,183,409,418,456,442,714,712,593,20,306,768,15,521,491,786,430,631,610,231,28,960,885,120,696,150,76,17,761,44,441,58,973,933,446,316,200,776,115,651,95,304,827,380,435,711,693,759,288,833,236,368,699,871,13,469,31,905,780,753,982,495,301,93,750,199,890,447,914,969,213,554,988,955,830,546,639,386,360,178,436,90,444,944,718,433,792,736,401,557,153,203,224,570,815,719,547,108,346,240,138,48,106,247,169,637,953,678,585,364,868,1,39,803,405,263,568,300,615,374,249,244,399,424,490,426,457,796,628,479,658,326,220,950,162,695,946,398,886,88,551,275,578,552,184,537,256,252,270,773,41,795,600,730,591,726,635,560,333,825,757,428,124,454,789,266,431,903,697,888,487,571,21,608,168,574,772,327,735,901,493,645,701,587,308,79,756,596,954,104,501,662,226,788,144,526,540,137,404,523,241,614,292,636,223,564,689,562,765,235,894,513,459,163,807,802,134,732,878,676,171,291,175,929,839,49,922,778,715,957,603,640,897,349,965,390,56,34,54,688,510,324,382,89,453,359,809,912,804,558,30,180,625,286,365,69,161,683,492,282,647,597,791,968,440,281,798,743,498,964,216,84,605,907,617,810,793,671,393,238,112,986,186,762,173,485,117,68,85,923,577,262,767,290,553,340,650,538,110,900,293,656,35,420,852,595,942,396,190,102,583,850,466,217,143,978,43,644,930,519,188,670,875,594,357,842,926,314,606,55,458,781,634,358,906,66,63,751,828,821,45,675,27,623,70,355,917,127,210,101,370,276,843,197,870,945,257,862,783,237,471,576,621,472,533,264,461,844,342,716,155,512,452,19,935,250,586,194,278,748,822,790,379,865,934,467,191,549,612,307,421,302,664,160,848,989,692,522,723,535,853,7,566,151,687,480,267,706,413,876,508,38,619,475,891,811,679,525,59,438,507,403,949,205,388,869,913,356,543,529,545,486,938,797,269,37,655,414,11,228,397,505,663,233,633,147,391,182,908,114,599,451,733,174,729,279,691,705,534,336,422,927,981,936,196,698,329,846,131,524,601,971,924,132,720,680,948,970,503,764,429,81,371,219,665,739,99,338,272,75,443,113,728,860,892,339,321,630,325,376,500,445,130,717,784,991,694,517,607,14,77,298,255,207,734,939,347,234,747,192,667,966,657,381,400,119,427,556,799,531,677,277,879,361,686,3,411,482,502,703,97,708,925,218,527,116,749,47,157,760,122,166,849,100,972,565,463,589,214,222,303,805,489,142,312,731,154,616,328,499,283,770,212,46,330,956,758,858,841,542,384,341,78,771,423,148,32,352,990,909,652,57,128,123,863,10,958,476,985,700,87,496,373,829,125,943,402,710,187,74,572,86,514,898,674,412,794,646,61,348,455,331,4,362,299,133,741,641,722,812,488,211,881,8,474,629,588,673,682,963,258,268,121,787,702,915,902,254,709,354,221,602,65,661,836,643,704,284,899,824,407,366,439,246,669,653,310,883,287,518,351,26,573,111,337,626,64,363,261,209,873,785,555,419,834,295,681,831,289,377,6,819,164,323,959,598,176,581,777,504,24,103,721,
value : 541.891 running time : 35.431367
0 80 20
979 83.7133 18.5733
243 85.4663 17.8998
260 86.2684 17.5916
483 86.2684 17.5916
627 85.9019 19.9414
520 85.027 25.5513
98 84.9329 26.1541
345 84.8515 26.6764
33 83.7571 33.6929
232 82.2466 43.378
195 82.2719 43.5355
592 82.2943 43.675
745 82.3156 43.8074
425 82.3393 43.9547
590 82.3591 44.0779
835 82.5093 45.0129
609 82.6706 46.0164
274 82.8773 47.303
684 83.1741 49.1497
170 83.2271 49.4798
107 83.2754 49.7803
506 83.3204 50.0604
242 83.3581 50.2949
136 83.3948 50.5233
920 83.431 50.7484
29 83.4683 50.9808
951 83.575 51.6445
967 83.6752 52.2684
387 83.7793 52.9158
838 83.8818 53.5537
884 83.9882 54.2161
497 84.1003 54.9138
579 78.1575 63.1524
478 77.5663 63.972
867 77.5663 63.972
962 77.5663 63.972
977 77.5663 63.972
334 77.5663 63.972
932 77.5663 63.972
941 77.5932 64.1163
198 77.6215 64.2677
975 77.8747 65.6242
152 78.124 66.9596
332 78.3805 68.3339
837 78.6226 69.6308
51 78.842 70.8056
201 79.4351 71.7245
385 80.3347 73.1182
383 81.3564 74.7011
372 86.0252 81.9345
528 85.9504 82.0189
740 85.873 82.1062
889 85.8029 82.1853
648 85.732 82.2654
725 85.6648 82.3411
25 85.6073 82.406
473 85.5381 82.4841
322 85.4744 82.556
685 85.4213 82.6159
450 85.3691 82.6748
311 85.2191 82.8441
660 85.0506 83.0342
204 83.9306 84.2979
983 80.3355 88.3546
893 80.102 88.618
135 79.8893 88.858
928 79.733 89.0344
742 77.8009 89.6904
251 75.7903 90.373
464 74.428 90.8355
318 73.8248 91.0403
580 73.2629 91.2311
353 72.7057 91.4202
145 72.1589 91.6059
864 71.6351 91.7837
158 70.9848 92.0045
185 70.3226 92.2293
823 69.8534 92.3887
494 69.3745 92.5512
584 68.7698 92.7565
149 68.6406 92.8004
813 68.5105 92.8446
620 68.3505 92.8989
911 68.1938 92.9521
544 68.1938 92.9521
285 68.1938 92.9521
465 68.1938 92.9521
845 68.1938 92.9521
666 68.1938 92.9521
52 68.1938 92.9521
42 68.1938 92.9521
992 68.1938 92.9521
820 68.1938 92.9521
202 67.5406 91.6999
984 67.0537 90.7666
575 66.5723 89.8436
118 66.3388 89.3961
567 66.1248 88.9858
754 65.9073 88.5689
159 65.7634 88.2931
83 65.4421 87.677
18 65.2076 87.2275
417 65.0126 86.8537
481 64.952 86.7376
817 64.8967 86.6317
854 64.8335 86.5105
622 64.7546 86.3591
297 64.6741 86.2048
744 64.5959 86.0549
801 64.5287 85.9261
931 64.4641 85.8024
937 64.4007 85.6808
177 64.3386 85.5617
395 64.2694 85.4291
273 64.2065 85.3086
12 64.1331 85.1677
509 64.0635 85.0343
818 64.0127 84.9369
775 63.2838 83.737
315 62.4199 82.3149
904 61.824 81.3341
847 61.3352 80.5293
727 60.9107 79.8306
654 60.5267 79.1983
460 60.1575 78.5906
71 59.7871 77.9809
67 58.9487 76.6007
987 58.6773 76.5621
140 58.4104 76.5242
668 58.1918 76.4931
800 57.9445 76.4579
582 57.7036 76.4237
94 57.4681 76.3902
369 57.2437 76.3583
415 57.0138 76.3256
378 56.8058 76.296
335 56.5726 76.2629
832 56.3507 76.2313
317 56.1192 76.1984
515 55.8757 76.1638
225 50.4049 75.3858
410 49.0268 75.1899
9 49.0268 75.1899
484 49.0268 75.1899
280 49.0268 75.1899
91 49.0268 75.1899
632 49.0268 75.1899
432 49.0268 75.1899
248 49.0268 75.1899
910 49.0268 75.1899
855 49.0558 75.3138
468 49.0866 75.4452
563 49.124 75.6047
80 49.157 75.7452
109 49.196 75.9117
126 49.2359 76.0817
857 49.2707 76.2302
782 49.306 76.3807
208 49.3382 76.5183
779 49.3698 76.6531
976 49.4077 76.8147
724 49.4465 76.9801
294 49.6038 77.6513
350 49.7464 78.2594
755 49.9164 78.9844
193 50.0863 79.7092
826 50.2519 80.4156
814 50.4337 81.1909
516 50.5933 81.8718
62 50.6939 82.3008
774 50.766 82.6081
245 50.8267 82.8671
539 50.8914 83.1429
887 50.9526 83.404
952 51.0175 83.6812
229 51.0689 83.9003
921 51.1257 84.1423
179 51.1949 84.4377
40 51.2626 84.7264
895 51.3187 84.9656
769 51.3806 85.2296
642 51.518 85.8159
477 51.6655 86.4449
690 51.4048 86.7483
880 51.1508 87.044
259 50.8872 87.351
536 50.5993 87.6861
561 50.3326 87.9966
530 50.0881 88.2812
659 49.8374 88.5731
344 49.5984 88.8513
624 49.5984 88.8513
618 49.5984 88.8513
816 49.5984 88.8513
980 49.5984 88.8513
851 49.5984 88.8513
947 49.5984 88.8513
239 49.5984 88.8513
343 49.5984 88.8513
896 49.5984 88.8513
165 49.5984 88.8513
856 49.5984 88.8513
23 49.1874 88.9251
532 48.6068 89.0293
763 48.0302 89.1329
181 47.4806 89.2315
105 47.4347 89.2398
713 47.3856 89.2486
305 47.3347 89.2577
72 47.2796 89.2676
541 47.2796 89.2676
416 47.2796 89.2676
746 47.2796 89.2676
559 47.2796 89.2676
156 47.2796 89.2676
129 47.2796 89.2676
367 47.2796 89.2676
961 47.2796 89.2676
940 47.2796 89.2676
861 47.2796 89.2676
737 47.2796 89.2676
434 47.1517 89.2752
882 46.9978 89.2843
320 46.4989 89.3137
406 45.9942 89.3435
82 45.4534 89.3755
313 44.9253 89.4067
408 44.2844 89.4446
375 43.5987 89.4851
189 42.9424 89.5238
511 42.6758 89.5396
5 40.1966 89.6861
859 36.6795 89.8938
866 36.6795 89.8938
766 36.6795 89.8938
874 36.6795 89.8938
22 36.6373 89.877
206 36.5996 89.8619
752 36.5589 89.8457
448 36.52 89.8302
974 36.4811 89.8146
139 36.441 89.7986
265 36.4001 89.7823
96 36.3545 89.7641
141 36.3137 89.7478
808 36.2759 89.7328
613 36.2398 89.7183
738 36.2024 89.7034
394 36.1637 89.6879
53 36.1258 89.6728
309 36.086 89.6569
215 36.0454 89.6407
569 36.0063 89.6251
389 35.9663 89.6092
707 35.9205 89.5909
172 35.8781 89.574
548 35.8367 89.5574
146 35.7949 89.5408
92 35.7529 89.524
449 35.7154 89.509
271 35.6712 89.4914
230 35.63 89.4749
437 35.5883 89.4583
36 35.5416 89.4397
319 35.5069 89.4258
638 34.9787 89.215
872 34.4651 89.01
167 34.0914 88.8608
60 33.747 88.7234
470 33.4599 88.6088
649 33.126 88.4755
73 32.7973 88.3443
2 32.4587 88.2091
253 32.1363 88.0805
877 31.8292 87.9579
840 31.4648 87.8125
16 31.0777 87.658
918 30.7585 87.5306
550 30.3958 87.3858
806 30.1406 87.2839
919 29.8864 87.1825
672 29.6186 87.0756
604 29.3163 86.9549
462 26.2494 88.7328
50 26.0984 88.8203
611 25.9529 88.9046
916 25.8117 88.9865
392 25.6906 89.0567
227 25.523 89.1539
296 25.523 89.1539
183 25.523 89.1539
409 25.523 89.1539
418 25.523 89.1539
456 25.523 89.1539
442 25.523 89.1539
714 25.523 89.1539
712 25.523 89.1539
593 25.523 89.1539
20 25.523 89.1539
306 25.523 89.1539
768 25.523 89.1539
15 25.523 89.1539
521 25.523 89.1539
491 25.523 89.1539
786 25.523 89.1539
430 25.523 89.1539
631 25.523 89.1539
610 25.523 89.1539
231 25.523 89.1539
28 25.523 89.1539
960 25.523 89.1539
885 24.9335 89.1358
120 24.3935 89.1193
696 23.7911 89.1008
150 23.2209 89.0833
76 22.5515 89.0628
17 21.8271 89.0406
761 21.2303 89.0223
44 20.572 89.0021
441 19.8846 88.981
58 19.1569 88.9587
973 18.3741 88.9347
933 17.6846 88.9135
446 16.9344 88.8905
316 16.2894 88.8708
200 15.7014 88.8527
776 15.3107 88.8408
115 14.8736 88.8274
651 14.418 88.8134
95 13.7939 88.7942
304 13.188 88.7757
827 12.5873 88.7572
380 12.1481 88.7438
435 11.823 88.7338
711 11.7923 88.7329
693 11.7623 88.7319
759 11.7326 88.731
288 11.702 88.7301
833 11.6661 88.729
236 11.6252 88.7277
368 11.5906 88.7267
699 11.5512 88.7255
871 11.5148 88.7244
13 11.3596 88.7196
469 11.21 88.715
31 11.0422 88.7099
905 10.8761 88.7048
780 10.7238 88.7001
753 10.5652 88.6953
982 10.3921 88.6899
495 10.2257 88.6848
301 10.0484 88.6794
93 9.88389 88.6744
750 9.70317 88.6688
199 9.5248 88.6634
890 9.35157 88.658
447 9.25895 88.6552
914 9.16547 88.6523
969 9.07098 88.6494
213 8.97683 88.6466
554 8.90197 88.6443
988 8.90197 88.6443
955 8.63579 87.3981
830 8.40608 86.3226
546 8.24748 85.58
639 8.08948 84.8403
386 8.082 84.8053
360 8.0721 84.7589
178 8.06138 84.7087
436 8.05158 84.6628
90 8.04161 84.6161
444 8.03251 84.5735
944 8.02266 84.5274
718 8.0138 84.486
433 8.00359 84.4381
792 7.99485 84.3972
736 7.98614 84.3565
401 7.97708 84.314
557 7.96828 84.2728
153 7.95791 84.2243
203 7.9468 84.1723
224 7.93593 84.1214
570 7.93593 84.1214
815 7.93593 84.1214
719 7.93593 84.1214
547 7.93593 84.1214
108 7.93593 84.1214
346 7.93593 84.1214
240 7.93593 84.1214
138 7.93593 84.1214
48 7.93593 84.1214
106 7.93593 84.1214
247 7.93593 84.1214
169 7.93593 84.1214
637 7.93593 84.1214
953 7.93593 84.1214
678 7.93593 84.1214
585 7.93593 84.1214
364 7.93593 84.1214
868 7.93593 84.1214
1 8.09561 84.0656
39 8.23596 84.0166
803 8.45944 83.9385
405 8.67732 83.8624
263 9.11775 83.7085
568 9.60539 83.5382
300 10.0706 83.3757
615 10.6711 83.1659
374 11.3423 82.9314
249 12.0225 82.6938
244 12.571 82.5022
399 13.0844 82.3228
424 13.6553 82.1234
490 14.1099 81.9645
426 14.3348 81.886
457 14.6807 81.7652
796 15.0613 81.6322
628 15.4104 81.5102
479 15.8565 81.3544
658 16.2701 81.2099
326 16.6188 81.0881
220 16.969 80.9657
950 17.2984 80.8507
162 17.5914 80.7483
695 17.9048 80.6388
946 18.2289 80.5256
398 18.5272 80.4214
886 19.0495 80.4014
88 19.5464 80.3824
551 20.0393 80.3635
275 20.5868 80.3426
578 21.0377 80.3253
552 21.448 80.3096
184 22.1755 80.3149
537 23.0172 80.321
256 23.8636 80.3271
252 24.2882 80.3302
270 24.4998 80.3317
773 24.554 80.3321
41 24.6075 80.3325
795 24.6679 80.3329
600 24.7684 79.7709
730 24.8537 79.2938
591 24.9331 78.8498
726 24.9849 78.5604
635 25.0397 78.254
560 25.0895 77.9756
333 25.1464 77.6572
825 25.2024 77.3446
757 25.2574 77.0367
428 25.3141 76.7198
124 25.4016 76.2304
454 25.484 75.7701
789 25.5639 75.3232
266 25.6404 74.8954
431 25.7123 74.4933
903 25.805 73.9751
697 25.8683 73.6213
888 25.9436 73.2005
487 26.0168 72.7912
571 26.106 72.2919
21 26.1856 71.847
608 26.2491 71.492
168 26.3521 70.9164
574 26.5093 70.0374
772 26.6707 69.1352
327 26.8232 69.0688
735 26.9778 69.0016
901 27.1287 68.936
493 27.2791 68.8706
645 27.4044 68.8161
701 27.5138 68.7686
587 27.6617 68.7043
308 27.8163 68.637
79 27.9506 68.5786
756 28.0955 68.5156
596 29.0749 68.9565
954 29.8271 69.295
104 30.4851 69.5911
501 31.0652 69.8522
662 31.7349 70.1536
226 32.327 70.4202
788 32.814 70.6393
144 33.5369 70.9647
526 33.9873 71.1674
540 34.8948 71.5758
137 35.5516 71.8714
404 36.6634 72.3719
523 37.7776 72.8733
241 38.7726 73.3211
614 39.2968 73.5571
292 39.8431 73.803
636 40.3921 74.0501
223 40.2469 73.7865
564 40.1249 73.565
689 39.9788 73.2997
562 39.8576 73.0797
765 39.7051 72.8029
235 39.6022 72.616
894 39.4952 72.4217
513 39.3866 72.2246
459 39.2578 71.9908
163 39.1493 71.7939
807 39.0535 71.6199
802 38.9399 71.4137
134 38.2686 70.1949
732 37.5352 68.8634
878 37.0655 68.0107
676 36.598 67.1621
171 36.0993 66.2566
291 35.5369 65.2357
175 34.9748 64.2151
929 34.3363 63.056
839 33.7983 62.0792
49 33.2831 61.144
922 33.2831 61.144
778 33.2831 61.144
715 33.2831 61.144
957 33.2831 61.144
603 33.2831 61.144
640 33.2831 61.144
897 33.2831 61.144
349 33.3915 61.121
965 33.5048 61.0969
390 33.6227 61.0718
56 33.742 61.0464
34 33.8355 61.0265
54 33.9618 60.9996
688 34.0594 60.9788
510 34.165 60.9564
324 34.2772 60.9325
382 35.4595 60.6808
89 38.0772 60.1237
453 41.7263 59.3471
359 41.7263 59.3471
809 42.172 59.1844
912 42.611 59.0243
804 43.1026 58.8449
558 43.5962 58.6648
30 44.0589 58.4959
180 44.6278 58.2883
625 45.2116 58.0753
286 45.5112 57.9659
365 45.7408 57.8821
69 46.6029 57.5676
161 47.4524 58.2048
683 48.1312 58.7138
492 48.8078 59.2213
282 49.883 60.0278
647 50.8226 60.7325
597 51.0935 60.9357
791 51.4373 61.1936
968 51.7713 61.4441
440 52.086 61.6801
281 52.3324 61.8649
798 52.6486 62.1021
743 52.974 62.3461
498 53.2835 62.5782
964 53.6607 62.8612
216 54.0007 63.1162
84 54.3636 63.3884
605 54.7341 63.6662
907 55.0494 63.9028
617 55.3529 64.1304
810 55.6626 64.3627
793 55.9853 64.6047
671 56.3966 64.9132
393 56.6117 64.6139
238 56.8117 64.3354
112 56.9909 64.086
986 57.1949 63.802
186 57.6021 63.2353
762 57.9027 62.8169
173 58.2211 62.3737
485 58.5949 61.8535
117 58.9198 61.4011
68 58.9198 61.4011
85 58.9198 61.4011
923 58.9198 61.4011
577 58.9225 61.4012
262 58.9252 61.4012
767 61.8789 61.4537
290 63.8724 61.4891
553 64.8789 60.4815
340 64.8789 60.4815
650 64.8789 60.4815
538 64.8789 60.4815
110 64.8789 60.4815
900 64.8789 60.4815
293 64.8145 60.1431
656 64.7611 59.8626
35 64.7072 59.5792
420 64.6608 59.3355
852 64.613 59.0842
595 64.4244 58.0938
942 64.1948 56.8874
396 63.9722 55.7182
190 63.7844 54.7318
102 63.5898 53.7095
583 63.379 52.6019
850 63.0828 51.0462
466 62.2778 46.8171
217 62.1041 46.6068
143 61.9597 46.432
978 61.7945 46.232
43 61.6442 46.05
644 61.5042 45.8805
930 61.3476 45.691
519 61.2221 45.539
188 61.091 45.3802
670 60.832 45.0666
875 60.4549 44.6101
594 60.1349 44.2227
357 59.853 43.8814
842 59.5633 43.5306
926 59.2165 43.1107
314 58.5988 42.3628
606 57.9904 41.6263
55 57.1965 40.6651
458 57.1505 40.7973
781 57.1066 40.9236
634 57.0559 41.0695
358 57.0074 41.209
906 56.9583 41.3502
66 56.9126 41.4817
63 56.8675 41.6115
751 56.8289 41.7226
828 56.7847 41.8496
821 56.7382 41.9832
45 56.6805 42.1493
675 56.6224 42.3163
27 56.5688 42.4707
623 56.4984 42.6731
70 56.4399 42.8415
355 53.6724 43.6174
917 49.2288 44.8634
127 47.7982 45.2645
210 47.3505 45.39
101 46.9553 45.5008
370 46.5456 45.6157
276 46.5456 45.6157
843 46.5456 45.6157
197 46.5456 45.6157
870 46.5456 45.6157
945 46.5456 45.6157
257 46.5456 45.6157
862 45.6375 46.5998
783 44.7189 47.5953
237 44.2144 48.142
471 43.8039 48.5868
576 43.4526 48.9675
621 43.372 48.7476
472 43.2852 48.511
533 43.2133 48.3148
264 43.1127 48.0405
461 42.7628 47.0866
844 42.3909 46.0725
342 42.1026 45.2863
716 41.7726 44.3864
155 41.4636 43.5441
512 41.1458 42.6774
452 40.7617 41.6301
19 40.3387 40.4768
935 40.0029 39.5612
250 39.6708 38.6556
586 39.4916 38.1669
194 39.3354 37.7411
278 39.1027 37.1066
748 38.9276 36.629
822 38.6349 35.8311
790 38.6349 35.8311
379 38.6349 35.8311
865 38.6349 35.8311
934 38.0834 35.6602
467 37.4141 35.4528
191 36.7357 35.2426
549 36.0072 35.0168
612 35.472 34.8509
307 35.284 34.7927
421 35.1356 36.498
302 34.9512 38.6168
664 34.8961 39.2501
160 34.8431 39.8598
848 34.7202 41.2729
989 34.4263 41.6722
692 34.14 42.0612
522 33.814 42.5043
723 33.508 42.92
535 33.2676 43.2466
853 33.0687 43.5169
7 32.7371 43.9676
566 32.3871 44.4432
151 32.0026 44.9656
687 31.6175 45.4889
480 31.2253 46.0218
267 30.4583 47.0642
706 30.3797 47.1709
413 30.2876 47.2961
876 30.1995 47.4158
508 30.1114 47.5355
38 30.0249 47.653
619 29.9334 47.7773
475 29.8388 47.9059
891 29.7486 48.0284
811 29.6727 48.1316
679 29.5811 48.2561
525 29.4675 48.4105
59 29.3537 48.5651
438 29.2649 48.6858
507 29.1581 48.8309
403 29.3413 47.5963
949 29.5176 46.4086
205 29.7233 45.0225
388 29.7233 45.0225
869 29.7233 45.0225
913 29.7233 45.0225
356 29.7233 45.0225
543 29.2299 44.7822
529 28.7598 44.5533
545 28.3446 44.3511
486 27.7898 44.081
938 26.743 45.281
797 26.2498 45.8463
269 25.8286 46.3293
37 25.3992 46.8215
655 24.9563 47.3292
414 24.4959 47.8569
11 23.9164 48.5212
228 23.2207 49.3188
397 22.8772 49.9021
505 22.4566 50.6163
663 22.3139 50.8587
233 22.1589 51.1219
633 22.0205 51.3569
147 21.8814 51.5931
391 21.4555 52.3162
182 21.0054 53.0807
908 20.5821 53.7995
114 20.0377 54.7239
599 19.8092 55.112
451 19.5877 55.4881
733 19.3737 55.8515
174 19.1759 56.1873
729 18.9458 56.5781
279 18.7253 56.9525
691 18.4939 57.3455
705 18.2747 57.7176
534 18.051 58.0975
336 17.6997 58.6941
422 17.3529 59.283
927 16.9694 59.9342
981 16.8515 60.1344
936 16.7296 60.3414
196 16.5703 60.6119
698 16.4282 60.8533
329 16.2474 61.1602
846 16.0745 61.4538
131 15.8958 61.7574
524 15.7326 62.0346
601 15.5749 62.3024
971 15.413 62.5772
924 15.2445 62.8633
132 15.0863 63.132
720 14.9285 63.3999
680 14.5809 63.9902
948 14.2632 64.5297
970 13.9987 64.9789
503 13.7276 65.4393
764 13.5019 65.8225
429 13.2161 66.3079
81 12.9698 66.726
371 12.708 67.1706
219 12.4809 67.5563
665 12.2537 67.9422
739 12.0569 68.2763
99 11.8341 68.6547
338 11.2034 69.7257
272 10.5565 70.8241
75 9.80719 72.0966
443 10.14 71.8434
113 10.14 71.8434
728 10.14 71.8434
860 10.14 71.8434
892 10.14 71.8434
339 10.1338 71.7005
321 10.1276 71.5562
630 10.1209 71.3992
325 10.1156 71.2757
376 10.1055 71.0413
500 10.0976 70.8556
445 10.089 70.6556
130 10.0799 70.4446
717 10.0718 70.256
784 10.0636 70.0646
991 10.0568 69.9056
694 10.0484 69.7111
517 10.0399 69.5114
607 10.0317 69.3217
14 10.0232 69.1243
77 10.015 68.9314
298 10.0075 68.7574
255 9.99868 68.552
207 9.99066 68.3651
734 9.98101 68.1404
939 9.97163 67.9217
347 9.96246 67.7082
234 9.95402 67.5116
747 9.94616 67.3285
192 9.93876 67.156
667 9.93161 66.9896
966 9.92376 66.8065
657 9.91624 66.6313
381 9.90765 66.4314
400 9.89975 66.2473
119 9.89085 66.04
427 9.88223 65.8391
556 9.87372 65.6408
799 9.86162 65.3588
531 9.84977 65.0829
677 9.83964 64.8468
277 9.83121 64.6505
879 9.82216 64.4396
361 9.81314 64.2295
686 9.794 63.7834
3 9.77194 63.2696
411 9.75125 62.7876
482 9.72928 62.2758
502 9.70666 61.7487
703 9.67521 61.016
97 9.64572 60.3289
708 9.60487 59.3772
925 9.57177 58.6063
218 9.53816 57.8232
527 9.50609 57.076
116 9.47494 56.3503
749 9.4572 55.937
47 9.44157 55.5727
157 9.42589 55.2076
760 9.41328 54.9138
122 9.39792 54.556
166 9.38275 54.2025
849 9.36747 53.8466
100 9.35268 53.5019
972 9.33853 53.1723
565 9.32354 52.8231
463 9.30678 52.4325
589 9.2928 52.1069
214 9.27585 51.712
222 9.25862 51.3105
303 9.24326 50.9527
805 9.22708 50.5758
489 9.21032 50.1853
142 9.19428 49.8116
312 9.17524 49.3681
731 9.15828 48.9729
154 9.14257 48.6068
616 9.12567 48.2132
328 9.10946 47.8355
499 9.38047 47.8121
283 9.75617 47.7796
770 10.1002 47.7499
212 10.4222 47.722
46 10.746 47.694
330 11.0956 47.6638
956 11.6011 47.6201
758 11.5939 47.2849
858 11.5866 46.9458
841 11.5788 46.5842
542 11.5712 46.2278
384 11.5626 45.8284
341 11.5555 45.4979
78 11.5478 45.1382
771 11.5406 44.8048
423 11.533 44.4494
148 11.5258 44.1159
32 11.5186 43.7783
352 11.5126 43.5015
990 11.5052 43.1567
909 11.4988 42.8586
652 11.4918 42.5297
57 11.4848 42.2038
128 11.4765 41.8194
123 11.4672 41.3861
863 11.4579 40.9519
10 11.4488 40.5287
958 11.4403 40.1306
476 11.4321 39.7516
985 11.4226 39.309
700 11.4145 38.9288
87 11.4063 38.5494
496 11.3992 38.2182
373 11.3896 37.7707
829 11.326 34.812
125 11.2851 32.9065
943 11.2297 30.3245
402 11.1779 27.911
710 11.1407 26.1803
187 11.1006 24.3155
74 11.1006 24.3155
572 11.1006 24.3155
86 11.1006 24.3155
514 11.1004 24.2548
898 11.1001 24.1903
674 11.0976 23.6294
412 11.0954 23.1524
794 11.0935 22.7107
646 11.0911 22.1774
61 11.0892 21.7615
348 11.0877 21.4068
455 11.0861 21.0626
331 11.0845 20.7003
4 11.0828 20.3299
362 11.0808 19.8753
299 11.079 19.4608
133 11.077 19.0159
741 11.074 18.3544
641 11.0711 17.6891
722 11.0665 16.6696
812 11.0636 16.0154
488 11.3603 16.2492
211 11.6487 16.4764
881 11.9221 16.6918
8 12.2511 16.951
474 12.5303 17.1711
629 12.7466 17.3415
588 13.0219 17.5584
673 13.3016 17.7787
682 13.5535 17.9772
963 13.8414 18.2041
258 14.1625 18.457
268 16.4848 20.2868
121 18.5984 21.9521
787 19.5677 22.7158
702 19.6033 22.7438
915 19.6434 22.7754
902 19.6803 22.8045
254 19.7195 22.8354
709 19.7654 22.8715
354 19.8063 22.9038
221 19.8466 22.9355
602 19.8843 22.9652
65 19.9226 22.9954
661 20.8575 22.3272
836 21.8652 21.6069
643 23.458 20.4683
704 24.8786 19.4529
284 25.1983 19.2244
899 25.5289 18.988
824 25.9331 18.6991
407 26.3747 18.3834
366 26.3747 18.3834
439 28.0442 18.2577
246 29.9749 18.1122
669 32.0943 17.9526
653 34.8104 17.748
310 35.978 17.66
883 37.0773 17.5772
287 38.2345 17.49
518 39.3966 17.4025
351 39.5126 17.4771
26 39.6548 17.5685
573 39.7802 17.6492
111 39.9099 17.7326
337 40.0373 17.8144
626 40.1553 17.8904
64 40.2837 17.9729
363 41.1343 18.5198
261 42.5175 19.4093
209 43.8862 20.2894
873 44.4093 20.6257
785 44.8547 20.9121
555 44.8547 20.9121
419 44.8547 20.9121
834 44.8547 20.9121
295 54.3216 25.2416
681 55.1158 25.6048
831 55.8424 25.9371
289 56.4989 26.2374
377 58.011 26.9289
6 58.8603 27.3174
819 59.7147 27.7081
164 60.5829 28.1052
323 64.5271 29.9091
959 65.3607 26.7021
598 66.1046 23.8404
176 66.7841 21.2266
581 67.1048 19.9928
777 67.4279 18.7497
504 67.7197 17.6274
24 68.0457 16.3734
103 68.4464 14.8319
721 72.723 16.7449
