0,103,777,295,176,721,504,598,819,24,581,164,419,959,45,873,555,6,209,197,606,870,357,217,594,978,828,781,821,314,865,323,458,55,751,377,675,358,19,634,43,831,27,355,930,681,785,844,85,519,842,63,117,396,492,875,623,716,66,906,843,70,926,644,393,290,791,810,515,942,509,440,668,102,485,68,907,420,238,152,867,538,190,767,769,67,962,987,744,727,51,975,110,650,478,605,654,595,837,460,904,9,84,579,340,432,647,582,173,900,293,671,847,71,832,378,801,395,575,800,968,855,895,315,563,755,857,762,225,144,804,161,208,350,910,964,80,453,91,171,715,676,235,683,558,126,617,632,976,94,459,540,802,523,921,782,779,484,513,112,163,621,798,894,134,468,404,596,410,175,724,264,109,986,56,188,576,35,577,625,793,370,732,186,282,743,471,281,216,765,809,286,597,945,210,533,498,912,365,929,262,127,342,472,69,30,101,923,276,54,475,790,452,603,38,687,922,11,783,37,508,778,147,461,655,522,413,155,194,688,356,619,414,679,180,237,848,692,908,723,438,543,811,917,989,862,151,302,913,397,876,49,7,664,706,535,525,388,89,480,891,748,269,529,512,205,853,787,549,566,191,261,289,824,26,64,221,421,834,935,869,250,257,486,467,278,586,160,934,602,915,379,307,363,310,653,704,883,518,337,573,822,407,709,111,669,287,351,702,626,439,246,643,474,284,354,812,412,661,646,641,61,362,366,673,674,254,902,629,722,211,881,488,348,963,8,741,187,682,402,455,331,572,899,87,125,268,829,588,86,283,898,4,710,836,985,133,65,121,32,299,794,258,10,328,74,700,384,423,78,612,943,341,514,403,46,499,352,100,949,527,990,228,841,57,616,222,312,663,731,212,936,858,182,174,463,303,534,336,148,116,128,805,863,771,849,938,391,142,958,154,652,330,123,218,373,166,476,122,633,698,770,489,758,797,542,708,925,749,496,157,505,279,677,47,909,214,565,972,390,291,691,839,324,132,349,788,735,266,730,705,308,789,591,965,545,510,574,733,501,526,601,903,981,946,104,689,635,640,79,901,34,604,971,956,756,493,267,645,233,772,59,422,137,359,99,252,451,537,662,21,897,382,950,327,957,571,454,878,587,927,720,888,846,270,658,443,226,507,729,599,168,31,747,503,703,219,277,639,879,502,726,113,298,939,739,991,376,728,482,381,799,457,234,398,114,77,224,552,130,500,680,220,411,524,338,796,14,445,97,607,667,630,686,81,192,255,487,970,966,361,3,760,600,371,517,275,701,764,694,825,326,860,479,196,784,329,556,531,717,665,589,131,119,924,948,734,347,374,429,830,162,560,890,346,400,48,431,178,955,944,88,886,207,95,203,426,905,657,272,815,719,108,736,792,433,401,551,608,427,436,699,325,615,184,892,780,546,554,153,368,568,547,39,58,247,236,914,200,50,183,678,435,495,240,75,321,570,213,585,637,169,988,364,263,405,803,1,969,953,447,868,199,711,718,138,444,301,693,750,469,115,557,380,628,695,304,106,982,300,446,399,827,316,386,759,90,339,578,333,227,93,13,550,418,41,491,973,296,15,833,933,17,610,753,120,697,360,462,490,768,859,73,76,714,253,256,20,916,631,786,638,757,441,44,885,430,611,712,409,36,696,424,442,249,456,521,141,244,761,776,288,60,806,808,92,918,271,392,306,96,2,593,167,146,773,16,150,428,28,872,124,954,223,871,651,877,561,206,649,181,437,613,960,139,974,752,672,919,840,165,539,807,22,394,294,292,72,707,449,265,569,156,470,795,230,241,189,448,248,659,536,343,231,940,375,389,172,562,416,215,105,82,548,763,305,866,874,766,62,5,53,129,713,738,309,564,614,559,947,245,239,880,185,177,636,584,511,367,516,193,40,961,541,980,12,118,567,826,887,642,335,532,754,774,856,280,861,814,896,408,140,984,530,415,816,369,317,851,320,406,434,202,344,746,319,618,259,690,313,179,737,882,624,952,911,23,992,318,931,42,481,18,477,464,297,273,145,845,817,52,229,620,83,544,465,149,580,823,937,820,494,854,775,135,159,285,725,622,813,818,742,473,417,353,893,158,666,251,983,322,928,311,685,740,648,864,889,528,372,25,660,385,332,450,204,170,852,242,838,107,497,136,951,506,383,201,143,670,334,850,884,835,941,932,920,609,592,967,425,232,553,745,195,583,29,387,656,466,274,684,198,977,33,590,98,520,627,345,243,483,979,260,
value : 412.148 running time : 1090.391277
0 80 20
103 67.6076 15.1962
777 67.2354 15.9518
295 66.8699 16.6942
176 66.5676 17.308
721 66.2327 17.9879
504 65.5099 19.4558
598 64.8198 20.8571
819 64.144 22.2293
24 63.5275 23.481
581 62.8642 24.828
164 62.0074 26.5679
419 61.8878 26.8108
959 61.6607 27.7742
45 61.4212 28.7898
873 61.2473 29.5277
555 61.0582 30.3297
6 60.8645 31.1514
209 60.663 32.0065
197 59.9266 36.6729
606 59.9266 36.6729
870 59.9266 36.6729
357 59.9266 36.6729
217 59.9266 36.6729
594 59.9266 36.6729
978 59.9266 36.6729
828 59.9266 36.6729
781 59.9266 36.6729
821 59.9266 36.6729
314 59.9266 36.6729
865 59.9266 36.6729
323 59.9373 36.8259
458 59.9461 36.9521
55 59.9547 37.075
751 59.9649 37.2206
377 59.9758 37.3775
675 59.9864 37.5294
358 59.9958 37.6641
19 60.005 37.7954
634 60.0151 37.9404
43 60.0249 38.08
831 60.0331 38.1983
27 60.0438 38.3514
355 60.055 38.5118
930 60.066 38.6695
681 60.0761 38.8144
785 60.0868 38.9676
844 60.2247 40.9432
85 60.4043 43.516
519 60.4274 43.8471
842 60.4471 44.1293
63 60.466 44.4004
117 60.4876 44.7087
396 60.5082 45.0047
492 60.5259 45.2575
875 60.5429 45.5011
623 60.561 45.7613
716 60.5771 45.9922
66 60.6159 46.5469
906 60.6775 47.4298
843 60.7863 48.9886
70 60.9299 51.0456
926 61.0772 53.1554
644 61.2438 55.5425
393 61.5389 59.7684
290 61.754 62.8499
791 61.7657 63.0172
810 61.7782 63.1961
515 61.7917 63.3896
942 61.8045 63.5736
509 61.8206 63.8043
440 61.8331 63.9831
668 61.8454 64.1593
102 61.8564 64.317
485 61.87 64.5118
68 61.8856 64.735
907 61.8999 64.9405
420 61.9146 65.1502
238 61.9302 65.3735
152 61.9453 65.5899
867 61.9594 65.792
538 61.9713 65.9632
190 61.9847 66.1545
767 62.0011 66.3891
769 62.0233 66.7072
67 62.0401 66.9481
962 62.058 67.2047
987 62.0757 67.4586
744 62.0927 67.7015
727 62.1074 67.9129
51 62.1224 68.1271
975 62.1357 68.3174
110 62.1431 68.4238
650 62.1507 68.5336
478 62.1589 68.6498
605 62.1681 68.7826
654 62.1774 68.9152
595 62.1856 69.0323
837 62.1952 69.1709
460 62.2038 69.2933
904 62.212 69.4107
9 62.2199 69.5244
84 62.2273 69.6309
579 62.2366 69.763
340 62.2366 69.763
432 62.2366 69.763
647 62.2366 69.763
582 62.2366 69.7631
173 62.2366 69.7631
900 62.2366 69.7631
293 62.2366 69.7631
671 62.2061 69.9032
847 62.18 70.0234
71 62.1528 70.1487
832 61.3819 70.3122
378 60.6954 70.4577
801 60.0108 70.6029
395 59.3473 70.7435
575 58.6325 70.8951
800 57.4075 70.5859
968 56.1854 70.2775
855 55.1254 70.0099
895 54.2274 69.7833
315 53.3932 69.5727
563 52.4458 69.3336
755 51.6175 69.1246
857 51.5063 69.0965
762 51.3896 69.067
225 51.2433 69.0301
144 51.1197 68.9989
804 51.0056 68.9701
161 50.9105 68.9461
208 50.8074 68.9201
350 50.6787 68.8876
910 50.5637 68.8586
964 50.5637 68.8586
80 50.5637 68.8586
453 50.5637 68.8586
91 50.5637 68.8586
171 50.5637 68.8586
715 50.5637 68.8586
676 50.5637 68.8586
235 50.5637 68.8586
683 50.5637 68.8586
558 50.5637 68.8586
126 50.5637 68.8586
617 50.4482 68.7493
632 50.3334 68.6406
976 50.2065 68.5204
94 50.0964 68.4161
459 49.9636 68.2904
540 49.8565 68.189
802 49.7552 68.093
523 49.6379 67.9821
921 49.5388 67.8882
782 49.4282 67.7835
779 49.2987 67.6609
484 49.1846 67.5528
513 49.0759 67.45
112 48.9646 67.3445
163 48.8252 67.2126
621 48.7073 67.1009
798 48.6043 67.0034
894 48.4991 66.9038
134 48.3911 66.8015
468 48.2851 66.7012
404 48.1575 66.5804
596 48.0438 66.4727
410 47.9519 66.3857
175 47.8553 66.2943
724 47.7665 66.2102
264 47.4738 65.6522
109 47.2244 65.1769
986 46.9048 64.5679
56 46.5217 63.8377
188 46.2045 63.233
576 46.0773 62.9907
35 45.9683 62.7829
577 45.843 62.544
625 45.7198 62.3092
793 45.579 62.0408
370 45.4374 61.771
732 45.3175 61.5426
186 45.2009 61.3203
282 45.0919 61.1126
743 44.9687 60.8778
471 44.829 60.6115
281 44.7038 60.3729
216 44.5886 60.1533
765 44.4545 59.8978
809 44.3233 59.6477
286 44.2069 59.4259
597 44.059 59.1439
945 43.9088 58.8577
210 43.7793 58.6108
533 43.6617 58.3866
498 43.5394 58.1537
912 43.4156 57.9178
365 43.2931 57.6842
929 43.1511 57.4135
262 43.0256 57.1743
127 42.4389 56.3655
342 41.8776 55.5918
472 41.3587 54.8764
69 40.8736 54.2076
30 40.508 53.7036
101 40.0988 53.1394
923 39.6215 52.4814
276 39.019 51.6508
54 38.4713 50.8958
475 35.5163 46.8221
790 35.4319 46.7057
452 35.3502 46.5931
603 35.2618 46.4712
38 35.1651 46.3379
687 35.0776 46.2172
922 35.0002 46.1105
11 34.895 45.9656
783 34.8061 45.8429
37 34.7132 45.7149
508 34.6333 45.6048
778 34.5549 45.4966
147 34.4707 45.3806
461 34.384 45.2611
655 34.2733 45.1085
522 34.2733 45.1085
413 34.2733 45.1085
155 34.2733 45.1085
194 34.2733 45.1085
688 34.2733 45.1085
356 34.2733 45.1085
619 34.2733 45.1085
414 34.2733 45.1085
679 34.2733 45.1085
180 34.2733 45.1085
237 34.2733 45.1085
848 34.2733 45.1085
692 34.2733 45.1085
908 34.2733 45.1085
723 34.2832 44.9889
438 34.293 44.8714
543 34.3027 44.7546
811 34.3133 44.6259
917 34.3228 44.5119
989 34.3321 44.3994
862 34.3418 44.2831
151 34.3511 44.1702
302 34.3595 44.0686
913 34.3688 43.9572
397 34.3789 43.8355
876 34.3883 43.7223
49 34.3983 43.6019
7 34.4095 43.4662
664 34.4194 43.347
706 34.4287 43.2351
535 34.4378 43.1256
525 34.4471 43.0129
388 34.4569 42.8953
89 34.4655 42.7914
480 34.488 42.5197
891 34.5061 42.3009
748 34.5453 41.8282
269 34.582 41.3862
529 34.6306 40.8
512 34.6694 40.3318
205 35.0236 36.061
853 35.0783 35.4402
787 35.1334 34.8155
549 35.1784 34.3041
566 35.2231 33.7975
191 35.3045 32.8739
261 35.3871 31.9371
289 35.4547 31.1704
824 35.4805 30.878
26 35.5078 30.5679
64 35.5299 30.3175
221 35.5299 30.3175
421 35.5299 30.3174
834 35.5299 30.3174
935 35.5299 30.3174
869 35.5299 30.3174
250 35.5299 30.3173
257 35.4921 29.8154
486 35.4528 29.2923
467 35.4087 28.707
278 35.3672 28.1546
586 35.3233 27.571
160 35.2784 26.9746
934 35.2324 26.3623
602 35.1905 25.8054
915 35.1033 24.6468
379 35.0124 23.438
307 34.9089 22.0617
363 34.795 20.5474
310 34.7097 19.4138
653 34.6265 18.3072
704 34.5402 17.1587
883 34.4558 16.0368
518 34.3572 14.7265
337 33.841 14.7468
573 33.3026 14.768
822 32.759 14.7894
407 32.2162 14.8108
709 31.6349 14.8337
111 31.135 14.8534
669 30.5887 14.8749
287 30.0835 14.8948
351 29.4501 14.9197
702 28.7887 14.9457
626 28.2349 14.9675
439 27.618 14.9918
246 27.0575 15.0139
643 26.4644 15.0372
474 25.8703 15.0606
284 25.4411 15.0775
354 24.9671 15.0962
812 13.4533 14.4745
412 13.4445 14.54
661 13.4354 14.6071
646 13.4279 14.663
641 13.4191 14.7281
61 13.4125 14.7772
362 13.4052 14.8313
366 13.3978 14.8862
673 13.3898 14.9457
674 13.383 14.9962
254 13.3756 15.0513
902 13.3684 15.1043
629 13.3626 15.1473
722 13.356 15.1966
211 13.3075 15.5566
881 13.2602 15.9072
488 13.2096 16.2828
348 13.1398 16.8013
963 13.0723 17.3019
8 13.024 17.6607
741 12.9055 18.5401
187 12.7967 19.3476
682 12.725 20.2086
402 12.6416 21.2113
455 12.5595 22.1974
331 12.4829 23.1167
572 12.4055 24.047
899 12.3342 24.9037
87 12.2491 25.9251
125 12.1879 26.66
268 12.1626 26.9645
829 12.1355 27.2901
588 12.1156 27.5285
86 12.0611 28.184
283 12.0158 28.7275
898 11.9824 29.1291
4 11.9508 29.5082
710 11.918 29.9026
836 11.8834 30.3181
985 11.8459 30.7686
133 11.8121 31.1743
65 11.7768 31.5984
121 11.7436 31.9967
32 11.7083 32.4207
299 11.6813 32.7454
794 11.6488 33.1361
258 11.6117 33.582
10 11.5065 34.8448
328 11.4156 35.9373
74 11.4156 35.9373
700 11.5672 36.299
384 11.7043 36.6262
423 11.842 36.9549
78 11.9727 37.2669
612 12.09 37.5466
943 12.0881 37.5809
341 12.0859 37.6214
514 12.0841 37.6538
403 11.8639 41.6704
46 11.8351 42.1966
499 11.8034 42.7756
352 11.766 43.4571
100 11.7341 44.0388
949 11.7069 44.5352
527 11.6789 45.0458
990 11.6716 45.1801
228 11.6629 45.3372
841 11.6535 45.5095
57 11.6445 45.6737
616 11.6365 45.8191
222 11.6276 45.9819
312 11.6193 46.1331
663 11.6108 46.2881
731 11.6021 46.4476
212 11.593 46.6127
936 11.5829 46.797
858 11.5739 46.9621
182 11.565 47.1233
174 11.5563 47.2816
463 11.5476 47.4407
303 11.5383 47.6103
534 11.53 47.7628
336 11.521 47.926
148 11.5133 48.0661
116 11.5044 48.2282
128 11.4964 48.3758
805 11.488 48.5287
863 11.4806 48.6639
771 11.4718 48.8244
849 11.462 49.0017
938 11.462 49.0017
391 11.462 49.0017
142 11.462 49.0017
958 11.462 49.0018
154 11.462 49.0018
652 11.462 49.0018
330 11.462 49.0018
123 11.4466 49.3204
218 11.4301 49.6607
373 11.4149 49.9738
166 11.3993 50.2971
476 11.3854 50.5843
122 11.3688 50.9254
633 11.7695 51.3543
698 11.843 51.433
770 11.9087 51.5033
489 11.9873 51.5875
758 12.0738 51.68
797 12.1525 51.7643
542 12.2253 51.8423
708 12.2972 51.9193
925 12.3759 52.0035
749 12.4495 52.0823
496 12.5306 52.1691
157 12.6031 52.2467
505 13.0238 52.6971
279 13.4515 53.155
677 13.8456 53.5768
47 14.2071 53.9639
909 14.6295 54.416
214 15.1293 54.9511
565 17.1597 57.1247
972 19.4261 59.551
390 22.8218 63.1864
291 25.4334 65.9822
691 25.4334 65.9822
839 25.4335 65.9823
324 25.4336 65.9825
132 25.4494 66.0015
349 25.4664 66.0219
788 25.4831 66.042
735 25.4989 66.0609
266 25.5162 66.0818
730 25.5333 66.1023
705 25.548 66.12
308 25.5665 66.1422
789 25.5825 66.1615
591 25.5989 66.1812
965 25.6135 66.1988
545 25.6282 66.2164
510 25.6448 66.2364
574 25.6625 66.2577
733 25.6786 66.277
501 25.6957 66.2976
526 25.7115 66.3166
601 25.7272 66.3354
903 25.744 66.3556
981 25.7598 66.3746
946 25.7783 66.3969
104 25.7967 66.4191
689 25.7967 66.4191
635 25.7967 66.4191
640 25.7967 66.4191
79 25.7967 66.4191
901 25.7967 66.4191
34 25.7967 66.4191
604 25.7967 66.4191
971 25.7967 66.4191
956 25.7967 66.4191
756 25.8063 66.461
493 25.8166 66.5064
267 25.8265 66.5495
645 25.8365 66.5936
233 25.8452 66.6315
772 25.8548 66.6735
59 25.8642 66.7149
422 25.8743 66.759
137 25.9648 67.1558
359 26.0554 67.5528
99 26.1431 67.9372
252 26.2252 68.2973
451 26.242 68.371
537 26.2655 68.4741
662 26.2867 68.5667
21 26.3041 68.643
897 26.3205 68.7149
382 26.3402 68.8016
950 26.3626 68.8996
327 26.3825 68.9867
957 26.402 69.0724
571 26.425 69.1732
454 26.4473 69.2709
878 26.4663 69.3542
587 26.4842 69.4325
927 26.5035 69.517
720 26.5229 69.6023
888 26.5446 69.6973
846 26.5644 69.7841
270 26.5891 69.8925
658 26.4783 69.8922
443 26.3765 69.8919
226 26.287 69.8917
507 24.6113 69.8872
729 22.9133 69.8827
599 20.868 69.8773
168 17.1522 69.8674
31 12.9962 69.8564
747 12.8895 69.8561
503 12.7856 69.8558
703 12.6822 69.8555
219 12.573 69.8552
277 12.4635 69.8549
639 12.3579 69.8546
879 12.2662 69.8544
502 12.1737 69.8542
726 12.0764 69.8539
113 11.9645 69.8536
298 11.8372 69.8533
939 11.7333 69.853
739 11.7164 69.8529
991 11.6961 69.8529
376 11.6771 69.8528
728 11.6572 69.8528
482 11.639 69.8527
381 11.6165 69.8527
799 11.5968 69.8526
457 11.5787 69.8526
234 11.5593 69.8525
398 11.5428 69.8525
114 11.5229 69.8524
77 11.5005 69.8524
224 11.4818 69.8523
552 11.467 69.8523
130 11.4484 69.8522
500 11.4293 69.8522
680 11.4104 69.8521
220 11.3929 69.8521
411 11.3736 69.852
524 11.3533 69.852
338 11.3324 69.8519
796 11.3133 69.8519
14 11.2909 69.8518
445 11.2712 69.8518
97 11.2535 69.8517
607 11.233 69.8517
667 11.2142 69.8516
630 11.1978 69.8516
686 11.1781 69.8515
81 11.1611 69.8515
192 11.1413 69.8514
255 11.1208 69.8514
487 11.1042 69.8513
970 11.0833 69.8513
966 11.0619 69.8512
361 11.0455 69.8512
3 11.0254 69.8511
760 11.0059 69.8511
600 10.9887 69.851
371 10.9645 69.8509
517 10.9452 69.8509
275 10.9298 69.8509
701 10.9106 69.8508
764 10.889 69.8507
694 10.8669 69.8507
825 10.8503 69.8506
326 10.8313 69.8506
860 10.8096 69.8505
479 10.791 69.8505
196 10.77 69.8504
784 10.7488 69.8504
329 10.73 69.8503
556 10.7069 69.8503
531 10.684 69.8502
717 10.684 69.8502
665 10.684 69.8502
589 10.684 69.8502
131 10.684 69.8502
119 10.684 69.8502
924 10.684 69.8502
948 10.684 69.8502
734 10.684 69.8502
347 10.684 69.8502
374 10.6443 70.6575
429 10.6092 71.3732
830 10.5713 72.1446
162 10.5525 72.5286
560 10.5311 72.9652
890 10.5108 73.3778
346 10.4929 73.7416
400 10.4748 74.1121
48 10.4543 74.5284
431 10.4362 74.8984
178 10.4199 75.2297
955 10.4047 75.5399
944 10.3897 75.8451
88 10.3762 76.1195
886 10.3627 76.3943
207 10.3495 76.6643
95 10.3338 76.9847
203 10.3206 77.2535
426 10.3075 77.5189
905 10.2953 77.7687
657 10.2841 77.9954
272 10.272 78.2436
815 10.2536 78.6167
719 10.2381 78.9344
108 10.2237 79.2272
736 10.2103 79.4996
792 10.1979 79.7525
433 10.1861 79.9921
401 10.1731 80.2572
551 10.1624 80.4753
608 10.1506 80.7168
427 10.1388 80.9572
436 10.1071 81.6026
699 10.077 82.2159
325 10.0503 82.7601
615 10.0236 83.3032
184 9.99726 83.8399
892 9.9668 84.4604
780 9.93789 85.0493
546 9.90672 85.6843
554 9.875 86.3307
153 9.82879 87.272
368 9.7851 88.1621
568 9.77042 88.2109
547 9.75683 88.2562
39 9.74267 88.3034
58 9.73087 88.3426
247 9.71636 88.391
236 9.70124 88.4413
914 9.6875 88.4871
200 9.67345 88.5339
50 9.66136 88.5741
183 9.64735 88.6208
678 9.63289 88.6689
435 9.61857 88.7166
495 9.6072 88.7545
240 9.59521 88.7944
75 9.58207 88.8382
321 9.56844 88.8836
570 9.5525 88.9366
213 9.53444 88.9968
585 9.52484 89.0288
637 9.51618 89.0576
169 9.50696 89.0883
988 9.49618 89.1242
364 9.49618 89.1242
263 9.49618 89.1242
405 9.49618 89.1242
803 9.49618 89.1242
1 9.49618 89.1242
969 9.49618 89.1242
953 9.49618 89.1242
447 9.49618 89.1242
868 9.49618 89.1242
199 9.49618 89.1242
711 9.49618 89.1242
718 9.49618 89.1242
138 9.49619 89.1242
444 9.49619 89.1242
301 9.49619 89.1242
693 9.49619 89.1242
750 9.49619 89.1242
469 9.49619 89.1242
115 9.49619 89.1242
557 9.49619 89.1242
380 9.49619 89.1242
628 9.49619 89.1242
695 9.49619 89.1242
304 9.49619 89.1242
106 9.49619 89.1242
982 9.49619 89.1242
300 9.49619 89.1242
446 9.49619 89.1242
399 9.49619 89.1242
827 9.49619 89.1242
316 9.49619 89.1242
386 9.49619 89.1242
759 9.49619 89.1242
90 9.49619 89.1242
339 17.2411 89.0534
578 18.6803 89.0402
333 19.7887 89.0301
227 19.8981 89.0291
93 20.024 89.0279
13 20.1566 89.0267
550 20.3067 89.0253
418 20.4422 89.0241
41 20.5711 89.0229
491 20.6831 89.0219
973 20.8029 89.0208
296 20.9506 89.0195
15 21.0606 89.0184
833 21.1882 89.0173
933 21.3095 89.0162
17 21.4366 89.015
610 21.5741 89.0138
753 21.6994 89.0126
120 21.8401 89.0113
697 21.9614 89.0102
360 22.0725 89.0092
462 22.1867 89.0082
490 22.3243 89.0069
768 22.445 89.0058
859 22.5758 89.0046
73 22.7063 89.0034
76 22.8269 89.0023
714 22.9414 89.0013
253 23.0777 89
256 23.2063 88.9988
20 23.3033 88.9979
916 23.3911 88.9971
631 23.4988 88.9962
786 23.6074 88.9952
638 23.7094 88.9942
757 23.7976 88.9934
441 23.8844 88.9926
44 23.9818 88.9917
885 24.0819 88.9908
430 24.1793 88.9899
611 24.2771 88.989
712 24.3653 88.9882
409 24.4674 88.9873
36 24.5653 88.9864
696 24.6586 88.9856
424 24.7475 88.9847
442 24.833 88.984
249 24.9366 88.983
456 25.0383 88.9821
521 25.1427 88.9811
141 25.2491 88.9802
244 25.3347 88.9794
761 25.4339 88.9785
776 25.5269 88.9776
288 25.7126 88.9759
60 25.9156 88.9741
806 26.1052 88.9723
808 26.2735 88.9708
92 26.4431 88.9692
918 26.6068 88.9677
271 26.7762 88.9662
392 26.9377 88.9647
306 27.0798 88.9634
96 27.2438 88.9619
2 27.4039 88.9605
593 27.5471 88.9591
167 27.7237 88.9575
146 27.9068 88.9559
773 28.0602 88.9544
16 28.2121 88.9531
150 28.372 88.9516
428 28.5294 88.9502
28 28.6876 88.9487
872 28.8518 88.9472
124 29.0091 88.9458
954 29.1573 88.9444
223 29.3045 88.9431
871 29.4312 88.9419
651 30.1698 88.9352
877 31.15 88.9262
561 31.9742 88.9186
206 32.4267 88.9145
649 32.7683 88.9114
181 33.097 88.9084
437 33.388 88.9057
613 33.6562 88.9033
960 33.9281 88.9008
139 34.2414 88.8979
974 34.5319 88.8953
752 34.7949 88.8928
672 35.0426 88.8906
919 35.3239 88.888
840 35.6314 88.8852
165 35.9362 88.8824
539 36.1652 88.8803
807 36.3834 88.8783
22 36.599 88.8763
394 36.8258 88.8743
294 37.0584 88.8721
292 37.2575 88.8703
72 37.4576 88.8685
707 37.6686 88.8666
449 37.8951 88.8645
265 38.1052 88.8626
569 38.3242 88.8606
156 38.546 88.8585
470 38.6995 88.8571
795 38.8687 88.8556
230 39.0595 88.8538
241 39.2485 88.8521
189 39.435 88.8504
448 39.6361 88.8486
248 39.8437 88.8467
659 40.0149 88.8451
536 40.1819 88.8436
343 40.3289 88.8422
231 40.4698 88.8409
940 40.6524 88.8393
375 40.7582 88.8383
389 40.8623 88.8373
172 40.9632 88.8364
562 41.0785 88.8354
416 41.1857 88.8344
215 41.2973 88.8334
105 41.414 88.8323
82 41.516 88.8314
548 41.6136 88.8305
763 41.7282 88.8294
305 41.8397 88.8284
866 41.944 88.8274
874 42.0487 88.8265
766 42.1542 88.8255
62 42.2705 88.8245
5 42.3656 88.8236
53 42.4568 88.8228
129 42.5548 88.8219
713 42.6611 88.8209
738 42.7543 88.82
309 42.855 88.8191
564 42.9553 88.8182
614 43.0548 88.8173
559 44.462 88.8044
947 45.9754 88.7906
245 47.3553 88.778
239 48.6281 88.7663
880 49.9964 88.7538
185 51.2151 88.7427
177 51.326 88.7417
636 51.4184 88.7408
584 51.5241 88.7399
511 51.6207 88.739
367 51.7255 88.738
516 51.823 88.7371
193 51.9232 88.7362
40 52.0368 88.7352
961 52.1377 88.7343
541 52.2482 88.7332
980 52.3704 88.7321
12 52.4863 88.7311
118 52.6 88.73
567 52.7132 88.729
826 52.8059 88.7282
887 52.9175 88.7271
642 53.0198 88.7262
335 53.1352 88.7251
532 53.2361 88.7242
754 53.3539 88.7231
774 53.4655 88.7221
856 53.5827 88.721
280 53.6867 88.7201
861 53.79 88.7192
814 53.893 88.7182
896 54.0112 88.7171
408 54.1211 88.7161
140 54.2398 88.715
984 54.3619 88.7139
530 54.4606 88.713
415 54.5806 88.7119
816 54.7055 88.7108
369 54.8199 88.7097
317 54.9343 88.7087
851 55.032 88.7078
320 55.1333 88.7069
406 55.2463 88.7058
434 55.3615 88.7048
202 55.4841 88.7037
344 55.5924 88.7027
746 55.6975 88.7017
319 55.8101 88.7007
618 55.9294 88.6996
259 56.046 88.6985
690 56.1567 88.6975
313 56.2619 88.6966
179 56.3682 88.6956
737 56.477 88.6946
882 56.5766 88.6937
624 56.8682 88.691
952 57.1865 88.6881
911 57.5235 88.685
23 57.8483 88.682
992 59.7034 88.6651
318 61.4306 88.6493
931 61.7019 88.6468
42 62.0154 88.6439
481 62.3079 88.6412
18 62.5727 88.6388
477 62.8496 88.6363
464 63.1335 88.6337
297 63.4068 88.6312
273 63.6878 88.6286
145 63.9764 88.626
845 64.2531 88.6234
817 64.5164 88.621
52 64.7787 88.6186
229 65.0175 88.6164
620 66.2993 88.6047
83 67.5688 88.5931
544 68.4656 88.5849
465 69.423 88.5761
149 70.3361 88.5677
580 71.332 88.5586
823 71.7981 88.5544
937 72.3181 88.5496
820 72.8827 88.5444
494 73.3192 88.5404
854 73.7321 88.5367
775 74.1588 88.5328
135 74.6267 88.5285
159 74.8983 88.526
285 75.1641 88.5236
725 75.4679 88.5208
622 75.7097 88.5186
813 76.0114 88.5158
818 76.3159 88.513
742 76.6415 88.51
473 76.9731 88.507
417 77.203 88.5049
353 77.4484 88.5027
893 77.7296 88.5001
158 77.9768 88.4978
666 78.2521 88.4953
251 78.5424 88.4926
983 79.3415 88.4853
322 80.0159 88.4792
928 80.667 88.4732
311 83.701 83.9289
685 84.025 83.4436
740 84.3233 82.9969
648 84.6257 82.544
864 84.9357 82.0796
889 85.3466 81.4642
528 85.8794 80.6662
372 86.3378 79.9795
25 86.2375 79.0403
660 85.9392 76.2464
385 85.6681 73.7088
332 85.4835 71.9795
450 85.313 70.3832
204 85.1081 68.4645
170 84.7298 64.9222
852 84.6436 64.115
242 84.5492 63.2315
838 84.4692 62.4816
107 84.4054 61.8845
497 84.347 61.3379
136 83.5287 59.8843
951 82.9215 58.8059
506 82.45 57.9684
383 81.9289 57.0428
201 81.0414 55.4665
143 78.3139 50.6216
670 78.423 50.5503
334 78.5339 50.4778
850 78.6454 50.405
884 78.7754 50.3201
835 78.8756 50.2547
941 78.8756 50.2547
932 78.8756 50.2547
920 78.8756 50.2547
609 78.8756 50.2547
592 78.8756 50.2547
967 78.8756 50.2547
425 78.8756 50.2547
232 78.8756 50.2547
553 78.8756 50.2547
745 78.8756 50.2547
195 78.8756 50.2547
583 78.8756 50.2547
29 78.8756 50.2547
387 78.8756 50.2547
656 78.8756 50.2547
466 78.8756 50.2547
274 78.8756 50.2547
684 78.8756 50.2547
198 78.9981 49.7132
977 79.1289 49.1356
33 81.2933 39.5722
590 82.3902 34.7257
98 83.4024 30.2537
520 83.9627 27.7785
627 85.413 21.3707
345 85.7492 19.8855
243 86.071 18.4637
483 86.2684 17.5916
979 86.2684 17.5916
260 86.2684 17.5916
