0,103,295,581,777,24,176,959,598,819,721,504,419,458,164,873,355,555,209,785,63,377,844,323,634,751,930,66,831,358,681,865,55,19,6,821,27,781,623,875,117,197,519,675,217,978,606,70,828,43,314,906,716,644,45,232,143,357,262,594,870,926,69,842,85,843,396,941,975,847,668,152,110,656,900,238,509,293,907,51,315,460,538,867,837,647,393,340,605,290,942,962,478,650,67,440,832,35,420,68,595,485,987,791,112,515,190,904,102,744,208,800,964,671,9,762,173,654,727,767,432,921,769,350,171,986,484,617,632,264,910,576,513,715,533,281,498,101,793,56,621,471,144,676,216,134,94,596,804,459,809,894,765,104,161,370,810,410,968,163,577,84,857,582,724,923,597,282,365,54,30,976,855,558,732,175,683,235,225,798,291,453,286,109,523,743,625,468,91,186,210,540,80,404,779,945,929,492,472,342,922,912,127,188,11,811,508,480,913,862,688,461,37,687,257,147,475,276,89,194,522,356,619,237,155,414,535,783,778,748,269,529,512,38,452,566,790,388,679,7,525,706,876,397,891,935,151,989,917,848,692,49,543,180,302,438,603,413,664,723,655,379,612,307,337,834,421,824,261,221,191,869,586,278,467,26,787,853,934,549,160,486,626,709,289,354,250,653,246,518,439,284,363,883,111,822,704,351,64,573,407,287,310,915,643,702,669,673,646,366,641,362,348,674,402,331,61,902,412,254,211,741,963,488,722,8,588,661,474,629,682,881,187,812,74,205,985,899,602,455,330,514,4,121,10,700,65,958,283,87,125,258,572,836,133,794,268,710,829,299,943,898,86,32,328,116,527,182,46,925,990,949,423,78,499,863,403,731,505,542,770,691,166,771,749,373,142,858,336,616,57,534,303,463,174,279,218,972,214,565,677,909,212,341,154,123,312,222,708,938,805,122,391,698,352,422,652,384,489,758,47,128,849,157,476,496,956,841,100,148,797,908,633,663,228,936,903,760,324,59,493,545,756,510,839,267,957,390,640,526,349,733,788,233,604,537,501,382,981,266,451,789,730,99,735,599,454,878,479,132,327,587,946,137,720,571,888,333,574,965,359,79,901,897,507,705,729,21,635,950,645,846,34,658,591,329,550,184,443,689,308,927,971,954,600,429,500,400,502,772,686,966,371,77,799,381,482,113,338,552,948,970,630,298,339,825,764,162,701,207,114,255,220,784,717,939,860,796,411,487,657,665,747,991,81,524,739,589,398,531,347,374,924,601,234,168,14,503,427,277,728,445,734,131,517,130,3,457,556,272,639,879,219,667,726,192,703,607,680,346,275,31,326,694,97,224,119,376,361,196,711,570,90,585,695,699,547,554,436,955,718,433,551,405,138,401,108,736,200,759,890,944,827,325,48,933,240,560,304,546,557,106,247,830,868,213,446,399,988,380,95,815,321,39,316,973,447,719,693,364,386,75,301,953,426,178,435,50,780,892,615,750,637,199,1,792,628,678,914,969,300,982,236,169,462,15,803,263,153,905,444,495,203,227,183,608,568,776,418,631,773,638,360,13,871,808,124,697,115,651,28,431,368,578,288,442,58,424,696,36,409,712,521,593,88,469,16,885,757,44,916,441,20,456,76,249,761,470,714,795,611,768,428,167,490,141,786,491,430,60,2,96,306,93,886,753,960,244,271,392,17,41,833,859,73,253,120,296,223,239,610,662,294,672,569,918,872,614,150,394,270,416,919,265,139,309,807,840,305,539,129,548,437,806,613,763,449,707,230,561,292,206,752,189,974,146,231,649,72,22,226,252,256,5,319,215,53,564,766,172,874,559,563,181,389,738,92,448,877,241,375,378,313,118,516,335,567,980,245,746,82,406,202,179,737,320,193,940,947,156,713,532,802,12,911,40,23,259,624,344,408,367,562,415,754,636,248,782,395,895,126,801,229,105,961,584,575,317,536,896,856,774,826,62,861,280,816,369,755,814,511,642,887,882,177,140,434,952,690,880,541,659,343,165,866,931,530,618,992,851,984,185,18,353,775,145,477,854,159,823,83,817,273,52,297,149,845,465,464,71,937,42,818,864,251,666,158,318,620,544,580,494,417,481,648,285,983,622,742,813,820,725,893,135,889,928,372,25,204,332,660,740,528,450,473,322,685,579,385,311,497,951,136,198,977,506,684,107,334,201,383,242,852,170,850,884,967,583,425,745,835,387,195,920,609,274,466,932,592,838,520,670,553,29,590,33,98,627,243,260,345,979,483,
value : 396.257 running time : 2358.595656
0 80 20
103 67.6083 15.196
295 67.3767 15.6664
581 67.1794 16.0673
777 66.9877 16.4568
24 66.7879 16.8628
176 66.6064 17.2314
959 66.3852 17.6808
598 66.2015 18.054
819 66.0209 18.4208
721 65.8665 18.7346
504 64.1316 22.2592
419 61.8785 26.8365
458 61.4525 28.6058
164 61.3072 29.2095
873 61.163 29.8084
355 61.007 30.4561
555 60.8805 30.9817
209 60.7433 31.5516
785 60.5897 33.6027
63 60.4344 35.6758
377 60.4344 35.6758
844 60.4344 35.6758
323 60.4344 35.6758
634 60.4344 35.6758
751 60.4344 35.6758
930 60.4344 35.6758
66 60.4344 35.6758
831 60.4344 35.6758
358 60.4344 35.6758
681 60.4344 35.6758
865 60.4344 35.6759
55 60.4072 36.1229
19 60.3776 36.6096
6 60.3486 37.0863
821 60.3159 37.6239
27 60.2819 38.1854
781 60.2475 38.7517
623 60.2176 39.249
875 60.2128 39.3279
117 60.2081 39.404
197 60.2041 39.4695
519 60.26 41.8221
675 60.2634 41.9661
217 60.2672 42.1269
978 60.271 42.2894
606 60.2748 42.451
70 60.2787 42.6162
828 60.2817 42.7449
43 60.2855 42.9059
314 60.2892 43.0621
906 60.293 43.2223
716 60.2967 43.3808
644 60.3005 43.5384
45 60.3039 43.6833
232 60.3078 43.8493
143 60.3118 44.0179
357 60.3154 44.1721
262 60.3191 44.3299
594 60.3223 44.4663
870 60.3259 44.6156
926 60.3296 44.7725
69 60.333 44.9185
842 60.5361 46.8293
85 60.7334 48.6852
843 60.9011 50.2633
396 61.4255 55.1962
941 61.9736 60.3511
975 62.5543 65.8119
847 62.5543 65.8119
668 62.5543 65.8119
152 62.5543 65.8119
110 62.5543 65.8119
656 62.5543 65.8119
900 62.5543 65.8119
238 62.5543 65.8119
509 62.5543 65.8119
293 62.5543 65.8119
907 62.5543 65.8119
51 62.5543 65.8119
315 62.5543 65.8119
460 62.5543 65.8119
538 62.5543 65.8119
867 62.5543 65.8119
837 62.5543 65.8119
647 62.5543 65.8119
393 62.5543 65.8119
340 62.5543 65.8119
605 62.5543 65.8119
290 62.5543 65.8119
942 62.5543 65.8119
962 62.5543 65.8119
478 62.5543 65.8119
650 62.5543 65.8119
67 62.5543 65.8119
440 62.5543 65.8119
832 62.5543 65.8119
35 62.5543 65.8119
420 62.5543 65.8119
68 62.5543 65.8119
595 62.5543 65.8119
485 62.5543 65.8119
987 62.5543 65.8119
791 62.5543 65.8119
112 62.5543 65.8119
515 62.5543 65.8119
190 62.5543 65.8119
904 62.5543 65.8119
102 62.5543 65.8119
744 62.5543 65.8119
208 61.4515 65.6933
800 60.357 65.5755
964 60.2217 65.5609
671 60.0967 65.5474
9 59.9686 65.5336
762 59.8469 65.5205
173 59.7321 65.5081
654 59.6132 65.4952
727 59.4777 65.4806
767 59.331 65.4648
432 56.15 65.1219
921 52.927 64.7745
769 50.6243 64.5265
350 47.9895 64.2426
171 47.9854 64.2422
986 47.9813 64.2417
484 47.977 64.2413
617 47.9729 64.2408
632 47.9683 64.2403
264 47.9633 64.2398
910 47.9584 64.2393
576 47.9539 64.2388
513 47.9495 64.2383
715 47.9447 64.2378
533 47.9403 64.2373
281 47.9362 64.2369
498 47.932 64.2364
101 47.9275 64.2359
793 47.9229 64.2355
56 47.9173 64.2349
621 47.9126 64.2344
471 47.9078 64.2338
144 47.9032 64.2333
676 47.8987 64.2329
216 47.8942 64.2324
134 47.8891 64.2318
94 47.8844 64.2313
596 47.8787 64.2307
804 47.8738 64.2302
459 47.8689 64.2297
809 47.8639 64.2291
894 47.8593 64.2286
765 47.8542 64.2281
104 47.8496 64.2276
161 47.8455 64.2272
370 47.8405 64.2266
810 47.8364 64.2262
410 47.8312 64.2256
968 47.8267 64.2251
163 47.8215 64.2246
577 47.8174 64.2241
84 47.8129 64.2236
857 47.8079 64.2231
582 47.8028 64.2226
724 45.5661 63.9808
923 45.5638 63.9748
597 45.562 63.9699
282 45.5604 63.9656
365 45.5589 63.9614
54 45.5572 63.9568
30 45.5555 63.9523
976 45.554 63.9482
855 45.5459 63.9264
558 45.5377 63.9045
732 45.5298 63.8834
175 45.5225 63.8636
683 45.5148 63.8431
235 45.5073 63.8227
225 45.4996 63.8021
798 45.4911 63.7792
291 45.4834 63.7586
453 45.4755 63.7375
286 45.4673 63.7153
109 45.4602 63.6963
523 45.4526 63.6759
743 45.4442 63.6534
625 45.436 63.6313
468 45.4285 63.6111
91 45.4211 63.5912
186 45.4125 63.5682
210 45.4057 63.55
540 45.4037 63.5445
80 45.165 62.904
404 44.8802 62.1397
779 44.492 61.0983
945 44.1757 60.25
929 43.9297 59.5901
492 43.7121 59.0062
472 43.7121 59.0062
342 43.7121 59.0062
922 43.7121 59.0062
912 43.7121 59.0062
127 43.7121 59.0062
188 43.7121 59.0062
11 37.5492 47.7328
811 37.2529 47.1907
508 37.1006 46.9122
480 36.945 46.6275
913 36.8054 46.3721
862 36.6616 46.1092
688 36.5243 45.858
461 36.3772 45.5889
37 36.1848 45.237
687 36.0494 44.9893
257 35.9259 44.7635
147 35.8264 44.5813
475 35.706 44.3612
276 35.706 44.3612
89 35.6902 44.2981
194 35.6716 44.2244
522 35.6533 44.1515
356 35.6336 44.0731
619 35.6157 44.0018
237 35.599 43.9354
155 35.5784 43.8534
414 35.558 43.7723
535 35.5397 43.6994
783 35.5221 43.6294
778 35.5051 43.5619
748 35.4854 43.4836
269 35.4674 43.412
529 35.4462 43.3276
512 35.4302 43.264
38 35.4109 43.187
452 35.3928 43.115
566 35.3733 43.0375
790 35.3529 42.9564
388 35.3339 42.8808
679 35.3148 42.8046
7 35.2973 42.7352
525 35.2808 42.6695
706 35.2632 42.5995
876 35.2462 42.532
397 35.2273 42.4565
891 35.2104 42.3894
935 35.1873 42.2974
151 35.1667 42.2157
989 35.1485 42.1431
917 35.1293 42.0669
848 35.1109 41.9938
692 35.09 41.9106
49 35.0721 41.8394
543 35.0521 41.7595
180 35.0325 41.6817
302 35.0109 41.5959
438 34.9884 41.5061
603 34.968 41.4251
413 34.9177 41.2251
664 34.8634 41.0089
723 34.8129 40.808
655 34.7557 40.5807
379 35.053 36.7178
612 35.1768 35.1083
307 35.3791 32.4794
337 35.4749 31.2343
834 35.477 31.2065
421 35.4793 31.1773
824 35.4818 31.1441
261 35.4843 31.1122
221 35.4865 31.0832
191 35.4887 31.0545
869 35.4911 31.0238
586 35.4936 30.9915
278 35.4961 30.9585
467 35.4988 30.9241
26 35.5015 30.889
787 35.5037 30.8604
853 35.5059 30.832
934 35.5084 30.7986
549 35.5106 30.7704
160 35.5131 30.738
486 35.5156 30.7059
626 35.5184 30.6698
709 35.5207 30.6389
289 35.523 30.6094
354 35.5253 30.5789
250 35.5277 30.5481
653 34.8698 22.0736
246 34.5844 18.3952
518 34.2954 14.671
439 33.4911 14.6896
284 33.0143 14.7006
363 32.6471 14.7091
883 32.2555 14.7182
111 31.8374 14.7278
822 31.3963 14.738
704 30.9377 14.7487
351 30.4446 14.7601
64 29.954 14.7714
573 29.527 14.7813
407 29.0472 14.7924
287 28.5298 14.8044
310 27.8327 14.8205
915 25.6038 14.872
643 24.0312 14.9084
702 22.5037 14.9438
669 20.9568 14.9796
673 16.3302 15.0866
646 14.98 15.1178
366 14.8466 15.1209
641 14.7051 15.1242
362 14.5313 15.1282
348 14.3885 15.1315
674 14.2386 15.135
402 14.0996 15.1382
331 13.9401 15.1419
61 13.8007 15.1451
902 13.7116 15.1472
412 13.5892 15.15
254 13.4923 15.1523
211 13.367 15.1552
741 13.2419 15.1581
963 13.12 15.1609
488 13.0687 15.1621
722 13.0032 15.1636
8 12.9542 15.1647
588 12.8942 15.1661
661 12.8394 15.1674
474 12.7791 15.1688
629 12.7108 15.1703
682 12.6453 15.1719
881 12.5832 15.1733
187 12.5182 15.1748
812 12.5182 15.1748
74 12.0984 24.7744
205 11.834 30.8171
985 11.834 30.8171
899 11.834 30.8171
602 11.834 30.8171
455 11.7686 31.6568
330 11.699 32.5502
514 11.6952 32.5993
4 11.6912 32.6509
121 11.6867 32.7083
10 11.682 32.7689
700 11.6776 32.8252
65 11.6734 32.8788
958 11.6692 32.9327
283 11.6651 32.9854
87 11.6612 33.036
125 11.6572 33.0866
258 11.6537 33.1316
572 11.6495 33.1851
836 11.6452 33.2408
133 11.6409 33.2953
794 11.6367 33.3495
268 11.6324 33.4055
710 11.628 33.4618
829 11.6234 33.5206
299 11.6193 33.5723
943 11.6149 33.6289
898 11.6108 33.6818
86 11.4864 35.275
32 11.2526 38.2707
328 11.0108 41.3679
116 10.6896 45.4823
527 10.6407 46.1086
182 10.6047 46.5697
46 10.5689 47.0278
925 10.5248 47.593
990 10.5248 47.593
949 10.5248 47.593
423 10.5248 47.593
78 10.5248 47.593
499 10.5248 47.593
863 10.7425 48.216
403 10.9674 48.8597
731 10.9714 48.9005
505 10.9756 48.9448
542 10.9795 48.9851
770 10.9831 49.023
691 10.9875 49.0686
166 10.9913 49.108
771 10.9946 49.1425
749 10.9984 49.1819
373 11.0022 49.2218
142 11.006 49.2613
858 11.0099 49.3016
336 11.0138 49.3419
616 11.0171 49.3768
57 11.0212 49.4193
534 11.0251 49.4598
303 11.0292 49.5022
463 11.0329 49.5406
174 11.0368 49.5815
279 11.041 49.625
218 11.0451 49.6677
972 11.049 49.7087
214 11.0529 49.7487
565 11.0567 49.7879
677 11.0602 49.8247
909 11.0634 49.8577
212 11.0666 49.8916
341 11.0705 49.9315
154 11.0741 49.9698
123 11.0778 50.0077
312 11.0817 50.0487
222 11.086 50.0934
708 11.0904 50.1395
938 11.0943 50.1791
805 11.0981 50.2195
122 11.102 50.2599
391 11.2107 50.3823
698 11.3068 50.4905
352 11.3962 50.5911
422 11.4911 50.6979
652 11.5617 50.7774
384 11.6404 50.8661
489 11.7413 50.9797
758 11.8456 51.097
47 11.9314 51.1936
128 12.0179 51.291
849 12.1289 51.4159
157 12.2747 51.5801
476 12.4656 51.7951
496 12.6751 52.0309
956 12.8884 52.271
841 13.0547 52.4583
100 13.239 52.6656
148 13.4191 52.8685
797 13.6263 53.1017
908 13.8353 53.337
633 14.0287 53.5547
663 14.1907 53.7371
228 14.3776 53.9475
936 15.7687 55.5135
903 18.3059 58.3698
760 18.7688 58.8908
324 19.4976 59.7113
59 20.2685 60.5792
493 21.0363 61.4435
545 21.3401 61.7856
756 21.671 62.158
510 22.0044 62.5333
839 22.3668 62.9413
267 22.3748 63.1732
957 22.3832 63.4128
390 22.3915 63.6528
640 22.3993 63.8775
526 22.4082 64.1307
349 22.4153 64.3361
733 22.4225 64.5434
788 22.43 64.7573
233 22.4379 64.9844
604 22.4474 65.2576
537 22.4539 65.4454
501 22.4591 65.5959
382 22.4644 65.7456
981 22.4702 65.9146
266 22.4774 66.119
451 22.4831 66.2836
789 22.4902 66.4886
730 22.4964 66.6649
99 22.5018 66.821
735 22.5066 66.9579
599 22.5126 67.1326
454 22.5198 67.3369
878 22.5212 67.3777
479 22.5225 67.4171
132 22.5238 67.4533
327 22.5252 67.4936
587 22.5266 67.5341
946 22.5281 67.5773
137 22.5294 67.6128
720 22.5308 67.6538
571 22.5324 67.7001
888 22.534 67.7452
333 22.5355 67.788
574 22.5367 67.8241
965 22.5379 67.8586
359 22.5392 67.8944
79 22.5403 67.9282
901 22.5417 67.9662
897 22.543 68.0052
507 22.5444 68.0447
705 22.5458 68.0858
729 22.5475 68.1332
21 22.5493 68.1855
635 22.5509 68.2325
950 22.5524 68.2745
645 22.5537 68.3115
846 22.5551 68.3511
34 22.5565 68.3935
658 22.5584 68.4469
591 22.5599 68.4905
329 22.5613 68.5312
550 22.5632 68.5851
184 22.5648 68.6301
443 22.5661 68.6694
689 22.5675 68.7069
308 22.5675 68.7069
927 22.5558 68.7277
971 22.5436 68.7494
954 22.5303 68.7731
600 21.034 68.9092
429 19.4784 69.0506
500 18.1153 69.1746
400 16.8895 69.286
502 15.7655 69.3882
772 14.6486 69.4897
686 13.167 69.6245
966 12.1453 69.7173
371 12.1056 69.721
77 12.0672 69.7244
799 12.03 69.7278
381 11.9947 69.731
482 11.9641 69.7338
113 11.9296 69.737
338 11.8902 69.7405
552 11.8547 69.7438
948 11.8093 69.7479
970 11.769 69.7516
630 11.7296 69.7551
298 11.6866 69.7591
339 11.6541 69.762
825 11.616 69.7655
764 11.5768 69.769
162 11.5342 69.7729
701 11.4926 69.7767
207 11.4411 69.7814
114 11.406 69.7846
255 11.3651 69.7883
220 11.3321 69.7913
784 11.288 69.7953
717 11.2444 69.7992
939 11.2057 69.8028
860 11.1743 69.8056
796 11.1436 69.8084
411 11.1101 69.8115
487 11.0706 69.815
657 11.0245 69.8192
665 10.9837 69.8229
747 10.9475 69.8262
991 10.9113 69.8295
81 10.8807 69.8323
524 10.8462 69.8354
739 10.8079 69.8389
589 10.768 69.8426
398 10.7297 69.846
531 10.684 69.8502
347 10.684 69.8502
374 10.6821 69.9058
924 10.6806 69.9484
601 10.6791 69.992
234 10.6775 70.0387
168 10.6755 70.0972
14 10.6739 70.1428
503 10.6722 70.1922
427 10.6706 70.2391
277 10.6689 70.2869
728 10.6672 70.338
445 10.6657 70.3803
734 10.6643 70.4216
131 10.6628 70.4649
517 10.6611 70.5141
130 10.6595 70.5603
3 10.6577 70.611
457 10.6558 70.6688
556 10.6541 70.7172
272 10.6526 70.7595
639 10.651 70.8069
879 10.6495 70.8492
219 10.648 70.894
667 10.6463 70.9419
726 10.6448 70.9869
192 10.6434 71.0255
703 10.642 71.0689
607 10.6402 71.1197
680 10.6386 71.1662
346 10.6369 71.2148
275 10.6354 71.2579
31 10.6337 71.3069
326 10.6324 71.3453
694 10.6312 71.3807
97 10.6299 71.4172
224 10.6286 71.4559
119 10.6274 71.4899
376 10.6262 71.5243
361 10.625 71.5596
196 10.6239 71.5925
711 10.1661 84.8701
570 10.1612 85.0121
90 10.1555 85.1773
585 10.1485 85.3819
695 10.1463 85.4456
699 10.1439 85.5144
547 10.1416 85.5818
554 10.1393 85.6465
436 10.1368 85.7212
955 10.1341 85.7985
718 10.1312 85.8812
433 10.1287 85.9556
551 10.1257 86.0419
405 10.1219 86.1516
138 10.1189 86.2405
401 10.1162 86.3187
108 10.1133 86.4017
736 10.1103 86.4875
200 10.1072 86.5776
759 10.1048 86.6465
890 10.1022 86.7238
944 10.099 86.8172
827 10.0953 86.9241
325 10.0928 86.9963
48 10.09 87.0775
933 10.0868 87.1695
240 10.0843 87.2424
560 10.0815 87.3249
304 10.078 87.4239
546 10.0752 87.5059
557 10.0719 87.6029
106 10.0686 87.6961
247 10.0659 87.7747
830 10.0633 87.8522
868 10.0324 88.7474
213 10.0078 89.4621
446 10.0065 89.4987
399 10.0052 89.5384
988 10.0035 89.5873
380 10.0242 89.5859
95 10.0452 89.5844
815 10.0647 89.5831
321 10.0836 89.5818
39 10.1016 89.5806
316 10.1228 89.5791
973 10.143 89.5777
447 10.1606 89.5765
719 10.179 89.5753
693 10.1986 89.5739
364 10.2182 89.5726
386 10.2383 89.5712
75 10.2555 89.5701
301 10.3181 89.5658
953 10.3785 89.5616
426 10.4432 89.5572
178 10.5113 89.5525
435 10.5843 89.5475
50 10.6646 89.5421
780 10.7245 89.538
892 10.7815 89.5341
615 10.8406 89.53
750 10.9055 89.5256
637 10.9674 89.5213
199 11.0308 89.517
1 11.0947 89.5126
792 11.1546 89.5085
628 11.2199 89.504
678 11.2818 89.4998
914 11.3473 89.4953
969 11.4116 89.4909
300 11.4779 89.4864
982 11.7624 89.4669
236 12.0212 89.4492
169 12.2681 89.4323
462 12.5555 89.4126
15 12.8076 89.3954
803 13.0095 89.3815
263 13.2329 89.3662
153 13.4963 89.3482
905 13.7729 89.3293
444 14.0756 89.3086
495 14.4189 89.2851
203 14.7182 89.2646
227 15.7805 89.1918
183 16.7684 89.1242
608 17.6658 89.0628
568 18.3689 89.0146
776 19.5492 88.9338
418 20.9062 88.841
631 22.0767 88.7608
773 22.6872 88.719
638 23.1959 88.6842
360 23.5883 88.6573
13 24.0511 88.6257
871 24.6298 88.5861
808 25.2806 88.5415
124 25.8019 88.5058
697 25.8066 88.5055
115 25.8108 88.5052
651 25.8158 88.5049
28 25.821 88.5045
431 25.8262 88.5041
368 25.8312 88.5038
578 25.8365 88.5034
288 25.8411 88.5031
442 25.8457 88.5028
58 25.8557 88.5021
424 25.8653 88.5014
696 25.8742 88.5008
36 25.8831 88.5002
409 25.892 88.4996
712 25.901 88.499
521 25.9104 88.4983
593 25.9202 88.4977
88 25.9306 88.4969
469 25.941 88.4962
16 25.9516 88.4955
885 25.9604 88.4949
757 25.9697 88.4942
44 25.978 88.4937
916 25.9867 88.4931
441 25.9955 88.4925
20 26.0051 88.4918
456 26.0146 88.4912
76 26.025 88.4904
249 26.0344 88.4898
761 26.0439 88.4891
470 26.0537 88.4885
714 26.0624 88.4879
795 26.1192 88.484
611 26.1674 88.4807
768 26.2164 88.4773
428 26.2706 88.4736
167 26.3226 88.4701
490 26.3734 88.4666
141 26.4286 88.4629
786 26.4773 88.4595
491 26.5231 88.4564
430 26.5781 88.4526
60 26.6343 88.4488
2 26.6897 88.445
96 26.7382 88.4417
306 26.7828 88.4387
93 26.8261 88.4357
886 26.982 88.4251
753 27.1493 88.4136
960 27.3432 88.4004
244 27.4616 88.3923
271 27.7252 88.3743
392 27.9448 88.3593
17 28.1169 88.3475
41 28.7204 88.3063
833 29.3182 88.2655
859 30.0263 88.2171
73 30.7895 88.165
253 31.5352 88.114
120 32.2939 88.0622
296 33.0601 88.0098
223 33.8931 87.9529
239 34.7709 87.893
610 34.7709 87.893
662 34.7709 87.893
294 34.8999 87.8945
672 34.9879 87.8955
569 35.0892 87.8967
918 35.1774 87.8977
872 35.2744 87.8988
614 35.3804 87.9001
150 35.4729 87.9011
394 35.5815 87.9024
270 35.6828 87.9036
416 35.7839 87.9048
919 35.876 87.9058
265 35.9737 87.907
139 36.058 87.9079
309 36.1313 87.9088
807 36.2011 87.9096
840 36.2732 87.9105
305 36.3512 87.9114
539 36.4183 87.9122
129 36.4837 87.9129
548 36.5488 87.9137
437 36.6163 87.9145
806 36.6811 87.9152
613 36.7557 87.9161
763 36.8335 87.917
449 36.9014 87.9178
707 36.9651 87.9186
230 37.0325 87.9193
561 37.1024 87.9202
292 37.1704 87.921
206 37.2418 87.9218
752 37.3059 87.9225
189 37.3704 87.9233
974 37.4407 87.9241
146 37.5091 87.9249
231 37.577 87.9257
649 37.6475 87.9265
72 37.7203 87.9274
22 37.7898 87.9282
226 37.854 87.929
252 37.9251 87.9298
256 39.6892 87.9508
5 41.5714 87.9733
319 41.793 87.9758
215 41.9897 87.9781
53 42.1883 87.9805
564 42.405 87.983
766 42.5961 87.9852
172 42.7965 87.9875
874 43.0211 87.9902
559 43.2328 87.9926
563 43.4295 87.9949
181 43.6031 87.997
389 43.7982 87.9992
738 43.9797 88.0013
92 44.2051 88.004
448 44.9057 88.0122
877 45.9421 88.0243
241 47.2834 88.0401
375 49.4244 88.0654
378 52.5627 88.1026
313 52.5681 88.1026
118 52.5736 88.1027
516 52.5787 88.1027
335 52.5847 88.1028
567 52.5901 88.1029
980 52.5948 88.1029
245 52.5997 88.103
746 52.6045 88.103
82 52.6097 88.1031
406 52.6155 88.1032
202 52.6212 88.1032
179 52.6265 88.1033
737 52.6316 88.1033
320 52.6364 88.1034
193 52.6415 88.1035
940 52.647 88.1035
947 52.652 88.1036
156 52.6567 88.1036
713 52.6619 88.1037
532 52.6676 88.1038
802 52.6737 88.1038
12 52.6797 88.1039
911 52.6848 88.104
40 52.69 88.104
23 52.695 88.1041
259 52.7005 88.1041
624 52.7054 88.1042
344 52.7107 88.1043
408 52.7159 88.1043
367 52.7214 88.1044
562 52.7265 88.1044
415 52.7323 88.1045
754 52.7378 88.1046
636 52.7429 88.1046
248 52.7483 88.1047
782 52.7543 88.1047
395 52.7601 88.1048
895 52.7649 88.1049
126 52.7701 88.1049
801 52.7759 88.105
229 52.7807 88.105
105 52.7848 88.1051
961 52.7899 88.1052
584 52.814 88.1054
575 52.8361 88.1057
317 52.8566 88.1059
536 52.8734 88.1061
896 52.8934 88.1064
856 52.9137 88.1066
774 52.9322 88.1068
826 52.9511 88.107
62 52.9719 88.1073
861 52.9929 88.1075
280 53.0147 88.1078
816 53.0361 88.108
369 53.0549 88.1082
755 53.0715 88.1084
814 53.0892 88.1086
511 53.1088 88.1089
642 53.13 88.1091
887 53.1519 88.1094
882 53.1707 88.1096
177 53.193 88.1098
140 53.2113 88.1101
434 53.2295 88.1103
952 53.2495 88.1105
690 53.2697 88.1107
880 53.2882 88.111
541 53.305 88.1112
659 53.3277 88.1114
343 53.3507 88.1117
165 53.3751 88.112
866 53.4013 88.1123
931 54.5077 88.1251
530 55.3157 88.1346
618 56.464 88.148
992 57.6963 88.1624
851 58.6811 88.1739
984 59.8664 88.1877
185 60.9915 88.2009
18 62.0971 88.2138
353 63.2322 88.2271
775 64.0336 88.2364
145 64.6017 88.2431
477 65.1657 88.2497
854 65.8182 88.2573
159 66.3683 88.2637
823 66.693 88.2676
83 67.0358 88.2716
817 67.3369 88.2751
273 67.6632 88.2789
52 68.0172 88.2831
297 68.3665 88.2872
149 68.742 88.2915
845 69.0936 88.2957
465 69.4448 88.2998
464 69.7892 88.3038
71 70.1677 88.3082
937 70.5353 88.3125
42 70.8945 88.3167
818 71.3185 88.3217
864 71.6949 88.3261
251 72.0298 88.33
666 72.396 88.3343
158 72.7467 88.3384
318 73.0969 88.3425
620 73.4569 88.3467
544 73.9612 88.3526
580 74.5443 88.3594
494 75.0754 88.3656
417 75.559 88.3713
481 76.055 88.3771
648 76.7448 88.3851
285 77.302 88.3917
983 78.0027 88.3998
622 78.1629 88.4017
742 78.4631 88.4052
813 78.7607 88.4087
820 79.093 88.4126
725 79.4028 88.4162
893 79.7076 88.4198
135 80.0192 88.4235
889 80.4143 88.4281
928 80.744 88.4319
372 86.3537 79.9157
25 86.3494 79.8673
204 86.3446 79.8144
332 86.3404 79.7666
660 86.3369 79.7279
740 86.3335 79.6901
528 86.3298 79.6484
450 86.3265 79.6118
473 86.3237 79.5805
322 86.3204 79.5435
685 86.2248 78.4751
579 85.6619 72.1862
385 85.5078 70.4654
311 85.372 68.9484
497 84.7324 61.8042
951 84.6861 61.287
136 84.6545 60.9333
198 84.6275 60.632
977 84.602 60.3477
506 84.5752 60.048
684 84.5482 59.7458
107 84.5199 59.4296
334 84.4958 59.1603
201 84.4708 58.882
383 84.4425 58.566
242 84.4082 58.1826
852 84.3785 57.8508
170 84.2094 55.9617
850 84.0514 54.1963
884 83.9741 53.334
967 83.8973 52.4764
583 83.8223 51.6382
425 83.6686 49.9226
745 83.5163 48.2216
835 83.5071 48.1193
387 83.4991 48.0294
195 83.4893 47.9211
920 83.4799 47.8161
609 83.4695 47.6995
274 83.4602 47.5951
466 83.4516 47.5
932 83.4457 47.4337
592 83.4389 47.3578
838 83.4325 47.2867
520 83.4249 47.2015
670 83.4195 47.1416
553 83.4195 47.1416
29 83.8246 42.9404
590 84.4167 36.7988
33 84.8297 32.5144
98 85.2676 27.9727
627 85.9812 20.5703
243 86.1819 18.4883
260 86.2684 17.5916
345 86.2684 17.5916
979 86.2684 17.5916
483 86.2684 17.5916
