0,627,345,260,243,483,98,979,967,33,466,520,590,926,553,932,592,609,143,850,274,425,29,198,670,920,195,232,102,941,745,835,201,583,497,506,383,838,951,684,170,334,387,977,107,136,884,242,450,528,372,385,25,685,204,660,159,311,332,742,818,473,928,322,889,983,417,135,353,820,725,740,158,648,893,580,864,251,937,817,465,813,285,494,149,620,666,775,845,52,318,145,544,481,854,823,42,369,622,992,464,185,229,754,273,40,179,816,395,931,477,911,624,851,62,313,887,814,511,118,746,415,882,636,618,532,280,344,408,642,861,297,984,202,856,584,140,177,245,319,126,259,320,12,952,690,896,434,774,575,880,406,737,530,940,305,562,378,335,564,82,782,801,317,895,567,921,23,129,541,563,516,961,980,559,156,248,947,343,536,659,367,826,270,866,193,713,766,172,877,613,394,919,752,448,874,105,416,215,5,548,763,755,226,223,139,189,181,649,206,561,375,22,539,309,2,292,72,707,449,265,569,807,974,738,672,840,389,239,294,92,918,230,165,241,614,437,231,53,167,146,695,253,808,469,871,651,306,96,960,806,227,776,296,15,833,933,17,610,753,368,470,795,392,271,491,41,418,13,714,973,578,490,76,456,768,249,521,141,244,761,120,886,631,859,786,638,441,44,885,430,611,712,409,757,424,20,442,256,773,288,16,696,150,36,428,28,73,568,988,462,827,750,693,593,213,169,50,447,380,138,435,39,325,699,399,446,300,546,719,892,615,711,304,31,585,736,108,106,637,240,678,914,236,982,88,815,199,557,1,969,792,401,944,263,803,953,200,115,183,955,95,58,203,321,495,444,905,570,780,178,426,718,90,830,554,184,560,796,346,890,868,628,405,946,48,301,436,916,247,364,360,547,75,168,728,93,433,153,759,431,316,386,445,374,665,608,119,970,224,272,556,860,717,784,607,114,939,799,234,703,298,502,77,966,376,381,207,400,457,113,487,657,427,277,192,411,500,551,361,948,162,600,503,552,347,220,531,680,879,219,734,196,747,694,255,630,81,131,701,764,132,275,326,482,339,371,517,991,524,739,130,667,589,398,338,686,14,639,3,97,726,924,429,825,333,658,349,451,591,733,788,327,878,587,927,981,574,479,872,789,252,689,79,60,599,901,888,954,772,697,550,537,635,662,601,604,526,329,957,640,443,971,839,233,137,454,21,729,124,324,912,846,99,730,59,756,493,735,720,291,30,501,691,545,571,308,267,950,510,507,897,645,382,390,903,705,359,266,34,965,122,422,423,805,936,527,797,731,652,925,956,938,336,760,116,47,698,128,212,341,858,863,154,909,677,565,214,972,218,279,174,463,303,534,57,616,222,312,352,157,148,758,100,841,476,123,228,849,663,958,708,771,749,949,542,489,373,505,391,496,990,770,142,78,182,166,65,384,10,330,133,985,836,572,87,46,328,125,700,499,74,829,283,268,794,258,898,32,86,514,121,331,187,4,710,943,702,299,812,412,362,881,588,963,722,682,661,741,61,8,674,673,211,254,629,646,348,488,641,455,402,366,474,902,643,669,246,439,626,518,284,310,287,407,573,64,351,709,704,822,111,653,899,363,602,221,486,934,379,915,354,824,787,26,883,337,261,421,278,307,467,191,687,160,586,257,289,205,834,783,869,250,853,935,612,11,522,147,778,508,37,480,89,566,603,790,413,679,414,619,688,194,155,862,452,38,692,723,49,876,397,913,302,151,180,891,655,549,388,356,917,475,989,811,543,438,269,512,529,748,633,403,848,908,237,461,922,525,535,706,664,7,69,472,342,929,843,188,945,127,210,186,793,101,104,365,498,54,533,715,923,370,56,112,264,810,281,576,577,225,625,523,765,798,286,732,804,216,724,540,894,986,109,976,596,282,410,235,144,676,175,558,513,484,163,683,617,779,453,621,910,471,134,171,743,597,855,968,161,809,404,315,468,802,350,80,459,800,83,71,582,832,94,762,18,91,857,632,964,867,509,647,515,460,852,987,744,290,962,173,478,904,942,769,671,975,432,110,393,340,767,650,791,84,605,190,152,485,654,51,837,595,35,9,208,847,67,727,900,579,85,238,656,262,420,907,440,668,68,293,519,538,828,323,45,27,66,396,675,117,217,357,842,781,70,594,43,377,606,623,492,276,555,358,978,844,751,19,634,906,716,875,644,63,870,197,55,865,458,930,831,355,681,314,819,873,24,164,821,6,785,209,419,103,176,581,959,721,777,504,598,295,
value : 411.03 running time : 1185.594661
0 80 20
627 84.4982 18.0533
345 84.8314 17.9091
260 85.1335 17.7783
243 86.0597 17.9452
483 86.834 18.0846
98 87.7702 20.4439
979 87.7702 20.4439
967 80.9384 41.1295
33 80.8418 41.4219
466 80.7214 41.7865
520 80.6171 42.1022
590 80.4941 42.4748
926 78.8052 47.5882
553 78.7733 47.6848
932 78.7443 47.7728
592 78.7155 47.8598
609 78.6857 47.9501
143 78.6539 48.0464
850 78.722 48.2891
274 78.7812 48.5004
425 78.8482 48.7393
29 78.9124 48.9681
198 78.984 49.2234
670 79.0444 49.439
920 79.1127 49.6825
195 79.1775 49.9135
232 79.2432 50.1477
102 79.3451 50.511
941 79.3451 50.511
745 79.3451 50.511
835 79.3451 50.511
201 81.8294 55.845
583 82.4743 57.2298
497 84.2681 61.0812
506 84.2885 61.2277
383 84.3088 61.3729
838 84.3266 61.5004
951 84.3461 61.6404
684 84.3727 61.8313
170 84.3975 62.0092
334 84.4236 62.1961
387 84.4492 62.3801
977 84.4778 62.5853
107 84.5052 62.7815
136 84.5349 62.9944
884 84.612 63.5476
242 84.7964 64.8699
450 85.6222 70.7939
528 86.1143 74.3238
372 86.7257 78.7098
385 86.7257 78.7098
25 86.4395 79.1686
685 86.1791 79.5861
204 85.954 79.9469
660 85.7102 80.3378
159 85.3912 80.8491
311 85.1653 81.2112
332 84.8902 81.6523
742 83.5349 83.8248
818 82.671 85.2097
473 81.6809 86.7969
928 80.6189 88.4993
322 80.3224 88.4956
889 80.0201 88.4917
983 79.4959 88.4851
417 78.9027 88.4776
135 78.4157 88.4714
353 77.9184 88.4651
820 77.5057 88.4598
725 77.0701 88.4543
740 76.591 88.4482
158 76.0584 88.4415
648 75.5975 88.4356
893 75.0918 88.4292
580 74.5221 88.422
864 73.9589 88.4148
251 73.3789 88.4075
937 72.8391 88.4006
817 72.3269 88.3941
465 71.9155 88.3889
813 71.5206 88.3839
285 71.11 88.3787
494 70.7146 88.3737
149 70.2541 88.3678
620 69.8109 88.3622
666 69.4148 88.3572
775 68.9898 88.3518
845 68.54 88.3461
52 68.1019 88.3405
318 67.683 88.3352
145 67.2393 88.3296
544 66.7998 88.324
481 66.3614 88.3185
854 65.9135 88.3128
823 65.3701 88.3059
42 64.8074 88.2987
369 64.241 88.2916
622 63.8028 88.286
992 63.3248 88.2799
464 62.8503 88.2739
185 62.3412 88.2675
229 61.8379 88.2611
754 61.3705 88.2551
273 60.9592 88.2499
40 60.4792 88.2438
179 60.0479 88.2384
816 59.6897 88.2338
395 59.323 88.2292
931 58.9349 88.2242
477 58.5382 88.2192
911 58.0999 88.2137
624 57.6501 88.208
851 57.3479 88.2041
62 57.0545 88.2004
313 56.7757 88.1969
887 56.4941 88.1933
814 56.1921 88.1895
511 55.9204 88.186
118 55.6825 88.183
746 55.4182 88.1796
415 55.1804 88.1766
882 54.937 88.1735
636 54.8658 88.1726
618 54.7963 88.1718
532 54.7238 88.1708
280 54.6723 88.1702
344 54.6161 88.1695
408 54.56 88.1688
642 54.5066 88.1681
861 54.4557 88.1674
297 54.4073 88.1668
984 54.3428 88.166
202 54.2749 88.1652
856 54.2079 88.1643
584 54.1419 88.1635
140 54.0764 88.1626
177 54.0128 88.1618
245 53.9409 88.1609
319 53.87 88.16
126 53.8057 88.1592
259 53.7422 88.1584
320 53.6744 88.1575
12 53.6124 88.1568
952 53.5457 88.1559
690 53.4807 88.1551
896 53.4124 88.1542
434 53.3449 88.1534
774 53.2811 88.1526
575 53.2206 88.1518
880 53.1519 88.1509
406 53.0824 88.15
737 53.016 88.1492
530 52.9448 88.1483
940 52.8779 88.1474
305 52.8086 88.1466
562 52.7465 88.1458
378 52.6976 88.1452
335 52.5207 88.1429
564 52.3297 88.1405
82 52.1764 88.1385
782 52.0442 88.1369
801 51.9126 88.1352
317 51.7285 88.1329
895 51.4958 88.1299
567 51.2908 88.1273
921 50.9824 88.1234
23 50.9824 88.1234
129 50.2819 88.1236
541 49.787 88.1237
563 49.3119 88.1238
516 48.8657 88.124
961 48.4119 88.1241
980 47.9407 88.1242
559 47.3861 88.1243
156 46.9147 88.1245
248 46.4469 88.1246
947 45.9744 88.1247
343 45.4573 88.1248
536 44.9646 88.1249
659 44.4539 88.1251
367 43.9534 88.1252
826 42.7458 88.1256
270 41.2505 88.126
866 41.2188 88.126
193 41.1838 88.126
713 41.1506 88.126
766 41.1142 88.126
172 41.0758 88.1261
877 41.0402 88.1261
613 41.005 88.1261
394 40.9696 88.1261
919 40.9345 88.1261
752 40.9032 88.1261
448 40.9032 88.1261
874 40.9032 88.1261
105 40.9032 88.1261
416 40.9032 88.1261
215 40.9031 88.1261
5 40.9031 88.1261
548 40.0404 88.1241
763 39.1897 88.1222
755 38.3258 88.1203
226 37.1587 88.1176
223 37.114 88.1231
139 37.0732 88.128
189 37.0332 88.133
181 36.9945 88.1377
649 36.9544 88.1426
206 36.9157 88.1473
561 36.8749 88.1523
375 36.8347 88.1572
22 36.7711 88.165
539 36.7123 88.1722
309 36.6498 88.1799
2 36.5855 88.1878
292 36.5272 88.1949
72 36.4679 88.2022
707 36.4092 88.2093
449 36.353 88.2162
265 36.293 88.2236
569 36.2345 88.2307
807 36.1757 88.2379
974 36.1129 88.2456
738 36.0511 88.2532
672 35.9898 88.2607
840 35.9356 88.2673
389 35.8798 88.2742
239 35.8211 88.2813
294 35.7567 88.2892
92 35.6853 88.298
918 35.6202 88.3059
230 35.5621 88.313
165 35.5051 88.32
241 35.0336 88.3778
614 34.5511 88.4368
437 33.9395 88.5117
231 33.2625 88.5946
53 32.6132 88.6741
167 31.6687 88.7897
146 30.8283 88.8926
695 29.8075 89.0176
253 29.3628 89.0721
808 28.9034 89.1283
469 28.375 89.193
871 27.9716 89.2424
651 27.642 89.2828
306 27.3322 89.3207
96 27.0319 89.3575
960 26.7112 89.3967
806 26.3279 89.4436
227 25.8383 89.5036
776 25.7726 89.5116
296 25.72 89.5181
15 25.6547 89.5261
833 25.5994 89.5329
933 25.5423 89.5398
17 25.4882 89.5465
610 25.4382 89.5526
753 25.3842 89.5592
368 25.3352 89.5652
470 25.2894 89.5708
795 25.2384 89.577
392 25.1851 89.5836
271 25.1255 89.5909
491 25.0604 89.5988
41 25.0063 89.6055
418 24.9469 89.6127
13 24.8833 89.6205
714 24.8271 89.6274
973 24.7722 89.6341
578 24.7334 89.6389
490 24.6902 89.6442
76 24.6446 89.6497
456 24.5953 89.6558
768 24.5493 89.6614
249 24.5053 89.6668
521 24.4615 89.6722
141 24.4217 89.677
244 24.3735 89.6829
761 24.3298 89.6883
120 24.2869 89.6935
886 24.2401 89.6993
631 24.1957 89.7047
859 24.1521 89.71
786 24.1094 89.7153
638 24.0652 89.7207
441 24.0137 89.727
44 23.9678 89.7326
885 23.9233 89.7381
430 23.8774 89.7437
611 23.8322 89.7492
712 23.7855 89.7549
409 23.7428 89.7602
757 23.7013 89.7652
424 23.6549 89.7709
20 23.6086 89.7766
442 23.5611 89.7824
256 23.5231 89.7871
773 23.4791 89.7924
288 23.4312 89.7983
16 23.3882 89.8036
696 22.8457 89.87
150 22.3073 89.9359
36 21.6789 90.0128
428 21.041 90.0909
28 20.2871 90.1832
73 19.1236 90.3257
568 14.4245 90.9011
988 11.4461 91.2658
462 11.4461 91.2658
827 11.4461 91.2658
750 11.4461 91.2658
693 11.4461 91.2658
593 11.4461 91.2658
213 11.2147 91.1144
169 11.2074 90.9999
50 11.2009 90.8973
447 11.1948 90.8025
380 11.1888 90.7089
138 11.1822 90.6051
435 11.1758 90.5043
39 11.1684 90.3899
325 11.1606 90.2671
699 11.1537 90.1593
399 11.1468 90.0519
446 11.1403 89.9497
300 11.1336 89.844
546 11.1278 89.7544
719 11.1225 89.6708
892 11.117 89.5856
615 11.1118 89.5036
711 11.1073 89.4327
304 11.1021 89.351
31 11.0965 89.2647
585 11.0918 89.1907
736 11.0865 89.1076
108 11.0814 89.0278
106 11.0765 88.9515
637 11.0711 88.8662
240 11.0657 88.781
678 11.0609 88.707
914 11.0559 88.6279
236 11.0508 88.5486
982 11.0452 88.4602
88 11.0396 88.3733
815 11.0347 88.2969
199 11.0299 88.2215
557 11.0248 88.1413
1 11.0197 88.0615
969 11.0145 87.9809
792 11.009 87.8947
401 11.0038 87.8128
944 10.9985 87.7294
263 10.9945 87.6669
803 10.9904 87.6033
953 10.9863 87.5389
200 10.9823 87.4756
115 10.9778 87.4052
183 10.973 87.33
955 10.968 87.2523
95 10.9636 87.1829
58 10.959 87.1114
203 10.9544 87.0392
321 10.9499 86.9685
495 10.9458 86.9049
444 10.9415 86.8375
905 10.9371 86.7685
570 10.9327 86.6993
780 10.9284 86.6318
178 10.9242 86.5668
426 10.9202 86.5032
718 10.9161 86.44
90 10.9117 86.3714
830 10.9076 86.3073
554 10.9039 86.2489
184 10.9039 86.2489
560 10.9039 86.2489
796 10.9039 86.2489
346 10.9039 86.2489
890 10.9039 86.2489
868 10.9039 86.2489
628 10.8952 85.6007
405 10.8867 84.9687
946 10.8447 81.8295
48 10.843 81.7054
301 10.8414 81.5857
436 10.8396 81.4505
916 10.8379 81.3246
247 10.8362 81.1982
364 10.8344 81.0631
360 10.8324 80.9147
547 10.8306 80.7751
75 10.8284 80.6148
168 10.8263 80.4587
728 10.8244 80.3144
93 10.8226 80.181
433 10.8206 80.031
153 10.8187 79.894
759 10.8166 79.7372
431 10.8146 79.5843
316 10.8126 79.4378
386 10.8104 79.2758
445 10.798 78.3464
374 10.7907 77.8059
665 10.7834 77.2565
608 10.7775 76.8191
119 10.7678 76.0965
970 10.7594 75.4682
224 10.7528 74.9794
272 10.7457 74.4512
556 10.7396 73.9987
860 10.733 73.5014
717 10.7256 72.9544
784 10.7189 72.4542
607 10.7136 72.0579
114 10.7078 71.6278
939 10.7027 71.2488
799 10.7004 71.0772
234 10.6981 70.9013
703 10.6976 70.8637
298 10.6971 70.8285
502 10.6966 70.7894
77 10.696 70.7467
966 10.6955 70.7067
376 10.6949 70.6671
381 10.6944 70.6296
207 10.6939 70.5933
400 10.6935 70.5575
457 10.693 70.52
113 10.6924 70.4809
487 10.6919 70.4415
657 10.6913 70.3969
427 10.6907 70.352
277 10.6901 70.309
192 10.6896 70.2675
411 10.6891 70.2298
500 10.6886 70.193
551 10.6881 70.1547
361 10.6875 70.1121
948 10.6869 70.068
162 10.6863 70.0266
600 10.6858 69.9857
503 10.6852 69.9416
552 10.6846 69.8965
347 10.684 69.8502
220 10.684 69.8502
531 10.684 69.8502
680 10.7932 69.8402
879 10.8936 69.8311
219 10.9941 69.8219
734 11.0944 69.8128
196 11.2085 69.8024
747 11.3082 69.7933
694 11.406 69.7843
255 11.5207 69.7739
630 11.6498 69.7621
81 11.7687 69.7513
131 11.8804 69.7411
701 11.9983 69.7303
764 12.1097 69.7202
132 12.2194 69.7102
275 12.3231 69.7007
326 12.4178 69.6921
482 12.5118 69.6835
339 12.6062 69.6749
371 12.6893 69.6673
517 12.7872 69.6584
991 12.8977 69.6483
524 13.0246 69.6367
739 13.1355 69.6266
130 13.2415 69.6169
667 13.3353 69.6084
589 13.4747 69.5957
398 13.6095 69.5834
338 13.7305 69.5723
686 13.8514 69.5613
14 13.986 69.549
639 14.132 69.5357
3 14.8732 69.4681
97 15.63 69.3991
726 16.4359 69.3256
924 17.1838 69.2574
429 17.8553 69.1962
825 18.5756 69.1305
333 19.3905 69.0562
658 20.0018 69.0004
349 20.5976 68.9461
451 21.1532 68.8954
591 21.7365 68.8422
733 22.1624 68.8034
788 22.588 68.7645
327 22.9678 68.7299
878 23.3771 68.6926
587 23.6962 68.6635
927 24.0163 68.6343
981 24.3466 68.6042
574 24.6962 68.5723
479 25.0211 68.5426
872 25.4289 68.5054
789 25.6898 68.4817
252 25.9717 68.4559
689 25.9697 68.4165
79 25.9675 68.3728
60 25.9658 68.3388
599 25.9635 68.2934
901 25.9614 68.2533
888 25.9597 68.2186
954 25.9578 68.1818
772 25.9555 68.1371
697 25.9538 68.1034
550 25.9518 68.0634
537 25.9495 68.0179
635 25.9471 67.9714
662 25.9448 67.9268
601 25.9421 67.8743
604 25.9398 67.8292
526 25.9372 67.778
329 25.9345 67.7242
957 25.9321 67.6763
640 25.9297 67.6307
443 25.9277 67.5896
971 25.9251 67.5401
839 25.9226 67.4895
233 25.9204 67.4466
137 25.9185 67.4107
454 25.9168 67.3759
21 25.9146 67.3332
729 25.9123 67.2888
124 25.9104 67.2512
324 25.8326 65.7221
912 25.8261 65.5935
846 25.8202 65.4775
99 25.8144 65.3632
730 25.8076 65.2309
59 25.7993 65.0669
756 25.7922 64.9273
493 25.7858 64.8014
735 25.7794 64.677
720 25.7734 64.559
291 25.7672 64.4358
30 25.7602 64.2998
501 25.5856 64.1348
691 25.388 63.9481
545 25.2399 63.8081
571 25.1101 63.6854
308 24.9591 63.5427
267 24.7853 63.3785
950 24.6246 63.2266
510 24.432 63.0447
507 24.2565 62.8789
897 24.087 62.7186
645 23.9268 62.5673
382 23.7479 62.3982
390 23.5762 62.236
903 23.3895 62.0596
705 23.1906 61.8717
359 23.018 61.7085
266 22.833 61.5337
34 21.6486 60.4146
965 20.4784 59.3088
122 11.2336 50.5738
422 11.2354 50.5363
423 11.2372 50.499
805 11.2389 50.4638
936 11.2407 50.4269
527 11.2424 50.3902
797 11.2445 50.3485
731 11.2462 50.3115
652 11.2479 50.2771
925 11.2495 50.2445
956 11.2513 50.2064
938 11.2531 50.1686
336 11.2548 50.1338
760 11.2564 50.0998
116 11.2583 50.0606
47 11.2602 50.0209
698 11.2622 49.9799
128 11.2641 49.941
212 11.266 49.9006
341 11.2678 49.8638
858 11.2696 49.8258
863 11.2714 49.7873
154 11.2732 49.7519
909 11.2748 49.7172
677 11.2764 49.6833
565 11.2782 49.6472
214 11.28 49.6103
972 11.2818 49.5714
218 11.2837 49.5329
279 11.2857 49.4917
174 11.2876 49.4511
463 11.2894 49.4131
303 11.2912 49.3761
534 11.2932 49.3355
57 11.2951 49.2966
616 11.2971 49.2547
222 11.2989 49.2174
312 11.3007 49.1793
352 11.3024 49.1429
157 11.3043 49.1049
148 11.3063 49.0637
758 11.308 49.0271
100 11.3097 48.9911
841 11.3117 48.9511
476 11.3136 48.9102
123 11.3154 48.8726
228 11.3172 48.8357
849 11.3188 48.8021
663 11.3263 48.6474
958 11.3331 48.5052
708 11.3387 48.3884
771 11.3455 48.2471
749 11.3519 48.1146
949 11.3584 47.9788
542 11.3645 47.8521
489 11.3709 47.7195
373 11.3775 47.5831
505 11.3841 47.4463
391 11.391 47.3025
496 11.3981 47.1551
990 11.4051 47.0087
770 11.4116 46.8736
142 11.4179 46.7419
78 11.4247 46.6005
182 11.4307 46.4761
166 11.4371 46.3436
65 11.6113 42.7204
384 11.6489 41.939
10 11.6863 41.1605
330 11.7221 40.4176
133 11.7602 39.6241
985 11.7786 39.2423
836 11.7969 38.8625
572 11.8038 38.7182
87 11.8056 38.6809
46 11.8074 38.6433
328 11.8093 38.6034
125 11.8114 38.5604
700 11.8134 38.5188
499 11.8154 38.4773
74 12.0079 34.4746
829 12.0394 33.8185
283 12.0704 33.1751
268 12.107 32.4136
794 12.1399 31.7287
258 12.1687 31.1302
898 12.1915 30.6577
32 12.2101 30.2691
86 12.2478 29.4865
514 12.2991 28.4202
121 12.3603 27.1465
331 12.5372 23.4676
187 12.7077 19.9226
4 12.7091 19.8933
710 12.7204 19.6578
943 12.7325 19.4061
702 12.7821 18.3757
299 12.8398 17.1764
812 12.9508 14.8684
412 12.9508 14.8684
362 12.9508 14.8684
881 12.9508 14.8684
588 12.9508 14.8684
963 12.9508 14.8684
722 12.9824 14.8671
682 13.0167 14.8656
661 13.0518 14.8642
741 13.0834 14.8628
61 13.1151 14.8615
8 13.1536 14.8599
674 13.1847 14.8586
673 13.2179 14.8572
211 13.2537 14.8556
254 13.2896 14.8541
629 13.3201 14.8529
646 13.3519 14.8515
348 13.3884 14.85
488 13.4254 14.8484
641 13.4574 14.8471
455 13.4877 14.8458
402 15.2538 14.7712
366 17.086 14.6939
474 19.0631 14.6104
902 21.1787 14.521
643 23.2862 14.4321
669 25.3406 14.3453
246 27.1082 14.2707
439 28.8699 14.1963
626 31.1973 14.098
518 33.6069 13.9963
284 33.5349 14.6974
310 33.4886 15.148
287 33.4437 15.5854
407 33.394 16.069
573 33.3389 16.6058
64 33.2834 17.1456
351 33.2343 17.6239
709 33.1743 18.2087
704 33.1253 18.6849
822 33.071 19.2143
111 33.0227 19.6842
653 32.9749 20.1498
899 32.6751 23.0688
363 32.7703 23.3793
602 32.901 23.8054
221 33.0292 24.2236
486 33.1537 24.6296
934 33.2536 24.9555
379 33.3498 25.2691
915 33.4407 25.5654
354 33.5375 25.8812
824 33.6362 26.2031
787 33.7371 26.5321
26 33.8333 26.8459
883 33.936 27.1809
337 34.048 27.5461
261 34.1753 27.9613
421 34.3058 28.3868
278 34.3633 28.5744
307 34.421 28.7624
467 34.4877 28.9799
191 34.5535 29.1947
687 34.6172 29.4023
160 34.6172 29.4023
586 34.6172 29.4023
257 34.6172 29.4023
289 34.6172 29.4023
205 34.554 31.5655
834 34.9758 32.161
783 35.3863 32.7406
869 35.6132 33.0611
250 35.8824 33.441
853 35.7149 34.7336
935 35.5471 36.0286
612 35.3723 37.3785
11 35.1859 38.8171
522 35.027 40.0431
147 34.9354 40.7503
778 34.8795 41.1821
508 34.8312 41.5548
37 34.7845 41.9158
480 34.7398 42.261
89 34.6895 42.6495
566 34.6895 42.6495
603 34.6895 42.6495
790 34.6895 42.6495
413 34.6895 42.6495
679 34.6895 42.6495
414 34.6895 42.6495
619 34.6895 42.6495
688 34.6895 42.6495
194 34.6895 42.6495
155 34.6895 42.6495
862 34.6895 42.6495
452 34.6895 42.6495
38 34.6895 42.6495
692 34.6895 42.6495
723 34.6895 42.6495
49 34.6895 42.6495
876 34.6895 42.6495
397 34.6895 42.6495
913 34.6895 42.6495
302 34.6895 42.6495
151 34.6895 42.6495
180 34.6895 42.6495
891 34.6895 42.6495
655 34.6895 42.6495
549 34.6895 42.6495
388 34.6839 42.9349
356 34.6784 43.2174
917 34.6728 43.5098
475 34.6669 43.8138
989 34.6613 44.0995
811 34.6556 44.397
543 34.6499 44.6911
438 34.6442 44.9812
269 34.6387 45.2648
512 34.6332 45.5498
529 34.6274 45.8478
748 34.6212 46.1693
633 34.615 46.4894
403 34.615 46.4894
848 34.615 46.4894
908 34.615 46.4894
237 34.8473 46.8309
461 35.0547 47.1357
922 35.2419 47.4109
525 35.4015 47.6453
535 35.5767 47.9029
706 35.7757 48.1953
664 35.9824 48.4991
7 36.6592 49.4937
69 38.4898 52.1838
472 39.4216 53.5533
342 40.3354 54.8963
929 41.3258 56.3518
843 42.4064 57.9398
188 44.7484 61.3815
945 44.7559 61.3974
127 44.8391 61.5734
210 44.9237 61.7524
186 45.0118 61.9386
793 45.1056 62.1372
101 45.2036 62.3445
104 45.3043 62.5575
365 45.4032 62.7667
498 45.5022 62.9761
54 45.6043 63.192
533 45.7064 63.4081
715 45.8087 63.6245
923 45.9135 63.8462
370 46.023 64.0779
56 46.1356 64.3159
112 46.2474 64.5524
264 46.2474 64.5524
810 46.2474 64.5525
281 46.2474 64.5525
576 46.2474 64.5525
577 46.2474 64.5525
225 46.2474 64.5525
625 46.2474 64.5525
523 46.2474 64.5525
765 46.2474 64.5525
798 46.2474 64.5525
286 46.2474 64.5525
732 46.2474 64.5525
804 46.2474 64.5525
216 46.2474 64.5525
724 46.2474 64.5525
540 46.3003 64.5692
894 46.3556 64.5867
986 46.4118 64.6045
109 46.4641 64.621
976 46.5082 64.6349
596 46.5568 64.6503
282 46.6159 64.669
410 46.6663 64.6849
235 46.7205 64.7021
144 46.7711 64.7181
676 46.8221 64.7342
175 46.8725 64.7501
558 46.93 64.7683
513 46.9868 64.7863
484 47.0384 64.8026
163 47.0884 64.8184
683 47.1436 64.8359
617 47.2038 64.8549
779 47.2556 64.8713
453 47.31 64.8885
621 47.3583 64.9038
910 47.4088 64.9197
471 47.4635 64.937
134 47.5218 64.9555
171 47.578 64.9733
743 47.6408 64.9931
597 47.698 65.0112
855 47.7611 65.0312
968 47.822 65.0504
161 47.8777 65.068
809 47.9284 65.0841
404 48.1097 65.1414
315 49.702 65.6449
468 49.7613 65.6636
802 49.8169 65.6812
350 49.8692 65.6978
80 50.0217 65.746
459 51.339 66.1626
800 57.2256 68.0239
83 62.5178 69.6973
71 62.6022 69.724
582 62.6022 69.724
832 62.6022 69.724
94 62.6022 69.724
762 62.6022 69.724
18 62.6022 69.724
91 62.6022 69.724
857 62.6472 69.5449
632 62.7017 69.3274
964 62.7616 69.0888
867 62.8268 68.8291
509 62.896 68.5533
647 62.9627 68.2873
515 63.0319 68.0114
460 63.1006 67.7379
852 63.1658 67.4778
987 63.1658 67.4778
744 63.1658 67.4778
290 63.1658 67.4778
962 63.1658 67.4778
173 63.1658 67.4778
478 63.1658 67.4778
904 63.1658 67.4778
942 63.1658 67.4778
769 63.1658 67.4778
671 63.1658 67.4778
975 63.1658 67.4778
432 63.1658 67.4778
110 63.1658 67.4778
393 63.1658 67.4778
340 63.1658 67.4778
767 63.1658 67.4778
650 63.1658 67.4778
791 63.1658 67.4778
84 63.1658 67.4778
605 63.1658 67.4778
190 63.1658 67.4778
152 63.1658 67.4778
485 63.1658 67.4778
654 63.1658 67.4778
51 63.1658 67.4778
837 63.1658 67.4778
595 63.1658 67.4778
35 63.1658 67.4778
9 63.1658 67.4778
208 63.1658 67.4778
847 63.1658 67.4778
67 63.1658 67.4778
727 63.1658 67.4778
900 63.1658 67.4778
579 63.1658 67.4778
85 62.4837 63.0464
238 62.2507 61.5309
656 61.9991 59.8954
262 61.7554 58.3111
420 61.6961 57.9252
907 61.6335 57.5179
440 61.57 57.1049
668 61.4936 56.6085
68 61.3191 55.4738
293 61.0395 53.6555
519 60.72 51.5782
538 60.4018 49.5098
828 59.7506 45.2776
323 59.6906 44.8874
45 59.634 44.5195
27 59.5818 44.1802
66 59.5783 44.1576
396 59.575 44.1358
675 59.571 44.1096
117 59.5673 44.0856
217 59.5632 44.059
357 59.5593 44.0337
842 59.5554 44.0085
781 59.551 43.9798
70 59.551 43.9798
594 59.551 43.9798
43 59.551 43.9798
377 59.551 43.9798
606 59.551 43.9798
623 59.551 43.9798
492 59.551 43.9798
276 59.551 43.9798
555 59.9843 36.951
358 59.9843 36.951
978 59.9843 36.951
844 59.9843 36.951
751 59.9843 36.951
19 59.9843 36.951
634 59.9843 36.951
906 59.9843 36.951
716 59.9843 36.951
875 59.9843 36.951
644 59.9843 36.951
63 59.9843 36.951
870 59.9843 36.951
197 59.9843 36.951
55 60.0681 36.3482
865 60.1569 35.7094
458 60.2164 35.2815
930 60.2768 34.8472
831 60.338 34.4067
355 60.3987 33.97
681 60.4598 33.53
314 60.5208 33.0916
819 60.5834 32.6413
873 60.6439 32.2061
24 60.6956 31.8335
164 60.6957 31.8335
821 60.6957 31.8334
6 60.6957 31.8334
785 60.6957 31.8333
209 60.6957 31.8332
419 61.8852 26.8179
103 67.6078 15.1961
176 68.1718 15.4148
581 68.7312 15.6316
959 69.3174 15.8589
721 69.9525 16.1051
777 70.5661 16.343
504 71.6266 16.7541
598 72.7495 17.1894
295 74.053 17.6947
