0,103,24,777,581,295,176,721,598,504,819,959,419,358,164,873,45,844,681,197,209,785,19,377,831,865,55,458,555,355,930,6,781,27,821,751,232,117,143,978,63,594,675,217,842,606,875,70,623,262,85,926,519,492,870,843,828,634,644,357,716,906,314,43,69,66,323,670,942,188,286,904,647,35,478,962,538,393,847,102,112,340,727,767,791,515,190,440,650,432,837,315,964,290,208,152,110,656,900,238,509,293,907,51,975,9,762,173,654,460,671,605,396,668,625,68,595,485,987,84,67,867,832,109,420,779,281,498,101,793,894,597,94,468,282,582,91,769,577,810,235,676,523,855,921,365,80,291,513,404,798,216,683,732,134,533,857,171,986,484,617,632,264,910,576,225,715,596,558,453,175,923,163,540,370,459,54,976,765,104,144,471,621,56,161,743,809,410,968,724,350,49,237,180,461,891,472,912,210,30,945,804,839,127,194,876,848,929,778,922,276,186,89,535,706,397,269,529,38,452,566,790,388,679,7,525,913,664,147,37,687,783,11,413,603,862,688,811,543,522,989,917,151,257,438,480,155,414,475,512,302,508,619,692,356,748,935,342,853,250,586,709,307,191,626,354,834,160,278,486,26,787,934,379,869,64,221,261,824,549,467,421,289,915,653,704,883,111,310,439,822,702,363,337,407,246,669,518,287,351,254,573,284,602,488,412,455,641,812,741,902,402,474,8,362,211,366,646,348,674,187,61,881,588,331,629,682,643,722,258,673,899,898,330,268,710,87,794,943,963,205,121,829,661,46,32,74,283,86,133,958,572,836,985,299,700,4,514,663,723,612,78,655,863,123,499,384,373,909,125,10,65,328,122,938,142,534,531,691,116,949,463,423,157,476,677,391,565,303,858,154,352,341,279,214,174,166,708,542,990,182,212,770,489,758,100,749,47,936,731,698,797,652,422,849,616,57,841,228,771,908,336,148,218,505,972,925,805,496,403,527,312,222,128,633,482,897,324,545,510,956,756,507,267,382,443,888,571,720,137,946,587,327,927,730,451,266,971,59,79,493,901,333,789,359,326,965,390,903,600,308,501,537,591,604,233,574,788,733,349,526,640,878,454,764,729,21,950,645,981,957,601,429,705,599,846,34,635,735,658,99,88,657,14,347,411,630,220,784,747,298,970,400,796,500,479,132,502,686,196,376,219,879,272,556,457,3,517,131,398,130,192,948,552,114,427,97,728,503,113,717,589,939,255,162,234,760,119,734,694,667,445,374,361,924,726,207,607,665,739,524,991,371,799,381,277,77,224,701,81,966,338,860,639,680,346,275,890,825,703,772,487,339,329,944,780,321,399,546,244,178,247,554,615,169,830,433,570,914,803,75,31,436,955,718,551,240,628,153,90,39,759,557,106,300,833,263,905,444,495,203,868,405,827,138,401,108,736,200,446,678,386,699,953,316,568,547,304,693,719,750,364,637,969,213,585,933,560,435,236,815,48,982,95,892,988,973,380,325,711,199,1,792,301,426,447,168,608,184,418,115,470,651,776,697,442,491,631,795,695,786,28,672,183,638,392,296,441,256,17,41,916,44,885,757,20,871,808,16,610,60,2,96,306,93,886,368,753,578,13,761,431,271,231,954,773,141,428,167,150,918,223,456,76,462,611,430,714,712,409,36,696,424,58,521,859,73,253,120,469,15,768,227,146,593,490,288,50,360,550,249,960,689,206,181,548,292,189,662,124,252,22,239,394,449,872,226,437,129,806,389,564,92,270,752,807,172,707,230,561,877,974,139,265,649,215,416,919,614,840,72,738,613,755,53,539,309,305,448,766,874,866,563,294,763,569,105,241,882,320,179,562,961,343,880,559,375,319,5,800,177,774,259,931,40,406,746,896,814,82,984,248,947,713,193,541,940,434,140,229,567,782,642,313,952,690,245,536,317,816,165,802,369,737,378,477,280,851,62,861,202,911,575,185,826,156,659,636,887,584,367,23,856,408,624,511,12,980,118,754,415,335,126,395,344,801,992,530,516,618,532,895,744,813,42,18,52,648,854,775,417,353,285,465,818,297,71,273,937,817,864,742,481,149,580,544,622,251,666,158,318,620,83,893,823,145,159,464,820,928,889,740,983,845,135,494,372,685,332,528,25,322,725,660,473,311,204,579,450,385,383,170,967,838,334,497,977,884,932,951,850,425,387,684,201,941,583,107,553,242,592,920,198,852,835,136,195,609,506,29,274,745,520,466,33,590,98,627,979,260,243,483,345,
value : 393.417 running time : 2836.247635
0 80 20
103 67.6138 15.1938
24 67.3193 15.7939
777 67.0634 16.3156
581 66.8013 16.8498
295 66.5506 17.3607
176 66.33 17.8103
721 66.0834 18.313
598 65.2373 20.0374
504 64.4314 21.6797
819 63.5465 23.4832
959 62.6867 25.2355
419 61.8084 27.0255
358 61.2676 28.9714
164 60.9583 30.0845
873 60.6213 31.2974
45 60.1583 32.9635
844 59.7722 34.353
681 59.6485 34.7982
197 59.5219 35.2537
209 59.5219 35.2537
785 59.5357 35.4184
19 59.5506 35.5953
377 59.5648 35.7653
831 59.5773 35.9141
865 59.5913 36.0812
55 59.6078 36.2778
458 59.626 36.4952
555 59.6419 36.6845
355 59.6711 37.0325
930 59.6986 37.3607
6 59.7226 37.6468
781 59.7527 38.0063
27 59.7842 38.381
821 59.8173 38.7755
751 59.8532 39.2044
232 59.8972 39.7293
117 59.9331 40.1575
143 59.9581 40.455
978 59.9793 40.7073
63 60.001 40.9672
594 60.0232 41.2312
675 60.0461 41.5039
217 60.0699 41.7877
842 60.0948 42.0849
606 60.1157 42.335
875 60.1373 42.5919
70 60.161 42.8742
623 60.1809 43.1124
262 60.2006 43.3469
85 60.2196 43.5737
926 60.2317 43.7176
519 60.2433 43.8561
492 60.254 43.9832
870 60.264 44.103
843 60.2751 44.2355
828 60.2768 44.2556
634 60.2788 44.2793
644 60.2809 44.3048
357 60.2829 44.3278
716 60.2847 44.3494
906 60.2865 44.3716
314 60.2884 44.3935
43 60.2903 44.4163
69 60.2922 44.4394
66 60.3991 45.2808
323 60.5467 46.4426
670 60.784 48.3104
942 61.3171 52.5062
188 61.6779 55.3466
286 62.0502 58.2765
904 62.4574 61.4817
647 62.4816 61.6722
35 62.506 61.8643
478 62.5332 62.0784
962 62.5618 62.3039
538 62.5828 62.469
393 62.6079 62.6665
847 62.6318 62.8548
102 62.6512 63.0074
112 62.6765 63.2067
340 62.6973 63.3709
727 62.7173 63.5284
767 62.7337 63.657
791 62.7535 63.8128
515 62.7741 63.9751
190 62.7935 64.1277
440 62.817 64.3134
650 62.8394 64.4897
432 62.8635 64.6792
837 62.8836 64.8375
315 62.8836 64.8375
964 62.8836 64.8375
290 62.8836 64.8375
208 62.8836 64.8375
152 62.8836 64.8375
110 62.8836 64.8375
656 62.8836 64.8375
900 62.8836 64.8375
238 62.8836 64.8375
509 62.8836 64.8375
293 62.8836 64.8375
907 62.8836 64.8375
51 62.8836 64.8375
975 62.8836 64.8375
9 61.9391 64.8255
762 61.3304 64.8177
173 60.7592 64.8104
654 60.1773 64.803
460 59.4456 64.7937
671 58.6933 64.7841
605 58.6785 64.7831
396 58.6642 64.7822
668 58.6498 64.7812
625 58.6349 64.7802
68 58.6217 64.7793
595 58.6072 64.7783
485 58.5917 64.7773
987 58.5763 64.7763
84 58.561 64.7752
67 58.5481 64.7744
867 58.5339 64.7734
832 58.5168 64.7723
109 58.5005 64.7712
420 58.4865 64.7702
779 55.0019 64.5367
281 54.217 64.484
498 53.8922 64.4623
101 53.5882 64.4419
793 53.3185 64.4238
894 53.0337 64.4047
597 52.8133 64.3899
94 52.6301 64.3776
468 52.4275 64.364
282 52.2178 64.3499
582 52.0158 64.3364
91 51.7958 64.3216
769 51.5823 64.3073
577 51.3587 64.2923
810 51.1345 64.2773
235 50.8826 64.2604
676 50.6385 64.244
523 50.414 64.229
855 50.2181 64.2158
921 50.0093 64.2018
365 48.493 64.1002
80 48.2238 64.0821
291 48.003 64.0673
513 47.822 64.0551
404 47.6135 64.0412
798 47.5481 64.0368
216 47.4721 64.0317
683 47.3841 64.0258
732 47.3029 64.0203
134 47.2253 64.0151
533 47.1475 64.0099
857 47.0801 64.0054
171 46.9955 63.9997
986 46.9259 63.9951
484 46.8501 63.99
617 46.7792 63.9852
632 46.6978 63.9798
264 46.6075 63.9737
910 46.5168 63.9676
576 46.4379 63.9623
225 46.3579 63.957
715 46.2783 63.9516
596 46.2014 63.9465
558 46.1354 63.942
453 46.0642 63.9373
175 45.9787 63.9315
923 45.9078 63.9268
163 45.8225 63.9211
540 45.7438 63.9158
370 45.6746 63.9111
459 45.6021 63.9063
54 45.5286 63.9013
976 45.4564 63.8965
765 45.4564 63.8965
104 45.4564 63.8965
144 45.4564 63.8965
471 45.4564 63.8965
621 45.4564 63.8965
56 45.4564 63.8965
161 45.4564 63.8965
743 45.4564 63.8965
809 45.4564 63.8965
410 45.4564 63.8965
968 45.4564 63.8965
724 45.4564 63.8965
350 45.2932 63.5496
49 42.8399 58.3365
237 42.6947 58.028
180 42.5583 57.738
461 42.4359 57.4778
891 42.3124 57.2155
472 42.2036 56.9842
912 42.1012 56.7666
210 41.9947 56.5402
30 41.8918 56.3216
945 41.7882 56.1015
804 41.6884 55.8892
839 41.5712 55.6403
127 41.4599 55.4038
194 41.3461 55.1618
876 41.2383 54.9327
848 41.1455 54.7356
929 41.0577 54.5489
778 40.9641 54.3501
922 40.8803 54.1719
276 40.7946 53.9898
186 40.7146 53.8197
89 39.1253 50.4426
535 37.5505 47.0964
706 37.3641 46.7
397 37.1922 46.3348
269 37.1078 46.1554
529 37.0085 45.9445
38 36.958 45.8371
452 36.909 45.733
566 36.8532 45.6144
790 36.7938 45.4881
388 36.7362 45.3657
679 36.6803 45.2469
7 36.6297 45.1394
525 36.5809 45.0358
913 36.5306 44.9288
664 36.4749 44.8105
147 36.4278 44.7104
37 36.3694 44.5862
687 36.3212 44.4838
783 36.2752 44.386
11 36.2269 44.2834
413 36.1842 44.1928
603 36.1406 44.1001
862 36.0916 43.9959
688 36.0424 43.8912
811 35.9867 43.7729
543 35.9412 43.6763
522 35.8991 43.5868
989 35.8481 43.4785
917 35.7956 43.3668
151 35.7408 43.2503
257 35.692 43.1467
438 35.6452 43.0471
480 35.6014 42.9542
155 35.5578 42.8614
414 35.5063 42.752
475 35.4597 42.653
512 35.4597 42.653
302 35.4597 42.653
508 35.4597 42.6529
619 35.4597 42.6529
692 35.4597 42.6528
356 35.4597 42.6528
748 35.4597 42.6527
935 35.4597 42.6527
342 35.4597 42.6526
853 35.4985 36.5169
250 35.5339 30.9294
586 35.5187 30.7147
709 35.5037 30.5016
307 35.4895 30.2988
191 35.4762 30.1109
626 35.4613 29.8984
354 35.449 29.7248
834 35.4375 29.5606
160 35.4253 29.3885
278 35.4131 29.2153
486 35.4002 29.032
26 35.3858 28.8275
787 35.3738 28.6573
934 35.3615 28.4822
379 35.3498 28.3156
869 35.3381 28.1497
64 35.3239 27.9489
221 35.3126 27.7874
261 35.3007 27.6196
824 35.2894 27.4586
549 35.2788 27.3086
467 35.2634 27.089
421 35.2477 26.8671
289 35.1787 25.8872
915 35.0972 24.7306
653 35.0055 23.4286
704 34.9501 22.6415
883 34.903 21.9724
111 34.8561 21.3069
310 34.8082 20.6275
439 34.7652 20.0171
822 34.7221 19.4043
702 34.6728 18.7052
363 34.6219 17.9817
337 34.578 17.3586
407 34.529 16.6625
246 34.4873 16.0717
669 34.438 15.3709
518 34.3949 14.76
287 32.934 14.8368
351 31.0738 14.9345
254 29.1185 15.0372
573 27.9042 15.101
284 25.6022 15.2219
602 23.3193 15.3418
488 18.6368 15.0965
412 14.6885 14.8896
455 13.3161 14.8176
641 13.2034 14.8117
812 13.0381 14.803
741 13.0074 14.9383
902 12.9789 15.0635
402 12.9522 15.1807
474 12.9273 15.2903
8 12.9056 15.3855
362 12.8793 15.5009
211 12.854 15.6122
366 12.8274 15.7292
646 12.8013 15.8441
348 12.7745 15.9614
674 12.7486 16.0754
187 12.7225 16.19
61 12.7225 16.19
881 12.7225 16.19
588 12.7225 16.19
331 12.7225 16.19
629 12.7225 16.19
682 12.7225 16.19
643 12.7225 16.19
722 12.7225 16.19
258 12.626 20.7221
673 12.5655 23.5647
899 12.5069 26.3172
898 12.4356 29.6695
330 12.3662 33.2517
268 12.3662 33.2517
710 12.3662 33.2517
87 12.3662 33.2517
794 12.3662 33.2518
943 12.3662 33.2518
963 12.3662 33.2518
205 12.3668 33.3562
121 12.3674 33.4562
829 12.3679 33.5586
661 12.3685 33.6569
46 12.3692 33.7852
32 12.3698 33.8923
74 12.3703 33.9886
283 12.371 34.1111
86 12.3716 34.2189
133 12.3722 34.3333
958 12.3729 34.4587
572 12.3734 34.5636
836 12.3741 34.68
985 12.3748 34.8084
299 12.3754 34.9264
700 12.3762 35.0667
4 12.3769 35.1898
514 12.3814 35.9984
663 12.3893 37.4371
723 12.3973 38.8725
612 12.3973 38.8725
78 12.3385 39.2384
655 12.2821 39.5893
863 12.2282 39.9253
123 12.1721 40.2744
499 12.1183 40.609
384 12.1049 40.6927
373 12.0905 40.7822
909 12.0779 40.8607
125 12.0669 40.9293
10 12.0539 41.0102
65 12.0404 41.0946
328 12.0289 41.1658
122 11.5235 51.3746
938 11.648 51.5307
142 11.7585 51.6692
534 11.8591 51.7955
531 11.9513 51.9111
691 11.9513 51.9111
116 11.9513 51.9111
949 11.9573 51.9172
463 11.9629 51.9228
423 11.9687 51.9287
157 11.9747 51.9347
476 11.9817 51.9418
677 11.9888 51.949
391 11.9954 51.9556
565 12.0014 51.9616
303 12.0069 51.9672
858 12.013 51.9734
154 12.0185 51.9789
352 12.0247 51.9851
341 12.0307 51.9912
279 12.0374 51.998
214 12.0431 52.0037
174 12.0493 52.01
166 12.055 52.0157
708 12.061 52.0218
542 12.0671 52.028
990 12.0728 52.0337
182 12.0792 52.0402
212 12.0846 52.0456
770 12.0909 52.052
489 12.0976 52.0588
758 12.1046 52.0658
100 12.1104 52.0717
749 12.1162 52.0775
47 12.1225 52.0838
936 12.1288 52.0903
731 12.1349 52.0964
698 12.1421 52.1037
797 12.1483 52.11
652 12.1541 52.1158
422 12.161 52.1227
849 12.166 52.1278
616 12.1718 52.1336
57 12.1781 52.14
841 12.1844 52.1463
228 12.1907 52.1527
771 12.1978 52.1599
908 12.2048 52.1669
336 12.2109 52.1731
148 12.2165 52.1788
218 12.2223 52.1846
505 12.2286 52.191
972 12.2352 52.1976
925 12.2411 52.2036
805 12.2472 52.2098
496 12.2534 52.216
403 12.2596 52.2223
527 12.2596 52.2223
312 12.2596 52.2223
222 12.2596 52.2223
128 12.2596 52.2223
633 14.4177 55.2699
482 15.7909 57.2092
897 16.5038 58.2159
324 17.0717 59.0178
545 17.6587 59.8468
510 18.189 60.5958
956 18.6714 61.277
756 19.2336 62.071
507 19.7694 62.8275
267 20.3132 63.5955
382 20.7944 64.275
443 21.2917 64.9774
888 21.3517 65.0621
571 21.4073 65.1406
720 21.4587 65.2131
137 21.5154 65.2933
946 21.574 65.376
587 21.6262 65.4498
327 21.6808 65.5268
927 21.736 65.6048
730 21.7921 65.684
451 21.8358 65.7457
266 21.8913 65.8241
971 21.9382 65.8903
59 21.9823 65.9525
79 22.0341 66.0257
493 22.0901 66.1048
901 22.1837 66.3078
333 22.2828 66.5227
789 22.2888 66.5358
359 22.2946 66.5482
326 22.3003 66.5606
965 22.3058 66.5727
390 22.3116 66.5852
903 22.3175 66.598
600 22.3238 66.6116
308 22.33 66.625
501 22.297 66.7075
537 22.2621 66.7951
591 22.2329 66.8682
604 22.2023 66.9449
233 22.1767 67.0091
574 22.1444 67.09
788 22.1169 67.1588
733 22.0859 67.2364
349 22.0531 67.3187
526 22.0191 67.4037
640 21.9911 67.4739
878 21.9563 67.5612
454 21.8657 67.7883
764 21.8657 67.7883
729 21.8657 67.7883
21 21.8657 67.7883
950 21.6969 67.8396
645 21.5593 67.8814
981 21.3119 67.9566
957 21.0737 68.029
601 20.7811 68.1179
429 20.4968 68.2043
705 20.2658 68.2745
599 19.9513 68.3701
846 19.5928 68.479
34 19.2335 68.5882
635 18.8444 68.7065
735 18.4593 68.8235
658 17.3959 69.1467
99 16.1956 69.5115
88 14.7758 69.9431
657 13.3084 70.108
14 11.7486 70.2834
347 10.1649 70.4615
411 10.1648 70.4695
630 10.1646 70.478
220 10.1645 70.4867
784 10.1644 70.494
747 10.1642 70.5023
298 10.1641 70.512
970 10.164 70.5201
400 10.1638 70.5292
796 10.1637 70.5381
500 10.1635 70.5462
479 10.1634 70.5542
132 10.1633 70.5615
502 10.1632 70.5696
686 10.163 70.5774
196 10.1629 70.5846
376 10.1628 70.5931
219 10.1626 70.602
879 10.1625 70.6108
272 10.1624 70.6197
556 10.1622 70.6291
457 10.1621 70.6374
3 10.162 70.6444
517 10.1618 70.6524
131 10.1617 70.6601
398 10.1616 70.6686
130 10.1614 70.6766
192 10.1613 70.6849
948 10.1612 70.6939
552 10.161 70.7021
114 10.1609 70.7102
427 10.1608 70.7193
97 10.1606 70.7281
728 10.1605 70.7374
503 10.1603 70.7454
113 10.1602 70.7532
717 10.1601 70.7605
589 10.16 70.7678
939 10.1599 70.7764
255 10.1597 70.785
162 10.1596 70.7935
234 10.1595 70.801
760 10.1593 70.8086
119 10.1592 70.8174
734 10.1591 70.8257
694 10.1589 70.8343
667 10.1588 70.8425
445 10.1587 70.8505
374 10.1585 70.8586
361 10.1584 70.8658
924 10.1583 70.8732
726 10.1582 70.8815
207 10.158 70.8892
607 10.1579 70.8966
665 10.1578 70.9039
739 10.1577 70.911
524 10.1576 70.919
991 10.1574 70.928
371 10.1573 70.9353
799 10.1572 70.9431
381 10.1571 70.9512
277 10.1569 70.959
77 10.1568 70.9669
224 10.1567 70.9755
701 10.1566 70.9827
81 10.1564 70.99
966 10.1563 70.9983
338 10.1562 71.0065
860 10.156 71.0154
639 10.1559 71.0233
680 10.1558 71.0306
346 10.1557 71.0389
275 10.1555 71.0464
890 10.1554 71.0553
825 10.1553 71.0625
703 10.1552 71.0689
772 10.155 71.0766
487 10.1549 71.0854
339 10.1548 71.093
329 10.1547 71.0998
944 10.1098 73.8929
780 10.0957 74.7754
321 10.0831 75.5616
399 10.0702 76.3667
546 10.0601 76.9943
244 10.0502 77.6135
178 10.0414 78.1618
247 10.0322 78.7368
554 10.0257 79.139
615 10.0188 79.5679
169 10.0118 80.0039
830 10.0055 80.3973
433 9.99887 80.8132
570 9.99171 81.2595
914 9.98421 81.7274
803 9.97822 82.101
75 9.97303 82.4244
31 9.96744 82.7731
436 9.96172 83.1303
955 9.95594 83.4909
718 9.94995 83.8644
551 9.94456 84.2004
240 9.9385 84.5783
628 9.9321 84.9772
153 9.92588 85.3656
90 9.92008 85.7274
39 9.91291 86.174
759 9.90633 86.5845
557 9.89848 87.0735
106 9.89077 87.5541
300 9.88449 87.9458
833 9.87754 88.3788
263 9.87709 88.4066
905 9.87664 88.4348
444 9.87615 88.4653
495 9.87564 88.4969
203 9.87516 88.5268
868 9.8746 88.562
405 9.87407 88.5949
827 9.87356 88.6264
138 9.87309 88.6556
401 9.87265 88.6833
108 9.87216 88.7137
736 9.87165 88.7456
200 9.87109 88.7805
446 9.87061 88.8103
678 9.87011 88.8415
386 9.86962 88.8721
699 9.86914 88.9019
953 9.86865 88.9325
316 9.86815 88.9633
568 9.86763 88.9957
547 9.86715 89.0258
304 9.86663 89.0582
693 9.86614 89.0888
719 9.86564 89.1197
750 9.86507 89.1552
364 9.86461 89.1838
637 9.86412 89.2142
969 9.8636 89.2466
213 9.86307 89.2798
585 9.86283 89.2944
933 9.86262 89.3076
560 9.8624 89.3214
435 9.86209 89.3406
236 9.86185 89.3554
815 9.86164 89.3689
48 9.86141 89.3829
982 9.86115 89.3992
95 9.86089 89.4151
892 9.86063 89.4317
988 9.86032 89.4511
973 10.1881 89.4239
380 10.4936 89.3985
325 10.8212 89.3713
711 11.1449 89.3444
199 11.472 89.3172
1 11.8057 89.2895
792 12.1378 89.2619
301 12.5154 89.2305
426 12.9014 89.1984
447 14.7768 89.0428
168 16.4277 88.9059
608 17.7291 88.7979
184 19.11 88.6832
418 20.4923 88.5684
115 21.993 88.4438
470 23.2833 88.3366
651 23.3225 88.3334
776 23.3628 88.33
697 23.4092 88.3262
442 23.4495 88.3228
491 23.4973 88.3189
631 23.5479 88.3146
795 23.5967 88.3106
695 23.6379 88.3072
786 23.6862 88.3032
28 23.7309 88.2994
672 23.777 88.2956
183 23.8187 88.2921
638 23.87 88.2879
392 23.9164 88.284
296 23.931 88.2828
441 23.9449 88.2816
256 23.9617 88.2802
17 23.9747 88.2792
41 23.9908 88.2778
916 24.0052 88.2766
44 24.0221 88.2752
885 24.0389 88.2738
757 24.0557 88.2724
20 24.0715 88.2711
871 24.0715 88.2711
808 24.0716 88.2711
16 24.0716 88.2711
610 24.0717 88.2711
60 24.0717 88.2711
2 24.0718 88.2711
96 24.0718 88.2711
306 24.0719 88.2711
93 24.0719 88.2711
886 24.0719 88.2711
368 24.072 88.2711
753 24.072 88.2711
578 24.0721 88.2711
13 24.0721 88.2711
761 24.0722 88.2711
431 24.0722 88.2711
271 24.0723 88.2711
231 24.0723 88.2711
954 24.0724 88.271
773 24.0724 88.271
141 24.0724 88.271
428 24.0725 88.271
167 24.0725 88.271
150 24.0726 88.271
918 24.0726 88.271
223 24.0727 88.271
456 24.0727 88.271
76 24.0727 88.271
462 24.0728 88.271
611 24.0728 88.271
430 24.0729 88.271
714 24.0729 88.271
712 24.073 88.271
409 24.073 88.271
36 24.0731 88.271
696 24.0731 88.271
424 24.0732 88.271
58 24.0732 88.271
521 24.0732 88.271
859 24.0733 88.271
73 24.0733 88.271
253 24.0734 88.271
120 24.0734 88.271
469 24.0735 88.271
15 24.0735 88.271
768 24.0736 88.2709
227 24.0736 88.2709
146 25.1815 88.1732
593 25.8279 88.1163
490 26.45 88.0615
288 27.111 88.0032
50 27.761 87.9459
360 28.4075 87.889
550 29.2128 87.818
249 30.1747 87.7331
960 31.1045 87.6511
689 32.4921 87.5287
206 33.2666 87.5901
181 33.7886 87.6314
548 33.9446 87.6438
292 34.0956 87.6558
189 34.246 87.6677
662 34.3973 87.6797
124 34.565 87.6929
252 34.7527 87.7078
22 34.9399 87.7226
239 35.1374 87.7383
394 35.2353 87.746
449 35.3364 87.754
872 35.426 87.7611
226 35.5329 87.7696
437 35.6412 87.7782
129 35.746 87.7865
806 35.846 87.7944
389 35.9604 87.8035
564 36.0637 87.8117
92 36.1465 87.8182
270 36.2414 87.8257
752 36.334 87.8331
807 36.4335 87.8409
172 36.5229 87.848
707 36.6136 87.8552
230 36.7093 87.8628
561 36.8081 87.8706
877 36.896 87.8776
974 36.9847 87.8846
139 37.0719 87.8915
265 37.4827 87.8985
649 37.8367 87.9045
215 38.2052 87.9107
416 38.5548 87.9167
919 38.882 87.9222
614 39.2533 87.9285
840 39.619 87.9347
72 39.9655 87.9406
738 40.3401 87.947
613 40.7383 87.9537
755 41.2027 87.9616
53 41.5949 87.9683
539 42.011 87.9753
309 42.4148 87.9822
305 42.8452 87.9895
448 43.2219 87.9959
766 43.669 88.0035
874 44.1563 88.0117
866 44.6619 88.0203
563 45.1542 88.0287
294 45.6203 88.0366
763 46.106 88.0448
569 46.5962 88.0531
105 47.4147 88.067
241 48.1563 88.0796
882 49.7285 88.1063
320 49.7285 88.1063
179 49.7285 88.1063
562 49.7286 88.1063
961 49.7286 88.1063
343 49.7286 88.1063
880 49.7286 88.1063
559 49.7287 88.1063
375 49.7287 88.1063
319 49.7287 88.1063
5 49.7287 88.1063
800 52.4658 88.0945
177 52.5009 88.0944
774 52.5314 88.0942
259 52.5657 88.0941
931 52.6003 88.0939
40 52.6287 88.0938
406 52.6575 88.0937
746 52.687 88.0936
896 52.7197 88.0934
814 52.7499 88.0933
82 52.7833 88.0931
984 52.821 88.093
248 52.8501 88.0929
947 52.8816 88.0927
713 52.9111 88.0926
193 52.9438 88.0924
541 52.977 88.0923
940 53.0146 88.0921
434 53.0508 88.092
140 53.0877 88.0918
229 53.1266 88.0917
567 53.1622 88.0915
782 53.1925 88.0914
642 53.2233 88.0912
313 53.2574 88.0911
952 53.2918 88.0909
690 53.3273 88.0908
245 53.3605 88.0907
536 53.3947 88.0905
317 53.4348 88.0903
816 53.4675 88.0902
165 53.4963 88.0901
802 53.533 88.0899
369 53.5746 88.0897
737 53.6131 88.0896
378 53.654 88.0894
477 53.6895 88.0892
280 53.7215 88.0891
851 53.7542 88.089
62 53.7887 88.0888
861 53.8262 88.0886
202 53.8647 88.0885
911 53.9017 88.0883
575 53.9396 88.0882
185 53.9741 88.088
826 54.0047 88.0879
156 54.0371 88.0877
659 54.0731 88.0876
636 54.1129 88.0874
887 54.1529 88.0872
584 54.1883 88.0871
367 54.2231 88.0869
23 54.2573 88.0868
856 54.2937 88.0866
408 54.3271 88.0865
624 54.363 88.0863
511 54.3997 88.0862
12 54.4395 88.086
980 54.4762 88.0858
118 54.5132 88.0857
754 54.5489 88.0855
415 54.5848 88.0854
335 54.6222 88.0852
126 54.6576 88.0851
395 54.698 88.0849
344 54.7306 88.0848
801 54.7691 88.0846
992 54.8026 88.0844
530 54.8318 88.0843
516 54.8647 88.0842
618 54.9002 88.084
532 54.9352 88.0839
895 56.1335 88.0787
744 68.4452 88.0256
813 68.9028 88.058
42 69.285 88.085
18 69.6831 88.1132
52 70.2354 88.1522
648 70.8368 88.1948
854 70.9465 88.2025
775 71.0586 88.2104
417 71.174 88.2186
353 71.2793 88.2261
285 71.3891 88.2338
465 71.5027 88.2419
818 71.6218 88.2503
297 71.7263 88.2577
71 71.846 88.2661
273 71.9548 88.2738
937 72.0841 88.283
817 72.205 88.2915
864 72.3501 88.3018
742 72.479 88.3109
481 72.5921 88.3189
149 72.7075 88.327
580 72.8352 88.3361
544 72.9447 88.3438
622 73.0606 88.352
251 73.1867 88.3609
666 73.3138 88.3699
158 73.4326 88.3783
318 73.5499 88.3866
620 73.6682 88.395
83 73.8021 88.4045
893 73.9447 88.4145
823 74.0608 88.4228
145 74.1905 88.4319
159 74.3361 88.4422
464 74.4609 88.451
820 77.5417 88.6689
928 80.0278 88.8447
889 80.0278 88.8447
740 80.0278 88.8447
983 80.0278 88.8446
845 80.0278 88.8446
135 80.2535 88.5255
494 81.7059 86.4719
372 86.36 79.8909
685 86.3522 79.8252
332 86.3432 79.7493
528 86.3363 79.6915
25 86.3306 79.6437
322 86.3243 79.5905
725 86.2833 79.2443
660 86.2315 78.8074
473 86.1881 78.4418
311 85.9416 76.3633
204 85.6932 74.2685
579 85.4332 72.0758
450 85.2059 70.1595
385 84.9278 67.8141
383 84.6325 65.3235
170 84.3319 62.7888
967 84.1637 61.3706
838 84.1039 60.8665
334 84.0509 60.4197
497 83.9989 59.9812
977 83.8707 59.5134
884 83.7325 59.0093
932 83.6021 58.5336
951 83.4854 58.1078
850 83.3805 57.7251
425 83.3098 57.4671
387 83.2528 57.2591
684 83.1977 57.0581
201 83.1366 56.8353
941 83.0619 56.5628
583 82.9934 56.3129
107 82.9333 56.0938
553 82.8642 55.8417
242 82.8596 55.8248
592 82.8542 55.8052
920 82.8542 55.8052
198 82.8542 55.8052
852 82.8542 55.8052
835 83.2883 50.947
136 83.3407 50.3609
195 83.3969 49.7315
609 83.4508 49.1283
506 83.4828 48.7701
29 83.7238 46.0728
274 83.9011 44.0877
745 84.0435 42.4936
520 84.1624 41.1633
466 84.2575 40.0988
33 84.6697 35.4858
590 84.9655 32.1748
98 85.3213 28.1918
627 85.9938 20.6646
979 86.1839 18.5369
260 86.2684 17.5916
243 86.2684 17.5916
483 86.2684 17.5916
345 84.8821 18.1242
