0,103,777,504,581,295,721,598,176,419,209,55,24,785,164,6,555,865,355,831,821,751,828,45,819,959,873,27,681,85,197,19,458,781,63,377,926,644,594,69,276,716,358,844,262,396,143,870,117,675,357,217,606,70,875,842,634,843,66,978,623,323,519,930,43,314,906,188,987,190,962,650,867,654,478,109,837,791,286,282,762,964,904,579,485,68,432,907,112,832,84,9,290,440,605,744,51,647,515,538,460,767,340,393,595,671,35,509,293,67,102,852,727,315,420,975,173,847,668,152,110,900,942,656,238,894,857,800,798,921,163,365,582,968,410,350,802,804,596,769,134,216,676,144,471,621,56,793,101,498,281,533,715,513,576,910,264,632,617,484,986,171,91,94,779,80,404,855,558,732,175,683,765,235,104,161,225,453,208,540,724,976,291,492,459,809,810,54,468,625,370,743,523,30,923,186,912,210,127,577,597,929,342,194,922,945,783,472,891,522,89,603,723,302,180,543,49,692,848,917,989,151,237,461,480,619,356,475,876,147,37,687,257,664,11,811,508,413,688,862,913,778,748,269,529,512,38,452,566,790,388,679,7,525,706,535,414,155,438,397,612,354,935,278,586,869,191,289,467,834,549,824,261,221,160,307,421,934,853,787,26,250,337,379,486,653,709,602,284,915,518,626,246,669,310,287,407,573,64,351,704,822,111,883,363,702,439,643,641,682,331,722,646,881,674,254,211,366,362,412,348,741,902,402,474,8,488,812,899,629,258,963,187,588,661,673,61,125,65,4,87,121,299,514,455,86,985,836,572,74,829,958,943,700,133,710,898,794,268,655,330,10,205,32,46,78,499,123,949,403,283,148,373,303,279,352,328,218,505,972,925,691,663,312,222,616,57,841,228,771,122,142,863,938,936,731,698,797,652,496,527,116,534,476,157,423,463,849,128,384,47,749,100,758,489,770,212,182,990,391,542,708,166,174,214,565,677,909,154,858,341,422,760,633,805,908,956,336,839,789,888,132,897,545,510,981,772,927,587,327,324,645,233,756,382,429,537,59,971,705,788,733,349,946,493,99,730,451,266,359,720,21,872,599,329,954,950,878,507,965,640,658,501,454,571,957,846,591,574,308,604,662,34,333,635,901,903,735,79,267,390,729,137,443,124,689,601,526,531,701,799,326,339,3,600,948,500,400,457,502,347,338,552,703,607,726,924,361,374,119,371,551,764,630,275,196,554,686,14,639,234,114,272,556,517,255,346,220,784,717,939,860,796,376,479,879,411,277,427,487,657,665,131,734,747,219,991,445,81,524,739,130,667,589,398,890,966,381,207,113,482,825,503,970,224,168,192,680,162,97,728,830,694,298,77,944,48,178,988,953,426,213,546,973,547,380,803,153,401,868,444,892,615,711,585,736,108,75,699,568,447,138,719,693,316,386,495,95,203,399,304,435,628,570,750,364,263,469,827,905,780,321,325,169,39,637,240,678,914,236,88,815,199,557,1,792,405,50,969,247,446,300,982,560,31,90,718,955,436,301,433,759,200,106,776,115,697,550,249,768,456,76,462,611,430,714,712,409,36,696,424,58,521,859,73,253,120,231,227,833,271,392,17,41,578,753,933,491,368,13,60,886,93,306,2,610,16,808,871,20,757,885,44,916,431,146,695,608,15,244,418,631,773,360,638,441,442,256,28,651,184,490,167,428,470,795,593,296,761,786,183,141,960,806,288,150,226,270,252,752,974,416,189,96,206,292,561,230,707,449,763,613,672,649,53,72,294,738,840,389,919,223,215,22,569,265,309,539,139,807,918,874,877,766,375,559,172,5,530,394,181,92,239,614,437,564,448,129,241,659,536,343,713,156,947,548,165,563,895,636,642,305,866,193,782,754,880,931,477,319,367,584,887,511,118,980,575,82,335,229,126,185,992,320,755,940,618,516,814,434,415,984,532,406,177,12,911,40,23,259,567,624,344,737,408,378,851,317,369,816,280,861,62,826,774,856,896,202,562,882,140,801,746,179,313,952,690,245,105,248,961,395,541,620,318,818,823,52,83,544,622,775,494,159,297,158,937,893,725,145,845,273,42,149,417,353,18,251,666,817,481,464,648,864,322,580,465,71,285,135,813,742,820,854,740,983,928,889,473,311,450,204,528,332,660,25,685,372,385,583,497,941,850,684,242,884,838,967,198,977,201,107,383,932,506,334,670,170,136,553,592,29,425,590,951,920,195,387,466,745,835,609,232,98,33,520,274,979,243,345,483,260,627,
value : 401.083 running time : 1607.896030
0 80 20
103 67.6081 15.196
777 67.2815 15.8595
504 66.9514 16.5301
581 66.6455 17.1515
295 66.3468 17.7583
721 66.079 18.3025
598 65.292 19.9013
176 64.5359 21.4373
419 61.8817 26.8275
209 60.7239 31.671
55 60.7195 31.7166
24 60.7154 31.759
785 60.7055 31.8622
164 60.6962 31.9576
6 60.6826 32.0984
555 60.6691 32.2385
865 60.6549 32.385
355 60.6409 32.53
831 60.6286 32.6569
821 60.6147 32.8006
751 60.6012 32.9407
828 60.5876 33.0813
45 60.5744 33.2172
819 60.5633 33.3327
959 60.5496 33.4743
873 60.5338 33.6373
27 60.3258 35.7886
681 60.0722 38.4104
85 59.6385 42.895
197 59.6385 42.895
19 59.6375 42.933
458 59.6335 43.0721
781 59.6295 43.2124
63 59.6242 43.3957
377 59.6196 43.5569
926 59.6145 43.7357
644 59.6099 43.8976
594 59.6054 44.0547
69 59.6006 44.2223
276 59.596 44.381
716 59.6277 44.5235
358 59.6615 44.6757
844 59.6976 44.8385
262 59.7415 45.0362
396 59.7812 45.2149
143 59.815 45.3671
870 59.8473 45.5126
117 59.8852 45.6833
675 59.9181 45.8314
357 59.9544 45.9948
217 59.99 46.1551
606 60.0282 46.327
70 60.0675 46.5043
875 60.1009 46.6546
842 60.1377 46.8201
634 60.1692 46.962
843 60.2065 47.1298
66 60.2407 47.2842
978 60.2838 47.4779
623 60.328 47.6773
323 60.3669 47.8522
519 60.4166 48.0762
930 60.4612 48.2771
43 60.5161 48.5242
314 60.5732 48.7813
906 60.6356 49.0623
188 62.0753 55.5475
987 63.6608 62.6908
190 63.7434 63.0624
962 63.846 63.5247
650 63.9267 63.8878
867 64.0128 64.2757
654 64.0926 64.6351
478 64.1596 64.9368
109 64.2371 65.2857
837 64.2452 65.322
791 64.2529 65.3566
286 64.2626 65.4005
282 64.2754 65.4582
762 64.2888 65.5188
964 64.302 65.5779
904 64.3158 65.6403
579 64.3281 65.6958
485 64.2483 65.6973
68 64.1751 65.6987
432 64.0967 65.7001
907 64.0274 65.7014
112 63.9556 65.7028
832 63.8884 65.7041
84 63.8215 65.7053
9 63.7629 65.7064
290 63.7098 65.7074
440 63.644 65.7087
605 63.5835 65.7098
744 63.5302 65.7108
51 63.4674 65.712
647 63.3993 65.7133
515 63.3324 65.7145
538 63.2707 65.7157
460 63.2096 65.7168
767 63.1518 65.7179
340 63.0882 65.7191
393 63.0246 65.7203
595 62.9604 65.7215
671 62.8906 65.7229
35 62.8906 65.7229
509 62.8906 65.7229
293 62.8906 65.7229
67 62.8906 65.7229
102 62.8906 65.7229
852 62.8906 65.7229
727 62.833 65.7203
315 62.7744 65.7178
420 62.7288 65.7158
975 62.6791 65.7136
173 62.5549 65.7082
847 62.4391 65.7031
668 62.3349 65.6985
152 62.2443 65.6946
110 62.14 65.69
900 62.0246 65.6849
942 61.8862 65.6789
656 61.7441 65.6727
238 58.2202 65.5184
894 53.786 65.3243
857 53.3059 65.3032
800 52.8318 65.2824
798 51.7352 65.2344
921 50.7204 65.1899
163 49.5764 65.1398
365 48.8886 65.1096
582 48.8886 65.1096
968 48.8886 65.1096
410 48.8886 65.1096
350 48.8886 65.1096
802 48.8886 65.1096
804 48.6619 65.0691
596 48.4474 65.0308
769 48.4042 65.0231
134 48.3494 65.0133
216 48.2998 65.0044
676 48.2438 64.9944
144 48.1887 64.9845
471 48.1373 64.9754
621 48.0875 64.9665
56 48.0359 64.9572
793 47.994 64.9497
101 47.9429 64.9406
498 47.8914 64.9314
281 47.837 64.9217
533 47.7818 64.9118
715 47.7332 64.9031
513 47.6876 64.895
576 47.6353 64.8856
910 47.5852 64.8767
264 47.541 64.8688
632 47.4992 64.8613
617 47.4518 64.8528
484 47.3988 64.8434
986 47.3495 64.8346
171 47.2963 64.8251
91 47.2535 64.8174
94 47.2056 64.8088
779 47.1506 64.799
80 47.0962 64.7893
404 47.0468 64.7805
855 47.0048 64.7729
558 46.9556 64.7642
732 46.9035 64.7548
175 46.8518 64.7456
683 46.8046 64.7372
765 46.7563 64.7285
235 46.7125 64.7207
104 46.6623 64.7117
161 46.6214 64.7044
225 46.5711 64.6954
453 46.5283 64.6878
208 46.4818 64.6795
540 46.4195 64.6683
724 46.3628 64.6582
976 46.3179 64.4832
291 45.7501 62.2708
492 45.1135 59.7905
459 45.1135 59.7905
809 45.1135 59.7905
810 45.1135 59.7905
54 44.9999 59.5844
468 44.8943 59.3929
625 44.7648 59.158
370 44.5825 58.8274
743 44.4199 58.5325
523 44.2428 58.2112
30 43.9999 57.7708
923 43.7683 57.3506
186 43.5409 56.9382
912 43.3121 56.5231
210 43.0753 56.0937
127 42.8521 55.6889
577 42.6375 55.2996
597 42.1499 54.4154
929 41.6492 53.5074
342 41.1261 52.5587
194 40.6238 51.6478
922 40.1327 50.7571
945 39.615 49.8182
783 39.0949 48.8751
472 38.5863 47.9527
891 38.0548 46.9887
522 37.4725 45.9327
89 36.8641 44.8295
603 35.9181 43.1141
723 35.292 41.9795
302 35.292 41.9795
180 35.292 41.9795
543 35.292 41.9795
49 35.292 41.9795
692 35.292 41.9795
848 35.292 41.9795
917 35.292 41.9795
989 35.292 41.9795
151 35.292 41.9795
237 35.292 41.9795
461 35.292 41.9795
480 35.292 41.9795
619 35.292 41.9795
356 35.292 41.9795
475 35.292 41.9795
876 35.2921 41.9709
147 35.2923 41.9619
37 35.2926 41.9516
687 35.2928 41.9415
257 35.293 41.9316
664 35.2932 41.923
11 35.2934 41.9144
811 35.2936 41.9055
508 35.2938 41.8975
413 35.294 41.8891
688 35.2942 41.8804
862 35.2982 41.6955
913 35.3016 41.5372
778 35.3054 41.3652
748 35.3095 41.1745
269 35.3134 40.9972
529 35.3182 40.7781
512 35.322 40.6054
38 35.3263 40.4073
452 35.3307 40.2044
566 35.3352 39.998
790 35.3399 39.7842
388 35.3441 39.5915
679 35.3486 39.3812
7 35.353 39.1819
525 35.357 38.9965
706 35.3619 38.775
535 35.3666 38.5598
414 35.372 38.3082
155 35.3774 38.063
438 35.3828 37.8157
397 35.3899 37.4872
612 35.4284 35.7249
354 35.4982 32.5213
935 35.5008 32.4013
278 35.504 32.2576
586 35.5069 32.122
869 35.5099 31.9836
191 35.5129 31.8494
289 35.5159 31.7088
467 35.5172 31.6522
834 35.5184 31.5969
549 35.5196 31.5419
824 35.521 31.4783
261 35.5222 31.4203
221 35.5234 31.3652
160 35.5246 31.3105
307 35.5259 31.2526
421 35.527 31.2027
934 35.5283 31.1424
853 35.5294 31.089
787 35.5308 31.0258
26 35.5322 30.9638
250 35.5333 30.9116
337 35.3947 29.2394
379 35.2974 28.0659
486 35.202 26.9147
653 35.0558 25.1515
709 35.0432 25.0002
602 35.0304 24.8456
284 34.8854 23.0965
915 34.7634 21.6249
518 34.1778 14.5632
626 33.7189 14.5592
246 33.2722 14.5552
669 32.8791 14.5517
310 32.5233 14.5486
287 32.118 14.545
407 31.6758 14.5411
573 31.2287 14.5371
64 30.7399 14.5328
351 30.297 14.5288
704 29.8688 14.525
822 29.4124 14.521
111 28.7327 14.515
883 27.874 14.5074
363 26.5633 14.4958
702 24.599 14.4783
439 22.7682 14.4621
643 20.7965 14.4446
641 18.3654 14.4231
682 15.6797 14.3993
331 14.2346 14.3865
722 13.8116 14.3827
646 13.7966 14.3826
881 13.7827 14.3825
674 13.769 14.3824
254 13.756 14.3823
211 13.7393 14.3821
366 13.7232 14.382
362 13.7057 14.3818
412 13.69 14.3817
348 13.6759 14.3815
741 13.6615 14.3814
902 13.6481 14.3813
402 13.6321 14.3811
474 13.6169 14.381
8 13.6012 14.3809
488 13.584 14.3807
812 13.5654 14.3805
899 13.2889 16.1539
629 13.1465 17.0671
258 12.9821 18.1214
963 12.8903 18.71
187 12.8084 19.2353
588 12.7886 19.6918
661 12.7663 20.2042
673 12.7451 20.6912
61 12.725 21.1541
125 12.496 26.4191
65 12.4817 26.7478
4 12.4705 27.0062
87 12.458 27.2925
121 12.4471 27.5429
299 12.4371 27.7727
514 12.4261 28.0274
455 12.4157 28.2662
86 12.4037 28.5409
985 12.3935 28.7759
836 12.3843 28.9885
572 12.3746 29.2106
74 12.3644 29.4449
829 12.3536 29.6947
958 12.3429 29.9395
943 12.3344 30.1352
700 12.3249 30.354
133 12.3169 30.5383
710 12.3084 30.7333
898 12.2993 30.9421
794 12.253 32.0062
268 12.1567 34.2208
655 12.033 37.065
330 12.0142 37.4961
10 11.9976 37.8774
205 11.9813 38.2525
32 11.9578 38.7929
46 11.9347 39.3239
78 11.911 39.8679
499 11.8888 40.3776
123 11.8718 40.7686
949 11.8551 41.1518
403 11.8395 41.5119
283 11.8311 41.7042
148 11.8214 41.9273
373 11.8118 42.1476
303 11.8023 42.366
279 11.8003 42.4121
352 11.7986 42.4505
328 11.7971 42.4868
218 11.6386 46.1282
505 11.6001 47.011
972 11.5633 47.8548
925 11.5313 48.591
691 11.5212 48.8229
663 11.5124 49.0231
312 11.5023 49.2555
222 11.4913 49.5092
616 11.4807 49.7511
57 11.4687 50.0268
841 11.458 50.2728
228 11.4476 50.5106
771 11.4358 50.7821
122 11.423 51.0762
142 11.4476 51.1043
863 11.468 51.1276
938 11.4946 51.1578
936 11.5157 51.1819
731 11.5372 51.2065
698 11.5633 51.2363
797 11.5859 51.2621
652 11.6068 51.2859
496 11.6304 51.3128
527 11.6514 51.3368
116 11.6732 51.3616
534 11.6982 51.3901
476 11.7216 51.4168
157 11.743 51.4413
423 11.7672 51.4688
463 11.7908 51.4958
849 11.8136 51.5217
128 11.8356 51.5469
384 11.8593 51.5739
47 11.94 51.666
749 12.0168 51.7536
100 12.0971 51.8452
758 12.175 51.934
489 12.2436 52.0123
770 12.3139 52.0925
212 12.3909 52.1803
182 12.4987 52.3033
990 12.5937 52.4117
391 12.84 52.6926
542 13.042 52.923
708 13.245 53.1546
166 13.4759 53.4179
174 13.7315 53.7095
214 13.9757 53.9881
565 14.2602 54.3126
677 14.5195 54.6084
909 14.7628 54.8859
154 15.0468 55.2098
858 15.3947 55.6067
341 15.7219 55.9798
422 16.17 56.491
760 16.5717 56.9492
633 16.9979 57.4354
805 17.4127 57.9085
908 17.9668 58.5406
956 19.1824 59.9273
336 20.5141 61.4463
839 23.0059 64.2894
789 23.0527 64.4458
888 23.0858 64.5568
132 23.1121 64.6449
897 23.138 64.7317
545 23.1642 64.8195
510 23.1949 64.922
981 23.2278 65.0323
772 23.2625 65.1485
927 23.2988 65.27
587 23.3307 65.3769
327 23.3611 65.4787
324 23.3875 65.5672
645 23.4298 65.709
233 23.4677 65.8359
756 23.5095 65.9757
382 23.5566 66.1337
429 23.6061 66.2994
537 23.6495 66.4446
59 23.6829 66.5565
971 23.7256 66.6994
705 23.7632 66.8254
788 23.8073 66.9731
733 23.8514 67.121
349 23.8973 67.2747
946 23.9457 67.4367
493 23.984 67.5651
99 24.0323 67.7266
730 24.0762 67.8739
451 24.1134 67.9982
266 24.161 68.1578
359 24.2023 68.296
720 24.2441 68.4362
21 24.2908 68.5925
872 24.337 68.7472
599 24.3414 68.7619
329 24.3465 68.7791
954 24.353 68.8007
950 24.358 68.8176
878 24.363 68.8343
507 24.3675 68.8492
965 24.3728 68.8672
640 24.378 68.8846
658 24.3841 68.9049
501 24.3894 68.9226
454 24.395 68.9415
571 24.3997 68.9572
957 24.4042 68.9724
846 24.4094 68.9896
591 24.4153 69.0095
574 24.4207 69.0276
308 24.426 69.0451
604 24.4315 69.0636
662 24.4367 69.081
34 24.3551 69.0869
333 24.2756 69.0926
635 24.2004 69.098
901 24.1322 69.1028
903 24.0587 69.1081
735 23.983 69.1135
79 23.9086 69.1189
267 23.8369 69.124
390 23.7156 69.1327
729 23.5868 69.1419
137 23.4682 69.1504
443 23.334 69.16
124 23.2166 69.1684
689 22.7219 69.2039
601 19.2412 69.4533
526 15.3608 69.7313
531 10.3601 70.0895
701 10.3601 70.0895
799 10.3601 70.0895
326 10.3601 70.0895
339 10.3601 70.0895
3 10.3601 70.0895
600 10.3601 70.0895
948 10.3492 70.1084
500 10.3379 70.1281
400 10.3268 70.1472
457 10.3158 70.1663
502 10.3059 70.1834
347 10.2962 70.2001
338 10.2862 70.2174
552 10.2767 70.2339
703 10.2669 70.2509
607 10.2555 70.2706
726 10.2454 70.2881
924 10.2358 70.3047
361 10.2252 70.3231
374 10.2147 70.3412
119 10.2055 70.3572
371 10.1957 70.374
551 10.1856 70.3917
764 10.1772 70.4062
630 10.0615 70.6064
275 9.94489 70.8082
196 9.77663 71.0993
554 9.49934 71.579
686 9.49934 71.579
14 9.49934 71.579
639 9.49934 71.579
234 9.49934 71.579
114 9.49934 71.579
272 9.49934 71.579
556 9.49934 71.579
517 9.49934 71.579
255 9.49934 71.579
346 9.49934 71.579
220 9.49934 71.579
784 9.49934 71.579
717 9.49934 71.579
939 9.49934 71.579
860 9.49934 71.579
796 9.49934 71.579
376 9.49934 71.579
479 9.49934 71.579
879 9.49934 71.579
411 9.49934 71.579
277 9.49934 71.579
427 9.49934 71.579
487 9.49934 71.579
657 9.49934 71.579
665 9.49934 71.579
131 9.49934 71.579
734 9.49934 71.579
747 9.49934 71.579
219 9.49934 71.579
991 9.49934 71.579
445 9.49934 71.579
81 9.49934 71.579
524 9.49934 71.579
739 9.49934 71.579
130 9.49934 71.579
667 9.49934 71.579
589 9.49934 71.579
398 9.49933 71.7881
890 9.49931 71.9823
966 9.4993 72.1573
381 9.49929 72.3489
207 9.49928 72.5525
113 9.49927 72.7556
482 9.49926 72.9474
825 9.49924 73.1607
503 9.49923 73.3451
970 9.49922 73.5305
224 9.49921 73.7355
168 9.49919 73.9474
192 9.49918 74.1292
680 9.49917 74.3473
162 9.49915 74.5674
97 9.49914 74.7833
728 9.49912 75.0071
830 9.49911 75.2269
694 9.4991 75.4343
298 9.49908 75.658
77 9.49907 75.8797
944 9.49835 78.275
48 9.49741 83.1316
178 9.49647 88.1349
988 9.49618 89.1242
953 9.49618 89.1242
426 9.49618 89.1242
213 9.49618 89.1242
546 9.49618 89.1242
973 9.49618 89.1242
547 9.49618 89.1242
380 9.49618 89.1242
803 9.49618 89.1242
153 9.49618 89.1242
401 9.49618 89.1242
868 9.49618 89.1242
444 9.49618 89.1242
892 9.49618 89.1242
615 9.49618 89.1242
711 9.49618 89.1242
585 9.49618 89.1242
736 9.49618 89.1242
108 9.49618 89.1242
75 9.49618 89.1242
699 9.49618 89.1242
568 9.49618 89.1242
447 9.49618 89.1242
138 9.49618 89.1242
719 9.49618 89.1242
693 9.49618 89.1242
316 9.49618 89.1242
386 9.49618 89.1242
495 9.49618 89.1242
95 9.49618 89.1242
203 9.49618 89.1242
399 9.49618 89.1242
304 9.49618 89.1242
435 9.49619 89.1242
628 9.49619 89.1242
570 9.49619 89.1242
750 9.49619 89.1242
364 9.49619 89.1242
263 9.49619 89.1242
469 9.49619 89.1242
827 9.49619 89.1242
905 9.49619 89.1242
780 9.49619 89.1242
321 9.49619 89.1242
325 9.49619 89.1242
169 9.49619 89.1242
39 9.49619 89.1242
637 9.49619 89.1242
240 9.49619 89.1242
678 9.49619 89.1242
914 9.49619 89.1242
236 9.49619 89.1242
88 9.49619 89.1242
815 9.49619 89.1242
199 9.49619 89.1242
557 9.49619 89.1242
1 9.49619 89.1242
792 9.49619 89.1242
405 9.49619 89.1242
50 9.49619 89.1242
969 9.49619 89.1242
247 9.49619 89.1242
446 9.49619 89.1242
300 9.49619 89.1242
982 9.49619 89.1242
560 9.49619 89.1242
31 9.49619 89.1242
90 9.49619 89.1242
718 9.65974 89.1182
955 9.83184 89.112
436 9.99806 89.1059
301 10.1619 89.0999
433 10.3368 89.0936
759 11.1543 89.0638
200 12.1138 89.0289
106 13.1482 88.9913
776 14.4922 88.9424
115 15.991 88.8879
697 17.5676 88.8305
550 18.55 88.7947
249 19.467 88.7614
768 20.3381 88.7296
456 21.0533 88.7036
76 21.7777 88.6772
462 22.4795 88.6517
611 23.1358 88.6278
430 23.1815 88.6261
714 23.2249 88.6246
712 23.2686 88.623
409 23.3182 88.6212
36 23.3646 88.6195
696 23.4088 88.6179
424 23.4516 88.6163
58 23.4955 88.6147
521 23.5423 88.613
859 23.5895 88.6113
73 23.638 88.6095
253 23.684 88.6079
120 23.7295 88.6062
231 23.7734 88.6046
227 23.8103 88.6033
833 23.8562 88.6016
271 23.9089 88.5997
392 23.9527 88.5981
17 23.9855 88.5969
41 24.0263 88.5954
578 24.0658 88.594
753 24.1045 88.5926
933 24.1448 88.5911
491 24.1874 88.5896
368 24.2276 88.5881
13 24.2674 88.5866
60 24.3104 88.5851
886 24.3468 88.5838
93 24.3864 88.5823
306 24.4343 88.5806
2 24.4797 88.5789
610 24.5191 88.5775
16 24.5595 88.576
808 24.6008 88.5745
871 24.6371 88.5732
20 24.6797 88.5717
757 24.7167 88.5703
885 24.7558 88.5689
44 24.7945 88.5675
916 24.8315 88.5661
431 24.875 88.5646
146 24.9233 88.5628
695 24.9553 88.5616
608 24.9916 88.5603
15 25.028 88.559
244 25.0938 88.5566
418 25.1706 88.5538
631 25.2456 88.5511
773 25.3128 88.5487
360 25.3734 88.5465
638 25.4491 88.5437
441 25.5126 88.5414
442 25.5768 88.5391
256 25.6604 88.536
28 25.7315 88.5335
651 25.7963 88.5311
184 25.8598 88.5288
490 26.245 88.5148
167 26.6324 88.5007
428 27.0051 88.4872
470 27.3775 88.4736
795 27.7065 88.4617
593 28.0082 88.4507
296 28.4881 88.4333
761 28.9531 88.4164
786 29.4477 88.3984
183 29.9087 88.3816
141 30.5707 88.3576
960 31.1978 88.3348
806 31.8047 88.3127
288 32.4039 88.2909
150 34.4399 88.2169
226 36.621 88.1377
270 36.6855 88.1381
252 36.7464 88.1385
752 36.8135 88.1389
974 36.8896 88.1395
416 36.9678 88.14
189 37.0399 88.1404
96 37.1098 88.1409
206 37.1927 88.1415
292 37.268 88.142
561 37.3431 88.1425
230 37.4113 88.1429
707 37.4829 88.1434
449 37.5599 88.1439
763 37.6341 88.1444
613 37.7001 88.1448
672 37.7694 88.1453
649 37.8479 88.1458
53 37.9204 88.1463
72 37.9926 88.1468
294 38.0699 88.1473
738 38.1372 88.1477
840 38.2103 88.1482
389 38.2814 88.1487
919 38.3471 88.1491
223 38.4175 88.1496
215 38.495 88.1501
22 38.5631 88.1506
569 38.6349 88.151
265 38.7068 88.1515
309 38.7819 88.152
539 38.8559 88.1525
139 38.9239 88.153
807 39.4734 88.1566
918 39.9863 88.16
874 40.6507 88.1645
877 40.8911 88.1661
766 41.15 88.1678
375 41.4088 88.1696
559 41.6494 88.1712
172 41.8671 88.1726
5 42.1248 88.1743
530 42.3332 88.1757
394 42.5278 88.177
181 42.7398 88.1784
92 42.9484 88.1798
239 43.2088 88.1816
614 43.4252 88.183
437 43.7009 88.1848
564 43.9846 88.1867
448 44.2436 88.1885
129 44.5337 88.1904
241 44.8283 88.1924
659 45.1609 88.1946
536 45.4837 88.1967
343 45.7787 88.1987
713 46.083 88.2007
156 46.389 88.2028
947 46.6821 88.2047
548 46.942 88.2065
165 47.3191 88.209
563 47.6793 88.2114
895 48.0568 88.2139
636 48.417 88.2163
642 48.7666 88.2186
305 49.1114 88.2209
866 49.4641 88.2233
193 49.8422 88.2258
782 50.2658 88.2286
754 50.6258 88.231
880 50.9739 88.2334
931 51.3393 88.2358
477 51.4674 88.2367
319 51.5164 88.237
367 51.5779 88.2374
584 51.6399 88.2378
887 51.6972 88.2382
511 51.7521 88.2386
118 51.8137 88.239
980 51.8721 88.2394
575 51.9298 88.2398
82 51.9806 88.2401
335 52.0459 88.2405
229 52.1071 88.2409
126 52.1619 88.2413
185 52.2245 88.2417
992 52.2806 88.2421
320 52.2964 88.2422
755 52.3139 88.2423
940 52.3346 88.2425
618 52.355 88.2426
516 52.374 88.2427
814 52.3932 88.2429
434 52.4148 88.243
415 52.4354 88.2432
984 52.4567 88.2433
532 52.4741 88.2434
406 52.4935 88.2435
177 52.5161 88.2437
12 52.535 88.2438
911 52.5543 88.244
40 52.5726 88.2441
23 52.592 88.2442
259 52.6116 88.2443
567 52.6324 88.2445
624 52.6501 88.2446
344 52.6695 88.2447
737 52.6888 88.2449
408 52.7063 88.245
378 52.7274 88.2451
851 52.7422 88.2452
317 52.7586 88.2453
369 52.7733 88.2454
816 52.7885 88.2455
280 52.8024 88.2456
861 52.8167 88.2457
62 52.8317 88.2458
826 52.8464 88.2459
774 52.8628 88.246
856 52.8795 88.2461
896 52.8946 88.2462
202 52.9095 88.2463
562 52.9226 88.2464
882 52.9435 88.2466
140 52.9658 88.2467
801 52.9883 88.2469
746 53.0063 88.247
179 53.0275 88.2471
313 53.0483 88.2473
952 53.069 88.2474
690 53.09 88.2475
245 53.1094 88.2477
105 53.128 88.2478
248 53.1488 88.2479
961 53.1661 88.248
395 53.3921 88.2496
541 53.5558 88.2507
620 61.2871 88.3023
318 64.7793 88.3259
818 67.2042 88.3424
823 67.4776 88.3442
52 67.7579 88.3461
83 68.0491 88.3481
544 68.3205 88.35
622 68.5989 88.3518
775 68.9006 88.3539
494 69.1948 88.3559
159 69.4547 88.3577
297 69.682 88.3592
158 69.9502 88.361
937 70.2183 88.3629
893 70.5069 88.3648
725 70.6997 88.3661
145 70.7748 88.3666
845 70.8582 88.3672
273 70.9431 88.3678
42 71.0368 88.3684
149 71.1377 88.3691
417 71.2337 88.3698
353 71.3221 88.3704
18 71.4056 88.3709
251 71.7825 88.3735
666 72.1718 88.3761
817 72.5314 88.3786
481 72.9695 88.3816
464 73.4148 88.3846
648 74.1394 88.3895
864 74.7095 88.3934
322 75.2915 88.3973
580 75.5892 88.3994
465 75.9002 88.4015
71 76.2576 88.4039
285 76.7136 88.407
135 77.2364 88.4106
813 77.6829 88.4136
742 78.1742 88.4169
820 78.6683 88.4203
854 79.1337 88.4234
740 79.6757 88.4271
983 80.199 88.4307
928 80.7394 88.4344
889 82.1162 86.3621
473 83.2331 84.6809
311 84.4989 82.7757
450 85.0457 81.9526
204 85.2482 81.6478
528 85.4481 81.3469
332 85.6443 81.0516
660 85.8159 80.7933
25 85.9641 80.5702
685 86.1306 80.3196
372 86.327 80.0241
385 85.0762 68.8802
583 83.9199 58.5771
497 83.876 58.1866
941 83.8031 57.537
850 83.7801 57.3321
684 83.7651 57.1981
242 83.7482 57.0482
884 83.7315 56.8992
838 83.7151 56.7535
967 83.6991 56.6108
198 83.6842 56.4779
977 83.6698 56.3498
201 83.6548 56.2162
107 83.6369 56.057
383 83.6206 55.9119
932 83.501 54.8468
506 83.3895 53.8534
334 83.2603 52.703
670 82.7898 48.5137
170 82.7464 48.1272
136 82.6877 47.605
553 82.6252 47.048
592 82.5449 46.3332
29 82.467 45.6397
425 82.3951 44.9994
590 82.3192 44.3237
951 82.3139 44.2766
920 82.3078 44.222
195 82.3012 44.1629
387 82.2948 44.106
466 82.2834 44.0043
745 82.273 43.9124
835 82.2636 43.8281
609 82.254 43.7429
232 82.2441 43.6544
98 83.7059 34.1867
33 83.8627 33.1706
520 84.0181 32.164
274 84.198 30.9989
979 85.9523 19.639
243 86.0879 18.7608
345 86.1721 18.2156
483 86.2684 17.5916
260 86.2684 17.5916
627 85.296 17.9652
