0,483,627,260,979,243,345,33,520,98,590,466,274,232,745,387,195,920,609,583,850,670,136,835,967,553,932,592,29,838,506,977,941,170,425,198,951,383,107,385,884,684,242,497,334,25,528,332,450,685,473,204,725,372,311,660,889,135,983,864,465,145,813,845,820,322,159,928,464,83,740,273,71,580,494,854,775,481,742,42,544,417,353,285,648,318,149,622,251,893,666,158,297,818,52,823,937,620,817,737,378,229,801,992,782,895,690,575,344,202,406,320,851,317,369,816,280,861,62,826,774,856,896,408,177,882,980,335,642,126,185,567,23,911,952,313,563,179,434,259,584,814,140,984,530,415,618,532,754,511,516,746,367,477,931,887,880,245,541,118,961,536,40,193,395,12,562,82,248,319,624,375,649,181,189,53,940,156,713,343,206,105,947,230,241,165,548,569,874,766,172,877,394,559,448,5,659,636,139,437,763,755,305,22,866,449,707,72,292,561,226,613,806,223,296,752,672,129,614,539,309,265,807,840,239,92,738,974,294,215,416,146,150,919,918,389,564,270,960,833,271,392,17,41,578,753,933,491,368,13,60,886,93,306,96,2,610,16,808,871,20,757,885,44,916,776,418,631,773,360,638,441,442,256,28,651,15,490,167,428,470,795,593,231,550,249,768,456,76,244,462,611,430,714,712,409,36,696,424,58,521,859,73,253,120,469,288,786,115,141,761,227,551,547,750,183,969,247,401,446,300,982,628,435,304,560,240,399,203,95,495,386,316,693,719,138,447,568,699,953,426,213,546,973,988,153,803,944,554,90,815,695,827,905,780,321,325,169,39,637,50,585,759,711,263,301,364,718,792,1,199,236,914,678,108,736,405,868,955,444,75,106,380,570,557,48,200,500,657,502,178,830,890,374,892,615,433,88,436,445,119,924,825,14,361,429,162,400,346,764,487,796,184,966,234,503,427,277,728,482,381,799,77,371,991,524,739,114,207,347,686,224,665,113,701,81,717,589,939,338,860,552,948,970,411,630,220,784,747,694,97,275,132,531,31,680,168,607,703,298,192,726,667,219,879,639,272,556,457,3,130,517,131,734,255,431,196,339,398,376,608,333,697,903,888,901,79,689,789,872,479,772,326,946,137,124,443,526,601,662,635,600,267,720,735,493,359,729,390,59,252,266,34,349,451,981,99,730,927,587,327,510,950,878,507,965,640,658,501,454,571,957,846,591,574,308,604,954,645,233,756,382,537,21,839,971,324,788,733,545,705,599,329,897,956,336,633,908,403,122,341,770,496,505,542,166,123,534,303,463,174,858,391,423,384,958,758,46,949,652,760,47,527,936,212,731,489,663,312,222,616,57,841,228,148,805,849,373,691,422,749,142,990,863,938,128,771,116,925,698,797,708,100,352,182,476,279,157,218,972,214,565,677,909,154,328,78,499,87,829,65,283,330,121,32,612,10,299,943,602,898,86,836,572,74,133,985,4,700,794,514,963,331,125,710,258,402,205,268,455,702,673,474,899,902,254,362,187,641,741,61,661,8,366,682,211,812,722,646,412,674,348,488,629,588,881,518,883,669,653,643,439,261,822,111,284,287,351,704,310,337,64,407,246,573,824,363,915,289,834,687,354,626,191,869,250,549,787,853,934,421,307,586,278,160,26,486,221,467,709,379,257,935,475,480,461,37,89,603,891,778,147,783,655,413,356,237,180,688,438,543,49,692,848,917,989,862,151,302,913,397,876,811,723,11,748,269,529,512,664,508,38,452,566,790,388,679,7,525,706,535,414,155,619,522,492,472,922,194,519,342,291,30,912,370,923,577,186,804,625,597,281,793,101,468,809,459,127,498,54,533,188,945,210,743,523,929,225,161,104,235,765,683,175,732,558,855,404,80,779,94,91,171,986,484,617,632,264,910,576,513,715,163,453,596,769,134,216,676,144,471,282,621,350,798,724,56,968,582,365,208,540,802,976,921,410,894,286,800,857,18,432,832,112,671,9,907,810,837,579,656,84,791,647,109,515,762,987,290,852,605,460,35,904,201,727,420,975,173,847,668,152,110,393,340,767,962,942,538,744,315,440,67,650,867,293,509,238,900,190,51,102,964,595,68,478,654,276,844,63,926,843,396,906,314,43,930,716,875,485,70,606,217,357,675,117,870,85,69,143,781,634,842,644,323,27,377,358,262,623,197,978,865,594,66,45,828,19,751,821,831,873,55,209,555,785,681,6,355,419,458,24,959,819,164,103,176,598,721,295,581,777,504,
value : 403.298 running time : 1372.817552
0 80 20
483 86.2684 17.5916
627 86.2684 17.5916
260 86.2684 17.5916
979 86.1688 18.2385
243 86.037 19.0955
345 85.5667 22.1536
33 84.859 26.757
520 84.4045 29.7125
98 84.0866 31.7792
590 83.558 35.2164
466 82.9242 39.3375
274 82.5914 41.5013
232 82.2408 43.7806
745 82.3217 44.6769
387 82.4111 45.6671
195 82.4851 46.4862
920 82.5585 47.2982
609 82.629 48.079
583 82.7165 49.0485
850 82.7526 49.4477
670 82.7526 49.4477
136 82.7812 49.6881
835 82.8079 49.9126
967 82.8426 50.2052
553 82.8751 50.4788
932 82.9081 50.7565
592 82.9396 51.021
29 82.9745 51.3154
838 83.1146 52.4944
506 83.2519 53.6496
977 83.3661 54.6102
941 83.467 55.4598
170 83.5187 55.8953
425 83.5721 56.3445
198 83.6372 56.8925
951 83.7043 57.4567
383 83.7827 58.1165
107 83.8394 58.5942
385 83.9034 59.1329
884 83.9196 59.2691
684 83.9378 59.4227
242 83.9556 59.5724
497 83.9746 59.7318
334 84.4329 63.5882
25 86.1314 77.8742
528 86.1587 78.1047
332 86.1881 78.3515
450 86.2226 78.6423
685 86.2611 78.9666
473 86.2914 79.2215
204 86.3152 79.4215
725 86.3431 79.6568
372 86.3675 79.8615
311 85.8997 80.5156
660 85.3007 81.3532
889 82.898 84.7125
135 80.3258 88.3087
983 80.1721 88.5237
864 80.0715 88.6643
465 79.9599 88.8204
145 79.8718 88.9435
813 79.8718 88.9435
845 79.8718 88.9435
820 79.8718 88.9435
322 79.8718 88.9435
159 79.8718 88.9435
928 79.8718 88.9435
464 74.5801 88.8447
83 74.3838 88.841
740 74.1975 88.8376
273 73.9501 88.8329
71 73.7654 88.8295
580 73.5906 88.8262
494 73.4067 88.8228
854 73.2131 88.8192
775 73.0243 88.8157
481 72.8314 88.8121
742 72.6504 88.8087
42 72.4481 88.8049
544 72.2713 88.8017
417 72.1069 88.7986
353 71.9256 88.7952
285 71.7481 88.7919
648 71.5821 88.7888
318 71.3117 88.7838
149 71.0515 88.7789
622 70.8011 88.7742
251 70.5662 88.7699
893 70.3387 88.7656
666 69.8741 88.757
158 69.3952 88.748
297 68.9184 88.7391
818 68.4703 88.7308
52 67.4769 88.7123
823 66.5274 88.6946
937 65.5577 88.6765
620 64.4241 88.6553
817 63.1536 88.6317
737 61.7979 88.6064
378 60.5968 88.584
229 59.3248 88.5602
801 58.1675 88.5387
992 56.9055 88.5151
782 55.391 88.4869
895 55.327 88.4857
690 55.2543 88.4843
575 55.1771 88.4829
344 55.1009 88.4815
202 55.0179 88.4799
406 54.9284 88.4783
320 54.8458 88.4767
851 54.7709 88.4753
317 54.6977 88.474
369 54.6151 88.4724
816 54.5333 88.4709
280 54.445 88.4692
861 54.3594 88.4677
62 54.2782 88.4661
826 54.1948 88.4646
774 54.1222 88.4632
856 54.0499 88.4619
896 53.9691 88.4604
408 53.8877 88.4589
177 53.8159 88.4575
882 53.7313 88.4559
980 53.6475 88.4544
335 53.564 88.4528
642 53.473 88.4511
126 53.391 88.4496
185 53.3174 88.4482
567 53.2334 88.4467
23 53.138 88.4449
911 53.0468 88.4432
952 52.9509 88.4414
313 52.8566 88.4396
563 52.7618 88.4379
179 52.753 88.4377
434 52.7444 88.4375
259 52.7354 88.4374
584 52.7263 88.4372
814 52.716 88.437
140 52.7071 88.4368
984 52.6985 88.4367
530 52.688 88.4365
415 52.6789 88.4363
618 52.6697 88.4361
532 52.6601 88.436
754 52.6511 88.4358
511 52.6414 88.4356
516 52.6319 88.4354
746 52.6227 88.4353
367 52.6143 88.4351
477 52.6061 88.435
931 52.5966 88.4348
887 52.5861 88.4346
880 52.5756 88.4344
245 52.5654 88.4342
541 52.5556 88.434
118 52.5462 88.4338
961 52.5357 88.4336
536 52.5255 88.4334
40 52.5159 88.4333
193 52.5056 88.4331
395 52.4967 88.4329
12 51.5541 88.4153
562 50.5437 88.3964
82 49.7709 88.3819
248 49.0799 88.369
319 48.4472 88.3572
624 47.8382 88.3458
375 46.7606 88.3256
649 45.7423 88.3065
181 45.056 88.2937
189 44.6485 88.2861
53 44.4938 88.2832
940 44.3412 88.2803
156 44.1814 88.2774
713 44.0102 88.2742
343 43.8346 88.2709
206 43.6618 88.2676
105 43.4966 88.2646
947 43.3163 88.2612
230 43.1131 88.2574
241 42.9312 88.254
165 42.7654 88.2509
548 42.582 88.2475
569 42.4134 88.2443
874 42.2479 88.2412
766 42.0649 88.2378
172 41.8787 88.2343
877 41.7036 88.231
394 41.5341 88.2279
559 41.3738 88.2249
448 41.194 88.2215
5 41.0286 88.2184
659 40.4396 88.2074
636 39.8139 88.1957
139 38.8133 88.177
437 38.6673 88.1743
763 38.5206 88.1715
755 38.3736 88.1688
305 38.1947 88.1655
22 38.004 88.1619
866 37.8221 88.1585
449 37.6283 88.1549
707 37.4308 88.1512
72 37.2396 88.1476
292 37.0552 88.1442
561 36.8658 88.1406
226 36.6659 88.1369
613 36.6246 88.1392
806 36.5835 88.1415
223 36.5428 88.1438
296 36.5031 88.146
752 36.467 88.1481
672 36.4285 88.1502
129 36.3935 88.1522
614 36.356 88.1543
539 36.3187 88.1564
309 36.2788 88.1586
265 36.2385 88.1609
807 36.2009 88.163
840 36.1608 88.1653
239 36.1216 88.1675
92 36.0756 88.17
738 36.0352 88.1723
974 35.9955 88.1745
294 35.9593 88.1766
215 35.9166 88.179
416 35.8721 88.1815
146 35.8252 88.1841
150 35.7788 88.1867
919 35.7374 88.189
918 35.6957 88.1914
389 35.6585 88.1935
564 35.6179 88.1957
270 34.3509 88.2668
960 32.3712 88.3777
833 30.9836 88.4555
271 30.1091 88.5045
392 29.1649 88.5575
17 28.091 88.6177
41 27.8416 88.6317
578 27.5879 88.646
753 27.3444 88.6596
933 27.1185 88.6723
491 26.9153 88.6837
368 26.7512 88.693
13 26.5874 88.7022
60 26.4889 88.7077
886 26.3695 88.7144
93 26.2612 88.7205
306 26.1776 88.7252
96 26.0915 88.73
2 25.9995 88.7352
610 25.8973 88.7409
16 25.7999 88.7464
808 25.7043 88.7518
871 25.5952 88.7579
20 25.5 88.7632
757 25.398 88.769
885 25.2946 88.7748
44 25.1905 88.7806
916 25.084 88.7866
776 24.9895 88.7919
418 24.9197 88.7958
631 24.8475 88.7999
773 24.7736 88.8041
360 24.6889 88.8088
638 24.617 88.8129
441 24.5318 88.8176
442 24.4502 88.8222
256 24.3859 88.8258
28 24.3059 88.8303
651 24.2222 88.835
15 24.1413 88.8396
490 24.0739 88.8434
167 24.0053 88.8472
428 23.9339 88.8512
470 23.8623 88.8553
795 23.7786 88.86
593 23.6878 88.8651
231 23.6103 88.8694
550 23.5179 88.8746
249 23.4273 88.8797
768 23.343 88.8844
456 23.2574 88.8892
76 23.175 88.8939
244 23.0831 88.899
462 22.9986 88.9038
611 22.9235 88.908
430 22.7968 88.9151
714 22.6641 88.9226
712 22.5362 88.9297
409 22.4164 88.9365
36 22.293 88.9434
696 22.1664 88.9505
424 22.0371 88.9578
58 21.905 88.9652
521 21.7761 88.9724
859 21.6539 88.9793
73 21.5311 88.9862
253 21.4011 88.9935
120 21.2617 89.0013
469 21.1107 89.0098
288 20.9689 89.0178
786 20.8331 89.0254
115 20.6746 89.0343
141 20.5397 89.0419
761 19.0335 89.1263
227 17.2424 89.2266
551 15.1993 89.341
547 13.8815 89.4149
750 13.5037 89.4361
183 13.1549 89.4557
969 12.7538 89.4782
247 12.4167 89.4971
401 12.0713 89.5165
446 11.7633 89.5338
300 11.4491 89.5514
982 11.3891 89.5548
628 11.325 89.5584
435 11.2624 89.5619
304 11.2035 89.5652
560 11.1457 89.5685
240 11.0773 89.5723
399 11.0161 89.5758
203 10.9509 89.5794
95 10.8914 89.5828
495 10.8315 89.5861
386 10.7665 89.5898
316 10.7004 89.5935
693 10.6338 89.5972
719 10.5696 89.6008
138 10.5093 89.6042
447 10.4462 89.6078
568 10.3857 89.6112
699 10.3249 89.6146
953 10.2571 89.6184
426 10.1945 89.6219
213 10.1326 89.6254
546 10.1065 89.6268
973 10.0793 89.6284
988 10.0476 89.6301
153 10.0671 89.0265
803 10.0864 88.4252
944 10.1056 87.8319
554 10.1216 87.3358
90 10.1216 87.3335
815 10.1217 87.3314
695 10.1218 87.3292
827 10.1218 87.327
905 10.1219 87.3242
780 10.122 87.3216
321 10.1221 87.3192
325 10.1222 87.317
169 10.1222 87.3148
39 10.1223 87.3128
637 10.1224 87.3104
50 10.1224 87.308
585 10.1225 87.3058
759 10.1226 87.3032
711 10.1227 87.3011
263 10.1227 87.2986
301 10.1228 87.2961
364 10.1229 87.2937
718 10.123 87.2913
792 10.1231 87.2888
1 10.1231 87.2866
199 10.1232 87.2844
236 10.1233 87.2821
914 10.1234 87.2796
678 10.1234 87.2771
108 10.1235 87.2745
736 10.1236 87.2721
405 10.1237 87.2699
868 10.1237 87.2673
955 10.1238 87.2645
444 10.1239 87.262
75 10.124 87.2596
106 10.1241 87.2575
380 10.1241 87.2551
570 10.1401 86.7589
557 10.1555 86.2811
48 10.1711 85.7934
200 10.1868 85.3066
500 10.2444 83.5179
657 10.2872 82.1926
502 10.3255 81.0039
178 10.3439 80.4309
830 10.362 79.8687
890 10.3798 79.3145
374 10.3975 78.764
892 10.4154 78.2084
615 10.4338 77.635
433 10.4526 77.0505
88 10.4717 76.4564
436 10.4922 75.8206
445 10.5128 75.1813
119 10.5327 74.5639
924 10.5521 73.9587
825 10.5654 73.5454
14 10.5793 73.114
361 10.5922 72.7095
429 10.6054 72.3009
162 10.6186 71.8903
400 10.6317 71.4824
346 10.6449 71.0718
764 10.6582 70.6563
487 10.6593 70.6227
796 10.6605 70.5853
184 10.6617 70.5464
966 10.6631 70.5021
234 10.6646 70.4577
503 10.6658 70.4194
427 10.6671 70.3792
277 10.6683 70.3389
728 10.6696 70.3002
482 10.671 70.2556
381 10.6723 70.2146
799 10.6737 70.1727
77 10.675 70.1316
371 10.6762 70.0921
991 10.6775 70.0543
524 10.6789 70.0104
739 10.6802 69.9688
114 10.6815 69.929
207 10.6826 69.8923
347 10.684 69.8502
686 10.684 69.8502
224 10.684 69.8502
665 10.684 69.8502
113 10.684 69.8502
701 10.684 69.8502
81 10.684 69.8502
717 10.684 69.8502
589 10.684 69.8502
939 10.684 69.8502
338 10.684 69.8502
860 10.684 69.8502
552 10.684 69.8502
948 10.684 69.8502
970 10.684 69.8502
411 10.684 69.8502
630 10.684 69.8502
220 10.684 69.8502
784 10.684 69.8502
747 10.684 69.8502
694 10.684 69.8502
97 10.684 69.8502
275 10.684 69.8502
132 10.684 69.8502
531 10.684 69.8502
31 10.8474 69.8352
680 11.0188 69.8194
168 11.1807 69.8045
607 11.3232 69.7914
703 11.4876 69.7762
298 11.6391 69.7623
192 11.8212 69.7456
726 11.9909 69.7299
667 12.1388 69.7163
219 12.3165 69.7
879 12.4911 69.6839
639 12.6598 69.6684
272 12.8579 69.6502
556 13.0377 69.6336
457 13.2378 69.6152
3 13.4484 69.5958
130 13.6569 69.5766
517 13.8435 69.5595
131 14.0954 69.5363
734 14.3345 69.5143
255 14.7825 69.4731
431 16.558 69.3104
196 17.1225 69.2585
339 17.6994 69.2055
398 18.2933 69.1509
376 18.8893 69.0961
608 20.0184 68.9925
333 20.7312 68.927
697 21.374 68.868
903 21.9236 68.8174
888 22.4254 68.7713
901 22.9362 68.7244
79 23.4127 68.6806
689 23.8661 68.6389
789 24.2127 68.607
872 24.565 68.5746
479 24.5872 68.5726
772 24.6112 68.5703
326 24.6376 68.5679
946 24.6659 68.5653
137 24.6954 68.5626
124 24.7216 68.5602
443 24.7452 68.558
526 24.7706 68.5557
601 24.7965 68.5533
662 24.825 68.5507
635 24.825 68.5507
600 24.825 68.5507
267 24.825 68.5507
720 24.825 68.5507
735 24.825 68.5507
493 24.825 68.5507
359 24.825 68.5507
729 24.825 68.5507
390 24.825 68.5506
59 24.825 68.5506
252 25.672 68.8154
266 25.6133 68.7135
34 25.5498 68.6033
349 25.4949 68.508
451 25.4386 68.4104
981 25.3879 68.3224
99 25.3458 68.2493
730 25.3003 68.1704
927 25.2475 68.0786
587 25.1956 67.9886
327 25.144 67.899
510 25.0908 67.8066
950 25.084 67.7948
878 25.0764 67.7817
507 25.0678 67.7667
965 25.0603 67.7537
640 25.0526 67.7403
658 25.0459 67.7287
501 25.0383 67.7155
454 25.031 67.7029
571 25.0226 67.6882
957 25.0138 67.673
846 25.006 67.6595
591 24.999 67.6473
574 24.9915 67.6343
308 24.9837 67.6207
604 24.9763 67.6079
954 24.9683 67.5941
645 24.7483 67.2123
233 24.5305 66.8343
756 24.3525 66.5252
382 24.2091 66.2763
537 24.0722 66.0387
21 23.9073 65.7524
839 23.7158 65.42
971 23.0182 64.6078
324 22.2301 63.6902
788 21.7487 63.1297
733 21.1986 62.4892
545 20.6005 61.7929
705 20.0594 61.1629
599 19.5436 60.5623
329 18.8975 59.81
897 18.1899 58.9862
956 17.3577 58.0173
336 16.5267 57.0498
633 15.7724 56.1715
908 14.8951 55.1501
403 13.9525 54.0526
122 11.4415 51.1293
341 11.4457 51.0306
770 11.45 50.9321
496 11.4537 50.844
505 11.4572 50.7632
542 11.4608 50.6797
166 11.4643 50.598
123 11.4684 50.5015
534 11.4721 50.4168
303 11.4755 50.3355
463 11.4794 50.2458
174 11.4832 50.1573
858 11.4869 50.0699
391 11.4907 49.9812
423 11.4944 49.8949
384 11.4979 49.8145
958 11.5013 49.7354
758 11.5023 49.7107
46 11.5035 49.6841
949 11.5045 49.6598
652 11.5055 49.6368
760 11.5064 49.6151
47 11.5076 49.588
527 11.5088 49.5609
936 11.51 49.5317
212 11.5113 49.5016
731 11.5125 49.4747
489 11.5135 49.4494
663 11.5147 49.4215
312 11.5158 49.3957
222 11.5169 49.3704
616 11.5181 49.3438
57 11.5191 49.3197
841 11.5202 49.2932
228 11.5214 49.2658
148 11.5225 49.2408
805 11.5234 49.2186
849 11.5244 49.195
373 11.5273 49.1278
691 11.53 49.0661
422 11.5329 48.997
749 11.5361 48.9225
142 11.5392 48.85
990 11.5425 48.7747
863 11.5453 48.7082
938 11.5479 48.6483
128 11.5507 48.5824
771 11.5536 48.5156
116 11.5561 48.4561
925 11.5588 48.3929
698 11.5657 48.2333
797 11.5726 48.0717
708 11.5788 47.9277
100 11.5859 47.7622
352 11.5931 47.5928
182 11.6005 47.421
476 11.6081 47.2449
279 11.6146 47.0926
157 11.6216 46.9299
218 11.6284 46.7703
972 11.636 46.5932
214 11.6441 46.4046
565 11.6568 46.1085
677 11.6749 45.6843
909 11.728 44.4456
154 11.7881 43.0448
328 11.8575 41.4255
78 11.8796 40.9105
499 11.9029 40.3665
87 11.963 38.9638
829 12.0165 37.7166
65 12.0413 37.1364
283 12.065 36.5841
330 12.0893 36.0177
121 12.1196 35.3109
32 12.1413 34.8027
612 12.1655 34.2382
10 12.1975 33.4916
299 12.236 32.5949
943 12.2652 31.9121
602 12.2929 31.266
898 12.3024 31.0456
86 12.3057 30.9681
836 12.3091 30.8893
572 12.3125 30.8093
74 12.3158 30.7315
133 12.319 30.6578
985 12.3221 30.5849
4 12.3255 30.5057
700 12.3286 30.4341
794 12.3322 30.3488
514 12.3357 30.269
963 12.3392 30.1874
331 12.3423 30.113
125 12.3452 30.0463
710 12.3488 29.9633
258 12.3522 29.8824
402 12.3554 29.8096
205 12.3582 29.7425
268 12.4529 27.5335
455 12.5496 25.2781
702 12.6398 23.1746
673 12.6626 22.6433
474 12.6868 22.0787
899 12.711 21.5123
902 12.737 20.9067
254 12.7629 20.3012
362 12.7859 19.7648
187 12.8088 19.2316
641 12.8844 18.7462
741 12.9729 18.1783
61 13.065 17.5876
661 13.1559 17.0047
8 13.2706 16.2685
366 13.3426 15.8063
682 13.4138 15.3495
211 13.4898 14.8623
812 13.5648 14.3811
722 13.6436 14.3818
646 13.9397 14.3845
412 14.3588 14.3882
674 14.8532 14.3926
348 15.3839 14.3974
488 15.9116 14.4021
629 16.3867 14.4064
588 17.0148 14.412
881 17.7203 14.4183
518 34.1805 14.5658
883 34.2258 15.106
669 34.2638 15.5593
653 34.3089 16.0979
643 34.3474 16.5581
439 34.3867 17.0269
261 34.4216 17.4444
822 34.452 17.8069
111 34.4794 18.1341
284 34.5062 18.4543
287 34.5302 18.7405
351 34.5584 19.0774
704 34.592 19.4787
310 34.626 19.8856
337 34.6604 20.2959
64 34.6934 20.6896
407 34.725 21.0666
246 34.7721 21.6295
573 34.8202 22.2042
824 34.8765 22.8763
363 34.9245 23.4499
915 35.0755 25.2529
289 35.2194 26.9706
834 35.3431 28.4478
687 35.4581 29.822
354 35.4697 29.9607
626 35.4826 30.1139
191 35.4989 30.3083
869 35.5141 30.4907
250 35.5283 30.6595
549 35.5207 30.7765
787 35.5138 30.8834
853 35.5064 30.9964
934 35.4997 31.1002
421 35.4919 31.2203
307 35.485 31.3278
586 35.4772 31.4483
278 35.4696 31.5654
160 35.4623 31.6774
26 35.4552 31.7869
486 35.4243 32.2653
221 35.3954 32.7106
467 35.3636 33.2024
709 35.3295 33.7283
379 35.2559 34.8649
257 35.1493 36.5131
935 35.0305 38.3495
475 34.8222 41.5694
480 34.7955 41.981
461 34.7659 42.4389
37 34.7591 42.5437
89 34.7516 42.6594
603 34.7516 42.6594
891 34.7516 42.6594
778 34.7516 42.6594
147 34.7516 42.6594
783 34.7516 42.6594
655 34.7516 42.6594
413 34.7878 42.7194
356 34.8238 42.779
237 34.8589 42.8371
180 34.8891 42.887
688 34.9168 42.9329
438 34.9439 42.9778
543 34.9745 43.0285
49 35.0068 43.082
692 35.0364 43.131
848 35.0687 43.1845
917 35.0963 43.2302
989 35.1246 43.2771
862 35.1525 43.3233
151 35.1788 43.3668
302 35.2082 43.4155
913 35.2368 43.4628
397 35.2645 43.5087
876 35.2947 43.5588
811 35.3213 43.6029
723 35.3499 43.6502
11 35.4578 43.829
748 35.5714 44.017
269 35.6869 44.2084
529 35.787 44.3741
512 35.911 44.5794
664 36.0136 44.7493
508 36.1327 44.9466
38 36.248 45.1376
452 36.3682 45.3367
566 36.4817 45.5246
790 36.5915 45.7064
388 36.7033 45.8916
679 36.8254 46.0939
7 36.9642 46.3237
525 37.1097 46.5647
706 37.2593 46.8125
535 37.4123 47.0659
414 37.7861 47.6849
155 38.3633 48.6405
619 38.9742 49.6521
522 39.7585 50.9509
492 40.5599 52.2778
472 41.2191 53.3695
922 41.9241 54.5368
194 42.62 55.6891
519 43.6541 57.4014
342 43.7279 57.5938
291 43.8097 57.8072
30 43.8826 57.9974
912 43.955 58.1864
370 44.0255 58.3702
923 44.0969 58.5565
577 44.1709 58.7494
186 44.2438 58.9396
804 44.3204 59.1396
625 44.3923 59.327
597 44.435 59.4385
281 44.4795 59.5547
793 44.5251 59.6736
101 44.5702 59.7912
468 44.618 59.9159
809 44.658 60.0202
459 44.7012 60.1329
127 44.741 60.2369
498 44.7852 60.3522
54 44.8295 60.4678
533 44.8724 60.5796
188 44.9153 60.6915
945 44.9581 60.8033
210 45.0115 60.9424
743 45.0723 61.101
523 45.1273 61.2445
929 45.1772 61.3748
225 45.2729 61.6245
161 45.3584 61.8474
104 45.4435 62.0693
235 45.5328 62.3024
765 45.6165 62.5208
683 45.7039 62.7486
175 45.7901 62.9736
732 45.8753 63.1958
558 45.9651 63.4301
855 46.0561 63.6674
404 46.1443 63.8973
80 46.2293 64.1191
779 46.3096 64.3285
94 46.3924 64.5446
91 46.3974 64.5575
171 46.402 64.5695
986 46.407 64.5826
484 46.4118 64.5951
617 46.4165 64.6076
632 46.4214 64.6204
264 46.4256 64.6313
910 46.4305 64.644
576 46.4352 64.6563
513 46.4407 64.6706
715 46.4453 64.6826
163 46.4501 64.6952
453 46.455 64.7079
596 46.4598 64.7203
769 46.465 64.7341
134 46.4662 64.7371
216 46.4673 64.74
676 46.4684 64.743
144 46.4697 64.7463
471 46.4707 64.749
282 46.472 64.7523
621 46.4732 64.7554
350 46.4746 64.7591
798 46.4758 64.7622
724 46.4771 64.7657
56 46.6942 64.8372
968 46.9222 64.9123
582 47.1489 64.9869
365 47.2938 65.0346
208 47.4513 65.0865
540 47.5933 65.1332
802 47.756 65.1868
976 47.756 65.1868
921 49.2921 65.4387
410 50.3277 65.6086
894 51.6264 65.8216
286 53.8069 66.1792
800 56.0995 66.5552
857 58.0774 66.8795
18 61.673 67.469
432 61.8739 67.3596
832 62.08 67.2474
112 62.2994 67.1279
671 62.5228 67.0062
9 62.7881 66.8617
907 63.1055 66.6889
810 63.3873 66.5354
837 63.6489 66.393
579 63.9208 66.2449
656 63.9329 66.1633
84 63.9428 66.0964
791 63.9526 66.0307
647 63.9615 65.9705
109 63.9703 65.9111
515 63.98 65.8452
762 63.9895 65.7813
987 63.9984 65.7209
290 64.0078 65.6574
852 64.0181 65.5877
605 64.0282 65.5195
460 64.0382 65.4525
35 64.0496 65.3753
904 64.0588 65.3132
201 64.0688 65.2453
727 64.0688 65.2453
420 64.0688 65.2453
975 64.0688 65.2453
173 64.0688 65.2453
847 64.0688 65.2453
668 64.0688 65.2453
152 64.0688 65.2453
110 64.0688 65.2453
393 64.0688 65.2453
340 64.0688 65.2453
767 64.0688 65.2453
962 64.0688 65.2453
942 64.0688 65.2453
538 64.0688 65.2453
744 64.0688 65.2453
315 64.0688 65.2453
440 64.0425 65.1239
67 64.018 65.011
650 63.9934 64.8974
867 63.9698 64.7884
293 63.9434 64.6665
509 63.922 64.5681
238 63.8963 64.4496
900 63.8724 64.3394
190 63.8443 64.2093
51 63.8218 64.1058
102 63.7359 63.7094
964 63.6686 63.3988
595 63.6024 63.0937
68 63.5343 62.7794
478 63.4649 62.4593
654 63.3975 62.1484
276 59.6253 44.7474
844 59.6282 44.7134
63 59.6303 44.6884
926 59.6324 44.6637
843 59.6345 44.6388
396 59.6368 44.6122
906 59.6394 44.5821
314 59.6418 44.5532
43 59.6441 44.5264
930 59.6464 44.4998
716 59.6485 44.4747
875 59.6505 44.4505
485 59.6526 44.4269
70 59.6635 44.2982
606 59.6753 44.1598
217 59.6863 44.0303
357 59.6972 43.9027
675 59.708 43.7759
117 59.7179 43.6599
870 59.7284 43.5357
85 59.7385 43.4174
69 59.7547 43.2272
143 59.7744 42.9961
781 59.7959 42.7431
634 59.8114 42.5618
842 59.8259 42.3912
644 59.8429 42.1919
323 59.8612 41.9765
27 59.8781 41.7781
377 59.893 41.6036
358 59.9073 41.4347
262 59.9204 41.2813
623 59.9637 40.7727
197 60.0375 39.9057
978 60.1948 38.0582
865 60.437 35.2128
594 60.4587 34.9575
66 60.483 34.6719
45 60.5126 34.3239
828 60.5436 33.9601
19 60.574 33.6031
751 60.6074 33.2115
821 60.6403 32.8243
831 60.6744 32.4242
873 60.7061 32.0517
55 60.7309 31.7611
209 60.7555 31.4718
555 60.8733 30.9262
785 60.9852 30.408
681 61.1081 29.8387
6 61.2597 29.1367
355 61.4028 28.474
419 61.6101 27.5139
458 61.6101 27.5139
24 61.7346 27.2587
959 61.8386 27.0456
819 61.9403 26.8372
164 62.0404 26.632
103 67.6234 15.1901
176 68.2178 15.4211
598 68.8439 15.6644
721 69.4245 15.8901
295 69.9986 16.1133
581 70.5911 16.3436
777 71.295 16.6172
504 74.1246 17.7168
