0,721,24,777,581,295,504,103,819,176,828,19,781,751,598,45,209,681,785,555,164,873,55,831,821,419,63,377,6,27,865,959,197,644,66,634,358,323,623,262,606,70,875,716,930,314,906,519,926,117,844,69,143,870,675,594,355,357,217,43,458,396,978,843,85,842,84,837,509,904,35,460,605,478,907,538,51,290,962,293,867,650,67,440,190,515,112,432,791,852,238,656,942,900,110,152,668,847,173,975,420,315,727,744,832,9,762,964,654,647,393,340,102,987,595,286,68,485,767,582,800,671,894,921,798,857,109,291,976,724,540,208,453,225,161,104,235,765,683,175,732,558,855,404,80,779,94,91,171,986,484,617,632,264,910,576,513,715,533,281,498,101,793,56,621,471,144,676,216,134,769,596,804,802,350,410,968,163,365,276,282,188,810,945,922,194,342,929,597,577,127,210,912,186,923,30,523,743,370,625,468,54,492,809,459,472,302,89,522,891,783,723,687,37,147,876,475,356,619,480,461,237,151,989,917,848,692,49,543,180,603,257,397,438,155,414,535,706,525,7,679,388,790,566,452,38,512,529,269,748,778,913,862,688,413,508,811,11,664,935,191,869,586,278,612,354,289,26,787,853,934,421,307,160,221,261,824,549,486,834,467,250,379,337,653,915,284,602,709,702,643,439,518,363,883,111,822,704,351,64,573,407,287,310,669,246,626,899,629,8,488,682,61,673,661,588,187,963,812,722,474,402,902,741,348,412,362,366,211,254,674,881,646,641,331,258,4,455,514,299,121,87,86,268,794,898,710,133,700,943,958,829,74,572,836,985,655,949,123,499,78,46,32,205,10,65,403,373,148,283,125,330,328,925,972,505,218,633,336,956,908,805,691,771,228,841,57,616,222,312,663,303,352,279,122,760,422,341,858,154,909,677,565,214,174,166,708,542,391,990,182,212,770,489,758,100,749,47,384,128,849,463,423,157,476,534,116,527,496,652,797,698,731,936,938,863,142,510,324,599,839,720,359,266,451,730,99,493,349,733,788,705,971,59,537,382,756,233,645,545,927,772,981,21,954,443,137,729,267,79,735,903,901,635,34,604,308,574,591,846,571,454,501,640,965,507,950,662,872,429,132,946,390,333,327,878,587,526,658,329,957,689,601,789,897,888,764,551,347,531,701,799,326,339,3,600,948,500,400,457,502,77,694,298,371,338,552,703,607,726,924,361,374,275,830,686,14,639,234,114,272,556,517,255,346,220,784,717,939,860,796,376,479,879,411,277,427,487,657,665,131,734,747,219,991,445,81,524,739,130,667,589,398,890,966,381,207,113,482,825,503,970,224,168,192,680,162,97,728,196,630,119,554,106,905,780,321,325,169,39,637,240,678,914,236,88,815,199,557,1,792,405,50,969,247,446,300,982,560,31,90,718,955,436,301,433,759,200,75,546,973,547,380,803,153,401,868,444,892,615,711,585,736,108,988,944,48,178,213,953,426,570,699,568,447,138,719,693,316,386,495,95,203,399,304,435,628,827,750,364,263,469,183,776,115,697,550,249,768,456,76,462,611,430,714,712,409,36,696,424,58,521,859,73,253,120,231,227,833,271,392,17,41,578,753,933,491,368,13,60,886,93,306,2,610,16,808,871,20,757,885,44,916,431,146,695,608,15,244,418,631,773,360,638,441,442,256,28,651,184,490,167,428,470,795,593,296,761,786,288,141,124,960,806,139,270,252,752,974,416,189,96,206,292,561,230,707,449,763,613,672,649,53,72,294,738,840,389,919,223,215,22,569,265,309,539,226,150,448,807,918,874,877,766,375,559,172,5,530,394,181,92,239,614,437,564,548,129,241,659,536,343,713,156,947,541,165,563,895,636,642,305,866,193,782,754,880,931,477,319,367,584,887,511,118,980,575,82,335,229,126,185,992,320,755,940,618,516,814,434,415,984,532,406,177,12,911,40,23,259,567,624,344,737,408,378,851,317,369,816,280,861,62,826,774,856,896,202,562,882,140,801,746,179,313,952,690,245,105,248,961,395,620,18,318,818,823,52,83,544,622,775,494,159,297,158,937,893,725,145,845,273,42,149,417,353,464,251,666,817,481,285,648,864,71,580,465,322,889,135,813,742,820,854,740,983,928,685,473,311,450,204,528,332,660,25,372,579,385,884,684,242,201,932,334,195,977,506,838,383,107,850,941,497,583,670,520,951,198,425,745,170,967,835,136,609,387,920,29,553,232,590,466,274,33,592,98,627,243,979,483,345,260,
value : 399.724 running time : 1749.688521
0 80 20
721 75.1718 18.1298
24 72.6776 17.1633
777 70.7353 16.4106
581 69.8674 16.0741
295 69.1147 15.7823
504 68.3757 15.4957
103 67.6054 15.1971
819 65.9186 18.6182
176 64.7166 21.0562
828 62.0047 26.5549
19 60.6471 29.3083
781 60.6471 29.3083
751 60.6471 29.3083
598 60.6471 29.3083
45 60.6471 29.3083
209 60.6471 29.3083
681 60.6471 29.3083
785 60.6471 29.3083
555 60.6471 29.3083
164 60.6471 29.3083
873 60.6471 29.3083
55 60.6471 29.3083
831 60.6471 29.3083
821 60.6471 29.3083
419 60.6471 29.3083
63 60.369 35.6511
377 60.3679 35.6752
6 60.3669 35.6976
27 60.3658 35.7231
865 60.3647 35.748
959 60.3607 35.8396
197 60.2055 39.377
644 60.2147 39.794
66 60.2227 40.1575
634 60.2307 40.5205
358 60.2391 40.8968
323 60.2479 41.2981
623 60.2573 41.7199
262 60.2648 42.0635
606 60.27 42.2959
70 60.2755 42.5441
875 60.2799 42.7473
716 60.2844 42.9491
930 60.2892 43.1664
314 60.2944 43.4013
906 60.3 43.6544
519 60.306 43.9245
926 60.3107 44.1414
117 60.3153 44.3485
844 60.3194 44.5353
69 60.3255 44.8108
143 60.3527 45.0271
870 60.3777 45.2256
675 60.4039 45.4341
594 60.4311 45.6502
355 60.4583 45.8668
357 60.4948 46.1564
217 60.5293 46.4306
43 60.564 46.7071
458 60.6001 46.9938
396 60.7261 47.9947
978 60.8303 48.8234
843 60.9525 49.7942
85 61.3716 53.1214
842 61.7818 56.3774
84 62.3733 61.0713
837 62.8514 64.8657
509 62.8514 64.8657
904 62.8514 64.8657
35 62.8514 64.8657
460 62.8514 64.8657
605 62.8514 64.8657
478 62.8514 64.8657
907 62.8514 64.8657
538 62.8514 64.8657
51 62.8514 64.8657
290 62.8514 64.8657
962 62.8514 64.8657
293 62.8514 64.8657
867 62.8514 64.8657
650 62.8514 64.8658
67 62.8514 64.8658
440 62.8514 64.8658
190 62.8514 64.8658
515 62.8514 64.8658
112 62.8514 64.8658
432 62.8514 64.8658
791 62.8514 64.8658
852 62.8514 64.8658
238 62.8445 64.8902
656 62.8371 64.916
942 62.8301 64.9407
900 62.8229 64.9661
110 62.8159 64.9906
152 62.8092 65.0143
668 62.8026 65.0372
847 62.7958 65.0611
173 62.7886 65.0863
975 62.7812 65.1124
420 62.7073 65.2828
315 62.607 65.5137
727 62.5286 65.6944
744 62.4492 65.8773
832 62.417 65.8761
9 62.3876 65.875
762 62.3612 65.874
964 62.3352 65.873
654 62.3117 65.8721
647 62.2851 65.8711
393 62.2589 65.8701
340 62.2325 65.8692
102 62.2068 65.8682
987 61.8465 65.8547
595 61.4879 65.8412
286 61.1072 65.8269
68 60.7895 65.8149
485 60.4481 65.8021
767 60.1088 65.7894
582 58.3769 65.7246
800 56.8361 65.6669
671 55.4742 65.6159
894 53.2584 65.533
921 52.09 65.4892
798 51.003 65.4484
857 50.0055 65.411
109 48.9657 65.372
291 47.9096 65.3325
976 47.2833 65.309
724 47.0024 65.2984
540 47.0024 65.2984
208 47.0024 65.2984
453 47.0024 65.2984
225 47.0024 65.2984
161 47.0024 65.2984
104 47.0024 65.2984
235 47.0024 65.2984
765 47.0024 65.2984
683 47.0024 65.2984
175 47.0024 65.2984
732 47.0024 65.2984
558 47.0024 65.2984
855 47.0024 65.2984
404 47.0024 65.2984
80 47.0024 65.2984
779 47.0024 65.2984
94 47.0024 65.2984
91 47.0024 65.2984
171 47.0024 65.2984
986 47.0024 65.2984
484 47.0024 65.2984
617 47.0024 65.2984
632 47.0024 65.2984
264 47.0024 65.2984
910 47.0024 65.2984
576 47.0024 65.2984
513 47.0024 65.2984
715 47.0024 65.2984
533 47.0024 65.2984
281 47.0024 65.2984
498 47.0024 65.2984
101 47.0024 65.2984
793 47.0024 65.2984
56 47.0024 65.2984
621 47.0024 65.2984
471 47.0024 65.2984
144 47.0024 65.2984
676 47.0024 65.2984
216 47.0024 65.2984
134 47.0024 65.2984
769 47.0024 65.2984
596 47.0024 65.2984
804 47.0024 65.2984
802 47.0024 65.2984
350 46.8844 64.6669
410 46.6618 63.4769
968 46.4218 62.1934
163 46.1614 60.8012
365 45.8647 59.2155
276 45.5111 57.3265
282 45.5111 57.3265
188 45.5111 57.3265
810 45.5111 57.3265
945 45.5024 57.3307
922 45.4922 57.3355
194 45.4836 57.3396
342 45.4739 57.3443
929 45.4627 57.3496
597 45.4536 57.354
577 45.4445 57.3583
127 45.435 57.3629
210 45.4254 57.3674
912 45.4151 57.3724
186 45.4066 57.3764
923 45.3967 57.3811
30 45.3853 57.3866
523 45.375 57.3915
743 45.3325 57.3264
370 45.2826 57.2501
625 45.244 57.191
468 45.1986 57.1216
54 44.7412 56.4217
492 44.2354 55.648
809 43.7758 54.9447
459 43.3042 54.2232
472 41.7538 51.8517
302 40.2285 49.5186
89 39.4029 48.2554
522 38.5095 46.8888
891 37.6061 45.5066
783 36.4388 43.7211
723 35.2874 41.9598
687 35.287 41.9592
37 35.2867 41.9587
147 35.2864 41.9582
876 35.286 41.9576
475 35.2857 41.9571
356 35.2857 41.957
619 35.2857 41.9569
480 35.2857 41.9568
461 35.2857 41.9568
237 35.2857 41.9536
151 35.2858 41.9491
989 35.2859 41.9454
917 35.286 41.9417
848 35.2861 41.9382
692 35.2862 41.9346
49 35.2862 41.9317
543 35.2863 41.9283
180 35.2864 41.9248
603 35.2864 41.9212
257 35.2866 41.9165
397 35.2866 41.9133
438 35.2867 41.9098
155 35.2868 41.9062
414 35.2869 41.9027
535 35.2869 41.8993
706 35.287 41.8956
525 35.2871 41.892
7 35.2872 41.888
679 35.2873 41.8842
388 35.2873 41.8808
790 35.2874 41.8773
566 35.2875 41.874
452 35.2876 41.8706
38 35.2876 41.8673
512 35.2877 41.8639
529 35.2878 41.8602
269 35.2879 41.8573
748 35.2879 41.8538
778 35.288 41.8506
913 35.2881 41.8471
862 35.2882 41.8433
688 35.2883 41.8402
413 35.3006 41.2829
508 35.315 40.6381
811 35.3321 39.868
11 35.3479 39.1598
664 35.3663 38.3288
935 35.3859 37.4478
191 35.4043 36.6218
869 35.421 35.8713
586 35.4364 35.1792
278 35.4505 34.5469
612 35.4638 33.9505
354 35.507 32.0001
289 35.5142 31.6799
26 35.5156 31.6125
787 35.5168 31.5621
853 35.5179 31.5121
934 35.5192 31.4532
421 35.5204 31.4015
307 35.5216 31.3447
160 35.5228 31.2914
221 35.524 31.2369
261 35.5253 31.1811
824 35.5264 31.1306
549 35.5274 31.0833
486 35.5286 31.0309
834 35.5298 30.9783
467 35.531 30.9249
250 35.5322 30.8714
379 35.3787 28.8674
337 35.2323 26.9566
653 35.1069 25.319
915 35.1016 25.2485
284 35.096 25.1754
602 35.0905 25.1039
709 34.9068 22.702
702 34.7061 20.0781
643 34.5842 18.4828
439 34.4858 17.1958
518 34.2925 14.6684
363 33.8682 14.6783
883 33.4498 14.688
111 33.0152 14.698
822 32.562 14.7086
704 32.0944 14.7194
351 31.5949 14.731
64 31.099 14.7425
573 30.6602 14.7527
407 30.1707 14.7641
287 29.637 14.7764
310 28.937 14.7927
669 27.5746 14.8244
246 26.1329 14.8579
626 24.6374 14.8927
899 20.7738 14.9827
629 17.1048 15.0682
8 16.3682 15.0853
488 15.4813 15.1059
682 14.4093 15.1309
61 13.5826 15.1501
673 13.3452 15.1556
661 13.1081 15.1611
588 12.8189 15.1678
187 12.5182 15.1748
963 12.5182 15.1748
812 12.5182 15.1748
722 12.5121 15.4445
474 12.5031 15.8441
402 12.4956 16.1742
902 12.4889 16.4729
741 12.4832 16.7267
348 12.4777 16.9723
412 12.4719 17.2308
362 12.4661 17.4884
366 12.4604 17.742
211 12.4544 18.0059
254 12.4479 18.2948
674 12.4421 18.5537
881 12.4361 18.8206
646 12.4152 19.7475
641 12.3805 21.2859
331 12.3541 22.4603
258 12.3282 23.6101
4 12.3039 24.6894
455 12.284 25.5717
514 12.2621 26.5448
299 12.2475 27.1948
121 12.2317 27.8936
87 12.2191 28.4534
86 12.2086 28.9213
268 12.2001 29.3019
794 12.1911 29.6992
898 12.1814 30.1293
710 12.1705 30.6145
133 12.1585 31.1488
700 12.1459 31.7091
943 12.1355 32.1714
958 12.1234 32.707
829 12.114 33.1266
74 12.1045 33.5463
572 12.089 34.2371
836 12.0693 35.1111
985 12.0407 36.3798
655 12.0102 37.7356
949 11.9969 38.3247
123 11.9869 38.7699
499 11.9774 39.1895
78 11.976 39.2528
46 11.9745 39.3182
32 11.9731 39.38
205 11.9717 39.4439
10 11.9602 39.957
65 11.9483 40.4843
403 11.9325 41.1864
373 11.9302 41.287
148 11.9282 41.3794
283 11.9261 41.4686
125 11.924 41.5649
330 11.9217 41.6661
328 11.9192 41.7758
925 11.7574 48.9281
972 11.748 49.3454
505 11.739 49.7415
218 11.7297 50.153
633 11.7221 50.4893
336 11.7138 50.5504
956 11.7057 50.6094
908 11.6981 50.6648
805 11.6901 50.7233
691 11.6817 50.7847
771 11.6745 50.8372
228 11.667 50.8924
841 11.6585 50.9543
57 11.65 51.0161
616 11.642 51.0745
222 11.6332 51.1389
312 11.6247 51.2006
663 11.6152 51.2704
303 11.6052 51.3435
352 11.5958 51.4122
279 11.5863 51.4816
122 11.5774 51.5462
760 11.5841 51.5536
422 11.5903 51.5605
341 11.5953 51.5662
858 11.6014 51.5729
154 11.6067 51.5788
909 11.6125 51.5854
677 11.6192 51.5928
565 11.6252 51.5996
214 11.6305 51.6054
174 11.6364 51.612
166 11.6418 51.6181
708 11.6476 51.6246
542 11.6538 51.6315
391 11.6599 51.6383
990 11.665 51.6439
182 11.6709 51.6505
212 11.6759 51.6562
770 11.6819 51.6628
489 11.6883 51.6699
758 11.6949 51.6774
100 11.7004 51.6835
749 11.7057 51.6894
47 11.7112 51.6956
384 11.7165 51.7014
128 11.7325 51.7194
849 11.7504 51.7393
463 11.7675 51.7584
423 11.7842 51.777
157 11.8007 51.7954
476 11.8193 51.8162
534 11.8362 51.8351
116 11.8518 51.8525
527 11.8747 51.8781
496 11.8966 51.9025
652 11.9176 51.926
797 11.941 51.9521
698 11.9631 51.9768
731 11.9825 51.9984
936 12.006 52.0247
938 12.0301 52.0515
863 12.0502 52.074
142 14.8989 55.258
510 17.82 58.523
324 19.4704 60.3673
599 21.3726 62.4931
839 23.049 64.3665
720 23.078 64.4622
359 23.1064 64.5562
266 23.1344 64.6484
451 23.1597 64.732
730 23.1898 64.8312
99 23.2147 64.9133
493 23.2365 64.9852
349 23.261 65.0663
733 23.2855 65.1471
788 23.3104 65.2293
705 23.3352 65.3109
971 23.3639 65.4058
59 23.389 65.4885
537 23.4199 65.5905
382 23.4424 65.6648
756 23.4659 65.7422
233 23.4922 65.8291
645 23.5212 65.9249
545 23.5473 66.011
927 23.6593 66.3802
772 23.7599 66.7123
981 23.8734 67.0868
21 24.0145 67.5517
954 24.1413 67.9702
443 24.154 68.0121
137 24.1649 68.048
729 24.1764 68.086
267 24.1891 68.1277
79 24.2024 68.1716
735 24.2164 68.2181
903 24.2323 68.2702
901 24.2469 68.3187
635 24.2632 68.3723
34 24.2767 68.4169
604 24.2942 68.4747
308 24.3083 68.5211
574 24.3229 68.5693
591 24.3367 68.6146
846 24.3493 68.6562
571 24.3646 68.7067
454 24.3794 68.7555
501 24.3913 68.7949
640 24.4033 68.8343
965 24.4175 68.8812
507 24.4312 68.9267
950 24.4488 68.9845
662 24.4655 69.0395
872 24.3465 69.0466
429 24.1709 69.0569
132 24.0323 69.0651
946 23.9014 69.0728
390 23.7806 69.0799
333 23.6413 69.0882
327 23.5076 69.0961
878 23.3801 69.1036
587 23.2218 69.1129
526 23.0619 69.1223
658 22.9082 69.1314
329 22.763 69.14
957 22.6318 69.1477
689 22.4839 69.1565
601 21.3437 69.2235
789 20.1404 69.2944
897 18.796 69.3734
888 17.2214 69.466
764 15.2536 69.5817
551 12.9337 69.718
347 10.684 69.8502
531 10.684 69.8502
701 10.6748 69.9129
799 10.667 69.9665
326 10.6581 70.0279
339 10.6502 70.0818
3 10.6436 70.1272
600 10.6356 70.1824
948 10.6283 70.2326
500 10.6204 70.2869
400 10.6128 70.339
457 10.6053 70.3902
502 10.5985 70.4371
77 10.5919 70.4825
694 10.5842 70.5353
298 10.5765 70.5885
371 10.5695 70.6367
338 10.5618 70.6893
552 10.5542 70.7412
703 10.547 70.7907
607 10.5383 70.8505
726 10.5296 70.9106
924 10.5218 70.9637
361 10.5137 71.0195
374 10.5059 71.0729
275 10.4986 71.1235
830 10.4912 71.1743
686 10.4912 71.1743
14 10.4912 71.1743
639 10.4912 71.1743
234 10.4912 71.1743
114 10.4908 71.1847
272 10.4904 71.1966
556 10.49 71.2091
517 10.4896 71.2192
255 10.4892 71.2297
346 10.4888 71.2412
220 10.4885 71.2512
784 10.4882 71.2603
717 10.4878 71.2713
939 10.4874 71.2825
860 10.4869 71.295
796 10.4866 71.3056
376 10.4862 71.3149
479 10.4859 71.3261
879 10.4855 71.3359
411 10.4852 71.3461
277 10.4848 71.3574
427 10.4844 71.369
487 10.4839 71.3808
657 10.4836 71.3908
665 10.4833 71.4001
131 10.4829 71.4093
734 10.4826 71.4197
747 10.4822 71.43
219 10.4818 71.4421
991 10.4814 71.4547
445 10.481 71.4645
81 10.4807 71.4735
524 10.4804 71.4832
739 10.48 71.4936
130 10.4796 71.5044
667 10.4792 71.5157
589 10.4789 71.5254
398 10.4784 71.5381
890 10.478 71.5508
966 10.4776 71.5607
381 10.4773 71.5714
207 10.4769 71.5824
113 10.4765 71.5922
482 10.4762 71.6021
825 10.4758 71.614
503 10.4754 71.6238
970 10.4751 71.6336
224 10.4747 71.6452
168 10.4743 71.6552
192 10.474 71.664
680 10.4737 71.6745
162 10.4733 71.6851
97 10.4729 71.6956
728 10.4725 71.7068
196 10.4722 71.7156
630 10.4149 73.3527
119 10.3291 75.8037
554 10.1772 80.14
106 10.0254 84.4731
905 10.022 84.5703
780 10.0185 84.6677
321 10.0149 84.7719
325 10.0107 84.8914
169 10.0064 85.0138
39 10.002 85.141
637 9.99881 85.2314
240 9.99573 85.3196
678 9.99193 85.4278
914 9.98862 85.5224
236 9.98544 85.6133
88 9.98276 85.69
815 9.97934 85.7876
199 9.97579 85.889
557 9.97258 85.9806
1 9.96937 86.0723
792 9.96625 86.1613
405 9.96266 86.2639
50 9.95972 86.3479
969 9.95656 86.4381
247 9.95359 86.5229
446 9.95063 86.6076
300 9.94779 86.6885
982 9.94486 86.7724
560 9.94215 86.8499
31 9.93901 86.9393
90 9.93577 87.0318
718 9.93221 87.1335
955 9.92905 87.2239
436 9.9256 87.3222
301 9.92194 87.4267
433 9.91885 87.515
759 9.91503 87.6241
200 9.91078 87.7455
75 9.90773 87.8325
546 9.90408 87.9368
973 9.89977 88.0598
547 9.89611 88.1643
380 9.89206 88.28
803 9.88901 88.3671
153 9.88585 88.4574
401 9.88252 88.5525
868 9.87894 88.6546
444 9.87607 88.7365
892 9.87292 88.8266
615 9.86944 88.9259
711 9.86504 89.0516
585 9.86149 89.1528
736 9.8584 89.2413
108 9.85501 89.3378
988 9.85134 89.4428
944 9.85134 89.4428
48 9.89634 89.4406
178 9.93191 89.4388
213 9.96616 89.4372
953 10.1119 89.4301
426 10.2645 89.4226
570 10.422 89.415
699 10.587 89.407
568 10.7364 89.3997
447 10.8881 89.3923
138 11.0482 89.3845
719 11.2034 89.3769
693 11.3691 89.3689
316 11.5436 89.3604
386 11.7153 89.352
495 11.8855 89.3438
95 12.0399 89.3362
203 12.1928 89.3288
399 12.3599 89.3206
304 12.5129 89.3132
435 12.6662 89.3057
628 12.9266 89.293
827 13.1874 89.2803
750 13.537 89.2633
364 13.8962 89.2458
263 14.2973 89.2263
469 15.3887 89.1733
183 16.3325 89.1275
776 17.2097 89.0848
115 18.1053 89.0413
697 19.0583 88.995
550 19.6889 88.9643
249 20.2207 88.9384
768 20.7483 88.9128
456 21.2421 88.8887
76 21.7588 88.8636
462 22.199 88.8422
611 22.7255 88.8166
430 22.788 88.8136
714 22.8476 88.8106
712 22.908 88.8077
409 22.9767 88.8043
36 23.041 88.8012
696 23.1025 88.7982
424 23.1625 88.7953
58 23.2248 88.7922
521 23.2917 88.789
859 23.3595 88.7857
73 23.4294 88.7823
253 23.4955 88.779
120 23.5607 88.7759
231 23.6232 88.7728
227 23.6758 88.7703
833 23.7417 88.767
271 23.8173 88.7634
392 23.8758 88.7605
17 23.9113 88.7588
41 23.9558 88.7566
578 23.9992 88.7545
753 24.0417 88.7524
933 24.0868 88.7502
491 24.1352 88.7479
368 24.1806 88.7457
13 24.2262 88.7434
60 24.2752 88.7411
886 24.317 88.739
93 24.3629 88.7368
306 24.4204 88.734
2 24.4742 88.7314
610 24.5198 88.7292
16 24.566 88.7269
808 24.613 88.7246
871 24.6533 88.7227
20 24.7011 88.7203
757 24.7412 88.7184
885 24.7843 88.7163
44 24.827 88.7142
916 24.8677 88.7122
431 24.9168 88.7098
146 24.9725 88.7071
695 25.0072 88.7054
608 25.047 88.7035
15 25.0872 88.7015
244 25.1371 88.6991
418 25.1964 88.6962
631 25.2535 88.6934
773 25.3041 88.691
360 25.3487 88.6888
638 25.4057 88.686
441 25.4517 88.6838
442 25.4989 88.6815
256 25.5623 88.6784
28 25.6132 88.6759
651 25.6598 88.6737
184 25.7061 88.6714
490 26.1363 88.6505
167 26.5695 88.6294
428 26.9758 88.6096
470 27.375 88.5902
795 27.724 88.5732
593 28.0416 88.5577
296 28.591 88.5309
761 29.1018 88.5061
786 29.6624 88.4788
288 30.2024 88.4525
141 30.9331 88.4169
124 31.6247 88.3833
960 32.2851 88.3511
806 33.0529 88.3137
139 33.8174 88.2765
270 34.0448 88.2655
252 34.2655 88.2547
752 34.3545 88.2504
974 34.4511 88.2456
416 34.5419 88.2412
189 34.6252 88.2372
96 34.7086 88.2331
206 34.8085 88.2282
292 34.8951 88.224
561 34.9831 88.2197
230 35.0628 88.2158
707 35.1466 88.2117
449 35.2373 88.2073
763 35.3229 88.2031
613 35.3964 88.1996
672 35.4727 88.1958
649 35.5618 88.1915
53 35.6465 88.1874
72 35.728 88.1834
294 35.8143 88.1792
738 35.8868 88.1756
840 35.9632 88.1719
389 36.0395 88.1682
919 36.1056 88.165
223 36.178 88.1614
215 36.26 88.1575
22 36.3313 88.154
569 36.4064 88.1503
265 36.4801 88.1467
309 36.5546 88.1431
539 36.6266 88.1396
226 36.6917 88.1364
150 37.3474 88.1408
448 38.181 88.1465
807 39.0432 88.1523
918 39.7725 88.1572
874 40.7551 88.1639
877 40.9968 88.1655
766 41.254 88.1673
375 41.5135 88.169
559 41.7502 88.1706
172 41.9598 88.1721
5 42.2069 88.1737
530 42.3998 88.1751
394 42.5734 88.1762
181 42.762 88.1775
92 42.9526 88.1788
239 43.2014 88.1805
614 43.4068 88.1819
437 43.7034 88.1839
564 44.0128 88.186
548 44.2898 88.1879
129 44.614 88.1901
241 44.9481 88.1924
659 45.3327 88.195
536 45.6989 88.1975
343 46.0317 88.1997
713 46.375 88.2021
156 46.7258 88.2045
947 47.0709 88.2068
541 47.3842 88.2089
165 47.6811 88.211
563 47.9884 88.2131
895 48.3219 88.2153
636 48.6408 88.2175
642 48.9512 88.2196
305 49.2575 88.2217
866 49.5776 88.2239
193 49.9393 88.2263
782 50.3556 88.2292
754 50.6971 88.2315
880 51.028 88.2337
931 51.3707 88.236
477 51.4894 88.2369
319 51.5363 88.2372
367 51.5962 88.2376
584 51.6569 88.238
887 51.7128 88.2384
511 51.7656 88.2387
118 51.8267 88.2391
980 51.8839 88.2395
575 51.9402 88.2399
82 51.9892 88.2402
335 52.0549 88.2407
229 52.1158 88.2411
126 52.1691 88.2415
185 52.2301 88.2419
992 52.2837 88.2422
320 52.2987 88.2423
755 52.3156 88.2425
940 52.3356 88.2426
618 52.3555 88.2427
516 52.374 88.2429
814 52.393 88.243
434 52.415 88.2431
415 52.4358 88.2433
984 52.4577 88.2434
532 52.4748 88.2435
406 52.4943 88.2437
177 52.5177 88.2438
12 52.5365 88.244
911 52.5555 88.2441
40 52.5736 88.2442
23 52.5927 88.2443
259 52.6123 88.2445
567 52.6332 88.2446
624 52.6503 88.2447
344 52.6695 88.2449
737 52.6886 88.245
408 52.7057 88.2451
378 52.7268 88.2453
851 52.7413 88.2454
317 52.7576 88.2455
369 52.7719 88.2456
816 52.7866 88.2457
280 52.7998 88.2457
861 52.8134 88.2458
62 52.8278 88.2459
826 52.8423 88.246
774 52.8583 88.2461
856 52.8751 88.2463
896 52.89 88.2464
202 52.9047 88.2465
562 52.9174 88.2465
882 52.938 88.2467
140 52.9597 88.2468
801 52.9819 88.247
746 52.9991 88.2471
179 53.0196 88.2472
313 53.0396 88.2474
952 53.0598 88.2475
690 53.0806 88.2477
245 53.0998 88.2478
105 53.1185 88.2479
248 53.1394 88.2481
961 53.1584 88.2482
395 58.9596 88.2873
620 62.635 88.3121
18 64.3456 88.3238
318 66.1895 88.3363
818 67.5662 88.3456
823 67.8663 88.3477
52 68.1737 88.3498
83 68.4965 88.352
544 68.794 88.3541
622 69.1033 88.3562
775 69.4398 88.3585
494 69.7643 88.3607
159 70.0501 88.3626
297 70.2978 88.3643
158 70.5929 88.3664
937 70.8908 88.3684
893 71.2082 88.3706
725 71.4433 88.3722
145 71.5987 88.3732
845 71.7707 88.3744
273 71.9475 88.3756
42 72.1522 88.377
149 72.3827 88.3786
417 72.6123 88.3802
353 72.8168 88.3816
464 73.0167 88.3829
251 73.2725 88.3847
666 73.5272 88.3864
817 73.764 88.388
481 74.1449 88.3906
285 74.5907 88.3937
648 75.0666 88.3969
864 75.4541 88.3996
71 75.8373 88.4022
580 76.3703 88.4059
465 77.2087 88.4116
322 78.5303 88.4205
889 79.4825 88.427
135 79.6033 88.4279
813 79.7324 88.4287
742 79.8847 88.4298
820 80.0453 88.4309
854 80.1951 88.4319
740 80.3689 88.4331
983 80.5478 88.4343
928 80.7371 88.4356
685 82.9049 85.1713
473 83.7654 83.8759
311 84.7708 82.3622
450 85.2754 81.6026
204 85.4801 81.2945
528 85.6774 80.9976
332 85.8678 80.7109
660 86.0324 80.4633
25 86.1738 80.2505
372 86.3285 80.0175
579 85.473 72.2853
385 85.0226 68.217
884 84.5185 63.664
684 84.3837 62.4487
242 84.2538 61.2783
201 84.1367 60.224
932 84.0014 59.0043
334 83.8972 58.0656
195 83.7906 57.1054
977 83.7906 57.1053
506 83.7906 57.1052
838 83.7906 57.1052
383 83.7906 57.1051
107 83.7906 57.1051
850 83.7906 57.105
941 83.7906 57.1049
497 83.7906 57.1048
583 83.2979 52.8189
670 82.7572 48.1172
520 82.6396 47.0918
951 82.6303 47.0102
198 82.6207 46.9252
425 82.6101 46.8324
745 82.5992 46.7372
170 82.59 46.6565
967 82.5681 46.4643
835 82.5448 46.26
136 82.5233 46.0717
609 82.5011 45.8772
387 82.4797 45.6902
920 82.4571 45.4915
29 82.4338 45.2876
553 82.411 45.0884
232 82.2444 43.636
590 82.5808 41.4601
466 82.7457 40.3938
274 82.9458 39.1002
33 83.1553 37.7453
592 83.3285 36.6254
98 84.5266 28.867
627 85.7378 21.0234
243 86.0604 18.9364
979 86.1774 18.18
483 86.2684 17.5916
345 86.2684 17.5916
260 86.2684 17.5916
