0,103,504,721,819,598,959,176,24,777,581,295,419,458,164,555,355,873,209,781,27,821,6,19,55,865,681,358,831,66,930,751,634,323,844,377,63,785,197,232,45,644,716,906,314,43,828,357,870,276,519,926,396,69,978,85,843,70,606,842,217,675,262,594,875,117,623,143,492,84,975,102,656,420,9,109,647,907,832,315,460,538,867,837,904,605,290,942,962,478,650,67,440,190,515,112,791,987,485,595,68,900,852,671,800,582,625,762,727,432,51,293,509,238,654,110,152,668,847,173,767,744,35,340,393,964,94,810,161,540,921,163,855,798,484,617,632,365,188,513,732,857,523,453,986,576,56,968,410,769,134,216,144,471,621,910,976,264,370,30,468,101,793,281,597,577,54,286,533,498,676,350,715,225,804,596,809,404,459,171,894,282,291,235,724,208,91,779,80,558,683,175,186,912,743,765,104,923,210,929,922,342,945,127,472,778,89,480,194,522,913,853,989,917,848,692,397,302,37,461,438,155,414,535,706,525,512,529,269,748,619,475,191,49,543,603,356,783,180,147,891,237,687,151,869,664,11,811,508,862,413,566,38,688,452,790,388,679,7,257,876,723,655,337,612,250,289,261,221,160,307,421,934,787,26,467,824,549,834,354,486,626,935,915,379,278,586,284,439,602,883,64,111,246,643,822,709,518,407,287,573,363,653,351,704,310,669,455,412,661,474,254,629,488,881,646,211,902,741,8,588,682,366,362,348,674,722,402,331,61,187,812,702,963,899,673,641,514,4,121,10,700,65,958,283,87,125,32,985,205,74,86,898,794,268,829,943,572,836,328,299,133,710,258,863,123,279,496,182,157,849,47,212,936,652,116,990,489,758,423,770,122,341,527,46,330,925,499,633,128,78,312,228,908,336,616,222,352,303,663,166,542,422,142,391,708,174,214,565,677,403,909,154,858,949,463,698,731,938,384,476,749,100,797,534,57,841,771,691,805,956,148,218,505,972,373,839,329,971,756,493,324,545,510,927,957,59,308,390,640,526,349,733,788,233,604,537,501,382,981,266,451,789,730,99,735,599,454,267,600,954,479,132,327,587,946,137,720,571,888,333,574,965,359,79,901,897,507,705,729,21,635,950,645,846,34,658,591,878,760,903,347,374,924,601,234,168,531,500,400,502,772,686,966,371,77,799,381,482,113,338,552,948,970,630,298,339,825,764,162,701,207,114,255,220,784,717,939,860,796,411,487,657,665,747,991,81,524,739,589,398,196,503,427,277,728,445,734,131,517,130,3,457,556,272,639,879,219,667,726,192,703,607,680,346,275,31,326,694,97,224,119,14,361,429,376,585,695,699,547,554,436,955,718,433,551,405,138,401,108,736,200,759,890,944,827,325,48,933,240,560,304,546,557,106,247,360,830,711,90,380,95,815,321,39,316,973,447,719,693,364,386,75,301,953,426,178,988,50,780,892,615,435,446,399,213,637,199,1,792,628,678,914,969,300,982,236,169,568,750,570,868,803,263,153,905,444,495,203,227,462,183,608,15,456,76,249,761,672,470,714,795,611,768,428,167,490,141,786,491,638,773,430,871,808,610,60,2,96,306,93,886,753,13,776,697,115,651,28,431,368,578,288,442,58,424,696,36,409,712,521,593,88,469,16,124,20,631,418,244,550,184,833,271,392,296,441,256,17,41,916,44,885,757,443,73,253,120,150,689,662,872,960,859,294,614,569,239,918,394,448,877,270,223,252,226,22,72,649,231,146,974,189,752,206,292,561,230,707,449,763,613,806,437,548,129,539,305,840,807,309,139,265,919,416,636,248,241,559,874,92,738,389,181,563,755,5,172,766,564,53,215,319,378,118,313,992,185,984,851,516,754,415,562,367,408,344,624,259,23,40,911,12,802,532,713,156,947,940,193,320,737,179,202,406,82,746,245,980,567,335,375,618,530,931,866,165,343,659,541,880,690,952,434,140,177,882,887,642,511,814,782,369,816,280,861,62,826,774,856,896,536,317,575,584,961,105,229,801,126,895,395,648,285,817,42,937,71,464,465,845,149,297,52,273,18,83,823,159,854,477,145,775,353,818,481,417,494,580,544,620,318,158,666,251,864,983,135,893,725,820,813,742,622,889,928,372,685,322,473,450,528,740,660,332,204,25,579,311,385,941,425,583,967,884,850,170,497,242,383,201,334,107,684,506,977,198,136,951,745,670,520,838,592,932,466,274,609,920,195,387,835,553,29,590,33,98,627,243,483,979,345,260,
value : 396.653 running time : 2271.445918
0 80 20
103 67.6084 15.1959
504 67.235 15.9545
721 66.901 16.6329
819 66.3308 17.7912
598 65.9132 18.6396
959 65.5202 19.4379
176 65.1882 20.1123
24 64.7157 21.0722
777 64.2427 22.0329
581 63.6224 23.293
295 62.8495 24.8632
419 61.8796 26.8335
458 61.4043 28.812
164 61.2719 29.3633
555 61.1322 29.9448
355 60.9921 30.5279
873 60.8765 31.0092
209 60.7376 31.5873
781 60.7095 31.9325
27 60.6817 32.2738
821 60.6545 32.6076
6 60.6276 32.9372
19 60.5985 33.2947
55 60.573 33.6072
865 60.5454 33.946
681 60.5099 34.3824
358 60.4752 34.8075
831 60.4429 35.2044
66 60.402 35.7069
930 60.3698 36.101
751 60.3398 36.4691
634 60.3069 36.8737
323 60.2747 37.2681
844 60.2456 37.6253
377 60.2197 37.9433
63 60.1932 38.2683
785 60.1718 38.5319
197 60.0876 39.5643
232 60.0452 40.0851
45 60.0081 40.5405
644 59.9675 41.0381
716 59.9317 41.4774
906 59.8962 41.9131
314 59.862 42.3331
43 59.8262 42.7725
828 59.7906 43.209
357 59.7406 43.8234
870 59.6919 44.4213
276 59.6408 45.0477
519 59.7044 45.4427
926 59.7622 45.8014
396 59.8158 46.1342
69 59.8643 46.4354
978 59.9272 46.826
85 59.993 47.2347
843 60.0522 47.602
70 60.1112 47.9687
606 60.1674 48.3177
842 60.2262 48.6825
217 60.2835 49.0385
675 60.3448 49.4189
262 60.415 49.8547
594 60.4843 50.2851
875 60.5668 50.7971
117 60.6624 51.3911
623 60.7594 51.9931
143 60.8596 52.6148
492 60.9693 53.2957
84 61.9666 59.4821
975 62.847 64.9438
102 62.8478 64.9484
656 62.8486 64.9533
420 62.8493 64.9581
9 62.8501 64.9628
109 62.8508 64.9674
647 62.8516 64.972
907 62.8523 64.9768
832 62.8531 64.9818
315 62.8531 64.9818
460 62.8531 64.9818
538 62.8531 64.9818
867 62.8531 64.9818
837 62.8531 64.9818
904 62.8531 64.9818
605 62.8531 64.9818
290 62.8531 64.9818
942 62.8531 64.9818
962 62.8531 64.9818
478 62.8531 64.9818
650 62.8531 64.9818
67 62.8531 64.9818
440 62.8531 64.9818
190 62.8531 64.9818
515 62.8531 64.9818
112 62.8531 64.9818
791 62.8531 64.9818
987 62.8531 64.9818
485 62.8531 64.9818
595 62.8531 64.9818
68 62.8531 64.9818
900 62.8531 64.9818
852 62.8531 64.9818
671 62.1071 65.9419
800 61.8368 66.2897
582 61.8368 66.2897
625 61.8368 66.2897
762 61.8368 66.2897
727 61.8368 66.2897
432 61.8368 66.2897
51 61.8368 66.2897
293 61.8368 66.2897
509 61.8368 66.2897
238 61.8368 66.2897
654 61.8368 66.2897
110 61.8368 66.2897
152 61.8368 66.2897
668 61.8368 66.2897
847 61.8368 66.2897
173 61.8368 66.2897
767 61.8368 66.2897
744 61.8368 66.2897
35 60.2915 66.1054
340 58.7937 65.9268
393 57.2006 65.7369
964 55.4541 65.5286
94 53.6145 65.3093
810 51.7191 65.0833
161 49.6986 64.8423
540 47.5076 64.5811
921 47.5076 64.5811
163 47.4943 64.5786
855 47.482 64.5762
798 47.4694 64.5738
484 47.4564 64.5713
617 47.4439 64.5689
632 47.4308 64.5664
365 47.4171 64.5638
188 47.4048 64.5615
513 47.3623 64.5533
732 47.3192 64.5451
857 47.2799 64.5376
523 47.236 64.5292
453 47.1958 64.5215
986 47.1527 64.5132
576 47.1076 64.5046
56 47.065 64.4965
968 47.0272 64.4892
410 46.985 64.4811
769 46.9457 64.4736
134 46.8685 64.4589
216 46.7965 64.4451
144 46.7179 64.43
471 46.645 64.4161
621 46.573 64.4023
910 46.4983 64.388
976 46.429 64.3748
264 46.4113 64.3714
370 46.3929 64.3679
30 46.3752 64.3645
468 46.3596 64.3615
101 46.3427 64.3583
793 46.3257 64.355
281 46.3074 64.3515
597 46.2897 64.3481
577 46.2723 64.3448
54 46.2531 64.3411
286 46.2363 64.3379
533 46.2166 64.3341
498 46.1989 64.3307
676 46.1801 64.3272
350 46.1611 64.3235
715 46.1426 64.32
225 46.1247 64.3165
804 46.1069 64.3131
596 46.0884 64.3096
809 46.0709 64.3063
404 46.0536 64.303
459 46.037 64.2998
171 46.0202 64.2966
894 46.0041 64.2935
282 45.9881 64.2904
291 45.9698 64.2869
235 45.9533 64.2838
724 45.936 64.2804
208 45.936 64.2804
91 45.7888 63.9721
779 45.5484 63.4687
80 45.2976 62.9434
558 44.984 62.2866
683 44.6621 61.6125
175 44.3299 60.9169
186 43.9803 60.1847
912 43.6632 59.5205
743 43.3631 58.892
765 43.0033 58.1385
104 42.6313 57.3594
923 42.2372 56.5341
210 41.8398 55.7019
929 41.4553 54.8969
922 41.0797 54.1102
342 40.7014 53.3179
945 40.3411 52.5633
127 39.9783 51.8036
472 39.6093 51.0309
778 39.2331 50.243
89 38.8702 49.4831
480 38.4928 48.6927
194 38.1971 48.0734
522 37.9022 47.4558
913 37.6016 46.8263
853 37.312 46.2197
989 37.1734 45.9293
917 37.0357 45.641
848 36.9013 45.3595
692 36.7591 45.0617
397 36.6232 44.777
302 36.509 44.5379
37 36.3931 44.2949
461 36.3139 44.1291
438 36.2216 43.9358
155 36.1382 43.761
414 36.0507 43.5778
535 35.9668 43.4021
706 35.8861 43.2331
525 35.8062 43.0656
512 35.7269 42.8995
529 35.6375 42.7122
269 35.558 42.5458
748 35.471 42.3635
619 35.3853 42.184
475 35.298 42.001
191 35.298 42.001
49 35.298 42.001
543 35.298 42.001
603 35.298 42.001
356 35.2979 42.001
783 35.2979 42.001
180 35.2979 42.001
147 35.2979 42.001
891 35.2979 42.001
237 35.2943 41.9893
687 35.289 41.9722
151 35.284 41.9561
869 35.2792 41.9406
664 35.2752 41.9275
11 35.2711 41.9145
811 35.2671 41.9013
508 35.2632 41.8889
862 35.2592 41.876
413 35.2552 41.8629
566 35.251 41.8495
38 35.2469 41.8361
688 35.2429 41.8232
452 35.1873 41.6439
790 35.1247 41.4418
388 35.0617 41.2383
679 35.0016 41.0442
7 34.9448 40.8607
257 34.8879 40.6772
876 34.8325 40.4984
723 34.7682 40.2907
655 34.7024 40.0782
337 35.117 31.2019
612 35.117 31.2019
250 35.5687 29.5547
289 35.5647 29.5164
261 35.5609 29.4786
221 35.5572 29.4424
160 35.5535 29.4067
307 35.5497 29.3699
421 35.5462 29.3358
934 35.5423 29.2975
787 35.5385 29.2604
26 35.5347 29.2231
467 35.5311 29.1887
824 35.5275 29.1532
549 35.524 29.1191
834 35.5203 29.0828
354 35.5164 29.0455
486 35.5128 29.0101
626 35.509 28.9734
935 35.5057 28.9405
915 35.4298 28.2016
379 35.3686 27.6061
278 35.308 27.0157
586 35.2436 26.3887
284 35.1735 25.7056
439 35.1147 25.1331
602 35.1147 25.1331
883 35.0051 23.7302
64 34.9034 22.4287
111 34.8076 21.2028
246 34.7118 19.9766
643 34.6195 18.7962
822 34.5353 17.7182
709 34.4387 16.4825
518 34.2973 14.6727
407 34.0936 14.6774
287 33.892 14.682
573 33.6856 14.6867
363 33.4767 14.6915
653 33.2728 14.6962
351 31.8702 14.7285
704 30.4444 14.7613
310 28.7942 14.7992
669 22.9991 14.9329
455 13.7943 15.1455
412 13.7368 15.1469
661 13.6856 15.148
474 13.6333 15.1492
254 13.5802 15.1504
629 13.5229 15.1518
488 13.4691 15.153
881 13.4086 15.1544
646 13.3503 15.1557
211 13.2996 15.1569
902 13.2487 15.158
741 13.1903 15.1594
8 13.1364 15.1606
588 13.0743 15.162
682 13.0143 15.1634
366 12.9582 15.1647
362 12.8978 15.1661
348 12.8421 15.1674
674 12.7839 15.1687
722 12.7258 15.17
402 12.6762 15.1712
331 12.6208 15.1724
61 12.5675 15.1737
187 12.5182 15.1748
812 12.5182 15.1748
702 12.2881 18.3088
963 12.1333 20.4162
899 12.0075 22.1284
673 11.8942 23.6716
641 11.7846 25.1631
514 11.6719 26.698
4 11.5917 27.7895
121 11.5122 28.871
10 11.4541 29.6615
700 11.4082 30.2863
65 11.3697 30.8101
958 11.3345 31.2895
283 11.3044 31.6979
87 11.2767 32.0754
125 11.2495 32.4449
32 11.2235 32.7977
985 11.2012 33.102
205 11.1788 33.4054
74 11.1565 33.5157
86 11.1333 33.6309
898 11.11 33.7462
794 11.0851 33.8692
268 11.0588 33.9995
829 11.032 34.1322
943 11.0038 34.2714
572 10.9745 34.4164
836 10.9442 34.5664
328 10.9126 34.7229
299 10.9126 34.7229
133 10.9126 34.7229
710 10.9126 34.7229
258 10.9126 34.7229
863 10.6599 38.6797
123 10.4661 41.7133
279 10.2954 44.387
496 10.2478 45.1327
182 10.2012 45.8612
157 10.16 46.5074
849 10.1214 47.1108
47 10.1146 47.2181
212 10.1081 47.3203
936 10.1008 47.4341
652 10.0939 47.5428
116 10.0867 47.6548
990 10.0802 47.7566
489 10.0728 47.8721
758 10.0659 47.9806
423 10.0591 48.0879
770 10.0515 48.2063
122 10.0433 48.335
341 10.0433 48.335
527 10.0433 48.335
46 10.0433 48.335
330 10.0433 48.335
925 10.0433 48.335
499 10.0433 48.335
633 11.773 50.3691
128 11.7962 50.3964
78 11.8222 50.4269
312 11.8479 50.4571
228 11.8765 50.4908
908 11.9068 50.5265
336 11.9334 50.5577
616 11.9576 50.5862
222 11.9841 50.6173
352 12.0115 50.6496
303 12.0382 50.681
663 12.0647 50.7121
166 12.0915 50.7437
542 12.1198 50.7769
422 12.1492 50.8114
142 12.1752 50.8421
391 12.2007 50.8721
708 12.2246 50.9002
174 12.2508 50.9309
214 12.2765 50.9612
565 12.3042 50.9937
677 12.33 51.024
403 12.3545 51.0529
909 12.3782 51.0808
154 12.4034 51.1104
858 12.4302 51.1419
949 12.4549 51.171
463 12.4796 51.2
698 12.5059 51.2309
731 12.5297 51.259
938 12.5568 51.2908
384 12.5799 51.318
476 12.7536 51.5222
749 12.9298 51.7294
100 13.1209 51.9541
797 13.3167 52.1844
534 13.5069 52.408
57 13.7017 52.6371
841 13.9105 52.8826
771 14.135 53.1466
691 14.3686 53.4214
805 14.5853 53.6762
956 14.816 53.9474
148 15.0274 54.196
218 15.3815 54.6124
505 15.8416 55.1535
972 16.3668 55.7711
373 16.918 56.4194
839 22.2856 62.7328
329 22.29 62.9606
971 22.2942 63.1776
756 22.2982 63.3816
493 22.3024 63.599
324 22.3068 63.8252
545 22.3117 64.0781
510 22.3174 64.3739
927 22.3237 64.7042
957 22.3297 65.0109
59 22.3357 65.3261
308 22.3425 65.6783
390 22.3292 65.7845
640 22.3158 65.8911
526 22.302 66.0016
349 22.2886 66.108
733 22.2753 66.2145
788 22.2618 66.3217
233 22.248 66.4321
604 22.2339 66.5444
537 22.2205 66.6511
501 22.2077 66.753
382 22.1948 66.856
981 22.1816 66.961
266 22.1682 67.0677
451 22.1551 67.1723
789 22.1417 67.2784
730 22.1287 67.3825
99 22.1158 67.4851
735 22.1032 67.5854
599 22.0903 67.6886
454 22.0771 67.7937
267 22.0686 67.8609
600 21.9841 68.5357
954 21.8995 69.2111
479 21.8995 69.2111
132 21.8995 69.2111
327 21.8995 69.2111
587 21.8995 69.2111
946 21.8995 69.2111
137 21.8995 69.2111
720 21.8995 69.2111
571 21.8995 69.2111
888 21.8995 69.2111
333 21.8995 69.2111
574 21.8995 69.2111
965 21.8995 69.2111
359 21.8995 69.2111
79 21.8995 69.2111
901 21.8995 69.2111
897 21.8995 69.2111
507 21.8995 69.2111
705 21.8995 69.2111
729 21.8995 69.2111
21 21.8995 69.2111
635 21.8821 69.2115
950 21.8655 69.2118
645 21.8502 69.2121
846 21.8163 69.2128
34 21.7838 69.2135
658 21.7528 69.2142
591 21.7224 69.2148
878 21.6888 69.2155
760 16.2309 69.3308
903 16.2309 69.3308
347 10.684 69.8502
374 10.684 69.8502
924 10.684 69.8502
601 10.684 69.8502
234 10.684 69.8502
168 10.684 69.8502
531 10.684 69.8502
500 10.6826 69.8857
400 10.6814 69.9184
502 10.6802 69.9493
772 10.679 69.9792
686 10.6777 70.0118
966 10.6765 70.0433
371 10.6753 70.075
77 10.6741 70.1074
799 10.6728 70.1407
381 10.6715 70.1744
482 10.6702 70.2068
113 10.6689 70.2412
338 10.6676 70.2735
552 10.6664 70.3061
948 10.6651 70.3391
970 10.6639 70.3714
630 10.6626 70.4057
298 10.6611 70.442
339 10.6598 70.4763
825 10.6586 70.5077
764 10.6575 70.5356
162 10.6559 70.5791
701 10.6542 70.6215
207 10.6527 70.6611
114 10.6512 70.6991
255 10.6496 70.7405
220 10.648 70.7834
784 10.6465 70.8218
717 10.6449 70.8643
939 10.6432 70.9074
860 10.6413 70.956
796 10.6396 71.0001
411 10.638 71.0411
487 10.6362 71.0877
657 10.6347 71.1288
665 10.6331 71.1686
747 10.6316 71.2088
991 10.6298 71.2557
81 10.6282 71.2958
524 10.6266 71.3374
739 10.625 71.3803
589 10.6233 71.4236
398 10.621 71.4824
196 10.6189 71.5376
503 10.6157 71.6189
427 10.6128 71.6945
277 10.6099 71.7702
728 10.6069 71.8484
445 10.6042 71.9186
734 10.6015 71.9882
131 10.5987 72.0607
517 10.5957 72.1394
130 10.5927 72.2169
3 10.5895 72.2993
457 10.5861 72.3889
556 10.5829 72.4703
272 10.58 72.5467
639 10.5768 72.6276
879 10.5739 72.7047
219 10.5708 72.7845
667 10.5676 72.8679
726 10.5644 72.9499
192 10.5615 73.0258
703 10.5583 73.1085
607 10.5541 73.2181
680 10.5499 73.3253
346 10.5457 73.4361
275 10.5416 73.5413
31 10.5331 73.7621
326 10.5254 73.9612
694 10.5181 74.1505
97 10.5103 74.3518
224 10.5022 74.5617
119 10.4942 74.7703
14 10.4858 74.988
361 10.4765 75.23
429 10.4672 75.4708
376 10.4578 75.7144
585 10.0895 85.2508
695 10.0864 85.3309
699 10.0833 85.4112
547 10.0803 85.4882
554 10.0775 85.5616
436 10.0744 85.6415
955 10.0713 85.7227
718 10.068 85.807
433 10.065 85.8862
551 10.0617 85.9721
405 10.0578 86.0728
138 10.0545 86.1582
401 10.0515 86.2372
108 10.0483 86.3178
736 10.0452 86.3994
200 10.042 86.4826
759 10.0393 86.5522
890 10.0365 86.6259
944 10.0332 86.7096
827 10.0297 86.8006
325 10.0272 86.8651
48 10.0246 86.9337
933 10.0218 87.0074
240 10.0193 87.0702
560 10.0168 87.1367
304 10.0139 87.2117
546 10.0113 87.2792
557 10.0084 87.3527
106 10.0056 87.4249
247 10.0032 87.4891
360 10.0007 87.5524
830 9.99814 87.6196
711 9.99428 87.7199
90 9.99095 87.8061
380 9.98661 87.9185
95 9.98344 88.0007
815 9.98017 88.0855
321 9.9769 88.1705
39 9.97294 88.2731
316 9.96948 88.3629
973 9.96585 88.4569
447 9.96246 88.5449
719 9.95913 88.6312
693 9.95566 88.7214
364 9.95224 88.8101
386 9.94885 88.8978
75 9.94558 88.9827
301 9.94156 89.0868
953 9.93766 89.1881
426 9.93392 89.2851
178 9.92987 89.39
988 9.92515 89.5122
50 9.94537 89.5104
780 9.962 89.5089
892 9.97758 89.5075
615 9.99324 89.5061
435 10.0088 89.5047
446 10.0262 89.5031
399 10.043 89.5015
213 10.0581 89.5002
637 10.1599 89.4909
199 10.2612 89.4818
1 10.3629 89.4725
792 10.4629 89.4635
628 10.5674 89.454
678 10.6709 89.4446
914 10.7788 89.4348
969 10.8876 89.4249
300 11.0002 89.4147
982 11.1439 89.4017
236 11.2855 89.3889
169 11.4264 89.3761
568 11.5733 89.3627
750 11.721 89.3493
570 11.8706 89.3358
868 12.0667 89.318
803 12.3222 89.2948
263 12.5915 89.2704
153 12.899 89.2424
905 13.23 89.2124
444 13.6058 89.1783
495 14.0289 89.1398
203 14.4674 89.1
227 15.5769 88.9991
462 16.5057 88.9147
183 17.4364 88.8302
608 18.3463 88.7475
15 19.1951 88.6704
456 20.0455 88.5931
76 20.8634 88.5188
249 21.6228 88.4498
761 22.3502 88.3837
672 23.0279 88.3222
470 23.6192 88.2685
714 23.8174 88.2504
795 24.0767 88.2269
611 24.3023 88.2063
768 24.3155 88.2051
428 24.3285 88.204
167 24.3418 88.2028
490 24.3555 88.2015
141 24.3702 88.2002
786 24.3844 88.1989
491 24.398 88.1976
638 24.4118 88.1964
773 24.4256 88.1951
430 24.4395 88.1939
871 24.4531 88.1926
808 24.4676 88.1913
610 24.4809 88.1901
60 24.4941 88.1889
2 24.5083 88.1876
96 24.5221 88.1864
306 24.5352 88.1852
93 24.5477 88.184
886 24.5612 88.1828
753 24.5757 88.1815
13 24.5898 88.1802
776 24.6039 88.1789
697 24.6264 88.1769
115 24.6488 88.1748
651 24.672 88.1727
28 24.6951 88.1706
431 24.7183 88.1685
368 24.7413 88.1664
578 24.7644 88.1643
288 24.7875 88.1622
442 24.8107 88.1601
58 24.8358 88.1579
424 24.8615 88.1555
696 24.8875 88.1532
36 24.9128 88.1509
409 24.9377 88.1486
712 24.9627 88.1463
521 24.9882 88.144
593 25.0139 88.1417
88 25.0402 88.1393
469 25.0671 88.1368
16 25.0957 88.1342
124 25.1251 88.1316
20 25.1252 88.1316
631 25.1252 88.1315
418 25.1253 88.1315
244 25.1253 88.1315
550 25.1254 88.1315
184 25.1254 88.1315
833 25.1255 88.1315
271 25.1256 88.1315
392 25.1256 88.1315
296 25.1257 88.1315
441 25.1258 88.1315
256 25.1258 88.1315
17 25.1259 88.1315
41 25.1259 88.1315
916 25.126 88.1315
44 25.1261 88.1315
885 25.1261 88.1315
757 25.1262 88.1315
443 25.1262 88.1315
73 26.6505 88.0063
253 28.0241 87.8935
120 29.4416 87.777
150 30.8969 87.6574
689 32.4626 87.5288
662 32.6928 87.5468
872 32.8922 87.5624
960 33.0926 87.578
859 33.6705 87.6231
294 34.5522 87.692
614 34.7308 87.7059
569 34.8989 87.7191
239 35.0609 87.7317
918 35.1249 87.7367
394 35.1936 87.7421
448 35.2611 87.7473
877 35.3271 87.7525
270 35.3916 87.7575
223 35.4568 87.7626
252 35.5255 87.768
226 35.5963 87.7735
22 35.6659 87.779
72 35.7364 87.7845
649 35.8075 87.79
231 35.8763 87.7954
146 35.9469 87.8009
974 36.0176 87.8064
189 36.0795 87.8112
752 36.1413 87.8161
206 36.2045 87.821
292 36.2643 87.8257
561 36.3246 87.8304
230 36.3827 87.8349
707 36.4418 87.8395
449 36.5029 87.8443
763 36.5621 87.8489
613 36.6174 87.8533
806 36.6735 87.8576
437 36.7332 87.8623
548 36.7913 87.8668
129 36.8508 87.8715
539 36.9098 87.8761
305 36.9678 87.8806
840 37.0212 87.8848
807 37.0756 87.889
309 37.1286 87.8932
139 37.1814 87.8973
265 37.9464 87.9251
919 38.678 87.9517
416 39.4182 87.9785
636 40.1494 88.0051
248 40.6754 88.0242
241 41.1461 88.0414
559 41.6321 88.059
874 42.0524 88.0743
92 42.3788 88.0862
738 42.752 88.0998
389 43.1805 88.1154
181 43.6125 88.1311
563 44.1074 88.1491
755 44.5619 88.1656
5 45.0351 88.1828
172 45.4865 88.1992
766 45.9815 88.2172
564 46.6874 88.2429
53 47.4461 88.2704
215 48.7055 88.3161
319 50.7137 88.3889
378 52.8335 88.4657
118 52.8335 88.4657
313 52.8335 88.4657
992 52.8335 88.4657
185 52.8335 88.4657
984 52.8335 88.4657
851 52.8335 88.4657
516 52.8335 88.4657
754 52.8335 88.4657
415 52.8335 88.4657
562 52.8335 88.4657
367 52.8336 88.468
408 52.8337 88.4703
344 52.8338 88.4726
624 52.8339 88.4748
259 52.834 88.4769
23 52.8341 88.4791
40 52.8342 88.4812
911 52.8344 88.4834
12 52.8344 88.4854
802 52.8346 88.4876
532 52.8347 88.4903
713 52.8348 88.4927
156 52.8349 88.4951
947 52.835 88.4973
940 52.8351 88.4995
193 52.8352 88.5019
320 52.8354 88.5043
737 52.8355 88.5066
179 52.8356 88.5089
202 52.8357 88.5113
406 52.8358 88.5136
82 52.8359 88.516
746 52.836 88.5185
245 52.8362 88.5208
980 52.8363 88.5231
567 52.8364 88.5253
335 52.8365 88.5277
375 52.8366 88.5304
618 52.8639 88.5303
530 52.8902 88.5303
931 52.9184 88.5302
866 52.9415 88.5301
165 52.9675 88.5301
343 52.9952 88.53
659 53.0238 88.5299
541 53.0529 88.5298
880 53.0842 88.5297
690 53.1142 88.5297
952 53.1427 88.5296
434 53.1712 88.5295
140 53.2007 88.5294
177 53.2308 88.5294
882 53.2577 88.5293
887 53.2859 88.5292
642 53.3128 88.5291
511 53.3409 88.5291
814 53.3694 88.529
782 53.4003 88.5289
369 53.4314 88.5288
816 53.461 88.5288
280 53.4891 88.5287
861 53.5169 88.5286
62 53.5448 88.5285
826 53.5735 88.5285
774 53.6025 88.5284
856 53.6323 88.5283
896 53.6612 88.5282
536 53.6905 88.5282
317 53.7226 88.5281
575 53.751 88.528
584 53.7776 88.5279
961 53.8039 88.5279
105 53.9896 88.5274
229 54.4552 88.5261
801 54.9005 88.525
126 55.287 88.5239
895 55.7428 88.5227
395 62.4712 88.5051
648 70.8638 88.4831
285 70.8991 88.483
817 70.9341 88.4829
42 70.9709 88.4828
937 71.0091 88.4827
71 71.0462 88.4827
464 71.0811 88.4826
465 71.1187 88.4825
845 71.1552 88.4824
149 71.1916 88.4823
297 71.2274 88.4822
52 71.2643 88.4821
273 71.3013 88.482
18 71.3394 88.4819
83 71.5346 88.4814
823 71.7192 88.4809
159 71.9161 88.4804
854 72.0927 88.4799
477 72.2667 88.4794
145 72.4681 88.4789
775 72.678 88.4784
353 72.8799 88.4778
818 73.0905 88.4773
481 73.2883 88.4767
417 73.4986 88.4762
494 73.6943 88.4757
580 73.8851 88.4752
544 74.0706 88.4747
620 74.2742 88.4742
318 74.7003 88.473
158 75.179 88.4718
666 75.6867 88.4704
251 76.2088 88.4691
864 76.9402 88.4671
983 77.6874 88.4652
135 77.7955 88.4649
893 77.9027 88.4646
725 78.0086 88.4643
820 78.1109 88.464
813 78.2093 88.4638
742 78.3153 88.4635
622 78.4229 88.4632
889 80.1779 88.4586
928 80.6966 88.4572
372 86.3333 79.9979
685 86.3216 79.8899
322 86.3094 79.7784
473 86.2845 79.5493
450 86.2543 79.2724
528 86.2268 79.0203
740 86.201 78.7837
660 86.1747 78.542
332 86.1488 78.3044
204 86.1253 78.0889
25 86.1022 77.8769
579 85.4976 72.3373
311 85.2009 69.619
385 84.637 64.4526
941 83.8191 56.9607
425 83.8183 56.9387
583 83.8173 56.9157
967 83.8164 56.8928
884 83.8155 56.8694
850 83.8146 56.8463
170 83.8137 56.8238
497 83.8128 56.8017
242 83.803 56.5599
383 83.793 56.3137
201 83.7766 55.9106
334 83.7473 55.191
107 83.7144 54.382
684 83.6808 53.5581
506 83.6455 52.6916
977 83.6079 51.7669
198 83.5678 50.7836
136 83.5264 49.7671
951 83.4843 48.7313
745 83.4418 47.6896
670 83.4195 47.1417
520 83.4195 47.1417
838 83.4195 47.1417
592 83.4195 47.1417
932 83.4195 47.1417
466 83.4195 47.1417
274 83.4195 47.1417
609 83.4195 47.1417
920 83.4195 47.1416
195 83.4195 47.1416
387 83.4195 47.1416
835 83.4195 47.1416
553 83.4195 47.1416
29 83.8745 42.4226
590 84.4072 36.8975
33 84.8764 32.0306
98 85.3535 27.0813
627 85.8876 21.5425
243 86.1524 18.7957
483 86.2684 17.5916
979 86.2684 17.5916
345 86.2684 17.5916
260 86.2684 17.5916
