0,598,581,295,721,176,24,959,103,777,504,6,555,831,164,819,419,209,355,873,675,45,594,55,323,377,644,606,906,875,43,844,978,870,27,681,821,781,828,716,358,66,19,634,751,865,785,930,458,314,85,197,842,70,623,396,63,276,793,101,188,843,519,492,357,217,117,102,762,282,538,962,907,68,837,647,432,84,832,112,671,767,190,942,904,378,340,393,110,152,668,847,173,975,420,315,727,9,51,744,900,238,509,293,867,650,478,605,654,595,290,460,987,67,440,579,286,485,229,91,801,582,453,782,715,264,625,468,35,515,171,104,921,857,791,855,968,769,175,410,676,235,683,632,976,94,459,540,802,523,779,484,513,163,894,404,80,225,365,471,743,577,576,56,986,109,724,912,208,144,134,596,350,810,621,617,964,910,798,558,161,281,809,765,216,923,186,804,597,472,262,69,732,945,127,498,533,210,54,370,237,461,512,783,922,342,438,908,692,748,147,778,891,413,7,180,529,11,257,688,917,848,475,155,194,679,397,876,543,49,811,706,388,687,790,566,452,525,269,723,89,508,989,356,633,619,664,655,414,522,37,480,535,862,151,302,913,603,869,307,549,38,421,191,853,467,486,26,278,915,289,935,586,354,250,934,787,160,221,261,824,834,379,709,284,653,363,246,573,822,310,337,64,407,883,111,351,518,287,669,439,704,626,702,488,366,812,8,722,61,641,673,402,902,674,741,348,412,362,899,629,331,682,646,588,455,643,187,474,211,881,254,602,74,794,46,943,86,963,836,32,133,985,4,700,514,572,898,65,299,121,661,258,123,384,612,212,125,829,268,710,283,423,958,328,403,771,499,205,330,949,10,100,770,489,758,148,663,841,174,87,78,708,691,616,797,527,166,909,373,990,57,154,542,760,652,698,391,228,938,422,805,122,849,863,222,312,731,858,352,279,303,534,336,476,157,341,496,749,936,463,142,218,505,972,116,47,128,565,956,677,214,182,324,925,929,30,587,730,493,451,34,901,79,839,59,275,510,327,946,772,545,733,291,333,60,735,689,137,729,359,308,789,788,99,266,526,604,443,720,326,888,927,662,390,981,349,872,124,578,132,635,501,897,329,599,705,950,971,658,640,965,507,878,454,574,591,846,957,571,954,903,21,537,382,756,233,645,267,234,601,339,680,600,168,196,556,272,192,255,371,524,667,77,114,924,531,607,784,220,630,429,398,347,411,970,487,948,552,860,338,939,589,427,717,482,457,277,879,81,701,764,517,130,14,3,445,97,207,694,799,381,728,376,991,739,298,726,639,219,703,503,747,31,966,734,119,131,665,224,686,479,825,570,436,88,433,615,892,361,374,400,890,830,178,431,803,502,657,346,500,162,113,944,75,184,796,608,547,554,183,969,247,401,446,300,982,628,435,48,557,200,426,953,699,568,447,138,719,693,316,386,495,95,203,399,240,560,304,106,827,750,153,380,551,815,905,780,321,325,169,39,637,50,585,759,711,263,301,364,718,792,1,199,236,914,678,108,736,405,868,955,444,90,546,973,213,988,368,15,672,231,631,249,871,491,757,17,933,833,271,768,424,806,470,428,16,306,256,490,223,36,150,28,773,859,167,73,76,714,253,120,418,288,13,697,115,786,695,20,41,469,58,610,753,550,462,360,696,227,2,916,442,776,141,244,761,886,93,296,795,456,651,919,593,521,638,441,44,885,430,611,712,409,561,292,72,707,449,96,808,392,294,755,146,226,270,252,918,960,437,564,129,53,375,189,181,649,206,139,5,126,248,763,305,752,22,874,448,559,394,613,877,172,766,614,974,738,92,239,840,807,265,309,539,940,659,536,389,343,713,156,947,569,548,541,165,241,230,562,416,215,105,406,880,636,563,895,177,408,896,800,856,532,245,335,642,118,774,931,826,511,882,62,344,861,280,851,320,23,816,369,887,624,12,952,415,140,866,980,434,690,202,530,814,319,516,193,40,961,911,317,82,567,185,575,179,737,367,754,584,313,259,618,746,893,823,285,83,845,145,775,297,580,666,937,149,813,620,725,464,52,251,395,465,18,648,71,494,992,984,622,817,481,818,273,544,318,417,353,42,477,135,820,928,322,742,864,983,159,889,740,854,158,372,311,660,473,332,528,450,685,204,25,497,385,838,242,684,383,977,506,884,583,387,170,656,941,198,425,932,136,553,592,107,852,201,143,334,951,745,967,926,850,920,835,232,670,609,466,195,29,274,98,33,520,590,243,345,979,627,260,483,
value : 409.159 running time : 1310.174040
0 80 20
598 75.176 18.1299
581 72.8044 17.2105
295 71.8056 16.8233
721 70.9173 16.4789
176 70.0212 16.1315
24 69.2695 15.8401
959 68.4469 15.5212
103 67.6081 15.196
777 66.3447 17.7623
504 65.0416 20.4092
6 63.6553 23.225
555 62.7014 25.1625
831 62.3733 25.829
164 62.0477 26.4904
819 61.9715 26.6453
419 61.8817 26.8276
209 60.7241 31.6701
355 60.6868 32.0555
873 60.6537 32.3986
675 60.6094 32.8563
45 60.5725 33.238
594 60.5371 33.6043
55 60.5059 33.9278
323 60.4678 34.322
377 60.4383 34.6266
644 60.4064 34.9569
606 60.3968 35.0561
906 60.3882 35.1456
875 60.3796 35.2345
43 60.3755 35.2764
844 60.3716 35.3172
978 60.3674 35.3603
870 60.3636 35.3993
27 60.3602 35.4347
681 60.3564 35.4744
821 60.3525 35.5148
781 60.3484 35.5565
828 60.3442 35.6005
716 60.3398 35.6459
358 60.336 35.685
66 60.3324 35.7228
19 60.3289 35.7581
634 60.3254 35.7953
751 60.3221 35.8291
865 60.3187 35.8646
785 60.2191 36.8932
930 60.0791 38.341
458 59.9416 39.7622
314 59.7985 41.2418
85 59.6385 42.895
197 59.6385 42.895
842 59.6405 43.3856
70 59.6423 43.8439
623 59.6439 44.2393
396 59.6454 44.6209
63 59.6466 44.9293
276 59.648 45.2962
793 59.8452 51.2757
101 59.9496 54.4394
188 59.9606 54.5023
843 59.9708 54.5606
519 59.9831 54.6305
492 59.9948 54.6972
357 60.0069 54.7664
217 60.0213 54.8482
117 60.2678 56.2541
102 60.5614 57.9288
762 60.8624 59.645
282 61.0932 60.9618
538 61.3134 62.2172
962 61.5745 63.7063
907 61.6885 64.3562
68 61.8218 65.1166
837 61.9658 65.9381
647 61.988 66.0646
432 62.0141 66.2136
84 62.0376 66.3472
832 62.067 66.515
112 62.0906 66.6498
671 62.1136 66.7806
767 62.1304 66.8766
190 62.1588 67.0386
942 62.2117 67.34
904 62.3648 68.2134
378 62.4975 68.9703
340 62.4975 68.9703
393 62.4975 68.9703
110 62.4975 68.9703
152 62.4975 68.9703
668 62.4975 68.9703
847 62.4975 68.9703
173 62.4975 68.9703
975 62.4975 68.9703
420 62.4975 68.9703
315 62.4975 68.9703
727 62.4975 68.9703
9 62.4975 68.9703
51 62.4975 68.9703
744 62.4975 68.9703
900 62.4975 68.9703
238 62.4975 68.9703
509 62.4975 68.9703
293 62.4975 68.9703
867 62.4975 68.9703
650 62.4975 68.9703
478 62.4975 68.9703
605 62.4975 68.9703
654 62.4975 68.9703
595 62.4975 68.9703
290 62.4975 68.9703
460 62.4975 68.9703
987 62.4975 68.9703
67 62.4975 68.9703
440 62.4975 68.9703
579 62.4975 68.9703
286 61.3382 67.9235
485 61.253 67.8466
229 60.4835 68.2403
91 60.0016 68.4869
801 59.5935 68.6958
582 57.3538 68.0318
453 55.2311 67.4026
782 53.4599 66.8776
715 51.2196 66.2135
264 50.8363 66.0999
625 50.5405 66.0122
468 50.1956 65.9099
35 49.8275 65.8008
515 49.4256 65.6817
171 48.8807 65.5202
104 48.4665 65.3974
921 48.4251 65.3851
857 48.3753 65.3703
791 48.3199 65.3539
855 48.2634 65.3372
968 48.2087 65.321
769 48.1513 65.304
175 48.0767 65.2818
410 48.02 65.265
676 47.9672 65.2494
235 47.916 65.2342
683 47.8606 65.2178
632 47.8141 65.204
976 47.756 65.1868
94 47.756 65.1868
459 47.756 65.1868
540 47.756 65.1868
802 47.756 65.1868
523 47.6739 65.1562
779 47.5977 65.1279
484 47.5217 65.0997
513 47.4436 65.0706
163 47.3565 65.0383
894 47.2777 65.009
404 47.1924 64.9773
80 47.1173 64.9493
225 47.0445 64.9223
365 46.971 64.8949
471 46.9076 64.8714
743 46.8461 64.8485
577 46.7761 64.8225
576 46.6873 64.7895
56 46.61 64.7607
986 46.5463 64.7371
109 46.4747 64.7105
724 46.3819 64.676
912 46.29 64.4735
208 46.2441 64.3722
144 46.1684 64.2055
134 46.0816 64.0141
596 45.9901 63.8126
350 45.9156 63.6483
810 45.7898 63.3711
621 45.6278 63.014
617 45.5033 62.7395
964 45.3566 62.4162
910 45.1897 62.0483
798 45.0085 61.6491
558 44.8326 61.2614
161 44.6532 60.8661
281 44.4517 60.422
809 44.2698 60.021
765 44.1061 59.6604
216 43.9492 59.3144
923 43.7534 58.883
186 43.5723 58.4838
804 43.3975 58.0985
597 43.1986 57.6602
472 42.9927 57.2065
262 42.8296 56.8471
69 41.8579 55.4892
732 41.5609 55.0741
945 41.1995 54.5692
127 40.8669 54.1045
498 40.5503 53.6621
533 40.1838 53.1499
210 39.7807 52.5865
54 39.4148 52.0753
370 38.9092 51.3688
237 38.3827 50.6331
461 37.8577 49.8994
512 37.2934 49.111
783 36.7205 48.3104
922 36.2569 47.6626
342 35.6512 46.8163
438 34.7944 45.619
908 34.1394 44.7037
692 34.1394 44.7037
748 34.1394 44.7037
147 34.1394 44.7037
778 34.1394 44.7037
891 34.1394 44.7037
413 34.1394 44.7037
7 34.1394 44.7037
180 34.1394 44.7037
529 34.1394 44.7037
11 34.1394 44.7037
257 34.1394 44.7037
688 34.1174 44.699
917 34.0998 44.6952
848 34.0802 44.691
475 34.0509 44.6847
155 34.0309 44.6803
194 34.0066 44.6751
679 33.9779 44.6689
397 33.9507 44.6631
876 33.9278 44.6581
543 33.9027 44.6527
49 33.8811 44.648
811 33.8579 44.6431
706 33.8353 44.6382
388 33.8112 44.633
687 33.79 44.6284
790 33.77 44.6241
566 33.7468 44.6191
452 33.7224 44.6138
525 33.6915 44.6072
269 33.6657 44.6016
723 33.6399 44.596
89 33.6184 44.5914
508 33.5968 44.5867
989 33.5765 44.5824
356 33.5531 44.5773
633 33.5229 44.5708
619 33.5622 44.2899
664 33.6016 44.0084
655 33.6368 43.757
414 33.6711 43.5124
522 33.7034 43.2819
37 33.7407 43.0154
480 33.7802 42.7336
535 33.8136 42.4946
862 33.851 42.228
151 33.886 41.9778
302 33.9171 41.756
913 33.9529 41.5003
603 33.996 41.1927
869 34.526 37.4082
307 34.9194 34.599
549 34.9603 34.307
38 35 34.0236
421 35.0588 33.6036
191 35.118 33.1805
853 35.1756 32.7698
467 35.2379 32.3249
486 35.2935 31.9278
26 35.3582 31.4652
278 35.3882 31.2516
915 35.4219 31.011
289 35.4458 30.8403
935 35.4646 30.7056
586 35.4873 30.5436
354 35.51 30.3813
250 35.532 30.2245
934 35.4647 29.4401
787 35.4078 28.7771
160 35.3499 28.1029
221 35.2888 27.391
261 35.2251 26.6491
824 35.1663 25.9647
834 35.1095 25.3027
379 35.0438 24.5378
709 34.9735 23.7185
284 34.9011 22.8754
653 34.8326 22.0768
363 34.7702 21.3502
246 34.7219 20.7872
573 34.6721 20.2074
822 34.6278 19.6914
310 34.5738 19.0623
337 34.5233 18.4736
64 34.4711 17.866
407 34.4122 17.1797
883 34.3656 16.6369
111 34.3124 16.0167
351 34.2472 15.2576
518 34.1884 14.5731
287 32.6443 14.5588
669 30.6761 14.5407
439 28.9579 14.5248
704 27.6513 14.5127
626 25.5431 14.4932
702 22.4322 14.4645
488 19.2763 14.4354
366 16.3083 14.4079
812 13.563 14.3826
8 13.5341 14.5678
722 13.5076 14.7375
61 13.4497 15.1089
641 13.3986 15.4366
673 13.3577 15.6988
402 13.3221 15.9267
902 13.2881 16.1444
674 13.2572 16.3426
741 13.2216 16.5706
348 13.1888 16.7809
412 13.1538 17.0057
362 13.1189 17.2291
899 13.0837 17.4548
629 13.0557 17.6341
331 13.0167 17.8845
682 12.9851 18.0865
646 12.9515 18.3018
588 12.9161 18.5287
455 12.8779 18.7741
643 12.8473 18.9698
187 12.8126 19.1921
474 12.8117 19.2182
211 12.8109 19.2407
881 12.81 19.2654
254 12.7413 21.1724
602 12.6235 24.4533
74 12.5552 26.3502
794 12.493 28.0734
46 12.4336 29.7218
943 12.4328 29.7442
86 12.4319 29.768
963 12.4311 29.7908
836 12.4302 29.8167
32 12.4292 29.8453
133 12.4283 29.8686
985 12.4274 29.8945
4 12.4265 29.9185
700 12.4256 29.946
514 12.4247 29.9689
572 12.4239 29.9923
898 12.423 30.0181
65 12.4067 30.4797
299 12.3905 30.9377
121 12.3741 31.4023
661 12.3571 31.8844
258 12.338 32.4249
123 12.3141 33.1019
384 12.2929 33.7008
612 12.2726 34.2777
212 12.254 34.8041
125 12.2367 35.2938
829 12.2193 35.7836
268 12.2006 36.3147
710 12.1802 36.8921
283 12.1578 37.5266
423 12.1347 38.1779
958 12.1108 38.8557
328 12.0875 39.5145
403 12.1864 40.4787
771 12.1864 40.4787
499 12.1864 40.4787
205 12.4433 40.617
330 12.3869 41.1291
949 12.3316 41.6317
10 12.2809 42.0924
100 12.2186 42.6585
770 12.176 43.0447
489 12.1281 43.4803
758 12.0877 43.8473
148 12.05 44.1892
663 12.0085 44.5661
841 11.9641 44.9697
174 11.9233 45.3403
87 11.8882 45.6585
78 11.8333 46.1576
708 11.7682 46.7488
691 11.7332 47.0667
616 11.7117 47.2623
797 11.6844 47.5096
527 11.6558 47.7694
166 11.6305 47.9994
909 11.6102 48.1838
373 11.5891 48.3758
990 11.5686 48.5616
57 11.5422 48.8015
154 11.5184 49.0181
542 11.4922 49.2557
760 11.4655 49.4984
652 11.4504 49.6355
698 11.4331 49.7927
391 11.4162 49.9464
228 11.399 50.1018
938 11.3771 50.301
422 11.3567 50.4867
805 11.3396 50.6417
122 11.3222 50.8002
849 11.348 50.8236
863 11.3751 50.8482
222 11.4053 50.8755
312 11.4332 50.9008
731 11.4653 50.9299
858 11.5013 50.9625
352 11.5303 50.9887
279 11.5602 51.0158
303 11.5864 51.0395
534 11.6151 51.0656
336 11.6448 51.0925
476 11.6705 51.1157
157 11.694 51.137
341 11.7243 51.1645
496 11.7555 51.1927
749 11.7816 51.2164
936 11.8112 51.2432
463 11.8403 51.2695
142 11.8727 51.2989
218 11.8973 51.3212
505 11.9252 51.3464
972 11.9528 51.3714
116 11.9759 51.3923
47 12.1252 51.5276
128 12.2777 51.6657
565 12.9032 52.2322
956 13.4316 52.7108
677 13.8395 53.0802
214 14.2359 53.4393
182 14.8123 53.9613
324 15.4531 54.5418
925 15.949 54.9909
929 24.0468 62.3255
30 25.4693 63.6139
587 25.4601 63.7113
730 25.4519 63.7978
493 25.4454 63.8664
451 25.4379 63.9454
34 25.4305 64.0228
901 25.4233 64.099
79 25.4161 64.175
839 25.4091 64.2491
59 25.401 64.3341
275 25.3921 64.4284
510 25.3849 64.5045
327 25.3758 64.5999
946 25.3674 64.689
772 25.3674 64.689
545 25.3674 64.689
733 25.3674 64.689
291 25.3674 64.689
333 24.9805 67.474
60 24.8454 68.4469
735 24.8448 68.4512
689 24.844 68.4571
137 24.8433 68.4616
729 24.8427 68.4665
359 24.8418 68.4723
308 24.8411 68.4779
789 24.8403 68.4833
788 24.8396 68.4882
99 24.8388 68.4939
266 24.8381 68.4994
526 24.8373 68.5047
604 24.8366 68.5103
443 24.8359 68.5153
720 24.8352 68.52
326 24.8344 68.5256
888 24.8337 68.5308
927 24.833 68.5358
662 24.8323 68.5413
390 24.8323 68.5413
981 24.8323 68.5413
349 24.8323 68.5413
872 24.8323 68.5413
124 24.8323 68.5413
578 24.8323 68.5413
132 24.8027 68.5091
635 24.7786 68.483
501 24.7525 68.4546
897 24.7243 68.424
329 24.6995 68.397
599 24.6764 68.3719
705 24.6529 68.3464
950 24.6341 68.326
971 24.612 68.3019
658 24.5902 68.2783
640 24.5641 68.2499
965 24.5417 68.2256
507 24.5185 68.2004
878 24.5001 68.1804
454 24.4799 68.1584
574 24.4557 68.1321
591 24.4309 68.1052
846 24.4037 68.0757
957 24.3805 68.0505
571 24.3609 68.0291
954 24.3404 68.0069
903 24.3076 67.9712
21 24.2793 67.9405
537 24.2498 67.9085
382 24.2131 67.8686
756 24.1797 67.8323
233 23.6758 67.9077
645 23.1982 67.9791
267 22.662 68.0592
234 12.0472 69.6464
601 11.9852 69.6557
339 11.9155 69.6661
680 11.8368 69.6779
600 11.7668 69.6883
168 11.683 69.7008
196 11.5915 69.7145
556 11.5024 69.7278
272 11.4243 69.7395
192 11.3389 69.7523
255 11.2466 69.7661
371 11.1653 69.7782
524 11.0955 69.7887
667 11.0043 69.8023
77 10.9265 69.8139
114 10.8604 69.8238
924 10.787 69.8348
531 10.684 69.8502
607 10.684 69.8502
784 10.684 69.8502
220 10.684 69.8502
630 10.684 69.8502
429 10.684 69.8502
398 10.684 69.8502
347 10.684 69.8502
411 10.6825 69.8969
970 10.6809 69.9449
487 10.6792 69.9986
948 10.6779 70.0397
552 10.6765 70.0824
860 10.6751 70.1263
338 10.6739 70.1638
939 10.6727 70.2009
589 10.6714 70.2418
427 10.6697 70.2921
717 10.6683 70.3378
482 10.6668 70.3846
457 10.6651 70.4351
277 10.6638 70.4757
879 10.6625 70.5177
81 10.6611 70.5605
701 10.6596 70.6061
764 10.6584 70.6437
517 10.6547 70.7599
130 10.6509 70.8776
14 10.6471 70.994
3 10.6434 71.1117
445 10.6393 71.2369
97 10.6354 71.3592
207 10.6315 71.4788
694 10.6279 71.5928
799 10.6243 71.7047
381 10.6203 71.8284
728 10.6161 71.9588
376 10.6127 72.0643
991 10.6084 72.1954
739 10.6049 72.3043
298 10.6007 72.4363
726 10.5967 72.5589
639 10.5933 72.6672
219 10.59 72.7688
703 10.5865 72.8765
503 10.582 73.0168
747 10.5781 73.1392
31 10.57 73.3899
966 10.5642 73.5698
734 10.5574 73.7812
119 10.5498 74.0178
131 10.5422 74.2514
665 10.5321 74.5671
224 10.5216 74.8913
686 10.5119 75.1942
479 10.5016 75.5117
825 10.4911 75.8401
570 10.4808 76.158
436 10.4711 76.4606
88 10.4619 76.7443
433 10.4533 77.0116
615 10.4443 77.2929
892 10.4355 77.5645
361 10.428 77.7979
374 10.4193 78.0694
400 10.4106 78.3406
890 10.4009 78.6419
830 10.3912 78.9402
178 10.3818 79.2343
431 10.3729 79.5115
803 10.3637 79.7965
502 10.3574 79.9926
657 10.3491 80.2509
346 10.3403 80.5233
500 10.3316 80.7924
162 10.3224 81.079
113 10.3113 81.4231
944 10.2982 81.8314
75 10.2855 82.2256
184 10.2736 82.5951
796 10.2612 82.9797
608 10.2472 83.4146
547 10.2308 83.9233
554 10.2152 84.4086
183 10.1958 85.0116
969 10.1823 85.4291
247 10.1697 85.8206
401 10.1576 86.1964
446 10.145 86.5898
300 10.1331 86.9602
982 10.1199 87.3702
628 10.1068 87.7763
435 10.0923 88.2253
48 10.0922 88.2291
557 10.092 88.2339
200 10.0919 88.2386
426 10.0918 88.2423
953 10.0916 88.2469
699 10.0915 88.2513
568 10.0913 88.2559
447 10.0912 88.2603
138 10.0911 88.2646
719 10.0909 88.2684
693 10.0908 88.2727
316 10.0907 88.2768
386 10.0905 88.2811
495 10.0904 88.285
95 10.0903 88.289
203 10.0901 88.2928
399 10.09 88.2971
240 10.0899 88.3013
560 10.0897 88.3058
304 10.0895 88.3114
106 10.0894 88.3166
827 10.0892 88.3213
750 10.0891 88.3256
153 10.089 88.3291
380 10.0888 88.3332
551 10.0887 88.3363
815 10.0886 88.3404
905 10.0885 88.3442
780 10.0884 88.3481
321 10.0882 88.3523
325 10.0881 88.3571
169 10.0879 88.362
39 10.0878 88.3672
637 10.0876 88.3714
50 10.0875 88.3756
585 10.0873 88.38
759 10.0872 88.3838
711 10.0871 88.3887
263 10.0869 88.3926
301 10.0868 88.3968
364 10.0867 88.401
718 10.0865 88.4051
792 10.0864 88.4093
1 10.0862 88.414
199 10.0861 88.4187
236 10.0859 88.4233
914 10.0858 88.4274
678 10.0857 88.4316
108 10.0856 88.4355
736 10.0854 88.4398
405 10.0853 88.4446
868 10.0851 88.4487
955 10.085 88.4521
444 10.0849 88.4563
90 10.0847 88.4607
546 10.0737 88.8132
973 10.063 89.1536
213 10.0516 89.5173
988 10.048 89.6306
368 14.5538 89.3791
15 17.6402 89.2068
672 20.8222 89.0292
231 22.1845 88.9532
631 22.3198 88.9456
249 22.446 88.9386
871 22.5842 88.9308
491 22.7326 88.9226
757 22.8795 88.9144
17 23.014 88.9068
933 23.169 88.8982
833 23.3412 88.8886
271 23.5252 88.8783
768 23.626 88.8727
424 23.7322 88.8668
806 23.8592 88.8597
470 23.9538 88.8544
428 24.0342 88.8499
16 24.1157 88.8453
306 24.1969 88.8408
256 24.29 88.8356
490 24.3671 88.8313
223 24.455 88.8264
36 24.4705 88.8255
150 24.4885 88.8245
28 24.5058 88.8236
773 24.525 88.8225
859 24.5419 88.8215
167 24.5607 88.8205
73 24.578 88.8195
76 24.5949 88.8186
714 24.611 88.8177
253 24.631 88.8165
120 24.649 88.8155
418 24.6655 88.8146
288 24.6815 88.8137
13 24.6979 88.8128
697 24.7178 88.8117
115 24.7343 88.8108
786 24.7544 88.8097
695 24.7715 88.8087
20 24.7905 88.8076
41 24.8085 88.8066
469 24.8249 88.8057
58 24.8422 88.8047
610 24.8597 88.8038
753 24.8763 88.8028
550 24.8946 88.8018
462 24.9101 88.801
360 24.9286 88.7999
696 24.9468 88.7989
227 24.9636 88.798
2 25.0596 88.7926
916 25.1266 88.7889
442 25.2033 88.7846
776 25.3016 88.7791
141 25.486 88.7688
244 25.6211 88.7613
761 25.7859 88.7521
886 25.9327 88.7439
93 26.0941 88.7348
296 26.3364 88.7213
795 26.5336 88.7103
456 26.6951 88.7013
651 26.8877 88.6906
919 27.1043 88.6785
593 27.2653 88.6695
521 27.4643 88.6584
638 27.7093 88.6447
441 27.9057 88.6337
44 28.1406 88.6206
885 28.3884 88.6068
430 28.6418 88.5926
611 28.9138 88.5774
712 29.1748 88.5629
409 30.3224 88.4988
561 31.8986 88.4109
292 32.5888 88.3723
72 33.2161 88.3373
707 33.8247 88.3033
449 34.4394 88.269
96 34.9281 88.2417
808 35.4961 88.21
392 36.105 88.1761
294 36.7161 88.1419
755 37.2144 88.1141
146 37.2144 88.1141
226 37.2144 88.1141
270 37.2151 88.1154
252 37.2158 88.1168
918 37.4669 88.6201
960 37.7108 89.1089
437 38.032 89.0929
564 38.3372 89.0777
129 38.5713 89.066
53 38.8078 89.0543
375 39.0629 89.0416
189 39.2866 89.0304
181 39.5243 89.0186
649 39.7756 89.0061
206 40.0237 88.9937
139 40.2592 88.982
5 40.582 88.9659
126 40.849 88.9526
248 40.939 88.9481
763 41.0178 88.9442
305 41.1003 88.94
752 41.1726 88.9365
22 41.2629 88.932
874 41.3609 88.9271
448 41.4498 88.9226
559 41.5471 88.9178
394 41.631 88.9136
613 41.7165 88.9094
877 41.8104 88.9047
172 41.9049 88.9
766 42.003 88.8951
614 42.093 88.8906
974 42.1827 88.8861
738 42.2901 88.8808
92 42.3991 88.8754
239 42.5307 88.8688
840 42.6383 88.8634
807 42.7512 88.8578
265 42.8558 88.8526
309 43.1467 88.8381
539 43.4466 88.8232
940 43.7573 88.8077
659 44.0268 88.7943
536 44.3034 88.7805
389 44.5536 88.768
343 44.8252 88.7545
713 45.1021 88.7407
156 45.3769 88.727
947 45.6359 88.7142
569 45.855 88.7032
548 46.1128 88.6904
541 46.4452 88.6739
165 46.7158 88.6604
241 46.9633 88.6481
230 47.2597 88.6333
562 47.6588 88.6134
416 48.057 88.5936
215 48.4853 88.5723
105 49.0278 88.5452
406 49.5207 88.5207
880 50.0112 88.4962
636 50.4593 88.4739
563 50.919 88.451
895 51.485 88.4228
177 52.0917 88.3926
408 52.4926 88.3726
896 52.9536 88.3496
800 53.3882 88.328
856 53.3882 88.328
532 53.3882 88.328
245 53.3882 88.328
335 53.3882 88.328
642 53.3882 88.328
118 53.3882 88.328
774 53.3882 88.328
931 53.3882 88.328
826 53.3882 88.328
511 53.3882 88.328
882 53.3882 88.328
62 53.3882 88.328
344 53.3882 88.328
861 53.3883 88.328
280 53.3883 88.328
851 53.3883 88.328
320 53.3883 88.328
23 53.3883 88.328
816 53.3883 88.328
369 53.3883 88.328
887 53.3883 88.328
624 53.3883 88.328
12 53.3883 88.328
952 53.3883 88.328
415 53.3883 88.328
140 53.3883 88.328
866 53.3883 88.328
980 53.3883 88.328
434 53.3883 88.328
690 53.3883 88.328
202 53.3883 88.328
530 53.3883 88.328
814 53.3883 88.328
319 53.3883 88.328
516 53.3883 88.328
193 53.3883 88.328
40 53.3883 88.328
961 53.3883 88.328
911 53.5733 88.3287
317 53.7251 88.3293
82 53.8553 88.3299
567 54.3637 88.3319
185 54.7809 88.3336
575 55.1555 88.3352
179 55.5012 88.3366
737 55.8773 88.3381
367 56.2426 88.3396
754 56.6226 88.3411
584 57.0065 88.3427
313 57.3762 88.3442
259 57.765 88.3458
618 58.1453 88.3473
746 58.5659 88.3491
893 70.0924 88.397
823 70.2043 88.3975
285 70.3191 88.3979
83 70.425 88.3984
845 70.5373 88.3988
145 70.6509 88.3993
775 70.7684 88.3998
297 70.8801 88.4002
580 71.013 88.4008
666 71.0488 88.4009
937 71.0827 88.4011
149 71.1201 88.4012
813 71.1577 88.4014
620 71.1945 88.4015
725 71.2351 88.4017
464 71.2651 88.4018
52 71.2997 88.402
251 71.3348 88.4021
395 71.365 88.4022
465 71.4066 88.4024
18 71.4468 88.4026
648 71.6785 88.4035
71 71.8279 88.4041
494 71.9785 88.4048
992 72.1046 88.4053
984 72.269 88.406
622 72.4866 88.4069
817 72.7018 88.4077
481 72.9368 88.4087
818 73.1758 88.4097
273 73.3665 88.4105
544 73.6116 88.4115
318 73.8731 88.4126
417 74.1359 88.4137
353 74.3636 88.4146
42 74.5893 88.4155
477 74.9015 88.4168
135 77.299 88.4267
820 79.0486 88.434
928 80.7272 88.4409
322 80.7869 88.3511
742 80.8406 88.2703
864 80.8914 88.1939
983 80.9365 88.1261
159 81.0681 87.9281
889 81.1886 87.7469
740 81.2993 87.5804
854 81.3908 87.4428
158 81.5131 87.2589
372 86.3289 80.016
311 86.3015 79.7693
660 86.2759 79.5392
473 86.2526 79.3294
332 86.2194 79.031
528 86.194 78.8022
450 86.1714 78.5992
685 86.1504 78.4097
204 86.1212 78.1471
25 86.0949 77.9105
497 84.1959 60.8263
385 84.0386 60.4738
838 83.8379 60.0239
242 83.6974 59.7088
684 83.5727 59.4293
383 83.4452 59.1435
977 83.298 58.8133
506 83.1518 58.4855
884 82.9923 58.1279
583 82.8436 57.7947
387 82.718 57.5129
170 82.5987 57.2455
656 82.4717 56.9608
941 82.3573 56.7043
198 82.2493 56.4621
425 82.1291 56.1927
932 82.027 55.9637
136 81.9263 55.738
553 81.818 55.4951
592 81.7281 55.2935
107 81.6652 55.1525
852 81.5954 54.9961
201 81.2681 54.2622
143 78.6419 48.3741
334 78.6419 48.3741
951 78.6922 48.1714
745 78.7344 48.001
967 78.7696 47.8587
926 78.8057 47.7133
850 78.9631 47.0777
920 79.2363 45.9752
835 79.5394 44.7517
232 79.7514 43.8961
670 79.9869 42.9455
609 80.2643 41.8259
466 80.5393 40.7159
195 80.8245 39.565
29 81.2322 37.9192
274 81.9085 35.1896
98 82.9414 31.0208
33 83.26 29.7348
520 83.6032 28.3495
590 84.1895 25.9831
243 85.7714 19.5979
345 85.9086 19.0439
979 86.045 18.4933
627 86.1588 18.034
260 86.2684 17.5916
483 86.2684 17.5916
