0,483,345,627,260,979,243,520,98,590,33,835,136,951,850,553,29,274,745,609,967,170,920,497,838,884,420,656,110,107,852,583,506,334,387,242,932,977,684,466,232,198,592,425,195,942,143,767,190,201,941,102,670,468,340,650,762,478,668,290,51,67,810,485,837,188,238,907,617,161,35,286,173,282,727,515,396,432,968,625,964,987,453,791,647,9,509,855,582,112,84,769,857,793,248,216,595,605,152,417,975,900,440,962,579,654,460,904,393,68,744,332,383,385,867,450,311,937,889,660,740,372,204,648,473,25,528,685,823,285,135,983,928,322,725,818,149,620,820,813,159,544,742,353,251,318,580,864,71,83,854,992,893,158,494,52,464,145,931,775,465,984,481,737,40,666,185,845,856,297,42,817,622,887,126,140,280,319,94,562,335,369,782,208,921,229,315,832,800,671,530,659,847,861,202,378,632,18,320,406,940,516,802,690,895,177,880,273,12,801,317,179,642,415,575,395,344,434,567,911,584,477,23,882,877,569,118,416,541,559,896,851,947,239,343,165,313,548,536,259,624,952,746,961,156,129,367,816,980,754,618,826,774,62,5,532,752,305,392,181,271,613,141,437,449,974,92,53,539,206,638,389,561,82,707,193,294,215,230,22,245,766,511,738,448,265,394,763,139,713,72,866,375,105,874,636,918,241,292,807,814,408,124,2,253,470,840,189,256,773,270,252,808,309,146,36,537,172,96,919,672,649,73,16,878,540,614,144,404,910,732,226,564,109,894,350,779,683,21,513,523,976,163,225,410,596,715,291,563,755,91,134,986,235,459,724,80,484,765,798,804,640,510,147,461,137,788,621,56,839,281,912,365,171,957,688,175,633,269,390,809,30,756,533,764,903,382,735,599,846,897,981,349,601,308,501,104,79,645,965,451,600,901,587,267,507,359,493,888,339,524,502,327,789,729,329,720,733,132,859,429,552,971,113,574,526,662,954,872,571,578,60,266,946,927,658,635,950,326,726,730,167,223,591,443,689,806,604,454,41,701,795,168,360,418,521,58,441,44,761,17,76,150,696,120,885,712,714,306,368,593,768,973,428,757,288,490,611,933,916,469,13,50,115,871,776,651,462,227,442,456,409,183,296,15,28,231,610,631,430,786,491,960,833,20,697,424,825,106,750,435,199,1,426,236,969,615,300,200,316,753,39,868,31,446,568,263,405,213,988,93,301,495,982,95,759,693,711,570,178,153,557,401,736,792,433,718,944,90,554,380,827,304,88,457,244,991,585,138,780,905,386,240,346,108,547,719,815,203,608,678,953,637,169,796,48,803,75,546,830,444,364,892,325,628,479,890,914,447,728,699,249,695,374,399,639,436,955,224,361,431,860,886,220,247,924,184,333,99,680,503,500,550,551,376,130,487,734,119,114,192,97,630,482,411,657,81,321,275,196,589,772,3,338,445,277,739,879,939,560,398,694,607,784,948,219,131,272,686,255,799,925,162,371,517,665,14,298,717,77,970,531,234,747,667,966,381,400,427,556,207,34,233,347,122,222,47,157,760,849,703,708,100,116,527,956,463,489,279,691,705,373,616,154,422,166,972,565,214,312,542,352,909,57,652,698,330,863,384,749,46,958,731,677,841,758,505,936,78,496,797,938,182,908,212,336,476,303,218,499,770,771,148,805,700,949,123,87,985,341,858,534,128,174,328,836,258,205,32,10,125,661,86,899,710,902,915,283,133,673,412,474,211,4,348,331,741,794,572,299,366,898,514,641,702,74,722,455,187,61,362,682,963,588,402,646,488,881,629,674,812,268,8,439,602,254,284,643,64,669,467,246,287,26,883,626,822,653,518,573,704,351,407,310,289,209,363,337,111,307,787,834,934,379,586,785,250,7,257,160,191,529,935,261,709,824,480,486,535,853,543,679,11,354,278,121,811,723,829,783,706,943,221,663,423,65,37,525,388,403,142,545,612,664,413,151,438,391,324,603,990,228,869,522,59,397,302,38,549,655,210,475,356,929,237,49,913,876,508,989,687,414,89,194,452,155,716,566,69,862,891,472,848,778,180,512,922,197,906,917,619,844,692,945,66,421,790,748,127,264,186,471,676,370,342,843,54,743,576,577,519,623,101,262,492,217,70,498,597,85,293,558,276,923,538,644,606,357,978,675,926,634,117,377,458,63,323,842,358,594,875,751,43,870,314,930,821,419,19,865,164,819,959,598,831,555,45,781,27,828,355,681,873,55,6,103,721,504,24,581,176,295,777,
value : 469.487 running time : 180.969861
0 80 20
483 86.2684 17.5916
345 86.2684 17.5916
627 86.2684 17.5916
260 86.2684 17.5916
979 86.186 18.3034
243 86.0754 19.2587
520 84.9764 28.7566
98 84.7282 30.9001
590 84.4059 33.684
33 84.0808 36.4924
835 83.6172 40.4976
136 83.101 44.9571
951 82.8329 47.2736
850 82.6114 49.1868
553 82.6114 49.1868
29 82.6114 49.1868
274 82.6114 49.1868
745 82.6114 49.1868
609 82.8298 49.6429
967 83.3128 50.6516
170 83.796 51.6606
920 84.1542 52.4085
497 84.5945 53.3279
838 83.1926 53.8905
884 81.8404 54.4331
420 79.8245 55.2421
656 79.4805 55.3802
110 79.2 55.4927
107 79.2 55.4927
852 78.8632 55.3366
583 78.5178 55.1765
506 78.2407 55.048
334 77.8639 54.8733
387 77.5036 54.7063
242 77.1553 54.5448
932 76.7669 54.3647
977 76.4161 54.2021
684 75.9837 54.0016
466 75.0371 53.5629
232 74.8418 53.7455
198 74.6208 53.9521
592 74.3974 54.161
425 74.1326 54.4086
195 73.8612 54.6623
942 73.525 54.9766
143 73.2537 55.2302
767 72.9564 55.5081
190 72.6857 55.7612
201 72.434 55.9965
941 72.1995 56.2157
102 71.962 56.4378
670 71.7231 56.6612
468 65.442 62.5327
340 65.2065 62.7529
650 64.9905 62.9548
762 64.7452 63.1841
478 64.5408 63.3752
668 64.3065 63.5943
290 64.0992 63.7881
51 63.8896 63.984
67 63.816 64.0528
810 63.7408 64.1231
485 63.6656 64.1935
837 63.5748 64.2783
188 62.5309 64.8967
238 62.4988 64.9289
907 62.4678 64.9599
617 62.4336 64.9944
161 62.404 65.024
35 62.3755 65.0527
286 62.3447 65.0836
173 62.3117 65.1167
282 62.2796 65.149
727 62.249 65.1797
515 62.2192 65.2096
396 62.1896 65.2393
432 62.0808 65.3485
968 61.9941 65.4355
625 61.9153 65.5147
964 61.8281 65.6022
987 61.7359 65.6949
453 61.6497 65.7813
791 61.5747 65.8567
647 61.5003 65.9313
9 61.4073 66.0247
509 61.3265 66.1058
855 61.2426 66.19
582 61.2058 66.227
112 61.1732 66.2597
84 61.141 66.292
769 61.1048 66.3284
857 61.072 66.3613
793 61.072 66.3613
248 56.8023 73.6746
216 56.8023 73.6746
595 60.697 74.5554
605 62.3979 74.94
152 64.7009 75.4608
417 64.8046 75.4842
975 64.8859 75.5026
900 64.9579 75.5189
440 65.0221 75.5334
962 65.1077 75.5528
579 65.1878 75.5709
654 65.2562 75.5864
460 65.324 75.6017
904 65.3995 75.6188
393 65.474 75.6356
68 65.555 75.6539
744 69.1655 76.4699
332 73.2467 77.3923
383 74.7525 77.7326
385 75.5281 77.9079
867 76.2843 78.0788
450 81.5753 79.2746
311 81.5753 79.2746
937 81.5753 79.2746
889 84.4802 81.8032
660 84.9962 82.2524
740 85.4516 82.6487
372 85.9937 83.1207
204 85.6824 83.4179
648 85.3284 83.7558
473 85.0234 84.0468
25 84.7438 84.3138
528 84.42 84.6228
685 83.145 85.8398
823 79.9368 88.902
285 79.9368 88.902
135 79.9368 88.902
983 79.9368 88.902
928 79.9368 88.902
322 78.8679 88.7891
725 77.5483 88.6498
818 76.0676 88.4935
149 74.9482 88.3753
620 74.2853 88.3054
820 74.1395 88.29
813 73.9572 88.2707
159 73.7864 88.2527
544 73.6012 88.2332
742 73.4414 88.2163
353 73.2651 88.1977
251 73.0935 88.1796
318 72.93 88.1624
580 72.7764 88.1461
864 72.4863 88.1155
71 72.1608 88.0812
83 71.8515 88.0486
854 71.5708 88.0189
992 71.255 87.9856
893 71.0359 87.9625
158 70.4917 87.9051
494 69.9624 87.8492
52 69.2792 87.7771
464 68.6651 87.7123
145 68.1327 87.6562
931 67.5769 87.5975
775 67.112 87.5485
465 66.5485 87.489
984 65.9364 87.4244
481 65.4075 87.3686
737 64.7826 87.3027
40 64.2781 87.2495
666 63.9529 87.2152
185 63.461 87.1633
845 63.0213 87.1169
856 62.495 87.0613
297 62.0803 86.6625
42 61.7265 86.3223
817 61.3042 85.9161
622 60.5326 85.1741
887 59.6357 84.3117
126 58.7965 83.5046
140 58.21 82.9406
280 57.6491 82.4012
319 57.1015 81.8746
94 56.7675 81.5534
562 56.4676 81.2649
335 56.4676 81.2649
369 56.4676 81.2649
782 56.4676 81.2649
208 56.4676 81.2649
921 56.3877 81.4316
229 56.3113 81.591
315 56.2386 81.7427
832 56.1601 81.9064
800 56.077 82.0798
671 55.9905 82.2603
530 55.8934 82.4629
659 55.8132 82.6301
847 55.7503 82.7614
861 55.6419 82.9876
202 55.5434 83.1931
378 55.4674 83.3518
632 55.3839 83.526
18 55.2818 83.7391
320 55.1569 83.9997
406 55.0574 84.2071
940 54.9604 84.4095
516 54.8563 84.6268
802 54.7784 84.7895
690 54.6844 84.9855
895 54.5993 85.1631
177 54.5056 85.3586
880 54.4177 85.542
273 54.3269 85.7315
12 54.1122 85.9194
801 53.9036 86.1018
317 53.6572 86.3174
179 53.3654 86.5728
642 53.0961 86.8084
415 52.8611 87.014
575 52.6397 87.2077
395 52.3892 87.4268
344 51.4713 88.2301
434 51.4713 88.2301
567 51.4713 88.2301
911 51.4713 88.2301
584 51.4461 88.2327
477 51.4201 88.2353
23 50.8427 88.2946
882 49.8862 88.3928
877 48.7639 88.5081
569 48.4069 88.5447
118 48.3591 88.5496
416 48.2934 88.5563
541 48.2417 88.5616
559 48.1872 88.5672
896 48.1398 88.572
851 48.0857 88.5776
947 48.0259 88.5837
239 47.9616 88.5903
343 47.9027 88.5963
165 47.8474 88.602
313 47.7962 88.6073
548 47.7314 88.6139
536 47.6882 88.6183
259 47.6441 88.6228
624 47.5931 88.6281
952 47.5394 88.6336
746 47.4811 88.6396
961 47.4253 88.6453
156 47.3707 88.6509
129 47.3171 88.6564
367 47.2762 88.6606
816 47.2311 88.6652
980 46.8559 88.7037
754 46.447 88.7456
618 45.9978 88.7917
826 45.5111 88.8416
774 45.0553 88.8883
62 44.5478 88.9404
5 43.9612 89.0005
532 43.3982 89.0583
752 42.6858 89.1314
305 42.6858 89.1314
392 42.6858 89.1314
181 42.6858 89.1314
271 42.6858 89.1314
613 42.6858 89.1314
141 42.6858 89.1314
437 42.6858 89.1314
449 42.6858 89.1314
974 42.6858 89.1314
92 42.6858 89.1314
53 42.6858 89.1314
539 42.6858 89.1314
206 42.6858 89.1314
638 42.6858 89.1314
389 42.6858 89.1314
561 42.6858 89.1314
82 42.6858 89.1314
707 42.6858 89.1314
193 42.6858 89.1314
294 42.6858 89.1314
215 42.6858 89.1314
230 42.6858 89.1314
22 42.6858 89.1314
245 42.6858 89.1314
766 42.6858 89.1314
511 42.6858 89.1314
738 42.3287 89.0573
448 42.0157 88.9924
265 41.7226 88.9316
394 41.4538 88.8758
763 41.1994 88.8231
139 40.9148 88.764
713 40.8081 88.7419
72 40.682 88.7158
866 40.5755 88.6937
375 40.4631 88.6704
105 40.3472 88.6464
874 40.1361 88.6026
636 39.8832 88.5502
918 39.4851 88.4676
241 39.183 88.405
292 38.8813 88.3424
807 38.5863 88.2813
814 38.2844 88.2187
408 37.9445 88.1482
124 37.3594 88.0268
2 37.1757 87.9888
253 37.0028 87.9529
470 36.8561 87.9225
840 36.7152 87.8933
189 36.5558 87.8603
256 36.391 87.8261
773 36.2293 87.7926
270 36.0842 87.7625
252 35.932 87.731
808 35.7918 87.7019
309 35.6575 87.6741
146 35.4975 87.6409
36 35.322 87.6045
537 36.0316 81.5521
172 36.0316 81.5521
96 36.0316 81.5521
919 36.0832 81.4546
672 36.1314 81.3634
649 36.187 81.2584
73 36.2332 81.1711
16 36.9083 79.8952
878 37.7779 78.2519
540 38.3836 77.1072
614 38.9227 76.0885
144 39.5268 74.9468
404 40.0872 73.8878
910 40.625 72.8715
732 41.1448 71.8891
226 41.267 71.6583
564 41.4138 71.3809
109 41.6044 71.0207
894 41.5383 70.9062
350 41.4741 70.7948
779 41.4059 70.6764
683 41.339 70.5604
21 41.2784 70.4553
513 41.2281 70.368
523 41.165 70.2586
976 41.1052 70.1548
163 41.039 70.04
225 40.9776 69.9335
410 40.9137 69.8227
596 40.8519 69.7155
715 40.797 69.6204
291 40.7444 69.5291
563 40.7019 69.4555
755 40.649 69.3636
91 40.5859 69.2542
134 40.5053 69.1144
986 40.4302 68.9841
235 40.3464 68.8388
459 40.2633 68.6947
724 40.1913 68.5697
80 40.1141 68.4359
484 40.0347 68.2981
765 39.9427 68.1386
798 39.8631 68.0004
804 38.3169 66.3277
640 36.6973 64.5755
510 35.7214 63.5198
147 35.4725 63.2505
461 35.453 63.2294
137 35.4218 63.2256
788 35.3936 63.2221
621 35.3706 63.2193
56 35.3407 63.2156
839 35.3112 63.212
281 35.285 63.2088
912 34.3799 63.0978
365 33.5382 62.9945
171 32.6474 62.8853
957 31.4753 62.7415
688 30.491 62.6208
175 29.7313 62.5276
633 28.599 62.3887
269 28.5731 62.4261
390 28.4566 62.5947
809 28.3618 62.7319
30 28.2586 62.8811
756 28.1523 63.035
533 28.0386 63.1995
764 27.2761 64.3028
903 27.2483 64.5195
382 27.2237 64.7116
735 27.1988 64.9056
599 27.1714 65.1195
846 27.1448 65.3274
897 27.1196 65.5235
981 27.0941 65.7226
349 27.0649 65.9503
601 27.0364 66.173
308 27.0096 66.3818
501 26.9833 66.587
104 26.9595 66.7728
79 26.9324 66.9846
645 26.9013 67.2268
965 26.8703 67.4687
451 26.8419 67.6901
600 26.8073 67.9604
901 26.7801 68.1724
587 26.7492 68.4134
267 26.7213 68.6313
507 26.6868 68.901
359 26.6464 69.2156
493 26.6089 69.5081
888 26.5519 69.9532
339 26.5029 70.3352
524 26.4678 70.6091
502 26.4144 71.0262
327 26.3864 71.2444
789 26.3578 71.4674
729 26.3339 71.6535
329 26.2925 71.9771
720 26.2299 72.4653
733 26.1571 73.0332
132 25.9733 74.4663
859 25.5406 77.8404
429 25.5308 77.9173
552 25.5205 77.9974
971 25.5088 78.0889
113 25.4949 78.1967
574 25.4823 78.2953
526 25.4689 78.3995
662 25.4551 78.5075
954 25.4409 78.6179
872 25.4282 78.7176
571 25.4162 78.8107
578 25.4014 78.9265
60 25.3886 79.0258
266 25.377 79.1164
946 25.3645 79.2141
927 25.3527 79.3058
658 25.3387 79.415
635 25.3256 79.5172
950 25.312 79.6235
326 25.2979 79.7335
726 25.2846 79.837
730 25.2717 79.938
167 25.2571 80.0519
223 25.2447 80.1486
591 25.2329 80.2408
443 25.1934 80.5489
689 25.1551 80.8472
806 25.1131 81.1752
604 25.0753 81.4697
454 25.0332 81.7984
41 24.9888 82.1448
701 24.9482 82.4609
795 24.8099 83.5399
168 24.7141 84.2868
360 24.5816 85.3203
418 24.443 86.4013
521 24.2944 87.5598
58 24.2854 87.6304
441 24.2744 87.7161
44 24.2654 87.7859
761 24.2567 87.8537
17 24.2483 87.9191
76 24.2402 87.9824
150 24.2308 88.0556
696 24.2217 88.1271
120 24.2127 88.1972
885 24.2039 88.266
712 24.194 88.3429
714 24.1838 88.4227
306 24.1759 88.4839
368 24.1689 88.5388
593 24.1606 88.6032
768 24.1532 88.6614
973 24.1469 88.7105
428 24.1416 88.7521
757 24.1357 88.7979
288 24.1283 88.8555
490 24.121 88.9122
611 24.1124 88.9795
933 24.1061 89.0287
916 24.1002 89.0743
469 24.0936 89.1264
13 24.0853 89.1909
50 24.0784 89.2449
115 24.0705 89.3061
871 24.0629 89.3655
776 24.0558 89.4212
651 24.0494 89.4712
462 24.0426 89.5238
227 24.0358 89.5772
442 24.0298 89.6235
456 24.0233 89.6743
409 24.0172 89.7218
183 24.0118 89.7643
296 24.0061 89.8085
15 23.9979 89.8729
28 23.9912 89.925
231 23.9852 89.9716
610 23.9783 90.0258
631 23.9712 90.081
430 23.9647 90.1312
786 23.9589 90.1771
491 23.9525 90.2265
960 23.9467 90.272
833 23.2041 90.2363
20 22.4989 90.2025
697 21.202 90.1402
424 19.0168 90.0353
825 16.5202 89.9154
106 14.3748 89.8703
750 13.7712 89.8577
435 13.1649 89.845
199 12.7953 89.8372
1 12.4412 89.8298
426 12.0768 89.8221
236 11.8496 89.8173
969 11.5953 89.812
615 11.3696 89.8073
300 11.1942 89.8036
200 11.1214 89.8021
316 11.0452 89.8005
753 10.968 89.7988
39 10.8572 89.7965
868 10.7644 89.7946
31 10.6864 89.7929
446 10.5998 89.7911
568 10.5083 89.7892
263 10.4104 89.7871
405 10.322 89.7853
213 10.2325 89.7834
988 10.201 89.7827
93 10.1997 89.6243
301 10.1986 89.4865
495 10.1974 89.3471
982 10.1963 89.2151
95 10.1952 89.0826
759 10.1941 88.9521
693 10.1932 88.8412
711 10.1922 88.7232
570 10.1909 88.5673
178 10.1898 88.4376
153 10.1889 88.3278
557 10.1879 88.2122
401 10.1869 88.087
736 10.1858 87.9599
792 10.1847 87.8276
433 10.1836 87.6943
718 10.1827 87.5868
944 10.1817 87.4658
90 10.1808 87.3584
554 10.18 87.2676
380 10.18 87.2676
827 10.2116 87.1366
304 10.2565 86.9506
88 10.307 86.7416
457 10.3491 86.5673
244 10.3837 86.424
991 10.4155 86.2922
585 10.4396 86.1925
138 10.4773 86.0363
780 10.5243 85.8414
905 10.5623 85.6839
386 10.5989 85.5325
240 10.6422 85.3531
346 10.6839 85.1804
108 10.7148 85.0524
547 10.7489 84.9109
719 10.7867 84.7544
815 10.8253 84.5946
203 10.866 84.4259
608 10.9036 84.2702
678 10.9315 84.1548
953 10.9698 83.9959
637 11.0139 83.8132
169 11.0619 83.6146
796 11.1123 83.4056
48 11.1502 83.2486
803 11.1858 83.1013
75 11.2297 82.9195
546 11.272 82.7441
830 11.3133 82.5731
444 11.3507 82.4182
364 11.389 82.2596
892 11.4347 82.0702
325 11.4795 81.8848
628 11.5229 81.7047
479 11.5719 81.502
890 11.608 81.3521
914 11.6411 81.2153
447 11.6902 81.0117
728 11.7616 80.7159
699 11.8171 80.4862
249 11.8806 80.2229
695 11.9498 79.9364
374 12.025 79.6249
399 12.0903 79.3546
639 12.1655 79.0429
436 12.2291 78.7793
955 12.2997 78.4869
224 12.3766 78.1683
361 12.4333 78.04
431 12.4816 77.9306
860 12.5309 77.819
886 12.5816 77.7041
220 12.6342 77.5849
247 12.6775 77.487
924 12.79 77.2322
184 12.8494 77.0977
333 12.9149 76.9494
99 12.8355 76.5653
680 12.7599 76.1992
503 12.6947 75.8836
500 12.633 75.5848
550 12.5733 75.2957
551 12.4896 74.8906
376 12.3914 74.4153
130 12.3267 74.1022
487 12.2734 73.8442
734 12.2036 73.5063
119 12.1566 73.279
114 12.108 73.0437
192 12.0646 72.8335
97 12.0259 72.6459
630 11.9851 72.4485
482 11.945 72.2543
411 11.9063 72.0669
657 11.8703 71.8928
81 11.8289 71.6922
321 11.7921 71.5142
275 11.7442 71.2824
196 11.6925 71.0324
589 11.6541 70.8461
772 11.6249 70.7052
3 11.599 70.5795
338 11.5736 70.4568
445 11.5469 70.3272
277 11.5176 70.1853
739 11.4876 70.0402
879 11.4604 69.9084
939 11.4331 69.7764
560 11.4139 69.6836
398 11.3872 69.554
694 11.3624 69.434
607 11.3363 69.3079
784 11.3089 69.1751
948 11.2858 69.0632
219 11.2601 68.939
131 11.2345 68.8152
272 11.2118 68.7052
686 11.1888 68.5936
255 11.1627 68.4675
799 11.1373 68.3447
925 11.1115 68.2196
162 11.1115 68.2196
371 11.1115 68.2196
517 11.1115 68.2196
665 11.1115 68.2196
14 11.1115 68.2196
298 11.1115 68.2196
717 11.1115 68.2196
77 11.1115 68.2196
970 11.1115 68.2196
531 11.1115 68.2196
234 11.1115 68.2196
747 11.1115 68.2196
667 11.1115 68.2196
966 11.1115 68.2196
381 11.1115 68.2196
400 11.1115 68.2196
427 11.1115 68.2196
556 11.1115 68.2196
207 11.1115 68.2196
34 11.2599 61.1044
233 11.2894 59.6788
347 11.3085 58.7578
122 11.3382 57.3234
222 11.3588 56.3303
47 11.3738 55.6051
157 11.3879 54.9222
760 11.3902 54.8141
849 11.3928 54.6867
703 11.3952 54.5698
708 11.3982 54.427
100 11.401 54.2906
116 11.4038 54.1559
527 11.4824 54.0527
956 11.57 53.9375
463 11.6431 53.8416
489 11.7162 53.7455
279 11.7943 53.643
691 11.8682 53.546
705 11.9429 53.4478
373 11.9474 53.0375
616 11.9517 52.6401
154 11.9548 52.3622
422 11.9575 52.113
166 11.9605 51.8361
972 11.9639 51.5288
565 11.9674 51.2105
214 11.9712 50.8605
312 11.9757 50.4522
542 11.9791 50.1414
352 11.9826 49.8199
909 11.9863 49.4846
57 11.9899 49.1559
652 11.9937 48.804
698 11.9974 48.4728
330 12.0016 48.0918
863 12.0032 47.9396
384 12.0047 47.7996
749 12.0061 47.6733
46 12.0077 47.527
958 12.0091 47.3973
731 12.0103 47.2888
677 12.0114 47.1903
841 12.0129 47.0564
758 12.0143 46.9294
505 12.0157 46.7985
936 12.0172 46.6607
78 12.0188 46.5117
496 12.0202 46.3855
797 12.0216 46.2607
938 12.0229 46.1401
182 12.0244 46.0002
908 12.026 45.8535
212 12.0276 45.7081
336 12.029 45.5854
476 12.0306 45.4313
303 12.032 45.3067
218 12.0336 45.1589
499 12.0555 43.1703
770 12.0572 43.0097
771 12.0588 42.8608
148 12.0605 42.7047
805 12.0621 42.5571
700 12.0642 42.368
949 12.0659 42.2097
123 12.0677 42.0379
87 12.0697 41.8577
985 12.0714 41.7044
341 12.0727 41.5796
858 12.0742 41.4398
534 12.0764 41.2438
128 12.0786 41.0384
174 12.082 40.7206
328 12.0859 40.3617
836 12.4086 35.2775
258 12.5655 32.806
205 12.5866 32.4735
32 12.6106 32.0938
10 12.6396 31.6377
125 12.6731 31.1099
661 12.7117 30.5015
86 12.7407 30.0437
899 12.7791 29.4393
710 12.8116 28.9273
902 12.8447 28.406
915 12.8652 28.0816
283 12.6998 27.6808
133 12.4363 27.0423
673 12.1774 26.4149
412 11.9237 25.8
474 11.7475 25.3732
211 11.5395 24.8691
4 11.5395 24.8691
348 11.5395 24.8691
331 11.5395 24.8691
741 11.5395 24.8691
794 11.5395 24.8691
572 11.5395 24.8691
299 11.5395 24.8691
366 11.5395 24.8691
898 11.5395 24.8691
514 11.615 24.1412
641 11.8008 22.3523
702 12.0099 20.339
74 12.1066 19.4076
722 12.4114 16.4733
455 12.4195 16.3952
187 12.4291 16.3027
61 12.4392 16.2051
362 12.4487 16.1135
682 12.4582 16.0224
963 12.467 15.9373
588 12.4773 15.8384
402 12.4872 15.7432
646 12.4994 15.6253
488 12.5106 15.5179
881 12.521 15.4172
629 12.5305 15.326
674 12.5392 15.2423
812 12.5483 15.1544
268 16.0797 16.1436
8 18.8406 16.2819
439 21.2434 16.4023
602 23.2929 16.5049
254 24.9311 16.587
284 26.7798 16.6796
643 28.6355 16.7725
64 30.8903 16.8855
669 33.2995 17.0062
467 37.0442 17.1938
246 37.1165 17.1489
287 37.1996 17.0972
26 37.2665 17.0555
883 37.3342 17.0134
626 37.4028 16.9707
822 37.4792 16.9232
653 37.5699 16.8667
518 37.6527 16.8152
573 37.7869 17.4422
704 37.9175 18.0522
351 38.0445 18.6454
407 38.2307 19.5149
310 38.5082 20.8109
289 38.8083 22.2124
209 39.0304 23.25
363 39.0612 23.3935
337 39.1425 23.7732
111 39.2255 24.1609
307 39.3124 24.5667
787 39.4098 25.0219
834 39.5052 25.4672
934 39.5908 25.8672
379 39.6807 26.287
586 39.7758 26.7314
785 39.8659 27.1522
250 38.972 27.8894
7 37.7759 28.8758
257 37.2632 29.2987
160 36.7417 29.7288
191 36.2086 30.1684
529 35.6753 30.6082
935 35.2502 30.9588
261 34.6594 31.446
709 33.8496 32.1138
824 33.0081 32.8079
480 32.2267 33.4523
486 31.317 34.2025
535 30.5143 34.8645
853 30.1741 35.145
543 29.6727 35.5585
679 29.5272 35.6786
11 29.3729 35.8058
354 29.2429 35.913
278 29.0946 36.0353
121 28.9216 36.178
811 28.7593 36.3118
723 28.585 36.4556
829 28.4429 36.5727
783 28.3044 36.687
706 28.155 36.8102
943 28.0011 36.9371
221 27.469 37.9153
663 26.552 39.6012
423 26.0162 40.5862
65 25.85 40.8917
37 25.6716 41.2197
525 25.4943 41.5455
388 25.3179 41.8699
403 25.118 42.2373
142 24.9302 42.5825
545 24.7746 42.8685
612 24.7746 42.8685
664 24.7746 42.8685
413 24.7746 42.8685
151 24.7746 42.8685
438 24.7746 42.8685
391 24.7746 42.8685
324 24.7746 42.8685
603 24.7746 42.8685
990 24.7746 42.8685
228 25.0436 43.0089
869 26.4376 43.7364
522 28.8943 45.0185
59 28.9231 45.0335
397 29.2966 45.0601
302 29.7071 45.0893
38 30.0942 45.1168
549 30.4619 45.143
655 31.4247 45.2115
210 32.8814 45.3152
475 33.3567 45.349
356 34.0901 45.4011
929 34.6156 45.4385
237 34.9285 45.4608
49 35.2098 45.4808
913 35.4803 45.5001
876 35.8013 45.523
508 36.1068 45.5447
989 36.4503 45.5692
687 36.7488 45.5904
414 37.0754 45.6137
89 37.4671 45.6416
194 37.9164 45.6736
452 38.3176 45.7022
155 38.6902 45.7287
716 39.0593 45.755
566 39.147 45.7612
69 39.2468 45.7683
862 39.3295 45.7742
891 39.4137 45.7802
472 39.5257 45.7882
848 39.6186 45.7948
778 39.6992 45.8006
180 39.7992 45.8077
512 39.902 45.815
922 39.9968 45.8218
197 40.1061 45.8295
906 40.2035 45.8365
917 40.2728 45.8414
619 40.3473 45.8467
844 40.4511 45.8541
692 40.529 45.8597
945 40.6198 45.8661
66 40.7045 45.8721
421 40.7045 45.8721
790 40.9865 46.2255
748 41.2956 46.6126
127 42.5435 48.1751
264 43.743 49.6772
186 44.5085 50.6358
471 45.0915 51.3661
676 45.659 52.077
370 45.659 52.077
342 45.659 52.077
843 45.659 52.077
54 45.659 52.077
743 47.9004 52.6534
576 48.3939 52.7803
577 49.0532 52.95
519 49.6332 53.0993
623 50.1986 53.2447
101 50.7365 53.3832
262 51.2956 53.527
492 51.848 53.6692
217 52.4561 53.8256
70 52.895 53.9386
498 52.8753 53.9534
597 52.8592 53.9656
85 52.8462 53.9754
293 52.8317 53.9863
558 52.8149 53.9991
276 53.2529 52.7947
923 53.5723 51.9165
538 53.9053 51.0007
644 54.4707 49.4463
606 54.8964 48.2757
357 55.1578 47.5571
978 55.387 46.9266
675 55.6087 46.3171
926 55.7876 45.8252
634 56.1384 44.7923
117 56.4163 43.9744
377 56.7844 42.8908
458 57.0909 41.9886
63 57.3643 41.1838
323 57.6907 40.2229
842 57.6907 40.2229
358 57.8898 39.4878
594 58.0656 38.8388
875 58.2503 38.1573
751 58.4955 37.2519
43 58.7024 36.4882
870 58.9265 35.6608
314 59.2838 34.3417
930 59.6694 32.9182
821 60.1783 31.0393
419 60.6471 29.3083
19 60.6471 29.3083
865 60.7277 29.1449
164 60.8314 28.9346
819 60.9399 28.7146
959 61.0358 28.52
598 61.1258 28.3375
831 61.1979 28.1912
555 61.2694 28.0462
45 61.3446 27.8938
781 61.4316 27.7173
27 61.5173 27.5434
828 61.6077 27.3602
355 61.7011 27.1706
681 61.8167 26.9363
873 62.1076 26.3462
55 62.7528 25.0377
6 63.9163 22.6779
103 67.6054 15.1971
721 68.1745 15.4176
504 68.7242 15.6306
24 69.2413 15.8311
581 69.7366 16.023
176 70.2975 16.2403
295 70.9665 16.4996
777 71.6672 16.7711
