0,176,598,721,103,777,504,819,959,45,24,295,581,821,831,55,751,377,164,27,6,289,873,828,555,250,692,421,209,66,930,681,935,355,458,785,865,160,419,26,379,883,704,518,246,351,669,287,407,307,337,261,363,573,310,653,467,899,111,915,709,278,64,934,439,354,284,151,824,811,549,221,834,586,529,869,626,787,702,655,65,612,602,902,643,822,191,943,211,588,812,187,362,741,455,673,412,682,8,661,881,488,366,61,331,348,722,629,674,646,794,133,74,299,258,963,402,474,641,254,4,572,86,990,898,770,10,268,958,514,710,87,499,125,423,700,328,476,863,283,32,205,836,829,486,330,391,949,182,616,312,384,78,496,352,121,46,652,723,128,938,123,841,985,116,797,909,57,157,214,677,708,849,972,731,218,303,691,100,422,698,212,771,489,336,858,936,228,542,47,154,279,196,373,908,760,166,505,758,174,534,805,222,463,341,749,663,527,981,142,122,747,703,114,925,131,720,349,965,630,502,130,482,233,924,272,764,347,784,734,3,772,799,680,275,503,77,427,329,948,879,665,338,531,381,255,277,526,34,565,97,956,266,971,701,132,739,361,587,789,168,886,601,552,846,966,517,371,939,694,726,500,234,589,524,376,192,607,207,717,219,398,119,445,944,93,346,433,570,657,637,991,892,780,14,759,90,890,796,719,728,240,95,556,615,628,554,955,374,560,860,162,639,970,686,667,244,75,830,224,431,469,298,457,551,339,695,537,600,757,88,418,490,753,859,360,608,400,220,399,76,443,946,697,578,442,462,424,184,885,326,436,487,803,321,304,916,693,301,48,203,699,933,58,546,736,426,547,792,178,833,969,914,953,364,905,138,827,973,815,39,106,386,435,380,247,585,325,446,868,557,405,169,444,568,108,300,988,368,213,153,718,1,711,447,678,236,263,750,200,401,871,610,31,50,441,430,696,409,714,28,768,631,982,316,249,199,44,227,456,288,712,17,491,521,183,651,495,13,15,776,808,306,333,593,115,36,73,253,167,539,707,394,172,548,181,766,866,22,428,786,256,752,129,96,72,761,795,806,919,231,773,448,120,150,611,960,392,672,20,271,416,613,774,541,92,874,165,918,139,265,559,230,877,470,530,974,239,408,5,449,389,53,569,738,309,241,146,763,215,437,536,754,320,248,895,840,206,375,305,82,882,156,690,584,624,532,961,23,984,245,40,62,434,105,343,642,335,851,369,861,511,746,713,880,636,313,947,118,140,887,563,202,317,856,816,367,911,179,259,344,575,415,814,832,112,671,460,297,931,185,980,737,952,9,406,229,395,12,921,632,782,567,516,618,896,432,659,318,845,149,52,817,465,417,544,666,854,42,620,992,177,622,273,158,464,937,83,481,145,285,477,801,813,742,823,864,378,580,251,983,725,135,820,893,494,353,928,473,204,25,685,372,450,322,740,648,889,660,311,159,528,818,332,340,744,290,962,975,900,509,867,837,385,51,383,201,110,852,668,152,904,67,393,68,579,18,420,775,942,71,334,440,478,468,762,987,173,727,650,208,847,595,923,798,238,485,515,964,577,810,647,617,779,791,161,625,654,282,109,235,404,605,857,294,94,800,134,144,84,484,769,968,807,513,826,126,940,319,564,315,292,280,216,453,676,350,523,582,80,894,189,986,225,591,614,755,724,562,976,365,802,226,855,91,540,2,561,252,193,638,141,571,459,662,649,124,872,16,41,954,689,604,730,60,550,296,888,635,270,950,825,429,81,113,99,327,735,479,79,574,454,223,510,756,878,599,359,382,658,640,927,903,733,411,324,104,308,729,705,688,264,912,683,809,54,576,596,910,471,56,715,732,137,163,839,21,171,237,891,901,59,765,493,501,507,175,390,804,291,410,645,89,210,922,127,451,788,957,267,687,30,679,49,897,535,397,413,147,633,38,929,545,913,148,414,566,388,543,475,403,853,706,480,438,269,37,619,603,783,525,356,917,876,790,11,778,664,508,748,302,197,257,19,7,276,848,989,522,862,743,281,533,180,63,452,69,35,155,186,498,945,870,512,492,370,461,558,621,396,597,843,85,793,875,194,519,101,342,262,472,188,716,906,844,781,842,117,594,623,644,217,358,634,606,314,43,675,978,850,286,143,293,102,907,538,190,926,767,583,656,670,274,323,745,920,941,609,29,70,232,357,967,553,466,592,425,684,242,951,387,107,198,170,136,932,506,977,838,195,884,497,835,33,98,590,520,243,260,483,345,627,979,
value : 461.168 running time : 198.100221
0 80 20
176 74.1516 18.0441
598 71.579 17.1828
721 69.1277 16.3622
103 66.6356 15.528
777 64.9367 17.6475
504 63.1734 19.8474
819 61.2729 22.2183
959 59.312 24.6647
45 57.0131 27.5325
24 56.8683 27.5772
295 56.6661 27.6398
581 56.4362 27.7109
821 55.934 27.8663
831 55.3826 28.037
55 54.8079 28.2149
751 54.2229 28.396
377 53.6327 28.5786
164 53.0053 28.7728
27 52.3875 28.964
6 51.7494 29.1615
289 51.067 29.3728
873 50.3874 29.5831
828 49.6904 29.7989
555 48.8834 30.0488
250 48.0594 30.3039
692 47.2428 30.5568
421 47.2428 30.5568
209 47.2428 30.5568
66 47.2428 30.5568
930 47.2428 30.5568
681 47.1097 30.3359
935 46.9701 30.1044
355 46.8236 29.8612
458 46.5849 29.4654
785 45.9224 28.3671
865 45.1762 27.1303
160 44.3524 25.7648
419 43.4893 24.3341
26 42.6184 22.8907
379 41.7721 21.4877
883 40.8947 20.0335
704 40.0568 18.6447
518 39.291 17.3752
246 37.8172 18.2067
351 37.2851 18.5069
669 36.7621 18.802
287 36.5318 19.0689
407 36.2584 19.3858
307 35.9262 19.7709
337 35.6875 20.0476
261 35.4369 20.338
363 35.1988 20.614
573 34.9297 20.9259
310 34.6361 21.2662
653 34.3109 21.6431
467 33.2451 22.8784
899 32.2291 24.0561
111 32.0313 24.2852
915 31.8042 24.5486
709 31.6071 24.777
278 31.4106 25.0047
64 31.2335 25.2099
934 31.0502 25.4224
439 30.5532 25.9985
354 30.0545 26.5765
284 29.6187 27.0816
151 29.1546 27.6195
824 29.1546 27.6195
811 29.1546 27.6195
549 29.1546 27.6195
221 29.1546 27.6195
834 29.1546 27.6195
586 29.1546 27.6195
529 28.6635 27.9993
869 28.1586 28.3899
626 27.6289 28.7996
787 27.1031 29.2062
702 26.5785 29.612
655 26.0267 30.0386
65 26.0137 30.0047
612 26.0004 29.9701
602 25.9865 29.9341
902 25.9728 29.8984
643 25.9596 29.864
822 25.9596 29.864
191 25.9596 29.864
943 21.0421 25.3828
211 16.1777 20.9497
588 13.3371 18.3617
812 10.8655 16.1098
187 10.8655 16.1098
362 10.8655 16.1098
741 10.8655 16.1098
455 10.8655 16.1098
673 10.8655 16.1098
412 10.8655 16.1098
682 10.8655 16.1098
8 10.8655 16.1098
661 10.8655 16.1099
881 10.8655 16.1099
488 10.8655 16.1099
366 10.8621 16.3774
61 10.8588 16.6454
331 10.8554 16.9188
348 10.8521 17.1796
722 10.8489 17.439
629 10.8426 17.9404
674 10.8347 18.5638
646 10.8264 19.2187
794 10.8174 19.9345
133 10.8124 20.3281
74 10.8082 20.6666
299 10.8043 20.9745
258 10.8007 21.2696
963 10.7971 21.5548
402 10.7936 21.8357
474 10.7902 22.1136
641 10.7867 22.3887
254 10.7834 22.6562
4 10.7545 24.9038
572 10.7298 26.831
86 10.7057 28.7055
990 10.6858 30.2639
898 10.6758 31.0511
770 10.6652 31.886
10 10.6588 32.3971
268 10.6528 32.8782
958 10.6465 33.3763
514 10.6405 33.851
710 10.6342 34.3542
87 10.6274 34.8993
499 10.6205 35.4422
125 10.7677 35.5248
423 10.9039 35.6012
700 11.0382 35.6765
328 11.1694 35.7501
476 11.715 36.0561
863 12.1854 36.32
283 12.6571 36.5845
32 13.1278 36.8486
205 13.5721 37.0978
836 13.9565 37.3134
829 14.3346 37.5255
486 14.6897 37.7247
330 14.4764 39.4229
391 14.3355 40.5435
949 14.3355 40.5435
182 14.3355 40.5435
616 14.3355 40.5435
312 14.3355 40.5435
384 14.3355 40.5435
78 14.3355 40.5435
496 14.3355 40.5435
352 14.3355 40.5435
121 14.3355 40.5435
46 14.1166 41.5753
652 13.8968 42.611
723 13.6768 43.6481
128 13.4595 44.6724
938 13.4032 44.9379
123 13.3552 45.1642
841 13.3065 45.3936
985 13.2586 45.6198
116 11.9969 51.5572
797 11.9962 51.5948
909 11.9956 51.633
57 11.9949 51.6714
157 11.9942 51.7095
214 11.9935 51.7502
677 11.9928 51.7892
708 11.9922 51.8263
849 11.9916 51.8632
972 11.991 51.8945
731 11.9905 51.9252
218 11.9898 51.9611
303 11.9893 51.9946
691 11.9887 52.0276
100 11.9881 52.0598
422 11.9876 52.0918
698 11.987 52.1227
212 11.9865 52.1531
771 11.9858 52.189
489 11.9852 52.2272
336 11.9845 52.2646
858 11.9839 52.2999
936 11.9833 52.3355
228 11.9827 52.3701
542 11.982 52.4093
47 11.9813 52.4477
154 11.9807 52.4845
279 11.98 52.5237
196 11.9793 52.5631
373 11.9787 52.5982
908 11.9781 52.6349
760 11.9773 52.6764
166 11.9767 52.7133
505 11.9761 52.7488
758 11.9754 52.7847
174 11.9748 52.822
534 11.9741 52.8598
805 11.9734 52.8985
222 11.9728 52.9358
463 11.9721 52.974
341 11.9714 53.0127
749 11.9708 53.0517
663 11.9701 53.0907
527 11.9693 53.1358
981 11.9686 53.1781
142 11.9679 53.2178
122 11.9671 53.2602
747 12.7441 55.6258
703 13.254 57.1781
114 13.6801 58.4753
925 14.0129 59.4888
131 14.5193 61.0304
720 14.9893 62.4613
349 15.1212 62.8631
965 15.2372 63.2162
630 14.9959 63.3907
502 14.7703 63.5539
130 14.5636 63.7035
482 14.3537 63.8553
233 14.1546 63.9993
924 13.874 64.2023
272 13.5755 64.4182
764 13.2922 64.6231
347 12.9718 64.8549
784 12.9388 64.8787
734 12.9054 64.9029
3 12.8751 64.9249
772 12.8446 64.9469
799 12.81 64.9719
680 12.7805 64.9933
275 12.7502 65.0152
503 12.7148 65.0408
77 12.6801 65.0659
427 12.6491 65.0883
329 12.6204 65.1091
948 12.5865 65.1336
879 12.5541 65.157
665 12.5212 65.1808
338 12.4905 65.203
531 12.4586 65.2261
381 12.4274 65.2486
255 12.656 65.2383
277 12.9108 65.2269
526 13.1949 65.2141
34 13.2216 65.2129
565 13.2455 65.2118
97 13.2693 65.2108
956 13.2956 65.2096
266 13.9187 67.851
971 13.9677 68.0585
701 14.0141 68.2552
132 14.0573 68.4386
739 14.1014 68.6253
361 14.1504 68.833
587 14.1965 69.0286
789 14.2499 69.5646
168 14.1581 69.6439
886 14.0702 69.7197
601 13.6876 69.7926
552 13.2807 69.87
846 12.8405 69.9539
966 12.0157 70.1112
517 11.8757 70.1378
371 11.7432 70.163
939 11.6189 70.1866
694 11.6189 70.1866
726 11.6189 70.1866
500 11.6189 70.1866
234 11.6189 70.1866
589 11.6192 70.4164
524 11.6197 70.7506
376 11.6201 71.1008
192 11.6206 71.4914
607 11.6211 71.9341
207 11.6217 72.3852
717 11.6222 72.7784
219 11.6228 73.2394
398 11.6235 73.7615
119 11.6242 74.3417
445 11.625 75.0006
944 11.6261 75.8763
93 11.6266 76.2961
346 11.6269 76.5641
433 11.6273 76.8449
570 11.6276 77.1244
657 11.628 77.3831
637 11.6283 77.6717
991 11.6283 77.6717
892 11.6283 77.6717
780 11.6283 77.6717
14 11.6283 77.6717
759 11.6289 77.6722
90 11.6295 77.6728
890 11.6302 77.6734
796 11.6308 77.674
719 11.6314 77.6745
728 11.632 77.675
240 11.6326 77.6756
95 11.6333 77.6762
556 11.6338 77.6767
615 11.6344 77.6773
628 11.635 77.6778
554 11.6355 77.6783
955 11.6362 77.6789
374 11.6367 77.6795
560 11.6374 77.68
860 11.6379 77.6805
162 11.6384 77.681
639 11.6389 77.6815
970 11.6395 77.682
686 11.64 77.6825
667 11.6407 77.6831
244 11.7487 77.7832
75 11.8345 77.8626
830 11.9289 77.9501
224 12.0339 78.0473
431 12.3246 78.3166
469 12.5583 78.5331
298 12.7437 78.7047
457 13.1191 79.0524
551 13.5449 79.4469
339 13.9795 79.8494
695 14.3975 80.2365
537 14.723 80.538
600 14.7327 80.8328
757 14.7525 81.4296
88 14.7719 82.015
418 14.7912 82.5989
490 14.807 83.0759
753 14.8216 83.5151
859 14.8225 83.5422
360 14.8233 83.5664
608 14.8241 83.5911
400 14.8249 83.6155
220 14.8259 83.6442
399 14.827 83.6782
76 14.828 83.7097
443 14.7751 83.8063
946 14.7173 83.9119
697 14.651 84.0327
578 14.5717 84.1775
442 14.482 84.3412
462 14.4014 84.4882
424 14.3337 84.6116
184 14.2641 84.7387
885 14.1894 84.8751
326 14.1155 85.01
436 14.0288 85.1682
487 13.9434 85.324
803 13.8462 85.5012
321 13.7609 85.657
304 13.6675 85.8273
916 13.5823 85.9829
693 13.4948 86.1425
301 13.4132 86.2913
48 13.3365 86.4313
203 13.2566 86.5771
699 13.1751 86.7258
933 13.0947 86.8726
58 13.019 87.0108
546 12.939 87.1567
736 12.8567 87.3068
426 12.7776 87.4513
547 12.6971 87.5981
792 12.623 87.7334
178 12.5507 87.8653
833 12.4712 88.0103
969 12.3869 88.1641
914 12.3106 88.3033
953 12.2374 88.437
364 12.1686 88.5624
905 12.101 88.6858
138 12.0291 88.817
827 11.9589 88.9452
973 11.9002 89.0523
815 11.8416 89.1592
39 11.7788 89.2738
106 11.7225 89.3765
386 11.6703 89.4717
435 11.6144 89.5738
380 11.5688 89.657
247 11.5285 89.7306
585 11.4853 89.8093
325 11.4474 89.8786
446 11.4042 89.9573
868 11.3599 90.0383
557 11.3211 90.1089
405 11.2796 90.1847
169 11.2419 90.2535
444 11.2026 90.3253
568 11.161 90.4011
108 11.1208 90.4745
300 11.0792 90.5505
988 10.9941 90.708
368 10.9886 90.7181
213 10.9816 90.731
153 11.24 90.7169
718 11.4986 90.7028
1 11.7596 90.6886
711 12.0269 90.674
447 12.3033 90.659
678 12.5844 90.6437
236 12.8792 90.6276
263 13.1911 90.6107
750 13.5336 90.5921
200 13.8994 90.5722
401 14.2829 90.5513
871 14.9477 90.5154
610 15.6409 90.4779
31 16.1292 90.4514
50 16.6349 90.4239
441 17.1438 90.3963
430 17.6232 90.3703
696 17.8776 90.3564
409 18.1247 90.343
714 18.3535 90.3305
28 18.5715 90.3186
768 18.7144 90.3108
631 18.8539 90.3032
982 18.8952 90.3009
316 18.9367 90.2986
249 18.9792 90.2963
199 19.0209 90.294
44 19.3625 90.2754
227 19.7219 90.2559
456 20.08 90.2364
288 20.447 90.2165
712 20.8174 90.1963
17 21.186 90.1763
491 21.5518 90.1564
521 21.9215 90.1363
183 22.3025 90.1155
651 22.6808 90.095
495 23.0764 90.0734
13 23.481 90.0514
15 23.898 90.0288
776 24.3468 90.0044
808 24.8297 89.9782
306 25.3295 89.951
333 25.8501 89.9228
593 26.476 89.8888
115 27.1233 89.8537
36 27.8602 89.8138
73 28.632 89.7721
253 29.4299 89.729
167 30.2042 89.6871
539 30.9129 89.6488
707 31.3872 89.623
394 31.8459 89.5981
172 32.2914 89.5739
548 32.7246 89.5504
181 33.1434 89.5276
766 33.5172 89.5073
866 33.6509 89.5
22 33.6533 89.4999
428 33.6556 89.4998
786 33.6582 89.4996
256 33.6611 89.4995
752 33.6638 89.4993
129 33.6667 89.4992
96 33.6691 89.499
72 33.6717 89.4989
761 33.6741 89.4988
795 33.677 89.4986
806 33.6798 89.4984
919 33.6826 89.4983
231 33.6853 89.4981
773 33.6879 89.498
448 33.6906 89.4979
120 33.693 89.4977
150 33.6956 89.4976
611 33.6981 89.4975
960 34.0617 89.4779
392 34.4398 89.4576
672 34.8404 89.4361
20 35.243 89.4145
271 36.6581 89.3386
416 38.0213 89.2655
613 39.6091 89.1803
774 40.8944 89.1114
541 41.7054 89.0678
92 41.7054 89.0678
874 41.7054 89.0678
165 41.7054 89.0678
918 41.7054 89.0678
139 41.7054 89.0678
265 41.8196 89.0581
559 41.9427 89.0475
230 42.0692 89.0367
877 42.1952 89.0259
470 42.3222 89.0151
530 42.4492 89.0042
974 42.5848 88.9926
239 42.7836 88.9755
408 42.9849 88.9583
5 43.1969 88.9401
449 43.404 88.9223
389 43.6098 88.9047
53 43.8199 88.8867
569 44.0324 88.8685
738 44.2503 88.8498
309 44.491 88.8291
241 44.7401 88.8077
146 44.9947 88.7858
763 45.2509 88.7638
215 45.522 88.7405
437 45.7955 88.717
536 46.0598 88.6942
754 46.3283 88.6711
320 46.6085 88.647
248 46.8888 88.623
895 47.1636 88.5993
840 47.4447 88.5752
206 47.7889 88.5456
375 48.1215 88.517
305 48.4545 88.4883
82 48.7927 88.4591
882 49.1542 88.428
156 49.4167 88.4054
690 49.6682 88.3838
584 49.9326 88.3611
624 50.0285 88.3529
532 50.1229 88.3448
961 50.2166 88.3368
23 50.3113 88.3287
984 50.3557 88.3249
245 50.3952 88.3216
40 50.4356 88.3181
62 50.4767 88.3146
434 50.5177 88.3112
105 50.5574 88.3078
343 50.5965 88.3045
642 50.6356 88.3011
335 50.676 88.2977
851 50.7172 88.2942
369 50.7573 88.2908
861 50.7981 88.2873
511 50.8406 88.2837
746 50.8809 88.2803
713 50.9206 88.2769
880 50.9596 88.2736
636 50.9996 88.2702
313 51.0412 88.2666
947 51.0812 88.2632
118 51.1215 88.2598
140 51.1608 88.2565
887 51.2008 88.2531
563 51.2405 88.2497
202 51.2834 88.246
317 51.324 88.2426
856 51.363 88.2393
816 51.3989 88.2362
367 51.4351 88.2331
911 51.4713 88.2301
179 51.4713 88.2301
259 51.4713 88.2301
344 51.4713 88.2301
575 52.5455 87.293
415 53.505 86.4559
814 54.4497 85.6318
832 55.5552 84.6675
112 56.4376 83.8977
671 56.5268 83.9585
460 56.6171 84.02
297 56.7098 84.0832
931 56.7996 84.1444
185 56.8901 84.206
980 56.9136 84.2221
737 56.937 84.238
952 56.9589 84.2529
9 56.9799 84.2673
406 57.0029 84.2829
229 57.0264 84.2989
395 57.0503 84.3152
12 57.0732 84.3309
921 57.0955 84.3461
632 57.1194 84.3624
782 57.1548 84.3865
567 57.1927 84.4123
516 57.2275 84.4361
618 57.2629 84.4602
896 57.2976 84.4838
432 57.2976 84.4838
659 57.2976 84.4838
318 66.074 86.1036
845 66.9293 86.2616
149 67.7383 86.411
52 67.8581 86.4332
817 67.9772 86.4552
465 68.0978 86.4775
417 68.2221 86.5005
544 68.3403 86.5224
666 68.4599 86.5445
854 68.574 86.5656
42 68.6807 86.5853
620 68.7924 86.6059
992 68.9017 86.6262
177 69.0183 86.6477
622 69.1431 86.6708
273 69.2691 86.6941
158 69.4008 86.7184
464 69.5239 86.7412
937 69.6494 86.7644
83 69.7777 86.7881
481 69.9076 86.8121
145 70.0403 86.8366
285 70.1739 86.8613
477 70.3011 86.8849
801 70.4357 86.9098
813 70.7518 86.9682
742 71.0508 87.0234
823 71.3235 87.0738
864 71.6075 87.1263
378 71.8764 87.176
580 75.7983 87.9003
251 77.3002 87.9317
983 80.3882 87.9972
725 80.3882 87.9972
135 80.3882 87.9972
820 80.6088 87.9954
893 80.8328 87.9935
494 81.0607 87.9916
353 81.2899 87.9898
928 81.6774 87.9865
473 83.2012 86.4325
204 84.6389 84.9662
25 85.1987 84.3952
685 85.6193 83.9662
372 86.0122 83.5655
450 84.1922 82.1087
322 84.0925 82.0288
740 83.982 81.9403
648 83.8778 81.8568
889 83.7785 81.7773
660 83.6171 81.6479
311 82.7086 80.9202
159 80.9952 79.5481
528 79.2264 78.1316
818 77.405 76.6729
332 75.6696 75.2831
340 73.6707 73.6823
744 73.4037 73.4684
290 73.141 73.258
962 72.8909 73.0576
975 72.6504 72.8649
900 72.4114 72.6734
509 72.1746 72.4837
867 71.9875 72.3338
837 71.8074 72.1895
385 71.6256 72.0438
51 71.4304 71.8875
383 71.2381 71.7333
201 71.036 71.5714
110 70.8351 71.4105
852 70.6379 71.2525
668 70.4399 71.0939
152 70.2862 70.9707
904 70.1297 70.8454
67 69.972 70.719
393 69.8223 70.5991
68 69.6827 70.4872
579 69.5561 70.3858
18 69.4184 70.2754
420 69.2746 70.1603
775 69.147 70.058
942 67.5623 68.7888
71 67.5623 68.7888
334 67.5623 68.7888
440 65.9737 68.1704
478 64.7897 67.7094
468 63.6726 67.2744
762 63.0122 67.0172
987 62.4075 66.7816
173 61.811 66.5492
727 61.1912 66.3078
650 60.4345 66.0131
208 59.5317 65.6615
847 58.6376 65.3134
595 57.5575 64.8928
923 56.1545 64.3466
798 56.1645 64.4499
238 56.1749 64.5583
485 56.1847 64.6594
515 56.1962 64.7784
964 56.2071 64.8917
577 56.2179 65.004
810 56.2298 65.1268
647 56.242 65.2533
617 56.2537 65.3753
779 56.2652 65.4945
791 56.3649 65.9163
161 56.4715 66.3675
625 56.5911 66.8739
654 56.7313 67.4675
282 54.8308 68.2891
109 52.8234 69.1569
235 50.8051 70.0295
404 49.0288 70.7974
605 48.8672 70.8673
857 48.662 70.956
294 48.4492 71.048
94 48.2817 71.1204
800 48.1066 71.1961
134 47.9095 71.2813
144 47.7259 71.3607
84 47.5627 71.4312
484 47.3528 71.522
769 47.1549 71.6076
968 46.9368 71.7019
807 46.6827 71.8117
513 46.5191 71.8824
826 46.3539 71.9539
126 46.1918 72.0239
940 46.0284 72.0946
319 45.8619 72.1666
564 45.7419 72.2184
315 45.6307 72.2665
292 45.0728 72.5077
280 45.0728 72.5077
216 44.8911 72.5317
453 44.6716 72.5607
676 44.4244 72.5933
350 44.1774 72.626
523 43.9458 72.6566
582 43.7262 72.6856
80 43.41 72.7274
894 43.123 72.7653
189 42.8264 72.8045
986 42.5958 72.8349
225 42.3212 72.8712
591 42.0444 72.9078
614 41.8434 72.9343
755 41.6519 72.9596
724 41.4429 72.9872
562 41.2469 73.0131
976 41.0394 73.0405
365 40.8351 73.0675
802 40.6491 73.0921
226 40.4234 73.1219
855 40.2267 73.1479
91 39.9529 73.184
540 39.1265 73.2932
2 38.2651 73.407
561 37.924 73.4521
252 37.5548 73.5008
193 37.2118 73.5462
638 33.9401 73.9783
141 33.3769 74.0527
571 33.2414 73.9995
459 33.1171 73.9506
662 32.838 73.841
649 32.5547 73.7297
124 32.2076 73.5933
872 31.8611 73.4572
16 31.5065 73.3179
41 31.1655 73.1838
954 30.8542 73.0615
689 30.5409 72.9384
604 30.2131 72.8097
730 29.8912 72.6832
60 29.5712 72.5574
550 29.2323 72.4243
296 28.9249 72.3035
888 28.5764 72.1666
635 28.2494 72.0381
270 27.9467 71.9192
950 27.5219 71.7523
825 27.133 71.5995
429 27.1949 70.8901
81 27.317 69.4895
113 27.3787 69.3677
99 27.4554 69.2164
327 27.5359 69.0576
735 27.6163 68.8992
479 27.6809 68.7718
79 27.7758 68.5845
574 27.8571 68.4242
454 27.9409 68.2589
223 28.0346 68.0743
510 28.4013 67.3512
756 28.5228 67.1115
878 28.6144 66.931
599 28.7105 66.7413
359 28.804 66.5571
382 28.8962 66.3752
658 28.9829 66.2042
640 29.1783 65.8189
927 29.3514 65.4776
903 29.5454 65.0949
733 29.7408 64.7097
411 29.9336 64.3294
324 30.3317 63.5446
104 30.5362 63.1412
308 30.7306 62.7579
729 30.9364 62.3522
705 31.146 61.9389
688 31.3512 61.5343
264 31.5119 61.2174
912 31.5119 61.2174
683 31.5119 61.2174
809 31.5119 61.2174
54 31.5119 61.2174
576 31.5119 61.2174
596 31.5119 61.2174
910 31.5119 61.2174
471 31.5119 61.2174
56 31.5119 61.2174
715 31.5119 61.2174
732 31.5119 61.2174
137 31.5119 61.2174
163 31.5119 61.2174
839 31.5119 61.2174
21 31.5119 61.2174
171 31.5119 61.2174
237 31.5119 61.2174
891 31.5119 61.2174
901 31.5119 61.2174
59 31.5119 61.2174
765 31.5119 61.2174
493 31.5119 61.2174
501 31.5119 61.2174
507 31.5119 61.2174
175 31.5119 61.2174
390 31.5119 61.2174
804 31.5119 61.2174
291 31.5119 61.2174
410 31.5119 61.2174
645 31.1271 59.3721
89 30.7324 57.479
210 30.3102 55.4538
922 30.1768 55.0911
127 30.0376 54.7123
451 29.8868 54.3021
788 29.7191 53.8462
957 29.5144 53.2892
267 29.2562 52.5867
687 28.9368 51.7179
30 28.8066 51.3639
679 28.3381 50.0891
49 27.7925 50.65
897 27.0868 51.3754
535 27.0986 51.3256
397 27.1095 51.2798
413 27.1196 51.2372
147 27.1296 51.1953
633 27.1397 51.1526
38 27.1503 51.1082
929 27.1597 51.0685
545 27.1701 51.025
913 27.1812 50.9783
148 27.1923 50.9316
414 29.2076 50.0167
566 30.7297 49.3257
388 31.2599 49.0849
543 31.794 48.8424
475 32.3771 48.5776
403 33.1558 48.224
853 36.4755 46.7171
706 36.4755 46.7171
480 36.4755 46.7171
438 36.4755 46.7171
269 36.4755 46.7171
37 36.4755 46.7171
619 36.6041 46.7088
603 36.7322 46.7005
783 36.8651 46.6919
525 36.9962 46.6834
356 37.1485 46.6735
917 37.288 46.6644
876 37.4213 46.6558
790 37.5583 46.6469
11 37.6852 46.6387
778 37.8756 46.6263
664 38.0691 46.6138
508 38.5681 46.5815
748 39.1624 46.543
302 39.9891 46.4895
197 41.929 46.3643
257 43.0262 46.2934
19 44.9611 46.1685
7 44.9768 46.1925
276 45.4364 46.8961
848 45.9146 47.6282
989 46.4181 48.3989
522 47.0313 49.3375
862 47.6965 50.3557
743 48.876 52.1602
281 48.876 52.1602
533 48.876 52.1602
180 48.881 52.1561
63 48.8862 52.1518
452 48.8905 52.1483
69 48.8946 52.1449
35 48.8984 52.1417
155 48.9026 52.1383
186 48.9066 52.1349
498 48.9106 52.1316
945 48.9151 52.1279
870 48.9197 52.1241
512 48.9234 52.121
492 48.9273 52.1178
370 48.9308 52.1149
461 48.9348 52.1116
558 48.9386 52.1084
621 49.2981 51.8109
396 49.6924 51.4846
597 50.0397 51.1971
843 50.4176 50.8844
85 50.7923 50.5742
793 51.1568 50.2726
875 51.5379 49.9572
194 51.8935 49.6629
519 52.3173 49.3121
101 52.7443 48.9587
342 53.2488 48.5411
262 53.816 48.0718
472 54.4113 47.5792
188 55.089 47.0184
716 55.9247 46.3269
906 56.7847 45.6154
844 57.6995 44.8585
781 58.786 43.9597
842 59.0783 44.2653
117 59.3389 44.5379
594 59.5801 44.7902
623 59.8276 45.049
644 60.0685 45.301
217 60.3059 45.5493
358 60.5488 45.8033
634 60.8107 46.0772
606 61.0988 46.3785
314 61.3884 46.6814
43 61.6925 46.9994
675 62.0134 47.335
978 62.3558 47.693
850 62.7232 48.0772
286 62.8186 48.1769
143 63.3336 48.4754
293 63.8345 48.7658
102 64.3151 49.0444
907 64.7209 49.2796
538 65.4163 49.2806
190 66.3645 49.282
926 67.3207 49.2834
767 68.2868 49.2848
583 69.3361 49.2864
656 70.2349 49.2877
670 71.0904 49.2889
274 71.9518 49.2902
323 72.1681 49.2905
745 72.4039 49.2908
920 72.6241 49.2912
941 72.8251 49.2915
609 73.0345 49.2918
29 73.2374 49.292
70 73.431 49.2923
232 73.6612 49.2926
357 73.8949 49.293
967 74.9875 49.2946
553 75.9512 49.296
466 77.0654 49.2977
592 78.5103 49.2998
425 80.0391 49.3021
684 81.9084 49.3049
242 82.3542 49.3055
951 82.7857 49.3062
387 83.186 49.3067
107 83.6303 49.3074
198 83.9754 49.3079
170 84.3294 49.3084
136 84.6334 49.3088
932 84.9346 49.3093
506 85.2824 49.3098
977 85.5971 49.3102
838 85.9333 49.3107
195 86.2815 49.3112
884 86.7436 49.3119
497 87.1773 49.3125
835 86.9556 41.576
33 86.8145 36.6522
98 86.7307 33.7278
590 86.6766 31.8379
520 86.6113 29.56
243 86.299 18.6589
260 86.2684 17.5916
483 86.2684 17.5916
345 85.743 17.7936
627 85.1338 18.0278
979 83.4243 18.6847
