0,260,627,345,483,243,979,721,24,504,598,103,295,176,581,777,653,518,289,250,934,164,681,865,785,379,586,834,191,853,883,787,261,467,822,160,421,278,748,566,790,257,7,452,529,692,989,862,480,923,906,101,843,19,935,355,188,155,512,276,66,844,716,458,492,930,819,6,209,419,55,27,555,821,831,45,781,873,828,751,959,926,842,217,377,594,644,357,43,870,978,466,675,634,358,117,232,396,519,793,538,945,194,210,472,342,791,161,577,732,197,63,875,69,810,459,109,134,94,513,484,715,986,85,262,286,617,186,576,743,225,597,912,54,308,264,235,216,558,676,56,523,498,798,471,522,533,929,104,281,291,779,876,508,461,839,237,848,778,687,11,388,811,525,535,147,38,917,356,414,543,413,180,783,706,438,619,302,151,32,549,268,943,602,474,612,829,673,133,439,26,704,246,702,254,363,643,407,351,287,221,824,915,354,64,899,284,641,111,626,902,709,307,337,310,573,669,488,8,812,661,211,629,362,963,722,881,682,646,299,412,588,348,366,741,61,74,402,674,121,65,331,187,87,86,572,710,4,455,794,258,898,514,700,423,836,616,985,283,990,476,46,78,758,391,723,125,655,486,679,869,10,205,664,858,913,698,938,797,475,37,397,148,771,841,212,542,142,303,652,565,531,228,958,328,505,166,330,863,154,909,534,499,770,384,123,128,157,747,47,925,784,376,116,849,663,731,373,749,312,222,341,489,463,805,527,936,760,100,57,589,336,352,279,182,131,764,277,233,708,192,879,119,703,214,218,122,347,77,445,255,371,381,427,31,234,14,517,939,667,734,639,890,556,799,3,457,338,207,400,374,482,686,607,739,272,361,97,431,88,966,694,224,948,970,219,162,113,991,429,500,433,717,665,830,298,426,815,728,346,680,178,657,892,944,321,75,570,48,860,554,168,479,503,39,628,169,300,240,444,792,547,546,718,736,90,263,153,914,637,446,693,203,759,719,615,868,401,585,106,953,380,364,436,678,213,183,982,95,711,905,405,301,447,108,955,568,988,462,441,227,827,442,435,871,115,973,916,761,521,456,714,93,15,750,200,699,244,138,495,1,304,13,17,712,236,199,969,560,796,695,325,399,557,386,288,803,780,524,726,275,398,184,339,697,950,608,578,886,825,551,701,418,247,757,316,424,885,58,635,333,469,76,806,631,776,933,753,651,707,28,768,36,491,409,430,139,428,593,392,960,808,189,2,231,172,394,437,296,918,872,611,786,20,72,306,919,150,672,44,610,795,73,22,877,449,470,752,271,96,689,120,256,773,41,696,50,859,249,368,490,638,360,550,141,292,649,833,215,571,252,60,167,840,789,730,724,223,662,404,976,552,327,390,965,220,971,878,596,253,443,888,587,526,574,604,927,591,454,487,16,226,501,903,924,99,502,946,326,954,124,658,537,600,349,451,132,411,601,329,266,81,630,196,677,972,981,114,422,957,846,545,956,756,174,949,496,908,688,633,772,901,729,130,691,705,897,34,891,382,403,324,599,89,645,370,640,507,720,137,809,603,510,621,788,269,765,30,79,175,733,49,922,59,735,267,127,171,804,365,910,493,359,855,163,21,410,683,894,350,562,614,561,294,755,632,802,248,80,126,144,270,563,540,807,230,564,516,202,193,974,105,53,541,309,92,539,146,613,265,448,241,206,548,559,766,713,344,866,129,961,569,882,874,738,181,952,375,165,536,861,618,584,305,319,343,624,239,62,367,774,642,763,737,754,532,511,746,851,23,980,434,320,947,118,82,5,887,40,984,690,156,389,636,814,826,416,140,530,406,782,895,415,280,369,940,179,880,659,408,313,12,857,921,245,395,847,582,208,964,647,904,468,432,605,460,769,317,84,378,654,515,67,625,282,440,453,35,968,112,9,671,668,727,509,91,832,259,800,18,315,335,575,297,477,801,931,285,813,742,823,864,145,481,83,937,465,816,229,896,911,856,544,251,158,273,622,177,567,464,185,149,620,854,666,817,992,52,42,983,725,580,318,353,845,494,893,820,135,928,159,322,417,528,740,889,25,372,685,204,450,311,660,473,977,497,107,170,684,648,744,71,51,775,818,867,332,173,962,650,852,383,340,420,987,762,238,293,385,837,900,393,579,290,152,975,201,485,907,478,595,68,110,334,656,102,767,623,606,143,553,942,195,609,190,583,387,941,951,242,425,884,920,932,967,198,506,850,136,838,70,314,29,323,670,745,592,520,33,835,274,590,98,
value : 564.434 running time : 34.778652
0 80 20
260 83.3807 16.3305
627 84.3401 15.2891
345 84.3401 15.2891
483 84.3401 15.2891
243 83.4909 15.3019
979 80.5244 15.3467
721 74.6633 15.4351
24 70.7636 15.494
504 68.3746 15.53
598 66.1514 15.5636
103 63.8297 15.5987
295 62.4032 15.6202
176 60.7737 15.6448
581 58.6344 15.6771
777 55.8201 15.7196
653 51.1758 15.7897
518 48.8943 15.8242
289 46.7154 20.5633
250 45.4059 23.4115
934 44.5344 25.307
164 43.6754 27.1752
681 42.5958 29.5232
865 42.5559 29.6083
785 42.5159 29.6937
379 42.4772 29.7764
586 42.4352 29.8662
834 42.3941 29.954
191 42.3522 30.0434
853 42.3122 30.1288
883 42.2765 30.2051
787 41.8782 31.0554
261 41.8126 31.5947
467 41.7393 32.197
822 41.6663 32.797
160 41.5463 33.7832
421 41.4179 34.8378
278 41.2893 35.8945
748 40.9893 38.3608
566 41.3068 38.5396
790 41.5987 38.704
257 41.8756 38.8599
7 42.1409 39.0093
452 42.4368 39.176
529 42.6867 39.3167
692 43.7669 39.9251
989 44.9282 40.5791
862 46.2256 41.3098
480 47.6581 42.1166
923 49.9193 43.3903
906 50.5551 43.7484
101 51.1845 44.1028
843 51.1845 44.1028
19 51.1845 44.1028
935 51.1845 44.1028
355 51.1845 44.1028
188 51.1845 44.1028
155 51.4397 43.5083
512 51.706 42.8876
276 52.0233 42.1483
66 52.3616 41.3599
844 52.6945 40.5843
716 53.0237 39.8171
458 53.3602 39.0331
492 53.6826 38.2817
930 54.7445 35.8075
819 55.6811 33.6252
6 55.6811 33.6252
209 55.6811 33.6252
419 55.6811 33.6252
55 55.7006 33.6522
27 55.72 33.679
555 55.7378 33.7037
821 55.7565 33.7296
831 55.7744 33.7544
45 55.7943 33.7819
781 55.8113 33.8054
873 55.8281 33.8288
828 55.8483 33.8567
751 55.8675 33.8832
959 55.8868 33.91
926 60.3421 40.0778
842 60.4276 40.1961
217 60.4972 40.2925
377 60.5717 40.3956
594 60.6551 40.511
644 60.7446 40.6349
357 60.8239 40.7447
43 60.8963 40.845
870 60.9703 40.9473
978 61.0582 41.0691
466 61.1499 41.196
675 60.7416 41.6691
634 60.3272 42.1494
358 59.9131 42.6294
117 59.4597 43.1548
232 59.0541 43.6249
396 57.127 45.8583
519 55.9907 47.1752
793 55.0458 48.2703
538 54.4248 48.99
945 53.276 49.4967
194 52.2379 49.9545
210 51.4673 50.2944
472 50.8338 50.5737
342 50.2246 50.8424
791 49.6702 51.0869
161 49.6007 51.1175
577 49.5298 51.1488
732 49.4521 51.1831
197 49.4521 51.1831
63 49.3839 52.0514
875 49.2958 53.175
69 49.1692 54.7891
810 48.9418 57.687
459 48.7619 59.9792
109 48.6206 61.7798
134 48.5435 62.7627
94 48.4784 63.5923
513 48.2797 63.3643
484 48.0095 63.0544
715 47.7383 62.7433
986 47.5147 62.4868
85 47.2547 62.1886
262 44.9275 59.5191
286 44.7905 59.41
617 44.6413 59.2912
186 44.4366 59.1281
576 44.2497 58.9793
743 44.0823 58.846
225 43.8907 58.6934
597 43.6004 58.4622
912 43.3227 58.2411
54 43.0835 58.0506
308 42.8492 57.864
264 42.7884 57.7863
235 42.7324 57.7146
216 42.6649 57.6282
558 42.5927 57.536
676 42.5211 57.4443
56 42.4487 57.3518
523 42.3781 57.2614
498 42.277 57.1321
798 42.1797 57.0077
471 42.0691 56.8662
522 41.9585 56.7248
533 41.87 56.6116
929 41.7769 56.4924
104 41.6923 56.3842
281 41.6046 56.2721
291 41.5156 56.1583
779 41.4202 56.0362
876 39.7366 53.8828
508 38.8237 52.7151
461 38.3927 52.1638
839 37.9162 51.5543
237 37.3903 50.8816
848 36.831 50.1662
778 36.1526 49.2986
687 35.4348 48.3804
11 34.8834 47.6751
388 34.4646 47.1395
811 34.1011 46.6745
525 33.8087 46.3005
535 33.5171 45.9276
147 33.2601 45.5989
38 32.9506 45.203
917 32.6728 44.8476
356 32.3759 44.4678
414 32.0298 44.0252
543 31.7237 43.6337
413 31.4352 43.2646
180 31.1444 42.8927
783 30.6048 42.2025
706 30.0482 41.4905
438 29.4661 40.7459
619 28.9256 40.0546
302 28.2791 39.2277
151 27.1305 37.7585
32 25.754 35.9979
549 24.57 34.4834
268 23.2512 32.7967
943 22.7108 32.1054
602 22.2167 31.4734
474 21.7173 30.8347
612 21.3512 30.3664
829 20.8831 29.7677
673 20.3278 29.0574
133 20.0157 28.6581
439 24.163 22.3017
26 27.6251 16.9955
704 27.6251 16.9955
246 27.6251 16.9955
702 27.6251 16.9955
254 27.6251 16.9955
363 27.6251 16.9955
643 27.6251 16.9955
407 27.6251 16.9955
351 27.6251 16.9955
287 27.6251 16.9955
221 27.5613 16.9852
824 27.4963 16.9747
915 27.4306 16.964
354 27.3679 16.9539
64 27.3073 16.9441
899 27.2401 16.9332
284 27.1819 16.9238
641 27.1217 16.9141
111 27.0775 16.907
626 27.0205 16.8977
902 26.959 16.8878
709 26.9095 16.8798
307 26.8588 16.8716
337 26.8126 16.8642
310 26.6714 16.8413
573 25.8588 16.71
669 23.402 16.3129
488 19.2796 15.6465
8 16.5696 15.2085
812 13.2155 14.6663
661 13.2023 14.835
211 13.1928 14.955
629 13.1832 15.0771
362 13.1721 15.2178
963 13.1614 15.3543
722 13.1547 15.4391
881 13.1161 15.9302
682 13.067 16.5542
646 13.0189 17.1645
299 12.9666 17.8295
412 12.9317 18.273
588 12.8971 18.7136
348 12.8604 19.1799
366 12.8218 19.6703
741 12.7784 20.2219
61 12.7378 20.738
74 12.6371 22.0177
402 12.573 22.8328
674 12.505 23.6965
121 12.388 25.1837
65 12.3671 25.449
331 11.3959 25.2626
187 10.5732 25.1048
87 10.7778 25.4766
86 10.9369 25.7656
572 11.1011 26.064
710 11.2594 26.3516
4 11.4084 26.6225
455 11.5651 26.9072
794 11.7285 27.2042
258 11.8984 27.5129
898 12.0797 27.8422
514 12.7154 28.9975
700 13.7367 30.8532
423 14.3976 32.0542
836 14.7868 32.7614
616 15.2374 33.5802
985 15.581 34.2046
283 15.9664 34.9047
990 16.3676 35.6338
476 16.7494 36.3276
46 17.0632 36.8977
78 17.5397 37.7635
758 17.9975 38.5955
391 18.2734 39.0969
723 18.4163 39.3564
125 18.5506 39.6005
655 18.708 39.8866
486 18.851 40.1464
679 19.0226 40.4583
869 18.9864 40.6981
10 18.9385 41.0146
205 18.8908 41.33
664 18.8353 41.6972
858 18.7747 42.0979
913 18.7238 42.4344
698 18.1132 42.8084
938 17.5926 43.127
797 17.1386 43.405
475 16.704 43.6711
37 16.2335 43.9592
397 15.693 44.2901
148 14.9374 44.7528
771 14.1688 45.2233
841 13.3472 45.7264
212 12.6076 46.1792
542 11.9235 46.5981
142 11.267 47
303 10.2832 47.6024
652 9.45238 48.1111
565 8.61841 48.6217
531 7.76299 49.1454
228 7.76299 49.1454
958 7.76299 49.1454
328 7.76299 49.1454
505 7.8217 49.2922
166 7.86943 49.4115
330 7.91034 49.5138
863 7.96036 49.6388
154 8.01562 49.7769
909 8.06686 49.905
534 8.11513 50.0257
499 8.15621 50.1283
770 8.23169 50.317
384 8.3061 50.503
123 8.38925 50.7108
128 8.4704 50.9137
157 8.56102 51.1402
747 8.66431 51.3984
47 8.74197 51.5925
925 8.82813 51.8079
784 8.91401 52.0225
376 8.98271 52.1943
116 8.98271 52.1943
849 8.98271 52.1943
663 8.98271 52.1943
731 9.01972 52.4036
373 9.06318 52.6493
749 9.1043 52.8819
312 9.14497 53.1119
222 9.19463 53.3927
341 9.24345 53.6688
489 9.29256 53.9465
463 9.3421 54.2267
805 9.39541 54.5281
527 9.44649 54.817
936 9.49761 55.1061
760 9.55244 55.4162
100 9.59788 55.6731
57 9.64669 55.9491
589 9.70296 56.2673
336 9.75124 56.5404
352 9.79826 56.8063
279 9.85082 57.1035
182 9.90403 57.4044
131 9.96696 57.7603
764 10.0225 58.0742
277 10.0765 58.3797
233 10.115 58.5975
708 10.1173 58.9083
192 10.1203 59.3188
879 10.123 59.6972
119 10.1254 60.0276
703 10.1274 60.2977
214 10.1293 60.5579
218 10.1315 60.8613
122 10.1339 61.1903
347 10.1444 62.6391
77 10.1548 64.062
445 10.1639 65.3149
255 10.1702 66.1829
371 10.1766 67.0543
381 10.1832 67.9603
427 10.1894 68.8191
31 10.1957 69.6816
234 10.1967 69.8169
14 10.198 69.9996
517 10.1994 70.1806
939 10.2007 70.3603
667 10.2022 70.5692
734 10.2036 70.7659
639 10.2053 70.9924
890 10.2068 71.2062
556 10.2081 71.3824
799 10.2093 71.5411
3 10.2106 71.7202
457 10.2122 71.9392
338 10.2135 72.1214
207 10.2149 72.3219
400 10.2163 72.5103
374 10.2177 72.703
482 10.2189 72.8685
686 10.2203 73.061
607 10.2217 73.2471
739 10.2229 73.4207
272 10.2245 73.6294
361 10.2261 73.8539
97 10.2276 74.0657
431 10.2294 74.3106
88 10.2306 74.4684
966 10.2314 74.5889
694 10.2328 74.7692
224 10.2342 74.9607
948 10.2354 75.1362
970 10.2367 75.3126
219 10.2382 75.5136
162 10.2398 75.735
113 10.2414 75.956
991 10.243 76.1702
429 10.2444 76.3702
500 10.2459 76.5755
433 10.2474 76.778
717 10.2487 76.9565
665 10.2507 77.235
830 10.2531 77.5623
298 10.2552 77.8515
426 10.2576 78.1769
815 10.2597 78.4688
728 10.2614 78.6989
346 10.2631 78.9393
680 10.2649 79.1898
178 10.2674 79.5252
657 10.2695 79.8228
892 10.2721 80.1709
944 10.2742 80.4706
321 10.2764 80.7639
75 10.2787 81.0768
570 10.2809 81.3822
48 10.283 81.6783
860 10.2851 81.9549
554 10.2873 82.264
168 10.2894 82.5566
479 10.2918 82.8781
503 10.2949 83.3029
39 10.3072 84.9924
628 10.3082 85.1359
169 10.3093 85.2795
300 10.3103 85.4224
240 10.3113 85.5619
444 10.3124 85.7141
792 10.3135 85.8658
547 10.3146 86.0183
546 10.3157 86.1583
718 10.3168 86.3145
736 10.3179 86.4641
90 10.3189 86.6071
263 10.3202 86.7794
153 10.3214 86.9421
914 10.3225 87.106
637 10.3237 87.2586
446 10.3248 87.4107
693 10.3259 87.5601
203 10.3268 87.6969
759 10.328 87.8509
719 10.3292 88.0191
615 10.3304 88.1835
868 10.3319 88.3864
401 10.333 88.5484
585 10.3344 88.7299
106 10.3356 88.8949
953 10.3367 89.0472
380 10.3379 89.2109
364 10.3388 89.3435
436 10.3398 89.4819
678 10.3411 89.6613
213 10.3423 89.8276
183 10.3424 89.8343
982 10.3425 89.8425
95 10.3425 89.8509
711 10.3426 89.8603
905 10.3426 89.8683
405 10.3427 89.8776
301 10.3428 89.8857
447 10.3428 89.8939
108 10.3429 89.9018
955 10.3429 89.9097
568 10.343 89.9195
988 10.3431 89.929
462 11.8381 90.0095
441 13.1831 90.0819
227 13.3699 90.092
827 13.5338 90.1008
442 13.7433 90.112
435 13.9439 90.1228
871 14.2335 90.1384
115 14.4796 90.1517
973 14.7204 90.1646
916 14.9793 90.1785
761 15.2609 90.1937
521 15.4957 90.2063
456 15.4957 90.2063
714 15.4957 90.2063
93 15.4957 90.2063
15 15.4957 90.2063
750 15.4957 90.2063
200 15.4957 90.2063
699 15.4957 90.2063
244 15.4957 90.2063
138 15.4957 90.2063
495 15.4957 90.2063
1 15.4957 90.2063
304 15.4957 90.2063
13 15.4957 90.2063
17 15.4957 90.2063
712 15.4957 90.2063
236 15.4957 90.2063
199 15.4957 90.2063
969 15.4957 90.2063
560 15.788 88.7145
796 15.9923 87.6717
695 16.0662 87.2944
325 16.1458 86.8883
399 16.2208 86.5055
557 16.2945 86.1292
386 16.3736 85.7257
288 16.4611 85.2788
803 16.5549 84.7998
780 17.3792 80.5927
524 18.1451 76.683
726 18.3184 77.0454
275 18.4799 77.3831
398 18.662 77.7641
184 18.8924 78.2459
339 19.0971 78.674
697 19.3009 79.1003
950 19.4857 79.4866
608 19.6976 79.9299
578 19.8952 80.3431
886 20.0802 80.7301
825 20.2599 81.106
551 20.4499 81.5034
701 20.6571 81.9367
418 20.9396 82.5275
247 21.1716 83.0127
757 21.2195 83.0826
316 21.266 83.1505
424 21.516 83.5155
885 21.7598 83.8713
58 21.9754 84.1861
635 22.1802 84.485
333 22.5999 85.0977
469 23.0651 85.7766
76 23.5585 86.4968
806 24.0307 87.186
631 24.531 87.9163
776 24.7305 88.2075
933 25.1371 88.3145
753 25.5772 88.4303
651 26.0575 88.5567
707 26.5645 88.6901
28 26.9222 88.7842
768 27.2702 88.8758
36 27.6368 88.9722
491 27.9932 89.066
409 28.6996 89.2519
430 29.4215 89.4419
139 30.2166 89.6511
428 30.2166 89.6511
593 30.2166 89.6511
392 30.2166 89.6511
960 30.2166 89.6511
808 30.2166 89.6511
189 30.2166 89.6511
2 30.2166 89.6511
231 30.2166 89.6511
172 30.2166 89.6511
394 30.2166 89.6511
437 30.2166 89.6511
296 30.2166 89.6511
918 30.2166 89.6511
872 30.2166 89.6511
611 30.2166 89.6511
786 30.2166 89.6511
20 30.2166 89.6511
72 30.2166 89.6511
306 30.2166 89.6511
919 30.2166 89.6511
150 30.2166 89.6511
672 30.2166 89.6511
44 30.2166 89.6511
610 30.2166 89.6511
795 30.2166 89.6511
73 30.2166 89.6511
22 30.2166 89.6511
877 30.2166 89.6511
449 30.2166 89.6511
470 30.1871 89.3598
752 30.1579 89.0726
271 30.0887 88.3893
96 30.0126 87.6389
689 29.9287 86.8115
120 29.9034 86.5622
256 29.8735 86.2674
773 29.8455 85.9906
41 29.8185 85.7244
696 29.7943 85.4858
50 29.7667 85.2139
859 29.7382 84.9323
249 29.7085 84.6389
368 29.6796 84.3539
490 29.6474 84.0363
638 29.6161 83.7273
360 29.5846 83.4172
550 29.5561 83.136
141 29.5313 82.8914
292 29.5041 82.6224
649 29.4768 82.353
833 29.4513 82.1021
215 29.3937 81.5331
571 29.3275 80.8807
252 29.2901 80.5119
60 29.2543 80.1584
167 29.2181 79.8007
840 29.1788 79.4132
789 29.1355 78.9857
730 29.0956 78.5921
724 29.0577 78.2191
223 29.0231 77.8768
662 28.9848 77.4992
404 28.9453 77.1093
976 28.9132 76.7934
552 28.8365 76.4307
327 28.7753 76.1414
390 28.7162 75.8623
965 28.6689 75.6385
220 28.6256 75.4338
971 28.578 75.2089
878 28.5359 75.0098
596 28.493 74.807
253 28.493 74.807
443 28.366 74.4115
888 28.2344 74.0016
587 28.1027 73.5911
526 27.9909 73.2429
574 27.8819 72.9034
604 27.773 72.5642
927 27.654 72.1932
591 27.5477 71.8623
454 27.4469 71.548
487 27.3372 71.2064
16 27.2074 70.8021
226 27.0595 70.3414
501 26.836 69.645
903 26.6325 69.0111
924 26.4578 68.4669
99 26.2899 67.9438
502 26.1102 67.3838
946 26.1044 67.3573
326 26.0985 67.3298
954 26.0919 67.2994
124 26.0759 67.2253
658 25.9962 66.8573
537 25.907 66.4456
600 25.8034 65.9668
349 25.6897 65.4417
451 25.5856 64.9609
132 25.4971 64.5521
411 25.4057 64.1298
601 25.3133 63.703
329 25.2203 63.2736
266 25.1347 62.8781
81 25.0131 62.3164
630 24.8859 61.7288
196 24.2219 58.6628
677 23.8647 57.0131
972 23.8647 57.0131
981 23.8647 57.0131
114 23.8647 57.0131
422 23.8747 56.9146
957 23.8837 56.826
846 23.8933 56.7315
545 23.9048 56.6191
956 23.9152 56.5167
756 23.9257 56.4128
174 23.9369 56.3026
949 23.9481 56.1925
496 24.0662 56.253
908 24.212 56.3276
688 24.3593 56.403
633 24.4847 56.4672
772 24.6123 56.5326
901 24.7549 56.6056
729 24.8796 56.6695
130 24.9945 56.7283
691 25.1786 56.8226
705 25.3896 56.9306
897 25.6021 57.0394
34 25.8078 57.1448
891 26.0118 57.2492
382 26.2028 57.347
403 26.3732 57.4343
324 27.0621 57.787
599 27.8196 58.1749
89 28.5342 58.5409
645 29.2379 58.9012
370 29.8591 59.2193
640 30.2669 59.4282
507 30.6988 59.6494
720 31.2011 59.9065
137 31.7222 60.1734
809 32.2123 60.4243
603 32.638 60.6424
510 33.1365 60.8976
621 33.7682 61.2211
788 33.7682 61.2211
269 33.7682 61.2211
765 33.7682 61.2211
30 33.7682 61.2211
79 33.7682 61.2211
175 33.7682 61.2211
733 33.7682 61.2211
49 33.7682 61.2211
922 33.9181 61.5727
59 34.0652 61.9176
735 34.2384 62.3236
267 34.4495 62.8186
127 34.6653 63.3246
171 35.1751 64.5199
804 35.574 65.4554
365 35.9799 66.4069
910 36.3894 67.3672
493 36.7513 68.2156
359 37.4093 69.7586
855 38.208 71.6313
163 38.3882 72.0538
21 38.5703 72.4807
410 38.7685 72.9454
683 38.9981 73.4839
894 39.2842 74.1546
350 39.5654 74.8138
562 39.8459 75.4716
614 40.0846 76.0313
561 40.3356 76.6198
294 40.5599 77.1456
755 40.7761 77.6526
632 40.981 78.1329
802 41.2256 78.7066
248 41.4585 79.2527
80 41.6785 79.7686
126 41.9722 80.4572
144 42.2175 81.0322
270 42.4988 81.692
563 42.8418 82.4961
540 43.1781 83.2848
807 43.651 84.3934
230 44.1717 85.6144
564 44.6569 86.752
516 45.2698 88.1892
202 45.7704 89.3631
193 45.3183 89.8017
974 44.8775 90.2293
105 44.8775 90.2293
53 44.8775 90.2293
541 44.8775 90.2293
309 44.8775 90.2293
92 44.8775 90.2293
539 44.9556 90.2317
146 45.0223 90.2337
613 45.0912 90.2358
265 45.1697 90.2382
448 45.3915 90.2449
241 45.6218 90.2519
206 45.8584 90.259
548 46.077 90.2656
559 46.3295 90.2733
766 46.568 90.2805
713 46.8342 90.2885
344 47.094 90.2964
866 47.094 90.2964
129 47.094 90.2964
961 47.094 90.2964
569 47.094 90.2964
882 47.094 90.2964
874 47.094 90.2964
738 47.094 90.2964
181 47.3164 90.1551
952 47.5959 89.9775
375 47.8297 89.829
165 48.0881 89.6648
536 48.3697 89.486
861 48.6462 89.3104
618 48.8776 89.1634
584 49.111 89.0151
305 49.1227 88.994
319 49.1348 88.9721
343 49.145 88.9539
624 49.155 88.9359
239 49.1666 88.9151
62 49.1785 88.8937
367 49.1904 88.8722
774 49.2022 88.851
642 49.2146 88.8287
763 49.2245 88.8109
737 49.2353 88.7915
754 49.2466 88.7712
532 49.2565 88.7535
511 49.2675 88.7336
746 49.2795 88.712
851 49.2917 88.6902
23 49.3021 88.6715
980 49.3442 88.5957
434 49.3836 88.5249
320 49.4312 88.4394
947 49.4768 88.3573
118 49.519 88.2814
82 49.5601 88.2077
5 49.5951 88.1447
887 49.9805 87.4518
40 50.3371 86.8106
984 50.6888 86.1784
690 50.6921 86.1703
156 50.6952 86.163
389 50.6986 86.1547
636 50.8324 85.8324
814 50.9432 85.5655
826 51.0653 85.2712
416 51.169 85.0212
140 51.3044 84.6951
530 51.4325 84.3863
406 51.5646 84.0682
782 51.7052 83.7295
895 51.8255 83.4396
415 51.9374 83.1698
280 52.0625 82.8685
369 52.1817 82.5812
940 52.297 82.3035
179 52.4125 82.0252
880 52.5286 81.7454
659 52.6404 81.4759
408 52.7542 81.2018
313 52.8865 80.8831
12 53.2353 80.0427
857 53.5895 79.1892
921 53.8818 78.4848
245 54.1511 77.8359
395 54.5282 76.9273
847 54.9348 75.9476
582 55.2651 75.1517
208 55.622 74.2919
964 55.9517 73.4974
647 56.1673 72.978
904 56.2093 72.8768
468 56.2542 72.7686
432 56.2958 72.6684
605 56.3424 72.556
460 56.3855 72.4523
769 56.4302 72.3446
317 56.4764 72.2332
84 56.5405 72.0788
378 56.5905 71.9583
654 56.6568 71.7987
515 56.7195 71.6475
67 56.7787 71.5048
625 56.833 71.3742
282 56.8835 71.2525
440 56.9339 71.1309
453 56.9837 71.0109
35 57.0404 70.8744
968 57.3498 71.5248
112 57.7065 72.2744
9 58.0512 72.9988
671 58.3697 73.6682
668 58.6484 74.2539
727 58.9865 74.9646
509 59.2926 75.6079
91 59.5855 76.2235
832 59.9742 77.0405
259 60.3661 77.864
800 60.6663 78.4949
18 61.0095 79.2163
315 61.324 79.8774
335 61.7152 80.6994
575 62.1285 81.5682
297 62.5423 82.4379
477 62.9452 83.2846
801 63.2718 83.9711
931 63.6634 84.7941
285 64.1191 85.7518
813 64.4284 86.4018
742 64.6945 86.9611
823 64.6305 87.128
864 64.5746 87.2737
145 64.5102 87.4418
481 64.4523 87.5927
83 64.3911 87.7522
937 64.3007 87.988
465 64.203 88.2429
816 64.0974 88.5184
229 64.0007 88.7707
896 63.8752 89.098
911 64.1324 89.0901
856 64.5029 89.0787
544 65.0719 89.0612
251 65.5801 89.0456
158 66.0363 89.0316
273 66.4322 89.0194
622 66.8577 89.0063
177 67.2555 88.9941
567 67.6858 88.9809
464 68.1236 88.9674
185 68.5729 88.9536
149 69.1298 88.9365
620 69.6561 88.9203
854 70.2258 88.9028
666 70.7299 88.8873
817 71.1746 88.8736
992 71.6887 88.8578
52 72.5247 88.8321
42 73.5677 88.8001
983 77.1658 88.6895
725 77.3794 88.6829
580 77.5662 88.6772
318 77.7918 88.6702
353 78.0811 88.6614
845 78.3909 88.6518
494 78.8047 88.6391
893 79.2138 88.6265
820 79.6089 88.6144
135 80.0016 88.6023
928 80.4591 88.5883
159 81.2891 87.2951
322 82.0762 86.0687
417 82.9723 84.6724
528 83.8948 83.2351
740 84.3791 82.4804
889 84.8545 81.7397
25 85.8155 80.2422
372 86.6353 78.9649
685 86.6494 78.8055
204 86.6659 78.6182
450 86.6809 78.4476
311 86.6943 78.2956
660 86.7079 78.1418
473 86.7208 77.9951
977 87.5588 68.4926
497 87.7273 66.582
107 87.7273 66.582
170 87.4011 66.764
684 84.2975 68.4955
648 79.7885 71.0112
744 78.1513 70.6216
71 77.3791 70.4379
51 76.7595 70.2905
775 76.3071 70.1829
818 75.6213 69.8218
867 74.8027 69.3909
332 74.1296 69.0365
173 73.1479 68.5197
962 72.518 68.1881
650 71.8731 67.8486
852 71.3215 67.5582
383 70.7216 67.2424
340 69.9364 66.8291
420 69.261 66.4735
987 68.5979 66.1244
762 68.5258 65.8116
238 68.4598 65.5257
293 68.3963 65.2501
385 68.3559 65.0752
837 68.2959 64.815
900 68.2234 64.5007
393 68.1484 64.1754
579 68.0826 63.8903
290 67.9909 63.4926
152 67.8863 63.0394
975 67.7823 62.5884
201 67.6577 62.0482
485 67.5227 61.4631
907 67.4155 60.998
478 67.3133 60.5551
595 67.2125 60.1181
68 67.1066 59.6591
110 67.0003 59.1982
334 66.8691 58.6296
656 66.727 58.0136
102 66.5836 57.3917
767 66.4431 56.7825
623 66.2931 56.1325
606 68.0034 55.5479
143 69.3084 55.1896
553 70.6529 54.8205
942 71.8991 54.4784
195 73.2645 54.1035
609 74.33 53.811
190 74.584 53.7413
583 74.9096 53.6519
387 75.2493 53.5586
941 75.5509 53.4758
951 75.9171 53.3753
242 76.1899 53.3004
425 76.4399 53.2318
884 76.7254 53.1534
920 76.8039 53.1319
932 76.8874 53.109
967 76.9741 53.0852
198 77.068 53.0594
506 77.1547 53.0356
850 76.9945 52.1979
136 76.8294 51.334
838 76.6627 50.4626
70 76.4857 49.5366
314 75.3823 42.4208
29 75.8358 41.5474
323 76.2777 40.6964
670 76.7444 39.7976
745 77.3179 38.6931
592 77.903 37.5663
520 78.7054 36.0209
33 79.3525 34.7747
835 79.9049 33.7109
274 80.5309 32.5054
590 81.4159 30.8009
98 82.2623 29.1709
