0,345,483,627,243,98,33,590,835,520,274,884,920,967,497,425,838,387,932,977,583,609,195,198,242,506,951,136,170,107,684,850,334,941,190,102,656,595,727,647,68,767,110,152,70,538,468,293,238,485,650,484,617,968,793,855,558,515,762,857,478,810,35,84,605,440,85,904,396,907,453,743,54,791,144,104,964,798,498,127,370,30,724,210,576,533,493,809,683,804,410,459,676,912,34,507,846,957,733,876,175,839,715,922,640,471,891,778,329,89,59,79,756,510,929,897,603,308,587,382,324,233,545,267,765,688,788,901,599,269,956,735,729,789,924,21,454,689,220,537,291,571,390,878,137,965,349,451,359,574,840,365,171,604,124,596,910,561,649,225,80,215,976,986,226,252,523,216,163,404,56,134,921,769,432,140,406,755,513,802,632,826,395,460,179,229,18,245,91,530,208,800,659,12,109,540,248,280,193,350,779,782,582,894,807,235,563,126,9,832,509,297,801,315,112,94,931,636,378,937,847,67,671,987,962,775,420,383,975,290,393,340,173,654,668,71,867,900,385,864,51,837,579,83,465,201,332,852,744,528,450,818,372,685,473,311,25,660,204,740,889,322,648,928,135,318,893,820,481,845,273,983,725,742,417,159,353,580,317,911,42,984,856,620,52,992,202,690,177,544,854,158,666,494,817,567,149,823,145,285,813,251,622,624,887,434,464,344,23,584,980,866,940,536,62,754,82,118,320,408,156,880,861,343,335,185,952,40,477,895,294,532,618,313,105,239,947,511,713,305,575,774,5,851,737,816,369,367,882,642,763,766,877,389,874,896,516,746,292,559,259,415,319,562,416,814,961,541,738,231,22,241,960,564,919,72,165,375,181,918,614,394,146,309,662,470,206,449,539,548,150,265,129,974,53,448,613,230,569,20,707,189,223,638,392,139,120,73,141,752,437,611,306,933,183,871,469,768,418,28,808,271,13,50,786,430,714,441,92,916,227,610,93,409,859,249,631,806,172,730,41,773,256,795,761,428,757,833,872,296,96,672,424,885,456,36,776,44,360,954,2,651,115,368,490,696,712,60,16,253,339,550,167,333,491,48,753,76,608,578,886,950,697,487,58,244,551,431,443,462,695,321,15,593,88,973,637,521,759,446,988,444,628,31,815,436,435,953,169,300,585,719,108,693,240,615,247,827,39,213,711,153,547,1,106,263,914,401,678,447,568,442,17,399,557,386,236,288,405,199,868,364,138,969,495,304,955,316,699,750,200,380,718,803,892,560,780,445,374,736,554,796,482,301,203,982,95,830,326,946,113,726,427,939,570,905,991,792,717,556,346,90,860,728,944,178,433,75,657,694,298,966,207,426,546,325,500,630,14,381,667,734,639,890,948,457,502,168,825,224,739,686,524,503,270,327,645,658,888,479,361,601,411,422,526,591,720,971,132,903,600,99,927,501,701,266,635,552,429,97,398,184,665,119,376,130,772,275,517,879,272,784,3,162,970,680,400,192,219,371,338,607,277,77,255,981,114,81,489,542,531,849,234,527,760,703,131,747,805,336,218,925,589,799,166,373,122,347,936,57,212,328,677,116,128,341,499,749,312,863,330,47,154,100,708,157,698,303,182,534,909,148,652,770,731,222,214,972,764,463,771,279,496,505,985,46,616,384,123,990,423,10,283,958,78,655,841,797,174,196,663,476,403,142,858,352,705,633,535,949,475,908,691,938,565,758,700,38,7,278,543,687,205,397,37,913,748,413,438,549,917,356,566,706,151,664,49,147,302,414,619,508,11,480,853,191,529,525,391,32,679,723,612,388,125,228,836,86,514,331,710,87,65,741,572,362,898,963,943,187,439,211,4,348,588,673,674,402,74,412,794,455,258,299,629,133,812,722,61,646,682,881,366,869,121,829,486,268,221,661,702,474,602,307,641,824,915,354,64,899,284,488,351,407,8,643,254,669,883,111,626,902,709,246,704,379,287,518,363,573,310,337,653,934,419,834,26,811,209,261,467,822,160,421,787,250,873,785,781,828,164,355,257,790,289,935,716,63,19,458,865,681,586,461,623,186,522,989,848,276,862,492,512,180,472,783,692,155,930,342,597,923,452,621,844,843,906,945,262,69,197,66,870,194,161,625,264,281,732,577,237,519,101,875,282,286,188,942,644,978,606,117,594,143,553,357,466,43,217,842,926,29,232,314,592,745,670,323,45,675,821,555,819,55,751,27,358,634,377,6,831,103,295,176,581,777,959,598,504,24,979,721,260,
value : 505.074 running time : 80.195256
0 80 20
345 85.0671 18.6794
483 86.9598 18.186
627 86.9383 18.9396
243 86.9158 19.7276
98 86.6827 27.9117
33 86.5823 31.434
590 86.503 34.2174
835 86.4209 37.0987
520 86.3586 39.2848
274 86.2741 42.2484
884 86.1546 46.4418
920 86.1075 48.0933
967 86.0671 49.5108
497 86.0339 50.6765
425 84.6312 51.1924
838 83.7129 51.5302
387 82.7738 51.8757
932 81.9114 52.1929
977 81.1046 52.4896
583 80.2319 52.8106
609 79.584 53.0489
195 79.563 53.0596
198 79.5427 53.07
242 79.5212 53.0809
506 79.4997 53.0919
951 79.4779 53.1029
136 79.4552 53.1145
170 79.4326 53.126
107 79.4092 53.1379
684 78.0413 53.8339
850 75.7087 55.0208
334 73.943 55.9192
941 72.2066 56.8027
190 70.5431 57.6491
102 69.2004 58.3323
656 67.7952 59.0474
595 66.031 59.945
727 64.5648 60.691
647 64.2859 60.833
68 64.0222 60.9671
767 63.7661 61.0974
110 63.4857 61.2401
152 63.1434 61.4143
70 62.6279 61.6766
538 61.8299 62.0827
468 61.0037 62.503
293 60.3865 62.8171
238 59.7314 63.1504
485 59.0831 63.4803
650 58.2156 63.9217
484 56.3384 64.8769
617 56.3384 64.8769
968 56.3384 64.8769
793 56.3384 64.8769
855 56.3384 64.8769
558 56.3384 64.8769
515 56.3384 64.8769
762 56.3384 64.8769
857 56.3384 64.8769
478 56.3384 64.8769
810 56.3384 64.8769
35 56.3384 64.8769
84 56.3384 64.8769
605 56.3384 64.8769
440 56.3384 64.8769
85 56.3384 64.8769
904 56.3384 64.8769
396 55.3947 64.6862
907 54.1908 64.4428
453 52.168 64.034
743 50.2123 63.6387
54 48.2108 63.2343
791 47.3565 63.0616
144 46.2881 62.8456
104 45.8176 62.7505
964 45.4758 62.6815
798 44.7187 62.5284
498 43.8621 62.3553
127 42.8479 62.1503
370 42.0306 61.9851
30 41.2927 61.836
724 40.6561 61.7073
210 40.2169 61.6122
576 39.7661 61.5147
533 39.2897 61.4116
493 38.8112 61.308
809 38.4143 61.2221
683 38.0321 61.1394
804 37.6066 61.0473
410 37.1565 60.9499
459 36.6427 60.8387
676 36.0884 60.7187
912 35.2463 60.5365
34 34.3825 60.3495
507 34.1256 60.2938
846 33.899 60.2448
957 33.899 60.2448
733 33.899 60.2448
876 33.899 60.2448
175 33.6452 60.3852
839 33.3845 60.5294
715 33.1272 60.6718
922 32.8643 60.8172
640 32.5729 60.9784
471 32.3208 61.1178
891 31.9985 61.2961
778 31.6594 61.4837
329 31.1579 61.7611
89 31.139 61.7716
59 31.1159 61.7844
79 31.0943 61.7963
756 31.075 61.807
510 31.0552 61.8179
929 31.036 61.8286
897 31.0121 61.8417
603 30.994 61.8518
308 30.9735 61.8631
587 30.9493 61.8765
382 30.9283 61.8881
324 30.9082 61.8992
233 30.8874 61.9107
545 30.8691 61.9208
267 30.8508 61.931
765 30.8323 61.9412
688 30.8095 61.9538
788 30.7857 61.967
901 30.7623 61.9799
599 30.7405 61.992
269 30.7204 62.0031
956 30.6931 62.0182
735 30.6456 62.8605
729 30.5937 63.7817
789 30.5356 64.8116
924 30.5022 65.4049
21 30.4733 65.9187
454 30.4412 66.4882
689 30.4173 66.9105
220 30.396 67.29
537 30.4492 67.3135
291 30.5021 67.3369
571 30.5488 67.3575
390 30.5955 67.3782
878 30.6461 67.4005
137 30.69 67.42
965 30.7334 67.4391
349 30.7787 67.4592
451 30.828 67.481
359 32.549 68.2418
574 34.2859 69.0097
840 36.5666 70.0181
365 36.9516 70.1883
171 37.3528 70.3656
604 37.7129 70.5248
124 38.1994 70.7399
596 38.731 70.9749
910 39.3222 71.2363
561 39.9268 71.5036
649 40.3627 71.6963
225 40.7701 71.8764
80 41.1952 72.0643
215 41.6508 72.2657
976 42.0572 72.4454
986 42.476 72.6306
226 42.8219 72.7835
252 43.2085 72.9544
523 43.6514 73.1502
216 44.1169 73.356
163 44.4378 73.4979
404 44.7977 73.657
56 45.2248 73.8458
134 45.8906 74.1402
921 46.6164 74.461
769 47.2476 74.7401
432 47.798 74.9834
140 48.2589 75.1872
406 48.6623 75.3655
755 49.0277 75.527
513 49.4297 75.7047
802 49.8727 75.9006
632 50.3252 76.1007
826 50.7898 76.306
395 51.3201 76.5405
460 51.4793 76.6109
179 51.6245 76.6751
229 51.7854 76.7462
18 51.9405 76.8148
245 51.9398 76.8148
91 51.9392 76.8148
530 51.9385 76.8148
208 51.938 76.8148
800 51.9374 76.8148
659 51.9368 76.8148
12 51.9362 76.8148
109 51.9357 76.8148
540 51.9349 76.8148
248 51.9343 76.8148
280 51.9337 76.8148
193 51.933 76.8148
350 51.9324 76.8148
779 51.9319 76.8148
782 51.9319 76.8148
582 51.9319 76.8148
894 51.9319 76.8148
807 51.9319 76.8148
235 52.5066 76.6596
563 53.0707 76.5072
126 53.6957 76.3385
9 54.4 76.1483
832 55.061 75.9698
509 55.692 75.7994
297 56.2488 75.649
801 56.5742 75.5611
315 56.8942 75.4747
112 57.2148 75.3881
94 57.5286 75.3033
931 57.8682 75.2116
636 58.1866 75.1256
378 59.9944 74.6377
937 61.8564 74.1352
847 62.6796 73.9128
67 63.53 73.6832
671 64.2793 73.4808
987 65.1885 73.2352
962 66.2491 72.9488
775 67.1971 72.6929
420 68.0372 72.466
383 68.5202 72.757
975 68.7227 72.8791
290 68.9097 72.9918
393 69.0879 73.0992
340 69.2918 73.2221
173 69.5127 73.3553
654 69.7526 73.4998
668 69.9742 73.6334
71 70.3858 73.8815
867 70.7244 74.0856
900 71.0965 74.3099
385 71.4855 74.5443
864 71.8393 74.7576
51 72.0855 74.906
837 72.3582 75.0704
579 72.6439 75.2426
83 72.9309 75.4156
465 73.2141 75.5863
201 73.4615 75.7354
332 73.8664 75.9794
852 74.2083 76.1855
744 75.8961 77.2028
528 80.1677 79.7774
450 84.8384 82.5924
818 85.083 82.7803
372 86.0079 83.4904
685 85.9318 83.5632
473 85.8539 83.6375
311 85.7904 83.6982
25 85.7176 83.7677
660 85.6487 83.8335
204 85.0852 84.3717
740 84.292 85.1291
889 83.5371 85.8501
322 82.6775 86.671
648 81.8638 87.4481
928 80.9403 88.3299
135 78.8729 88.7007
318 77.7415 88.9035
893 77.2273 88.9956
820 76.6873 89.0924
481 76.1 89.1976
845 75.6849 89.272
273 75.315 89.3383
983 75.315 89.3383
725 74.4353 89.3429
742 73.4773 89.3479
417 72.5032 89.353
159 71.4948 89.3583
353 70.4428 89.3638
580 69.3599 89.3696
317 67.6146 89.379
911 65.3289 89.3917
42 65.3289 89.3917
984 65.3289 89.3917
856 65.3289 89.3917
620 65.3289 89.3917
52 65.3289 89.3917
992 65.3289 89.3917
202 65.3289 89.3917
690 65.3289 89.3917
177 65.3289 89.3917
544 65.3289 89.3917
854 65.3289 89.3917
158 65.3289 89.3917
666 65.3289 89.3917
494 65.3289 89.3917
817 64.8963 89.3775
567 64.504 89.3647
149 64.1608 89.3534
823 63.763 89.3404
145 63.3515 89.327
285 62.9303 89.3132
813 62.4684 89.2981
251 61.825 89.277
622 60.4304 89.2314
624 58.6767 89.1739
887 57.9497 89.1501
434 57.2367 89.1268
464 56.7795 89.1118
344 56.1259 89.0904
23 55.5402 89.0713
584 55.0061 89.0538
980 54.4184 89.0346
866 53.7974 89.0142
940 53.6444 89.0092
536 53.4751 89.0037
62 53.315 88.9985
754 53.1564 88.9933
82 52.9827 88.9876
118 52.8697 88.9839
320 52.7322 88.9794
408 52.605 88.9752
156 52.4815 88.9712
880 52.371 88.9676
861 52.2478 88.9635
343 52.1227 88.9594
335 52.0231 88.9562
185 51.9164 88.9527
952 51.7748 88.948
40 51.6429 88.9437
477 51.5157 88.9395
895 50.9881 88.9223
294 50.4977 88.9062
532 50.3776 88.9023
618 50.2501 88.8981
313 50.1114 88.8936
105 49.9564 88.8885
239 49.8099 88.8837
947 49.6808 88.8795
511 49.5466 88.8751
713 49.4025 88.8703
305 49.2723 88.8661
575 49.1581 88.8623
774 49.0158 88.8577
5 48.8704 88.8529
851 48.7501 88.849
737 48.6289 88.845
816 48.4868 88.8403
369 48.3226 88.835
367 48.1536 88.8294
882 47.9741 88.8235
642 47.6719 88.8136
763 47.3829 88.8042
766 47.108 88.7952
877 46.8762 88.7876
389 46.6888 88.7815
874 46.5069 88.7755
896 46.3438 88.7702
516 46.1345 88.7633
746 45.9132 88.7561
292 45.6782 88.7484
559 45.4979 88.7425
259 45.3301 88.737
415 45.1173 88.73
319 44.8717 88.722
562 44.6346 88.7142
416 44.4117 88.7069
814 44.2153 88.7005
961 44.0169 88.694
541 43.4643 88.6759
738 41.4793 88.6108
231 39.9921 88.5621
22 38.7774 88.5223
241 37.617 88.4844
960 36.3943 88.4443
564 36.3943 88.4443
919 36.3943 88.4443
72 36.3943 88.4443
165 36.3943 88.4443
375 36.3943 88.4443
181 36.1817 88.361
918 35.9439 88.2678
614 35.7464 88.1904
394 35.5611 88.1178
146 35.3734 88.0442
309 35.183 87.9696
662 34.9644 87.884
470 34.8756 87.9305
206 34.7981 87.9711
449 34.7153 88.0146
539 34.6339 88.0572
548 34.5401 88.1063
150 34.4471 88.1551
265 34.3638 88.1988
129 34.2507 88.2113
974 34.1374 88.2239
53 34.018 88.2371
448 33.8918 88.2511
613 33.7637 88.2653
230 33.6374 88.2793
569 33.5135 88.2931
20 33.3743 88.3085
707 33.3615 88.3099
189 33.3484 88.3114
223 33.3343 88.313
638 33.3211 88.3144
392 33.3086 88.3158
139 33.2955 88.3173
120 32.8038 88.372
73 32.3409 88.4235
141 31.9094 88.4715
752 31.469 88.5206
437 30.8412 88.5904
611 29.9928 88.6848
306 29.3864 88.7522
933 28.8548 88.8114
183 28.5698 88.8431
871 28.2986 88.8733
469 28.0808 88.8975
768 27.8719 88.9208
418 27.6899 88.941
28 27.4957 88.9627
808 27.3059 88.9838
271 27.0933 89.0075
13 26.8301 89.0367
50 26.675 89.054
786 26.5261 89.0706
430 26.3498 89.0902
714 26.1778 89.1093
441 26.0305 89.1257
92 25.8994 89.1403
916 25.722 89.16
227 25.5573 89.1784
610 25.5108 88.9674
93 25.4604 88.7386
409 25.4209 88.5594
859 25.3708 88.3318
249 25.3224 88.1123
631 25.2814 87.926
806 25.2217 87.6551
172 25.1716 87.4274
730 24.7155 85.3587
41 24.5906 85.4453
773 24.4723 85.5274
256 24.3517 85.6111
795 24.2149 85.706
761 24.0769 85.8017
428 23.9647 85.8796
757 23.8487 85.9601
833 23.7195 86.0497
872 23.6182 86.12
296 23.4774 86.2178
96 23.3193 86.3274
672 23.1731 86.4289
424 23.0186 86.5361
885 22.8598 86.6463
456 22.6956 86.7602
36 22.5572 86.8562
776 22.4171 86.9535
44 22.4048 86.962
360 22.3934 86.9699
954 22.3819 86.9779
2 22.3672 86.9881
651 22.348 87.0014
115 22.3317 87.0127
368 22.3186 87.0218
490 22.306 87.0306
696 22.2917 87.0405
712 22.2784 87.0497
60 22.2681 87.0569
16 22.2555 87.0656
253 22.2411 87.0756
339 22.2277 87.0849
550 22.2141 87.0943
167 22.2002 87.104
333 22.1849 87.1146
491 22.1669 87.1272
48 21.7889 86.8494
753 21.5255 86.6558
76 21.2433 86.4485
608 20.9222 86.2124
578 20.6175 85.9885
886 20.3043 85.7584
950 20.0098 85.5419
697 19.7796 85.6303
487 19.5182 85.7306
58 19.2701 85.8258
244 19.017 85.9229
551 18.7724 86.0168
431 18.552 86.1014
443 18.3153 86.1922
462 18.0507 86.2938
695 17.8038 86.3885
321 17.536 86.4913
15 17.1733 87.4586
593 16.9839 87.9636
88 16.8528 88.3133
973 16.6916 88.7432
637 16.5508 89.1186
521 16.4034 89.5119
759 11.5092 89.5061
446 10.6971 89.5052
988 9.9167 89.5042
444 9.91597 89.4909
628 9.91533 89.479
31 9.91471 89.4675
815 9.91417 89.4576
436 9.91362 89.4475
435 9.91316 89.4391
953 9.91254 89.4278
169 9.91189 89.4158
300 9.9113 89.4051
585 9.91076 89.3952
719 9.9101 89.383
108 9.90949 89.3717
693 9.90889 89.3607
240 9.90823 89.3486
615 9.90766 89.3382
247 9.90719 89.3294
827 9.90673 89.321
39 9.9062 89.3113
213 9.90564 89.3011
711 9.9033 89.2584
153 9.9006 89.2093
547 9.89824 89.1663
1 9.89613 89.1279
106 9.89406 89.0903
263 9.89162 89.046
914 9.88942 89.0059
401 9.88716 88.9648
678 9.88517 88.9286
447 9.88308 88.8904
568 9.88104 88.8532
442 9.87893 88.8147
17 9.87671 88.7743
399 9.87435 88.7315
557 9.87237 88.6953
386 9.87042 88.6599
236 9.86849 88.6248
288 9.86627 88.5845
405 9.86441 88.5507
199 9.86228 88.5119
868 9.8602 88.4742
364 9.85792 88.4326
138 9.85587 88.3952
969 9.85359 88.3539
495 9.85134 88.3128
304 9.84923 88.2744
955 9.8468 88.2301
316 9.84492 88.196
699 9.84315 88.1636
750 9.84155 88.1346
200 9.82869 87.9007
380 9.81438 87.6402
718 9.74338 86.3487
803 9.67689 85.1391
892 9.59793 83.7028
560 9.52092 82.3021
780 9.45305 81.0675
445 9.38441 79.819
374 9.36212 79.4135
736 9.34139 79.0366
554 9.31378 78.5343
796 9.2868 78.0435
482 9.26001 77.5562
301 9.25993 77.5548
203 9.25805 77.5205
982 9.25622 77.4871
95 9.25419 77.45
830 9.25192 77.4087
326 9.24975 77.3691
946 9.24765 77.3307
113 9.09207 76.4718
726 8.94995 75.6872
427 8.79671 74.8411
939 8.6575 74.0724
570 8.6575 74.0724
905 8.6575 74.0724
991 8.6575 74.0724
792 8.6575 74.0724
717 8.76592 74.0649
556 8.88352 74.0568
346 8.99981 74.0488
90 9.09775 74.0421
860 9.21562 74.0339
728 9.31816 74.0268
944 9.42279 74.0196
178 9.5379 74.0117
433 9.65377 74.0037
75 9.76393 73.9961
657 9.88159 73.988
694 9.98696 73.9807
298 10.0996 73.9729
966 10.2121 73.9652
207 10.3379 73.9565
426 10.4762 73.9469
546 10.626 73.9366
325 10.7782 73.9261
500 10.9104 73.917
630 11.0237 73.9092
14 11.1201 73.9025
381 11.2259 73.8952
667 11.3502 73.8866
734 11.4844 73.8774
639 11.6249 73.8677
890 11.7738 73.8574
948 11.9401 73.8459
457 12.0992 73.835
502 12.2664 73.8234
168 12.4197 73.8129
825 12.5473 73.8041
224 12.6554 73.7966
739 13.4694 73.7405
686 14.2047 73.6897
524 17.2247 73.4813
503 19.9545 73.2929
270 24.8085 72.957
327 24.211 72.31
645 23.6477 71.7002
658 23.2112 71.2659
888 22.7319 70.7892
479 22.2086 70.2687
361 21.6751 69.7379
601 21.1597 69.2253
411 20.6585 68.7268
422 20.1931 68.2637
526 20.1931 68.2637
591 20.1931 68.2637
720 20.1093 68.2131
971 20.0295 68.1649
132 19.9483 68.1159
903 19.876 68.0722
600 19.8033 68.0283
99 19.7281 67.9829
927 19.65 67.9357
501 19.573 67.8892
701 19.492 67.8402
266 19.4149 67.7937
635 19.331 67.743
552 19.2398 67.6879
429 19.151 67.6343
97 19.0609 67.5799
398 18.9831 67.5329
184 18.9079 67.4874
665 15.9838 65.7212
119 15.6588 65.5249
376 15.336 65.3299
130 15.0475 65.1557
772 14.7405 64.9702
275 14.4237 64.779
517 14.0131 64.5309
879 13.9022 64.464
272 13.7935 64.3983
784 13.6756 64.3271
3 13.5672 64.2617
162 13.4623 64.1983
970 13.3492 64.13
680 13.2401 64.0641
400 13.1244 63.9943
192 12.9979 63.9178
219 12.8689 63.8399
371 12.7396 63.7618
338 12.6296 63.6954
607 12.5077 63.6218
277 12.3855 63.1481
77 12.2566 62.6483
255 12.1265 62.1439
981 11.9882 61.6075
114 11.8623 61.1197
81 11.7306 60.6089
489 11.5795 60.0231
542 11.5197 59.7912
531 11.4707 59.6015
849 11.416 59.3892
234 11.3967 59.3145
527 11.3751 59.2307
760 11.3568 59.1598
703 11.3377 59.0856
131 11.3174 59.0069
747 11.2945 58.9184
805 11.2697 58.822
336 11.2487 58.7405
218 11.2281 58.6609
925 11.2089 58.5865
589 11.1897 58.512
799 11.1698 58.4348
166 10.9366 57.5309
373 10.732 56.738
122 10.5601 56.0718
347 10.4167 55.5162
936 9.90327 53.5262
57 9.40734 51.6043
212 8.9324 49.7637
328 8.58051 48.3999
677 8.69155 48.4285
116 8.76963 48.4486
128 8.85494 48.4706
341 8.94973 48.495
499 9.03095 48.516
749 9.13203 48.542
312 9.22268 48.5654
863 9.31703 48.5897
330 9.41186 48.6142
47 9.5219 48.6425
154 9.62712 48.6696
100 9.72598 48.6951
708 9.81879 48.7191
157 9.91344 48.7434
698 10.032 48.774
303 10.1249 48.798
182 10.2196 48.8224
534 10.3062 48.8447
909 10.3916 48.8667
148 10.4814 48.8898
652 10.5638 48.9111
770 10.6497 48.9332
731 10.7415 48.9569
222 10.8408 48.9825
214 10.9391 49.0078
972 11.05 49.0364
764 11.1498 49.0621
463 11.4368 48.5018
771 11.7181 47.9526
279 11.9515 47.4969
496 12.2189 46.9747
505 12.4611 46.502
985 12.7594 45.9195
46 12.8845 46.0399
616 13.0235 46.1737
384 13.1555 46.3007
123 13.2989 46.4387
990 13.4382 46.5728
423 13.5794 46.7086
10 13.7145 46.8387
283 13.8579 46.9766
958 14.0174 47.1302
78 14.2243 47.3293
655 14.4204 47.518
841 14.5986 47.6894
797 14.7881 47.8718
174 14.9681 48.045
196 15.1456 48.2158
663 15.5037 48.0485
476 15.8274 47.8974
403 16.1331 47.7546
142 16.4006 47.6297
858 16.6644 47.5065
352 16.9296 47.3826
705 17.2457 47.235
633 17.4898 47.121
535 17.7216 47.0128
949 17.913 46.9234
475 18.1218 46.8259
908 18.3076 46.7391
691 18.4807 46.6583
938 18.6862 46.5623
565 18.8858 46.4691
758 20.3344 45.7927
700 21.925 45.0499
38 24.4838 43.855
7 26.4221 42.9499
278 27.4037 42.4916
543 27.5618 42.4177
687 27.7473 42.3311
205 27.9092 42.2555
397 28.0768 42.1772
37 28.254 42.0945
913 28.4446 42.0055
748 28.647 41.9109
413 28.8385 41.8215
438 29.0315 41.7314
549 29.2556 41.6267
917 29.4933 41.5157
356 29.6981 41.4201
566 29.629 41.359
706 29.5537 41.2924
151 29.4782 41.2257
664 29.4116 41.1667
49 29.3554 41.117
147 29.2908 41.0599
302 29.2158 40.9935
414 29.1412 40.9275
619 29.0735 40.8677
508 29.0032 40.8055
11 28.9309 40.7415
480 28.8693 40.687
853 28.8016 40.6272
191 28.5244 40.3819
529 28.1316 40.0344
525 27.7676 39.7124
391 27.3669 39.3578
32 26.4266 38.526
679 25.6871 37.8718
723 24.8624 37.1422
612 23.9295 36.3169
388 23.0554 35.5436
125 21.5767 34.2354
228 20.2037 33.0209
836 16.0353 29.3336
86 11.9862 25.7517
514 11.9862 25.7517
331 11.9862 25.7517
710 11.9862 25.7517
87 11.9862 25.7517
65 11.9862 25.7517
741 11.9325 25.6907
572 11.8832 25.6345
362 11.8323 25.5765
898 11.7863 25.5241
963 11.8591 24.2752
943 11.9307 23.0482
187 12.0496 21.0099
439 12.0962 20.2108
211 12.0961 20.2073
4 12.096 20.2043
348 12.0959 20.2005
588 12.0958 20.1971
673 12.0957 20.1941
674 12.0956 20.1906
402 12.0956 20.1876
74 12.0955 20.1846
412 12.0954 20.1812
794 12.0953 20.1782
455 12.0854 19.8269
258 12.0751 19.4648
299 12.0639 19.0679
629 12.0506 18.596
133 12.0415 18.276
812 11.9646 15.5271
722 12.1758 15.6481
61 12.5427 15.8583
646 13.0243 16.1342
682 13.7019 16.5223
881 14.4581 16.9555
366 18.3293 19.1729
869 23.289 22.0128
121 23.3349 21.8856
829 23.3863 21.7429
486 23.4527 21.5589
268 23.5296 21.3456
221 23.6407 21.0378
661 23.7621 20.701
702 23.8802 20.3738
474 23.9873 20.0769
602 24.0905 19.7906
307 24.2048 19.4737
641 24.3219 19.1491
824 24.4412 18.8183
915 24.5679 18.4672
354 24.703 18.0926
64 24.8589 17.6603
899 25.0071 17.2496
284 25.1754 16.7829
488 25.3672 16.2512
351 26.1277 16.2103
407 26.7277 16.178
8 27.094 16.1583
643 27.5926 16.1315
254 28.1314 16.1025
669 28.8017 16.0665
883 29.4257 16.0329
111 29.9458 16.005
626 30.3865 15.9813
902 30.8184 15.9581
709 31.7081 15.9102
246 32.6799 15.858
704 33.8905 15.7929
379 34.9819 15.7342
287 35.2958 15.7173
518 35.6068 15.7006
363 35.9765 16.7984
573 36.4026 18.0639
310 36.8603 19.4231
337 37.3417 20.8527
653 37.8327 22.311
934 38.4146 24.0391
419 38.9208 25.5424
834 39.159 27.1915
26 39.3723 28.668
811 39.8118 31.7081
209 40.0037 31.8165
261 40.1554 31.9021
467 40.3165 31.9931
822 40.4739 32.082
160 40.658 32.1859
421 40.8546 32.2969
787 41.024 32.3925
250 42.7929 33.3919
873 44.7883 34.519
785 46.6022 35.5437
781 48.3898 36.5533
828 48.3327 36.7555
164 48.2753 36.9593
355 48.206 37.205
257 48.1345 37.4585
790 48.0692 37.6901
289 48.0136 37.8872
935 47.907 38.2655
716 47.8045 38.6289
63 47.7027 38.9902
19 47.6037 39.341
458 47.5018 39.7026
865 47.393 40.0886
681 47.2683 40.5308
586 47.1232 41.0454
461 46.666 42.668
623 46.4461 43.4483
186 46.3105 43.9293
522 46.3105 43.9293
989 46.3105 43.9293
848 46.3105 43.9293
276 46.3105 43.9293
862 46.3105 43.9293
492 46.3105 43.9293
512 46.3105 43.9293
180 46.3105 43.9293
472 46.3105 43.9293
783 46.3105 43.9293
692 46.4526 44.2763
155 46.6221 44.6902
930 46.7878 45.0949
342 46.9812 45.5673
597 47.17 46.0283
923 47.3115 46.3739
452 47.4317 46.6675
621 47.5732 47.0131
844 47.6782 47.2696
843 47.8076 47.5858
906 47.9269 47.8771
945 48.0623 48.2079
262 48.19 48.5198
69 48.3038 48.7978
197 48.419 49.0792
66 48.561 49.4261
870 48.726 49.8289
194 48.9088 50.2753
161 49.1063 50.7576
625 49.1941 50.9719
264 49.1941 50.9719
281 49.1941 50.9719
732 49.1941 50.9719
577 49.2148 50.9701
237 49.2311 50.9687
519 49.5237 50.9442
101 49.7772 50.9229
875 50.0473 50.9002
282 50.3109 50.8781
286 52.8783 49.8645
188 55.714 48.745
942 60.622 46.8073
644 60.9819 46.437
978 61.3092 46.1001
606 61.6418 45.7578
117 61.9396 45.4513
594 62.2618 45.1197
143 62.5853 44.7867
553 62.9082 44.4544
357 63.1992 44.1549
466 63.508 43.8371
43 63.7342 43.6043
217 63.979 43.3524
842 64.2507 43.0727
926 64.5552 42.7593
29 64.8942 42.4104
232 65.1678 42.1289
314 65.4326 41.8563
592 65.7287 41.5516
745 65.573 40.4809
670 65.418 39.415
323 65.2021 37.9294
45 64.9543 36.2243
675 64.7003 34.4768
821 64.3258 31.8994
555 63.933 29.1956
819 63.979 29.0672
55 64.017 28.9613
751 64.0551 28.8549
27 64.0965 28.7393
358 64.1382 28.623
634 64.183 28.4979
377 64.2827 28.2195
6 65.0901 25.9656
831 66.2088 22.8425
103 69.2242 14.4224
295 69.348 14.4455
176 69.4637 14.4671
581 69.5765 14.4881
777 69.6916 14.5096
959 69.8137 14.5324
598 70.8294 14.7218
504 71.934 14.9279
24 73.2327 15.1702
979 76.2903 15.7407
721 76.7039 15.8178
260 77.2025 15.9109
