0,627,243,483,979,345,98,520,33,835,590,497,932,425,242,107,198,977,506,684,136,884,170,838,387,232,29,609,850,195,583,967,951,314,274,745,592,920,942,656,553,190,323,466,606,675,420,334,670,43,519,117,358,485,45,875,870,978,594,357,906,70,217,440,538,577,791,798,143,926,102,842,396,85,644,286,625,35,101,492,923,188,342,472,210,194,945,471,522,848,410,282,732,262,756,237,839,597,912,49,576,779,621,147,281,127,891,186,459,617,968,54,676,163,743,929,793,216,175,453,715,404,171,910,235,727,293,962,94,647,393,9,509,340,810,904,84,605,468,432,769,582,623,762,478,767,498,907,208,161,515,595,68,964,290,378,668,173,671,51,654,201,975,852,941,744,650,900,110,579,238,83,383,385,152,837,867,71,67,372,25,473,322,740,528,417,889,660,311,450,204,648,332,775,159,685,928,893,813,52,820,725,580,353,465,983,135,149,845,318,42,817,285,823,864,145,622,317,464,742,666,185,251,177,273,158,992,544,202,818,854,481,620,494,887,259,280,575,477,801,931,567,297,937,406,460,229,857,315,800,987,847,18,112,395,984,832,335,126,659,782,940,895,642,319,632,814,144,193,563,855,415,562,894,134,129,540,350,109,523,294,976,80,91,225,561,614,826,248,484,986,807,921,215,179,861,369,513,270,952,305,880,156,919,618,231,802,165,755,408,530,309,40,746,763,882,624,5,961,911,851,516,434,118,532,856,344,23,82,416,245,564,12,140,690,313,584,816,737,980,139,536,866,754,774,367,62,449,448,559,896,392,375,541,713,511,947,239,105,343,320,389,539,230,265,394,548,918,636,649,292,241,437,141,146,840,172,874,92,189,206,470,766,786,22,638,2,296,428,181,768,761,877,424,430,569,53,696,611,960,613,28,753,833,871,20,974,256,490,773,752,714,120,795,409,72,672,707,150,808,96,41,306,738,806,578,608,76,418,886,167,44,368,271,521,491,17,712,288,456,631,885,50,593,610,550,253,73,36,115,699,249,58,386,933,360,441,776,973,15,557,462,13,95,469,495,227,825,184,757,726,551,859,651,905,183,93,199,364,401,200,988,546,178,547,213,435,750,263,108,628,815,914,585,868,236,380,169,153,446,244,300,568,969,678,827,247,316,982,447,803,106,637,711,39,405,718,325,1,31,444,138,90,953,796,695,339,780,399,500,436,570,792,728,556,554,203,48,301,693,442,916,88,304,719,736,830,321,955,75,860,759,560,374,944,220,361,224,892,426,240,888,615,503,272,97,479,784,531,667,734,639,890,799,3,457,338,207,400,482,686,607,524,694,966,119,277,376,657,81,132,255,381,346,433,948,970,219,162,991,429,131,168,411,298,717,665,347,77,445,371,427,398,747,701,275,234,939,14,517,329,114,703,879,502,680,192,130,336,691,113,422,981,34,443,772,764,431,382,266,526,552,390,957,252,697,507,137,720,79,630,846,789,971,924,662,333,60,635,487,600,99,537,658,124,954,326,946,689,571,927,501,454,591,730,599,574,601,965,587,327,16,950,878,596,724,223,683,604,226,872,645,558,264,21,56,804,365,493,733,291,922,359,451,545,308,735,705,233,59,903,180,89,901,729,897,461,510,809,370,778,603,640,533,30,104,349,765,267,788,302,543,688,142,739,505,849,157,925,214,312,122,708,972,677,373,116,908,949,652,228,990,423,589,47,760,542,303,749,212,352,770,771,384,565,196,805,222,534,341,527,841,463,403,731,154,279,863,166,858,909,123,499,100,218,57,330,936,128,10,328,46,87,958,78,943,283,489,388,655,758,438,748,38,397,37,698,182,633,956,913,938,508,876,797,476,174,616,664,811,148,663,324,496,391,679,205,829,32,65,723,549,700,11,661,898,474,402,682,412,673,455,741,362,588,86,4,268,985,710,133,514,258,299,572,836,963,794,439,702,74,629,187,646,674,812,8,331,881,61,348,488,722,211,366,899,111,822,64,626,883,363,407,310,287,351,704,902,354,246,824,643,669,379,254,915,709,641,573,834,191,26,486,221,121,787,602,278,467,307,529,337,284,261,853,125,612,160,257,475,917,586,989,151,790,619,869,535,783,687,525,862,155,692,480,356,706,413,269,414,843,19,935,69,63,276,7,865,452,512,458,716,844,66,566,250,197,355,821,6,209,419,55,27,555,377,831,634,930,751,421,681,828,164,781,873,819,785,934,959,289,653,777,518,24,504,598,103,176,581,295,260,721,
value : 472.455 running time : 139.258682
0 80 20
627 85.348 18.6834
243 86.3809 18.4291
483 87.0569 18.2626
979 87.0612 19.0231
345 87.0817 22.6338
98 87.1166 28.8134
520 87.138 32.605
33 87.1519 35.0607
835 87.1683 37.9645
590 87.1819 40.3605
497 87.2322 49.2565
932 86.6147 49.2616
425 86.1056 49.2659
242 85.7246 49.2691
107 85.3501 49.2722
198 84.923 49.2758
977 84.5131 49.2792
506 84.1261 49.2824
684 83.6873 49.2861
136 83.1828 49.2903
884 82.6654 49.2946
170 82.083 49.2995
838 81.0502 49.3081
387 79.9592 49.3172
232 78.8783 49.3262
29 78.3038 49.331
609 77.7602 49.3356
850 77.2402 49.3399
195 76.7758 49.3438
583 76.2896 49.3479
967 75.8451 49.3516
951 75.3905 49.3554
314 71.5469 49.3874
274 71.5283 49.3875
745 71.4396 49.3883
592 71.3532 49.389
920 71.2648 49.3897
942 71.1674 49.3906
656 71.0755 49.3913
553 70.981 49.3921
190 70.8841 49.3929
323 70.7918 49.3937
466 70.7009 49.3944
606 70.6041 49.3952
675 70.5146 49.396
420 70.4395 49.3966
334 70.3582 49.3973
670 68.3842 49.4137
43 66.0423 49.4332
519 64.9052 49.4427
117 64.4467 49.4465
358 63.9822 49.4504
485 63.9822 49.4504
45 63.9822 49.4504
875 61.6847 50.2776
870 60.1837 50.818
978 59.8343 50.9438
594 59.4802 51.0712
357 59.1183 51.2015
906 58.7121 51.3477
70 58.2264 52.1453
217 57.6971 53.0147
440 56.7586 54.5561
538 56.7586 54.5561
577 56.7586 54.5561
791 56.7586 54.5561
798 56.7586 54.5561
143 56.7586 54.5561
926 56.7171 54.5648
102 56.6694 54.5748
842 56.4025 54.6307
396 56.0959 54.6949
85 55.7966 54.7577
644 55.5102 54.8177
286 54.7804 54.9706
625 54.0624 55.1211
35 53.3352 55.2735
101 52.5619 55.4355
492 51.8681 55.5809
923 51.1716 55.7268
188 50.5064 55.8662
342 49.7633 56.022
472 49.0755 56.1661
210 48.3801 56.3118
194 47.7787 56.4378
945 47.3352 56.5308
471 46.8672 56.6288
522 46.429 56.7207
848 46.0491 56.8003
410 45.5551 56.9038
282 45.1008 56.999
732 44.5238 57.1199
262 43.9907 57.2316
756 40.0732 58.0532
237 40.2382 58.1356
839 40.4048 58.2189
597 40.5847 58.3088
912 40.7455 58.3891
49 40.9138 58.4732
576 41.1135 58.573
779 41.3099 58.6712
621 41.4878 58.7601
147 41.6577 58.8449
281 41.8888 58.9604
127 42.1064 59.0692
891 42.3301 59.181
186 42.6157 59.3237
459 42.8233 59.4274
617 43.0455 59.5385
968 43.0455 59.5385
54 43.0455 59.5385
676 43.0455 59.5385
163 43.0455 59.5385
743 43.0455 59.5385
929 43.0455 59.5385
793 43.0455 59.5385
216 43.0455 59.5385
175 43.0455 59.5385
453 43.0455 59.5385
715 43.0455 59.5385
404 43.0455 59.5385
171 44.4302 60.0326
910 45.9982 60.5921
235 53.7885 63.371
727 58.0092 64.8766
293 58.7099 65.1266
962 59.4549 65.3924
94 59.4549 65.3924
647 59.4507 65.2903
393 59.447 65.2002
9 59.4435 65.1144
509 59.4396 65.0179
340 59.4353 64.9129
810 59.4311 64.8084
904 59.4274 64.7173
84 59.4232 64.6151
605 59.4193 64.5189
468 59.4153 64.4192
432 59.4115 64.3259
769 59.4073 64.2235
582 59.4024 64.1017
623 59.3076 61.7793
762 59.3076 61.7793
478 59.3076 61.7793
767 59.3076 61.7793
498 59.3076 61.7793
907 59.9544 62.501
208 60.6148 63.2379
161 61.2546 63.9519
515 62.0195 64.8055
595 62.8085 65.6859
68 63.604 66.5735
964 64.4216 67.4858
290 65.4264 68.6068
378 66.4431 69.7412
668 66.6626 69.7152
173 66.8779 69.6898
671 67.0893 69.6648
51 67.3843 69.6299
654 67.685 69.5944
201 67.9925 69.558
975 68.2676 69.5255
852 68.5411 69.4932
941 68.8031 69.4622
744 69.1188 69.6931
650 69.4056 69.9028
900 69.7276 70.1383
110 70.0318 70.3608
579 70.3404 70.5864
238 70.6163 70.7882
83 71.1506 71.1789
383 71.6127 71.5168
385 72.0482 71.8353
152 72.4354 72.1184
837 72.8508 72.4222
867 73.2663 72.7261
71 73.7356 73.0693
67 74.1881 73.4002
372 86.017 82.0493
25 86.017 82.0493
473 86.017 82.0493
322 86.017 82.0493
740 86.017 82.0493
528 86.017 82.0493
417 86.017 82.0493
889 86.017 82.0493
660 86.017 82.0493
311 86.017 82.0493
450 86.017 82.0493
204 86.017 82.0493
648 86.017 82.0493
332 86.017 82.0493
775 82.8093 85.9321
159 82.3753 86.4575
685 81.9565 86.9644
928 80.7443 88.4318
893 79.1665 88.5839
813 77.6367 88.7315
52 76.3706 88.8536
820 76.3706 88.8536
725 76.3706 88.8536
580 76.3706 88.8536
353 76.3706 88.8536
465 76.3706 88.8536
983 76.3706 88.8536
135 75.8758 88.6888
149 74.7889 88.3267
845 74.0691 88.087
318 73.4252 87.8725
42 72.7853 87.6594
817 72.2757 87.4897
285 71.8933 87.3623
823 71.5049 87.2329
864 71.1279 87.1074
145 70.7284 86.9743
622 70.3367 86.8438
317 69.9516 86.7156
464 69.6352 86.6102
742 69.3294 86.5084
666 68.9896 86.3952
185 68.6223 86.2728
251 68.5239 86.2401
177 68.4137 86.2034
273 68.3128 86.1698
158 68.2159 86.1375
992 68.1081 86.1016
544 68.0077 86.0681
202 67.8991 86.032
818 67.8461 86.0143
854 67.7874 85.9948
481 67.7219 85.973
620 67.6603 85.9524
494 67.5951 85.9307
887 65.2665 85.1551
259 64.158 84.7859
280 63.3837 84.528
575 62.9278 84.3762
477 62.494 84.2317
801 62.0377 84.0797
931 61.5914 83.931
567 61.1462 83.7828
297 60.693 83.6318
937 60.2132 83.472
406 59.5362 83.2466
460 59.0703 83.0914
229 58.5919 82.9321
857 58.1187 82.7745
315 57.7903 82.6651
800 57.4685 82.5579
987 57.1628 82.4561
847 56.8611 82.3556
18 56.5527 82.2529
112 56.2068 82.1377
395 55.9142 82.0402
984 55.5988 81.9352
832 55.0128 81.74
335 54.4064 81.538
126 53.7832 81.3305
659 53.2066 81.1384
782 52.7203 80.9765
940 52.2312 80.8136
895 51.7453 80.6518
642 51.2717 80.494
319 50.8077 80.3395
632 50.3694 80.1935
814 49.9179 80.0431
144 49.4678 79.8932
193 49.0925 79.7682
563 48.7274 79.6466
855 48.3672 79.5267
415 48.2098 79.5505
562 48.0412 79.576
894 47.8804 79.6004
134 47.721 79.6245
129 47.5637 79.6483
540 47.5637 79.6483
350 47.5637 79.6483
109 47.5637 79.6483
523 47.5637 79.6483
294 47.5359 79.7434
976 47.5108 79.8292
80 47.4857 79.9148
91 47.4583 80.0081
225 47.4307 80.1026
561 47.3841 80.2615
614 47.3422 80.4044
826 47.301 80.5452
248 47.2605 80.6833
484 47.2214 80.8167
986 47.1752 80.9745
807 47.1226 81.1541
921 47.0748 81.3172
215 47.0227 81.4951
179 46.9736 81.6628
861 46.9251 81.8284
369 46.8773 81.9913
513 46.8293 82.1554
270 46.7744 82.3427
952 46.3399 83.8262
305 46.1266 84.5543
880 45.9434 85.1797
156 45.7309 85.905
919 45.571 86.4509
618 45.5542 87.0063
231 45.5385 87.5237
802 45.6801 87.7624
165 45.8573 88.061
755 46.0346 88.36
408 46.2182 88.6694
530 46.4055 88.9852
309 46.594 89.3028
40 46.7786 89.6139
746 46.9637 89.9258
763 47.1462 90.2335
882 47.3219 90.5296
624 47.4749 90.7875
5 47.6191 91.0306
961 47.7566 91.2624
911 47.8886 91.4849
851 47.8886 91.4849
516 47.8886 91.4849
434 47.8886 91.4849
118 47.8886 91.4849
532 47.8886 91.4849
856 47.8886 91.4849
344 47.8886 91.4849
23 47.8886 91.4849
82 47.8886 91.4849
416 47.8886 91.4849
245 47.8886 91.4849
564 47.8886 91.4849
12 47.8886 91.4849
140 47.8886 91.4849
690 47.8886 91.4849
313 47.8886 91.4849
584 47.8886 91.4849
816 47.8886 91.4849
737 46.8783 91.3922
980 45.519 91.2677
139 44.6864 91.1913
536 44.5963 91.183
866 44.504 91.1745
754 44.4161 91.1664
774 44.3207 91.1576
367 44.2234 91.1487
62 44.1181 91.139
449 44.0069 91.1287
448 43.9011 91.119
559 43.8032 91.11
896 43.7045 91.1009
392 43.5659 91.0882
375 43.4427 91.0768
541 43.3188 91.0654
713 43.1893 91.0535
511 43.0608 91.0417
947 42.9227 91.029
239 42.7774 91.0156
105 42.6338 91.0024
343 42.4859 90.9888
320 42.3389 90.9753
389 42.1866 90.9613
539 42.0337 90.9472
230 41.8802 90.9331
265 41.7325 90.9195
394 41.5858 90.906
548 41.4404 90.8926
918 41.2967 90.8794
636 41.1736 90.8681
649 40.7199 90.8263
292 40.2924 90.787
241 39.8783 90.7489
437 39.4697 90.7114
141 39.063 90.674
146 38.6786 90.6386
840 38.2895 90.6028
172 37.9125 90.5681
874 37.5365 90.5336
92 37.0664 90.4903
189 36.5993 90.4474
206 36.1515 90.4062
470 35.6902 90.3638
766 35.2245 90.3209
786 34.7028 90.273
22 34.18 90.2249
638 33.6495 90.1761
2 33.1283 90.1282
296 32.6176 90.0813
428 32.1265 90.0361
181 31.6399 89.9914
768 30.9096 89.9244
761 30.8651 89.9203
877 30.8243 89.9165
424 30.7759 89.9121
430 30.7357 89.9084
569 30.6986 89.9049
53 30.6555 89.901
696 30.6047 89.8963
611 30.5604 89.8922
960 30.5179 89.8883
613 30.4742 89.8843
28 30.4248 89.8798
753 30.3754 89.8752
833 30.3355 89.8715
871 30.2975 89.868
20 30.2975 89.868
974 30.2975 89.868
256 29.9507 89.8023
490 29.5985 89.7356
773 29.2663 89.6727
752 28.9354 89.61
714 28.2587 89.482
120 28.2587 89.482
795 28.2587 89.482
409 28.2587 89.482
72 28.2587 89.482
672 28.2587 89.482
707 28.2587 89.482
150 28.2587 89.482
808 28.2587 89.482
96 28.2587 89.482
41 28.2587 89.482
306 28.2587 89.482
738 28.2587 89.482
806 27.9544 89.4063
578 27.6264 89.3247
608 27.3363 89.2524
76 27.0917 89.1916
418 26.8409 89.1291
886 26.5899 89.0667
167 26.4108 89.0221
44 26.2251 88.9759
368 26.0396 88.9297
271 25.8666 88.8866
521 25.6572 88.8345
491 25.4463 88.782
17 25.236 88.7297
712 25.0464 88.6825
288 24.8671 88.6378
456 24.6914 88.5941
631 24.5161 88.5505
885 24.3151 88.5004
50 24.1137 88.4503
593 23.9219 88.4026
610 23.7328 88.3555
550 23.5347 88.3062
253 23.3479 88.2597
73 23.1502 88.2105
36 22.9369 88.1574
115 22.7096 88.1008
699 22.4939 88.0471
249 22.3204 88.0039
58 22.1427 87.9597
386 21.9602 87.9143
933 21.8009 87.8746
360 21.6382 87.8341
441 21.4827 87.7954
776 21.3116 87.7528
973 21.1404 87.7102
15 20.9822 87.6708
557 20.8177 87.6299
462 20.6641 87.5917
13 20.5106 87.5535
95 20.3537 87.5144
469 20.2131 87.4794
495 20.0658 87.4427
227 19.9243 87.4075
825 19.7719 87.3696
184 19.6244 87.3329
757 19.4807 87.2971
726 19.3236 87.258
551 18.2067 87.507
859 17.3752 87.6923
651 16.279 87.9367
905 14.7764 88.2716
183 14.0886 88.4249
93 13.2588 88.6099
199 12.3696 88.8081
364 11.6064 88.9783
401 10.9192 89.1314
200 10.3483 89.2587
988 9.78758 89.3837
546 9.79259 89.3471
178 9.79687 89.3158
547 9.80064 89.2883
213 9.80427 89.2617
435 9.81582 89.1774
750 9.82914 89.0801
263 9.84464 88.9668
108 9.85941 88.8589
628 9.87364 88.755
815 9.88703 88.6572
914 9.8997 88.5646
585 9.91247 88.4713
868 9.92603 88.3723
236 9.94036 88.2675
380 9.95495 88.161
169 9.97293 88.0296
153 9.98917 87.911
446 10.0053 87.7929
244 10.0222 87.67
300 10.0361 87.5678
568 10.0499 87.4672
969 10.0644 87.3614
678 10.0792 87.2529
827 10.0945 87.1418
247 10.114 86.9991
316 10.1327 86.8623
982 10.1505 86.7327
447 10.1675 86.6079
803 10.1851 86.4792
106 10.2024 86.353
637 10.222 86.2102
711 10.2402 86.0768
39 10.2605 85.9284
405 10.2848 85.7509
718 10.3134 85.5423
325 10.341 85.3403
1 10.3662 85.1567
31 10.3937 84.9558
444 10.4185 84.7741
138 10.4429 84.5963
90 10.472 84.3836
953 10.4982 84.1924
796 10.5288 83.9689
695 10.5543 83.7826
339 10.5824 83.5772
780 10.6065 83.4008
399 10.6304 83.2265
500 10.6568 83.0337
436 10.6772 82.8847
570 10.6984 82.7296
792 10.7199 82.5723
728 10.7437 82.3986
556 10.766 82.2358
554 10.7864 82.0867
203 10.8066 81.9388
48 10.8268 81.7913
301 10.8462 81.6501
693 10.8673 81.4959
442 10.89 81.33
916 10.9176 81.1278
88 10.9448 80.9291
304 10.9691 80.7517
719 11.0063 80.48
736 11.0458 80.1915
830 11.0904 79.8656
321 11.1339 79.5478
955 11.175 79.2476
75 11.2169 78.9415
860 11.2624 78.6088
759 11.3047 78.3003
560 11.3519 77.9553
374 11.3993 77.6089
944 11.4451 77.2743
220 11.5017 76.8608
361 11.5515 76.4972
224 11.5961 76.1708
892 11.6392 75.8559
426 11.6904 75.4823
240 11.7684 74.9125
888 11.8731 74.1474
615 11.7744 73.6281
503 11.6346 72.8923
272 11.4989 72.1783
97 11.3776 71.5405
479 11.2626 70.9352
784 11.121 70.1903
531 11.0076 69.5936
667 11.0076 69.5936
734 11.0076 69.5936
639 11.0076 69.5936
890 11.0076 69.5936
799 11.0084 69.5871
3 11.009 69.5813
457 11.0097 69.5759
338 11.0104 69.5699
207 11.011 69.5642
400 11.0117 69.5585
482 11.0124 69.5524
686 11.013 69.5467
607 11.0137 69.5408
524 11.0144 69.5349
694 11.015 69.5293
966 11.0157 69.5234
119 11.0164 69.5178
277 11.017 69.512
376 11.0177 69.5062
657 11.0183 69.5008
81 11.019 69.495
132 11.0197 69.4892
255 11.0203 69.4835
381 11.021 69.478
346 11.0216 69.4728
433 11.0222 69.4672
948 11.0229 69.461
970 11.0236 69.4549
219 11.0243 69.4492
162 11.0249 69.4438
991 11.0256 69.4384
429 11.0262 69.4325
131 11.0269 69.4263
168 11.0276 69.421
411 11.0283 69.4148
298 11.0289 69.409
717 11.0297 69.4027
665 11.0304 69.3967
347 11.0311 69.3903
77 11.1236 69.3466
445 11.217 69.3024
371 11.3137 69.2567
427 11.4122 69.2101
398 11.5135 69.1622
747 11.6121 69.1155
701 11.7099 69.0692
275 11.8068 69.0234
234 11.898 68.9803
939 11.9971 68.9334
14 12.3486 68.7672
517 12.7106 68.5961
329 13.0748 68.4239
114 13.4651 68.2393
703 13.8585 68.0534
879 14.2452 67.8705
502 14.6277 67.6896
680 15.02 67.5042
192 15.4183 67.3158
130 15.8063 67.1324
336 16.2037 66.9445
691 16.7577 67.117
113 17.3487 67.3009
422 17.9201 67.4788
981 18.5505 67.675
34 19.1866 67.873
443 19.8206 68.0704
772 20.4166 68.2559
764 21.0421 68.4506
431 21.7937 68.6845
382 22.392 68.6718
266 22.9727 68.6595
526 23.564 68.6469
552 24.1583 68.6343
390 24.7312 68.6222
957 25.3036 68.61
252 25.8501 68.5984
697 25.8501 68.5984
507 25.8501 68.5984
137 25.8501 68.5984
720 25.8501 68.5984
79 25.8501 68.5984
630 25.8501 68.5984
846 25.8501 68.5984
789 25.8501 68.5984
971 25.8501 68.5984
924 25.8501 68.5984
662 25.8501 68.5984
333 25.8501 68.5984
60 25.8501 68.5984
635 25.8501 68.5984
487 25.8501 68.5984
600 25.9141 68.5703
99 25.9776 68.5424
537 26.0412 68.5145
658 26.1038 68.487
124 26.1697 68.4581
954 26.2307 68.4314
326 26.2892 68.4057
946 26.3574 68.3757
689 26.4321 68.343
571 26.5001 68.3131
927 26.565 68.2846
501 26.6345 68.2541
454 26.7019 68.2245
591 26.7707 68.1943
730 26.8359 68.1657
599 26.9016 68.1369
574 26.9669 68.1083
601 27.0312 68.08
965 27.1003 68.0497
587 27.1675 68.0202
327 27.2336 67.9912
16 27.301 67.9616
950 27.3709 67.9309
878 27.4513 67.8956
596 27.5273 67.8623
724 27.5968 67.8318
223 27.5968 67.8318
683 30.0382 66.3136
604 30.0382 66.3136
226 30.0382 66.3136
872 30.0382 66.3136
645 31.9076 64.2518
558 33.7716 62.1957
264 33.6705 62.0077
21 33.5698 61.8206
56 33.467 61.6294
804 33.3589 61.4285
365 33.2452 61.2171
493 33.1247 60.9932
733 33.0098 60.7796
291 32.9039 60.5827
922 32.7857 60.3629
359 32.673 60.1534
451 32.5465 59.9182
545 32.4414 59.723
308 32.3476 59.5485
735 32.2355 59.3401
705 32.1302 59.1443
233 32.0321 58.9622
59 31.9431 58.7967
903 31.8584 58.6391
180 31.7678 58.4708
89 31.5828 58.401
901 31.3941 58.3298
729 31.2121 58.2612
897 31.0401 58.1963
461 30.9006 58.1436
510 30.6912 58.0646
809 30.5068 57.9951
370 30.3023 57.918
778 30.0635 57.8279
603 29.8315 57.7403
640 29.613 57.6579
533 29.4073 57.5803
30 29.1652 57.489
104 28.9059 57.3911
349 28.6026 57.2767
765 28.3311 57.1743
267 27.392 56.82
788 26.3967 56.4446
302 25.2416 56.0088
543 23.8845 55.4968
688 22.6036 55.0136
142 20.8006 54.3334
739 19.1715 53.7189
505 14.9534 51.6015
849 11.5849 49.9104
157 11.3925 49.8138
925 11.2234 49.7289
214 11.0529 49.6433
312 10.8864 49.5597
122 10.728 49.4802
708 10.7418 49.3819
972 10.756 49.28
677 10.7706 49.1756
373 10.7862 49.0643
116 10.8013 48.956
908 10.817 48.8435
949 10.817 48.8435
652 10.817 48.8435
228 10.817 48.8435
990 10.817 48.8435
423 10.817 48.8435
589 10.817 48.8435
47 10.817 48.8435
760 10.817 48.8435
542 10.8191 48.7943
303 10.821 48.7482
749 10.823 48.6988
212 10.825 48.65
352 10.8268 48.6071
770 10.8287 48.5596
771 10.8305 48.5157
384 10.8323 48.4728
565 10.8338 48.4364
196 10.8355 48.3951
805 10.8414 48.2522
222 10.8473 48.1076
534 10.853 47.9699
341 10.8585 47.8359
527 10.8639 47.7053
841 10.87 47.5584
463 10.8759 47.4145
403 10.8819 47.2692
731 10.887 47.1436
154 10.892 47.0239
279 10.8969 46.9045
863 10.9023 46.7742
166 10.907 46.6601
858 10.913 46.5131
909 10.9192 46.3639
123 10.9254 46.2112
499 10.9313 46.069
100 10.936 45.9561
218 10.941 45.8347
57 10.9469 45.6906
330 10.9531 45.5402
936 10.9585 45.4096
128 10.9645 45.264
10 10.9707 45.1136
328 10.9764 44.973
46 11.8895 44.1362
87 12.844 43.2615
958 13.6908 42.4854
78 14.5908 41.6607
943 15.4763 40.8492
283 15.5532 41.1194
489 15.6304 41.3901
388 17.5699 42.1157
655 18.1747 42.3419
758 18.7456 42.5555
438 19.3152 42.7686
748 19.8317 42.9618
38 20.179 43.0917
397 20.4528 43.1942
37 20.7191 43.2938
698 20.9768 43.3902
182 21.2417 43.4892
633 21.5421 43.6016
956 21.8201 43.7056
913 22.326 43.6329
938 22.758 43.5709
508 23.2675 43.4977
876 23.7053 43.4348
797 23.6157 43.3033
476 23.5274 43.1738
174 23.4444 43.0521
616 23.3555 42.9218
664 23.283 42.8154
811 23.2065 42.7033
148 23.1299 42.5909
663 23.0556 42.4819
324 22.9859 42.3797
496 22.6419 41.8753
391 22.3072 41.3845
679 21.8971 40.7831
205 21.4159 40.0774
829 20.9843 39.4445
32 20.6121 38.8986
65 20.2422 38.3563
723 19.9065 37.8639
549 19.4921 37.2563
700 19.0668 36.6326
11 18.6669 36.0462
661 14.1607 29.438
898 12.026 26.3075
474 12.0293 26.2631
402 12.0322 26.222
682 12.0351 26.1823
412 12.0375 26.15
673 12.0398 26.1186
455 12.0421 26.0865
741 12.0446 26.0525
362 12.047 26.0198
588 12.0493 25.9888
86 12.0512 25.9622
4 12.0679 25.7333
268 12.0849 25.5004
985 12.1016 25.2716
710 12.1209 25.007
133 12.1397 24.7504
514 12.1589 24.487
258 12.1888 24.0767
299 12.2179 23.6786
572 12.2471 23.2781
836 12.2776 22.8603
963 12.311 22.4024
794 12.3444 21.9453
439 12.4188 20.9261
702 12.4607 20.3514
74 12.4962 19.8653
629 12.5867 18.6257
187 12.6237 18.1186
646 12.7047 17.0088
674 12.7791 15.9901
812 12.8558 14.9382
8 12.9314 14.9567
331 12.9937 14.9721
881 13.0563 14.9874
61 13.1225 15.0037
348 13.2012 15.0231
488 13.2747 15.0411
722 13.3411 15.0575
211 15.4162 15.5676
366 18.0884 16.2246
899 22.0043 17.1873
111 25.7069 18.0976
822 26.3981 18.2675
64 26.824 18.3722
626 27.2575 18.4788
883 27.6792 18.5825
363 28.0388 18.6709
407 28.3898 18.7572
310 28.6974 18.8328
287 28.9564 18.8965
351 28.9773 19.1386
704 29.0009 19.4131
902 29.0252 19.6951
354 29.0487 19.9689
246 29.0691 20.2061
824 29.0908 20.4573
643 29.1102 20.6827
669 29.1302 20.9149
379 29.1778 21.4689
254 29.2155 21.9069
915 29.2582 22.403
709 29.2975 22.8593
641 29.3361 23.3084
573 29.3716 23.7204
834 29.4324 24.4269
191 29.4806 24.987
26 29.5002 25.2143
486 29.5235 25.4857
221 29.5446 25.7308
121 29.5659 25.9778
787 29.5854 26.2043
602 29.6053 26.4353
278 29.6253 26.6683
467 29.6442 26.8876
307 29.6623 27.0979
529 29.6816 27.322
337 29.6975 27.5073
284 29.773 28.3841
261 29.8698 29.5087
853 30.0405 31.4926
125 30.1413 32.6637
612 30.8046 33.812
160 31.5269 35.0624
257 32.2931 36.389
475 32.9517 37.529
917 33.0967 37.6522
586 33.2253 37.7614
989 33.3581 37.8743
151 33.4764 37.9748
790 33.6047 38.0837
619 33.7213 38.1828
869 33.8312 38.2762
535 33.9615 38.3868
783 34.0956 38.5007
687 34.2209 38.6072
525 34.3499 38.7167
862 34.4832 38.83
155 34.6102 38.9379
692 34.7166 39.0282
480 34.8268 39.1219
356 34.9394 39.2175
706 35.0431 39.3056
413 35.1509 39.3972
269 35.2602 39.4901
414 37.7624 39.3145
843 43.7686 38.8927
19 43.9583 38.6415
935 44.1392 38.4019
69 44.3145 38.1698
63 44.4962 37.9292
276 44.6795 37.6865
7 44.8717 37.432
865 45.0766 37.1607
452 45.2682 36.907
512 45.4675 36.6431
458 45.7874 36.2196
716 46.0936 35.8141
844 46.4039 35.4033
66 46.7178 34.9876
566 47.0404 34.5606
250 48.0758 33.1902
197 49.2885 31.585
355 50.3356 30.1993
821 51.37 28.8303
6 51.37 28.8303
209 51.37 28.8303
419 51.37 28.8303
55 51.37 28.8302
27 51.37 28.8302
555 51.37 28.8302
377 51.37 28.8302
831 51.37 28.8302
634 51.37 28.8301
930 51.3601 28.6066
751 51.344 28.2415
421 51.3271 27.8591
681 51.3093 27.458
828 51.2907 27.0369
164 51.2701 26.5703
781 51.2491 26.0936
873 51.2257 25.5649
819 51.2022 25.0344
785 51.18 24.5305
934 51.1576 24.0246
959 51.1358 23.5302
289 51.0381 21.316
653 50.9329 18.9313
777 50.8261 16.5101
518 50.7308 14.352
24 59.9016 14.9676
504 61.6661 15.086
598 62.8649 15.1665
103 63.8114 15.23
176 65.5423 15.3462
581 67.2886 15.4634
295 69.8059 15.6324
260 77.5934 16.1551
721 78.2325 17.1763
