0,483,979,243,627,260,98,345,590,242,33,520,609,745,592,232,425,583,466,29,850,967,835,932,274,506,838,198,920,977,195,670,107,684,884,136,951,170,497,387,650,67,553,767,238,538,941,334,656,440,201,190,942,900,35,762,478,420,290,907,208,605,84,582,515,595,68,964,962,727,293,904,112,647,393,9,509,340,810,332,867,744,315,18,71,818,481,852,579,775,385,383,110,654,152,975,417,837,51,668,173,847,987,528,322,889,311,660,372,473,25,450,685,204,648,928,251,893,845,318,820,580,983,725,353,135,494,740,622,177,992,984,273,817,544,823,854,42,742,159,285,666,864,52,567,158,952,980,737,816,584,464,465,83,937,149,813,620,145,369,536,541,746,624,23,882,532,618,880,887,516,185,202,344,105,539,343,713,947,961,406,931,814,40,856,911,434,313,896,62,367,477,118,575,782,297,460,754,690,12,395,832,378,91,801,229,317,294,335,659,415,259,245,861,895,642,280,319,561,636,921,840,193,563,826,270,226,940,855,671,769,968,82,632,350,432,800,802,540,109,94,765,523,591,558,56,144,225,912,986,562,894,80,484,857,163,676,264,459,134,533,910,596,453,809,807,365,235,404,104,897,804,600,359,501,789,903,927,640,507,382,171,60,252,635,730,604,689,954,526,454,574,888,658,878,757,308,662,571,872,437,141,292,129,416,215,649,223,537,124,189,230,140,179,564,763,513,976,614,724,511,165,774,851,320,156,248,755,766,126,305,375,866,22,92,738,877,470,256,918,874,146,206,530,974,239,408,5,449,389,53,569,309,638,394,172,548,181,241,559,448,265,139,611,919,2,296,786,773,960,392,20,613,72,424,795,761,752,231,306,41,96,808,150,707,672,271,806,631,430,462,16,696,28,490,714,697,333,768,409,428,120,227,456,288,712,17,491,521,753,183,859,651,495,469,95,13,15,776,441,360,933,58,699,115,36,73,253,550,610,593,50,885,578,184,833,44,167,418,76,608,487,400,988,973,815,39,106,386,435,399,380,247,585,325,446,868,637,557,405,169,444,568,108,300,178,153,718,1,711,447,678,236,263,750,200,401,871,213,368,827,719,304,88,916,442,693,301,48,203,554,556,728,792,570,546,796,31,244,628,825,551,547,982,316,249,199,93,886,892,639,890,969,914,953,364,905,138,803,736,695,426,90,224,361,220,944,374,560,759,860,75,955,321,830,615,479,97,272,503,207,607,686,482,946,966,436,780,500,339,694,376,347,717,298,411,168,739,429,991,162,219,970,948,433,346,381,255,240,329,77,726,445,457,338,431,81,703,657,277,119,132,398,427,747,443,772,701,275,266,720,799,3,422,764,981,113,130,192,680,502,326,971,601,630,99,950,587,327,924,552,846,233,451,142,901,667,734,14,524,122,371,114,879,517,784,531,234,939,665,909,57,131,157,214,677,708,849,797,174,116,283,128,698,212,771,925,489,336,863,166,858,936,403,218,770,749,303,228,542,652,182,47,154,279,972,691,196,663,589,505,373,908,760,352,565,805,534,527,463,391,545,388,705,735,758,397,633,956,913,938,508,324,496,148,723,32,205,612,86,100,499,330,990,328,949,222,423,341,78,985,312,514,125,731,10,700,616,123,655,476,841,384,46,958,133,268,572,710,898,74,258,963,899,673,741,943,794,402,331,87,455,4,474,187,674,299,722,211,881,646,412,629,61,682,366,812,643,588,488,362,8,348,354,653,111,310,704,573,518,26,287,883,934,363,64,337,246,351,669,407,261,787,254,379,834,221,307,278,160,467,284,602,822,529,836,641,486,824,626,915,661,709,121,439,702,65,902,549,829,543,512,191,783,989,414,269,413,706,480,692,475,619,151,155,869,862,525,687,566,356,7,586,790,917,876,748,664,37,11,438,535,38,811,302,688,788,679,965,390,59,599,21,891,461,715,137,733,175,922,957,79,645,493,89,729,34,180,267,349,30,603,778,370,510,756,237,839,597,683,49,779,621,147,281,127,54,929,286,101,492,923,188,342,472,210,194,945,522,848,291,743,576,471,186,617,625,69,262,282,732,798,577,791,410,519,870,396,85,906,875,623,498,63,843,276,644,468,216,793,161,66,594,357,45,323,358,842,143,926,102,314,485,217,70,117,606,675,43,257,377,19,853,935,164,452,844,716,959,821,873,930,781,634,555,785,250,289,681,819,27,865,209,6,751,828,197,458,355,831,55,419,421,978,504,24,721,777,295,103,598,581,176,
value : 463.281 running time : 166.359115
0 80 20
483 86.2684 17.5916
979 86.2684 17.5916
243 86.2684 17.5916
627 86.2684 17.5916
260 86.2684 17.5916
98 85.2367 24.308
345 85.0354 25.6173
590 83.6885 34.3821
242 82.2398 43.8127
33 82.2398 43.8128
520 82.2397 43.8128
609 82.2397 43.8129
745 82.2397 43.8129
592 82.2397 43.813
232 82.2397 43.813
425 82.4623 46.2581
583 82.6588 48.4165
466 82.676 48.6057
29 82.7109 48.9892
850 82.7526 49.4477
967 82.7526 49.4477
835 82.7526 49.4477
932 82.7526 49.4477
274 82.7526 49.4477
506 82.7526 49.4477
838 82.7526 49.4477
198 82.7526 49.4477
920 82.7526 49.4477
977 82.7526 49.4477
195 82.7526 49.4477
670 82.7526 49.4477
107 83.0604 50.3162
684 83.3239 51.0599
884 83.519 51.6106
136 83.7124 52.1563
951 83.9186 52.7385
170 84.1471 53.3833
497 84.3603 53.9851
387 80.4378 56.6905
650 75.7867 59.8985
67 74.3059 60.9198
553 73.6742 61.3555
767 72.6422 62.0673
238 71.6325 62.7637
538 71.0347 63.176
941 70.5817 63.4884
334 70.0697 63.8416
656 69.4484 64.2701
440 68.7438 64.7561
201 68.2955 65.0653
190 67.7485 65.4426
942 67.1476 65.857
900 66.4635 66.3288
35 65.7019 66.8542
762 65.571 67.1012
478 65.4533 67.3236
420 65.3272 67.5618
290 65.1813 67.8372
907 65.0623 68.0619
208 64.9229 68.3251
605 64.7945 68.5677
84 64.674 68.7952
582 64.5518 69.026
515 64.5518 69.026
595 64.5518 69.026
68 64.5518 69.026
964 64.5518 69.026
962 64.5518 69.026
727 64.5518 69.026
293 64.5518 69.026
904 64.6172 69.0703
112 64.6723 69.1076
647 64.7316 69.1478
393 64.7962 69.1915
9 64.8582 69.2335
509 64.9229 69.2774
340 64.9832 69.3182
810 65.0435 69.359
332 69.569 72.4247
867 69.3606 72.6585
744 69.14 72.9062
315 68.9215 73.1515
18 69.0216 73.211
71 69.1263 73.2732
818 69.2241 73.3312
481 69.3097 73.382
852 69.3934 73.4317
579 69.4855 73.4864
775 69.5771 73.5408
385 69.6623 73.5914
383 69.7423 73.6389
110 69.8171 73.6833
654 69.8954 73.7298
152 69.9828 73.7816
975 70.0718 73.8345
417 70.1578 73.8856
837 70.231 73.9291
51 70.3031 73.9718
668 70.373 74.0134
173 70.5183 74.0996
847 70.6746 74.1924
987 70.8614 74.3034
528 78.5307 78.8574
322 83.0779 81.5572
889 84.2985 82.2819
311 84.884 82.6295
660 85.4794 82.983
372 85.9989 83.2914
473 85.9989 83.2914
25 85.9989 83.2914
450 85.9989 83.2914
685 85.2631 84.057
204 84.4899 84.8615
648 82.9529 86.4609
928 81.3453 88.1337
251 78.5716 88.2984
893 78.4425 88.3061
845 78.2968 88.3147
318 78.181 88.3216
820 78.0907 88.3269
580 77.9897 88.3329
983 77.9897 88.3329
725 77.4056 88.3413
353 76.7495 88.3506
135 76.1713 88.3588
494 75.3346 88.3707
740 74.4914 88.3827
622 73.4392 88.3975
177 72.3888 88.4124
992 71.7041 88.4221
984 71.2055 88.4292
273 70.7938 88.4351
817 70.4068 88.4406
544 70.0428 88.4458
823 69.68 88.451
854 69.3208 88.4561
42 68.9287 88.4617
742 68.5984 88.4664
159 68.2074 88.472
285 67.7376 88.4787
666 67.2968 88.485
864 66.8381 88.4915
52 66.2838 88.4993
567 65.7591 88.5068
158 65.2596 88.5139
952 64.6951 88.5218
980 64.6951 88.5218
737 64.695 88.5218
816 64.695 88.5218
584 64.695 88.5218
464 64.695 88.5218
465 64.695 88.5218
83 64.695 88.5218
937 64.1072 88.5323
149 63.5151 88.5427
813 62.5395 88.5601
620 61.2405 88.5832
145 59.5107 88.6142
369 57.9959 88.6415
536 56.2704 88.6724
541 54.4847 88.7043
746 54.4674 88.7046
624 54.4506 88.7049
23 54.4336 88.7052
882 54.4159 88.7055
532 54.3984 88.7059
618 54.3823 88.7062
880 54.3661 88.7064
887 54.3483 88.7068
516 54.3289 88.7071
185 54.3118 88.7074
202 54.2923 88.7078
344 54.2709 88.7082
105 54.2491 88.7086
539 54.2295 88.7089
343 54.2295 88.7089
713 54.2295 88.7089
947 54.2295 88.7089
961 54.2295 88.7089
406 54.2077 88.6485
931 54.1894 88.5978
814 54.172 88.5496
40 54.1559 88.5052
856 54.1412 88.4643
911 54.1243 88.4176
434 54.106 88.3668
313 54.0832 88.3038
896 54.0621 88.2453
62 54.0395 88.1827
367 54.0177 88.1223
477 53.9961 88.0625
118 53.972 87.9959
575 53.9466 87.9256
782 53.9219 87.8571
297 53.9028 87.8043
460 50.9936 82.2545
754 50.9146 82.1691
690 50.8324 82.0804
12 50.7454 81.9864
395 50.6625 81.8969
832 50.5652 81.7918
378 50.474 81.6933
91 50.33 81.5378
801 50.2198 81.4188
229 50.0928 81.2816
317 49.9655 81.1441
294 49.7841 80.9481
335 49.642 80.7946
659 49.488 80.6283
415 49.3504 80.4797
259 49.2038 80.3214
245 49.0407 80.1452
861 48.8693 79.9601
895 48.6963 79.7732
642 48.5357 79.5997
280 48.3781 79.4295
319 48.2055 79.2431
561 48.0311 79.0547
636 47.8775 78.8888
921 47.7091 78.7069
840 47.5349 78.5188
193 47.3821 78.3537
563 47.2226 78.1814
826 47.0588 78.0045
270 46.8729 77.8038
226 46.7273 77.6464
940 46.6127 77.5227
855 46.477 77.3762
671 46.3581 77.2477
769 45.2109 76.0083
968 43.9546 74.6507
82 43.9546 74.6507
632 43.9546 74.6507
350 43.9545 74.6507
432 43.9545 74.6507
800 43.8725 74.5672
802 43.5644 74.2535
540 43.2325 73.9157
109 42.9362 73.614
94 42.5627 73.2339
765 42.0758 72.7383
523 41.8049 72.4625
591 41.5269 72.1796
558 41.2846 71.933
56 41.0451 71.6892
144 40.8308 71.471
225 40.5824 71.2181
912 40.3256 70.9567
986 40.3256 70.9567
562 40.3256 70.9567
894 40.3256 70.9567
80 40.3256 70.9567
484 40.3256 70.9567
857 40.3256 70.9567
163 40.2224 70.9295
676 40.1332 70.906
264 40.0393 70.8813
459 39.9458 70.8567
134 39.8562 70.8331
533 39.758 70.8072
910 39.6793 70.7865
596 39.6018 70.7661
453 39.5343 70.7483
809 38.7686 70.5465
807 38.3429 70.4344
365 37.7301 70.2729
235 37.198 70.1326
404 35.3975 69.6582
104 33.4363 69.1414
897 31.2751 68.5719
804 31.6647 69.087
600 31.6856 69.1247
359 31.7082 69.1657
501 31.7301 69.2053
789 31.7521 69.2452
903 31.7722 69.2815
927 31.7933 69.3198
640 31.8135 69.3563
507 31.8354 69.3958
382 32.0187 69.7277
171 32.2671 70.1772
60 32.4728 70.5497
252 32.6536 70.8769
635 32.8068 71.1542
730 32.9897 71.4852
604 33.1716 71.8146
689 33.3555 72.1474
954 33.5265 72.457
526 33.6796 72.7342
454 33.8734 73.0849
574 34.0471 73.3994
888 34.23 73.7304
658 34.4363 74.1038
878 34.7466 74.6656
757 35.0767 75.2632
308 35.2309 75.5423
662 35.4276 75.8986
571 35.6094 76.2277
872 35.8397 76.6447
437 36.0784 77.0769
141 36.2559 77.3983
292 36.4229 77.7008
129 36.5982 78.0182
416 36.6922 78.1884
215 36.7715 78.3319
649 36.8512 78.4763
223 36.9292 78.6175
537 37.011 78.7657
124 37.7059 80.024
189 38.4842 81.4332
230 39.3039 82.9175
140 39.9448 84.0781
179 39.9448 84.0781
564 39.9448 84.0781
763 39.9448 84.0781
513 39.9448 84.0781
976 40.0125 84.2915
614 40.0908 84.5388
724 40.1755 84.806
511 41.8187 89.9883
165 41.8187 89.9883
774 41.8187 89.9883
851 41.8187 89.9883
320 41.8187 89.9883
156 41.8187 89.9883
248 41.8187 89.9883
755 41.8187 89.9883
766 41.8187 89.9883
126 41.8187 89.9883
305 41.6713 89.9717
375 41.5184 89.9546
866 41.3474 89.9354
22 41.1579 89.9141
92 40.9793 89.8941
738 40.829 89.8772
877 40.6657 89.8589
470 40.4988 89.8402
256 40.3354 89.8218
918 40.1906 89.8056
874 40.0715 89.7922
146 39.9189 89.7751
206 39.7824 89.7597
530 39.6389 89.7436
974 39.4951 89.7275
239 39.3567 89.712
408 39.212 89.6957
5 39.0582 89.6785
449 38.8717 89.6575
389 38.695 89.6377
53 38.51 89.6169
569 38.3253 89.5962
309 38.1358 89.5749
638 37.9334 89.5522
394 37.767 89.5335
172 37.6004 89.5148
548 37.4397 89.4968
181 37.2825 89.4791
241 37.1092 89.4597
559 36.959 89.4428
448 36.0531 89.3412
265 35.1428 89.2391
139 34.0213 89.1133
611 32.5503 88.9483
919 32.3883 88.9301
2 32.2141 88.9106
296 32.0359 88.8906
786 31.8755 88.8726
773 31.7135 88.8545
960 31.5619 88.8375
392 31.4031 88.8196
20 31.2305 88.8003
613 31.0752 88.7829
72 30.8991 88.7631
424 30.692 88.7399
795 30.5342 88.7222
761 30.363 88.703
752 30.2175 88.6867
231 29.8799 88.6488
306 29.5036 88.6067
41 29.1798 88.5704
96 28.8914 88.538
808 28.5939 88.5047
150 28.2794 88.4694
707 27.9753 88.4353
672 27.622 88.3957
271 27.2796 88.3573
806 26.8962 88.3143
631 26.4976 88.2697
430 26.0778 88.2226
462 25.6534 88.175
16 25.4091 88.1477
696 25.136 88.117
28 24.8641 88.0866
490 24.5684 88.0534
714 24.2706 88.02
697 24.0188 87.9597
333 23.7791 87.9022
768 23.5713 87.8523
409 23.3281 87.794
428 23.067 87.7314
120 22.7999 87.6674
227 22.4952 87.5943
456 22.4455 87.5715
288 22.3928 87.5472
712 22.3437 87.5246
17 22.2971 87.5031
491 22.2559 87.4841
521 22.2093 87.4627
753 22.0739 87.4004
183 21.9437 87.3405
859 21.8205 87.2838
651 21.6886 87.223
495 21.5381 87.1538
469 21.4072 87.0935
95 21.2817 87.0358
13 21.1795 86.9888
15 21.0705 86.9386
776 20.9489 86.8826
441 20.8231 86.8247
360 20.6739 86.7561
933 20.542 86.6954
58 20.4034 86.6316
699 20.2632 86.5671
115 20.1507 86.5153
36 20.0431 86.4657
73 19.921 86.4095
253 19.7802 86.3448
550 19.6254 86.2735
610 19.4997 86.2157
593 19.3499 86.1467
50 19.0964 86.0301
885 18.858 85.9204
578 18.6028 85.8029
184 18.3491 85.6862
833 18.14 85.5899
44 17.9194 85.4885
167 17.6781 85.3774
418 17.3637 85.2327
76 17.0371 85.0824
608 16.6452 84.9021
487 16.2606 84.7251
400 15.9058 84.5618
988 10.4432 90.0352
973 10.4432 90.0352
815 10.4432 90.0352
39 10.4432 90.0352
106 10.4432 90.0352
386 10.4432 90.0352
435 10.4432 90.0352
399 10.4432 90.0352
380 10.4432 90.0352
247 10.4432 90.0352
585 10.4432 90.0352
325 10.4432 90.0352
446 10.4432 90.0352
868 10.4432 90.0352
637 10.4432 90.0352
557 10.4432 90.0352
405 10.4432 90.0352
169 10.4432 90.0352
444 10.4432 90.0352
568 10.4432 90.0352
108 10.4432 90.0352
300 10.4432 90.0352
178 10.4432 90.0352
153 10.4432 90.0352
718 10.4432 90.0352
1 10.4432 90.0352
711 10.4432 90.0352
447 10.4432 90.0352
678 10.4432 90.0352
236 10.4432 90.0352
263 10.4432 90.0352
750 10.4432 90.0352
200 10.4432 90.0352
401 10.4432 90.0352
871 10.4432 90.0352
213 10.442 90.0031
368 10.4318 89.7111
827 10.4222 89.4396
719 10.4101 89.096
304 10.3999 88.8048
88 10.3884 88.477
916 10.379 88.2102
442 10.3702 87.9595
693 10.3604 87.6811
301 10.3498 87.3806
48 10.3381 87.0484
203 10.3275 86.7467
554 10.3171 86.45
556 10.3089 86.2178
728 10.3023 86.03
792 10.2966 85.8686
570 10.2902 85.6867
546 10.284 85.5088
796 10.2776 85.3272
31 10.272 85.167
244 10.2663 85.0053
628 10.2605 84.8402
825 10.254 84.657
551 10.2483 84.4954
547 10.2435 84.3583
982 10.2381 84.2051
316 10.2324 84.0428
249 10.2267 83.8797
199 10.221 83.7182
93 10.2142 83.5253
886 10.2072 83.3246
892 10.2011 83.151
639 10.1945 82.9643
890 10.1896 82.8271
969 10.1855 82.7083
914 10.1803 82.5612
953 10.1746 82.3999
364 10.1686 82.2286
905 10.1623 82.0484
138 10.1569 81.8962
803 10.1452 81.5646
736 10.1327 81.2072
695 10.12 80.8485
426 10.1058 80.4425
90 10.0912 80.0291
224 10.0763 79.6064
361 10.0645 79.2695
220 10.0533 78.9515
944 10.0446 78.704
374 10.0346 78.4203
560 10.0252 78.1529
759 10.0157 77.8836
860 10.0051 77.5809
75 9.99551 77.3088
955 9.98534 77.0196
321 9.9744 76.7084
830 9.96377 76.4064
615 9.95284 76.0956
479 9.94093 75.7567
97 9.92817 75.3941
272 9.917 75.0766
503 9.90729 74.8007
207 9.8975 74.5226
607 9.88717 74.2289
686 9.87728 73.9476
482 9.86762 73.6731
946 9.85928 73.436
966 9.84933 73.1531
436 9.8412 72.9219
780 9.83094 72.6303
500 9.81879 72.2847
339 9.80744 71.9622
694 9.79462 71.5981
376 9.78091 71.2086
347 9.76922 70.8766
717 9.81798 70.8784
298 9.87049 70.8802
411 9.93489 70.8825
168 9.98658 70.8843
739 10.0307 70.8858
429 10.0751 70.8874
991 10.1149 70.8888
162 10.1627 70.8904
219 10.2062 70.892
970 10.2522 70.8936
948 10.2958 70.8951
433 10.3387 70.8966
346 10.3852 70.8982
381 10.426 70.8997
255 10.4739 70.9013
240 10.5255 70.9031
329 10.8722 70.9153
77 11.164 70.9256
726 11.5466 70.939
445 11.8312 70.949
457 12.1813 70.9613
338 12.5155 70.973
431 12.8908 70.9862
81 12.9601 70.7069
703 13.0226 70.4549
657 13.0735 70.2497
277 13.1315 70.0163
119 13.1872 69.7917
132 13.2431 69.5666
398 13.2985 69.3434
427 13.3548 69.1163
747 13.4129 68.882
443 13.4597 68.6935
772 13.523 68.4386
701 13.5749 68.2294
275 13.632 67.9992
266 13.689 67.7697
720 14.3937 64.9338
799 14.3937 64.9338
3 14.3937 64.9338
422 14.3937 64.9338
764 14.3937 64.9338
981 14.3937 64.9338
113 14.3937 64.9338
130 14.3937 64.9338
192 14.3937 64.9338
680 14.3937 64.9338
502 14.3937 64.9338
326 14.3937 64.9338
971 14.3936 64.8404
601 14.3936 64.7501
630 14.3935 64.6672
99 14.3935 64.5907
950 14.3935 64.4913
587 14.3934 64.361
327 14.3932 63.9418
924 14.393 63.4357
552 14.3927 62.8805
846 14.3924 62.257
233 14.3921 61.6179
451 14.3919 61.0515
142 14.3916 60.4846
901 14.3916 60.4846
667 9.88108 61.8871
734 9.91946 61.7004
14 9.96218 61.4927
524 10.0119 61.2509
122 10.0546 61.043
371 10.0897 60.8727
114 10.1299 60.6771
879 10.1664 60.4997
517 10.2044 60.3147
784 10.2515 60.0854
531 10.2954 59.8721
234 10.3375 59.6673
939 10.3793 59.4638
665 10.4292 59.221
909 10.7393 57.7126
57 10.9304 56.7833
131 11.0852 56.0302
157 11.2809 55.0783
214 11.3223 54.8769
677 11.3648 54.6701
708 11.4091 54.4547
849 11.4555 54.2292
797 11.5061 53.9825
174 11.549 53.7739
116 11.5896 53.5763
283 13.1068 49.6315
128 13.1068 49.6315
698 13.1068 49.6315
212 13.1068 49.6315
771 13.1068 49.6315
925 13.1068 49.6315
489 13.1068 49.6315
336 13.1068 49.6315
863 13.1068 49.6315
166 13.1068 49.6315
858 13.1068 49.6315
936 13.1068 49.6315
403 13.1068 49.6315
218 13.1068 49.6315
770 13.1068 49.6315
749 13.1068 49.6315
303 13.1068 49.6315
228 13.1068 49.6315
542 13.1068 49.6315
652 13.1068 49.6315
182 13.1068 49.6315
47 13.1068 49.6315
154 13.1068 49.6315
279 13.1068 49.6315
972 13.1068 49.6315
691 13.1068 49.6315
196 13.1068 49.6315
663 13.1068 49.6315
589 13.1068 49.6315
505 13.1068 49.6315
373 13.1068 49.6315
908 13.1068 49.6315
760 13.1068 49.6315
352 13.3915 49.5644
565 13.6836 49.4955
805 13.9557 49.4314
534 14.2424 49.3638
527 14.5239 49.2974
463 15.4858 49.0704
391 16.3723 48.861
545 17.3592 48.628
388 17.9712 48.4837
705 17.9712 48.4837
735 17.9712 48.4837
758 18.071 48.3392
397 18.1778 48.1846
633 18.2647 48.0588
956 18.3525 47.9316
913 18.4566 47.7809
938 18.5457 47.6519
508 18.6498 47.5011
324 18.3073 47.1146
496 17.8629 46.6129
148 17.4504 46.1474
723 17.0715 45.7197
32 16.6413 45.2341
205 16.2345 44.7749
612 16.0544 44.5716
86 9.42101 40.2
100 9.42101 40.2
499 9.52299 40.0658
330 9.63968 39.9122
990 9.76474 39.7476
328 9.87124 39.6075
949 9.99344 39.4467
222 10.1014 39.3046
423 10.2225 39.1452
341 10.3314 39.0019
78 10.462 38.8299
985 10.5682 38.6902
312 10.6687 38.558
514 10.7876 38.4014
125 10.9092 38.2414
731 11.0075 38.112
10 11.1217 37.9618
700 11.2321 37.8164
616 11.3347 37.6815
123 11.4416 37.5408
655 11.5641 37.3796
476 11.5862 37.0572
841 11.6086 36.7299
384 11.6589 35.9957
46 11.7114 35.2309
958 11.77 34.3758
133 11.8381 33.3829
268 11.8981 32.5079
572 11.9508 31.7391
710 11.9994 31.0304
898 12.0447 30.3691
74 12.0923 29.6745
258 12.1384 29.0029
963 12.1809 28.3827
899 12.2197 27.8162
673 12.2567 27.2771
741 12.2934 26.7406
943 12.3247 26.2852
794 12.3588 25.7871
402 12.3981 25.2144
331 12.4324 24.7133
87 12.4639 24.2532
455 12.5319 23.262
4 12.5968 22.3145
474 12.7015 20.7882
187 12.8068 19.2519
674 12.9464 18.2046
299 13.072 17.2628
722 13.3518 15.1642
211 13.3619 15.0887
881 13.3722 15.0109
646 13.3815 14.9414
412 13.391 14.8697
629 13.4017 14.7894
61 13.4112 14.7177
682 13.4211 14.6434
366 13.4312 14.5678
812 13.4424 14.4835
643 14.5333 14.5466
588 15.1288 14.5811
488 15.8043 14.6201
362 16.4169 14.6556
8 18.5207 14.7773
348 20.4405 14.8884
354 24.284 15.1106
653 33.2389 13.6934
111 33.2552 13.6908
310 33.2716 13.6882
704 33.2871 13.6858
573 33.3032 13.6832
518 33.32 13.6805
26 32.7794 15.5033
287 32.3402 16.9842
883 31.719 19.079
934 31.1401 21.0307
363 31.1217 21.0757
64 31.1 21.1286
337 31.0807 21.1758
246 31.0614 21.2229
351 31.0442 21.2648
669 31.0246 21.3128
407 30.9501 21.4943
261 30.7562 21.9677
787 30.5739 22.4125
254 30.423 22.7808
379 30.263 23.1713
834 30.1013 23.5656
221 29.9501 23.9347
307 29.8108 24.2745
278 29.6632 24.6349
160 29.5322 24.9544
467 29.4022 25.2716
284 29.2717 25.59
602 29.122 25.9555
822 28.9836 26.2931
529 28.8192 26.6942
836 28.6902 27.0091
641 28.6902 27.0091
486 28.6902 27.0091
824 28.6902 27.0091
626 28.6902 27.0091
915 28.6902 27.0091
661 28.6902 27.0091
709 28.8381 27.4288
121 28.9851 27.846
439 29.1114 28.2047
702 29.2674 28.6473
65 29.4857 29.2669
902 29.6509 29.7359
549 30.5724 32.3512
829 31.477 34.9185
543 32.9252 39.0263
512 33.668 41.1345
191 33.668 41.1345
783 33.668 41.1345
989 33.668 41.1345
414 33.668 41.1345
269 33.668 41.1345
413 33.668 41.1345
706 33.668 41.1345
480 33.668 41.1345
692 33.668 41.1345
475 33.668 41.1345
619 33.668 41.1345
151 33.668 41.1345
155 33.668 41.1345
869 33.668 41.1345
862 33.668 41.1345
525 33.668 41.1345
687 33.668 41.1345
566 33.668 41.1345
356 33.668 41.1345
7 33.668 41.1345
586 33.668 41.1345
790 33.5627 41.751
917 33.4512 42.4033
876 33.3375 43.0691
748 33.2433 43.6206
664 33.1503 44.1648
37 33.0465 44.7727
11 32.9469 45.3557
438 32.8434 45.9612
535 32.7407 46.5628
38 32.6413 47.1445
811 32.5378 47.7504
302 32.3901 48.6152
688 32.244 49.4705
788 32.1049 50.2848
679 32.1049 50.2848
965 33.5984 57.1314
390 33.6411 57.1261
59 33.6854 57.1207
599 33.7307 57.1152
21 33.7816 57.109
891 33.833 57.1027
461 33.8835 57.0965
715 33.9226 57.0917
137 33.96 57.0872
733 33.9995 57.0823
175 34.0486 57.0764
922 34.0918 57.0711
957 34.1285 57.0666
79 34.1683 57.0617
645 34.2146 57.0561
493 34.2592 57.0506
89 34.3019 57.0454
729 34.34 57.0408
34 34.3833 57.0355
180 34.5326 57.0172
267 34.6382 57.0043
349 34.7491 56.9908
30 35.2436 56.9304
603 35.6734 56.8779
778 36.1331 56.8218
370 36.5765 56.7676
510 36.9463 56.7225
756 37.4327 56.6631
237 38.0488 56.5879
839 38.6022 56.5203
597 39.2493 56.4413
683 39.7563 56.3794
49 40.2578 56.3181
779 40.8096 56.2508
621 41.1883 56.2045
147 41.5194 56.1641
281 41.9478 56.1118
127 42.3178 56.0666
54 42.6896 56.0212
929 43.1042 55.9706
286 43.6851 55.8997
101 43.8253 55.8826
492 43.9666 55.8653
923 44.0992 55.8491
188 44.2353 55.8325
342 44.3431 55.8193
472 44.4583 55.8053
210 44.5677 55.7919
194 44.6889 55.7771
945 44.8159 55.7616
522 44.9289 55.7478
848 45.0548 55.7325
291 45.1583 55.7198
743 45.9599 55.622
576 46.6115 55.5425
471 47.3823 55.4484
186 48.2927 55.3373
617 49.0743 55.242
625 49.1435 55.2051
69 49.2064 55.1715
262 49.2665 55.1395
282 49.3184 55.1118
732 49.3709 55.0838
798 49.4363 55.0489
577 49.5035 55.0131
791 49.5634 54.9812
410 49.6225 54.9496
519 50.3589 54.557
870 51.0071 54.2114
396 51.2953 54.0577
85 51.5637 53.9146
906 51.8296 53.7728
875 52.0283 53.6669
623 52.2114 53.5692
498 52.3833 53.4775
63 52.5924 53.366
843 52.7785 53.2668
276 52.9763 53.1613
644 53.178 53.0538
468 53.178 53.0538
216 53.503 52.779
793 54.2147 52.1774
161 54.9566 51.5503
66 56.5553 50.199
594 57.6305 49.2901
357 58.5688 48.4969
45 59.3913 47.8016
323 59.7556 47.4937
358 59.7556 47.4937
842 59.7556 47.4937
143 59.7556 47.4937
926 59.7556 47.4937
102 59.7556 47.4937
314 59.3436 46.905
485 59.0189 46.441
217 58.5105 45.7146
70 58.0973 45.1242
117 57.511 44.2864
606 56.6723 43.088
675 55.6005 41.5564
43 54.2455 39.6202
257 52.3523 36.9148
377 52.0516 36.4852
19 51.6988 35.9811
853 51.3486 35.4808
935 51.4564 35.3471
164 51.5713 35.2048
452 51.6613 35.0933
844 52.6567 33.8617
716 53.4919 32.8283
959 54.0063 32.1917
821 54.0063 32.1917
873 54.0063 32.1917
930 54.0063 32.1917
781 54.0063 32.1917
634 54.0063 32.1917
555 54.0063 32.1917
785 54.0063 32.1917
250 54.0063 32.1917
289 54.0063 32.1917
681 54.0063 32.1917
819 54.0063 32.1917
27 54.0063 32.1917
865 54.0063 32.1917
209 54.0063 32.1917
6 54.0063 32.1917
751 54.0063 32.1917
828 54.0063 32.1917
197 54.0063 32.1917
458 54.0063 32.1917
355 54.0063 32.1917
831 54.0063 32.1917
55 54.0063 32.1917
419 54.0063 32.1917
421 54.0063 32.1917
978 54.0063 32.1917
504 59.0517 25.5785
24 62.2958 21.3272
721 65.207 17.5121
777 65.6849 16.8859
295 66.1813 16.2355
103 66.7466 15.4947
598 68.4527 16.0747
581 70.0311 16.6113
176 72.206 17.3507
