0,24,721,777,176,581,598,504,295,103,819,828,751,6,209,865,27,959,785,555,634,781,930,19,377,197,421,419,55,831,355,458,66,250,681,289,821,873,164,452,716,844,978,43,257,853,935,358,594,194,276,843,63,498,623,875,188,69,522,945,216,791,577,798,127,282,262,870,85,396,906,161,793,468,410,597,519,180,30,778,922,848,237,912,104,683,281,621,291,101,286,923,210,472,342,492,617,186,35,432,471,576,743,84,515,582,910,513,558,109,134,921,144,632,94,235,894,350,540,91,855,968,857,800,404,832,769,802,523,163,319,9,671,895,809,533,54,453,732,264,459,484,596,986,976,676,724,252,225,80,591,715,779,614,927,171,730,56,604,454,689,333,16,574,924,175,640,839,390,571,662,600,950,99,526,789,365,788,451,901,267,545,501,308,599,913,89,493,957,510,756,804,49,507,359,137,603,349,765,59,897,733,587,735,903,147,688,729,382,720,645,706,413,269,414,989,783,543,512,679,461,891,929,370,612,480,7,356,566,687,525,862,869,155,151,619,191,692,302,664,37,11,438,535,38,529,790,475,397,388,748,876,917,586,65,602,834,221,307,278,160,467,284,379,205,787,836,641,486,824,626,915,661,709,121,439,702,111,902,549,829,811,934,64,337,246,351,669,407,261,363,26,287,883,653,822,310,704,573,518,643,354,254,588,488,362,8,348,812,674,899,673,61,722,187,211,881,646,412,629,710,682,366,299,74,258,963,898,572,402,331,87,455,4,474,943,741,794,328,212,32,514,499,268,10,770,990,985,123,330,841,86,133,700,423,283,958,148,863,652,476,46,352,496,78,384,324,633,616,182,949,655,723,403,731,508,125,531,234,771,373,196,279,154,47,542,228,936,858,336,489,166,391,698,128,925,116,972,849,708,677,214,157,131,122,57,909,797,764,312,663,749,341,463,222,805,534,527,174,758,505,705,132,938,956,422,552,79,908,760,142,233,589,981,691,303,218,100,427,34,338,565,347,799,747,939,658,888,965,966,784,517,879,114,703,665,772,119,224,500,277,275,339,694,376,846,361,482,219,162,991,97,429,739,411,14,701,457,445,726,77,329,436,327,524,81,667,657,630,601,502,680,192,130,443,971,780,326,487,946,381,3,734,371,255,398,346,433,948,970,686,607,207,503,272,479,298,717,431,639,890,886,635,628,796,546,570,551,554,830,321,955,75,860,759,374,719,728,556,792,113,17,944,325,400,815,88,495,892,213,90,426,615,560,13,200,1,178,405,435,153,953,31,244,247,108,982,568,304,39,736,300,693,678,236,316,711,868,380,138,106,547,446,916,914,750,199,827,905,95,183,462,776,988,368,442,585,447,169,444,48,969,718,240,803,364,637,401,301,203,263,227,871,699,430,808,608,550,15,28,490,58,714,115,973,93,521,306,557,386,288,933,491,753,833,610,761,249,651,409,44,593,441,768,885,36,757,266,399,184,168,220,469,695,50,697,41,418,578,424,954,537,360,296,253,825,878,21,270,223,189,60,872,2,806,215,712,456,76,437,167,786,974,150,672,795,73,919,428,738,564,226,124,611,20,859,960,230,918,613,631,309,696,22,271,773,120,394,172,448,206,292,139,392,146,866,96,569,181,5,874,141,649,470,72,256,539,877,536,563,82,961,231,241,53,707,265,92,752,129,763,40,320,774,947,239,105,343,156,375,562,638,766,882,389,165,511,532,559,541,305,659,530,713,416,548,449,280,861,940,636,193,561,642,807,840,755,344,126,952,335,202,584,434,62,851,816,746,118,140,887,369,782,229,575,259,814,618,23,737,856,294,624,317,179,801,378,248,415,313,880,408,754,406,12,245,980,931,911,896,367,826,690,395,516,992,509,460,567,185,984,273,817,544,823,854,42,742,177,285,666,864,52,297,477,251,494,740,145,83,417,580,318,893,845,465,464,620,158,159,937,149,813,983,622,135,820,353,928,725,528,372,322,25,450,685,204,648,660,473,889,311,775,290,332,385,383,110,654,152,975,315,837,51,668,173,67,867,18,71,818,481,852,579,847,420,767,656,942,334,538,190,393,112,605,941,762,727,478,595,650,293,647,440,904,238,208,964,744,625,907,68,962,340,810,900,201,987,217,675,606,117,70,45,29,466,583,425,232,592,850,357,323,553,485,314,102,926,644,143,842,242,967,835,609,274,932,107,387,506,195,977,920,198,838,670,497,684,170,951,136,884,745,33,520,590,345,98,979,627,243,260,483,
value : 448.924 running time : 227.735632
0 80 20
24 75.5651 18.4365
721 72.9233 17.5047
777 70.9148 16.7962
176 70.1539 16.5278
581 69.4936 16.2948
598 68.9041 16.0868
504 68.2907 15.8704
295 67.6565 15.6467
103 66.9991 15.4147
819 63.7043 20.2707
828 60.7202 24.669
751 59.8295 25.9822
6 59.2691 26.8085
209 58.7117 27.6303
865 58.3357 28.1846
27 58.0327 28.6314
959 57.7538 29.0426
785 57.4038 29.5586
555 57.0891 30.0227
634 56.7694 30.494
781 56.4888 30.9077
930 56.1829 31.3588
19 55.9184 31.7487
377 55.6727 32.1111
197 55.4302 32.4685
421 55.2436 32.7437
419 55.1128 32.9366
55 54.9343 33.1997
831 54.7466 33.4765
355 54.5144 33.8189
458 54.2916 34.1473
66 54.0783 34.4619
250 53.8953 34.7316
681 53.7088 35.0067
289 53.5251 35.2775
821 53.2996 35.6099
873 53.0019 36.0489
164 52.6276 36.6008
452 52.0537 37.4468
716 51.7409 37.908
844 51.4427 38.3476
978 51.1557 38.7707
43 50.8621 39.2036
257 50.5423 39.6753
853 50.2398 40.1211
935 50.1226 40.5395
358 50.0063 40.9544
594 49.6845 42.1025
194 49.3184 43.4086
276 49.0378 44.4098
843 48.7664 45.3778
63 48.5208 46.2541
498 48.2431 47.2449
623 48.0565 47.9108
875 47.8663 48.5892
188 47.6416 49.3909
69 47.4589 50.0429
522 47.2496 50.7895
945 47.0521 51.4941
216 46.8389 52.2547
791 46.8025 52.3845
577 46.7813 52.4601
798 46.7594 52.5383
127 46.7395 52.6093
282 46.719 52.6824
262 46.7037 52.7369
870 46.6874 52.7954
85 46.6643 52.8778
396 46.6426 52.9552
906 46.6146 53.0551
161 46.2594 54.3226
793 45.9639 55.3772
468 45.6722 56.4182
410 45.4694 56.4689
597 45.2969 56.512
519 45.128 56.5542
180 44.9056 56.6097
30 44.7064 56.6595
778 44.5232 56.7053
922 44.5605 56.8424
848 44.5961 56.9732
237 44.6481 57.1642
912 44.7037 57.3684
104 44.7581 57.5686
683 44.8097 57.7582
281 44.8542 57.9214
621 44.9008 58.0929
291 44.9495 58.2718
101 44.9912 58.4251
286 45.0354 58.5875
923 45.0764 58.7382
210 45.1174 58.8885
472 45.1611 59.0492
342 45.2204 59.267
492 45.2929 59.5334
617 45.6368 60.7975
186 45.896 61.7501
35 46.2816 63.167
432 47.0104 65.8465
471 47.0579 66.021
576 47.117 66.2381
743 47.1859 66.4912
84 47.2536 66.7402
515 47.321 66.9879
582 47.3501 67.2418
910 47.3734 67.446
513 47.4 67.6784
558 47.4231 67.8806
109 47.4508 68.1228
134 47.4766 68.3479
921 47.504 68.588
144 47.5281 68.798
632 47.5524 69.011
94 47.5758 69.215
235 47.5967 69.3982
894 47.6202 69.6031
350 47.6444 69.8147
540 47.6678 70.0196
91 47.6903 70.2166
855 47.7116 70.4025
968 47.7348 70.6058
857 47.761 70.835
800 47.7856 71.0495
404 47.8064 71.2312
832 47.8317 71.4526
769 47.7194 71.5342
802 47.597 71.6232
523 47.4793 71.7088
163 47.3666 71.7906
319 47.2661 71.8637
9 47.2661 71.8637
671 47.2661 71.8637
895 44.7618 71.4018
809 40.3493 70.5879
533 40.1646 70.5539
54 40.0103 70.5254
453 39.8728 70.5001
732 39.6405 70.4572
264 39.4232 70.4172
459 39.195 70.3751
484 38.9772 70.3349
596 38.7285 70.2891
986 38.5213 70.2509
976 38.2146 70.1943
676 37.9058 70.1374
724 37.5749 70.0764
252 37.2467 70.0159
225 36.9383 69.959
80 36.607 69.8979
591 36.2555 69.8331
715 35.9542 69.7775
779 35.6432 69.7202
614 35.2708 69.6515
927 34.8353 69.5712
171 34.5631 69.521
730 34.2478 69.4629
56 33.9631 69.4104
604 33.647 69.3521
454 33.3534 69.298
689 33.0626 69.2443
333 32.7475 69.1862
16 32.7467 69.1837
574 32.7458 69.1809
924 32.7449 69.1782
175 32.7449 69.1782
640 32.7449 69.1782
839 32.7449 69.1782
390 32.7449 69.1782
571 32.7449 69.1782
662 32.7449 69.1782
600 32.7449 69.1782
950 32.7449 69.1782
99 32.7169 68.6245
526 32.6805 67.9054
789 32.6392 67.0893
365 32.5774 65.8668
788 32.5163 64.6576
451 32.4599 63.5423
901 32.4347 63.0438
267 32.4098 62.5527
545 32.3861 62.0835
501 32.3674 61.7139
308 32.3453 61.2781
599 32.3198 60.7737
913 32.2927 60.2377
89 32.2841 60.0674
493 32.276 59.9071
957 32.2673 59.7364
510 32.2581 59.5534
756 32.2495 59.3844
804 32.2416 59.2267
49 32.2318 59.0343
507 32.2245 58.8897
359 32.2171 58.7428
137 32.2082 58.5676
603 32.1987 58.3796
349 32.191 58.2271
765 32.1824 58.0573
59 32.1733 57.8774
897 32.1651 57.7149
733 32.1549 57.5129
587 32.1444 57.3059
735 32.1253 56.9286
903 32.1073 56.5728
147 32.0853 56.1382
688 32.0654 55.7437
729 32.0475 55.3904
382 32.0282 55.0088
720 32.0073 54.5953
645 31.9696 53.8514
706 31.9161 52.7911
413 31.881 52.0987
269 31.8484 51.4532
414 31.8146 50.7858
989 31.7878 50.2562
783 31.7635 49.7759
543 31.7408 49.3264
512 31.7197 48.9103
679 31.6749 48.5922
461 31.6387 48.3351
891 31.5981 48.0475
929 31.5564 47.751
370 31.5083 47.4098
612 31.1699 45.0056
480 31.1641 44.9646
7 31.1583 44.9234
356 31.1529 44.8849
566 31.1471 44.8439
687 31.1411 44.8012
525 31.1354 44.7608
862 31.1295 44.719
869 31.1231 44.6733
155 31.1218 44.6644
151 31.0224 43.9574
619 30.9287 43.2911
191 30.8246 42.5507
692 30.7853 42.2708
302 30.7484 42.0084
664 30.7051 41.6997
37 30.6643 41.4095
11 30.6217 41.1069
438 30.5795 40.8061
535 30.536 40.4971
38 30.4902 40.1707
529 30.4415 39.8247
790 30.3989 39.5218
475 30.3582 39.232
397 30.3126 38.9072
388 30.2648 38.5672
748 30.2174 38.2297
876 30.168 37.8786
917 30.0402 36.9696
586 29.8339 35.5034
65 29.7248 34.7269
602 29.6118 33.9235
834 29.5181 33.2569
221 29.4287 32.6212
307 29.3427 32.0093
278 29.267 31.4708
160 29.1884 30.9116
467 29.1095 30.3504
284 29.0316 29.7961
379 28.9636 29.3122
205 28.8989 28.8521
787 28.8225 28.308
836 28.7499 27.7916
641 28.7613 27.5805
486 28.7725 27.3719
824 28.7845 27.1508
626 28.7962 26.9336
915 28.8069 26.7357
661 28.8178 26.5349
709 28.8178 26.5349
121 28.8178 26.5349
439 28.8178 26.5349
702 28.8178 26.5349
111 28.8178 26.5349
902 28.8178 26.5348
549 28.8178 26.5348
829 28.8178 26.5348
811 28.8178 26.5348
934 31.1588 20.9781
64 31.3395 20.3683
337 31.5197 19.76
246 31.684 19.2055
351 31.8639 18.5984
669 32.0099 18.1056
407 32.1305 17.6985
261 32.2325 17.3543
363 32.3662 16.903
26 32.4861 16.4985
287 32.6172 16.056
883 32.7266 15.6869
653 32.8467 15.2813
822 32.9281 15.0069
310 33.0288 14.6669
704 33.1261 14.3386
573 33.2239 14.0085
518 33.3208 13.6814
643 28.5353 14.4382
354 24.2852 15.1106
254 21.936 14.9749
588 19.6356 14.842
488 17.7759 14.7344
362 16.0536 14.6348
8 15.2097 14.5859
348 14.3267 14.5347
812 13.4424 14.4835
674 13.4165 14.6783
899 13.3894 14.8818
673 13.3774 14.972
61 13.3667 15.0526
722 13.3556 15.1359
187 12.8078 19.2412
211 12.8068 19.2563
881 12.8058 19.2714
646 12.7947 19.4394
412 12.7832 19.6127
629 12.7723 19.7768
710 12.7054 20.7828
682 12.6502 21.6148
366 12.5845 22.603
299 12.5034 23.823
74 12.4262 24.9846
258 12.3556 26.0478
963 12.2837 27.1295
898 12.206 28.2998
572 12.1854 28.6098
402 12.1651 28.9154
331 12.1423 29.2589
87 12.1168 29.6434
455 12.0957 29.961
4 12.0719 30.3193
474 12.0486 30.6715
943 12.0185 31.1242
741 11.9897 31.5576
794 11.8723 33.3248
328 11.6318 36.9314
212 11.621 37.0947
32 11.6112 37.2424
514 11.6011 37.3941
499 11.5887 37.5813
268 11.5887 37.5813
10 11.5887 37.5813
770 11.5887 37.5813
990 11.5887 37.5813
985 11.5887 37.5813
123 11.5887 37.5813
330 11.5887 37.5813
841 11.5887 37.5813
86 11.5887 37.5813
133 11.9261 37.9931
700 12.3182 38.4717
423 12.6956 38.9324
283 13.0595 39.3765
958 13.4326 39.8318
148 13.8351 40.3231
863 14.2063 40.7761
652 14.5973 41.2533
476 14.9961 41.74
46 15.3706 42.197
352 15.8046 42.7269
496 16.2201 43.234
78 16.6165 43.7177
384 17.0005 44.1864
324 17.4739 44.7643
633 17.6067 44.9264
616 17.7194 45.0638
182 17.8532 45.2271
949 17.9848 45.3877
655 18.1171 45.5492
723 18.2491 45.7103
403 18.3751 45.8641
731 18.4907 46.0051
508 18.6423 46.1902
125 17.4928 47.3422
531 12.0569 52.7919
234 11.6571 53.1925
771 11.6571 53.1925
373 11.6571 53.1925
196 11.6571 53.1925
279 11.6571 53.1925
154 11.6571 53.1925
47 11.6571 53.1925
542 11.6571 53.1925
228 11.6571 53.1925
936 11.6571 53.1925
858 11.6571 53.1925
336 11.6571 53.1925
489 11.6571 53.1925
166 11.6571 53.1925
391 11.6571 53.1925
698 11.6571 53.1925
128 11.6571 53.1925
925 11.6637 53.2014
116 11.6698 53.2095
972 11.6823 53.2264
849 11.6927 53.2403
708 11.7042 53.2557
677 11.7162 53.2719
214 11.7265 53.2857
157 11.7371 53.2999
131 11.7503 53.3176
122 11.7599 53.3305
57 11.7703 53.3445
909 11.7812 53.3591
797 11.793 53.375
764 11.8047 53.3906
312 11.8132 53.4021
663 11.9547 53.592
749 12.113 53.8044
341 12.2871 54.0381
463 12.4671 54.2797
222 12.6591 54.5373
805 12.8626 54.8104
534 13.0628 55.0791
527 13.2681 55.3546
174 13.5009 55.6671
758 13.7346 55.9807
505 13.9698 56.2964
705 14.2526 56.676
132 14.4928 56.9984
938 14.6587 57.2211
956 14.8372 57.4606
422 15.0173 57.7023
552 15.2038 57.9526
79 15.2038 57.9526
908 15.2038 57.9526
760 15.0585 58.3131
142 14.9413 58.604
233 14.7927 58.973
589 14.6341 59.3667
981 14.4916 59.7205
691 14.3408 60.0948
303 14.1831 60.4864
218 14.0171 60.8985
100 13.8464 61.3221
427 13.6337 61.8503
34 13.5082 62.1619
338 13.3478 62.5601
565 13.2102 62.9018
347 13.0474 63.3058
799 12.9404 63.5714
747 12.8486 63.7995
939 12.7542 64.0337
658 14.655 67.168
888 14.655 67.168
965 14.655 67.168
966 12.2073 70.0075
784 12.2073 70.0075
517 12.2073 70.0075
879 12.2073 70.0075
114 12.2073 70.0075
703 12.2073 70.0075
665 12.2073 70.0075
772 12.2073 70.0075
119 12.2073 70.0075
224 12.2073 70.0075
500 12.2567 70.0683
277 12.2994 70.121
275 12.35 70.1832
339 12.394 70.2374
694 12.4283 70.2796
376 12.47 70.331
846 12.5194 70.3918
361 12.5632 70.4458
482 12.6017 70.4932
219 12.6411 70.5417
162 12.6855 70.5964
991 12.727 70.6475
97 12.7705 70.701
429 12.8159 70.757
739 12.8563 70.8067
411 12.8995 70.8599
14 12.9382 70.9075
701 12.9876 70.9684
457 13.0277 71.0177
445 13.0671 71.0663
726 13.1156 71.126
77 13.1526 71.1715
329 13.2038 71.2346
436 13.2534 71.2957
327 13.2534 71.2957
524 13.2534 71.2957
81 13.2534 71.2957
667 13.2534 71.2957
657 13.2534 71.2957
630 13.2534 71.2957
601 13.2534 71.2957
502 13.2534 71.2957
680 13.2534 71.2957
192 13.2534 71.2957
130 13.2534 71.2957
443 13.2534 71.2957
971 13.2534 71.2957
780 13.0585 71.7261
326 12.8996 72.0769
487 12.7449 72.4182
946 12.6033 72.7308
381 12.4741 73.0162
3 12.4538 73.1063
734 12.4317 73.2041
371 12.4076 73.3111
255 12.358 73.5313
398 12.3029 73.7754
346 12.2432 74.0401
433 12.1886 74.2826
948 12.1421 74.4886
970 12.0942 74.7014
686 12.0387 74.9471
607 11.9839 75.1904
207 11.9278 75.4393
503 11.9087 75.5517
272 11.8893 75.6661
479 11.8669 75.7983
298 11.8455 75.9245
717 11.8252 76.0442
431 11.7945 76.2254
639 11.7658 76.3944
890 11.736 76.57
886 11.7098 76.7247
635 11.6836 76.8794
628 11.619 77.2603
796 11.5659 77.5731
546 11.5092 77.9078
570 11.4559 78.2219
551 11.4054 78.52
554 11.3533 78.827
830 11.3035 79.1207
321 11.2549 79.4075
955 11.204 79.7075
75 11.1553 79.9949
860 11.1094 80.2656
759 11.0585 80.5655
374 11.0119 80.8406
719 10.9598 81.1479
728 10.916 81.406
556 10.869 81.683
792 10.8166 81.9921
113 10.7726 82.2519
17 10.6948 82.7104
944 10.6415 83.025
325 10.5859 83.3527
400 10.5323 83.669
815 10.3568 84.7037
88 10.1983 85.6385
495 10.0127 86.7333
892 9.83248 87.7961
213 9.6315 88.9812
90 9.6315 88.9812
426 9.63157 88.987
615 9.63163 88.9928
560 9.6317 88.9986
13 9.6318 89.0061
200 9.63188 89.0132
1 9.63195 89.0192
178 9.63201 89.0252
405 9.6321 89.0324
435 9.63218 89.0389
153 9.63224 89.0442
953 9.6323 89.0498
31 9.63236 89.0548
244 9.63243 89.0605
247 9.63251 89.0674
108 9.63258 89.074
982 9.63266 89.0805
568 9.63274 89.0874
304 9.63282 89.094
39 9.63289 89.1006
736 9.63296 89.1064
300 9.63303 89.1125
693 9.6331 89.119
678 9.63318 89.1256
236 9.63326 89.1318
316 9.63332 89.1377
711 9.63341 89.1448
868 9.63349 89.1515
380 9.63356 89.1578
138 9.63363 89.1635
106 9.63369 89.1695
547 9.63376 89.1751
446 9.63382 89.1807
916 9.63389 89.1864
914 9.63397 89.1936
750 9.63406 89.2005
199 9.63413 89.2065
827 9.6342 89.2127
905 9.63426 89.2179
95 9.63432 89.2237
183 9.6344 89.2299
462 9.63448 89.2368
776 9.63456 89.2437
988 9.63458 89.2453
368 10.0574 89.2004
442 10.2549 89.1795
585 10.4334 89.1606
447 10.6557 89.137
169 10.8812 89.113
444 11.1272 89.0869
48 11.3857 89.0595
969 11.6054 89.0362
718 11.8557 89.0096
240 12.1065 88.983
803 12.3769 88.9543
364 12.6594 88.9244
637 12.9505 88.8935
401 13.2419 88.8625
301 13.5898 88.8256
203 13.9531 88.7871
263 14.3793 88.7419
227 16.3951 88.528
871 18.1299 88.3439
699 19.7041 88.1769
430 22.1827 87.9139
808 22.7572 87.853
608 22.7572 87.8529
550 22.7572 87.8529
15 22.7572 87.8529
28 22.7572 87.8529
490 22.7572 87.8529
58 22.7572 87.8529
714 22.7572 87.8529
115 22.7679 87.8355
973 22.779 87.8175
93 22.7913 87.7977
521 22.8017 87.7809
306 22.8134 87.7619
557 22.8251 87.743
386 22.8369 87.7238
288 22.8492 87.704
933 22.8599 87.6866
491 22.8709 87.6688
753 22.8833 87.6488
833 22.8961 87.6281
610 22.908 87.6088
761 22.92 87.5893
249 22.932 87.57
651 22.9426 87.5528
409 22.9534 87.5353
44 22.965 87.5165
593 22.9761 87.4985
441 22.988 87.4793
768 23.0006 87.4589
885 23.3597 86.8778
36 23.705 86.3189
757 24.0996 85.6804
266 24.4533 85.108
399 24.4533 85.108
184 24.7851 84.7257
168 25.1157 84.3448
220 25.4326 83.9796
469 25.5906 83.7977
695 25.7591 83.6035
50 25.9485 83.3852
697 26.1704 83.1296
41 26.3694 82.9003
418 26.561 82.6796
578 26.7663 82.443
424 26.9651 82.2139
954 27.1959 81.9481
537 27.4021 81.7104
360 27.5848 81.5
296 27.8113 81.239
253 28.0292 80.9879
825 28.2716 80.7087
878 28.9958 79.8743
21 29.434 79.3694
270 29.4104 79.9535
223 29.3857 80.5634
189 29.3614 81.1644
60 29.3364 81.7828
872 29.3112 82.4055
2 29.2843 83.073
806 29.2577 83.7292
215 29.2297 84.4228
712 29.1079 87.4478
456 29.1079 87.4478
76 30.2705 87.5533
437 31.399 87.6557
167 32.4624 87.752
786 33.5123 87.8472
974 34.5973 87.9456
150 34.6871 87.9538
672 34.7811 87.9623
795 34.8781 87.971
73 34.9735 87.9797
919 35.0751 87.9889
428 35.1755 87.998
738 35.2903 88.0084
564 35.3898 88.0174
226 35.3877 88.0537
124 35.352 88.6963
611 35.2465 90.6024
20 35.2762 90.5956
859 35.309 90.5882
960 35.3434 90.5804
230 35.3807 90.5719
918 35.4132 90.5645
613 35.4447 90.5574
631 35.4754 90.5504
309 35.6934 90.501
696 35.8753 90.4597
22 36.125 90.403
271 36.3559 90.3506
773 36.5921 90.2971
120 36.8282 90.2435
394 37.0945 90.1831
172 37.3358 90.1283
448 37.5708 90.075
206 37.8212 90.0182
292 38.0532 89.9655
139 38.2618 89.9182
392 38.5002 89.8641
146 38.7423 89.8092
866 38.9892 89.7532
96 39.2091 89.7033
569 39.4677 89.6446
181 39.7252 89.5862
5 39.9924 89.5255
874 40.2241 89.473
141 40.4353 89.4251
649 40.6837 89.3687
470 40.9118 89.3169
72 41.1648 89.2595
256 41.4324 89.1988
539 41.721 89.1333
877 41.9929 89.0717
536 42.3 89.002
563 42.5737 88.9399
82 42.6332 89.0333
961 42.7031 89.1432
231 42.7031 89.1432
241 42.7031 89.1432
53 42.7031 89.1432
707 42.7031 89.1432
265 42.7031 89.1432
92 42.7031 89.1432
752 42.7031 89.1432
129 42.7853 89.1346
763 42.8659 89.1261
40 42.95 89.1173
320 43.0199 89.11
774 43.0889 89.1027
947 43.1552 89.0958
239 43.2147 89.0895
105 43.2778 89.0829
343 43.3427 89.0761
156 43.4074 89.0693
375 43.4699 89.0627
562 43.535 89.0559
638 43.5923 89.0498
766 45.8172 88.8166
882 48.1266 88.5746
389 48.132 88.574
165 48.1378 88.5734
511 48.1439 88.5728
532 48.1494 88.5722
559 48.1547 88.5717
541 48.1603 88.5711
305 48.1655 88.5706
659 48.1707 88.57
530 48.1762 88.5694
713 48.1814 88.5689
416 48.1864 88.5684
548 48.1917 88.5678
449 48.1995 88.567
280 48.2077 88.5662
861 48.2148 88.5654
940 48.2215 88.5647
636 48.2279 88.5641
193 48.2339 88.5634
561 48.2402 88.5628
642 48.2472 88.5621
807 48.2534 88.5614
840 48.2603 88.5607
755 49.5535 88.4255
344 51.5083 88.2212
126 51.5083 88.2212
952 51.5083 88.2212
335 51.5083 88.2212
202 51.5083 88.2212
584 51.5083 88.2212
434 51.5083 88.2212
62 51.5083 88.2212
851 51.5083 88.2211
816 51.5084 88.2211
746 51.5084 88.2211
118 51.5084 88.2211
140 51.5084 88.2211
887 51.5084 88.2211
369 51.5084 88.2211
782 51.5084 88.2211
229 51.5084 88.2211
575 51.5084 88.2211
259 51.5085 88.2211
814 51.5085 88.2211
618 51.5085 88.2211
23 51.5085 88.2211
737 51.5085 88.2211
856 51.5085 88.2211
294 51.5085 88.2211
624 51.912 88.1366
317 52.3492 88.0451
179 52.6674 87.9784
801 53.0249 87.9036
378 53.3028 87.8454
248 53.484 87.8074
415 53.7303 87.7559
313 53.9774 87.7041
880 54.2316 87.6509
408 54.4745 87.6
754 54.7472 87.5429
406 55.0116 87.4875
12 55.297 87.4277
245 55.558 87.3731
980 55.8311 87.3159
931 56.1265 87.254
911 56.3626 87.2046
896 56.6188 87.1509
367 56.8939 87.0933
826 57.1704 87.0354
690 57.7644 86.911
395 58.3779 86.7825
516 58.8822 86.6769
992 60.4306 86.3527
509 61.9754 86.0293
460 62.471 86.104
567 63.0324 86.1886
185 63.5915 86.2729
984 64.1884 86.3629
273 64.8153 86.4574
817 65.4438 86.5522
544 66.0575 86.6447
823 66.6077 86.7276
854 67.1584 86.8106
42 67.6057 86.8781
742 68.1022 86.9529
177 68.4895 87.0113
285 68.9712 87.0839
666 69.4373 87.1542
864 69.8639 87.2185
52 70.24 87.2752
297 70.6369 87.335
477 71.0988 87.4046
251 71.6626 87.4896
494 72.2198 87.5736
740 72.6929 87.645
145 72.991 87.6899
83 73.3373 87.7421
417 73.7137 87.7988
580 74.0519 87.8498
318 74.0519 87.8498
893 74.0519 87.8498
845 74.0519 87.8498
465 74.0519 87.8498
464 74.0519 87.8498
620 74.0519 87.8498
158 74.329 87.8714
159 74.6041 87.8927
937 74.8593 87.9126
149 75.1407 87.9344
813 76.8039 88.0634
983 78.5911 88.2019
622 78.5911 88.2019
135 79.0815 88.178
820 79.741 88.1458
353 80.3901 88.1141
928 81.5094 88.0595
725 83.3284 86.239
528 85.4673 84.0982
372 86.0115 83.5535
322 85.5005 83.1507
25 84.9824 82.7423
450 84.2006 82.1259
685 84.1008 82.0484
204 83.9799 81.9545
648 83.8725 81.871
660 83.7739 81.7943
473 83.6512 81.699
889 83.5122 81.5909
311 82.2561 80.615
775 79.5484 78.5118
290 77.0739 76.5894
332 75.9011 75.6781
385 74.6307 74.6909
383 73.3301 73.6803
110 72.0485 72.6844
654 70.9268 71.8128
152 69.8571 70.9815
975 68.7947 70.156
315 67.5825 69.214
837 67.5825 69.214
51 67.5825 69.214
668 67.5825 69.214
173 67.5825 69.214
67 67.5825 69.214
867 67.5825 69.214
18 67.5825 69.214
71 67.5825 69.214
818 67.5825 69.214
481 67.5246 69.0786
852 67.4381 68.8758
579 67.3635 68.7014
847 67.2812 68.5086
420 67.1905 68.2962
767 67.1064 68.0994
656 67.0949 68.0723
942 67.0835 68.0458
334 67.0733 68.0218
538 67.063 67.9977
190 67.0532 67.9747
393 67.0532 67.9747
112 67.0532 67.9747
605 67.0653 67.7756
941 67.0791 67.5491
762 67.0891 67.3848
727 67.0997 67.2104
478 67.1119 67.0103
595 67.1229 66.8297
650 67.1339 66.6483
293 67.1446 66.4733
647 67.1535 66.3264
440 67.1621 66.1846
904 67.1711 66.038
238 67.181 65.8751
208 67.1902 65.723
964 67.2006 65.5523
744 67.21 65.399
625 67.2217 65.2057
907 67.2254 65.145
68 67.2288 65.0899
962 67.232 65.037
340 67.2355 64.9792
810 67.2393 64.9161
900 67.2428 64.8598
201 67.2466 64.7963
987 67.2501 64.7386
217 68.2315 48.5904
675 68.2315 48.5904
606 68.2315 48.5904
117 68.2315 48.5904
70 68.2315 48.5904
45 68.2315 48.5904
29 68.5874 48.6017
466 68.8936 48.6115
583 69.1824 48.6207
425 69.4641 48.6297
232 69.7103 48.6375
592 69.9784 48.6461
850 70.2069 48.6534
357 70.4209 48.6602
323 70.6797 48.6685
553 70.9332 48.6766
485 71.1609 48.6838
314 71.4532 48.6932
102 71.956 48.7092
926 72.4568 48.7252
644 72.9802 48.7419
143 73.753 48.7666
842 74.6678 48.7958
242 76.6853 48.8601
967 77.6934 48.8923
835 78.6843 48.924
609 79.2534 48.9422
274 79.9303 48.9638
932 80.5985 48.9851
107 81.3346 49.0086
387 81.5641 49.016
506 81.8178 49.024
195 81.9617 49.0286
977 82.1293 49.034
920 82.2836 49.0389
198 82.4547 49.0444
838 82.6144 49.0495
670 82.7671 49.0543
497 87.2897 49.1985
684 87.2836 49.0106
170 87.2571 48.1912
951 87.2232 47.1424
136 87.1869 46.0204
884 87.1424 44.6461
745 86.9809 39.6451
33 86.8753 36.3771
520 86.7918 33.7951
590 86.6893 30.6231
345 86.5432 26.0974
98 86.4964 24.6519
979 86.3313 19.5373
627 86.309 18.8457
243 86.2859 18.1325
260 86.2684 17.5916
483 86.2684 17.5916
