0,260,979,483,345,627,243,745,274,98,590,33,835,520,497,884,136,951,838,242,506,684,198,107,170,977,609,920,29,942,967,387,932,425,195,592,334,850,941,102,190,485,45,670,583,357,70,232,323,767,466,117,675,217,314,519,143,644,926,553,594,396,842,606,978,623,577,85,498,907,810,855,208,161,35,188,538,791,216,793,964,625,84,617,515,293,656,238,904,393,987,290,478,595,650,173,900,647,440,110,68,509,867,654,962,937,152,668,51,71,340,481,332,727,579,67,837,744,201,420,385,852,975,383,460,18,450,204,311,725,685,742,740,322,528,648,25,660,473,372,983,889,928,251,813,845,818,494,820,135,417,353,893,580,775,465,464,620,158,864,297,477,83,159,318,149,52,854,177,273,567,984,666,544,817,378,202,12,285,42,145,992,823,395,980,229,259,762,9,671,968,782,847,112,248,880,636,320,40,406,832,315,432,91,367,622,801,584,335,62,690,140,179,826,896,659,369,118,642,375,563,895,280,305,856,313,940,415,774,575,952,814,618,861,755,319,763,129,536,961,882,239,105,82,343,931,317,947,887,624,245,737,185,156,851,23,911,126,193,434,816,344,769,800,614,564,754,72,562,215,416,530,437,874,389,738,559,292,746,516,5,877,866,532,713,511,541,226,919,394,172,22,294,561,408,231,649,270,840,807,96,786,150,672,795,73,428,766,470,206,539,548,974,53,569,752,165,181,918,265,448,449,139,469,50,960,230,146,611,167,806,141,638,256,241,707,92,296,872,76,16,271,773,120,430,696,20,859,613,631,309,189,418,695,253,662,392,424,2,223,714,490,456,608,954,578,550,115,753,833,610,761,249,651,409,44,593,441,768,885,36,757,491,697,227,871,93,521,306,557,973,28,58,808,759,316,547,436,263,776,15,699,288,933,386,399,803,628,368,750,914,916,106,138,868,678,693,712,88,585,1,13,17,199,988,462,183,95,905,405,213,827,200,435,153,953,39,711,446,442,360,301,719,364,637,401,969,244,247,426,380,447,495,568,300,304,48,31,780,169,75,236,830,944,184,991,443,948,546,90,982,736,108,892,955,487,560,374,570,321,815,718,554,203,240,431,325,796,556,444,792,615,635,178,298,890,445,224,277,667,207,457,860,427,500,119,433,346,600,657,381,517,255,371,639,162,726,503,398,99,361,739,275,482,339,701,14,113,825,728,630,966,479,338,502,219,272,192,97,680,607,939,589,703,3,531,879,665,694,429,400,717,551,686,347,784,760,747,34,849,47,352,218,122,174,909,925,196,936,57,527,376,336,897,234,303,772,114,764,77,799,131,970,734,81,524,981,691,130,705,403,142,89,182,698,797,758,324,451,37,422,938,956,908,771,312,496,373,78,228,384,10,652,283,863,154,100,985,770,328,46,700,222,123,330,212,499,749,341,463,805,489,731,841,663,128,708,116,157,677,972,214,565,505,990,279,534,858,166,32,949,414,616,943,542,148,723,423,125,958,476,121,205,87,268,86,74,794,258,572,641,898,588,366,348,331,211,963,61,187,4,299,836,514,133,722,8,881,710,488,646,674,629,362,682,412,673,455,741,812,402,661,626,64,351,669,702,902,354,407,474,704,254,915,709,899,111,284,602,439,518,883,246,310,573,363,26,337,307,287,653,379,261,822,191,934,643,824,787,397,655,869,388,829,612,438,486,65,549,221,475,278,633,989,619,778,147,783,664,151,543,11,535,7,480,452,461,679,302,688,706,210,257,529,748,687,809,391,508,525,38,913,413,566,811,49,127,917,267,957,788,876,269,891,640,922,522,327,237,137,599,382,929,329,903,291,603,729,901,54,30,912,104,735,846,601,733,587,552,79,411,233,946,56,501,720,21,507,390,756,59,349,839,545,510,950,124,41,168,789,658,927,971,886,965,333,266,220,526,132,888,924,326,537,454,60,804,878,171,730,689,574,571,604,540,779,350,252,533,308,576,976,676,410,724,493,359,765,365,645,621,591,225,582,596,471,80,802,683,523,163,404,910,715,513,558,468,109,134,921,144,632,743,94,235,894,459,484,857,605,262,286,732,798,186,281,453,264,282,986,175,843,43,472,875,69,180,945,194,155,63,276,101,66,597,356,790,370,923,342,692,906,862,492,834,512,716,586,848,160,19,467,865,355,785,250,935,197,853,844,870,289,781,831,681,377,930,421,458,358,634,819,873,555,821,828,164,55,751,27,419,209,6,295,598,959,103,504,24,777,176,721,581,
value : 460.077 running time : 207.784733
0 80 20
260 86.2164 17.6026
979 86.2465 17.6013
483 86.2773 17.5999
345 86.3044 18.4623
627 86.3292 19.249
243 86.3547 20.0606
745 86.9109 37.7472
274 86.9304 38.3663
98 86.9466 38.8821
590 86.9793 39.922
33 87.0178 41.1439
835 87.073 42.9003
520 87.1335 44.824
497 87.2716 49.2166
884 86.8269 49.2047
136 86.3557 49.1921
951 85.8971 49.1798
838 85.4392 49.1675
242 85.0037 49.1558
506 84.578 49.1444
684 84.0878 49.1313
198 83.539 49.1166
107 83.0151 49.1025
170 82.2884 49.0831
977 81.0923 49.051
609 79.4733 49.0076
920 78.2128 48.9738
29 76.8834 48.9382
942 75.6937 48.9063
967 75.3338 48.8967
387 74.9516 48.8864
932 74.5301 48.8751
425 74.0836 48.8631
195 73.6375 48.8512
592 73.1677 48.8386
334 72.6851 48.8257
850 71.837 48.8029
941 70.9974 48.7804
102 70.1274 48.7571
190 69.2926 48.7347
485 68.5397 48.7146
45 67.951 48.6988
670 67.8341 48.8053
583 67.7026 48.9252
357 67.583 49.0343
70 67.4591 49.1473
232 67.351 49.2459
323 67.2299 49.3563
767 67.0863 49.4872
466 66.9734 49.5902
117 66.8275 49.7232
675 66.7009 49.8387
217 66.5606 49.9666
314 66.4319 50.084
519 66.2812 50.2214
143 66.2812 50.2214
644 66.2812 50.2214
926 66.2812 50.2214
553 66.2812 50.2214
594 66.2812 50.2214
396 65.8635 50.8634
842 65.5199 51.3916
606 65.1678 51.9328
978 64.7444 52.5836
623 63.4529 54.5689
577 62.177 56.5302
85 61.191 58.0459
498 60.1751 59.6074
907 60.1868 60.5825
810 60.1974 61.4718
855 60.2082 62.371
208 60.3882 62.5184
161 60.5462 62.6479
35 60.7165 62.7874
188 60.8867 62.9269
538 61.0781 63.0837
791 61.2464 63.2216
216 61.4254 63.3683
793 61.6418 63.5456
964 61.9052 63.7614
625 62.1596 63.9699
84 62.4216 64.1846
617 62.7001 64.4127
515 63.0105 64.667
293 63.311 64.9133
656 63.659 65.1984
238 63.9632 65.4477
904 64.2891 65.7147
393 64.576 65.9498
987 64.8691 66.19
290 65.1736 66.4395
478 65.4285 66.6483
595 65.7075 66.8769
650 65.9983 67.1152
173 66.2857 67.3507
900 66.584 67.5951
647 66.8249 67.7925
440 67.1065 68.0232
110 67.4452 68.3008
68 67.7346 68.5378
509 68.0494 68.7958
867 68.3853 69.071
654 68.7096 69.3368
962 69.0313 69.6003
937 69.3489 69.8605
152 69.4891 69.9754
668 69.6287 70.0899
51 69.8092 70.2378
71 69.9816 70.379
340 70.1284 70.4993
481 70.3113 70.6491
332 70.4687 70.7781
727 70.5942 70.8809
579 70.7332 70.9948
67 70.8586 71.0976
837 71.01 71.2216
744 71.1519 71.3379
201 71.2833 71.4455
420 71.4167 71.5549
385 71.5993 71.7045
852 71.7562 71.833
975 71.9195 71.9669
383 72.0827 72.1006
460 72.229 72.2205
18 73.2572 73.0629
450 83.2538 81.2539
204 83.4946 81.4511
311 83.7319 81.6456
725 83.9392 81.8154
685 84.1579 81.9946
742 84.3307 82.1362
740 84.5345 82.3032
322 84.7543 82.4833
528 84.9373 82.6333
648 85.1589 82.8148
25 85.4097 83.0203
660 85.6115 83.1857
473 85.8067 83.3456
372 86.0091 83.5114
983 81.615 88.0133
889 81.615 88.0133
928 81.615 88.0133
251 78.2562 87.9918
813 78.0617 87.9905
845 77.8744 87.9893
818 77.7176 87.9883
494 77.5641 87.9873
820 77.4072 87.9863
135 77.2382 87.9852
417 77.0373 87.9839
353 76.8237 87.9826
893 76.6301 87.9813
580 76.4188 87.98
775 74.8757 87.5004
465 73.5337 87.0833
464 72.3147 86.7045
620 71.6808 86.5075
158 71.6128 86.4864
864 71.5419 86.4643
297 71.4611 86.4392
477 71.3904 86.4173
83 71.3269 86.3975
159 71.267 86.3789
318 71.2014 86.3585
149 71.1316 86.3368
52 70.6339 86.1821
854 70.1596 86.0348
177 69.594 85.859
273 69.1127 85.7094
567 68.651 85.5659
984 68.2253 85.4336
666 67.8515 85.3174
544 67.3946 85.1754
817 66.8627 85.0101
378 66.2945 84.8336
202 65.7275 84.6573
12 65.2868 84.5204
285 64.9311 84.4098
42 64.4753 84.2682
145 63.9991 84.1202
992 63.4674 83.955
823 62.9365 83.79
395 62.3329 83.6024
980 61.6779 83.3988
229 59.9648 81.2526
259 58.5452 79.4741
762 56.8468 77.3464
9 56.8468 77.3464
671 56.8468 77.3464
968 56.8468 77.3464
782 56.7578 77.8041
847 56.6742 78.234
112 56.5856 78.6895
248 56.4859 79.2021
880 56.3873 79.7086
636 56.2962 80.177
320 56.2049 80.6463
40 56.1396 80.982
406 56.0827 81.2747
832 56.03 81.5452
315 55.9711 81.848
432 55.9058 82.1837
91 55.829 82.5787
367 55.7273 83.1015
622 55.6515 83.4912
801 54.8051 84.595
584 53.6202 86.1402
335 53.5107 86.2831
62 53.3789 86.4549
690 53.2677 86.5999
140 53.1602 86.7402
179 53.046 86.8891
826 52.9265 87.0449
896 52.7945 87.2171
659 52.6872 87.357
369 52.5811 87.4953
118 52.4567 87.6575
642 52.3379 87.8124
375 52.206 87.9846
563 52.2024 87.9892
895 52.1983 87.9946
280 52.1937 88.0005
305 52.1885 88.0074
856 52.184 88.0132
313 52.1798 88.0187
940 52.1758 88.0238
415 52.1714 88.0296
774 52.1668 88.0357
575 52.1627 88.041
952 52.1576 88.0476
814 52.1529 88.0537
618 52.1485 88.0594
861 52.1445 88.0648
755 52.1399 88.0707
319 52.1348 88.0774
763 52.1293 88.0845
129 52.1245 88.0907
536 52.1245 88.0907
961 52.1245 88.0907
882 52.1245 88.0907
239 52.1245 88.0907
105 52.1245 88.0907
82 52.1245 88.0907
343 52.1245 88.0907
931 52.1245 88.0907
317 52.1245 88.0907
947 52.1245 88.0907
887 52.1245 88.0907
624 52.1245 88.0907
245 52.1245 88.0907
737 52.1245 88.0907
185 52.1245 88.0907
156 52.1245 88.0907
851 52.1245 88.0907
23 52.1245 88.0907
911 52.1245 88.0907
126 52.1245 88.0907
193 52.1245 88.0907
434 52.1245 88.0907
816 52.1245 88.0907
344 52.1245 88.0907
769 50.3682 85.5865
800 49.6336 85.8604
614 45.4638 87.4151
564 45.3713 87.4496
754 45.2835 87.4823
72 45.1717 87.524
562 45.0815 87.5576
215 44.9856 87.5934
416 44.8948 87.6272
530 44.8083 87.6595
437 44.7138 87.6947
874 44.628 87.7267
389 44.6122 87.7326
738 44.5961 87.7386
559 44.5961 87.7386
292 44.5961 87.7386
746 44.5961 87.7386
516 44.5961 87.7386
5 44.5961 87.7386
877 44.5961 87.7386
866 44.5961 87.7386
532 44.5961 87.7386
713 44.5961 87.7386
511 44.5961 87.7386
541 44.4525 87.7436
226 38.4445 87.954
919 38.3476 87.9574
394 38.2624 87.9604
172 38.1766 87.9634
22 38.0935 87.9663
294 38.0147 87.969
561 37.93 87.972
408 37.8473 87.9749
231 37.732 87.9789
649 37.6311 87.9825
270 37.5294 87.986
840 37.4343 87.9893
807 37.3376 87.9927
96 37.2357 87.9963
786 37.1367 87.9998
150 37.0403 88.0031
672 36.9466 88.0064
795 36.8558 88.0096
73 36.7644 88.0128
428 36.6802 88.0158
766 36.608 88.0183
470 36.5185 88.0214
206 36.4365 88.0243
539 36.3454 88.0275
548 36.2489 88.0309
974 36.1583 88.034
53 36.067 88.0372
569 35.9722 88.0405
752 35.8752 88.0439
165 35.7856 88.0471
181 35.611 88.0532
918 35.427 88.0596
265 35.2683 88.0652
448 35.0362 88.0733
449 34.7962 88.0817
139 34.5139 88.0916
469 30.2239 88.2418
50 30.2239 88.2418
960 30.2239 88.2418
230 30.2239 88.2418
146 30.2239 88.2418
611 30.2239 88.2418
167 30.2239 88.2418
806 30.2239 88.2418
141 30.2239 88.2418
638 30.2239 88.2418
256 30.2239 88.2418
241 30.2239 88.2418
707 30.2239 88.2418
92 30.2239 88.2418
296 30.2239 88.2418
872 30.2239 88.2418
76 30.2239 88.2418
16 30.2239 88.2418
271 30.2239 88.2418
773 30.2239 88.2418
120 30.2239 88.2418
430 30.2239 88.2418
696 30.1653 88.1483
20 30.1103 88.0605
859 30.0462 87.9583
613 29.9885 87.8663
631 29.9199 87.7568
309 29.843 87.6342
189 29.7375 87.4659
418 29.6266 87.2889
695 29.5214 87.1212
253 29.428 86.9721
662 29.3335 86.8214
392 28.3367 86.9778
424 27.4225 87.1213
2 26.3032 87.297
223 25.1831 87.4728
714 22.7572 87.853
490 22.7572 87.853
456 22.7572 87.853
608 22.7572 87.853
954 22.7572 87.853
578 22.7572 87.853
550 22.7572 87.853
115 22.7572 87.853
753 22.7572 87.853
833 22.7572 87.853
610 22.7572 87.853
761 22.7572 87.853
249 22.7572 87.853
651 22.7572 87.853
409 22.7572 87.853
44 22.7572 87.853
593 22.7572 87.853
441 22.7572 87.853
768 22.7572 87.853
885 22.7572 87.853
36 22.7572 87.853
757 22.7572 87.853
491 22.7572 87.853
697 22.7572 87.853
227 22.7572 87.853
871 22.7572 87.853
93 22.7572 87.853
521 22.7572 87.853
306 22.7572 87.853
557 22.7572 87.853
973 22.7572 87.853
28 22.7572 87.853
58 22.7572 87.853
808 22.7572 87.853
759 12.6474 89.1273
316 12.5497 89.1397
547 12.4513 89.1521
436 12.3672 89.1627
263 12.2834 89.1732
776 12.2144 89.1819
15 12.1342 89.192
699 12.0473 89.203
288 11.9665 89.2132
933 11.8716 89.2252
386 11.7696 89.238
399 11.6716 89.2504
803 11.5694 89.2632
628 11.4801 89.2745
368 11.4005 89.2845
750 11.2953 89.2978
914 11.1942 89.3106
916 11.1059 89.3217
106 10.9977 89.3353
138 10.9033 89.3472
868 10.8019 89.36
678 10.7133 89.3712
693 10.6334 89.3813
712 10.5578 89.3908
88 10.4683 89.4021
585 10.3577 89.416
1 10.2719 89.4268
13 10.1897 89.4372
17 10.0957 89.4491
199 9.98689 89.4628
988 9.88624 89.4755
462 9.88789 89.45
183 9.88957 89.424
95 9.89108 89.4005
905 9.89248 89.379
405 9.89368 89.3604
213 9.89496 89.3405
827 9.90055 89.2542
200 9.90648 89.1625
435 9.91261 89.0678
153 9.92006 88.9525
953 9.92646 88.8536
39 9.93247 88.7607
711 9.93883 88.6623
446 9.94594 88.5524
442 9.95264 88.4488
360 9.95983 88.3377
301 9.96581 88.2453
719 9.97214 88.1474
364 9.97816 88.0544
637 9.98438 87.9582
401 9.99069 87.8607
969 9.99678 87.7665
244 10.0035 87.6627
247 10.0093 87.5734
426 10.0153 87.4802
380 10.0204 87.4017
447 10.0406 87.0896
495 10.0611 86.772
568 10.0804 86.4744
300 10.1021 86.139
304 10.1217 85.8345
48 10.1451 85.4736
31 10.1668 85.1387
780 10.1871 84.8243
169 10.2057 84.5373
75 10.2252 84.2359
236 10.2425 83.9672
830 10.2767 83.4389
944 10.3062 82.9834
184 10.3339 82.5544
991 10.3624 82.1149
443 10.388 81.7178
948 10.4045 81.4628
546 10.4164 81.2787
90 10.4293 81.0806
982 10.4417 80.8879
736 10.4557 80.6714
108 10.4708 80.438
892 10.4873 80.1827
955 10.5041 79.9231
487 10.5208 79.6657
560 10.5364 79.4246
374 10.5518 79.1867
570 10.5659 78.9681
321 10.5807 78.7397
815 10.5941 78.5323
718 10.6095 78.2939
554 10.6275 78.0165
203 10.6444 77.7544
240 10.6616 77.4891
431 10.6787 77.2251
325 10.6964 76.9512
796 10.7157 76.652
556 10.7333 76.3809
444 10.7493 76.1331
792 10.7681 75.8418
615 10.8544 74.5081
635 10.957 72.9207
178 10.9563 72.8465
298 10.9556 72.7584
890 10.9549 72.6743
445 10.9541 72.5808
224 10.9534 72.4958
277 10.9527 72.4073
667 10.952 72.3266
207 10.9514 72.2498
457 10.9508 72.1752
860 10.9501 72.0936
427 10.9493 72.0057
500 10.9487 71.9263
119 10.948 71.8432
433 10.9474 71.769
346 10.9467 71.6856
600 10.946 71.5987
657 10.9452 71.5131
381 10.9445 71.4217
517 10.9438 71.3334
255 10.943 71.2481
371 10.9424 71.1689
639 10.9418 71.0979
162 10.9412 71.0239
726 10.9406 70.9498
503 10.9399 70.8647
398 10.9392 70.7807
99 10.9385 70.7024
361 10.9374 70.5726
739 10.9363 70.4319
275 10.9352 70.3103
482 10.9342 70.1902
339 10.9333 70.0826
701 10.9323 69.9522
14 10.9312 69.8232
113 10.9302 69.7028
825 10.9292 69.5828
728 10.9281 69.448
630 10.9267 69.2862
966 10.9256 69.1464
479 10.9245 69.0162
338 10.9232 68.8652
502 10.922 68.7197
219 10.9208 68.5694
272 10.9195 68.424
192 10.9183 68.2781
97 10.9172 68.146
680 10.9161 68.0095
607 10.9149 67.8712
939 10.9136 67.7144
589 10.9124 67.5626
703 10.9113 67.4281
3 10.9102 67.3012
531 10.9091 67.1709
879 10.9082 67.059
665 10.9072 66.9427
694 10.9062 66.823
429 10.9052 66.7012
400 10.9041 66.569
717 10.9029 66.4285
551 10.9019 66.3005
686 10.8943 65.389
347 10.885 64.2746
784 10.8769 63.3042
760 10.8689 62.3418
747 10.8613 61.4227
34 10.8534 60.4795
849 10.8519 60.4573
47 10.8508 60.4419
352 10.8498 60.4273
218 10.8488 60.4129
122 10.8478 60.3983
174 11.2309 60.1479
909 11.2974 60.1043
925 11.3494 60.0704
196 11.41 60.0308
936 11.4693 59.992
57 11.5245 59.9559
527 11.5774 59.9214
376 11.6333 59.8848
336 11.6985 59.8422
897 11.755 59.8053
234 11.8028 59.774
303 11.8628 59.7348
772 11.9205 59.6971
114 11.9734 59.6625
764 12.0266 59.6277
77 12.0719 59.5981
799 12.1278 59.5616
131 12.3045 59.4461
970 12.4681 59.3392
734 12.6313 59.2325
81 13.5594 58.6259
524 14.5162 58.0005
981 15.5176 57.3459
691 16.383 56.7803
130 17.2389 56.2209
705 18.3518 55.4934
403 19.3461 54.8435
142 20.1025 54.3491
89 20.8524 53.859
182 20.3438 53.4421
698 19.9308 53.1034
797 19.5344 52.7785
758 19.1689 52.4789
324 18.8369 52.2067
451 18.46 51.8977
37 18.0149 51.5328
422 17.5887 51.1834
938 17.1249 50.8032
956 16.647 50.4114
908 16.1071 49.9688
771 15.4964 49.4682
312 14.8824 48.9647
496 14.5447 48.6879
373 14.1672 48.3784
78 13.8205 48.0942
228 13.4362 47.7791
384 13.0554 47.4669
10 12.7362 47.2053
652 12.4398 46.9623
283 12.1288 46.7073
863 11.8538 46.4819
154 11.6035 46.2767
100 11.333 46.055
985 11.0276 45.8045
770 10.8684 45.674
328 10.6976 45.5341
46 10.6976 45.5341
700 10.6976 45.5341
222 10.6976 45.5341
123 10.6976 45.5341
330 10.6976 45.5341
212 10.6976 45.5341
499 10.6976 45.5341
749 10.6976 45.5341
341 10.6976 45.5341
463 10.6976 45.5341
805 10.6976 45.5341
489 10.6976 45.5341
731 10.6976 45.5341
841 10.6976 45.5341
663 10.6976 45.5341
128 10.6976 45.5341
708 10.6976 45.5341
116 10.6976 45.5341
157 10.6976 45.5341
677 10.6976 45.5341
972 10.6976 45.5341
214 10.6976 45.5341
565 10.6976 45.5341
505 10.6976 45.5341
990 10.6976 45.5341
279 10.6976 45.5341
534 10.6976 45.5341
858 10.6976 45.5341
166 10.6976 45.5341
32 13.6408 43.2743
949 15.7392 41.6631
414 17.8404 40.0498
616 17.8404 40.0498
943 17.8404 40.0498
542 17.8404 40.0498
148 17.5502 39.3699
723 17.243 38.6502
423 16.8589 37.7505
125 16.4686 36.8362
958 16.084 35.9353
476 15.7445 35.1399
121 15.268 34.0238
205 14.7875 32.8983
87 14.183 31.4821
268 13.5375 29.9699
86 12.9306 28.5482
74 12.7731 28.1793
794 12.6282 27.8398
258 12.4938 27.5252
572 12.3719 27.2394
641 12.2476 26.9482
898 12.1032 26.6101
588 12.0345 25.6324
366 11.985 24.9285
348 11.9531 24.4751
331 11.9254 24.0809
211 11.8947 23.6438
963 11.8738 23.3459
61 11.8504 23.0126
187 11.8425 22.9005
4 11.8425 22.9005
299 11.8425 22.9005
836 11.8425 22.9005
514 11.8425 22.9005
133 12.1633 20.8873
722 12.9661 15.8492
8 12.9661 15.8492
881 12.9661 15.8492
710 12.9661 15.8492
488 12.9877 15.7311
646 13.006 15.6315
674 13.0245 15.5307
629 13.0435 15.4267
362 13.0603 15.335
682 13.0778 15.2397
412 13.0946 15.1479
673 13.111 15.0585
455 13.1297 14.9565
741 13.1528 14.8304
812 13.1774 14.6961
402 15.777 14.8669
661 18.4615 15.0432
626 21.3363 15.2321
64 22.0222 15.2771
351 22.6138 15.316
669 23.0474 15.3445
702 23.4382 15.3701
902 23.8493 15.3972
354 24.3024 15.4269
407 24.6861 15.4521
474 24.7437 15.4559
704 24.819 15.4609
254 24.8769 15.4647
915 24.9428 15.469
709 25.0126 15.4736
899 25.0763 15.4778
111 25.1543 15.4829
284 25.1543 15.4829
602 25.1543 15.4829
439 28.3539 15.0639
518 33.9366 14.333
883 33.8635 14.9839
246 33.7981 15.567
310 33.7404 16.0806
573 33.6813 16.607
363 33.6196 17.157
26 33.5496 17.7803
337 33.4834 18.3705
307 33.4169 18.9627
287 33.3641 19.4325
653 33.2883 20.1077
379 33.1485 21.3535
261 33.0369 22.3473
822 32.9294 23.3051
191 32.8186 24.2922
934 32.7478 24.9228
643 32.6783 25.5416
824 32.414 27.896
787 32.1153 30.5567
397 31.7439 33.8646
655 31.7259 34.0246
869 31.7138 34.1325
388 31.7003 34.2529
829 31.6886 34.3572
612 31.6757 34.4718
438 31.6624 34.5902
486 31.6521 34.6827
65 31.6405 34.7858
549 31.7943 35.8303
221 31.9556 36.9264
475 32.3258 39.4403
278 32.5308 40.8328
633 32.9744 43.8456
989 32.984 43.8491
619 32.992 43.852
778 33.0002 43.8549
147 33.0084 43.8579
783 33.0167 43.8609
664 33.0246 43.8637
151 33.0328 43.8666
543 33.0405 43.8694
11 33.049 43.8725
535 33.0578 43.8757
7 33.0679 43.8793
480 33.0773 43.8827
452 33.0859 43.8858
461 33.0933 43.8885
679 33.1001 43.8909
302 33.1071 43.8935
688 33.1147 43.8962
706 33.1233 43.8993
210 33.1319 43.9024
257 33.1319 43.9024
529 32.9605 44.7177
748 32.7126 45.8974
687 32.4672 47.065
809 32.1703 48.4774
391 32.1438 48.6033
508 32.1183 48.725
525 32.0918 48.8509
38 32.0654 48.9766
913 32.0367 49.1131
413 32.0102 49.2389
566 31.9851 49.3585
811 31.9572 49.4913
49 31.9216 49.6608
127 31.8875 49.823
917 31.8565 49.9706
267 31.6189 51.1006
957 31.4319 51.9905
788 31.2976 52.6294
876 31.1998 53.0946
269 31.0823 53.6537
891 30.9548 54.2602
640 30.8236 54.8845
922 30.7095 55.4275
522 30.5925 55.9843
327 30.0155 58.7295
237 29.9582 59.0021
137 29.8875 59.3384
599 29.8221 59.6496
382 29.7598 59.9458
929 29.6988 60.2364
329 29.6308 60.5595
903 29.571 60.8441
291 29.5164 61.1039
603 29.4658 61.3448
729 29.4013 61.6514
901 29.3387 61.9494
54 29.2787 62.2348
30 29.2177 62.5251
912 29.1528 62.8339
104 29.0858 63.1527
735 29.0218 63.457
846 28.9497 63.8003
601 28.8795 64.134
733 28.8138 64.447
587 28.7436 64.7807
552 28.6778 65.0938
79 28.619 65.3734
411 28.5515 65.6948
233 28.4896 65.9894
946 28.4069 66.3828
56 28.4038 66.3976
501 28.4003 66.4143
720 28.3969 66.4304
21 28.3934 66.4468
507 28.3902 66.462
390 28.3868 66.4785
756 28.3836 66.4937
59 28.38 66.5106
349 28.3762 66.529
839 28.3727 66.5453
545 28.369 66.5629
510 28.2413 67.1703
950 27.9819 68.4046
124 27.7589 69.4657
41 27.5536 70.4423
168 27.5081 70.6589
789 27.4706 70.8374
658 27.4316 71.0227
927 27.3954 71.1952
971 27.3561 71.3823
886 27.3109 71.5973
965 27.4927 71.5382
333 27.6471 71.4881
266 27.8087 71.4355
220 27.9656 71.3846
526 28.1371 71.3288
132 28.3038 71.2747
888 28.4734 71.2195
924 28.6432 71.1644
326 28.812 71.1095
537 29.6565 70.8351
454 30.5762 70.5362
60 31.5365 70.2242
804 32.7498 69.8299
878 33.1031 69.7151
171 33.4664 69.597
730 33.7727 69.4975
689 34.1228 69.3837
574 34.4832 69.2666
571 34.8827 69.1368
604 35.2932 69.0034
540 35.8129 68.8345
779 36.2908 68.6792
350 36.6723 68.5552
252 37.0333 68.4379
533 37.4524 68.3017
308 37.8224 68.1815
576 38.2359 68.0471
976 38.5932 67.931
676 38.9852 67.8036
410 39.3203 67.6947
724 39.6237 67.5961
493 39.9499 67.4901
359 40.325 67.3682
765 40.7674 67.2245
365 41.1778 67.0911
645 41.601 66.9536
621 42.1347 66.7801
591 42.5078 66.6589
225 44.0973 66.1424
582 45.9959 65.5254
596 45.9959 65.5254
471 45.9959 65.5254
80 45.9959 65.5254
802 45.9959 65.5254
683 46.0438 65.4827
523 46.09 65.4415
163 46.136 65.4005
404 46.1825 65.359
910 46.2336 65.3135
715 46.2876 65.2653
513 46.3421 65.2166
558 46.4004 65.1647
468 46.4558 65.1153
109 46.5026 65.0736
134 46.5461 65.0347
921 46.5942 64.9918
144 46.6638 64.9298
632 46.7458 64.8567
743 46.8242 64.7868
94 46.8957 64.723
235 46.9713 64.6556
894 47.0458 64.5892
459 47.1261 64.5176
484 47.2151 64.4381
857 47.3108 64.3528
605 47.4087 64.2655
262 47.5905 61.2964
286 47.5989 61.16
732 47.6067 61.033
798 47.6148 60.8998
186 47.6234 60.7601
281 47.6308 60.639
453 47.6377 60.5261
264 47.6458 60.3936
282 47.6534 60.2692
986 47.661 60.1459
175 47.7135 59.2888
843 48.1471 52.2082
43 48.4536 47.2046
472 48.4536 47.2046
875 48.4536 47.2046
69 48.4536 47.2046
180 48.4536 47.2046
945 48.4536 47.2046
194 48.4536 47.2046
155 48.4536 47.2046
63 48.4536 47.2046
276 48.4536 47.2046
101 48.4536 47.2046
66 48.4536 47.2046
597 48.4536 47.2046
356 48.4536 47.2046
790 48.4536 47.2046
370 48.4536 47.2046
923 48.3464 46.2018
342 48.1854 44.6964
692 48.0008 42.9686
906 47.8828 41.8648
862 47.7613 40.7287
492 47.6382 39.5765
834 47.2914 36.3323
512 47.2914 36.3323
716 47.3403 36.0359
586 47.3929 35.7176
848 47.4365 35.4532
160 47.4972 35.086
19 47.7728 34.7997
467 48.0303 34.5321
865 48.2957 34.2563
355 48.5417 34.0008
785 48.7759 33.7574
250 48.992 33.5329
935 49.1963 33.3207
197 49.4174 33.091
853 49.6514 32.8478
844 49.9386 32.5495
870 50.25 32.226
289 50.6424 31.8183
781 51.0054 31.4412
831 51.3305 31.1034
681 51.5767 30.8476
377 51.837 30.5772
930 52.0973 30.3067
421 52.3771 30.0161
458 52.722 29.6577
358 53.091 29.2743
634 53.4928 28.857
819 53.9871 28.3433
873 54.3319 27.9852
555 54.7007 27.6019
821 55.0907 27.1968
828 55.4424 26.8314
164 55.8099 26.4496
55 56.2071 26.037
751 56.6022 25.6264
27 57.0519 25.1592
419 57.5494 24.6424
209 58.0621 24.1097
6 59.4845 22.6319
295 61.261 20.7862
598 62.773 19.2153
959 64.1366 17.7986
103 66.2098 15.6447
504 67.1482 15.9411
24 67.9979 16.2095
777 68.7961 16.4616
176 69.8816 16.8044
721 71.2232 17.2281
581 72.6474 17.6779
