0,483,345,627,979,260,243,98,590,520,33,634,606,314,43,675,358,323,745,920,941,609,29,70,232,357,967,553,466,592,425,274,670,850,835,497,242,951,387,107,198,170,136,932,506,977,838,684,884,195,208,847,595,650,315,432,71,942,201,110,852,668,152,904,67,393,334,579,383,340,478,654,744,290,962,975,900,509,867,837,465,420,775,18,528,818,332,173,727,987,51,385,473,25,372,322,740,648,889,660,311,450,204,685,251,983,725,135,820,893,494,353,580,928,417,544,666,854,42,620,992,177,622,273,158,464,937,83,481,145,285,477,801,813,742,823,864,931,159,52,817,149,845,318,297,575,185,980,737,952,9,406,229,395,12,460,378,754,344,816,202,415,814,259,832,23,961,880,636,313,947,118,140,887,193,713,516,618,896,567,305,179,375,317,856,367,911,245,40,62,434,105,343,642,335,851,369,861,511,746,984,156,690,584,624,532,882,416,539,774,541,92,874,165,918,139,265,559,230,877,470,530,974,239,408,5,449,389,53,569,738,309,241,146,271,638,141,659,707,394,172,548,181,766,866,22,428,786,253,256,167,752,129,96,72,761,36,795,806,919,231,773,448,491,44,120,521,441,150,610,611,960,392,672,20,613,306,73,333,17,288,871,456,184,487,933,651,808,368,430,696,227,750,409,183,714,50,13,776,28,768,631,426,916,585,200,568,547,325,263,495,48,444,321,31,247,236,58,436,699,982,401,203,1,736,301,718,153,678,178,300,108,199,304,405,106,973,213,380,868,711,462,827,447,39,115,435,386,693,803,792,969,169,815,905,953,914,546,988,712,326,593,316,557,885,15,697,249,833,424,138,364,446,442,578,60,946,443,76,399,220,400,608,360,859,753,490,418,88,944,657,570,433,346,93,695,298,469,667,224,830,75,244,637,686,970,639,162,860,560,374,955,554,628,615,556,95,240,728,719,796,890,90,759,14,780,892,991,966,694,939,371,517,207,717,234,503,192,376,524,589,925,131,734,799,772,3,607,531,338,665,879,948,329,277,347,381,427,255,720,422,587,97,565,34,965,764,272,924,233,482,130,502,630,77,784,457,825,339,551,219,445,119,398,537,168,296,526,270,635,888,41,550,757,730,604,689,954,726,500,789,600,886,601,431,223,454,574,79,479,735,327,99,113,81,429,680,275,729,349,552,846,451,267,957,788,956,950,361,739,132,701,971,266,872,16,510,411,733,903,927,640,658,382,359,599,878,756,324,308,104,688,89,645,410,291,804,390,175,507,501,493,765,59,901,891,237,171,21,839,163,137,732,715,56,471,910,596,576,54,809,683,912,264,676,523,350,571,124,649,662,459,779,161,791,226,540,91,855,921,782,632,365,802,582,591,225,986,189,894,80,763,206,840,895,248,320,280,536,215,614,976,562,724,755,319,563,564,2,252,561,112,671,807,940,126,826,513,292,82,437,216,453,282,968,769,484,84,144,134,800,94,294,857,605,404,235,109,30,281,743,440,762,468,68,625,923,617,647,810,577,964,515,485,238,798,978,583,767,926,190,538,907,102,293,143,286,656,781,217,644,623,594,117,842,188,844,906,716,101,472,262,342,35,875,793,85,843,597,396,621,558,461,370,492,512,870,945,498,186,155,197,519,533,69,452,63,194,19,862,989,848,276,7,679,403,566,11,790,876,917,356,525,783,603,619,37,269,438,480,706,692,38,475,543,388,655,612,778,522,151,302,748,508,664,148,414,210,127,922,687,180,32,913,929,147,705,535,413,545,771,65,49,397,723,114,142,174,691,534,196,760,981,897,747,703,122,805,352,214,505,100,279,936,218,463,303,909,858,708,849,663,212,46,616,373,222,972,154,542,731,489,758,57,990,496,677,116,958,312,341,749,330,499,770,527,128,698,182,47,949,157,166,633,384,228,652,700,423,476,123,863,841,391,908,797,938,336,486,829,205,78,328,87,331,710,455,258,898,4,572,514,86,402,673,125,794,283,10,354,915,254,268,412,985,836,943,133,902,474,74,299,963,362,187,61,646,812,682,348,366,722,488,881,741,588,674,629,211,8,379,643,64,899,121,641,602,337,702,307,661,824,439,811,278,549,787,221,834,586,709,529,869,250,934,363,26,653,246,284,669,518,351,111,626,467,407,287,261,573,704,883,419,310,160,257,853,555,191,822,209,66,930,681,935,355,458,785,751,421,865,164,27,6,289,873,828,377,24,295,581,45,831,55,821,103,504,819,959,777,598,721,176,
value : 489.946 running time : 104.884265
0 80 20
483 86.1886 17.5169
345 86.1833 17.5327
627 86.178 17.5483
979 86.1729 17.5636
260 86.1672 17.5805
243 85.8605 18.4896
98 83.8262 24.5203
590 81.4626 27.1334
520 79.165 29.6735
33 76.4441 32.6814
634 70.4583 39.3
606 70.6109 39.5225
314 70.7671 39.7502
43 70.924 39.9791
675 71.3504 40.6012
358 71.7994 41.2562
323 72.6692 42.5256
745 73.5503 43.8114
920 74.3924 45.0404
941 75.2976 46.3613
609 75.2976 46.3613
29 75.2976 46.3613
70 75.2976 46.3613
232 75.2976 46.3613
357 75.2976 46.3613
967 75.5689 46.6771
553 75.8157 46.9643
466 76.0599 47.2487
592 76.3298 47.5628
425 76.6045 47.8825
274 76.8737 48.1959
670 77.1737 48.545
850 77.5144 48.9416
835 77.846 49.3276
497 83.8538 56.3236
242 83.7194 56.4225
951 83.5889 56.5185
387 83.4505 56.6202
107 83.3199 56.7163
198 83.1767 56.8216
170 83.0344 56.9263
136 82.8807 57.0394
932 82.718 57.1591
506 82.5596 57.2756
977 82.3966 57.3954
838 82.2367 57.5131
684 82.0705 57.6353
884 81.9048 57.7572
195 81.7146 57.8971
208 68.1513 67.8755
847 67.8324 68.11
595 67.561 68.3097
650 67.2879 68.5105
315 66.9956 68.7255
432 66.9126 68.7866
71 66.9126 68.7866
942 66.9126 68.7866
201 67.126 68.9008
110 67.3335 69.0119
852 67.5409 69.1229
668 67.7515 69.2356
152 67.9527 69.3432
904 68.1592 69.4538
67 68.3685 69.5658
393 68.5757 69.6767
334 68.7816 69.7869
579 68.9728 69.9645
383 69.151 70.1302
340 69.311 70.2788
478 69.4827 70.4383
654 69.6888 70.6298
744 69.8948 70.8213
290 70.0942 71.0065
962 70.2945 71.1926
975 70.4956 71.3795
900 70.6917 71.5617
509 70.8849 71.7413
867 71.1048 71.9456
837 71.3315 72.1562
465 71.5552 72.364
420 71.5746 72.3821
775 71.648 72.4503
18 71.7157 72.5132
528 71.7856 72.5782
818 71.6541 72.679
332 71.5272 72.7764
173 71.3696 72.8974
727 71.2263 73.0073
987 71.0872 73.114
51 74.0024 75.1037
385 77.8929 77.759
473 82.9688 81.2231
25 85.061 82.6511
372 85.9989 83.2914
322 85.9989 83.2914
740 85.9989 83.2914
648 85.9989 83.2914
889 85.9989 83.2914
660 85.9989 83.2914
311 85.9989 83.2914
450 85.9989 83.2914
204 84.797 84.3828
685 82.9084 86.0979
251 79.5021 89.1917
983 79.5021 89.1917
725 79.5021 89.1917
135 79.5021 89.1917
820 79.5021 89.1917
893 79.5021 89.1917
494 79.5021 89.1917
353 79.5021 89.1917
580 79.5021 89.1917
928 79.5021 89.1917
417 77.3081 88.9442
544 75.568 88.748
666 74.585 88.6371
854 73.6407 88.5307
42 72.7183 88.4267
620 72.0324 88.3494
992 71.4893 88.2883
177 71.1213 88.2468
622 70.8131 88.2121
273 70.5158 88.1787
158 70.2387 88.1475
464 69.9599 88.1161
937 69.695 88.0863
83 69.4331 88.0568
481 69.1694 88.0271
145 68.9068 87.9976
285 68.6465 87.9683
477 68.3839 87.9387
801 68.131 87.9102
813 67.919 87.8864
742 67.7009 87.8619
823 67.4564 87.8343
864 67.2114 87.8068
931 66.9409 87.7763
159 66.6841 87.7474
52 66.3205 87.7065
817 65.9534 87.6651
149 65.5846 87.6236
845 65.0255 87.5606
318 64.4376 87.4944
297 63.455 87.3836
575 62.4613 87.2716
185 61.5364 87.1674
980 60.6301 87.0653
737 59.8566 86.9781
952 59.1105 86.894
9 58.4417 86.8187
406 58.3785 86.8449
229 58.3189 86.8695
395 58.2578 86.8949
12 58.1939 86.9213
460 58.1318 86.9471
378 57.4008 87.2497
754 56.515 87.6165
344 55.6624 87.9695
816 55.6195 87.9389
202 55.5774 87.9089
415 55.5346 87.8784
814 55.4925 87.8484
259 55.4502 87.8182
832 55.4083 87.7884
23 53.5099 87.8717
961 52.2104 87.9286
880 52.2008 87.9291
636 52.1911 87.9295
313 52.1821 87.9299
947 52.1726 87.9303
118 52.1634 87.9307
140 52.1536 87.9311
887 52.1441 87.9315
193 52.134 87.932
713 52.1248 87.9323
516 52.1159 87.9327
618 52.107 87.9331
896 52.098 87.9335
567 52.0888 87.9339
305 52.0781 87.9344
179 52.0685 87.9348
375 52.0592 87.9352
317 52.0516 87.9355
856 52.0435 87.9359
367 52.0348 87.9362
911 52.0262 87.9366
245 51.9485 87.94
40 51.8723 87.9433
62 51.7963 87.9465
434 51.7204 87.9498
105 51.6426 87.9532
343 51.5675 87.9564
642 51.4937 87.9596
335 51.4217 87.9627
851 51.3499 87.9658
369 51.2775 87.9689
861 51.2049 87.9721
511 51.1326 87.9752
746 51.0603 87.9783
984 50.9882 87.9814
156 50.9083 87.9849
690 50.8281 87.9883
584 50.7481 87.9918
624 50.6397 87.9965
532 50.5294 88.0013
882 50.4208 88.006
416 48.8888 88.0728
539 47.6445 88.1271
774 46.4677 88.1785
541 45.2664 88.2309
92 43.5974 88.3038
874 42.7081 88.3426
165 41.7821 88.383
918 40.8586 88.4232
139 40.1632 88.4535
265 40.1627 88.4535
559 40.1622 88.4536
230 40.1617 88.4536
877 40.1612 88.4536
470 40.1607 88.4536
530 40.1602 88.4537
974 40.1597 88.4537
239 40.1593 88.4537
408 40.1588 88.4537
5 40.1582 88.4537
449 39.9028 88.465
389 39.6398 88.4766
53 39.3821 88.4879
569 39.1208 88.4994
738 38.8582 88.511
309 38.5859 88.523
241 38.3182 88.5347
146 38.0594 88.5461
271 37.7999 88.5576
638 37.5311 88.5694
141 37.254 88.5816
659 36.956 88.5947
707 36.6871 88.6066
394 36.4106 88.6187
172 36.1348 88.6309
548 35.8526 88.6433
181 35.564 88.656
766 35.2792 88.6685
866 34.9743 88.682
22 34.6653 88.6955
428 34.359 88.709
786 34.0305 88.7234
253 33.6902 88.7384
256 33.3361 88.754
167 32.9966 88.7689
752 32.6158 88.7856
129 32.2537 88.8015
96 31.9263 88.8159
72 31.5789 88.8312
761 31.2611 88.8452
36 30.9133 88.8604
795 30.5371 88.877
806 30.1717 88.893
919 29.8102 88.9089
231 29.4496 88.9248
773 29.1014 88.9401
448 28.7266 88.9565
491 28.3457 88.9733
44 28.2463 88.9777
120 28.1413 88.9823
521 28.0405 88.9868
441 27.9432 88.9911
150 27.8424 88.9956
610 27.7459 88.9999
611 27.6467 89.0043
960 27.5464 89.0088
392 27.4443 89.0133
672 27.3484 89.0176
20 27.2513 89.0219
613 27.1526 89.0263
306 26.5896 89.0509
73 25.9622 89.0783
333 25.377 89.1038
17 24.8226 89.128
288 24.2011 89.1552
871 23.5763 89.1825
456 22.9554 89.2096
184 22.3337 89.2368
487 21.7247 89.2634
933 21.7247 89.2634
651 21.7247 89.2634
808 21.7247 89.2634
368 21.1459 89.473
430 20.5452 89.6907
696 19.9236 89.9159
227 19.3035 90.1405
750 18.7132 90.3543
409 18.7132 90.3543
183 18.7132 90.3543
714 18.7132 90.3543
50 18.7132 90.3543
13 18.7132 90.3543
776 18.7132 90.3543
28 18.7132 90.3543
768 18.7132 90.3543
631 18.7132 90.3543
426 12.7161 89.7601
916 12.6272 89.7513
585 12.5328 89.7419
200 12.4598 89.7347
568 12.3871 89.7275
547 12.314 89.7202
325 12.2485 89.7137
263 12.1808 89.707
495 12.12 89.701
48 12.0543 89.6945
444 11.9865 89.6877
321 11.9231 89.6814
31 11.8527 89.7284
247 11.7817 89.7759
236 11.7106 89.8233
58 11.6377 89.872
436 11.5667 89.9194
699 11.4951 89.9672
982 11.424 90.0146
401 11.3533 90.0619
203 11.2814 90.1099
1 11.2099 90.1576
736 11.1393 90.2047
301 11.0686 90.2519
718 10.9982 90.2989
153 10.9287 90.3454
678 10.8598 90.3914
178 10.7902 90.4379
300 10.7901 90.4379
108 10.7901 90.4379
199 10.7901 90.4379
304 10.79 90.438
405 10.79 90.438
106 10.79 90.438
973 10.7899 90.438
213 10.7899 90.438
380 10.7902 90.4378
868 10.7906 90.4376
711 10.7909 90.4374
462 10.7913 90.4371
827 10.7916 90.4369
447 10.7919 90.4367
39 10.7923 90.4365
115 10.7926 90.4363
435 10.793 90.4361
386 10.7933 90.4358
693 10.7936 90.4356
803 10.794 90.4354
792 10.7943 90.4352
969 10.7946 90.435
169 10.795 90.4347
815 10.7953 90.4345
905 10.7957 90.4343
953 10.796 90.4341
914 10.7964 90.4338
546 10.7967 90.4336
988 10.7971 90.4334
712 12.9621 89.0259
326 14.8868 87.7748
593 14.8868 87.7748
316 15.0448 87.5265
557 15.2001 87.2827
885 15.3524 87.0434
15 15.5115 86.7936
697 15.7612 86.4015
249 15.9804 86.0574
833 16.2015 85.7102
424 16.4231 85.3622
138 16.6687 84.9766
364 16.9202 84.5816
446 17.244 84.0734
442 17.5697 83.5621
578 17.8734 83.0854
60 18.2072 82.5615
946 18.2072 82.5615
443 18.2072 82.5615
76 18.2072 82.5615
399 18.2071 82.5615
220 18.2071 82.5615
400 18.2071 82.5615
608 18.2071 82.5615
360 18.2071 82.5615
859 18.2071 82.5615
753 18.2071 82.5615
490 16.9705 81.6412
418 15.659 80.6652
88 14.3703 79.706
944 13.17 78.8124
657 13.0043 78.6892
570 12.8345 78.5629
433 12.6717 78.4418
346 12.5089 78.3208
93 12.341 78.196
695 12.1765 78.0737
298 11.9978 77.9408
469 11.82 77.8086
667 11.6452 77.6786
224 11.6452 77.6786
830 11.6452 77.6786
75 11.6452 77.6786
244 11.6452 77.6786
637 11.6452 77.6786
686 11.6463 77.5792
970 11.6474 77.4829
639 11.6483 77.4074
162 11.6491 77.3314
860 11.65 77.2579
560 11.6508 77.1841
374 11.6516 77.1109
955 11.6525 77.0379
554 11.6533 76.9645
628 11.6542 76.8876
615 11.6551 76.8076
556 11.656 76.7263
95 11.6569 76.6456
240 11.6579 76.5605
728 11.6588 76.4737
719 11.6598 76.3864
796 11.6616 76.231
890 11.6633 76.0757
90 11.6651 75.9173
759 11.6705 75.4225
14 11.6779 74.7365
780 11.6845 74.1336
892 11.6915 73.4976
991 11.7036 72.3781
966 11.717 71.1272
694 11.7234 70.5417
939 11.7299 69.948
371 11.7299 69.948
517 11.7299 69.948
207 11.7299 69.948
717 11.7927 69.5791
234 11.8557 69.2092
503 11.9083 68.9004
192 11.9564 68.6177
376 12.0052 68.3311
524 12.0538 68.046
589 12.1016 67.7653
925 12.1498 67.4823
131 12.1498 67.4823
734 12.1498 67.4823
799 12.1498 67.4823
772 12.1498 67.4823
3 12.1498 67.4823
607 12.1498 67.4823
531 12.1498 67.4823
338 12.1498 67.4823
665 12.1498 67.4823
879 12.1498 67.4823
948 12.1498 67.4823
329 12.1498 67.4823
277 12.1498 67.4823
347 12.1498 67.4823
381 12.521 67.405
427 13.234 67.2566
255 13.963 67.1048
720 14.7073 66.9498
422 14.7073 66.9498
587 14.7056 66.9517
97 14.7038 66.9538
565 14.7023 66.9555
34 14.7008 66.9573
965 14.699 66.9593
764 14.6972 66.9615
272 14.6952 66.9638
924 14.6934 66.9658
233 14.6917 66.9678
482 14.6599 67.0045
130 14.6293 67.04
502 14.5978 67.0763
630 14.567 67.112
77 14.5353 67.1486
784 14.5106 67.1772
457 14.4857 67.206
825 14.4637 67.2314
339 14.4417 67.2568
551 14.4195 67.2826
219 14.398 67.3073
445 14.3767 67.332
119 16.4056 67.9019
398 18.787 68.5708
537 21.3848 69.3006
168 23.3905 69.8639
296 25.7627 70.5303
526 25.9083 70.5712
270 26.056 70.6126
635 26.056 70.6126
888 26.056 70.6126
41 26.056 70.6126
550 26.056 70.6126
757 26.056 70.6126
730 26.056 70.6126
604 26.056 70.6126
689 26.056 70.6126
954 26.056 70.6126
726 26.056 70.6126
500 26.056 70.6126
789 26.056 70.6126
600 26.056 70.6126
886 26.056 70.6126
601 26.0537 70.5448
431 26.0512 70.4719
223 26.0483 70.389
454 26.0454 70.3062
574 26.0425 70.2233
79 26.0396 70.139
479 26.0365 70.0482
735 26.0336 69.9665
327 26.0307 69.8819
99 26.0277 69.7965
113 26.0248 69.7125
81 26.022 69.6321
429 26.0192 69.5514
680 26.0165 69.4735
275 26.0456 69.0884
729 26.074 68.7118
349 26.101 68.354
552 26.1276 68.0021
846 26.1532 67.6629
451 26.1781 67.3336
267 26.2013 67.0267
957 26.2229 66.7394
788 26.2441 66.4584
956 26.2653 66.1774
950 26.2653 66.1774
361 26.2653 66.1774
739 26.2653 66.1774
132 26.6639 66.2755
701 27.075 66.3767
971 27.4786 66.4761
266 27.9016 66.5802
872 28.3155 66.6821
16 28.3463 66.6497
510 28.469 66.5208
411 28.592 66.3915
733 28.708 66.2696
903 28.8276 66.144
927 28.9503 66.015
640 29.0678 65.8916
658 29.1952 65.7578
382 29.4156 65.5263
359 29.6435 65.287
599 29.8798 65.0388
878 30.1115 64.7956
756 30.3455 64.5498
324 30.5782 64.3055
308 30.7276 64.1486
104 30.8725 63.9964
688 31.0245 63.8367
89 31.0953 63.8719
645 31.1663 63.9072
410 31.2352 63.9415
291 31.2881 63.9679
804 31.3407 63.9941
390 31.3942 64.0207
175 31.4455 64.0463
507 31.4988 64.0728
501 31.5495 64.0981
493 31.5997 64.1231
765 31.6498 64.148
59 31.7021 64.1741
901 31.7529 64.1994
891 31.8026 64.2241
237 31.8525 64.249
171 32.1751 64.4397
21 32.4776 64.6185
839 32.7746 64.7941
163 33.0626 64.9643
137 33.3429 65.1301
732 33.6149 65.2908
715 33.8693 65.4412
56 34.1163 65.5872
471 34.358 65.7301
910 34.5774 65.8598
596 34.7925 65.9869
576 35.0048 66.1124
54 35.2119 66.2348
809 35.4168 66.3559
683 35.6204 66.4763
912 35.8222 66.5955
264 36.0221 66.7137
676 36.214 66.8271
523 36.3972 66.9354
350 36.5748 67.0404
571 36.7403 67.1382
124 36.9031 67.2343
649 41.9317 69.538
662 42.3334 69.6172
459 42.7856 69.7064
779 43.2214 69.7923
161 43.6557 69.8779
791 43.667 70.0109
226 43.6842 70.2137
540 43.7004 70.4045
91 43.7164 70.5926
855 43.7318 70.7743
921 43.7473 70.9563
782 43.762 71.1291
632 43.7751 71.2843
365 43.788 71.4363
802 43.8016 71.5965
582 43.8147 71.7505
591 43.8271 71.8964
225 43.9429 73.2556
986 44.0657 74.6957
189 44.1993 76.2627
894 44.3129 77.5949
80 44.4443 79.1364
763 44.6391 81.4198
206 44.6391 81.4198
840 44.6391 81.4198
895 44.6391 81.4198
248 44.6391 81.4198
320 44.6391 81.4198
280 44.6391 81.4198
536 44.6391 81.4198
215 44.6391 81.4198
614 44.6391 81.4198
976 44.6391 81.4198
562 44.6391 81.4198
724 44.6391 81.4198
755 44.6391 81.4198
319 44.6391 81.4198
563 44.6391 81.4197
564 44.6391 81.4197
2 44.6391 81.4197
252 45.0877 80.0767
561 45.5458 78.7051
112 45.9325 77.5475
671 46.2155 76.6999
807 46.2155 76.6999
940 46.2155 76.6999
126 46.2155 76.6999
826 46.2155 76.6999
513 46.2155 76.6999
292 46.2155 76.6999
82 46.2155 76.6999
437 46.2155 76.6999
216 46.4265 74.501
453 46.5301 73.4191
282 46.6277 72.399
968 46.6648 72.0106
769 46.7012 71.6296
484 46.7368 71.2562
84 46.7714 70.8943
144 46.8051 70.541
134 46.8374 70.2021
800 46.8704 69.857
94 46.9085 69.4577
294 46.9485 69.0383
857 47.0079 68.4172
605 47.0702 67.7654
404 47.1415 67.0193
235 47.2136 66.2655
109 47.2874 65.4927
30 47.3643 64.6892
281 48.9061 63.3094
743 50.2201 62.1336
440 51.6435 60.8598
762 52.7485 59.8709
468 53.8295 58.9036
68 55.2774 57.6079
625 55.4694 57.436
923 55.6636 57.2622
617 55.867 57.0802
647 56.1415 56.8346
810 56.4052 56.5986
577 56.6743 56.3577
964 56.9554 56.1062
515 57.267 55.8273
485 57.6265 55.5056
238 57.9532 55.2133
798 58.3428 54.8646
978 60.0959 53.2958
583 60.9875 52.4979
767 60.966 52.4507
926 60.9436 52.4019
190 60.9218 52.3542
538 60.8994 52.3052
907 60.8766 52.2555
102 60.8528 52.2034
293 60.8275 52.1482
143 60.8017 52.0918
286 60.7764 52.0366
656 60.7507 51.9805
781 56.9672 43.7131
217 56.5994 44.0353
644 56.2285 44.3602
623 55.8553 44.6872
594 55.4748 45.0206
117 55.0931 45.3551
842 54.6927 45.7058
188 54.2055 46.1326
844 53.7245 46.554
906 53.2614 46.9598
716 52.8014 47.3627
101 52.3401 47.7668
472 51.918 48.1367
262 51.4985 48.5042
342 51.0933 48.8592
35 50.6759 49.2249
875 50.3139 49.5421
793 49.9493 49.8615
85 49.5872 50.1788
843 49.226 50.4952
597 48.8643 50.8121
396 48.4955 51.1353
621 48.1018 51.4802
558 47.7111 51.8225
461 47.6115 51.6451
370 47.5085 51.4617
492 47.4017 51.2714
512 47.2994 51.0892
870 47.1944 50.9022
945 47.0941 50.7235
498 46.9933 50.544
186 46.8945 50.3679
155 46.7992 50.1983
197 46.701 50.0234
519 46.6128 49.8663
533 46.5278 49.7148
69 46.0718 48.9033
452 45.6299 48.1171
63 45.1897 47.3337
194 44.7658 46.5794
19 44.3507 45.8407
862 43.0087 45.8612
989 41.6079 45.8826
848 40.1187 45.9054
276 38.6938 45.9271
7 37.3782 45.9471
679 36.0016 45.968
403 34.6005 45.9894
566 34.3846 45.9928
11 34.1815 45.9961
790 33.9652 45.9995
876 33.7481 46.0029
917 33.5288 46.0064
356 33.3105 46.0098
525 33.0961 46.0132
783 32.8702 46.0168
603 32.6459 46.0203
619 32.4244 46.0238
37 32.206 46.0273
269 31.9783 46.0309
438 31.7547 46.0344
480 31.518 46.0382
706 31.2875 46.0418
692 31.0559 46.0455
38 30.8209 46.0492
475 30.5854 46.0529
543 30.3412 46.0568
388 30.0967 46.0606
655 29.856 46.0644
612 29.6075 46.0684
778 29.6075 46.0684
522 29.6075 46.0684
151 29.6075 46.0684
302 29.6075 46.0684
748 29.6075 46.0684
508 29.6075 46.0684
664 29.6075 46.0684
148 29.6075 46.0684
414 30.278 46.6511
210 30.9143 47.2041
127 30.643 47.1673
922 30.1633 47.1025
687 29.592 47.0252
180 29.0179 46.9476
32 28.4368 46.8691
913 28.4205 46.8668
929 28.4042 46.8646
147 27.7206 46.7722
705 27.066 46.6837
535 26.4064 46.5945
413 25.7494 46.5057
545 25.125 46.4213
771 24.4907 46.3355
65 23.8133 46.2439
49 23.8133 46.2439
397 21.4182 47.7248
723 18.5627 49.4904
114 14.5943 51.9444
142 14.5943 51.9444
174 14.5943 51.9444
691 14.5943 51.9444
534 14.5943 51.9444
196 14.5943 51.9444
760 14.5943 51.9444
981 14.5943 51.9444
897 14.5943 51.9444
747 13.5833 51.2984
703 12.3812 50.5303
122 10.7232 49.4711
805 10.7253 49.4107
352 10.7273 49.3515
214 10.7292 49.2942
505 10.7312 49.234
100 10.7332 49.1751
279 10.7352 49.1157
936 10.7372 49.0562
218 10.7391 48.9972
463 10.7412 48.9349
303 10.7433 48.8748
909 10.7453 48.8125
858 10.7474 48.7515
708 10.7494 48.6915
849 10.7516 48.6272
663 10.7541 48.5515
212 10.7565 48.4798
46 10.7588 48.4113
616 10.761 48.3468
373 10.7631 48.2848
222 10.7652 48.2217
972 10.7673 48.1591
154 10.7695 48.0921
542 10.7717 48.0265
731 10.774 47.9593
489 10.7761 47.8954
758 10.7783 47.8301
57 10.7805 47.7645
990 10.7828 47.6963
496 10.7849 47.6331
677 10.787 47.5712
116 10.7893 47.5029
958 10.7917 47.4298
312 10.794 47.3636
341 10.7961 47.2989
749 10.7983 47.233
330 10.8006 47.1655
499 10.8027 47.1022
770 10.8845 47.0438
527 10.9637 46.9871
128 11.05 46.9254
698 11.1415 46.8599
182 11.2291 46.7973
47 11.3154 46.7356
949 11.407 46.6701
157 11.4932 46.6084
166 11.5896 46.5395
633 13.4152 45.2328
384 13.4344 45.095
228 13.453 44.9617
652 13.4714 44.8299
700 13.49 44.6964
423 13.508 44.5678
476 13.5257 44.4407
123 13.5434 44.3139
863 13.561 44.1877
841 13.5784 44.0632
391 13.5961 43.9365
908 13.6146 43.8039
797 13.6339 43.6658
938 13.6534 43.5261
336 13.683 43.3135
486 14.5112 37.3551
829 13.763 36.8792
205 12.9433 36.3578
78 12.0069 35.762
328 11.1308 35.2046
87 11.2975 34.3709
331 11.4597 33.5596
710 11.5645 33.0362
455 11.6669 32.5241
258 11.758 32.0693
898 11.842 31.6495
4 11.9235 31.2423
572 12.0042 30.8388
514 12.0855 30.4326
86 12.1671 30.0252
402 12.2555 29.5833
673 12.344 29.1416
125 12.4364 28.6797
794 12.5274 28.2253
283 12.6264 27.7305
10 12.7436 27.1449
354 12.9029 26.3481
915 12.8665 25.8484
254 12.8215 25.2297
268 12.7857 24.7378
412 12.7514 24.2664
985 12.7153 23.7715
836 12.6774 23.2508
943 12.6386 22.7176
133 12.5979 22.1576
902 12.5573 21.5997
474 12.5129 20.9899
74 12.4642 20.3195
299 12.4138 19.6263
963 12.363 18.9289
362 12.3124 18.2327
187 12.2597 17.5075
61 12.2089 16.8081
646 12.1587 16.1186
812 12.1093 15.439
682 12.2475 15.5213
348 12.387 15.6042
366 12.5267 15.6874
722 12.6674 15.7711
488 13.1282 16.0451
881 13.6139 16.3339
741 14.175 16.6676
588 14.7444 17.0062
674 15.3355 17.3577
629 15.9679 17.7337
211 17.8874 18.8744
8 20.1546 20.2217
379 25.2411 23.2432
643 25.5975 23.4552
64 25.9613 23.6716
899 26.34 23.8968
121 26.7238 24.1251
641 27.1144 24.3574
602 27.5296 24.6043
337 27.9581 24.8592
702 28.1787 24.9904
307 28.4035 25.1241
661 28.6341 25.2613
824 29.2832 25.6473
439 29.9677 26.0543
811 30.7408 26.514
278 31.0958 26.3653
549 31.4597 26.2129
787 31.9029 26.0272
221 32.3606 25.8354
834 32.853 25.6291
586 33.337 25.4263
709 33.7815 25.24
529 34.2393 25.0482
869 34.8639 24.7865
250 37.7623 23.5714
934 37.7711 23.4395
363 37.7801 23.3048
26 37.787 23.2009
653 37.794 23.0967
246 37.8008 22.9948
284 37.8073 22.8975
669 38.2325 17.3708
518 38.816 17.2398
351 39.0994 17.5423
111 39.4491 17.9157
626 39.8095 18.3004
467 40.1965 18.7135
407 40.531 19.0706
287 40.926 19.4922
261 41.3817 19.9786
573 41.8511 20.4797
704 42.3668 21.0302
883 42.974 21.6783
419 43.6435 22.3928
310 44.3101 23.1043
160 45.1072 23.955
257 45.9442 24.8483
853 46.454 25.3925
555 46.5119 25.4203
191 46.5673 25.4468
822 46.6471 25.4852
209 49.6193 26.9143
66 52.6698 28.381
930 52.7924 28.353
681 52.9064 28.3269
935 53.018 28.3013
355 53.1739 28.2657
458 53.3242 28.2313
785 53.4738 28.197
751 53.6257 28.1623
421 53.7755 28.128
865 54.065 28.0618
164 54.3699 27.992
27 54.687 27.9194
6 55.0027 27.8472
289 55.3055 27.7779
873 55.6684 27.6949
828 56.0521 27.6071
377 56.4315 27.5202
24 56.8221 27.4308
295 57.025 27.3844
581 57.2023 27.3438
45 57.3531 27.3093
831 58.8389 25.4283
55 60.3189 23.5546
821 62.088 21.315
103 66.6684 15.5183
504 67.4488 15.7807
819 68.2392 16.0466
959 69.1215 16.3433
777 70.1592 16.6923
598 71.5591 17.163
721 73.1002 17.6812
176 74.7657 18.2412
