0,835,520,33,98,590,274,670,745,136,232,497,684,387,850,107,170,838,951,242,425,884,920,932,967,198,506,609,553,195,592,102,644,842,117,926,70,466,323,29,977,907,656,942,334,238,143,941,964,767,440,478,762,668,647,583,190,332,744,340,68,201,987,420,18,383,852,650,962,173,385,975,152,290,579,393,900,837,71,727,904,595,110,654,67,867,818,775,51,685,473,25,372,322,740,648,889,660,311,450,204,528,813,417,544,666,928,620,725,983,52,251,42,318,845,149,135,820,893,494,353,580,285,992,177,622,273,158,464,159,937,83,481,145,864,823,742,854,112,671,9,509,465,315,847,297,754,378,460,12,395,406,921,632,782,832,814,335,259,817,931,801,477,575,229,567,911,245,984,105,343,851,511,62,434,185,952,202,737,980,344,856,563,294,755,802,561,763,129,536,861,642,415,280,369,940,659,408,367,961,317,375,179,305,896,618,516,713,193,887,140,118,947,313,636,880,746,816,23,882,532,624,584,690,156,40,974,265,448,559,774,230,470,530,449,146,241,309,738,569,53,389,895,215,320,248,5,239,614,562,416,256,82,437,292,539,181,840,206,766,866,541,795,752,139,874,165,167,306,36,806,231,773,960,392,20,613,611,73,919,150,672,918,443,253,409,44,120,610,92,697,249,833,17,288,333,491,608,578,933,168,712,96,469,428,786,696,368,808,631,768,28,72,88,885,441,227,430,699,753,593,750,442,435,15,93,714,456,521,761,916,973,115,871,988,711,95,982,183,213,447,568,444,39,628,827,462,905,321,31,247,236,58,436,401,203,1,736,301,718,153,678,178,300,108,199,304,405,719,106,585,868,615,759,693,446,637,263,90,546,547,792,969,169,815,953,914,803,364,50,13,495,138,244,776,200,316,380,490,386,557,424,651,360,859,76,888,946,537,487,454,658,326,955,399,560,695,325,860,657,892,944,75,570,48,503,950,726,479,339,886,825,551,694,99,81,680,346,426,298,830,665,717,433,500,429,991,113,162,219,970,948,224,517,277,966,728,796,890,240,686,374,457,780,255,14,207,667,381,556,639,607,799,371,445,272,97,361,431,554,965,184,327,359,720,789,587,600,640,635,41,550,757,730,689,954,526,296,574,223,16,411,733,903,507,418,599,872,878,2,60,252,271,548,172,394,707,141,638,807,124,649,662,976,22,877,319,350,564,189,144,571,604,126,270,724,208,968,857,513,826,769,109,94,800,986,432,582,84,779,765,804,365,216,894,404,591,226,540,91,855,484,264,235,523,558,676,56,778,281,134,901,891,237,171,21,839,645,461,370,621,137,715,163,30,147,596,910,267,788,127,493,501,80,89,175,683,291,410,308,533,929,266,390,927,174,701,956,114,3,502,275,545,34,451,196,924,981,846,772,552,349,130,233,398,630,400,220,427,739,338,132,131,482,329,971,382,729,784,760,925,909,677,565,938,879,192,708,601,119,142,279,352,336,589,182,698,542,77,116,376,47,747,218,939,734,531,347,157,770,234,122,749,703,849,128,499,958,228,328,123,330,863,154,534,652,303,57,616,166,505,46,100,373,214,312,222,341,489,463,805,527,496,764,949,212,148,771,841,391,78,758,475,324,663,797,913,735,897,936,524,79,633,858,59,908,403,756,691,972,957,476,508,688,422,510,705,10,283,990,388,787,829,268,731,985,423,700,32,384,943,514,898,87,794,4,710,572,86,899,915,331,74,402,673,133,348,412,299,646,682,674,187,588,455,258,8,362,722,881,812,61,741,366,963,211,629,488,407,254,363,643,669,351,702,64,246,641,824,354,661,439,284,307,111,626,902,709,602,65,121,836,151,474,397,612,664,723,125,655,486,205,822,257,692,529,221,278,261,853,379,834,586,869,917,480,302,687,543,413,180,783,706,438,935,452,11,535,38,811,566,356,191,790,37,862,549,525,679,619,809,7,748,603,104,922,155,49,269,414,876,912,498,522,743,459,512,282,188,798,225,605,515,471,54,617,576,293,453,186,286,468,843,35,906,848,492,732,396,519,793,538,945,194,210,472,342,791,161,577,810,63,875,69,101,625,623,923,262,597,43,870,989,314,355,197,458,716,844,66,19,276,85,978,485,45,295,357,606,675,634,358,377,594,781,959,930,819,6,209,419,27,821,831,217,934,751,289,828,873,250,55,555,164,467,785,681,421,865,160,653,704,26,287,573,337,310,883,518,598,103,504,24,721,777,581,176,627,345,260,483,979,243,
value : 502.927 running time : 91.890919
0 80 20
835 81.6928 28.8596
520 81.8915 29.8975
33 82.0615 30.7856
98 82.2232 31.6299
590 82.1819 34.3507
274 82.1401 37.1028
670 82.1017 39.6334
745 82.0909 40.33
136 82.0806 40.9913
232 82.0745 41.3804
497 85.6962 51.1718
684 84.7668 51.236
387 83.8499 51.2994
850 83.0077 51.3576
107 82.7502 51.3753
170 82.4594 51.3953
838 82.131 51.418
951 81.8024 51.4406
242 81.4602 51.4642
425 81.1089 51.4884
884 80.775 51.5115
920 80.4016 51.5372
932 80.0348 51.5625
967 79.6723 51.5875
198 79.3158 51.6121
506 78.9416 51.6379
609 77.9193 51.7085
553 77.0564 51.7681
195 76.2593 51.8232
592 75.4473 51.8793
102 74.6112 51.9371
644 73.8796 51.9876
842 73.8796 51.9876
117 73.8796 51.9876
926 73.8796 51.9876
70 73.8796 51.9876
466 73.8796 51.9876
323 73.8796 51.9876
29 73.3568 53.1199
977 72.7289 54.4799
907 71.6936 56.5818
656 71.4652 57.0455
942 71.2406 57.5015
334 71.0188 57.9519
238 70.7939 58.4085
143 70.6874 58.6246
941 69.6524 60.7259
964 68.1882 63.6983
767 68.2681 63.9123
440 68.356 64.1478
478 68.4437 64.3826
762 68.5334 64.6228
668 68.6309 64.884
647 68.7254 65.1372
583 68.825 65.404
190 69.0384 65.9757
332 69.8235 68.0784
744 69.8235 68.0784
340 69.8235 68.0784
68 69.8235 68.0784
201 69.8235 68.0784
987 69.8235 68.0784
420 70.7371 69.1424
18 72.2197 70.869
383 72.2979 70.938
852 72.3723 71.0035
650 72.4462 71.0687
962 72.5278 71.1406
173 72.6075 71.2109
385 72.6975 71.2902
975 72.7795 71.3626
152 72.8605 71.4339
290 72.9434 71.5071
579 73.028 71.5816
393 73.1069 71.6512
900 73.2044 71.7372
837 73.3004 71.8218
71 73.3946 71.9049
727 73.4823 71.9822
904 73.5731 72.0623
595 73.6663 72.1444
110 73.914 72.3628
654 74.1752 72.5931
67 74.4508 72.8361
867 75.1608 73.462
818 76.1512 74.335
775 77.062 75.138
51 77.9473 75.9184
685 84.2755 81.4955
473 85.0311 82.1615
25 85.6045 82.667
372 85.9917 83.0084
322 85.9675 83.0308
740 85.9463 83.0506
648 85.9254 83.07
889 85.9058 83.0882
660 85.8874 83.1053
311 85.8665 83.1248
450 85.8446 83.1451
204 85.2143 83.7312
528 84.4694 84.4237
813 81.8179 86.8903
417 80.2193 88.3771
544 78.5348 89.9437
666 78.5348 89.9437
928 78.5348 89.9437
620 75.5887 89.2006
725 75.5887 89.2006
983 75.5887 89.2006
52 75.3577 89.1223
251 75.1588 89.055
42 74.9646 88.9892
318 74.8063 88.9356
845 74.6503 88.8828
149 74.4977 88.8311
135 74.3487 88.7807
820 74.0933 88.6942
893 73.8094 88.598
494 73.5034 88.4943
353 73.1888 88.3877
580 72.8696 88.2795
285 72.144 88.0335
992 71.4241 87.7894
177 70.9136 87.6163
622 70.4615 87.4631
273 70.0188 87.313
158 69.591 87.1681
464 69.1632 87.0231
159 68.7331 86.8774
937 68.2863 86.7259
83 67.8364 86.5734
481 67.3832 86.4198
145 66.9233 86.264
864 66.4597 86.1068
823 65.9526 85.9349
742 65.4281 85.7571
854 64.5657 85.4646
112 58.8195 83.512
671 58.8195 83.512
9 58.8195 83.512
509 58.8195 83.512
465 58.8195 83.512
315 58.8195 83.512
847 58.8195 83.512
297 58.8195 83.512
754 58.8195 83.512
378 58.8195 83.512
460 58.8195 83.512
12 58.8195 83.512
395 58.8195 83.512
406 58.8195 83.512
921 58.8195 83.512
632 58.8195 83.512
782 58.4965 84.2801
832 58.1264 85.1605
814 57.681 86.2201
335 57.6062 86.3978
259 57.5301 86.5785
817 57.4538 86.7598
931 57.1408 86.8382
801 56.8078 86.9215
477 56.4543 87.01
575 56.0584 87.1091
229 55.6532 87.2106
567 55.2259 87.3176
911 54.7316 87.4413
245 54.23 87.5669
984 53.7554 87.6857
105 53.1601 87.8347
343 53.0641 87.8587
851 52.9764 87.8807
511 52.885 87.9036
62 52.7992 87.925
434 52.714 87.9464
185 52.6368 87.9657
952 52.546 87.9885
202 52.457 88.0107
737 52.3645 88.0339
980 52.2687 88.0579
344 52.1722 88.0821
856 51.9565 88.1062
563 51.7083 88.134
294 51.4875 88.1587
755 51.4479 88.1631
802 51.4097 88.1674
561 51.3704 88.1718
763 51.343 88.1748
129 51.3148 88.178
536 51.2896 88.1808
861 51.2632 88.1838
642 51.2361 88.1868
415 51.2102 88.1897
280 51.1834 88.1927
369 51.1565 88.1957
940 51.1274 88.199
659 51.0992 88.2021
408 51.0734 88.205
367 51.048 88.2078
961 51.0209 88.2109
317 50.9948 88.2138
375 50.9617 88.2175
179 50.9311 88.2209
305 50.9011 88.2243
896 50.8728 88.2274
618 50.8423 88.2309
516 50.8107 88.2344
713 50.779 88.2379
193 50.7482 88.2414
887 50.7202 88.2445
140 50.6905 88.2478
118 50.6618 88.251
947 50.631 88.2545
313 50.6011 88.2578
636 50.5694 88.2614
880 50.54 88.2647
746 50.5113 88.2679
816 50.4831 88.271
23 50.4538 88.2743
882 50.3587 88.285
532 50.2609 88.2959
624 50.1696 88.3061
584 50.0775 88.3164
690 48.9688 88.4405
156 47.4098 88.6149
40 45.9158 88.7821
974 43.1826 89.088
265 43.1715 89.0646
448 43.1583 89.0369
559 43.1453 89.0095
774 43.1312 88.9799
230 43.1175 88.951
470 43.1041 88.923
530 43.0903 88.894
449 43.0782 88.8687
146 43.0652 88.8411
241 43.0518 88.813
309 43.0399 88.7882
738 43.0278 88.7627
569 43.0149 88.7355
53 43.0014 88.7071
389 42.9871 88.6772
895 42.9714 88.6441
215 42.9447 88.6428
320 42.9197 88.6416
248 42.8935 88.6403
5 42.8675 88.639
239 42.8406 88.6377
614 42.8131 88.6364
562 42.7875 88.6351
416 42.7614 88.6338
256 42.7349 88.6325
82 42.7104 88.6314
437 42.685 88.6301
292 42.6597 88.6289
539 42.6356 88.6277
181 42.6109 88.6265
840 42.5855 88.6253
206 42.5618 88.6241
766 42.5377 88.6229
866 42.5132 88.6217
541 42.4883 88.6205
795 41.381 88.5654
752 40.4292 88.5181
139 39.8212 88.4879
874 39.5602 88.475
165 37.0543 88.3496
167 34.665 88.2292
306 31.7055 88.0807
36 31.4222 88.0667
806 31.1402 88.0528
231 30.8543 88.0386
773 30.5709 88.0246
960 30.2749 88.01
392 29.9426 87.9936
20 29.6031 87.9768
613 29.2587 87.9598
611 28.7765 87.9359
73 28.3192 87.9132
919 27.8482 87.8899
150 27.3742 87.8664
672 26.898 87.8428
918 26.4218 87.8192
443 25.9562 87.7961
253 25.9562 87.7961
409 25.9562 87.7961
44 25.9562 87.7961
120 25.9562 87.7961
610 25.9562 87.7961
92 25.9562 87.7961
697 25.9562 87.7961
249 25.9562 87.7961
833 25.9562 87.7961
17 25.9562 87.7961
288 25.9562 87.7961
333 25.9561 87.7961
491 25.9561 87.7961
608 25.7803 87.6344
578 25.6101 87.4779
933 25.4426 87.3239
168 25.2781 87.1726
712 25.3257 87.292
96 25.3727 87.4097
469 25.4158 87.5175
428 25.4627 87.635
786 25.5091 87.7512
696 25.5522 87.8591
368 25.5952 87.9667
808 25.6403 88.0798
631 25.6812 88.1821
768 25.717 88.2719
28 25.748 88.3494
72 25.7771 88.4223
88 24.1019 88.7512
885 23.0595 88.9558
441 21.994 89.165
227 21.0101 89.3581
430 20.2601 89.5053
699 19.103 89.7324
753 18.2008 89.9095
593 17.2896 90.0883
750 16.2565 90.2911
442 15.6991 90.4005
435 15.1517 90.5079
15 15.1517 90.5079
93 15.1517 90.5079
714 15.1517 90.5079
456 15.1517 90.5079
521 15.1517 90.5079
761 14.8066 90.4737
916 14.1727 90.411
973 13.5466 90.349
115 12.9231 90.2874
871 12.2299 90.2188
988 10.45 90.0425
711 10.4497 90.03
95 10.4493 90.0165
982 10.449 90.0043
183 10.4487 89.9927
213 10.4485 89.9826
447 10.4469 89.9243
568 10.4454 89.8673
444 10.4439 89.8084
39 10.4425 89.7558
628 10.441 89.6979
827 10.4396 89.6461
462 10.4381 89.5866
905 10.4364 89.5204
321 10.4347 89.459
31 10.4335 89.4118
247 10.4324 89.368
236 10.4312 89.3226
58 10.4298 89.2701
436 10.4285 89.2205
401 10.4273 89.1745
203 10.4261 89.1267
1 10.4249 89.083
736 10.4237 89.0368
301 10.4225 88.9912
718 10.4213 88.9443
153 10.4201 88.8983
678 10.4189 88.8527
178 10.4176 88.8021
300 10.4164 88.7578
108 10.4153 88.7155
199 10.4142 88.674
304 10.4131 88.6309
405 10.4119 88.5871
719 10.4107 88.5395
106 10.4096 88.4968
585 10.4084 88.4509
868 10.4071 88.4026
615 10.4057 88.3483
759 10.4045 88.3015
693 10.4034 88.2588
446 10.4022 88.2138
637 10.401 88.1675
263 10.3997 88.1201
90 10.3984 88.0708
546 10.4661 88.0541
547 10.5324 88.0377
792 10.6008 88.0208
969 10.6704 88.0036
169 10.7423 87.9858
815 10.8154 87.9677
953 10.8854 87.9503
914 10.9592 87.9321
803 11.0349 87.9134
364 11.1128 87.894
50 11.1955 87.8736
13 11.2685 87.8555
495 11.3392 87.838
138 11.4085 87.8209
244 11.4814 87.8028
776 11.5496 87.7859
200 11.5497 87.7859
316 11.5497 87.7859
380 11.5497 87.7859
490 13.154 86.4829
386 13.2663 86.3918
557 13.3802 86.2994
424 13.4964 86.2051
651 13.6078 86.1148
360 14.3468 84.9192
859 15.0757 83.7399
76 15.7901 82.5842
888 16.3686 81.6481
946 16.8166 80.923
537 17.2431 80.2326
487 17.6393 79.5914
454 18.0172 78.9796
658 17.4733 78.5674
326 16.9269 78.1534
955 16.3646 77.7274
399 15.7794 77.284
560 15.1922 76.8391
695 14.593 76.385
325 13.9316 75.8841
860 13.2624 75.3773
657 12.5637 74.848
892 11.8199 74.2846
944 11.104 73.7423
75 11.104 73.7423
570 11.104 73.7423
48 11.1039 73.7423
503 11.1039 73.7423
950 11.1039 73.7423
726 11.1039 73.7423
479 11.1039 73.7423
339 11.1039 73.7422
886 11.1039 73.7422
825 11.1039 73.7422
551 11.1039 73.7422
694 11.1039 73.7422
99 11.1039 73.7422
81 11.1039 73.7422
680 11.1039 73.7422
346 11.1039 73.7422
426 11.1039 73.7422
298 11.1039 73.7422
830 11.1039 73.7422
665 11.1039 73.7422
717 11.1039 73.7422
433 11.1039 73.7422
500 11.1039 73.7422
429 11.1039 73.7422
991 11.1039 73.7421
113 11.1039 73.7421
162 11.1039 73.7421
219 11.1039 73.7421
970 11.1039 73.7421
948 11.1039 73.7421
224 11.1039 73.7421
517 11.1039 73.7421
277 11.1039 73.7421
966 11.1039 73.7421
728 11.1045 73.742
796 11.1052 73.7418
890 11.1057 73.7417
240 11.1064 73.7416
686 11.107 73.7415
374 11.1077 73.7413
457 11.1083 73.7412
780 11.1089 73.7411
255 11.1095 73.7409
14 11.1101 73.7408
207 11.1107 73.7407
667 11.1113 73.7406
381 11.1119 73.7405
556 11.1126 73.7403
639 11.1132 73.7402
607 11.1139 73.7401
799 11.1145 73.7399
371 11.1152 73.7398
445 11.1159 73.7396
272 11.1167 73.7395
97 11.1174 73.7393
361 11.1181 73.7392
431 11.1188 73.7391
554 11.1194 73.7389
965 17.2717 72.4904
184 18.9195 72.1564
327 20.5964 71.8164
359 22.1187 71.5078
720 22.6192 71.4064
789 23.0874 71.3116
587 23.5444 71.219
600 23.9901 71.1287
640 24.443 71.037
635 24.4962 71.1001
41 24.5499 71.1637
550 24.5969 71.2195
757 24.6431 71.2743
730 24.6863 71.3255
689 24.7304 71.3779
954 24.7735 71.4289
526 24.8142 71.4772
296 24.8583 71.5295
574 24.8952 71.5733
223 24.934 71.6193
16 24.9691 71.661
411 25.0018 71.6998
733 25.0369 71.7414
903 25.0748 71.7864
507 25.1135 71.8323
418 27.0656 74.1445
599 27.1964 74.2996
872 28.4246 75.7546
878 29.556 77.095
2 30.7936 78.5611
60 31.8807 79.8491
252 32.9876 81.1605
271 34.1454 82.532
548 34.2336 82.4373
172 34.3242 82.3401
394 34.4151 82.2425
707 34.5065 82.1444
141 34.6083 82.0352
638 34.7101 81.926
807 34.8122 81.8164
124 34.9149 81.7062
649 35.0154 81.5983
662 35.1159 81.4905
976 35.2144 81.3848
22 35.3111 81.2809
877 35.7944 80.7629
319 36.4929 80.0142
350 37.1022 79.3611
564 37.671 78.7514
189 38.2214 78.1613
144 38.7573 77.5868
571 39.2896 77.0161
604 39.9016 76.3602
126 41.2019 74.967
270 42.3472 73.7397
724 43.6155 72.3808
208 44.965 70.9352
968 44.965 70.9352
857 44.965 70.9352
513 44.965 70.9352
826 44.965 70.9352
769 44.965 70.9352
109 44.965 70.9352
94 44.965 70.9352
800 44.965 70.9352
986 44.8413 70.8332
432 44.7147 70.7289
582 44.529 70.5758
84 44.3289 70.4107
779 43.9948 70.1351
765 43.6639 69.8621
804 43.3513 69.6043
365 43.046 69.3525
216 42.7449 69.1041
894 42.4427 68.8548
404 42.1474 68.6113
591 41.8539 68.3692
226 41.5765 68.1404
540 41.2957 67.9088
91 41.0068 67.6706
855 40.4983 67.251
484 39.9453 66.7947
264 39.3657 66.3163
235 38.7547 65.8121
523 38.0808 65.2559
558 37.3717 64.6706
676 36.5998 64.0335
56 35.755 63.3361
778 34.8829 62.6161
281 34.8829 62.6161
134 34.8596 62.6141
901 34.8192 62.6105
891 34.7861 62.6075
237 34.7536 62.6047
171 34.7201 62.6017
21 34.6843 62.5985
839 34.6502 62.5955
645 34.6169 62.5925
461 34.5863 62.5898
370 34.5479 62.5864
621 34.5089 62.5829
137 34.3824 62.5717
715 34.2654 62.5613
163 34.143 62.5505
30 34.0142 62.5391
147 33.8848 62.5276
596 33.763 62.5168
910 33.6381 62.5057
267 33.5037 62.4938
788 33.3767 62.4825
127 33.2572 62.4719
493 33.1094 62.4588
501 32.9647 62.446
80 32.8279 62.4338
89 32.6375 62.4169
175 32.4523 62.4005
683 32.2592 62.3834
291 32.0309 62.3631
410 31.7953 62.3422
308 30.9198 62.2643
533 29.9562 62.1786
929 28.2871 62.03
266 25.9952 61.8258
390 24.1569 61.6621
927 21.8124 61.4533
174 18.9146 61.195
701 18.8595 61.225
956 18.8135 61.2501
114 18.7628 61.2778
3 18.7132 61.3049
502 18.6655 61.3309
275 18.6213 61.355
545 18.5788 61.3782
34 18.5306 61.4045
451 18.4817 61.4312
196 18.4316 61.4586
924 18.382 61.4856
981 18.3352 61.5112
846 18.286 61.538
772 18.2368 61.5649
552 18.1871 61.592
349 18.1393 61.618
130 18.0901 61.6449
233 18.0422 61.671
398 17.9891 61.7
630 17.9385 61.7276
400 17.8877 61.7553
220 17.8454 61.7784
427 14.3867 61.3938
739 14.3867 61.3938
338 14.3867 61.3938
132 14.3867 61.3938
131 14.3867 61.3938
482 14.3867 61.3938
329 14.3867 61.3938
971 14.3867 61.3938
382 14.2202 61.1858
729 14.0007 60.9117
784 13.7606 60.6121
760 13.5177 60.3089
925 13.2723 60.0026
909 13.0202 59.6878
677 12.9595 59.6118
565 12.8992 59.5364
938 12.8392 59.4614
879 12.7798 59.387
192 12.7213 59.3138
708 12.6633 59.2413
601 12.602 59.1646
119 12.542 59.0896
142 12.4794 59.0112
279 12.1908 58.8058
352 11.9019 58.6001
336 11.6038 58.388
589 11.3102 58.1789
182 11.0207 57.9728
698 10.7291 57.7653
542 10.4367 57.5571
77 10.1318 57.34
116 9.86038 57.1468
376 9.86038 57.1468
47 9.86038 57.1468
747 9.86038 57.1468
218 9.86037 57.1468
939 9.86037 57.1468
734 9.76499 56.7319
531 9.6078 56.0476
347 9.44665 55.3459
157 9.2628 54.545
770 9.09108 53.7973
234 8.96854 53.2642
122 8.84368 52.7208
749 8.71878 52.1773
703 8.58762 51.6066
849 8.44645 50.992
128 8.30892 50.3932
499 8.17507 49.8106
958 8.10269 49.4958
228 8.04037 49.2249
328 7.97968 48.961
123 8.14733 49.0245
330 8.30568 49.0845
863 8.49075 49.1546
154 8.68347 49.2276
534 8.86961 49.2981
652 9.04366 49.364
303 9.22115 49.4312
57 9.39535 49.4972
616 9.57179 49.564
166 9.74599 49.63
505 9.93128 49.7002
46 10.1053 49.7661
100 10.3158 49.8458
373 10.5219 49.9238
214 10.7263 50.0012
312 10.941 50.0826
222 11.1873 50.1759
341 11.4299 50.2678
489 11.6751 50.3606
463 11.9343 50.4588
805 12.2046 50.5612
527 12.4733 50.6629
496 12.794 50.7844
764 13.0943 50.8981
949 13.3391 50.9909
212 13.5728 51.0793
148 14.009 51.2446
771 14.4267 51.4027
841 14.8233 51.553
391 15.2874 51.7287
78 15.6809 51.8778
758 16.0867 52.0315
475 16.4941 52.1858
324 16.841 52.3172
663 17.1316 52.4272
797 17.4569 52.5504
913 17.7973 52.6793
735 17.9591 52.7406
897 18.1074 52.7968
936 18.2427 52.848
524 18.407 52.9103
79 18.5846 52.8985
633 18.7548 52.8872
858 18.9214 52.8761
59 19.0882 52.8651
908 19.2499 52.8543
403 19.4093 52.8438
756 19.5668 52.8333
691 19.7154 52.8234
972 19.8651 52.8135
957 20.0212 52.8031
476 20.0577 51.5461
508 20.0916 50.3809
688 20.1159 49.55
422 20.141 48.6863
510 20.1679 47.7644
705 20.205 46.4858
10 20.2878 43.5999
283 20.3587 41.1438
990 20.4154 39.1827
388 20.4775 37.0387
787 20.5457 34.672
829 19.1471 34.2221
268 17.735 33.7679
731 16.2636 33.2946
985 16.0464 32.9675
423 15.8435 32.6618
700 15.6023 32.2986
32 15.3448 31.9106
384 15.0257 31.43
943 13.9975 29.8813
514 12.8177 28.1044
898 12.235 27.2266
87 12.2523 27.1485
794 12.2696 27.0703
4 12.2874 26.9902
710 12.3055 26.9083
572 12.3233 26.828
86 12.3409 26.7486
899 12.5723 25.7036
915 12.7832 24.7507
331 12.79 24.2169
74 12.7968 23.6847
402 12.8037 23.1404
673 12.8107 22.5881
133 12.8177 22.0312
348 12.8248 21.4708
412 12.8321 20.8913
299 12.8394 20.3118
646 12.8466 19.7449
682 12.853 19.2367
674 12.8594 18.7326
187 12.8659 18.2278
588 12.8708 17.9298
455 12.8756 17.6372
258 12.8812 17.2998
8 12.8967 16.3729
362 12.9054 15.8497
722 12.9144 15.3102
881 12.918 15.0936
812 12.9213 14.8902
61 12.9329 14.8936
741 12.9458 14.8974
366 12.958 14.9009
963 12.9693 14.9042
211 14.7655 15.4273
629 16.6457 15.9749
488 20.7691 17.1749
407 26.8741 18.9503
254 26.9261 19.1826
363 26.9788 19.418
643 27.0343 19.6662
669 27.0908 19.9186
351 27.1599 20.2276
702 27.2484 20.6234
64 27.3389 21.0277
246 27.4305 21.4373
641 27.523 21.851
824 27.614 22.258
354 27.7039 22.6601
661 27.7932 23.0592
439 27.887 23.4785
284 27.982 23.9033
307 28.0783 24.3338
111 28.1759 24.7702
626 28.2758 25.2167
902 28.3786 25.6766
709 28.4854 26.1543
602 28.5941 26.6401
65 28.7021 27.1233
121 28.7021 27.1233
836 28.7021 27.1233
151 28.9183 27.9594
474 28.9655 28.1423
397 30.2428 33.0715
612 30.3183 33.3639
664 30.393 33.653
723 30.4671 33.9398
125 30.4671 33.9398
655 30.5927 33.9619
486 30.7296 33.986
205 30.8655 34.0099
822 31.0063 34.0347
257 31.1385 34.058
692 31.2663 34.0805
529 31.3949 34.1031
221 31.5242 34.1258
278 31.6509 34.1481
261 31.7782 34.1705
853 31.9731 34.6324
379 32.1656 35.0889
834 32.373 35.5805
586 32.5896 36.0938
869 32.8174 36.6338
917 33.0501 37.1852
480 33.2655 37.6956
302 33.4737 38.1892
687 33.6287 38.5566
543 33.7798 38.9149
413 33.9106 39.225
180 34.0306 39.5095
783 34.0994 39.6729
706 34.1672 39.8336
438 34.2343 39.9928
935 34.3015 40.1523
452 34.3679 40.3097
11 34.4295 40.4559
535 34.4914 40.6027
38 34.5528 40.7485
811 34.614 40.8935
566 34.6768 41.0427
356 34.7379 41.1876
191 34.7972 41.3282
790 34.8595 41.4761
37 34.9218 41.624
862 34.9854 41.7747
549 35.0477 41.9225
525 35.5621 43.141
679 36.093 44.3986
619 36.7587 45.975
809 37.4666 47.6514
7 37.6818 48.1616
748 37.9379 48.7684
603 38.2403 49.4849
104 38.5409 50.197
922 38.5409 50.197
155 38.5409 50.197
49 38.5409 50.197
269 38.5409 50.197
414 38.5409 50.197
876 39.5441 51.288
912 40.7387 52.587
498 41.8524 53.7982
522 42.794 54.8223
743 43.85 55.9706
459 44.4435 56.6162
512 44.9806 57.2005
282 45.6695 57.9498
188 46.2255 58.5547
798 46.7171 59.0895
225 47.1832 59.5965
605 50.546 60.2667
515 50.544 60.0895
471 50.5421 59.9058
54 50.5401 59.7285
617 50.5354 59.2808
576 50.5303 58.8051
293 50.5251 58.3062
453 50.5197 57.8029
186 50.5137 57.2309
286 50.5077 56.6563
468 50.5015 56.0707
843 50.4943 55.3808
35 50.4873 54.7175
906 50.4802 54.0353
848 50.4802 54.0353
492 50.4802 54.0353
732 50.4802 54.0353
396 50.4802 54.0353
519 50.4802 54.0353
793 50.4802 54.0353
538 50.4802 54.0353
945 50.4361 53.8105
194 50.395 53.6009
210 50.3619 53.432
472 50.3294 53.2664
342 50.2993 53.1126
791 50.2719 52.9732
161 50.2384 52.8025
577 50.1995 52.6041
810 50.1586 52.3954
63 50.1023 52.1082
875 50.056 51.8721
69 50.014 51.658
101 49.9764 51.4663
625 49.9372 51.2663
623 49.8538 50.8409
923 49.772 50.4235
262 49.6839 49.9741
597 49.594 49.5159
43 49.4854 48.9621
870 49.4854 48.9621
989 49.4854 48.9621
314 53.5982 47.0322
355 53.6405 47.0123
197 53.6795 46.9939
458 53.7214 46.9743
716 53.7605 46.9559
844 53.801 46.9369
66 53.8422 46.9175
19 53.8832 46.8982
276 54.2156 46.8439
85 54.5556 46.7883
978 54.8732 46.7364
485 55.1899 46.6846
45 58.3486 38.1897
295 60.3874 32.7071
357 60.1998 33.1351
606 60.1411 33.0937
675 59.9859 32.984
634 59.818 32.8653
358 59.6526 32.7484
377 59.4824 32.6281
594 59.3124 32.5079
781 59.1281 32.3777
959 58.9461 32.249
930 58.7718 32.1259
819 58.5879 31.9958
6 58.4106 31.8705
209 58.2327 31.7448
419 58.0775 31.6352
27 57.9959 31.5775
821 57.9123 31.5184
831 57.8218 31.4544
217 57.7344 31.3927
934 53.3249 28.2747
751 52.9862 28.0354
289 52.6244 27.7797
828 52.3036 27.5529
873 51.9017 27.2689
250 51.5082 26.9907
55 51.1293 26.723
555 50.7164 26.4311
164 50.2889 26.1289
467 49.8576 25.8241
785 49.5353 25.5963
681 49.1866 25.3499
421 48.653 24.9727
865 48.0516 24.5476
160 47.3597 24.0586
653 47.289 21.1842
704 47.2283 18.7087
26 47.3029 18.566
287 47.3807 18.4173
573 47.4319 18.3195
337 47.4854 18.2171
310 47.5425 18.108
883 47.6016 17.995
518 48.658 15.9742
598 60.4683 15.7479
103 63.091 15.6974
504 64.599 15.6683
24 65.9169 15.6429
721 67.2297 15.6175
777 68.184 15.5991
581 69.6439 15.5709
176 72.3817 15.5182
627 84.3401 15.2891
345 84.3401 15.2891
260 84.3401 15.2891
483 84.3401 15.2891
979 83.8446 15.8272
243 83.3023 16.4162
