0,260,504,777,721,176,103,24,581,295,831,959,819,598,377,906,870,458,751,555,828,355,6,27,66,358,865,209,55,164,781,681,197,821,634,43,785,644,606,675,314,117,842,69,262,623,609,29,45,323,466,670,926,396,217,232,907,942,875,357,978,594,188,286,420,282,941,656,143,102,190,85,485,238,293,468,791,538,70,67,962,152,110,767,315,83,509,112,68,647,744,847,71,775,937,51,987,727,579,248,563,406,317,378,801,395,9,931,575,335,369,460,880,671,755,826,140,432,280,477,126,690,782,895,408,530,851,769,320,40,415,319,636,179,567,18,350,921,947,940,134,94,109,800,245,540,807,659,416,632,56,404,976,163,216,523,513,252,226,591,80,270,225,127,724,308,732,910,804,210,104,175,30,54,186,370,453,923,161,617,35,440,857,208,91,802,762,964,810,894,986,558,291,779,498,798,676,235,229,582,832,393,605,968,84,515,650,595,478,340,668,484,855,793,743,577,519,625,597,101,533,452,237,706,512,748,989,461,687,421,49,480,692,472,63,848,843,930,945,194,790,862,155,492,716,257,844,250,935,276,853,19,522,356,917,783,379,467,834,822,261,586,221,486,160,310,883,934,653,419,289,873,518,573,26,488,363,111,287,704,351,8,669,407,439,64,626,337,284,915,246,902,474,702,254,643,402,307,354,824,74,682,741,366,673,348,211,881,722,812,61,412,629,362,187,299,646,963,588,674,86,710,455,258,898,4,572,514,794,268,10,331,133,87,78,205,899,709,661,787,869,121,641,943,65,836,151,958,283,985,549,278,700,612,602,679,529,829,664,7,619,38,413,535,388,191,566,11,545,543,302,508,811,342,922,180,471,765,621,390,349,720,34,971,929,957,365,89,729,891,809,571,459,359,137,596,733,645,965,603,878,451,493,267,778,912,422,79,507,382,903,147,264,683,576,21,410,281,144,715,171,839,689,789,574,635,697,526,927,266,220,604,132,411,599,924,398,99,658,360,537,326,954,124,454,846,587,503,524,487,479,950,244,551,431,58,48,400,892,482,301,361,726,946,374,113,560,554,780,759,446,637,570,905,991,792,717,556,346,90,3,939,667,734,639,890,381,736,718,728,347,944,178,433,75,657,680,694,298,966,207,426,546,162,234,325,500,701,630,14,184,219,888,686,607,277,77,703,255,371,445,665,321,97,739,860,427,119,192,376,747,784,130,772,275,552,329,517,352,279,879,59,501,897,272,705,601,429,131,81,114,764,600,327,698,788,956,633,640,142,756,233,324,913,901,908,735,269,688,876,691,938,336,797,981,510,403,771,723,496,534,909,182,174,949,542,438,758,414,655,858,475,476,37,397,148,391,32,384,423,990,770,125,525,760,936,196,100,57,663,505,527,212,228,731,373,749,312,222,341,489,463,805,166,616,303,863,46,652,123,330,116,499,841,565,677,972,708,154,128,328,157,47,531,970,849,214,218,122,799,589,925,457,502,948,240,615,693,203,982,95,830,803,338,224,444,628,31,815,436,435,953,169,300,585,719,108,988,827,39,213,711,153,547,1,106,263,914,401,678,447,568,442,17,399,557,386,236,288,405,199,247,306,933,183,871,753,768,364,138,969,495,304,955,316,699,750,200,380,868,462,695,916,15,593,88,973,443,610,93,409,859,249,631,227,36,521,651,115,368,490,696,712,2,16,253,339,550,60,333,469,796,806,418,76,608,578,886,167,825,168,189,223,394,638,392,707,231,41,773,256,795,761,428,757,833,872,296,96,672,424,885,730,877,120,73,141,752,918,139,611,271,808,28,491,44,776,50,786,430,714,441,960,456,13,129,866,974,53,448,613,559,230,172,961,569,20,265,470,22,105,763,206,449,539,548,82,239,150,662,92,564,919,541,72,814,882,215,5,861,536,165,375,952,181,738,874,614,241,292,840,649,562,294,561,343,193,437,642,259,305,12,887,309,146,389,156,532,896,911,618,774,367,516,62,737,754,584,746,511,766,713,313,856,318,149,177,251,118,624,23,980,344,434,202,813,185,158,816,273,622,984,297,992,845,817,544,285,52,353,983,494,322,725,159,893,42,464,620,666,580,854,889,135,820,928,660,685,372,25,417,742,740,823,473,648,864,145,290,173,385,332,852,975,383,900,837,465,481,818,654,904,867,201,850,242,528,977,506,204,311,450,170,967,195,592,835,920,274,198,497,884,334,745,107,951,136,838,425,932,583,553,387,684,98,520,33,590,483,627,979,243,345,
value : 570.674 running time : 26.735106
0 80 20
260 77.2978 15.9723
504 72.7025 15.2466
777 70.6776 14.9267
721 70.0611 14.8293
176 69.4118 14.7268
103 68.836 14.6358
24 67.7339 16.9441
581 66.6889 19.1328
295 65.6671 21.2729
831 64.6821 23.3359
959 63.7575 25.2727
819 62.84 27.1943
598 61.8955 29.1726
377 60.7561 31.5587
906 59.7353 33.6966
870 59.7353 33.6966
458 59.7353 33.6966
751 59.7353 33.6966
555 59.7353 33.6966
828 59.7353 33.6966
355 59.7353 33.6966
6 59.7353 33.6966
27 59.7353 33.6966
66 59.7353 33.6966
358 59.7353 33.6966
865 59.7353 33.6966
209 59.7353 33.6966
55 59.7353 33.6966
164 59.7353 33.6966
781 59.7241 34.5237
681 59.7128 35.3542
197 59.7014 36.1965
821 59.6945 36.6935
634 59.6882 37.1526
43 59.6818 37.6191
785 59.6749 38.114
644 59.6676 38.6433
606 59.6602 39.1841
675 59.6528 39.7223
314 59.6457 40.2357
117 59.6392 40.7084
842 59.6331 41.1487
69 59.6272 41.5722
262 60.9277 43.0693
623 62.1479 44.474
609 63.4379 45.9588
29 63.4267 46.1708
45 63.4128 46.4349
323 63.3975 46.7273
466 63.3807 47.0471
670 63.3567 47.5044
926 63.3309 47.9972
396 63.3048 48.4946
217 63.2799 48.9687
232 63.2536 49.4704
907 63.2242 50.033
942 63.2078 50.3444
875 63.1918 50.6501
357 63.1728 51.0115
978 63.1527 51.394
594 63.1292 51.8427
188 63.0612 53.1473
286 62.9973 54.3712
420 62.9392 55.4836
282 62.8904 56.4185
941 62.8724 56.7619
656 62.8549 57.0944
143 62.8372 57.4319
102 62.8136 57.8819
190 62.7886 58.3581
85 62.7624 58.8582
485 62.7349 59.3828
238 62.7068 59.9203
293 62.6789 60.4525
468 62.6512 60.982
791 62.6261 61.4603
538 62.6018 61.9239
70 62.577 62.3969
67 62.5254 63.3854
962 62.4752 64.3457
152 62.4368 65.079
110 62.4012 65.7606
767 62.3642 66.4667
315 62.2443 68.7734
83 62.1538 70.5105
509 62.13 70.9648
112 62.1066 71.4109
68 62.083 71.8621
647 62.0559 72.3783
744 62.0195 73.0746
847 61.9836 73.7621
71 61.9474 74.4527
775 61.9159 75.0546
937 61.9159 75.0546
51 61.9159 75.0546
987 61.9159 75.0546
727 61.9159 75.0546
579 61.9159 75.0546
248 57.9686 78.359
563 57.9188 78.4007
406 57.8739 78.4382
317 57.8327 78.4728
378 57.7909 78.5078
801 57.7484 78.5434
395 57.7057 78.5791
9 57.6626 78.6152
931 57.6192 78.6516
575 57.5754 78.6882
335 57.5321 78.7245
369 57.4893 78.7603
460 57.4472 78.7955
880 57.4031 78.8325
671 57.3608 78.8679
755 57.3168 78.9048
826 57.3168 78.9048
140 57.3168 78.9048
432 57.3168 78.9048
280 57.3168 78.9048
477 57.3168 78.9048
126 56.8978 78.9143
690 56.4045 78.9254
782 55.9354 78.9361
895 55.4891 78.9461
408 55.0282 78.9566
530 55.0282 78.9566
851 55.0282 78.9566
769 55.0282 78.9566
320 55.0282 78.9566
40 55.0282 78.9566
415 55.0282 78.9566
319 55.0282 78.9566
636 55.0282 78.9566
179 55.0282 78.9566
567 55.0282 78.9566
18 53.9571 78.8428
350 52.9074 78.7311
921 52.3996 78.6773
947 51.8941 78.6237
940 51.4079 78.5722
134 50.9263 78.5211
94 50.4863 78.4745
109 50.058 78.4291
800 49.6237 78.3831
245 49.2 78.3382
540 48.7988 78.2957
807 48.3898 78.2523
659 47.9869 78.2097
416 47.6039 78.1691
632 46.6335 76.0062
56 45.6901 73.9033
404 45.4179 73.2964
976 45.1939 72.7968
163 44.9742 72.3067
216 44.7776 71.8682
523 44.6181 71.5124
513 44.4645 71.1696
252 44.3033 70.81
226 44.1306 70.4249
591 43.9469 70.015
80 44.0977 69.5651
270 44.2553 69.0947
225 45.0509 66.7183
127 45.8747 64.2575
724 45.8763 64.2526
308 45.9094 64.154
732 45.9735 63.9628
910 46.0414 63.7604
804 46.1116 63.5512
210 46.182 63.3412
104 46.3287 63.4227
175 46.481 63.5074
30 46.6437 63.5979
54 46.8276 63.7001
186 47.0212 63.8078
370 47.2178 63.9171
453 47.4431 64.0425
923 47.6913 64.1806
161 47.9283 64.3124
617 48.1652 64.4442
35 48.4024 64.5762
440 48.6212 64.6979
857 48.822 64.8096
208 49.0077 64.9128
91 49.1881 65.0132
802 49.3609 65.1093
762 49.3609 65.1093
964 49.3609 65.1093
810 49.361 65.1093
894 49.361 65.1093
986 49.361 65.1094
558 49.3611 65.1094
291 49.3611 65.1094
779 50.1535 65.5445
498 51.0076 66.0134
798 51.8645 66.4839
676 52.7624 66.9769
235 53.5566 67.4128
229 54.2458 67.7911
582 54.4329 67.4164
832 54.6247 67.0326
393 54.8308 66.6199
605 55.0461 66.1889
968 55.2615 65.7577
84 55.4722 65.3358
515 55.6833 64.9132
650 55.8911 64.4973
595 55.7477 64.2714
478 55.5882 64.0202
340 55.4022 63.7272
668 55.1623 63.3492
484 54.8872 62.9158
855 54.2251 61.8723
793 53.4806 60.6989
743 52.8037 59.6321
577 52.0676 58.4719
519 51.3261 57.3034
625 50.6505 56.2386
597 49.7228 54.7764
101 48.8184 53.351
533 47.8595 51.8396
452 46.1733 49.1813
237 45.0095 47.3469
706 43.6205 45.1573
512 42.9699 44.132
748 42.2571 43.0087
989 42.344 42.8231
461 42.4349 42.6287
687 42.5294 42.4267
421 42.6276 42.2169
49 42.7358 41.9856
480 42.8467 41.7485
692 42.9632 41.4994
472 43.0879 41.2329
63 43.2078 40.9766
848 43.331 40.7132
843 43.455 40.4482
930 43.5887 40.1622
945 43.526 40.0696
194 43.4616 39.9747
790 43.3971 39.8795
862 43.3287 39.7785
155 43.2581 39.6745
492 43.1865 39.5689
716 43.0591 39.3807
257 42.932 39.1931
844 42.7931 38.9882
250 42.6604 38.7923
935 42.5216 38.5874
276 42.379 38.3769
853 42.2444 38.1782
19 42.0981 37.9624
522 41.9436 37.7343
356 41.4901 37.0642
917 41.0323 36.3878
783 40.5747 35.7116
379 40.1017 35.0126
467 39.6231 34.3054
834 39.1641 33.6271
822 38.7279 32.9827
261 38.3137 32.3708
586 37.9125 31.7781
221 37.5461 31.2369
486 37.3199 30.9028
160 37.7142 29.8484
310 38.0561 28.9338
883 38.3359 28.1863
934 38.6134 27.4448
653 38.8628 26.7784
419 39.0895 26.1729
289 39.0895 26.1729
873 39.0895 26.1729
518 34.8209 15.1194
573 33.4369 14.906
26 31.8478 14.6609
488 27.6595 14.0154
363 27.6648 14.0282
111 27.6702 14.041
287 27.6752 14.053
704 27.6802 14.065
351 27.685 14.0767
8 27.6899 14.0883
669 27.6951 14.1008
407 27.7003 14.1134
439 27.7055 14.1257
64 27.7107 14.1382
626 27.7159 14.1506
337 27.721 14.1629
284 26.9925 14.3294
915 26.2415 14.5012
246 25.7968 14.6029
902 25.3725 14.7
474 24.958 14.7949
702 24.5814 14.8811
254 24.2205 14.9637
643 23.8647 15.0451
402 23.5236 15.1232
307 23.2561 15.1845
354 22.9876 15.2459
824 22.3071 15.3085
74 10.1058 16.4322
682 10.1058 16.4322
741 10.1058 16.4322
366 10.1058 16.4322
673 10.1058 16.4322
348 10.1058 16.4322
211 10.1058 16.4322
881 10.1058 16.4322
722 10.1058 16.4322
812 10.1058 16.4322
61 10.2025 17.0122
412 10.3055 17.6305
629 10.4166 18.2974
362 10.5315 18.987
187 10.6516 19.7077
299 10.7767 20.4587
646 10.9149 21.2883
963 11.059 22.1532
588 11.2188 23.1125
674 11.3751 24.0513
86 11.5241 24.9462
710 11.5346 24.9536
455 11.5447 24.9608
258 11.5548 24.9679
898 11.5649 24.9751
4 11.8809 25.1986
572 12.2294 25.4451
514 12.5915 25.7012
794 13.1453 26.093
268 14.0265 26.7165
10 14.9281 27.3544
331 15.5155 27.7699
133 16.3769 28.3794
87 17.4177 29.1159
78 18.5337 29.9056
205 18.6832 30.0112
899 18.8289 30.1143
709 18.9723 30.2157
661 18.9778 30.4536
787 18.9838 30.7135
869 18.9974 31.3028
121 19.0098 31.8382
641 19.0221 32.3731
943 19.038 33.0605
65 19.0559 33.8334
836 19.073 34.5754
151 19.096 35.5669
958 18.4189 36.369
283 19.0129 36.6638
985 19.7375 37.0235
549 20.7085 37.5055
278 21.6634 37.9796
700 22.0938 38.1931
612 22.5399 38.4145
602 22.996 38.6408
679 23.725 39.0027
529 24.4134 39.3443
829 25.0577 39.6641
664 25.7099 39.9878
7 26.3355 40.2983
619 26.8819 40.5695
38 27.3807 40.817
413 27.8521 41.0509
535 28.2981 41.2722
388 28.7318 41.4874
191 29.1551 41.6975
566 30.101 43.4705
11 30.604 44.4135
545 31.2078 45.5453
543 31.5234 46.1369
302 31.8595 46.7671
508 32.1887 47.3842
811 32.5299 48.0237
342 33.9351 50.6579
922 33.79 51.4851
180 33.6609 52.2209
471 33.5131 53.0636
765 33.4001 53.7074
621 33.3231 54.1465
390 32.7957 55.847
349 32.5081 56.7738
720 32.3304 57.3464
34 32.1857 57.8127
971 32.0614 58.2131
929 32.0531 58.2397
957 32.0446 58.2671
365 32.0362 58.2941
89 32.0279 58.3208
729 32.0194 58.3481
891 32.0111 58.3747
809 32.0026 58.402
571 31.9939 58.4301
459 31.9867 58.4531
359 31.9795 58.4761
137 31.9726 58.4986
596 31.9655 58.5211
733 31.9586 58.5436
645 31.9517 58.5657
965 31.9448 58.5879
603 31.9382 58.609
878 31.9313 58.6314
451 31.9313 58.6314
493 31.9313 58.6314
267 31.9313 58.6314
778 31.9313 58.6314
912 31.9313 58.6314
422 31.9313 58.6314
79 32.1312 58.8251
507 32.3376 59.0251
382 32.549 59.2299
903 32.7645 59.4388
147 32.9942 59.6613
264 33.2057 59.8662
683 33.4002 60.0547
576 33.5808 60.2297
21 33.7531 60.3966
410 33.9167 60.5552
281 34.0655 60.6993
144 33.0547 66.6579
715 32.4818 66.9224
171 31.8566 67.2111
839 31.1739 67.5263
689 30.403 67.8824
789 29.6493 68.2304
574 28.9128 68.5705
635 28.2166 68.892
697 27.5562 69.1969
526 27.0258 69.4417
927 26.5195 69.6754
266 26.036 69.8986
220 25.5672 70.115
604 25.1006 70.3304
132 24.6409 70.5426
411 24.1933 70.7492
599 23.7445 70.9563
924 23.2947 71.1639
398 22.8446 71.3717
99 22.3889 71.5821
658 21.9465 71.7863
360 21.5174 71.9843
537 21.3819 72.0468
326 21.2505 72.1074
954 21.1139 72.1703
124 20.9729 72.2354
454 20.6103 72.4027
846 20.1791 72.6017
587 19.7341 72.8071
503 19.2699 73.0214
524 18.7896 73.2431
487 18.3022 73.468
479 17.818 73.6915
950 17.3325 73.9157
244 16.8591 74.1342
551 16.3923 74.3497
431 15.9212 74.5671
58 15.4635 74.7784
48 14.2381 75.3384
400 13.0718 75.8716
892 11.9548 76.3821
482 10.9029 76.863
301 9.34896 77.5731
361 9.33577 77.5566
726 9.32285 77.5405
946 9.30987 77.5242
374 9.27861 77.4852
113 9.24683 77.4455
560 9.21479 77.4055
554 9.18292 77.3657
780 9.15056 77.3253
759 9.11847 77.2852
446 9.08571 77.2442
637 9.00707 77.1461
570 8.84054 76.9384
905 8.66633 76.7211
991 8.49283 76.5047
792 8.31526 76.2832
717 8.13731 76.0612
556 7.96526 75.8466
346 7.79709 75.6368
90 7.63626 75.4362
3 7.47736 75.238
939 7.3393 75.0657
667 7.3393 75.0657
734 7.3393 75.0657
639 7.3393 75.0657
890 7.3393 75.0657
381 7.3393 75.0657
736 7.3393 75.0657
718 7.35652 75.0277
728 8.08039 73.4276
347 8.86458 71.694
944 8.86458 71.694
178 8.86458 71.694
433 8.86458 71.694
75 8.86458 71.694
657 8.86458 71.694
680 8.86458 71.694
694 8.86458 71.694
298 8.86459 71.694
966 8.86459 71.694
207 8.86459 71.694
426 8.86459 71.694
546 8.99623 71.5746
162 9.13889 71.4452
234 9.29349 71.3051
325 9.44824 71.1647
500 9.70815 70.9291
701 9.97372 70.6884
630 10.2476 70.4402
14 10.533 70.1815
184 10.8017 69.9378
219 12.3852 68.5043
888 13.9421 67.0948
686 13.9421 67.0948
607 13.9421 67.0948
277 13.9421 67.0948
77 13.9421 67.0948
703 13.9421 67.0948
255 13.9421 67.0948
371 13.9421 67.0948
445 13.9421 67.0948
665 13.9421 67.0948
321 13.9421 67.0948
97 13.9778 67.0497
739 14.0134 67.0046
860 14.0484 66.9603
427 14.087 66.9115
119 14.127 66.8608
192 14.1673 66.8098
376 14.2072 66.7592
747 14.2474 66.7083
784 14.2878 66.6573
130 14.3285 66.6057
772 14.3687 66.5548
275 14.4083 66.5047
552 14.4472 66.4554
329 14.4857 66.4068
517 14.5234 66.3591
352 18.7302 61.0271
279 18.7619 61.0194
879 18.7934 61.0117
59 18.8291 61.003
501 18.8637 60.9946
897 18.8637 60.9946
272 18.8637 60.9946
705 18.8637 60.9946
601 18.8637 60.9946
429 18.8637 60.9946
131 18.8757 60.9687
81 18.8878 60.9428
114 18.8999 60.9166
764 18.9122 60.8902
600 18.9243 60.8641
327 19.2008 60.2669
698 19.5428 59.5283
788 19.8633 58.8361
956 20.1654 58.1837
633 20.4544 57.5596
640 20.7265 56.9721
142 20.9839 56.4162
756 21.2314 55.8818
233 21.4696 55.3676
324 21.7013 54.8672
913 21.928 54.3777
901 22.1402 53.9196
908 22.3551 53.4556
735 22.5708 52.9899
269 22.7833 52.5311
688 22.9841 52.0977
876 23.1804 51.6739
691 22.9678 51.5401
938 22.7565 51.407
336 22.5453 51.2741
797 22.334 51.1411
981 22.1172 51.0046
510 21.9028 50.8697
403 21.6949 50.7388
771 21.4884 50.6088
723 21.2809 50.4782
496 21.0808 50.3522
534 20.8868 50.2301
909 20.7033 50.1146
182 20.7033 50.1146
174 20.7033 50.1146
949 20.7032 50.1146
542 20.7032 50.1146
438 20.7032 50.1146
758 20.7032 50.1146
414 20.7032 50.1146
655 20.3166 49.9265
858 19.9238 49.7354
475 19.5247 49.5412
476 19.1413 49.3547
37 18.7312 49.1552
397 18.3341 48.962
148 17.9497 48.775
391 17.545 48.5781
32 17.1676 48.3945
384 16.809 48.2201
423 16.7253 48.1793
990 16.6435 48.1394
770 16.5622 48.0998
125 16.4786 48.0591
525 16.004 48.0974
760 9.546 48.6168
936 9.546 48.6168
196 9.546 48.6168
100 9.51277 48.6139
57 9.47998 48.611
663 9.44776 48.6082
505 9.414 48.6053
527 9.37999 48.6023
212 9.34704 48.5994
228 9.31439 48.5966
731 9.28101 48.5937
373 9.24783 48.5908
749 9.21452 48.5879
312 9.18141 48.585
222 9.14895 48.5822
341 9.11617 48.5794
489 9.08325 48.5765
463 9.0506 48.5736
805 9.01795 48.5708
166 8.98489 48.5679
616 8.9528 48.5651
303 8.92011 48.5623
863 8.88737 48.5594
46 8.85478 48.5566
652 8.82276 48.5538
123 8.79041 48.551
330 8.7576 48.5481
116 8.726 48.5454
499 8.69529 48.5427
841 8.66714 48.5403
565 8.63877 48.5378
677 8.60919 48.5352
972 8.57903 48.5326
708 8.54792 48.5299
154 8.51771 48.5273
128 8.48682 48.5246
328 8.45666 48.522
157 8.56371 50.3592
47 8.69363 52.5882
531 8.83146 54.9527
970 8.92061 56.4833
849 8.95976 57.1567
214 9.00479 57.9309
218 9.0554 58.8008
122 9.11402 59.8079
799 9.23872 61.9475
589 9.32299 63.3946
925 9.42295 65.1103
457 9.67659 69.4568
502 9.79174 71.433
948 9.91243 73.504
240 10.0597 76.0295
615 10.1527 77.6272
693 10.2303 78.9588
203 10.2458 79.2257
982 10.2609 79.4856
95 10.2743 79.7163
830 10.2866 79.9288
803 10.2992 80.145
338 10.3092 80.318
224 10.3314 80.6994
444 10.4117 82.078
628 10.485 83.3369
31 10.554 84.5233
815 10.6318 85.8596
436 10.7069 87.1497
435 10.8055 88.8405
953 10.8167 89.0344
169 10.8279 89.2275
300 10.8398 89.4316
585 10.857 89.7285
719 10.8727 89.9976
108 10.8894 90.2851
988 10.9069 90.5865
827 10.9075 90.5969
39 10.9081 90.6071
213 10.9087 90.6173
711 11.0327 90.6816
153 11.1623 90.7487
547 11.294 90.817
1 11.4314 90.8883
106 11.5753 90.9628
263 11.7251 91.0405
914 11.8832 91.1224
401 12.0491 91.2084
678 12.231 91.3026
447 12.4239 91.4026
568 12.6222 91.5053
442 12.8241 91.6099
17 13.0312 91.7172
399 13.2459 91.8285
557 13.4593 91.939
386 13.6748 92.0507
236 13.8911 92.1628
288 14.1065 92.2744
405 14.3349 92.3927
199 14.5659 92.5124
247 14.7968 92.632
306 15.0205 92.7479
933 14.9537 92.7123
183 14.8864 92.6763
871 14.8176 92.6396
753 14.7496 92.6033
768 14.6812 92.5668
364 14.6086 92.5281
138 14.5327 92.4876
969 14.4582 92.4478
495 14.3865 92.4096
304 14.3171 92.3725
955 14.2493 92.3364
316 14.2493 92.3364
699 14.2493 92.3364
750 14.2493 92.3364
200 14.2493 92.3364
380 14.2493 92.3364
868 14.2493 92.3364
462 15.0012 91.9256
695 15.7815 91.4992
916 16.5635 91.0719
15 17.3605 90.6364
593 18.1566 90.2015
88 18.9851 89.7488
973 19.7955 89.306
443 20.6494 88.8394
610 20.6494 88.8394
93 20.6494 88.8394
409 20.6494 88.8394
859 20.6494 88.8394
249 20.6494 88.8394
631 20.6494 88.8394
227 20.7141 88.7346
36 20.7919 88.6083
521 20.8708 88.4804
651 20.9829 88.2986
115 21.0996 88.1093
368 21.2286 87.9001
490 21.3597 87.6874
696 21.4834 87.4867
712 21.6112 87.2794
2 21.7524 87.0504
16 21.8088 86.9589
253 21.8581 86.879
339 21.907 86.7997
550 21.9532 86.7247
60 21.9979 86.6522
333 22.0371 86.5887
469 22.0742 86.5285
796 22.112 86.4672
806 22.686 86.3817
418 23.0103 86.3333
76 23.3255 86.2863
608 23.6419 86.2391
578 23.9517 86.1929
886 24.2626 86.1465
167 24.5713 86.1004
825 24.8915 86.0527
168 25.3552 85.9836
189 25.9589 85.8937
223 26.115 85.8703
394 26.2646 85.848
638 26.2646 85.848
392 26.2646 85.848
707 26.2646 85.848
231 26.2646 85.848
41 26.2646 85.848
773 26.2646 85.848
256 26.2646 85.848
795 26.2646 85.848
761 26.2646 85.848
428 26.2646 85.848
757 26.2646 85.848
833 26.2646 85.848
872 26.2646 85.848
296 26.2646 85.848
96 26.2646 85.848
672 26.2646 85.848
424 26.2646 85.848
885 26.2646 85.848
730 26.2646 85.848
877 26.9169 88.1076
120 27.139 88.8764
73 27.3483 89.6008
141 27.5519 90.3054
752 27.7573 91.0165
918 27.8286 91.2632
139 27.8986 91.505
611 27.8986 91.505
271 27.8986 91.505
808 27.8986 91.505
28 27.8986 91.505
491 27.8986 91.505
44 27.8986 91.505
776 27.8986 91.505
50 27.9628 91.5132
786 28.0279 91.5215
430 28.0938 91.53
714 28.1601 91.5384
441 28.2279 91.5471
960 28.2965 91.5559
456 28.3655 91.5647
13 28.4349 91.5736
129 31.142 91.9167
866 33.164 92.1732
974 34.0506 92.286
53 34.8535 92.3881
448 35.6083 92.4841
613 36.3322 92.5761
559 37.027 92.6645
230 37.6371 92.7421
172 38.2269 92.8172
961 38.8083 92.8911
569 38.8083 92.8911
20 38.8083 92.8911
265 38.861 92.505
470 38.9146 92.1131
22 38.971 91.7007
105 39.0302 91.2672
763 39.0958 90.788
206 39.1637 90.2908
449 39.2335 89.7805
539 39.3027 89.2747
548 39.3748 88.7476
82 39.4438 88.2428
239 39.5156 87.7179
150 39.5889 87.1816
662 39.6628 86.6417
92 40.3923 87.0497
564 41.2692 87.5402
919 42.2068 88.0646
541 43.8098 88.961
72 44.3259 89.2497
814 44.9239 89.5842
882 45.5129 89.9138
215 45.498 89.803
5 45.4844 89.7023
861 45.4695 89.5918
536 45.4553 89.4867
165 45.441 89.3807
375 45.4262 89.2717
952 45.4107 89.1569
181 45.3947 89.0379
738 45.3758 88.8983
874 45.3359 88.6024
614 45.2069 87.6448
241 45.2962 87.6889
292 45.3895 87.735
840 45.4905 87.7848
649 45.6007 87.8392
562 45.7274 87.9017
294 45.8587 87.9666
561 45.9991 88.0358
343 46.1493 88.11
193 46.2986 88.1837
437 46.4528 88.2598
642 46.6185 88.3416
259 46.786 88.4243
305 46.9393 88.4999
12 47.0926 88.5756
887 47.2289 88.6429
309 47.3545 88.7049
146 47.487 88.7703
389 47.9097 88.979
156 48.3511 89.1968
532 48.7704 89.4038
896 49.1369 89.5847
911 49.446 89.7373
618 49.446 89.7373
774 49.446 89.7373
367 49.446 89.7373
516 49.446 89.7373
62 49.446 89.7373
737 49.446 89.7373
754 49.446 89.7373
584 49.446 89.7373
746 49.446 89.7373
511 49.446 89.7373
766 49.446 89.7373
713 51.9414 89.8523
313 54.7221 89.9804
856 57.5133 90.1091
318 60.1736 90.2318
149 60.39 90.2416
177 60.39 90.2416
251 60.39 90.2416
118 60.39 90.2416
624 60.39 90.2416
23 60.39 90.2416
980 60.39 90.2416
344 60.39 90.2416
434 60.39 90.2416
202 61.3623 90.186
813 62.3705 90.1284
185 63.0766 90.0881
158 63.7713 90.0484
816 64.425 90.0111
273 65.0883 89.9733
622 65.764 89.9347
984 66.4566 89.8952
297 67.1785 89.854
992 67.9519 89.8098
845 68.7755 89.7628
817 69.6442 89.7131
544 70.5842 89.6594
285 71.5858 89.6021
52 72.6439 89.5416
353 73.8947 89.4701
983 75.2071 89.3949
494 75.2072 89.3949
322 75.2072 89.3949
725 75.2072 89.3949
159 75.2072 89.3949
893 75.2072 89.3949
42 75.2072 89.3949
464 75.2072 89.3949
620 75.4325 89.3487
666 76.3117 89.1682
580 77.2622 88.9731
854 78.4592 88.7272
889 79.5832 88.4963
135 80.0619 88.3981
820 80.7084 88.2655
928 81.3413 88.1356
660 86.0949 84.4244
685 86.0949 84.4244
372 86.0949 84.4244
25 85.0035 84.2523
417 82.5456 83.8644
742 80.8358 83.5948
740 79.2834 83.35
823 77.6327 83.0896
473 77.6327 83.0896
648 77.3818 82.2538
864 77.118 81.3748
145 76.8497 80.4809
290 75.7615 76.8591
173 74.7501 73.4921
385 74.7501 73.4921
332 74.7501 73.4921
852 74.7501 73.4921
975 74.7501 73.4921
383 74.7501 73.492
900 74.7501 73.492
837 74.7501 73.492
465 74.7501 73.492
481 74.8915 73.1336
818 75.0964 72.614
654 75.3434 71.9877
904 75.6344 71.2499
867 76.2917 69.5831
201 77.1663 67.3652
850 77.8758 65.566
242 79.3232 65.855
528 80.4775 66.0856
977 81.5341 66.2967
506 82.5465 66.4989
204 83.512 66.6918
311 84.3288 66.855
450 84.3454 64.6762
170 84.3715 61.3395
967 84.3994 57.7123
195 84.422 54.7576
592 84.4365 52.8361
835 84.446 51.5719
920 84.4476 51.3444
274 84.4492 51.1263
198 84.8782 51.4715
497 85.3077 51.8169
884 84.7139 51.6043
334 84.0788 51.377
745 83.052 48.8229
107 83.052 48.8229
951 83.052 48.8229
136 83.052 48.8229
838 83.052 48.8229
425 83.052 48.8229
932 83.052 48.8229
583 83.052 48.8229
553 83.0558 48.791
387 83.0597 48.7586
684 83.0637 48.7249
98 84.614 35.6598
520 84.9243 33.0483
33 85.2983 29.901
590 85.7522 26.08
483 86.7133 17.9845
627 86.3297 18.0998
979 85.8381 18.2475
243 85.3043 18.4079
345 83.9619 18.811
