0,243,483,98,627,345,33,274,520,835,590,644,594,117,606,978,45,821,675,143,357,553,29,314,232,609,195,466,926,842,217,43,27,377,634,358,592,323,670,745,198,170,136,951,506,242,425,884,920,932,967,838,497,583,387,977,201,107,941,852,684,332,767,942,334,70,190,102,850,656,440,650,595,904,727,605,84,485,538,238,152,110,68,35,396,810,478,293,647,432,857,769,762,188,515,558,855,793,262,968,907,617,779,370,101,519,237,577,732,281,264,625,161,286,216,964,127,498,798,468,282,85,194,945,930,623,452,923,66,597,342,69,621,843,875,870,844,906,186,155,692,783,472,461,512,492,862,276,848,989,197,522,147,525,549,11,508,619,414,302,38,49,664,151,706,566,356,917,278,438,413,748,913,37,397,205,687,543,700,612,723,679,32,352,475,949,535,633,705,846,733,957,329,729,735,956,269,599,901,788,688,765,267,545,233,324,382,587,308,603,897,929,404,510,756,79,59,89,180,210,876,778,891,471,640,922,715,839,175,484,134,104,724,912,676,459,410,804,683,809,493,533,576,30,701,591,501,927,99,600,903,132,971,720,604,21,924,220,574,359,451,349,965,137,878,390,571,291,872,537,326,946,635,552,270,888,658,333,773,256,490,645,327,167,840,789,171,163,730,223,662,365,241,252,225,649,919,60,561,910,596,523,564,453,743,54,140,921,56,826,791,294,350,894,582,782,235,126,563,144,193,540,895,807,280,248,80,976,215,406,986,632,802,513,755,12,109,395,229,179,460,18,659,800,208,530,91,245,816,367,369,9,378,636,931,94,112,315,801,297,509,832,937,775,962,987,671,67,847,420,385,900,867,71,668,654,173,340,393,290,975,383,864,465,83,579,837,51,450,528,372,740,204,660,25,311,473,685,889,928,648,322,135,983,273,845,481,820,893,318,744,818,725,353,159,417,742,177,622,251,813,285,145,823,149,567,817,494,666,158,854,544,580,690,202,992,52,620,856,984,42,911,317,618,774,575,305,713,511,947,239,105,313,185,477,40,952,5,737,851,464,980,584,23,344,961,541,624,434,887,866,335,343,861,880,156,408,320,118,82,754,62,536,940,559,562,319,415,259,882,292,746,516,896,874,146,22,394,763,642,806,877,416,814,454,689,437,172,231,614,124,189,226,418,96,120,532,449,786,448,766,539,206,129,752,738,375,165,53,389,265,430,795,139,150,613,808,28,253,392,409,631,92,974,638,72,181,309,960,707,569,20,611,761,918,753,548,271,470,230,456,73,593,610,672,2,757,933,93,714,521,306,288,441,296,428,41,36,76,16,58,696,916,44,796,325,88,424,141,443,954,608,859,50,550,346,368,833,360,815,399,886,560,95,183,469,551,431,184,487,578,168,249,860,885,719,364,15,227,776,442,651,568,495,447,768,871,115,491,695,718,153,13,712,953,405,39,711,446,200,462,236,988,955,90,792,892,108,1,557,736,905,178,982,547,969,914,247,199,380,435,444,750,827,678,868,693,615,106,213,585,169,780,973,386,31,48,17,304,457,803,699,628,138,556,637,401,301,263,697,665,950,739,433,275,482,339,524,371,445,726,374,300,686,321,316,694,717,734,607,503,799,75,657,77,224,966,14,244,570,240,759,203,277,554,890,830,426,728,944,436,639,502,97,948,114,429,825,398,113,630,298,939,381,667,427,991,546,517,255,925,207,422,772,981,677,130,272,376,119,879,500,526,338,34,507,479,411,601,361,784,219,192,400,680,970,162,3,266,908,174,758,565,938,691,81,218,336,805,747,589,131,703,760,527,234,849,531,542,489,154,708,100,347,212,57,936,655,391,797,841,196,858,78,142,403,476,663,157,972,214,222,731,770,652,148,909,534,182,303,698,764,505,496,279,771,463,328,283,10,47,958,330,863,312,749,499,341,128,116,122,373,166,985,423,990,123,384,616,46,388,836,228,125,86,87,710,331,514,412,299,258,455,794,898,65,572,741,187,133,943,963,439,74,402,674,673,588,348,4,211,629,362,812,366,881,682,646,61,722,869,307,602,474,702,661,268,486,829,121,883,704,246,709,902,626,111,641,284,899,64,354,915,824,379,287,488,669,254,643,8,407,351,518,653,337,310,573,363,221,480,191,853,7,529,834,586,787,421,160,822,467,261,209,811,26,681,250,934,865,458,19,63,716,935,289,790,257,355,164,828,781,785,6,831,873,419,555,751,55,819,176,24,504,598,959,777,581,103,295,979,721,260,
value : 506.322 running time : 56.633707
0 80 20
243 85.3938 18.0208
483 86.3525 17.6689
98 84.9726 22.8919
627 84.9726 22.8919
345 84.172 23.6888
33 81.261 26.5866
274 78.6304 29.2052
520 78.0665 29.7667
835 76.7436 31.0834
590 76.6328 31.1938
644 69.5368 38.2589
594 68.6669 39.1249
117 68.426 39.3647
606 68.426 39.3647
978 68.426 39.3647
45 68.4259 39.3647
821 68.4259 39.3647
675 68.4259 39.3647
143 68.4259 39.3647
357 68.4259 39.3647
553 68.4259 39.3647
29 68.4113 39.3607
314 68.3948 39.3562
232 68.3811 39.3524
609 68.3675 39.3487
195 68.3534 39.3448
466 68.0298 39.2561
926 67.6939 39.164
842 67.3362 39.0658
217 66.9625 38.9634
43 66.6528 38.8784
27 66.3509 38.7956
377 66.8956 39.3324
634 67.5915 40.018
358 68.6541 41.065
592 70.6531 43.0347
323 71.8538 44.2177
670 73.3619 45.7037
745 75.023 47.3403
198 78.337 50.6058
170 79.9085 52.1542
136 80.2962 52.5362
951 80.6765 52.9109
506 81.0542 53.283
242 81.3593 53.5836
425 81.6506 53.8706
884 82.0084 54.2232
920 82.3151 54.5254
932 82.6583 54.8635
967 83.0291 55.2289
838 83.4511 55.6447
497 83.8851 56.0723
583 82.926 56.6075
387 82.3729 56.9161
977 81.8239 57.2225
201 81.2486 57.5435
107 80.8175 57.7841
941 79.7555 58.3767
852 78.9765 58.8114
684 78.3581 59.1565
332 77.5754 59.5932
767 74.7245 60.034
942 73.3176 60.2515
334 72.2241 60.4205
70 70.8962 60.6258
190 70.1735 60.7375
102 69.5126 60.8397
850 68.8518 60.9419
656 68.0973 61.0585
440 67.2569 61.1884
650 66.7001 61.2745
595 66.1102 61.3657
904 65.534 61.4548
727 65.0673 61.5269
605 64.5702 61.6038
84 64.1824 61.6638
485 63.8975 61.7078
538 63.5915 61.7551
238 63.2915 61.8015
152 63.0145 61.8443
110 62.6094 61.9069
68 61.879 62.0199
35 61.1207 62.1371
396 60.4561 62.2398
810 59.8006 62.3412
478 59.2051 62.4332
293 58.4794 62.5454
647 57.7358 62.6604
432 56.892 62.7908
857 56.1956 62.8985
769 56.0623 62.7357
762 55.8449 62.4702
188 55.6229 62.1991
515 55.4363 61.9712
558 55.2356 61.7261
855 55.0502 61.4997
793 54.8488 61.2537
262 54.6585 61.0213
968 54.5125 60.843
907 54.3515 60.6464
617 54.1826 60.4402
779 53.9962 60.2124
370 51.3335 56.3959
101 50.7379 55.5418
519 50.155 54.7059
237 49.5799 53.8812
577 49.5799 53.8812
732 49.5799 53.8812
281 49.5799 53.8812
264 49.5799 53.8812
625 49.5799 53.8812
161 49.5799 53.8812
286 49.5799 53.8812
216 49.5799 53.8812
964 49.5799 53.8812
127 49.5799 53.8812
498 49.5799 53.8812
798 49.5799 53.8812
468 49.5799 53.8812
282 49.3111 53.1581
85 48.854 51.9286
194 48.3051 50.4521
945 47.8546 49.2404
930 47.4023 48.024
623 47.1904 47.9635
452 46.9393 47.8918
923 46.7239 47.8303
66 46.5008 47.7666
597 46.2667 47.6998
342 46.0307 47.6324
69 45.8026 47.5673
621 45.5709 47.5011
843 45.3471 47.4372
875 45.1192 47.3722
870 44.8615 47.2986
844 44.5879 47.2205
906 44.3159 47.1428
186 44.0309 47.0614
155 43.5267 46.9175
692 43.0428 46.7794
783 42.6347 46.6628
472 42.3173 46.5722
461 41.9534 46.4683
512 41.5991 46.3671
492 41.2446 46.2659
862 40.784 46.1344
276 40.3696 46.0161
848 39.8949 45.8806
989 39.3695 45.7306
197 38.8919 45.5942
522 37.5022 45.1974
147 35.8614 44.729
525 34.2355 44.2648
549 33.0109 43.9151
11 32.8862 43.8795
508 32.7672 43.8456
619 32.643 43.8101
414 32.5139 43.7732
302 32.391 43.7382
38 32.2655 43.7023
49 32.1447 43.6678
664 32.008 43.6288
151 31.8845 43.5935
706 31.7694 43.5607
566 31.655 43.528
356 31.5314 43.4927
917 31.3879 43.4518
278 31.2285 43.4062
438 30.4253 43.6426
413 29.7309 43.847
748 29.0349 44.0518
913 28.3101 44.2652
37 27.5995 44.4743
397 26.9344 44.6701
205 26.2841 44.8614
687 25.6519 45.0475
543 24.8298 45.2894
700 23.9714 45.5421
612 23.9592 45.8499
723 23.9431 46.2573
679 23.9279 46.6412
32 23.9059 47.1946
352 23.8758 47.955
475 24.3533 48.7513
949 24.8394 49.5619
535 25.4685 50.6108
633 26.1758 51.7903
705 26.9165 53.0253
846 27.6152 54.1904
733 27.9252 54.7073
957 28.204 55.1723
329 28.4572 55.5946
729 28.6535 55.7622
735 28.8454 55.9262
956 29.0383 56.0909
269 29.253 56.2743
599 29.4635 56.4542
901 29.6707 56.6312
788 29.8791 56.8092
688 30.0818 56.9823
765 30.3005 57.1691
267 30.4799 57.3224
545 30.6583 57.4747
233 30.8435 57.6329
324 31.0467 57.8065
382 31.2659 57.9938
587 31.4883 58.1838
308 31.703 58.3672
603 31.891 58.5278
897 32.089 58.6969
929 32.3575 58.9263
404 32.6228 59.1529
510 32.6228 59.1529
756 32.6228 59.1529
79 32.6228 59.1529
59 32.6228 59.1529
89 32.6228 59.1529
180 32.6228 59.1529
210 32.6739 59.3361
876 32.7425 59.5825
778 32.8828 60.086
891 33.0521 60.6937
471 33.2366 61.3559
640 33.4207 62.0169
922 33.6143 62.7118
715 33.8311 63.4904
839 34.027 64.1935
175 34.2439 64.9723
484 34.4571 65.7378
134 34.3208 65.8185
104 34.1757 65.9044
724 34.0337 65.9884
912 33.8955 66.0702
676 33.7612 66.1497
459 33.5716 66.2619
410 33.3781 66.3764
804 33.1685 66.5005
683 32.9421 66.6345
809 32.6972 66.7794
493 32.4348 66.9348
533 32.1734 67.0895
576 31.8524 67.2795
30 31.1934 67.6699
701 30.3698 68.1578
591 30.3698 68.1578
501 30.3698 68.1578
927 30.3698 68.1578
99 30.3698 68.1578
600 30.3698 68.1578
903 30.3698 68.1578
132 30.3698 68.1578
971 30.3698 68.1578
720 30.3698 68.1578
604 30.3698 68.1578
21 30.3698 68.1578
924 30.3698 68.1578
220 30.3698 68.1578
574 30.3698 68.1578
359 30.3698 68.1578
451 30.3698 68.1578
349 30.34 68.6319
965 30.3094 69.1203
137 30.2781 69.6187
878 30.2455 70.1384
390 30.2119 70.6727
571 30.1777 71.2182
291 30.1429 71.7723
872 30.1037 72.3987
537 30.0641 73.0298
326 30.0251 73.652
946 30.0721 73.7374
635 30.119 73.8226
552 30.1667 73.9091
270 30.2236 74.0124
888 30.272 74.1003
658 30.3237 74.1941
333 30.3783 74.2933
773 30.4351 74.3964
256 30.4847 74.4865
490 30.5257 74.5609
645 31.0017 74.5136
327 31.3963 74.4744
167 31.856 74.4287
840 32.385 74.3761
789 32.8039 74.3345
171 33.332 74.282
163 33.7749 74.238
730 34.1383 74.2019
223 34.551 74.1609
662 34.9985 74.1165
365 35.4519 74.0714
241 35.862 74.0307
252 36.2555 73.9916
225 36.6705 73.9503
649 37.0329 73.9143
919 37.3886 73.879
60 37.9159 73.8266
561 38.6772 73.751
910 39.3425 73.6849
596 40.0217 73.6174
523 40.7922 73.5408
564 41.5375 73.4668
453 42.2477 73.3962
743 42.685 73.3527
54 42.685 73.3527
140 45.4895 73.5833
921 45.9545 73.6215
56 46.3669 73.6554
826 47.2773 73.7302
791 48.1253 73.7998
294 48.2506 73.9036
350 48.3721 74.0041
894 48.5007 74.1105
582 48.6418 74.2272
782 48.7707 74.3339
235 48.8887 74.4315
126 49.0235 74.543
563 49.1455 74.6439
144 49.2649 74.7428
193 49.3976 74.8526
540 49.521 74.9547
895 49.6617 75.0711
807 49.7921 75.179
280 49.9351 75.2973
248 50.0583 75.3993
80 50.1779 75.4983
976 50.3536 75.6436
215 50.5528 75.8085
406 50.8221 76.0312
986 51.0541 76.2232
632 51.307 76.4325
802 51.563 76.6444
513 51.818 76.8553
755 52.0927 77.0826
12 52.3824 77.3224
109 52.6307 77.5278
395 52.9172 77.7649
229 53.1492 77.9568
179 53.3747 78.1434
460 53.5975 78.3278
18 53.8196 78.5115
659 54.0048 78.6648
800 54.2054 78.8308
208 54.4058 78.9966
530 54.6304 79.1824
91 54.8573 79.3702
245 55.1201 79.5877
816 55.3736 79.7974
367 55.5996 79.9844
369 56.1596 79.6806
9 56.7177 79.3779
378 57.2424 79.0932
636 57.7195 78.8344
931 58.367 78.4832
94 58.9808 78.1503
112 59.6692 77.7768
315 60.3547 77.4049
801 61.0567 77.0242
297 61.7903 76.6262
509 62.5287 76.2257
832 63.2532 75.8327
937 64.0536 75.3986
775 64.7999 74.9938
962 65.4382 74.6475
987 65.9795 74.3538
671 66.6039 74.0151
67 67.468 73.5464
847 68.2706 73.1111
420 69.2607 72.5741
385 69.4953 72.7248
900 69.6898 72.8497
867 69.8794 72.9715
71 70.0765 73.0981
668 70.248 73.2082
654 70.5489 73.4015
173 70.8381 73.5872
340 71.1636 73.7964
393 71.5482 74.0434
290 72.2174 74.4732
975 72.9212 74.9252
383 73.6542 75.396
864 74.4154 75.8849
465 75.0045 76.2633
83 75.6104 76.6525
579 76.2541 77.066
837 76.9584 77.5183
51 77.8304 78.0784
450 84.5911 82.4192
528 85.143 82.8623
372 86.0119 83.5601
740 85.9145 83.6596
204 85.8307 83.7451
660 85.746 83.8316
25 85.4236 84.1608
311 85.0771 84.5147
473 84.3585 85.2485
685 83.7159 85.9048
889 82.8016 86.8385
928 81.6773 87.9866
648 81.2316 87.9902
322 80.8143 87.9937
135 80.3882 87.9972
983 80.3882 87.9972
273 74.2204 87.7199
845 73.9129 87.7061
481 73.63 87.6934
820 73.3734 87.6818
893 72.9652 87.6635
318 72.4289 87.6394
744 71.9663 87.6186
818 71.9087 87.6556
725 71.8455 87.6963
353 71.7737 87.7425
159 71.7127 87.7818
417 71.6482 87.8233
742 71.5755 87.8701
177 71.4965 87.921
622 71.4299 87.9638
251 71.3634 88.0066
813 71.3015 88.0465
285 71.2352 88.0891
145 71.1709 88.1305
823 71.1042 88.1734
149 71.0361 88.2173
567 70.9733 88.2577
817 70.9107 88.298
494 70.854 88.3344
666 70.7928 88.3739
158 70.7287 88.4151
854 70.6644 88.4565
544 70.5974 88.4997
580 70.5328 88.5412
690 66.1036 89.058
202 65.1398 89.1705
992 64.4169 89.2549
52 63.7196 89.3362
620 62.9483 89.4262
856 62.0353 89.5328
984 61.3709 89.6103
42 60.6932 89.6894
911 59.9193 89.7797
317 59.2726 89.8551
618 58.5028 89.945
774 57.831 90.0234
575 57.2474 90.0915
305 56.5505 90.1728
713 56.0876 90.2268
511 55.7808 90.2626
947 55.4919 90.2963
239 55.1845 90.3322
105 54.9394 90.3608
313 54.7466 90.3833
185 54.5516 90.406
477 54.335 90.4313
40 54.069 90.4624
952 53.8089 90.4927
5 53.5503 90.5229
737 53.5503 90.5229
851 53.5503 90.5229
464 53.5503 90.5229
980 53.3419 90.4737
584 53.1455 90.4274
23 52.9344 90.3776
344 52.7199 90.327
961 52.4906 90.2729
541 52.2753 90.2221
624 52.0735 90.1744
434 51.8634 90.1249
887 51.6449 90.0733
866 51.406 90.0169
335 51.2039 89.9693
343 50.9757 89.9154
861 50.7706 89.867
880 50.5652 89.8186
156 50.354 89.7687
408 50.1431 89.719
320 49.9351 89.6699
118 49.7365 89.623
82 49.5045 89.5683
754 49.3196 89.5247
62 49.1157 89.4766
536 48.8987 89.4254
940 48.6827 89.3744
559 48.4695 89.3241
562 48.2582 89.2742
319 48.0732 89.2306
415 47.9004 89.1898
259 47.7172 89.1466
882 47.5187 89.0998
292 46.7667 88.9223
746 46.4308 88.8431
516 46.0713 88.7582
896 45.6933 88.6691
874 44.8425 88.4683
146 43.733 88.2065
22 42.8811 88.0055
394 42.1502 87.833
763 41.4756 87.6738
642 40.7398 87.5002
806 39.728 87.2615
877 39.0562 87.103
416 38.3988 86.9479
814 37.7117 86.7857
454 36.7629 86.5618
689 36.7629 86.5618
437 36.7629 86.5618
172 36.7629 86.5618
231 36.7629 86.5619
614 36.7629 86.5619
124 36.7629 86.5619
189 36.7629 86.5619
226 36.7629 86.5619
418 36.7629 86.5619
96 37.5688 88.0702
120 38.3504 89.5331
532 39.2271 91.1737
449 38.9138 91.1076
786 38.5839 91.038
448 38.3118 90.9806
766 38.0377 90.9227
539 37.7381 90.8595
206 37.4412 90.7968
129 37.1284 90.7308
752 36.8289 90.6676
738 36.5301 90.6045
375 36.2371 90.5427
165 35.8358 90.458
53 35.2679 90.3382
389 34.669 90.2117
265 33.8438 90.0376
430 32.5794 89.7707
795 32.5055 89.7551
139 32.4342 89.7401
150 32.3526 89.7229
613 32.277 89.7069
808 32.1939 89.6894
28 32.1096 89.6716
253 32.0305 89.6549
392 31.9557 89.6391
409 31.8719 89.6214
631 31.796 89.6054
92 31.7254 89.5905
974 31.6543 89.5755
638 31.5658 89.5568
72 31.4846 89.5397
181 31.402 89.5223
309 31.2198 89.4838
960 31.015 89.4406
707 30.82 89.3994
569 30.6198 89.3572
20 30.2837 89.2863
611 29.9579 89.2175
761 29.6404 89.1505
918 29.3425 89.0876
753 29.0248 89.0206
548 28.8027 88.9737
271 28.5413 88.9186
470 28.2636 88.86
230 27.9656 88.7971
456 27.6118 88.7224
73 27.314 88.6596
593 26.9992 88.5931
610 26.7294 88.5362
672 26.4637 88.4801
2 26.1782 88.4199
757 25.8484 88.3503
933 25.5247 88.282
93 25.2307 88.2199
714 24.9971 88.1706
521 24.773 88.1104
306 24.5279 88.0446
288 24.2659 87.9742
441 24.0061 87.9044
296 23.7568 87.8375
428 23.4844 87.7643
41 23.2007 87.6881
36 22.9125 87.6107
76 22.6284 87.5344
16 22.3389 87.4566
58 22.0243 87.3721
696 21.72 87.2904
916 21.4062 87.2061
44 21.1088 87.1262
796 20.8051 87.0446
325 20.7217 87.0222
88 20.6515 87.0033
424 20.5837 86.9851
141 20.5156 86.9669
443 20.4278 86.9433
954 20.3476 86.9217
608 19.6113 86.7239
859 18.8954 86.5316
50 18.0783 86.3121
550 17.2253 86.083
346 16.251 85.8212
368 16.2358 85.8171
833 16.2183 85.8124
360 16.1984 85.8071
815 16.1788 85.8018
399 16.1606 85.7969
886 16.1431 85.7922
560 16.1249 85.7873
95 16.108 85.7827
183 16.0919 85.7784
469 16.0734 85.7734
551 16.0541 85.7683
431 16.0371 85.7637
184 16.0191 85.7588
487 16.0013 85.7541
578 15.9843 85.7495
168 15.9655 85.7444
249 15.948 85.7397
860 15.9277 85.7343
885 15.9215 86.34
719 15.9162 86.8638
364 15.9101 87.4577
15 15.9042 88.0394
227 15.9001 88.4403
776 15.8972 88.7251
442 15.8947 88.9726
651 15.892 89.2318
568 15.8895 89.4731
495 15.8871 89.715
447 15.8843 89.9829
768 15.8815 90.2622
871 15.6148 90.2215
115 15.3262 90.1773
491 15.0437 90.1342
695 14.5564 90.0597
718 14.025 89.9785
153 13.5939 89.9126
13 13.2413 89.8588
712 12.8305 89.796
953 12.3397 89.721
405 11.9621 89.6633
39 11.6113 89.6097
711 11.3131 89.5641
446 11.0121 89.5181
200 10.7125 89.4724
462 10.4218 89.428
236 10.0794 89.3756
988 9.71831 89.3204
955 9.67117 89.1363
90 9.6315 88.9812
792 9.6315 88.9812
892 9.6315 88.9812
108 9.6315 88.9812
1 9.6315 88.9812
557 9.6315 88.9812
736 9.6315 88.9812
905 9.6315 88.9812
178 9.6315 88.9812
982 9.6315 88.9812
547 9.6315 88.9812
969 9.6315 88.9812
914 9.6315 88.9812
247 9.6315 88.9812
199 9.6315 88.9812
380 9.6315 88.9812
435 9.6315 88.9812
444 9.6315 88.9812
750 9.6315 88.9812
827 9.6315 88.9812
678 9.6315 88.9812
868 9.6315 88.9812
693 9.6315 88.9812
615 9.6315 88.9812
106 9.6315 88.9812
213 9.6315 88.9812
585 9.74257 88.6219
169 9.87266 88.201
780 9.99445 87.807
973 10.095 87.4816
386 10.2118 87.1038
31 10.3368 86.6992
48 10.4492 86.3354
17 10.552 86.0029
304 10.6631 85.6433
457 10.7898 85.2335
803 10.8902 84.9085
699 11.0025 84.5454
628 11.1165 84.1765
138 11.2297 83.8101
556 11.3786 83.3285
637 11.498 82.942
401 11.632 82.5086
301 11.7868 82.0074
263 11.9779 81.3893
697 12.5771 79.4512
665 12.0647 77.667
950 11.8343 76.8649
739 11.601 76.0528
433 11.5396 75.8389
275 11.4747 75.6129
482 11.4747 75.6129
339 11.4747 75.6129
524 11.4747 75.6129
371 9.63817 76.1135
445 9.48219 76.156
726 9.34534 76.1934
374 9.16828 76.2417
300 8.98744 76.291
686 9.01839 76.1734
321 9.04574 76.0694
316 9.07263 75.9672
694 9.10616 75.8398
717 9.13879 75.7159
734 9.16868 75.6023
607 9.19518 75.5016
503 9.22238 75.3982
799 9.24865 75.2984
75 9.27191 75.21
657 9.30071 75.1005
77 9.32951 74.9911
224 9.35381 74.8988
966 9.38034 74.798
14 9.40461 74.7057
244 9.42596 74.6246
570 9.44923 74.5362
240 9.47441 74.4405
759 9.5007 74.3406
203 9.52932 74.2318
277 9.56032 74.114
554 9.58527 74.0192
890 9.61298 73.9139
830 9.6409 73.8078
426 9.66962 73.6987
728 9.70203 73.5755
944 9.73312 73.4574
436 9.76933 73.3198
639 9.81004 73.1651
502 9.85064 73.0108
97 9.88869 72.8662
948 9.92486 72.7288
114 9.96226 72.5867
429 9.99352 72.4679
825 10.0256 72.3458
398 10.0625 72.2056
113 10.0962 72.0778
630 10.1304 71.9477
298 10.1606 71.8331
939 10.1956 71.6999
381 10.225 71.5883
667 10.2543 71.4768
427 10.2839 71.3643
991 10.3119 71.2579
546 10.3419 71.1441
517 10.6058 70.1412
255 10.861 69.1714
925 11.1115 68.2196
207 11.1115 68.2196
422 14.0887 66.5606
772 14.119 66.5437
981 14.1485 66.5273
677 14.1737 66.5133
130 14.1997 66.4988
272 14.2248 66.4848
376 14.2506 66.4705
119 14.2776 66.4554
879 14.3055 66.4399
500 14.335 66.4234
526 14.3664 66.4059
338 14.3931 66.391
34 14.4264 66.3725
507 14.4548 66.3566
479 14.4548 66.3566
411 14.4548 66.3566
601 14.4548 66.3566
361 14.4548 66.3566
784 14.4548 66.3566
219 14.4548 66.3566
192 14.4548 66.3566
400 14.4548 66.3566
680 14.4548 66.3566
970 14.4548 66.3566
162 14.4548 66.3566
3 14.4548 66.3566
266 14.4548 66.3566
908 13.697 56.4763
174 13.5936 56.4519
758 13.4915 56.4277
565 13.3862 56.4028
938 13.2894 56.3799
691 13.1838 56.355
81 13.075 56.3292
218 12.9637 56.3029
336 12.8681 56.2803
805 12.7633 56.2555
747 12.6597 56.231
589 12.5621 56.2079
131 12.4629 56.1845
703 12.3614 56.1605
760 12.2575 56.1359
527 12.1533 56.1113
234 12.0515 56.0872
849 11.9571 56.0649
531 11.8788 56.0464
542 11.8075 56.0295
489 11.7263 56.0103
154 11.6463 55.9914
708 11.5582 55.9706
100 11.4786 55.9517
347 11.3949 55.932
212 12.1785 52.1046
57 12.4327 50.8613
936 12.6831 49.6369
655 12.931 48.4246
391 12.931 48.4246
797 12.931 48.4246
841 12.931 48.4246
196 12.931 48.4246
858 12.931 48.4246
78 12.9309 48.4246
142 12.9309 48.4246
403 12.9309 48.4246
476 12.9309 48.4246
663 12.9309 48.4246
157 12.9309 48.4246
972 12.9309 48.4246
214 12.9309 48.4246
222 12.9309 48.4246
731 12.9309 48.4246
770 12.9309 48.4246
652 12.9309 48.4246
148 12.9309 48.4246
909 12.9309 48.4246
534 12.9309 48.4246
182 12.9309 48.4246
303 12.9309 48.4246
698 12.9309 48.4246
764 12.9309 48.4246
505 12.314 48.2594
496 11.5969 48.0673
279 10.8999 47.8806
771 10.2764 47.7135
463 9.87485 47.6059
328 9.40894 47.481
283 9.40894 47.481
10 9.40894 47.481
47 9.40894 47.481
958 9.40894 47.481
330 9.40894 47.481
863 9.40894 47.481
312 9.40894 47.481
749 9.40894 47.481
499 9.40894 47.481
341 9.40894 47.481
128 9.40894 47.481
116 9.40894 47.481
122 9.40894 47.481
373 9.85249 46.9775
166 10.278 46.4945
985 11.9242 44.6257
423 12.5269 43.9415
990 13.0764 43.3177
123 13.5955 42.7284
384 14.1583 42.0896
616 14.7722 41.3927
46 15.4163 40.6616
388 16.324 39.6311
836 15.3891 36.8171
228 14.8281 35.129
125 14.0559 32.805
86 13.0717 29.8425
87 12.9378 29.4396
710 12.793 29.004
331 12.6509 28.5767
514 12.5218 28.1884
412 12.3926 27.7995
299 12.3685 27.727
258 12.3436 27.6522
455 12.3193 27.579
794 12.2956 27.5078
898 12.2724 27.4381
65 12.2644 26.7788
572 12.2433 25.0361
741 12.2208 23.1751
187 12.2016 21.5889
133 12.1996 21.4238
943 12.1974 21.2427
963 12.1947 21.0208
439 12.1921 20.8123
74 12.1901 20.6476
402 12.1878 20.454
674 12.1854 20.259
673 12.1833 20.0858
588 12.181 19.8919
348 12.1788 19.7117
4 12.1768 19.5447
211 12.1607 18.2149
629 12.1471 17.0944
362 12.1376 16.311
812 12.1269 15.4282
366 12.2382 15.485
881 12.3328 15.5334
682 12.4313 15.5837
646 12.5273 15.6327
61 12.6287 15.6845
722 12.7377 15.7402
869 24.3554 21.6764
307 24.3554 21.6764
602 24.3554 21.6764
474 24.3554 21.6764
702 24.3554 21.6764
661 24.3554 21.6764
268 24.3554 21.6764
486 24.4754 21.6223
829 24.5936 21.5691
121 24.7723 21.4886
883 24.9805 21.3947
704 25.1366 21.3244
246 25.2259 21.2842
709 25.3186 21.2424
902 25.4094 21.2015
626 25.5138 21.1544
111 25.6114 21.1105
641 25.6903 21.0749
284 25.7847 21.0324
899 25.876 20.9913
64 25.9771 20.9457
354 26.0695 20.9041
915 26.1653 20.8609
824 26.2663 20.8154
379 26.371 20.7682
287 26.7459 15.0535
488 26.7459 15.0535
669 27.3171 15.0596
254 27.837 15.0651
643 28.4383 15.0716
8 29.074 15.0784
407 31.2911 15.1021
351 32.9963 15.1203
518 34.8468 15.1402
653 35.2178 16.7104
337 35.532 18.0404
310 35.8283 19.2945
573 36.1334 20.5864
363 36.479 22.0495
221 37.2079 25.1332
480 37.825 27.7446
191 37.8724 27.9451
853 37.9194 28.1445
7 37.965 28.3376
529 37.9995 28.4836
834 38.0322 28.6221
586 38.0664 28.767
787 38.1006 28.9118
421 38.1364 29.0636
160 38.1696 29.2043
822 38.2025 29.3436
467 38.2378 29.4933
261 38.2725 29.64
209 38.3096 29.7972
811 38.3463 29.9525
26 40.3172 30.3956
681 43.6589 31.1469
250 44.5222 31.3411
934 45.334 31.5236
865 46.3247 31.7464
458 47.2611 31.9569
19 47.9307 32.1075
63 48.5875 32.2552
716 48.7916 32.0695
935 49.0086 31.8721
289 49.2391 31.6624
790 49.4424 31.4774
257 49.9481 31.0174
355 50.7011 30.3323
164 51.449 29.6519
828 52.149 29.015
781 52.8306 28.395
785 53.454 27.8278
6 54.1497 27.1948
831 54.7835 26.6182
873 55.3551 26.0982
419 55.9753 25.534
555 56.6144 24.9524
751 57.3467 24.2863
55 58.4829 23.2526
819 60.0568 21.8209
176 61.6067 20.411
24 62.3623 19.7237
504 63.0929 19.0589
598 63.7795 18.4343
959 64.462 17.8134
777 65.2907 17.0594
581 66.1604 16.2682
103 67.157 15.3616
295 69.738 15.5546
979 76.5685 16.0655
721 77.0322 16.1002
260 77.5687 16.1403
