0,483,979,627,243,260,98,345,590,33,520,497,592,609,835,195,274,553,745,387,920,466,107,334,198,242,932,838,425,684,506,977,170,951,136,884,314,967,644,926,102,670,117,942,606,29,143,850,941,656,190,485,767,583,357,70,232,323,842,668,762,538,152,340,605,847,393,112,727,904,201,852,51,579,478,67,837,420,987,962,654,867,68,110,440,647,900,173,650,595,818,315,481,18,937,775,975,744,383,385,332,290,372,322,889,473,660,648,204,450,685,528,25,311,928,725,983,353,820,135,622,580,813,149,71,159,158,620,464,465,845,893,318,740,417,83,145,817,494,251,477,297,52,864,666,285,177,742,42,854,823,544,344,992,395,690,367,911,931,245,12,406,408,880,313,415,378,801,179,317,624,856,737,23,618,814,259,575,229,782,369,887,140,118,746,816,62,434,584,202,567,273,984,185,561,755,642,980,947,896,636,861,280,449,241,754,335,952,343,319,961,530,305,541,165,389,239,774,320,126,156,516,940,139,548,882,536,659,511,532,40,72,539,105,851,826,2,294,416,189,215,562,713,271,569,309,394,172,448,763,877,265,752,141,437,129,866,22,92,738,840,672,150,256,248,559,874,181,564,5,270,193,292,766,375,53,974,470,73,96,392,613,918,206,960,631,428,696,120,430,808,611,697,638,146,773,124,872,20,707,859,786,167,919,649,230,266,60,360,253,768,231,795,424,761,36,885,757,418,44,610,249,651,409,593,441,753,806,184,833,608,578,41,825,296,456,521,93,973,115,714,58,490,28,15,550,227,699,871,306,780,443,399,557,386,288,933,491,76,469,695,50,712,13,1,200,178,405,435,736,39,304,568,982,108,247,244,31,953,693,300,776,462,183,95,905,827,199,750,914,916,446,547,106,138,380,868,711,316,236,678,153,988,263,203,301,401,637,364,803,240,718,969,48,444,169,447,585,442,368,213,560,615,426,944,17,892,495,88,815,400,325,628,635,113,792,556,728,719,374,759,860,75,955,321,830,554,551,570,546,796,90,207,886,890,639,431,717,298,479,272,503,224,427,487,436,346,607,686,970,948,433,339,600,411,398,255,371,734,3,381,946,326,130,192,680,502,630,657,667,81,329,77,445,457,701,14,739,429,97,991,162,219,482,361,846,376,694,220,168,531,234,565,764,784,966,939,747,799,275,338,956,897,507,971,658,726,888,500,34,277,517,119,772,665,703,347,114,879,233,524,601,981,903,79,552,100,182,303,691,589,142,760,132,422,938,352,218,663,527,534,805,463,131,972,849,708,677,214,157,391,212,797,174,909,758,57,312,222,196,279,154,47,542,228,936,858,336,489,166,723,633,925,698,116,122,731,328,771,128,341,749,505,373,841,46,476,652,863,148,958,283,423,700,133,514,496,655,949,78,616,384,499,330,123,985,990,770,10,268,836,486,641,32,86,125,898,794,741,943,474,4,455,87,331,402,572,899,673,74,963,258,602,702,439,121,915,661,710,299,366,682,812,674,61,629,412,646,881,211,187,722,362,348,8,354,488,588,254,824,626,709,573,704,310,822,653,883,287,363,261,407,669,351,246,337,64,26,518,643,549,787,205,379,284,467,160,191,278,679,529,853,934,692,65,829,902,586,834,307,221,111,908,438,11,475,151,688,38,612,869,862,480,706,397,508,535,543,664,37,525,566,388,619,790,155,257,512,7,49,461,522,917,811,414,302,356,403,545,687,748,413,989,783,194,180,342,876,365,410,778,912,210,732,281,264,878,913,839,922,640,735,599,533,493,163,720,571,733,324,89,59,349,705,756,510,929,957,269,127,471,308,267,901,147,891,382,370,359,765,645,603,291,390,237,587,965,30,596,729,137,451,954,574,924,662,950,99,526,789,788,683,501,333,614,927,171,730,56,604,454,689,779,910,80,591,715,252,724,809,21,327,54,404,226,537,223,16,676,558,807,540,350,523,91,235,894,459,484,986,976,563,82,513,225,804,453,895,671,9,802,769,832,800,857,968,855,94,632,144,921,134,109,509,460,104,175,576,582,617,186,35,432,743,84,515,293,810,907,625,964,208,238,468,594,276,843,63,498,623,875,188,69,945,216,791,577,798,282,262,870,85,396,906,161,793,492,597,519,848,621,101,286,923,452,27,716,844,978,43,935,472,821,873,164,289,55,831,355,458,66,250,681,419,785,555,634,781,930,19,377,197,421,217,45,675,959,819,828,751,6,209,865,358,103,777,176,581,598,504,24,721,295,
value : 426.507 running time : 415.819870
0 80 20
483 86.2684 17.5916
979 86.2684 17.5916
627 86.2684 17.5916
243 86.2684 17.5916
260 86.2684 17.5916
98 86.4545 24.6856
345 86.4928 26.1515
590 86.6323 31.4811
33 86.7277 35.1294
520 86.8503 39.8135
497 87.1013 49.3913
592 85.0398 49.4306
609 83.8235 49.4537
835 83.4786 49.4603
195 83.0817 49.4679
274 82.7014 49.4751
553 82.3246 49.4823
745 82.0166 49.4882
387 81.8856 49.4906
920 81.738 49.4935
466 81.587 49.4963
107 81.4778 49.4984
334 81.3272 49.5013
198 81.2419 49.5029
242 81.1511 49.5046
932 81.0543 49.5065
838 80.966 49.5082
425 80.8726 49.5099
684 80.7954 49.5114
506 80.7045 49.5131
977 80.5296 49.5165
170 80.3659 49.5196
951 79.7924 49.5305
136 79.164 49.5425
884 78.4676 49.5558
314 71.2273 49.6938
967 71.1974 49.8419
644 71.1711 49.972
926 71.1419 50.1167
102 71.1124 50.2628
670 71.0872 50.3874
117 71.0582 50.5311
942 71.0292 50.6747
606 71.0055 50.7921
29 70.979 50.9234
143 70.9485 51.0743
850 70.9159 51.2356
941 70.8852 51.3876
656 70.857 51.5273
190 70.8307 51.6572
485 70.8045 51.787
767 70.7788 51.914
583 70.7545 52.0343
357 70.7321 52.1454
70 70.706 52.2746
232 70.682 52.3933
323 70.6558 52.5233
842 70.0155 55.6935
668 68.8143 61.6392
762 68.518 63.1061
538 68.3519 63.9288
152 68.151 64.9236
340 67.9524 65.9068
605 67.769 66.8149
847 67.6155 67.5751
393 67.4846 68.2233
112 67.3418 68.9303
727 67.3534 68.9439
904 67.3644 68.9569
201 67.3754 68.9699
852 67.386 68.9824
51 67.3963 68.9944
579 67.4067 69.0067
478 67.4159 69.0176
67 67.4265 69.03
837 67.4377 69.0434
420 67.4477 69.055
987 67.4578 69.067
962 67.4693 69.0805
654 67.4798 69.093
867 67.4901 69.1051
68 67.4999 69.1166
110 67.5105 69.1291
440 67.5198 69.14
647 67.5301 69.1522
900 67.5416 69.1658
173 67.5511 69.177
650 67.5612 69.1889
595 67.5713 69.2008
818 67.5825 69.214
315 67.5825 69.214
481 69.2488 70.4879
18 70.3311 71.3153
937 71.5306 72.2323
775 72.5104 72.9813
975 73.3628 73.633
744 74.2603 74.3191
383 75.1856 75.0265
385 76.2146 75.8131
332 77.2819 76.6291
290 78.3569 77.4509
372 85.9989 83.2914
322 85.9989 83.2914
889 85.9989 83.2914
473 85.9989 83.2914
660 85.9989 83.2914
648 85.9989 83.2914
204 85.9989 83.2914
450 85.9989 83.2914
685 85.7135 83.5931
528 85.4305 83.8925
25 85.0887 84.254
311 84.7031 84.6618
928 81.4777 88.0736
725 80.7376 88.0935
983 80.0335 88.1124
353 78.9678 88.1411
820 78.2099 88.1615
135 77.3911 88.1835
622 76.5014 88.2075
580 75.9163 88.2232
813 75.4826 88.2349
149 75.0486 88.2465
71 74.7518 88.2545
159 74.4697 88.2621
158 74.1453 88.2708
620 73.817 88.2797
464 73.5759 88.2862
465 73.388 88.2912
845 73.1985 88.2963
893 73.0263 88.3009
318 72.8169 88.3066
740 72.641 88.3113
417 72.1232 88.3252
83 71.5756 88.34
145 71.067 88.3536
817 70.5907 88.3665
494 70.1789 88.3775
251 69.6617 88.3914
477 69.1279 88.4058
297 68.6674 88.4182
52 68.2523 88.4294
864 67.8569 88.44
666 67.3865 88.4526
285 66.8683 88.4666
177 66.3322 88.481
742 65.8981 88.4927
42 65.1188 88.5136
854 64.4044 88.5329
823 63.1613 88.5663
544 61.755 88.6041
344 58.4131 88.694
992 58.2555 88.6982
395 58.0938 88.7026
690 57.9035 88.7077
367 57.7229 88.7126
911 57.5562 88.7171
931 57.4013 88.7213
245 57.2113 88.7264
12 57.0375 88.7311
406 56.8492 88.7361
408 56.6745 88.7408
880 56.5175 88.7451
313 56.3557 88.7494
415 56.2008 88.7536
378 56.0568 88.7575
801 55.8868 88.7621
179 55.6957 88.7672
317 55.5306 88.7716
624 55.339 88.7768
856 55.168 88.7814
737 54.9932 88.7861
23 54.8056 88.7912
618 54.633 88.7958
814 54.4604 88.8005
259 54.3136 88.8044
575 54.1615 88.8085
229 53.9955 88.813
782 53.8133 88.8179
369 53.7167 88.8383
887 53.6151 88.8597
140 53.5104 88.8817
118 53.4117 88.9025
746 53.3056 88.9248
816 53.2174 88.9434
62 53.1129 88.9654
434 53.0167 88.9857
584 52.9295 89.004
202 52.8415 89.0226
567 52.7547 89.0408
273 52.6581 89.0612
984 52.1789 89.1621
185 51.6154 89.2808
561 50.3805 89.5408
755 50.1899 89.581
642 50.0167 89.6175
980 49.8502 89.6525
947 49.6692 89.6906
896 49.488 89.7288
636 49.3064 89.767
861 49.1253 89.8052
280 48.9353 89.8452
449 48.7046 89.8937
241 48.5191 89.9328
754 48.3912 89.9598
335 48.2436 89.9908
952 48.0112 90.0398
343 47.758 90.0931
319 47.5324 90.1406
961 47.3146 90.1865
530 47.0945 90.2328
305 46.8688 90.2803
541 46.6479 90.3269
165 46.4171 90.3755
389 46.1948 90.4223
239 45.9928 90.4648
774 45.8005 90.5053
320 45.5857 90.5505
126 45.3705 90.5959
156 45.132 90.6461
516 44.8989 90.6952
940 44.6541 90.7467
139 44.3546 90.8098
548 44.3546 90.8098
882 44.3546 90.8098
536 44.1918 90.7791
659 44.0252 90.7478
511 43.8548 90.7157
532 43.6806 90.6829
40 43.5083 90.6504
72 43.31 90.6131
539 43.1291 90.5791
105 42.9478 90.5449
851 42.7695 90.5114
826 42.5774 90.4752
2 42.3567 90.4336
294 42.3324 90.429
416 42.3065 90.4242
189 42.2804 90.4193
215 42.263 90.416
562 42.2457 90.4127
713 42.2279 90.4094
271 42.2067 90.4054
569 42.1885 90.402
309 42.17 90.3985
394 42.151 90.3949
172 42.1322 90.3914
448 42.1142 90.388
763 42.0966 90.3847
877 42.0766 90.3809
265 42.0574 90.3773
752 42.0378 90.3736
141 42.0189 90.3701
437 42.0019 90.3669
129 41.9842 90.3635
866 41.966 90.3601
22 41.945 90.3562
92 41.9245 90.3523
738 41.906 90.3488
840 41.8872 90.3453
672 41.8662 90.3413
150 41.8473 90.3378
256 41.8306 90.3346
248 41.8152 90.3317
559 41.3405 90.2422
874 40.785 90.1374
181 40.1531 90.0182
564 39.5272 89.9002
5 38.8899 89.78
270 36.5322 89.3355
193 36.3988 89.3103
292 36.2438 89.2811
766 36.106 89.2551
375 35.9512 89.2259
53 35.5881 89.1573
974 35.211 89.0862
470 34.7928 89.0072
73 34.3822 88.9297
96 34.0063 88.8588
392 33.6441 88.7904
613 33.2795 88.7216
918 32.8841 88.647
206 32.5208 88.5784
960 32.0044 88.481
631 31.4564 88.3776
428 31.0217 88.2956
696 30.6032 88.2166
120 30.2115 88.1427
430 29.8103 88.0669
808 29.768 88.0394
611 29.7217 88.0094
697 29.5931 87.9258
638 29.4904 87.8591
146 29.3866 87.7917
773 29.2607 87.7098
124 29.1387 87.6306
872 29.0293 87.5595
20 28.9345 87.4979
707 28.7866 87.4018
859 28.6077 87.2856
786 28.4541 87.1858
167 28.2885 87.0782
919 28.1407 86.9821
649 27.9871 86.8824
230 27.1574 86.3433
266 25.2118 85.0791
60 24.5867 85.6224
360 23.8458 86.2662
253 23.1818 86.8434
768 22.4668 87.4647
231 22.4668 87.4647
795 22.4668 87.4647
424 22.4668 87.4647
761 22.4668 87.4647
36 22.4668 87.4647
885 22.4668 87.4647
757 22.4668 87.4647
418 22.4668 87.4647
44 22.4668 87.4647
610 22.4668 87.4647
249 22.4668 87.4647
651 22.4668 87.4647
409 22.4668 87.4647
593 22.4668 87.4647
441 22.4668 87.4647
753 22.4668 87.4647
806 22.4668 87.4647
184 22.3399 87.5018
833 22.2235 87.5359
608 22.1145 87.5677
578 22.0051 87.5997
41 21.8917 87.6329
825 21.7681 87.669
296 21.663 87.6997
456 21.5358 87.7369
521 21.4105 87.7736
93 21.2868 87.8098
973 21.169 87.8442
115 21.0652 87.8746
714 20.9661 87.9036
58 20.9661 87.9036
490 20.9661 87.9036
28 20.9661 87.9036
15 20.7305 87.9391
550 20.5366 87.9683
227 20.3029 88.0035
699 20.091 88.0354
871 19.9061 88.0633
306 19.7205 88.0913
780 19.4205 88.1365
443 19.1309 88.1802
399 18.7565 88.2366
557 18.4172 88.2877
386 18.1019 88.3353
288 17.8199 88.3778
933 17.5079 88.4248
491 17.2075 88.4701
76 16.7842 88.5339
469 16.2455 88.6151
695 15.6818 88.7001
50 15.1058 88.7869
712 14.485 88.8805
13 13.8502 88.9761
1 13.2067 89.0731
200 12.5821 89.1673
178 12.0316 89.2502
405 11.9736 89.259
435 11.9167 89.2676
736 11.8597 89.2761
39 11.8021 89.2848
304 11.7503 89.2926
568 11.694 89.3011
982 11.6378 89.3096
108 11.5789 89.3184
247 11.525 89.3266
244 11.4712 89.3347
31 11.4051 89.3446
953 11.3368 89.3549
693 11.2785 89.3637
300 11.2205 89.3724
776 11.1765 89.3791
462 11.1246 89.3869
183 11.0704 89.3951
95 11.006 89.4048
905 10.9412 89.4145
827 10.8816 89.4235
199 10.8267 89.4318
750 10.7734 89.4398
914 10.7178 89.4482
916 10.6685 89.4556
446 10.6067 89.4649
547 10.5427 89.4746
106 10.4863 89.4831
138 10.4338 89.491
380 10.3749 89.4998
868 10.3171 89.5085
711 10.2661 89.5162
316 10.214 89.5241
236 10.1569 89.5327
678 10.0936 89.5422
153 10.0361 89.5509
988 9.97522 89.5601
263 9.97633 89.55
203 9.97741 89.5401
301 9.97832 89.5318
401 9.97927 89.5232
637 9.98022 89.5146
364 9.98117 89.506
803 9.98214 89.4971
240 9.98318 89.4876
718 9.9841 89.4793
969 9.98502 89.4709
48 9.9861 89.4611
444 9.98702 89.4527
169 9.98793 89.4445
447 9.9888 89.4366
585 9.9897 89.4283
442 9.99073 89.419
368 9.99175 89.4097
213 9.99262 89.4018
560 10.1314 88.1351
615 10.2475 87.0759
426 10.3507 86.1341
944 10.4484 85.2431
17 10.5371 84.4334
892 10.6408 83.4865
495 10.7424 82.5602
88 10.849 81.5869
815 10.9597 80.5769
400 11.0736 79.5374
325 11.1813 78.5541
628 11.292 77.5442
635 11.4118 76.4514
113 11.4169 76.4047
792 11.4212 76.3655
556 11.4271 76.312
728 11.4326 76.2616
719 11.438 76.2126
374 11.4449 76.1489
759 11.4511 76.0931
860 11.4579 76.0308
75 11.4639 75.9758
955 11.4706 75.9154
321 11.4771 75.8553
830 11.4832 75.7999
554 11.4896 75.7414
551 11.4965 75.6785
570 11.5026 75.6231
546 11.5092 75.5631
796 11.5163 75.4978
90 11.5224 75.4428
207 11.5372 75.3074
886 11.5503 75.1885
890 11.5636 75.0672
639 11.5782 74.934
431 11.592 74.8079
717 11.6071 74.6698
298 11.6201 74.5513
479 11.6339 74.4252
272 11.6485 74.2923
503 11.6611 74.1775
224 11.6734 74.0651
427 11.687 73.9417
487 11.699 73.832
436 11.7114 73.719
346 11.7264 73.5821
607 11.7413 73.4457
686 11.7558 73.3138
970 11.7704 73.1804
948 11.7829 73.0666
433 11.7949 72.9575
339 11.8087 72.831
600 11.8244 72.6887
411 11.8398 72.5476
398 11.8533 72.4249
255 11.8663 72.3059
371 11.8797 72.1842
734 11.8929 72.0632
3 11.9059 71.945
381 11.9176 71.8379
946 11.929 71.7341
326 11.9421 71.6146
130 11.9575 71.4745
192 11.971 71.3514
680 11.983 71.2417
502 11.9954 71.129
630 12.0083 71.0114
657 12.0199 70.9051
667 12.0334 70.7823
81 12.0477 70.6519
329 12.0613 70.528
77 12.0727 70.4234
445 12.0839 70.3216
457 12.0953 70.2172
701 12.1088 70.0949
14 12.1224 69.9704
739 12.1358 69.8486
429 12.1473 69.7437
97 12.1596 69.6309
991 12.1711 69.5259
162 12.1848 69.4015
219 12.1986 69.2757
482 12.2115 69.1578
361 12.2236 69.0478
846 12.2376 68.9202
376 12.2492 68.814
694 12.2599 68.7167
220 12.2714 68.612
168 12.2838 68.4981
531 12.2989 68.3612
234 12.2989 68.3612
565 12.2989 68.3612
764 12.2989 68.3612
784 12.2989 68.3612
966 12.2989 68.3612
939 12.3089 68.3551
747 12.8307 68.0431
799 13.3463 67.7347
275 14.0905 67.2896
338 14.7483 66.8962
956 15.4209 66.4938
897 15.4209 66.4938
507 15.4209 66.4938
971 15.4209 66.4938
658 15.4209 66.4938
726 15.2862 66.3246
888 15.147 66.1499
500 14.8679 65.7995
34 14.5928 65.4542
277 14.3026 65.09
517 14.0363 64.7556
119 13.8842 64.5647
772 13.725 64.3649
665 13.5479 64.1426
703 13.3799 63.9316
347 13.2093 63.7175
114 13.6074 63.3975
879 13.9873 63.0923
233 14.3854 62.7722
524 14.7369 62.4898
601 15.1013 62.1969
981 15.4508 61.916
903 15.7978 61.6372
79 15.6081 61.1218
552 15.4164 60.6011
100 15.1539 59.8879
182 14.977 59.4074
303 14.8259 58.9968
691 14.6957 58.6432
589 14.5568 58.2659
142 14.4159 57.8831
760 14.2914 57.5449
132 14.171 57.2181
422 13.9763 56.6892
938 13.775 56.1423
352 13.5718 55.5903
218 13.3843 55.0808
663 13.2023 54.5865
527 13.1235 54.3725
534 13.0427 54.153
805 12.966 53.9446
463 12.8882 53.7333
131 12.8226 53.555
972 12.737 53.3227
849 12.6491 53.0837
708 12.6945 52.768
677 12.7422 52.4361
214 12.7883 52.1156
157 12.8394 51.7597
391 12.8546 51.6535
212 12.8694 51.551
797 12.8826 51.4592
174 12.8952 51.3715
909 12.9079 51.2831
758 12.9212 51.1905
57 12.9337 51.1031
312 12.9475 51.007
222 12.9598 50.9219
196 12.9712 50.8424
279 12.9854 50.7436
154 12.9994 50.6464
47 13.012 50.5586
542 13.026 50.4607
228 13.0406 50.3596
936 13.0525 50.2765
858 13.0653 50.1878
336 13.0774 50.1036
489 13.0902 50.0139
166 13.103 49.9249
723 13.1183 49.8183
633 12.7513 49.6856
925 12.0061 49.416
698 11.4826 49.2266
116 10.7991 48.9793
122 10.3533 48.8181
731 10.5853 47.0436
328 10.8805 44.7878
771 10.9227 44.4659
128 10.9631 44.1578
341 11.0059 43.8316
749 11.0497 43.4977
505 11.0942 43.1584
373 11.1428 42.7876
841 11.1942 42.3955
46 11.2489 41.9782
476 11.2981 41.6031
652 11.3459 41.2387
863 11.3988 40.8352
148 11.4501 40.4437
958 11.5024 40.045
283 11.5543 39.6492
423 11.6046 39.2658
700 11.6583 38.8561
133 11.7124 38.4433
514 11.7556 38.114
496 11.7556 38.114
655 11.7556 38.114
949 11.7556 38.114
78 11.7556 38.114
616 11.7556 38.114
384 11.7556 38.114
499 11.7556 38.114
330 11.9009 37.5965
123 12.0612 37.0256
985 12.2464 36.3662
990 12.4057 35.7986
770 12.5779 35.1853
10 12.7933 34.4184
268 13.0314 33.5704
836 13.2292 32.8659
486 13.4042 32.2425
641 13.2154 31.535
32 13.0644 30.9691
86 12.8179 30.0453
125 12.6453 29.3985
898 12.4011 28.4835
794 12.4276 28.2291
741 12.4543 27.9719
943 12.4765 27.7588
474 12.5009 27.5234
4 12.5221 27.3196
455 12.5452 27.0979
87 12.5662 26.8958
331 12.5933 26.6351
402 12.618 26.3981
572 12.6404 26.1823
899 12.6644 25.9515
673 12.6871 25.7332
74 12.7094 25.519
963 12.7334 25.2881
258 12.7566 25.0654
602 12.7788 24.8515
702 12.8043 24.6062
439 12.8171 24.4829
121 12.8171 24.4829
915 12.8171 24.4829
661 12.7745 23.1524
710 12.7314 21.8098
299 12.6816 20.2588
366 12.6239 18.4647
682 12.57 16.7893
812 12.5182 15.1748
674 12.5182 15.1748
61 12.5182 15.1748
629 12.5182 15.1748
412 12.5182 15.1748
646 12.5182 15.1748
881 12.5182 15.1748
211 12.5182 15.1748
187 12.5182 15.1748
722 12.8004 15.1772
362 14.1009 15.1885
348 16.5352 15.2096
8 19.8035 15.2379
354 22.8748 15.2645
488 22.8748 15.2645
588 22.8748 15.2645
254 24.2657 15.1198
824 25.6923 14.9714
626 27.0206 14.8331
709 28.2753 14.7025
573 29.503 14.5746
704 30.558 14.4647
310 31.5338 14.3631
822 32.3831 14.2745
653 33.1958 14.1899
883 33.3255 14.1763
287 33.4625 14.1621
363 33.5965 14.1481
261 33.7381 14.1334
407 33.7381 14.1334
669 33.7381 14.1334
351 33.7381 14.1334
246 33.7381 14.1334
337 33.7381 14.1334
64 33.7381 14.1334
26 33.7381 14.1334
518 33.7381 14.1334
643 32.7599 20.0326
549 31.8783 25.3489
787 31.7354 26.2121
205 31.5939 27.0669
379 31.5663 27.2337
284 31.537 27.4108
467 31.5041 27.6097
160 31.4698 27.8166
191 31.4347 28.0288
278 31.4008 28.2337
679 31.3652 28.449
529 31.3345 28.6342
853 31.3052 28.8114
934 31.2773 28.98
692 31.1381 29.8208
65 30.4628 29.8042
829 30.4628 29.8042
902 30.4628 29.8042
586 30.5211 30.1473
834 30.5723 30.449
307 30.6197 30.7287
221 30.6738 31.0471
111 30.7313 31.3858
908 32.4619 41.5867
438 32.4764 41.6718
11 32.4897 41.7505
475 32.5031 41.8291
151 32.5156 41.9027
688 32.5298 41.9867
38 32.5415 42.0555
612 32.5528 42.1222
869 32.5654 42.1967
862 32.5799 42.282
480 32.5941 42.3655
706 32.6092 42.4543
397 32.6241 42.5422
508 32.6389 42.6293
535 32.6528 42.7117
543 32.6667 42.7937
664 32.6797 42.8701
37 32.6942 42.9554
525 32.7083 43.0388
566 32.7213 43.1153
388 32.735 43.1962
619 32.7489 43.2779
790 32.7614 43.3516
155 32.7755 43.4348
257 32.7885 43.5112
512 32.8646 43.96
7 32.9138 44.2494
49 32.9734 44.6011
461 33.0287 44.9266
522 33.0699 45.1693
917 33.1067 45.3862
811 33.1455 45.6148
414 33.1924 45.8912
302 33.2429 46.189
356 33.2888 46.4596
403 33.3343 46.7274
545 33.3882 47.0453
687 33.43 47.2916
748 33.4794 47.5823
413 33.532 47.8926
989 33.5813 48.1831
783 33.6344 48.4958
194 33.6922 48.8365
180 33.7512 49.184
342 33.8091 49.5254
876 33.6159 54.2057
365 33.5522 55.7553
410 33.4813 57.4716
778 33.4813 57.4716
912 33.4813 57.4716
210 33.4813 57.4716
732 33.4813 57.4716
281 33.4813 57.4716
264 33.4445 58.0533
878 33.4095 58.6088
913 33.4047 58.6843
839 33.3983 58.7862
922 33.3921 58.8843
640 33.3858 58.9837
735 33.3796 59.0824
599 33.373 59.1872
533 33.3667 59.2867
493 33.3602 59.3892
163 33.3533 59.4992
720 33.3475 59.5915
571 33.3413 59.6894
733 33.3361 59.7712
324 33.331 59.8522
89 33.3251 59.9462
59 33.3189 60.0449
349 33.3123 60.1495
705 33.3066 60.2398
756 33.3006 60.3339
510 33.2946 60.4304
929 33.2882 60.5307
957 33.282 60.6292
269 33.2765 60.7171
127 33.27 60.8198
471 33.263 60.9304
308 33.2563 61.0371
267 33.2506 61.1268
901 33.2448 61.22
147 33.2392 61.3075
891 33.2328 61.4091
382 33.2259 61.5191
370 33.2194 61.6224
359 33.2121 61.7368
765 33.2059 61.8363
645 33.1998 61.9324
603 33.1941 62.0228
291 33.1868 62.1383
390 33.1804 62.2396
237 33.1745 62.3338
587 33.1671 62.4514
965 33.1602 62.561
30 33.1537 62.6628
596 33.1467 62.774
729 33.1405 62.8727
137 33.1335 62.9838
451 33.1265 63.0946
954 32.8163 68.002
574 32.7814 68.5551
924 32.7469 69.1006
662 32.7477 69.1439
950 32.7484 69.187
99 32.7484 69.187
526 32.7484 69.187
789 32.7484 69.187
788 32.7484 69.187
683 32.7484 69.187
501 32.7484 69.187
333 32.7484 69.187
614 32.8491 69.1879
927 32.9351 69.1885
171 33.039 69.1894
730 33.1229 69.1901
56 33.2193 69.1908
604 33.2983 69.1915
454 33.3882 69.1922
689 33.4892 69.193
779 33.6009 69.1939
910 33.6886 69.1946
80 33.7743 69.1953
591 33.8556 69.196
715 33.9483 69.1967
252 34.0301 69.1974
724 34.1206 69.1981
809 34.209 69.1988
21 34.2884 69.1994
327 34.3684 69.2001
54 34.4699 69.2009
404 34.5526 69.2016
226 34.6304 69.2022
537 34.7061 69.2028
223 34.7961 69.2035
16 34.8903 69.2043
676 37.71 69.227
558 39.2176 69.2391
807 40.2763 69.2475
540 40.6428 69.2139
350 41.0174 69.1795
523 41.4013 69.1443
91 41.7977 69.1079
235 42.1196 69.0784
894 42.4176 69.051
459 42.7231 69.023
484 43.0468 68.9933
986 43.3634 68.9642
976 43.6448 68.9384
563 43.9605 68.9094
82 44.2591 68.882
513 45.0938 68.8054
225 45.8625 68.7348
804 46.7546 68.653
453 47.8028 68.5568
895 48.7266 68.472
671 49.7303 68.3799
9 49.8283 68.3709
802 49.9199 68.3625
769 50.0235 68.353
832 50.1285 68.3434
800 50.2128 68.3357
857 50.2936 68.3283
968 50.3764 68.3207
855 50.4622 68.3128
94 50.5546 68.3043
632 50.6422 68.2963
144 50.7244 68.2888
921 50.8214 68.2799
134 50.91 68.2717
109 51.0172 68.2619
509 51.1207 68.2524
460 51.1188 68.2486
104 48.8624 63.8501
175 48.8624 63.8501
576 48.8624 63.8501
582 48.8624 63.8501
617 48.8624 63.8501
186 48.8624 63.8501
35 48.8624 63.8501
432 48.8624 63.8501
743 49.0401 63.4756
84 49.2251 63.0859
515 49.4121 62.6919
293 49.5936 62.3095
810 49.7413 61.9984
907 49.889 61.6875
625 49.9778 61.5003
964 50.0672 61.3121
208 50.1579 61.121
238 50.2762 60.872
468 51.0656 57.1793
594 52.0549 52.5496
276 52.071 52.474
843 52.0869 52.3997
63 52.1035 52.3224
498 52.1179 52.2547
623 52.1357 52.1716
875 52.1529 52.0911
188 52.1678 52.0214
69 52.1844 51.9439
945 52.199 51.8757
216 52.2123 51.8133
791 52.2403 51.6826
577 52.2728 51.5307
798 52.3035 51.3868
282 52.3379 51.2259
262 52.3828 51.0158
870 52.4248 50.8195
85 52.4585 50.6619
396 52.4948 50.4924
906 52.5315 50.3204
161 52.5606 50.1846
793 52.6178 49.9169
492 52.6783 49.6342
597 52.733 49.3786
519 52.7979 49.0751
848 52.8583 48.7924
621 52.9118 48.5424
101 53.024 48.018
286 53.1568 47.397
923 53.3637 46.4296
452 53.6758 44.9698
27 54.017 43.3738
716 54.1507 42.7489
844 54.2865 42.1138
978 54.4207 41.4866
43 54.5586 40.842
935 54.6912 40.2218
472 54.8133 39.6511
821 55.3781 37.0085
873 55.77 35.1759
164 55.9959 34.1194
289 56.1679 33.3151
55 56.1679 33.3151
831 56.1679 33.3151
355 56.1679 33.3151
458 56.1679 33.3151
66 56.1679 33.3151
250 56.1679 33.3151
681 56.1679 33.3151
419 56.1679 33.3151
785 56.1679 33.3151
555 56.1679 33.3151
634 56.1679 33.3151
781 56.1679 33.3151
930 56.1679 33.3151
19 56.1679 33.3151
377 56.1679 33.3151
197 56.1679 33.3151
421 56.1679 33.315
217 56.3981 32.9401
45 56.6984 32.4508
675 56.9963 31.9656
959 57.4034 31.3024
819 57.7145 30.7957
828 57.9681 30.3826
751 58.2361 29.9461
6 58.5191 29.4851
209 58.7823 29.0564
865 59.1031 28.5337
358 59.5955 27.7317
103 67.2019 15.346
777 67.8571 15.5843
176 68.6035 15.8558
581 69.3994 16.1452
598 70.3041 16.4743
504 71.1928 16.7975
24 72.1145 17.1328
721 73.1389 17.5054
295 74.3663 17.9518
