0,98,590,274,29,323,670,745,592,520,33,835,684,977,497,107,170,838,951,242,425,884,920,932,967,198,506,850,387,941,583,136,190,143,553,942,195,609,232,334,656,478,647,485,907,102,468,515,440,282,968,85,904,208,964,767,201,837,900,393,579,290,152,975,385,173,962,650,852,383,340,420,987,762,238,293,332,744,71,51,775,818,867,67,654,110,595,68,465,648,25,372,685,204,450,311,660,889,417,528,740,322,473,251,544,928,620,854,666,52,983,725,580,353,494,893,820,135,149,845,318,42,817,567,229,575,477,801,931,285,813,742,823,864,145,481,83,937,159,464,158,273,622,177,992,315,112,9,671,668,727,509,832,259,800,18,335,344,856,911,947,118,952,320,816,185,297,82,416,140,530,406,774,782,895,826,202,737,317,961,434,984,23,62,882,511,532,624,584,690,309,156,866,516,887,896,980,713,389,562,248,738,239,754,636,814,343,105,181,539,569,548,766,746,375,541,139,752,707,918,631,559,5,960,265,874,165,808,974,409,428,392,20,611,786,448,53,92,146,613,44,333,469,76,806,833,96,120,256,773,41,696,50,859,249,368,490,638,550,141,292,649,872,189,2,231,172,394,437,296,72,662,215,571,252,60,840,223,954,878,724,757,418,390,574,266,730,124,16,226,501,404,507,175,21,493,720,526,789,587,327,359,927,689,184,168,601,965,167,658,326,697,454,591,946,537,608,443,888,950,726,479,339,578,886,825,551,503,88,491,306,28,271,470,768,885,610,36,424,360,651,593,430,753,699,487,253,750,442,435,871,115,973,916,761,521,456,714,93,15,827,462,441,227,988,183,982,95,711,905,405,301,447,108,247,568,213,39,628,169,300,240,444,792,547,546,718,736,90,263,153,914,637,446,693,203,759,719,615,868,401,585,106,953,380,364,316,436,678,969,200,776,244,138,495,1,304,13,17,712,236,199,803,560,796,695,325,399,557,386,288,933,635,58,554,272,361,97,431,955,966,694,224,948,970,219,162,113,991,429,500,433,717,665,830,298,426,815,728,346,680,178,657,892,944,321,75,570,48,860,739,667,734,639,890,556,799,3,457,338,207,400,374,482,686,607,939,14,517,234,77,445,255,371,381,427,31,398,780,524,701,275,100,760,347,131,764,59,552,903,733,411,349,329,220,630,81,691,972,99,600,957,130,599,846,772,924,451,502,735,196,114,677,981,633,756,324,956,545,797,858,913,698,938,79,89,788,267,640,34,897,496,132,663,936,182,589,336,352,279,703,565,142,542,119,233,708,192,879,277,531,214,218,122,849,128,157,747,47,925,784,376,116,499,228,958,328,505,166,330,863,154,909,534,652,303,57,770,616,373,749,312,222,341,489,463,805,527,908,174,949,212,148,771,841,391,78,758,46,283,990,10,11,612,664,723,125,655,486,205,869,403,679,474,151,32,549,268,943,602,476,123,384,388,514,700,423,985,731,898,86,572,710,4,455,794,661,87,331,187,674,682,646,299,412,258,348,362,133,673,74,402,881,722,629,488,8,812,641,211,963,366,741,61,588,899,824,915,354,64,284,221,278,883,287,439,26,704,246,702,254,363,643,407,351,669,111,626,902,709,307,337,310,573,65,121,811,836,829,508,397,475,37,356,790,566,480,862,989,692,529,452,257,525,535,147,38,917,49,269,237,414,876,104,7,370,748,603,809,302,687,543,413,180,783,706,438,619,461,281,522,533,929,308,422,510,705,891,137,688,645,901,382,729,971,127,765,922,30,621,350,540,804,910,365,54,779,291,91,410,683,163,171,894,604,614,596,206,241,193,126,144,270,807,230,564,449,919,150,672,795,73,22,877,319,976,563,80,294,755,632,802,561,763,129,536,861,618,305,642,313,415,280,369,940,179,880,659,408,367,851,40,12,513,94,582,857,921,245,395,847,378,453,432,605,460,769,84,134,855,109,225,484,715,986,35,262,286,617,186,576,743,798,597,471,459,839,264,235,216,558,676,56,523,498,778,912,848,492,732,396,519,793,538,945,194,210,472,342,791,161,577,810,63,875,69,101,625,623,923,906,606,675,634,358,117,466,926,842,217,377,594,644,357,43,870,978,314,70,19,276,66,844,716,458,188,843,197,935,355,512,250,160,865,421,155,681,586,785,787,853,191,822,261,834,467,379,164,959,930,819,6,209,419,55,27,555,821,831,45,781,873,828,289,777,934,653,751,518,103,176,581,295,24,598,504,721,260,483,243,979,345,627,
value : 533.323 running time : 46.055444
0 80 20
98 82.1994 31.3043
590 82.0386 33.5018
274 81.8695 35.8134
29 81.7185 37.8764
323 81.6056 39.4192
670 81.91 40.4217
745 82.1436 41.1906
592 82.3932 42.0123
520 82.634 42.8052
33 82.902 43.6873
835 83.7271 46.4053
684 84.7457 49.7615
977 85.0799 50.8622
497 85.3481 51.7453
107 84.9237 51.8495
170 84.471 51.9607
838 83.9808 52.0811
951 83.5293 52.192
242 83.0505 52.3096
425 82.5709 52.4274
884 82.1637 52.5274
920 81.675 52.6474
932 81.2163 52.76
967 80.7772 52.8679
198 80.3689 52.9681
506 79.9276 53.0765
850 79.3654 53.2146
387 78.9127 53.3257
941 78.4256 53.4454
583 78.0146 53.5463
136 77.6413 53.638
190 77.1233 53.7652
143 76.8856 53.8236
553 76.8229 53.839
942 76.7577 53.855
195 76.7013 53.8688
609 76.6371 53.8846
232 75.6228 54.1338
334 73.726 55.6934
656 71.9077 57.1884
478 70.1806 58.6083
647 68.8705 59.6856
485 67.9852 60.4134
907 67.0959 61.1446
102 66.3209 61.7818
468 65.2239 62.6838
515 64.9338 62.9223
440 64.6487 63.1567
282 64.3682 63.3873
968 64.1635 63.5556
85 64.1635 63.5556
904 64.4859 63.8443
208 64.7364 64.0684
964 64.9948 64.2997
767 65.2981 64.5711
201 65.6494 64.8856
837 65.9257 65.1329
900 66.154 65.3373
393 66.3618 65.5232
579 66.6026 65.7387
290 66.796 65.9118
152 66.9872 66.0829
975 67.1828 66.258
385 67.3697 66.4253
173 67.4069 66.4586
962 67.4496 66.4968
650 67.4901 66.533
852 67.5349 66.5732
383 67.5778 66.6115
340 67.6137 66.6437
420 67.6523 66.6782
987 67.6903 66.7122
762 67.728 66.746
238 67.7694 66.783
293 67.8118 66.8209
332 70.2318 68.9876
744 70.6164 69.3318
71 70.9936 69.6695
51 71.3301 69.9707
775 71.6803 70.284
818 71.9162 70.4952
867 72.1172 70.6751
67 72.329 70.8647
654 72.5728 71.0829
110 72.8124 71.2973
595 73.0499 71.5098
68 73.3984 71.8218
465 77.0726 75.1116
648 81.5427 79.0652
25 85.073 82.1877
372 85.9916 83.0002
685 85.948 83.0408
204 85.9084 83.0777
450 85.8692 83.1142
311 85.71 83.2624
660 85.5392 83.4214
889 85.0947 83.8354
417 84.6854 84.2165
528 84.3654 84.5144
740 83.1741 85.6238
322 81.9041 86.8063
473 80.6135 88.0081
251 78.8829 89.6196
544 78.5348 89.9437
928 78.5348 89.9437
620 75.5887 89.2006
854 75.5887 89.2006
666 75.5887 89.2006
52 75.5887 89.2006
983 75.5887 89.2006
725 75.4585 89.1075
580 75.3376 89.021
353 75.2002 88.9228
494 75.0726 88.8316
893 74.9472 88.7419
820 74.8166 88.6485
135 74.6774 88.549
149 74.0063 88.0692
845 73.1962 87.49
318 72.4554 86.9604
42 71.5748 86.3307
817 70.7475 85.7393
567 69.6312 84.9412
229 68.6365 84.2301
575 68.5803 84.1899
477 68.5283 84.1527
801 68.4701 84.111
931 68.4179 84.0737
285 68.3713 84.0404
813 68.3186 84.0028
742 68.263 83.963
823 68.2032 83.9202
864 68.1452 83.8788
145 68.0837 83.8348
481 68.0224 83.791
83 67.9651 83.7499
937 67.9113 83.7115
159 67.8608 83.6754
464 67.8077 83.6374
158 67.7319 83.5832
273 67.6501 83.5247
622 67.5705 83.4678
177 67.4902 83.4104
992 67.4096 83.3527
315 64.5428 81.3033
112 63.11 80.279
9 62.6479 79.9486
671 62.2295 79.6495
668 61.8247 79.36
727 61.3285 79.8976
509 60.5902 80.6973
832 59.7252 81.6344
259 58.7781 82.6604
800 58.0248 83.4765
18 57.1763 84.3958
335 55.7077 85.9867
344 53.9442 87.8972
856 53.9442 87.8972
911 53.9442 87.8972
947 53.9442 87.8972
118 53.9442 87.8972
952 53.9442 87.8972
320 53.9442 87.8972
816 53.9442 87.8972
185 53.9442 87.8972
297 53.9442 87.8972
82 52.9576 88.0918
416 52.3784 88.2061
140 52.2763 88.2263
530 52.1627 88.2487
406 52.0555 88.2698
774 51.9482 88.291
782 51.839 88.3125
895 51.7179 88.3364
826 51.6025 88.3592
202 51.5021 88.379
737 51.3904 88.401
317 51.2707 88.4247
961 51.1061 88.4571
434 50.9684 88.4843
984 50.8382 88.51
23 50.6713 88.5429
62 50.5034 88.576
882 50.3401 88.6083
511 50.1783 88.6402
532 50.0209 88.6712
624 49.8766 88.6997
584 49.7322 88.7282
690 49.3677 88.8001
309 48.9154 88.8894
156 48.6046 88.9507
866 48.2905 89.0126
516 48.0196 89.0661
887 47.7504 89.1192
896 47.4194 89.1845
980 47.0599 89.2555
713 46.6352 89.3392
389 46.2446 89.4163
562 45.9111 89.4821
248 45.5511 89.5531
738 45.1479 89.6327
239 44.8891 89.6837
754 44.6387 89.7332
636 44.314 89.7972
814 43.9499 89.8691
343 43.5898 89.9401
105 43.2323 90.0106
181 42.8398 90.0881
539 42.503 90.1545
569 42.1476 90.2247
548 41.8136 90.2905
766 41.5145 90.3496
746 41.2297 90.4058
375 40.8892 90.4729
541 40.5419 90.5415
139 39.417 90.7634
752 38.5478 90.9349
707 37.7905 91.0843
918 37.0211 91.2361
631 36.3064 91.3771
559 36.3064 91.3771
5 36.3064 91.3771
960 36.1504 91.2699
265 36.0109 91.1739
874 35.8694 91.0766
165 35.58 90.8776
808 35.2043 90.6192
974 34.8639 90.3851
409 34.4379 90.0921
428 34.4208 90.0575
392 34.4061 90.0276
20 34.3925 90
611 34.3779 89.9701
786 34.1664 89.5401
448 33.9569 89.1142
53 33.7341 88.6611
92 33.4794 88.1431
146 33.2255 87.6269
613 32.9696 87.1067
44 32.6252 86.4064
333 31.7703 84.6684
469 31.1651 83.4378
76 31.1651 83.4378
806 31.1651 83.4378
833 31.1651 83.4378
96 31.1642 83.4341
120 31.1632 83.43
256 31.1622 83.4255
773 31.1611 83.4211
41 31.1601 83.4169
696 31.1592 83.4132
50 31.1583 83.4091
859 31.1573 83.405
249 31.1563 83.4007
368 31.1553 83.3966
490 31.1543 83.3923
638 31.1533 83.3882
550 31.1522 83.3837
141 31.1513 83.3799
292 31.1503 83.3758
649 31.1493 83.3715
872 31.1483 83.3671
189 31.1473 83.3632
2 31.1464 83.3594
231 31.1456 83.3558
172 31.1446 83.3518
394 31.1436 83.3476
437 31.1426 83.3434
296 31.1416 83.339
72 31.1407 83.3353
662 30.9029 82.3371
215 30.7194 81.5672
571 30.4949 80.6246
252 30.3849 80.163
60 30.278 79.7141
840 30.1705 79.2631
223 30.0466 78.7428
954 29.92 78.2116
878 29.7887 77.6602
724 29.6803 77.2053
757 29.5806 76.7867
418 29.4682 76.3151
390 29.2822 75.5342
574 29.1768 75.0919
266 29.0756 74.667
730 28.9788 74.2607
124 28.8831 73.8592
16 28.7784 73.4197
226 28.6642 72.9401
501 28.5304 72.3787
404 28.4127 71.8845
507 28.2835 71.342
175 28.2835 71.342
21 28.2835 71.342
493 28.2835 71.342
720 28.0795 71.5293
526 27.8744 71.7177
789 27.6818 71.8945
587 27.4964 72.0647
327 27.3066 72.239
359 27.1217 72.4087
927 26.9138 72.5996
689 26.7121 72.7848
184 26.4898 72.9889
168 26.3132 73.1511
601 26.1557 73.2957
965 25.9929 73.4451
167 25.8173 73.6064
658 25.6439 73.7656
326 25.4733 73.9222
697 25.3189 74.0639
454 25.1695 74.2011
591 25.014 74.3439
946 24.8344 74.5088
537 24.6687 74.6609
608 24.4975 74.8181
443 24.3376 74.9649
888 24.1825 75.1073
950 24.021 75.2556
726 23.8573 75.4059
479 23.6966 75.5534
339 23.5391 75.698
578 23.3861 75.8385
886 23.2267 75.9848
825 23.0707 76.1281
551 22.9169 76.2693
503 22.7719 76.4024
88 23.2967 81.855
491 23.8366 87.4646
306 23.8509 87.6132
28 23.8632 87.7412
271 23.8742 87.8549
470 23.6985 87.9083
768 23.1846 88.0647
885 22.8031 88.1807
610 22.4292 88.2944
36 22.0451 88.4112
424 21.6533 88.5304
360 21.2525 88.6523
651 20.8795 88.7657
593 20.4983 88.8817
430 20.1296 88.9938
753 19.6732 89.1326
699 19.2301 89.2673
487 18.8511 89.3826
253 18.2984 89.5507
750 16.5309 90.0884
442 15.8351 90.3001
435 15.1517 90.5079
871 15.1517 90.5079
115 15.1517 90.5079
973 15.1517 90.5079
916 15.1517 90.5079
761 15.1517 90.5079
521 15.1517 90.5079
456 15.0523 90.4908
714 14.9492 90.473
93 14.5777 90.4092
15 14.2553 90.3537
827 13.8875 90.2905
462 13.6222 90.2448
441 13.3529 90.1985
227 12.2913 90.016
988 10.0477 89.6302
183 10.044 89.6115
982 10.0405 89.5939
95 10.0373 89.5773
711 10.0343 89.5621
905 10.0308 89.5442
405 10.0279 89.5292
301 10.0245 89.5121
447 10.0213 89.4956
108 10.0179 89.4786
247 10.0148 89.4626
568 10.0118 89.4474
213 10.0088 89.4323
39 9.99666 89.3703
628 9.98344 89.3029
169 9.97115 89.2403
300 9.9592 89.1795
240 9.9475 89.1198
444 9.93656 89.0641
792 9.92543 89.0074
547 9.91443 88.9514
546 9.9028 88.8921
718 9.89204 88.8373
736 9.88069 88.7795
90 9.86877 88.7187
263 9.88376 88.7197
153 9.89894 88.7207
914 9.91381 88.7216
637 9.92871 88.7225
446 9.9435 88.7235
693 9.95724 88.7244
203 9.97043 88.7252
759 9.98411 88.7261
719 9.99878 88.727
615 10.0131 88.7279
868 10.0278 88.7288
401 10.0422 88.7298
585 10.057 88.7307
106 10.0722 88.7317
953 10.0867 88.7326
380 10.1024 88.7336
364 10.1165 88.7345
316 10.1311 88.7354
436 10.145 88.7363
678 10.1593 88.7372
969 10.1745 88.7382
200 10.1914 88.7392
776 10.2083 88.7403
244 10.2369 88.5273
138 10.2586 88.3651
495 10.2831 88.1827
1 10.3053 88.0168
304 10.3273 87.8525
13 10.3495 87.687
17 10.3749 87.4971
712 10.3996 87.3128
236 10.4243 87.1289
199 10.4519 86.923
803 10.4812 86.7038
560 10.5128 86.4681
796 10.5401 86.2645
695 10.5601 86.1153
325 10.5814 85.9561
399 10.6019 85.8032
557 10.622 85.6537
386 10.643 85.4966
288 10.6655 85.3291
933 10.6885 85.1569
635 11.7182 77.4768
58 11.7182 77.4768
554 11.4951 77.0603
272 11.305 76.7054
361 11.1439 76.4047
97 10.9756 76.0904
431 10.8344 75.8268
955 10.6354 75.4553
966 10.3952 75.0068
694 10.3952 75.0068
224 10.3952 75.0068
948 10.3952 75.0068
970 10.3952 75.0068
219 10.3952 75.0068
162 10.3952 75.0068
113 10.3952 75.0068
991 10.3952 75.0068
429 10.3952 75.0068
500 10.3952 75.0068
433 10.3952 75.0068
717 10.3952 75.0068
665 10.3952 75.0068
830 10.3952 75.0068
298 10.3952 75.0068
426 10.3952 75.0068
815 10.3952 75.0068
728 10.4263 74.8765
346 10.4577 74.7448
680 10.4877 74.6187
178 10.5116 74.5184
657 10.5401 74.3991
892 10.5656 74.2921
944 10.5939 74.1734
321 10.6278 74.0311
75 10.6591 73.8997
570 10.6981 73.736
48 10.7415 73.5539
860 10.7891 73.3541
739 10.8388 73.1456
667 10.877 72.9854
734 10.9176 72.8147
639 10.9536 72.6639
890 10.9912 72.5061
556 11.0357 72.3193
799 11.0838 72.1173
3 11.1279 71.9323
457 11.1652 71.7756
338 11.2083 71.5949
207 11.2476 71.4301
400 11.2933 71.2383
374 11.3379 71.0512
482 11.3886 70.8382
686 11.4316 70.6578
607 11.4773 70.4662
939 11.5259 70.2621
14 11.5439 70.1868
517 11.5623 70.1093
234 11.5818 70.0275
77 11.5944 69.9746
445 11.6069 69.9223
255 11.6206 69.8649
371 11.6337 69.8096
381 11.6463 69.757
427 11.6586 69.7054
31 11.6702 69.6566
398 11.749 69.3258
780 11.8201 69.0274
524 12.1584 67.6079
701 12.4466 66.3985
275 12.8202 64.831
100 13.27 62.9436
760 13.27 62.9436
347 13.27 62.9436
131 14.0295 62.8346
764 14.797 62.7245
59 15.5626 62.6146
552 15.7227 62.5916
903 15.8864 62.5682
733 15.9852 62.554
411 16.0772 62.5408
349 16.1767 62.5266
329 16.2669 62.5136
220 16.3594 62.5004
630 16.4449 62.4881
81 16.5361 62.475
691 16.628 62.4618
972 16.7216 62.4484
99 16.8271 62.4333
600 17.0189 62.2028
957 17.2877 61.8798
130 17.442 61.6943
599 17.6203 61.4799
846 17.7758 61.2931
772 17.9291 61.1089
924 18.0852 60.9212
451 18.256 60.716
502 18.4055 60.5363
735 18.62 60.2785
196 18.7939 60.0695
114 18.9799 59.8459
677 19.19 59.5933
981 19.4156 59.3222
633 19.6417 59.0505
756 19.8345 58.8188
324 20.0105 58.6073
956 20.1779 58.4061
545 20.3596 58.1877
797 20.5263 57.9873
858 20.6709 57.8135
913 20.8239 57.6297
698 20.8987 57.5398
938 20.9786 57.4437
79 21.0598 57.3461
89 21.1501 57.2376
788 20.8443 57.102
267 20.4938 56.9466
640 20.0888 56.767
34 19.6225 56.5602
897 19.1486 56.35
496 18.6331 56.1215
132 18.2316 55.9434
663 17.6421 55.682
936 17.2236 55.8846
182 16.8471 56.0668
589 16.4444 56.2617
336 16.1045 56.4262
352 15.7577 56.594
279 15.4054 56.7645
703 15.0198 56.9512
565 14.6971 57.1074
142 14.3845 57.2586
542 13.9721 57.4583
119 13.5412 57.6668
233 13.2844 57.7911
708 12.9623 57.947
192 12.6791 58.084
879 12.3932 58.2224
277 12.1327 58.3485
531 12.0225 57.3648
214 11.906 56.3242
218 11.8017 55.3934
122 11.704 54.521
849 11.6253 53.8175
128 11.5482 53.1293
157 11.5385 53.0425
747 11.53 52.9672
47 11.5199 52.8767
925 11.5108 52.7953
784 11.5015 52.7124
376 11.4909 52.6173
116 11.1165 49.2746
499 10.8014 46.4606
228 10.7662 46.1465
958 10.7298 45.8216
328 10.6976 45.5341
505 10.6976 45.5341
166 10.6976 45.5341
330 10.7365 45.4857
863 10.7735 45.4396
154 10.8073 45.3976
909 10.8408 45.3558
534 10.876 45.312
652 10.9101 45.2695
303 10.9428 45.2288
57 10.9797 45.1828
770 11.0198 45.1329
616 11.0566 45.0871
373 11.0895 45.0461
749 11.1243 45.0028
312 11.1609 44.9572
222 11.1962 44.9132
341 11.2311 44.8697
489 11.2658 44.8265
463 11.3021 44.7814
805 11.3371 44.7378
527 11.3733 44.6927
908 12.115 43.7689
174 12.3828 43.4353
949 12.6612 43.0887
212 12.9211 42.765
148 13.1972 42.4212
771 13.4533 42.1023
841 13.7005 41.7943
391 13.9925 41.4307
78 14.3448 40.992
758 14.6577 40.6023
46 15.0037 40.1714
283 15.418 39.6555
990 15.8417 39.1278
10 16.2904 38.5689
11 16.7612 37.9826
612 17.119 37.537
664 17.4351 37.1434
723 17.6381 36.8906
125 17.856 36.6193
655 18.0827 36.337
486 18.3258 36.0341
205 18.539 35.7687
869 18.7539 35.501
403 18.9392 35.2702
679 19.4113 34.6823
474 19.4113 34.6823
151 19.4327 34.7159
32 19.2858 34.7419
549 19.1554 34.7649
268 19.014 34.7899
943 18.8809 34.8134
602 18.7453 34.8373
476 18.5841 34.8658
123 18.431 34.8928
384 18.431 34.8928
388 18.431 34.8928
514 14.3999 32.1354
700 14.3999 32.1354
423 14.3999 32.1354
985 14.3999 32.1354
731 14.3999 32.1354
898 12.2371 27.238
86 12.2495 26.9872
572 12.2723 26.5244
710 12.2938 26.089
4 12.3146 25.6674
455 12.3366 25.2214
794 12.3576 24.7954
661 12.381 24.3203
87 12.4019 23.897
331 12.487 22.1709
187 12.5739 20.4085
674 12.5813 20.2589
682 12.5881 20.1195
646 12.5947 19.9868
299 12.6007 19.8655
412 12.6077 19.7228
258 12.6143 19.5895
348 12.6218 19.4375
362 12.6285 19.3018
133 12.6346 19.1781
673 12.6426 19.0167
74 12.6507 18.8519
402 12.7021 17.8105
881 12.7635 16.5645
722 12.8047 15.7284
629 12.8151 15.5195
488 12.8249 15.3208
8 12.8342 15.1319
812 12.8433 14.9473
641 12.9096 14.9654
211 12.9602 14.9793
963 13.0107 14.9932
366 13.2867 15.0688
741 13.5461 15.14
61 13.8009 15.2098
588 16.2568 15.8828
899 19.6586 16.8149
824 22.3384 17.5493
915 23.7626 17.9396
354 25.0213 18.2846
64 26.1691 18.5992
284 27.2633 18.8991
221 28.4027 19.2114
278 29.5296 19.5203
883 29.5296 19.5203
287 29.5296 19.5203
439 29.5163 19.6579
26 29.5046 19.7787
704 29.4926 19.9023
246 29.4797 20.0357
702 29.4672 20.1652
254 29.4554 20.2871
363 29.4444 20.4014
643 29.4319 20.5307
407 29.4206 20.6471
351 29.402 20.8393
669 29.3808 21.0583
111 29.3427 21.4528
626 29.3043 21.8508
902 29.2657 22.2502
709 29.2288 22.6318
307 29.1926 23.0062
337 29.1578 23.3664
310 29.1194 23.7636
573 29.0592 24.3872
65 28.7723 27.3663
121 28.7623 27.4705
811 28.7524 27.5727
836 28.7436 27.6633
829 29.6008 31.807
508 30.4656 35.9869
397 30.6845 37.0459
475 30.8694 37.9399
37 31.0145 38.642
356 31.1456 39.2764
790 31.236 39.7136
566 31.3286 40.1615
480 31.4127 40.5686
862 31.4989 40.9856
989 31.58 41.3778
692 31.6556 41.7437
529 31.7328 42.1175
452 31.8201 42.5395
257 31.8201 42.5395
525 31.9448 43.3417
535 32.065 44.1147
147 32.1888 44.9108
38 32.2931 45.581
917 32.4035 46.2914
49 32.5296 47.1023
269 32.649 47.8696
237 32.7638 48.6081
414 32.8623 49.2409
876 32.9866 50.0404
104 33.1157 50.8707
7 33.1275 50.9466
370 33.1527 51.1083
748 33.1735 51.2421
603 33.1986 51.4036
809 33.2233 51.5624
302 33.2431 51.6898
687 33.2638 51.8225
543 33.289 51.9847
413 33.3154 52.1545
180 33.3419 52.3248
783 33.3662 52.481
706 33.3921 52.647
438 33.4204 52.8287
619 33.5054 53.3755
461 33.6043 54.0113
281 33.7006 54.6305
522 33.4191 55.0934
533 33.0815 55.6486
929 32.7449 56.2021
308 32.4066 56.7585
422 32.1294 57.2144
510 32.2418 57.4898
705 32.3583 57.7752
891 32.4803 58.0742
137 32.6093 58.3904
688 32.7227 58.6684
645 32.8575 58.9987
901 32.9774 59.2924
382 33.0982 59.5885
729 33.2204 59.888
971 33.3476 60.1998
127 33.4408 60.4282
765 33.5473 60.6892
922 33.6456 60.93
30 33.7508 61.188
621 33.8578 61.4502
350 35.7095 66.1026
540 36.1497 67.2083
804 36.4529 67.9698
910 36.7939 68.8262
365 37.1228 69.6524
54 37.485 70.562
779 37.982 71.8105
291 38.4957 73.1009
91 39.3037 75.1305
410 39.2898 75.2872
683 39.272 75.488
163 39.249 75.7471
171 39.225 76.0169
894 39.1997 76.3026
604 39.1727 76.6068
614 39.1467 76.8993
596 39.1218 77.1798
206 38.7162 81.7495
241 38.704 81.8874
193 38.6925 82.0173
126 38.6808 82.1489
144 38.6689 82.2829
270 38.6549 82.4405
807 38.64 82.6087
230 38.6245 82.7832
564 38.6116 82.9286
449 38.5961 83.1032
919 38.5893 83.1802
150 38.5816 83.2667
672 38.5816 83.2667
795 38.5816 83.2667
73 38.5816 83.2667
22 39.1847 83.1865
877 39.844 83.0988
319 40.5519 83.0047
976 41.1926 82.9194
563 41.8409 82.8332
80 42.4231 82.7557
294 43.1411 82.6602
755 43.8676 82.5636
632 44.5898 82.4676
802 44.9553 82.4189
561 45.2931 82.3739
763 45.6501 82.3264
129 46.0772 82.2696
536 46.5734 82.2036
861 47.0546 82.1396
618 47.5007 82.0802
305 47.6159 82.0649
642 47.7393 82.0484
313 47.8687 82.0312
415 47.8876 82.0042
280 47.9065 81.9773
369 47.9241 81.9521
940 47.941 81.9279
179 47.9579 81.9038
880 47.9748 81.8798
659 47.9909 81.8568
408 48.0069 81.834
367 48.0236 81.81
851 48.2632 81.4679
40 48.5194 81.1021
12 48.7858 80.7218
513 49.04 80.3588
94 49.2963 79.9928
582 49.54 79.6449
857 49.7669 79.3209
921 49.985 79.0095
245 50.2026 78.6989
395 50.4478 78.3487
847 50.5115 78.2578
378 50.5115 78.2578
453 50.1462 76.7506
432 49.9407 75.9026
605 49.7363 75.0592
460 49.5688 74.368
769 49.235 72.9908
84 48.8682 71.4774
134 48.6195 70.4509
855 48.372 69.4295
109 48.1362 68.4563
225 47.8739 67.374
484 47.6038 66.2594
715 47.3066 65.0333
986 47.0184 63.8441
35 46.5526 61.9221
262 46.132 60.1869
286 46.0734 59.9452
617 46.0162 59.7087
186 45.944 59.4108
576 45.8815 59.153
743 45.8163 58.8838
798 45.7445 58.5876
597 45.6713 58.2853
471 45.603 58.0034
459 45.5369 57.7304
839 45.4606 57.4159
264 45.4606 57.4159
235 45.4606 57.4158
216 45.4606 57.4158
558 45.4606 57.4158
676 45.4606 57.4158
56 45.4606 57.4158
523 45.4606 57.4158
498 45.3034 56.4621
778 45.1438 55.4937
912 45.52 55.2503
848 46.6799 54.4999
492 47.5876 53.9125
732 48.3578 53.4141
396 49.7342 52.5236
519 50.7139 51.8897
793 51.6158 51.3061
538 52.5748 50.6856
945 52.5748 50.6856
194 52.5748 50.6856
210 52.5748 50.6856
472 52.5748 50.6856
342 52.5748 50.6856
791 52.5748 50.6856
161 52.7785 50.5416
577 53.0393 50.3572
810 53.306 50.1687
63 53.5902 49.9679
875 53.8751 49.7664
69 54.1578 49.5666
101 54.4515 49.3591
625 54.7718 49.1327
623 55.4537 48.6504
923 56.1596 48.1513
906 56.986 47.5667
606 57.8294 46.9702
675 58.6315 46.4029
634 59.382 45.8722
358 60.0988 45.3653
117 60.7913 44.8757
466 61.446 44.4126
926 61.2376 44.3787
842 61.024 44.3439
217 60.8086 44.3087
377 60.6018 44.275
594 60.3969 44.2416
644 60.1975 44.2092
357 59.9938 44.176
43 59.783 44.1416
870 59.5708 44.107
978 59.3756 44.0752
314 59.1833 44.0439
70 58.9795 44.0107
19 58.7613 43.9751
276 58.7613 43.9751
66 58.7613 43.9751
844 58.7613 43.9751
716 58.7613 43.9751
458 58.7613 43.9751
188 58.7613 43.9751
843 56.4529 42.2784
197 54.49 40.8357
935 52.9677 39.7169
355 51.972 38.9852
512 50.9018 38.1987
250 48.5914 36.403
160 46.6755 34.914
865 46.273 34.6012
421 45.8478 34.2709
155 45.4341 33.9495
681 44.7345 33.4058
586 43.798 32.6781
785 42.946 32.0161
787 41.8471 31.162
853 42.3402 31.121
191 42.8124 31.0818
822 43.2885 31.0422
261 43.9915 30.9838
834 44.7402 30.9216
467 45.5994 30.8502
379 46.5319 30.7726
164 49.7202 30.5073
959 52.8334 30.2483
930 52.9779 30.2363
819 53.125 30.2241
6 53.2439 30.2142
209 53.3544 30.205
419 53.4779 30.1948
55 53.6101 30.1838
27 53.7395 30.1731
555 53.8663 30.1625
821 54.0086 30.1507
831 54.1341 30.1403
45 54.2586 30.1299
781 54.0618 29.0184
873 53.8412 27.7719
828 53.6461 26.6701
289 53.3202 24.8288
777 52.9859 22.9404
934 52.888 22.3873
653 52.777 21.7603
751 52.6873 21.2539
518 51.3502 13.6995
103 59.777 14.1053
176 61.9344 14.2093
581 63.6694 14.2929
295 65.497 14.381
24 67.3534 14.4705
598 69.3077 14.5648
504 71.6062 14.6756
721 75.1336 14.8456
260 81.2005 15.1378
483 84.3401 15.2891
243 84.3401 15.2891
979 84.3401 15.2891
345 84.3401 15.2891
627 84.3401 15.2891
