0,15,14,13,11,12,36,34,35,32,33,30,31,29,1,2,3,4,5,6,7,8,9,10,21,22,23,24,25,26,27,28,19,20,18,17,16,
value : 349.135 running time : 2.043255
0 100 100
15 131.958 89.0561
14 132.173 82.3517
13 132.482 72.6431
11 132.822 61.9624
12 131.852 61.9637
36 127.105 61.9698
34 115.004 61.9852
35 114.462 61.986
32 95.345 62.0129
33 94.7144 62.0139
30 75.5347 62.0415
31 75.0102 62.0423
29 62.1221 62.0595
1 57.076 62.0661
2 57.0757 66.2515
3 57.0751 75.6171
4 57.0749 85.6245
5 57.075 95.1849
6 57.0756 104.873
7 57.0759 114.419
8 57.0759 124.415
9 57.0754 133.827
10 57.0752 137.933
21 61.3514 137.938
22 70.7797 137.951
23 80.7916 137.964
24 90.3069 137.978
25 99.7231 137.992
26 109.293 138.006
27 119.183 138.019
28 127.932 138.031
19 132.023 138.036
20 132.823 138.037
18 132.426 125.577
17 132.173 117.668
16 131.958 110.944
