0,16,15,14,13,36,12,11,34,35,32,33,30,31,1,29,3,2,5,4,7,6,9,8,21,10,23,22,24,25,26,27,20,19,28,18,17,
value : 351.584 running time : 1.995322
0 100 100
16 132.745 98.1177
15 132.767 93.4405
14 132.808 84.761
13 132.856 74.3772
36 132.905 63.6895
12 132.909 62.9282
11 132.913 62.0553
34 115.94 62.0589
35 114.747 62.0591
32 95.5758 62.0628
33 94.5476 62.063
30 75.3279 62.0663
31 74.0517 62.0665
1 57.0722 62.0699
29 57.0724 63.5403
3 57.0734 69.241
2 57.0736 70.319
5 57.0764 89.3756
4 57.0766 90.432
7 57.0795 109.579
6 57.0796 110.623
9 57.0814 129.687
8 57.0816 130.755
21 57.082 136.499
10 57.0821 137.94
23 73.9905 137.988
22 75.3337 137.992
24 89.2265 138.036
25 100.284 138.072
26 110.689 138.105
27 121.25 138.138
20 132.693 138.173
19 132.625 137.227
28 132.566 136.396
18 131.867 126.597
17 131.404 120.11
