TOUR_SECTION
1
14
146
36
118
61
15
147
120
145
13
12
62
115
45
111
197
196
138
139
135
44
112
140
198
110
46
195
114
113
48
11
10
7
49
8
137
9
136
47
263
404
406
492
403
591
495
493
592
402
321
593
322
496
250
324
251
405
491
589
249
320
588
323
494
590
200
427
338
269
425
422
514
516
342
340
343
201
421
199
341
513
515
266
424
426
265
344
268
264
267
512
518
517
423
339
311
238
237
240
142
309
313
241
141
92
393
392
202
174
480
579
391
91
175
484
173
483
395
481
482
581
310
394
577
578
580
239
312
32
82
84
52
31
167
230
54
56
53
164
228
229
86
51
83
33
165
162
163
166
81
34
85
55
35
98
23
73
93
95
75
76
94
181
24
176
25
77
97
180
26
71
179
22
242
74
96
72
178
177
99
243
528
352
351
527
204
273
434
436
526
272
435
437
274
350
529
525
530
433
307
349
19
150
16
148
149
213
64
153
121
124
212
215
280
18
152
122
151
65
123
66
214
17
211
413
326
498
501
252
500
411
504
254
499
503
412
409
330
502
410
327
408
329
550
253
328
318
488
398
586
485
245
582
490
487
314
583
584
399
316
397
247
585
317
315
246
401
489
486
396
400
319
587
244
308
430
574
346
429
521
522
576
345
270
573
478
390
477
523
203
431
389
271
575
520
519
347
428
479
460
457
456
553
371
290
554
555
458
291
551
372
459
292
373
370
552
302
468
384
231
565
301
467
383
471
470
380
561
466
564
382
299
562
566
563
379
300
381
232
469
298
70
157
125
248
184
183
102
127
126
20
27
28
219
217
103
68
182
67
29
218
21
69
185
155
101
100
156
154
87
88
143
168
205
57
89
234
59
236
171
304
58
170
144
169
303
90
206
116
233
235
172
378
558
227
559
461
225
294
293
464
463
376
465
462
556
226
297
557
374
560
377
295
375
296
158
186
187
222
128
130
50
224
129
159
189
223
161
38
255
104
79
160
78
190
256
188
80
544
497
594
366
452
455
450
288
368
453
548
407
545
289
451
221
454
549
365
546
369
595
547
367
364
542
220
449
325
286
287
543
331
415
262
511
510
414
259
509
194
191
507
257
420
505
332
417
258
506
337
336
419
416
193
335
333
418
261
192
260
508
334
285
538
283
539
536
448
541
446
540
447
284
444
281
537
216
282
358
361
360
359
443
362
363
445
567
388
473
524
571
568
432
572
387
385
476
305
475
306
472
386
570
348
474
569
439
275
208
440
442
532
357
354
210
277
438
209
355
278
535
531
533
534
356
207
353
276
441
279
134
109
105
4
42
106
132
40
3
108
5
41
30
107
43
133
131
39
6
2
60
119
117
37
63
-1
EOF
