0,721,483,260,243,979,581,24,598,295,777,176,103,669,287,351,363,704,518,873,164,289,573,467,160,653,310,26,64,934,337,824,822,407,915,254,439,246,626,883,111,787,261,709,284,612,829,257,151,379,702,180,834,342,566,716,421,679,452,785,276,844,681,250,870,19,209,69,27,63,865,586,66,935,594,959,555,419,55,819,355,831,504,751,358,828,675,458,821,45,6,781,609,232,195,274,357,314,323,978,842,43,606,745,29,425,466,644,553,926,70,217,577,190,485,286,188,907,161,538,810,647,396,117,850,143,478,186,377,930,634,906,623,519,85,843,793,262,875,492,356,512,197,194,472,155,480,848,862,461,692,876,543,510,49,989,839,522,945,917,237,308,89,210,493,471,104,929,778,137,748,981,324,403,78,956,142,508,438,37,11,655,267,972,542,990,858,633,476,205,663,758,154,32,797,148,723,397,535,664,949,423,475,228,700,174,125,302,687,790,853,811,783,529,388,7,413,525,414,706,619,278,191,486,549,354,38,899,641,710,836,65,268,572,661,121,869,307,474,221,943,8,674,455,643,602,902,402,881,646,722,366,629,588,348,812,488,963,61,794,74,299,187,258,362,4,514,331,682,412,211,898,133,673,86,10,330,87,741,312,373,123,616,341,958,985,463,116,770,128,909,222,328,283,46,863,731,499,157,841,303,708,784,805,925,57,384,534,196,760,652,336,771,527,496,749,47,100,166,489,212,936,505,218,122,565,182,97,352,601,772,411,630,524,677,59,691,233,422,279,391,698,908,705,361,130,965,34,526,589,688,735,132,545,729,599,897,924,382,359,846,398,901,733,291,903,957,507,79,329,114,726,326,339,796,220,454,390,502,81,418,701,886,552,168,789,757,600,954,888,550,41,490,60,950,368,169,203,905,693,436,892,628,31,321,244,946,249,325,462,780,551,537,184,608,443,431,635,578,333,697,446,658,479,503,825,487,955,916,374,429,400,192,272,360,457,717,860,639,234,162,381,970,346,445,764,113,739,680,686,3,482,77,500,214,948,119,747,966,427,277,255,703,531,849,347,939,665,371,879,799,131,219,694,338,14,376,556,554,75,667,90,759,734,207,517,991,607,298,426,953,792,570,178,224,657,433,728,615,399,890,944,48,444,236,95,300,401,153,585,914,969,815,830,240,719,304,718,678,380,637,263,138,435,750,568,988,213,106,1,316,973,447,200,301,827,17,405,546,108,982,868,364,39,199,803,711,547,736,699,386,115,424,859,696,712,247,557,58,560,442,227,714,441,430,93,50,150,761,833,593,631,470,288,651,753,15,183,88,776,495,871,773,13,230,256,73,919,167,16,428,253,469,695,786,795,456,768,491,521,752,808,707,611,20,918,28,933,672,22,409,36,613,306,738,610,120,44,96,885,165,569,72,343,239,392,960,309,763,146,181,129,92,448,437,172,561,713,53,394,271,231,139,974,389,511,766,5,375,874,559,105,532,416,265,206,642,367,62,245,539,548,877,563,947,807,755,241,292,980,449,746,320,140,156,952,118,40,774,866,415,536,259,814,313,516,618,541,432,769,880,193,179,406,895,690,126,319,484,248,82,294,305,976,782,826,659,636,223,562,540,596,649,806,252,270,124,2,802,226,530,638,215,189,878,56,662,296,175,163,840,21,689,564,76,730,571,266,604,99,141,327,591,587,910,349,645,501,971,574,720,872,912,927,275,269,30,809,913,938,788,451,127,765,54,922,891,683,576,756,147,603,558,640,715,498,798,804,923,533,264,468,724,621,235,281,676,365,894,80,779,614,225,410,732,404,370,350,459,171,144,597,523,282,134,91,791,101,921,315,855,208,625,513,632,216,9,986,84,857,460,595,671,453,94,987,582,847,832,743,109,964,238,904,762,617,968,509,68,515,173,668,112,35,605,293,583,942,440,393,767,102,67,650,528,385,977,420,152,867,727,290,334,201,900,83,684,962,852,110,332,506,450,383,417,204,465,975,818,666,864,579,837,654,800,340,744,51,481,280,12,177,851,202,18,229,861,344,622,285,816,477,567,931,817,575,887,624,823,911,984,737,992,408,52,801,317,395,369,297,335,940,754,896,961,882,434,23,620,584,185,544,251,273,856,378,71,145,353,845,937,494,159,135,464,149,318,42,580,928,813,854,893,820,983,158,742,775,889,322,648,725,473,740,311,660,25,685,372,838,967,932,497,835,107,387,136,170,920,656,884,592,198,941,951,670,242,98,590,345,627,33,520,
value : 584.636 running time : 33.732922
0 80 20
721 82.1131 15.8781
483 83.6588 14.0823
260 83.2788 14.1022
243 82.8922 14.1225
979 80.2938 14.2585
581 70.0467 14.7949
24 68.2715 14.8878
598 66.8101 14.9643
295 65.3718 15.0396
777 64.0147 15.1107
176 62.866 15.1708
103 61.5382 15.2404
669 38.9742 16.4213
287 39.0112 16.5441
351 39.0494 16.6709
363 39.0907 16.8079
704 39.1333 16.9496
518 39.1766 17.0932
873 40.3643 21.0329
164 40.1853 21.0976
289 39.872 21.2108
573 39.5268 21.3355
467 39.1878 21.458
160 38.8602 21.5764
653 38.5662 21.6826
310 38.2333 21.8029
26 37.8914 21.9264
64 37.5409 22.053
934 37.2535 22.1569
337 36.9476 22.2674
824 36.6314 22.3817
822 36.4007 22.465
407 36.1743 22.5468
915 33.0781 23.6655
254 32.0178 24.0486
439 32.0648 24.33
246 32.1147 24.6296
626 32.1671 24.9433
883 32.2215 25.2694
111 32.2782 25.6089
787 32.3366 25.959
261 32.396 26.3146
709 32.4575 26.6831
284 32.5193 27.0536
612 32.5821 27.4295
829 32.6058 27.5715
257 32.6224 27.671
151 32.6373 27.7608
379 32.6373 27.7608
702 32.6373 27.7608
180 42.4809 37.7748
834 42.5261 37.7597
342 42.5728 37.7442
566 42.6164 37.7296
716 42.66 37.7151
421 42.7039 37.7004
679 42.748 37.6857
452 43.5396 37.4221
785 44.3544 37.1506
276 45.0474 36.9198
844 45.7204 36.6957
681 46.3641 36.4812
250 46.9559 36.2841
870 47.5219 36.0956
19 48.0638 35.915
209 48.5926 35.7389
69 49.114 35.5652
27 49.6693 35.3802
63 50.2048 35.2019
865 50.7513 35.0198
586 51.3048 34.8354
66 52.2573 34.5182
935 53.2727 34.18
594 54.5152 33.7662
959 55.7741 33.347
555 56.1257 33.2299
419 56.4731 33.1142
55 57.7858 32.677
819 59.1064 32.2372
355 60.2368 31.8608
831 61.4189 31.4671
504 62.5975 31.0746
751 62.885 31.6688
358 63.2157 32.3525
828 63.5148 32.9707
675 63.8228 33.6075
458 64.0757 34.1301
821 64.3448 34.6866
45 64.6285 35.2729
6 64.9068 35.8482
781 65.4566 36.9847
609 66.3885 38.9113
232 66.8941 39.9565
195 67.3186 40.8341
274 67.3186 40.8341
357 67.1817 41.1488
314 67.0416 41.471
323 66.9026 41.7906
978 66.7696 42.0964
842 66.6388 42.3972
43 66.5082 42.6976
606 66.3786 42.9958
745 66.2459 43.3009
29 66.114 43.6041
425 65.9808 43.9104
466 65.473 44.7055
644 64.9295 45.5565
553 64.3709 46.4311
926 63.806 47.3156
70 63.2421 48.1985
217 62.6813 49.0765
577 62.1333 49.9344
190 61.7923 50.4686
485 61.4712 50.9713
286 61.1653 51.4504
188 60.8778 51.9007
907 60.6062 52.326
161 60.3553 52.719
538 60.3553 52.719
810 60.3553 52.719
647 60.3553 52.719
396 60.3553 52.719
117 60.3553 52.719
850 60.3553 52.719
143 59.7467 52.3003
478 59.0922 51.8501
186 57.2146 50.5589
377 55.2201 49.1873
930 54.9053 49.222
634 54.5739 49.2585
906 53.9737 49.3245
623 53.3869 49.3891
519 52.7834 49.4555
85 52.163 49.5237
843 51.4995 49.5967
793 50.8424 49.669
262 50.1489 49.7453
875 49.4166 49.8259
492 48.607 49.915
356 47.7718 50.0069
512 47.0971 50.0811
197 46.4534 50.1519
194 45.5854 50.2474
472 44.7604 50.3382
155 43.9022 50.4326
480 43.0453 50.5269
848 42.7679 50.5574
862 42.4849 50.5886
461 42.2048 50.6194
692 41.9292 50.6497
876 39.4236 51.7714
543 36.8826 52.909
510 36.8826 52.909
49 36.8826 52.909
989 36.8826 52.909
839 36.8826 52.909
522 36.8826 52.909
945 36.8826 52.909
917 36.8826 52.909
237 35.6158 53.602
308 34.3199 54.311
89 33.9826 54.1271
210 33.6316 53.9357
493 33.2585 53.7321
471 32.8655 53.5178
104 32.3775 53.2516
929 31.7832 52.9274
778 31.1483 52.5811
137 30.4805 52.2168
748 29.5776 51.7242
981 28.726 51.2597
324 28.0343 50.8824
403 27.3739 50.5222
78 26.7676 50.1914
956 26.3954 49.9884
142 26.0454 49.7975
508 25.7003 49.6093
438 25.3643 49.4261
37 25.0313 49.2444
11 24.702 49.0648
655 24.3776 48.8879
267 24.0513 48.7099
972 22.9122 48.0884
542 22.8461 47.7444
990 22.7791 47.3961
858 22.7613 47.3033
633 22.7437 47.2116
476 22.7264 47.1216
205 22.7092 47.0322
663 22.7092 47.0322
758 22.7092 47.0322
154 22.7092 47.0322
32 22.8948 46.7803
797 23.0815 46.527
148 23.2659 46.2768
723 23.45 46.0269
397 23.6329 45.7787
535 23.8136 45.5336
664 23.9905 45.2935
949 24.1674 45.0534
423 24.3419 44.8166
475 24.526 44.5669
228 24.7138 44.312
700 24.9469 43.9956
174 25.4613 43.2974
125 26.2629 42.2092
302 27.1017 41.0704
687 27.974 39.8863
790 28.8101 38.7511
853 28.706 38.6089
811 28.5878 38.4473
783 28.467 38.282
529 28.3412 38.1101
388 28.212 37.9335
7 28.0792 37.7519
413 27.9396 37.5611
525 27.7701 37.3292
414 27.5809 37.0706
706 27.3787 36.7941
619 27.1495 36.4808
278 26.8549 36.078
191 26.5524 35.6643
486 26.1384 35.0982
549 25.7328 34.5436
354 25.3346 33.999
38 24.9604 33.4874
899 23.3293 31.2563
641 22.1178 29.599
710 21.0755 28.1734
836 20.7798 27.769
65 20.4906 27.3735
268 20.1926 26.9661
572 19.9018 26.5685
661 19.6611 26.2393
121 19.4214 25.9115
869 19.1697 25.5674
307 18.6495 24.8559
474 17.9881 23.9513
221 17.3001 23.0102
943 16.1418 21.4259
8 14.5101 19.1939
674 14.5101 19.1939
455 14.5101 19.1939
643 14.5101 19.1939
602 14.5101 19.1939
902 13.9752 18.7412
402 13.4306 18.2802
881 12.9056 17.8358
646 12.406 17.4129
722 11.9363 17.0154
366 11.7041 16.8189
629 11.4902 16.638
588 11.2735 16.4546
348 11.0647 16.278
812 10.8657 16.1097
488 10.8657 16.1098
963 10.868 17.2139
61 10.8702 18.2363
794 10.8723 19.2503
74 10.8735 19.8172
299 10.8747 20.3437
187 10.8759 20.8621
258 10.877 21.3862
362 10.8782 21.9115
4 10.8793 22.4221
514 10.8804 22.9203
331 10.8813 23.328
682 10.8822 23.7401
412 10.8832 24.1653
211 10.8842 24.611
898 10.8869 25.9771
133 10.8894 27.1736
673 10.8919 28.3912
86 10.8943 29.594
10 10.8967 30.7447
330 10.899 31.8255
87 10.8996 32.0878
741 10.9002 32.3485
312 10.9036 34.2621
373 10.909 37.1086
123 10.9115 38.3217
616 10.9139 39.4779
341 10.9162 40.5852
958 10.9185 41.684
985 10.9208 42.7717
463 10.9232 43.9167
116 10.9256 45.081
770 10.9256 45.081
128 10.9256 45.081
909 10.9256 45.081
222 10.9256 45.081
328 10.9256 45.081
283 10.9498 45.3659
46 10.974 45.6498
863 10.9983 45.9365
731 11.023 46.2267
499 11.0486 46.5266
157 11.1254 47.4276
841 11.2075 48.3894
303 11.2844 49.2908
708 11.3653 50.239
784 11.4412 51.1284
805 11.4412 51.1284
925 11.4412 51.1284
57 11.4412 51.1284
384 11.4412 51.1284
534 11.4412 51.1284
196 11.4412 51.1284
760 11.4412 51.1285
652 11.4412 51.1285
336 11.4412 51.1285
771 11.4412 51.1285
527 11.4412 51.1285
496 11.4412 51.1285
749 11.4412 51.1285
47 11.4412 51.1285
100 11.4412 51.1285
166 11.4412 51.1285
489 11.4412 51.1285
212 11.4412 51.1285
936 11.4412 51.1285
505 11.4412 51.1285
218 11.4412 51.1285
122 11.4412 51.1285
565 14.4126 54.2516
182 16.9694 56.9391
97 19.9805 60.1039
352 19.9805 60.1039
601 20.0029 60.1244
772 20.0228 60.1425
411 20.0432 60.1611
630 20.0628 60.1789
524 20.0821 60.1966
677 20.1009 60.2137
59 20.1215 60.2325
691 20.1413 60.2506
233 20.1617 60.2692
422 20.1814 60.2871
279 20.2007 60.3047
391 20.2208 60.323
698 20.2414 60.3419
908 20.2629 60.3615
705 21.2909 61.2989
361 22.3925 62.3035
130 22.4137 62.3066
965 22.4354 62.3098
34 22.4565 62.313
526 22.4771 62.316
589 22.498 62.3191
688 22.8831 62.3762
735 23.0553 62.5983
132 23.2295 62.8231
545 23.4098 63.0556
729 23.5893 63.2873
599 23.7702 63.5206
897 23.9556 63.7598
924 24.1364 63.9929
382 24.3198 64.2295
359 24.4979 64.4593
846 24.6837 64.699
398 24.8656 64.9336
901 25.0468 65.1673
733 25.2258 65.3982
291 25.4011 65.6244
903 25.1835 66.0133
957 24.9586 66.4154
507 24.6954 66.886
79 24.3779 67.4536
329 23.9489 68.2206
114 23.4758 69.0665
726 23.0109 69.8977
326 22.6565 70.5314
339 22.3801 71.0255
796 22.1562 71.4258
220 21.9741 71.7514
454 21.7983 72.0658
390 21.6235 72.3783
502 21.1655 73.1971
81 20.7286 73.9783
418 20.077 75.1432
701 19.9584 75.3553
886 19.8368 75.5727
552 19.7216 75.7786
168 19.5929 76.0087
789 19.467 76.2338
757 19.3325 76.4742
600 19.2018 76.708
954 19.062 76.958
888 18.9056 77.2376
550 18.7347 77.543
41 18.5626 77.8508
490 18.3914 78.1568
60 18.2358 78.435
950 17.6367 79.5062
368 16.5254 81.4931
169 16.0414 82.3585
203 16.0281 82.3822
905 16.0151 82.4055
693 16.0022 82.4285
436 15.9911 82.4483
892 15.9801 82.4681
628 15.9691 82.4877
31 15.9583 82.507
321 15.9475 82.5263
244 15.9368 82.5455
946 15.926 82.5648
249 15.9149 82.5846
325 15.9039 82.6043
462 15.8929 82.624
780 15.726 82.349
551 15.5587 82.0734
537 15.3936 81.8014
184 15.2323 81.5382
608 15.0704 81.274
443 14.9094 81.0114
431 14.7465 80.7457
635 14.5834 80.4797
578 14.4251 80.2216
333 14.2625 79.9564
697 14.0847 79.6662
446 13.8861 79.3424
658 13.6613 78.9756
479 13.4305 78.5992
503 13.1997 78.2226
825 12.9676 77.844
487 12.7368 77.4675
955 12.5016 77.0838
916 12.2597 76.6893
374 11.9863 76.2432
429 11.7058 75.7856
400 11.4287 75.3335
192 11.1594 74.8942
272 10.9646 74.5764
360 10.7685 74.2567
457 10.2904 73.4765
717 9.80808 72.6895
860 9.35633 71.9524
639 8.91179 71.227
234 8.47834 70.5198
162 8.1237 69.9411
381 7.77825 69.3775
970 7.43403 68.8158
346 7.08436 68.2453
445 6.71529 67.6431
764 6.32647 67.0087
113 6.32646 67.0087
739 6.26608 66.9209
680 6.20389 66.8304
686 6.14134 66.7395
3 6.0778 66.6471
482 6.01327 66.5532
77 5.94897 66.4597
500 5.88226 66.3627
214 5.80968 66.2572
948 5.75256 66.1741
119 5.69689 66.0932
747 5.6422 66.0136
966 5.58599 65.9319
427 5.52929 65.8494
277 5.47332 65.768
255 5.41795 65.6875
703 5.3625 65.6068
531 5.30801 65.5276
849 5.2539 65.4489
347 5.32714 65.869
939 5.40655 66.3244
665 5.48943 66.7997
371 5.56804 67.2506
879 5.64841 67.7115
799 5.72716 68.1632
131 5.80855 68.6299
219 5.90181 69.1648
694 5.99822 69.7177
338 6.09299 70.2613
14 6.18892 70.8115
376 6.2914 71.3992
556 6.42642 72.1735
554 6.54589 72.8587
75 6.63601 73.3756
667 6.70639 73.7793
90 6.78255 74.216
759 6.84701 74.5857
734 6.90204 74.9014
207 6.97465 75.3178
517 7.05315 75.768
991 7.15837 76.3715
607 7.26425 76.9787
298 7.4054 77.7882
426 7.5753 78.7626
953 7.72445 79.618
792 7.77105 79.8853
570 7.81523 80.1386
178 7.85927 80.3912
224 7.90332 80.6439
657 7.95604 80.9462
433 8.01587 81.2894
728 8.07877 81.6501
615 8.14801 82.0472
399 8.21966 82.4582
890 8.28668 82.8425
944 8.3616 83.2722
48 8.44397 83.7446
444 8.52745 84.2234
236 8.61122 84.7039
95 8.65393 84.9488
300 8.69569 85.1883
401 8.73878 85.4354
153 8.78171 85.6816
585 8.82405 85.9245
914 8.85846 86.1218
969 8.89174 86.3127
815 8.92356 86.4952
830 8.95519 86.6766
240 8.99492 86.9044
719 9.03782 87.1505
304 9.08167 87.402
718 9.12317 87.64
678 9.16527 87.8814
380 9.20555 88.1125
637 9.23336 88.2719
263 9.26126 88.432
138 9.28965 88.5948
435 9.31708 88.7521
750 9.33513 88.8556
568 9.34862 88.933
988 9.36211 89.0104
213 9.4675 89.0098
106 9.64909 89.0088
1 9.83253 89.0079
316 10.0185 89.0069
973 10.2054 89.0059
447 10.4004 89.0048
200 10.5906 89.0038
301 10.7837 89.0028
827 10.9748 89.0018
17 11.1664 89.0008
405 11.3722 88.9997
546 11.578 88.9986
108 11.7823 88.9975
982 11.9881 88.9964
868 12.2039 88.9952
364 12.4459 88.9939
39 12.6966 88.9926
199 12.9742 88.9912
803 13.265 88.9896
711 13.5646 88.988
547 13.8883 88.9863
736 14.2792 88.9843
699 14.6873 88.9822
386 15.1112 88.98
115 15.5309 88.9778
424 15.9481 88.9756
859 16.3551 88.9735
696 16.7491 88.9714
712 17.136 88.9694
247 17.5205 88.9673
557 17.8918 88.9654
58 18.2605 88.9635
560 18.6497 88.9614
442 19.058 88.9593
227 19.4613 88.9572
714 19.8667 88.9551
441 20.2524 88.9531
430 20.6347 88.9511
93 20.987 88.9492
50 21.3141 88.9475
150 21.6329 88.9458
761 21.9569 88.9441
833 22.2788 88.9424
593 22.5907 88.9408
631 22.8926 88.9392
470 23.1794 88.9377
288 23.3495 88.9368
651 23.5129 88.9359
753 23.6776 88.935
15 23.8427 88.9341
183 24.0201 88.9332
88 24.2019 88.9322
776 24.3874 88.9312
495 24.5984 88.9301
871 24.8105 88.929
773 25.0268 88.9278
13 25.2554 88.9266
230 25.4777 88.9254
256 25.6784 88.9243
73 25.8758 88.9233
919 26.0667 88.9223
167 26.2577 88.9212
16 26.4443 88.9203
428 26.6288 88.9193
253 26.8148 88.9183
469 27.0072 88.9172
695 27.1967 88.9162
786 27.3823 88.9152
795 27.5738 88.9142
456 27.7775 88.9131
768 27.9792 88.9121
491 28.1966 88.9109
521 28.672 88.9084
752 29.5176 88.9042
808 29.5225 88.9041
707 29.5274 88.9041
611 29.532 88.9041
20 29.5368 88.9041
918 29.5417 88.9041
28 29.5464 88.904
933 29.5511 88.904
672 29.8807 88.9024
22 30.2239 88.9007
409 30.5926 88.8989
36 30.9605 88.8971
613 31.319 88.8954
306 31.6954 88.8936
738 32.1021 88.8916
610 32.5283 88.8895
120 32.9491 88.8875
44 33.3905 88.8853
96 33.9428 88.8827
885 34.5267 88.8798
165 35.1892 88.8766
569 35.4362 88.8754
72 35.6807 88.8742
343 35.9123 88.8731
239 36.1457 88.872
392 36.3764 88.8709
960 36.5993 88.8698
309 36.8712 88.8685
763 37.1454 88.8671
146 37.4285 88.8658
181 37.7017 88.8644
129 37.9745 88.8631
92 38.2548 88.8618
448 38.5232 88.8605
437 38.7932 88.8592
172 39.0672 88.8578
561 39.3333 88.8565
713 39.6043 88.8552
53 39.8797 88.8539
394 40.1535 88.8526
271 40.4312 88.8512
231 40.7075 88.8499
139 40.9853 88.8485
974 41.5565 88.8458
389 42.2885 88.8422
511 43.0265 88.8386
766 43.0265 88.8386
5 43.0265 88.8386
375 43.0265 88.8386
874 43.0265 88.8386
559 43.0265 88.8386
105 43.0265 88.8386
532 43.0265 88.8386
416 43.0265 88.8386
265 43.0265 88.8386
206 43.1091 88.7731
642 43.1893 88.7094
367 43.2744 88.6419
62 43.3555 88.5775
245 43.4363 88.5135
539 43.5219 88.4456
548 43.6052 88.3795
877 43.6824 88.3181
563 43.7542 88.2612
947 43.8295 88.2015
807 43.9086 88.1387
755 43.9844 88.0785
241 44.0638 88.0155
292 44.1392 87.9557
980 44.2138 87.8965
449 44.2539 87.8646
746 44.2913 87.8349
320 44.3285 87.8054
140 44.3658 87.7758
156 44.4053 87.7444
952 44.4424 87.715
118 44.4793 87.6856
40 44.4793 87.6856
774 44.4793 87.6856
866 44.4793 87.6856
415 44.4793 87.6856
536 44.4793 87.6856
259 44.4793 87.6856
814 44.4793 87.6856
313 44.4793 87.6856
516 44.4793 87.6856
618 44.4793 87.6856
541 44.4793 87.6856
432 47.0214 81.6327
769 47.0214 81.6327
880 47.0214 81.6327
193 47.0214 81.6327
179 47.0214 81.6327
406 47.0214 81.6327
895 47.0214 81.6327
690 47.0214 81.6327
126 46.5294 81.4447
319 46.0259 81.2523
484 45.5116 81.0558
248 45.0308 80.8721
82 44.5551 80.6903
294 44.0799 80.5087
305 43.5912 80.322
976 43.0218 80.1044
782 42.4158 79.8728
826 41.7487 79.6179
659 41.0549 79.3527
636 40.3317 79.0763
223 39.5907 78.7931
562 38.7717 78.4801
540 37.9763 78.1761
596 37.19 77.8756
649 37.1873 77.8745
806 37.1844 77.8734
252 37.1815 77.8723
270 37.1787 77.8713
124 37.1759 77.8702
2 37.1732 77.8691
802 37.1706 77.8681
226 37.0502 77.8221
530 36.918 77.7715
638 36.7632 77.7123
215 36.588 77.6453
189 36.4238 77.5825
878 36.2582 77.5192
56 36.0842 77.4526
662 35.9166 77.3885
296 35.7515 77.3254
175 35.5748 77.2578
163 35.3285 77.2396
840 35.0734 77.2207
21 34.8204 77.202
689 34.5642 77.1831
564 34.3016 77.1637
76 34.0168 77.1426
730 33.8485 76.5806
571 33.6955 76.0701
266 33.5687 75.6468
604 33.4634 75.2952
99 33.3608 74.9527
141 33.2838 74.6959
327 32.7492 72.9116
591 32.484 72.0262
587 32.2319 71.185
910 32.0361 70.5313
349 31.834 69.8569
645 31.6888 69.3721
501 31.5606 68.9442
971 31.4364 68.5296
574 31.3197 68.1403
720 31.1967 67.7296
872 31.0854 67.3582
912 30.6703 65.9726
927 30.3679 64.9633
275 30.0151 63.7857
269 29.4676 61.9583
30 29.3782 61.66
809 29.2887 61.3611
913 29.1981 61.0587
938 29.1981 61.0587
788 29.9966 61.2711
451 30.8347 61.494
127 31.8632 61.7676
765 32.3555 61.8985
54 32.8406 62.0274
922 33.319 62.1546
891 33.7825 62.2779
683 34.2305 62.397
576 34.6719 62.5143
756 35.1202 62.6335
147 35.5777 62.7552
603 36.1655 62.9115
558 37.0746 63.1533
640 37.9185 63.3777
715 38.9614 63.6552
498 39.9959 63.9303
798 40.6084 64.0932
804 41.1818 64.2457
923 41.7334 64.3924
533 41.9262 64.7085
264 42.1405 65.0597
468 42.3687 65.4338
724 42.4626 65.5877
621 42.5517 65.7337
235 42.6475 65.8908
281 42.7413 66.0445
676 42.8442 66.2132
365 42.948 66.3834
894 43.0551 66.5589
80 43.1587 66.7288
779 43.2603 66.8953
614 43.361 67.0603
225 43.361 67.0603
410 43.361 67.0603
732 43.361 67.0603
404 43.361 67.0603
370 43.361 67.0603
350 43.7992 67.0565
459 44.2589 67.0526
171 44.7481 67.0484
144 45.2998 67.0437
597 45.9021 67.0386
523 46.4911 67.0335
282 47.1364 67.028
134 47.6869 67.0233
91 48.2825 67.0183
791 48.8364 67.0135
101 49.3465 67.0092
921 49.9907 67.0037
315 50.6023 66.9984
855 51.0281 66.9948
208 51.459 66.9911
625 51.8536 66.9877
513 52.2188 66.9846
632 52.6336 66.9811
216 53.056 66.9775
9 53.4962 66.9737
986 53.9034 66.9702
84 54.3454 66.9664
857 54.7899 66.9626
460 55.2626 66.9586
595 55.6374 66.9554
671 55.9206 66.953
453 56.1862 66.9507
94 56.4664 66.9483
987 56.7724 66.9457
582 57.0702 66.9431
847 57.3847 66.9405
832 57.6844 66.9379
743 57.9785 66.9354
109 58.314 66.9325
964 58.6742 66.9294
238 59.046 66.9263
904 59.4063 66.9232
762 59.7278 66.9204
617 60.0555 66.9176
968 60.4259 66.9145
509 60.8647 66.9107
68 61.3 66.907
515 61.7092 66.9035
173 62.1319 66.8999
668 62.5489 66.8963
112 62.9795 66.8926
35 63.5188 66.888
605 64.4582 66.8801
293 65.7081 66.8694
583 71.0037 66.8248
942 71.0038 66.8248
440 71.0038 66.8248
393 71.1341 66.8497
767 71.2719 66.8761
102 71.549 66.9292
67 72.2912 67.0714
650 73.1704 67.2398
528 74.1943 67.4359
385 74.5747 67.5088
977 74.937 67.5782
420 75.0863 67.6068
152 75.2428 67.6367
867 75.4021 67.6672
727 75.5676 67.6989
290 75.753 67.7344
334 75.9531 67.7727
201 76.1577 67.8119
900 76.3654 67.8516
83 76.5766 67.8921
684 77.2053 68.0125
962 77.6049 68.089
852 78.0437 68.173
110 78.505 68.2614
332 79.0023 68.3566
506 79.4829 68.4487
450 79.9499 69.8019
383 78.7179 70.9597
417 77.2614 72.3283
204 76.4152 73.1235
465 73.4424 75.9169
975 72.4296 76.8687
818 70.7678 78.4302
666 68.8058 80.2739
864 68.4608 80.2547
579 68.1067 80.2349
837 67.7432 80.2146
654 67.3769 80.1941
800 67.0143 80.1739
340 67.0143 80.1739
744 66.3942 80.9465
51 65.6932 81.82
481 64.8461 82.8754
280 63.8694 84.0924
12 63.2033 84.9223
177 62.5955 85.6797
851 62.0509 86.3582
202 61.6278 86.8854
18 61.2352 87.3745
229 60.7821 87.939
861 60.2553 88.5953
344 59.7637 89.2079
622 59.7637 89.2079
285 59.7637 89.2079
816 59.7637 89.2079
477 59.7637 89.2079
567 59.7637 89.2079
931 59.7637 89.208
817 59.7637 89.208
575 59.7637 89.208
887 59.7636 89.208
624 59.7636 89.208
823 59.7636 89.208
911 59.7636 89.208
984 59.7636 89.208
737 59.7636 89.208
992 59.7636 89.208
408 59.7636 89.208
52 59.7636 89.208
801 59.7636 89.208
317 59.7636 89.208
395 59.7636 89.208
369 59.7636 89.208
297 59.7636 89.208
335 59.7636 89.208
940 59.7636 89.208
754 59.3701 90.0775
896 58.9407 91.0265
961 58.4176 92.1823
882 58.9461 92.1003
434 59.5687 92.0038
23 60.2968 91.891
620 61.1605 91.7572
584 62.0313 91.6223
185 62.9152 91.4853
544 63.7995 91.3483
251 64.6701 91.2134
273 65.5252 91.0809
856 66.3867 90.9474
378 67.6571 90.7506
71 69.2622 90.5022
145 69.8612 90.4094
353 70.4593 90.3166
845 71.0594 90.2236
937 71.6547 90.1313
494 72.2544 90.0384
159 72.8414 89.9474
135 73.4327 89.8557
464 73.9609 89.7738
149 74.5631 89.6805
318 75.2266 89.5777
42 75.9449 89.4663
580 77.8244 89.1754
928 80.0495 88.8312
813 80.1137 88.7402
854 80.18 88.6463
893 80.2506 88.5462
820 80.3245 88.4416
983 80.4037 88.3294
158 80.6316 88.0063
742 81.0418 87.425
775 81.4786 86.8058
889 81.981 86.0938
322 82.4309 85.4561
648 82.9155 84.7692
725 83.4023 84.0792
473 83.9391 83.3184
740 84.5346 82.4744
311 85.128 81.6334
660 85.5512 81.0336
25 85.8337 80.6331
685 86.0955 80.262
372 86.3614 79.8852
838 84.5079 63.9357
967 84.2218 61.4753
932 84.1523 60.8781
497 84.1046 60.4684
835 80.651 51.091
107 80.651 51.091
387 80.651 51.091
136 80.651 51.091
170 80.651 51.091
920 80.651 51.091
656 80.651 51.091
884 80.6958 50.8573
592 80.7415 50.6191
198 80.7881 50.3758
941 80.8357 50.128
951 81.2011 48.2202
670 81.5829 46.2269
242 81.9807 44.1504
98 83.6089 35.6413
590 84.4231 31.3892
345 85.2968 26.8259
627 85.7593 24.4111
33 85.7593 24.4111
520 85.7593 24.4111
