0,483,345,260,243,979,627,777,721,103,176,598,19,24,581,831,504,295,681,781,55,828,555,6,819,959,875,821,45,978,358,675,43,217,197,377,63,606,276,69,716,873,164,421,250,844,27,257,634,751,594,458,930,935,66,865,355,862,566,480,917,342,586,785,209,834,934,289,111,337,822,653,26,261,310,419,518,407,363,64,351,573,669,439,287,704,641,787,702,643,307,824,366,661,722,902,588,402,488,8,812,741,682,674,74,299,4,836,899,268,455,710,331,963,187,348,362,629,211,412,881,646,61,794,258,898,700,572,829,328,330,341,46,86,87,212,476,384,283,616,222,78,514,499,142,10,958,990,182,936,312,157,749,652,909,663,505,758,858,423,373,770,527,303,925,708,542,47,154,100,841,218,174,805,128,166,849,489,122,116,589,760,565,336,214,531,764,14,255,352,949,267,957,3,784,123,192,463,691,972,698,57,228,677,496,797,771,981,34,731,633,688,735,956,148,382,269,543,475,938,279,233,403,37,451,413,811,49,655,908,11,748,324,302,545,535,508,891,59,510,391,619,397,756,705,525,549,915,65,687,534,438,125,863,32,673,133,474,221,121,985,246,284,943,869,626,709,354,254,883,664,853,529,679,706,602,467,379,160,486,612,414,191,151,278,38,388,205,7,723,356,783,876,989,790,922,692,194,848,155,452,493,645,237,603,765,54,683,359,147,522,180,732,913,596,21,715,175,291,163,365,640,788,971,571,839,327,507,929,349,137,733,720,901,809,333,888,927,574,526,537,587,965,846,220,479,16,726,308,398,729,275,630,79,903,897,501,97,924,482,503,730,502,361,162,772,443,601,374,422,119,524,329,680,500,184,879,113,114,132,747,599,411,552,130,81,739,196,272,77,298,321,728,427,970,347,734,234,939,799,717,371,445,639,991,219,694,665,703,400,376,131,948,338,892,224,429,346,966,686,381,517,667,860,277,207,607,890,495,304,657,615,433,955,796,487,457,168,88,244,556,718,554,944,803,969,263,953,546,75,90,203,830,570,776,568,213,106,868,678,401,736,199,447,169,585,547,815,399,240,444,39,711,138,405,435,905,426,153,93,31,436,699,178,386,316,693,247,914,792,301,236,380,442,15,750,827,108,200,446,325,719,17,982,712,288,637,364,973,1,48,95,560,50,300,759,988,628,557,249,833,521,227,696,695,885,76,859,44,462,115,490,428,916,141,36,611,871,491,20,409,714,593,306,933,441,418,13,368,183,456,960,73,768,613,28,651,707,22,773,638,808,271,72,470,96,146,448,738,430,610,795,631,578,753,786,918,339,469,780,550,697,886,326,825,946,454,266,635,600,58,789,950,99,658,701,551,431,360,878,390,591,56,124,252,523,171,134,910,894,689,662,226,404,840,649,80,976,350,41,724,223,919,2,424,241,215,189,392,120,877,270,561,60,253,604,954,757,296,150,608,167,292,172,394,92,761,672,231,181,449,866,416,129,389,265,766,763,53,752,139,256,806,872,974,541,320,206,165,782,230,437,659,614,343,826,814,562,754,947,40,144,112,540,294,564,82,408,126,632,319,895,642,874,569,539,516,548,193,309,532,746,375,713,245,882,140,344,105,367,239,156,567,179,434,511,980,856,624,62,961,952,5,559,530,940,584,335,896,536,273,23,911,774,313,12,369,690,861,317,887,477,177,118,807,618,305,248,208,315,513,636,229,851,259,280,415,921,91,378,800,984,823,801,744,395,937,727,297,817,737,202,185,544,42,464,845,622,52,620,854,931,465,864,71,481,818,775,417,145,353,159,813,816,251,149,580,820,992,928,135,893,742,158,285,494,666,318,983,648,25,372,889,528,685,322,660,450,725,740,473,385,204,311,332,383,83,975,201,900,110,420,654,852,867,152,647,515,987,440,595,668,460,904,18,67,962,290,173,9,769,509,538,579,837,762,68,907,575,605,432,51,743,340,238,847,671,832,880,235,968,857,94,225,582,802,855,755,406,484,563,625,804,161,186,577,843,798,109,986,617,84,793,923,281,810,459,453,533,282,779,35,558,597,286,89,104,912,471,101,30,264,216,676,576,778,461,410,791,492,498,512,370,210,906,188,85,870,519,964,127,621,945,472,468,262,623,842,143,941,942,396,293,485,393,650,478,644,592,745,767,117,190,314,357,323,926,70,553,334,920,583,967,198,136,609,232,102,195,425,850,656,387,932,107,170,977,684,242,838,951,884,497,506,520,466,274,29,590,835,33,670,98,
value : 513.778 running time : 90.865207
0 80 20
483 84.3401 15.2891
345 84.3401 15.2891
260 84.3401 15.2891
243 84.3401 15.2891
979 84.3401 15.2891
627 84.3401 15.2891
777 70.9453 14.6777
721 69.991 14.6342
103 68.9302 14.5858
176 66.9771 17.8531
598 63.9579 22.9032
19 60.306 29.0111
24 60.2624 29.0841
581 60.2128 29.167
831 60.1482 29.2752
504 60.0905 29.3718
295 59.863 29.7524
681 59.5623 30.2555
781 59.3257 30.6514
55 59.0952 31.0371
828 58.864 31.424
555 58.6491 31.7836
6 58.4408 32.1322
819 58.2228 32.4969
959 57.9217 33.0009
875 57.3997 33.8742
821 57.3505 33.9565
45 57.2949 34.0496
978 57.2367 34.147
358 57.1865 34.231
675 57.1334 34.3199
43 57.0797 34.4097
217 57.0273 34.4974
197 56.9777 34.5803
377 56.9303 34.6597
63 56.8773 34.7484
606 56.8301 34.8273
276 54.0722 35.8312
69 53.7777 35.9385
716 53.5637 36.0164
873 53.3649 36.0888
164 53.137 36.1718
421 52.8847 36.2636
250 52.6655 36.3434
844 52.4451 36.4237
27 52.2402 36.4983
257 52.0046 36.5841
634 51.8359 36.6455
751 51.6507 36.713
594 51.4544 36.7844
458 51.2561 36.8567
930 51.0515 36.9312
935 50.8386 37.0086
66 50.6434 37.0797
865 50.4535 37.1489
355 50.2466 37.2242
862 49.9983 37.3146
566 49.8019 37.3861
480 49.7662 37.3991
917 49.7321 37.4115
342 49.7 37.4232
586 47.834 34.4272
785 46.9157 32.9527
209 45.8987 31.3197
834 44.8233 29.5931
934 44.0026 28.2753
289 43.2878 27.1277
111 42.4791 25.8293
337 41.9518 24.9826
822 41.516 24.2829
653 41.1119 23.6341
26 40.7254 23.0135
261 40.3596 22.4262
310 39.9638 21.7906
419 39.6164 21.2329
518 36.5208 16.2626
407 35.516 16.2632
363 34.541 16.2637
64 33.5835 16.2642
351 32.7986 16.2646
573 32.025 16.2651
669 31.1151 16.2656
439 30.28 16.266
287 29.6363 16.2664
704 28.5116 16.267
641 26.8381 16.2679
787 26.8381 16.2679
702 25.9212 16.1661
643 25.0542 16.0699
307 24.2096 15.9761
824 23.0495 15.8474
366 19.4673 15.451
661 16.6865 15.1428
722 13.505 14.7904
902 13.4502 14.7844
588 13.3814 14.7767
402 13.3192 14.7698
488 13.2557 14.7627
8 13.1886 14.7553
812 13.112 14.7468
741 12.9517 15.805
682 12.8007 16.8025
674 12.6472 17.8164
74 12.492 18.8408
299 12.4462 19.1439
4 12.403 19.4298
836 12.403 19.4298
899 12.403 19.4298
268 12.403 19.4298
455 12.403 19.4298
710 12.403 19.4298
331 12.403 19.4298
963 12.403 19.4298
187 12.403 19.4298
348 12.403 19.4298
362 12.403 19.4298
629 12.403 19.4298
211 12.403 19.4298
412 12.403 19.4298
881 12.403 19.4298
646 12.3782 20.1174
61 12.3447 21.0478
794 12.2102 24.7922
258 12.1309 26.9965
898 12.0367 29.614
700 11.9677 31.5324
572 11.9182 32.9063
829 11.8536 34.7033
328 11.7647 37.1749
330 11.7641 37.1921
341 11.7634 37.2092
46 11.763 37.2225
86 11.7625 37.2355
87 11.7593 37.3238
212 11.7558 37.4192
476 11.7525 37.5092
384 11.7494 37.5956
283 11.7462 37.6819
616 11.7429 37.7732
222 11.7396 37.8641
78 11.7367 37.9425
514 11.7339 38.0193
499 11.6322 40.8425
142 11.5503 43.1035
10 11.5384 43.4299
958 11.5255 43.7846
990 11.5117 44.163
182 11.497 44.5677
936 11.4835 44.9371
312 11.4713 45.2738
157 11.4582 45.6332
749 11.4465 45.9526
652 11.4351 46.2657
909 11.4235 46.5838
663 11.4124 46.8903
505 11.4001 47.2265
758 11.3887 47.5411
858 11.3773 47.8536
423 11.3665 48.1494
373 11.3542 48.4857
770 11.3424 48.8119
527 11.3288 49.1835
303 11.3166 49.5194
925 11.3047 49.8463
708 11.2951 50.1094
542 11.2861 50.3569
47 11.2767 50.6135
154 11.2676 50.8622
100 11.2578 51.1325
841 11.2483 51.3924
218 11.2382 51.6703
174 11.229 51.9238
805 11.2192 52.1922
128 11.2096 52.455
166 11.1971 52.7987
849 11.1853 53.1214
489 11.1743 53.425
122 11.1622 53.7557
116 11.1512 54.0584
589 11.129 54.6673
760 11.1077 55.255
565 11.0879 55.7969
336 11.0678 56.3505
214 11.0462 56.9442
531 11.0243 57.5457
764 11.0041 58.0995
14 10.9826 58.6913
255 11.4875 58.5015
352 14.3685 57.419
949 17.1603 56.3701
267 18.2609 55.9564
957 18.2609 55.9564
3 18.2609 55.9564
784 18.0574 55.5467
123 16.7573 52.9286
192 16.7573 52.9286
463 16.7981 52.8172
691 16.8339 52.7195
972 16.872 52.6157
698 16.9118 52.5072
57 16.9504 52.4017
228 16.9905 52.2925
677 17.0239 52.2012
496 17.0632 52.094
797 17.0999 51.9938
771 17.1349 51.8982
981 17.1664 51.8125
34 17.202 51.7152
731 17.2437 51.6016
633 17.7961 51.4363
688 18.3054 51.2839
735 18.6569 51.1788
956 18.9973 51.077
148 19.3474 50.9723
382 19.7108 50.8636
269 20.1478 50.4292
543 20.4163 50.1621
475 20.6677 49.9121
938 20.9044 49.6766
279 21.1481 49.4342
233 21.4025 49.1812
403 21.6795 48.9058
37 21.9444 48.6423
451 22.1915 48.3965
413 22.7466 47.845
811 23.2993 47.2958
49 23.648 46.949
655 23.648 46.949
908 23.648 46.949
11 23.648 46.949
748 23.648 46.949
324 23.648 46.949
302 23.648 46.949
545 23.648 46.949
535 23.648 46.949
508 23.648 46.949
891 23.648 46.949
59 23.6044 46.8102
510 23.5568 46.659
391 23.5041 46.4913
619 23.4537 46.3311
397 23.4034 46.1711
756 23.3569 46.0232
705 23.2704 45.7482
525 22.2517 42.5054
549 21.6952 40.7317
915 20.6546 37.4196
65 20.6546 37.4196
687 20.6546 37.4196
534 19.2194 38.2133
438 19.2388 37.9322
125 19.2585 37.6475
863 19.2773 37.377
32 19.4379 35.0509
673 19.6337 32.2162
133 19.6337 32.2162
474 20.2179 31.9065
221 20.731 31.6345
121 21.1533 31.4107
985 21.5632 31.1934
246 23.4388 30.1993
284 23.5943 30.1169
943 23.733 30.0434
869 23.8938 29.9581
626 24.0653 29.8672
709 24.1959 29.798
354 24.3193 29.7326
254 24.4532 29.6616
883 28.7609 29.7363
664 29.1431 30.9516
853 29.3781 31.6992
529 29.5481 32.2399
679 29.713 32.7643
706 29.8629 33.2408
602 29.96 33.5497
467 30.0822 33.9383
379 30.2214 34.3812
160 30.378 34.879
486 30.5388 35.3905
612 30.7186 35.9623
414 30.9105 36.5726
191 31.0711 37.0833
151 31.243 37.6301
278 31.4039 38.142
38 31.6024 38.7731
388 31.7723 39.3135
205 31.9322 39.8222
7 32.169 40.575
723 32.4054 41.327
356 32.643 42.0827
783 32.8527 42.7495
876 33.0604 43.4101
989 33.2414 43.9857
790 33.4219 44.5597
922 33.6453 45.2702
692 33.744 45.5841
194 33.8638 45.9652
848 33.976 46.3221
155 33.8275 47.1934
452 33.6508 48.2303
493 33.0327 51.8601
645 32.7225 53.6805
237 32.5686 54.5831
603 32.4017 55.5625
765 32.2201 56.628
54 32.0651 57.5374
683 31.9239 58.3656
359 31.9239 58.3656
147 31.9239 58.3656
522 31.9239 58.3656
180 31.8898 58.4187
732 31.7381 58.6551
913 31.5833 58.8963
596 31.4045 59.1749
21 31.237 59.4359
715 31.0928 59.6606
175 30.9556 59.8744
291 30.8184 60.0882
163 30.6792 60.305
365 30.4098 60.5491
640 30.1295 60.8029
788 29.8491 61.0569
971 29.5661 61.3132
571 29.3283 61.5286
839 29.1119 61.7246
327 28.8493 61.9624
507 28.6365 62.1551
929 28.431 62.3413
349 28.1778 62.5706
137 27.9508 62.7762
733 27.705 62.9987
720 27.4684 63.2131
901 27.2415 63.4186
809 27.0174 63.6216
333 23.9374 66.4112
888 23.8138 66.5231
927 23.7003 66.6259
574 23.5854 66.73
526 23.4675 66.8367
537 23.3532 66.9403
587 23.2489 67.0347
965 23.1374 67.1357
846 23.0182 67.2436
220 22.8869 67.3626
479 22.7661 67.472
16 22.6576 67.5702
726 22.5867 67.5765
308 22.5245 67.582
398 22.2726 67.6042
729 22.0622 67.6228
275 21.8337 67.643
630 21.6038 67.6633
79 21.4102 67.6804
903 21.2028 67.6988
897 20.97 67.7193
501 20.748 67.7389
97 20.4746 67.7631
924 20.2546 67.7826
482 20.0186 67.8034
503 19.8037 67.8224
730 19.6233 67.8383
502 19.3172 67.8654
361 19.0413 67.8898
162 18.7658 67.9141
772 18.5165 67.9361
443 18.2693 67.958
601 18.0016 67.9816
374 17.7029 68.008
422 17.7029 68.008
119 17.5613 68.0447
524 17.4367 68.077
329 17.3091 68.1101
680 17.1688 68.1464
500 17.0351 68.1811
184 16.9054 68.2147
879 16.7763 68.2482
113 16.6586 68.2786
114 16.5403 68.3093
132 16.423 68.3397
747 16.2949 68.3729
599 16.1922 68.3995
411 15.7845 68.5052
552 15.3699 68.6126
130 14.9134 68.7309
81 14.4493 68.8512
739 13.9775 68.9734
196 13.4968 69.098
272 12.9853 69.2306
77 12.4329 69.3738
298 12.0229 69.48
321 11.7275 69.5566
728 11.4273 69.6344
427 11.1955 69.6944
970 10.9678 69.7535
347 10.707 69.821
734 10.7045 69.9639
234 10.7021 70.1047
939 10.6991 70.2733
799 10.6958 70.458
717 10.6926 70.643
371 10.6893 70.8281
445 10.6859 71.0222
639 10.6825 71.2149
991 10.6793 71.4
219 10.6763 71.5702
694 10.6732 71.7481
665 10.6701 71.9247
703 10.667 72.1003
400 10.6634 72.3067
376 10.66 72.4958
131 10.6564 72.6999
948 10.6525 72.925
338 10.6485 73.1487
892 10.6444 73.3822
224 10.6412 73.567
429 10.6379 73.756
346 10.6346 73.9414
966 10.6315 74.1176
686 10.6258 74.4437
381 10.62 74.7723
517 10.6131 75.163
667 10.605 75.616
860 10.5962 76.1126
277 10.5877 76.5942
207 10.5781 77.1364
607 10.5659 77.8166
890 10.5501 78.6975
495 10.5341 79.5897
304 10.5206 80.3469
657 10.5166 80.5746
615 10.5121 80.8303
433 10.5077 81.0823
955 10.5031 81.3398
796 10.4987 81.59
487 10.4941 81.8525
457 10.4894 82.1212
168 10.4844 82.4021
88 10.4792 82.6996
244 10.474 82.9915
556 10.469 83.2763
718 10.4634 83.5943
554 10.4582 83.8923
944 10.4523 84.2217
803 10.4461 84.5743
969 10.4403 84.9045
263 10.4351 85.2005
953 10.43 85.4895
546 10.4252 85.7586
75 10.4203 86.038
90 10.415 86.3382
203 10.4088 86.6928
830 10.4023 87.0599
570 10.3853 88.0057
776 10.3651 89.1168
568 10.3587 89.4789
213 10.3524 89.836
106 10.3523 89.8376
868 10.3523 89.8392
678 10.3523 89.8407
401 10.3522 89.8422
736 10.3522 89.8438
199 10.3522 89.8455
447 10.3521 89.8471
169 10.3521 89.8487
585 10.352 89.8504
547 10.352 89.8519
815 10.352 89.8534
399 10.352 89.855
240 10.3519 89.8566
444 10.3519 89.8584
39 10.3518 89.8604
711 10.3518 89.8621
138 10.3518 89.8638
405 10.3517 89.8655
435 10.3517 89.8671
905 10.3517 89.8685
426 10.3516 89.87
153 10.3516 89.8716
93 10.3516 89.8732
31 10.3515 89.8747
436 10.3515 89.8764
699 10.3515 89.8782
178 10.3514 89.8799
386 10.3514 89.8817
316 10.3513 89.8834
693 10.3513 89.8852
247 10.3513 89.8869
914 10.3512 89.8887
792 10.3512 89.8903
301 10.3512 89.8921
236 10.3511 89.894
380 10.3511 89.8958
442 10.3511 89.8974
15 10.351 89.8991
750 10.351 89.9009
827 10.3509 89.9025
108 10.3509 89.9041
200 10.3509 89.9057
446 10.3508 89.9072
325 10.3508 89.9088
719 10.3508 89.9105
17 10.3507 89.9122
982 10.3507 89.9139
712 10.3507 89.9156
288 10.3506 89.9172
637 10.3506 89.919
364 10.3506 89.9207
973 10.3505 89.9224
1 10.3505 89.924
48 10.3505 89.9255
95 10.3504 89.9272
560 10.3504 89.9288
50 10.3503 89.9307
300 10.3503 89.9325
759 10.3503 89.9344
988 10.3502 89.9365
628 11.5662 89.9732
557 13.052 90.018
249 14.5488 90.0632
833 15.7401 90.0991
521 16.7375 90.1292
227 17.186 90.1427
696 17.6417 90.1565
695 18.0406 90.1685
885 18.4687 90.1814
76 18.8742 90.1936
859 19.2318 90.2044
44 19.5692 90.2146
462 19.8928 90.2243
115 20.2555 90.2353
490 20.6517 90.2472
428 21.0263 90.2585
916 21.3429 90.2681
141 21.7332 90.2798
36 21.9747 90.2871
611 22.2162 90.2944
871 22.4279 90.3008
491 22.6591 90.3077
20 22.9029 90.3151
409 23.1089 90.3213
714 23.309 90.3273
593 23.5158 90.3336
306 23.7312 90.3401
933 23.929 90.346
441 24.1479 90.3526
418 24.3641 90.3592
13 24.5708 90.3654
368 24.8057 90.3725
183 25.0432 90.3796
456 25.299 90.3873
960 25.5738 90.3956
73 25.7931 90.4022
768 26.0079 90.4087
613 26.2494 90.416
28 26.3395 90.4187
651 26.4317 90.4215
707 26.541 90.4248
22 26.6386 90.4277
773 26.7239 90.4303
638 26.8159 90.4331
808 26.9099 90.4359
271 27.0046 90.4388
72 27.0975 90.4416
470 27.1839 90.4442
96 27.269 90.4468
146 27.362 90.4496
448 27.4509 90.4523
738 27.5057 90.4539
430 27.3342 90.0314
610 27.1374 89.5467
795 26.9385 89.0566
631 26.7396 88.5667
578 26.4328 87.8109
753 26.1909 87.2148
786 25.9115 86.5265
918 25.5515 85.6397
339 25.141 84.6281
469 24.8534 83.9196
780 24.5719 83.2262
550 24.5902 83.2098
697 24.6072 83.1944
886 24.6229 83.1803
326 24.639 83.1657
825 24.6556 83.1508
946 24.6735 83.1346
454 24.6917 83.1182
266 24.7076 83.1039
635 24.7232 83.0897
600 24.7388 83.0757
58 24.754 83.062
789 24.7708 83.0468
950 24.7865 83.0327
99 24.8023 83.0184
658 24.8178 83.0045
701 24.8328 82.9909
551 24.8462 82.9789
431 26.1436 81.808
360 27.5564 80.533
878 29.8891 78.4277
390 31.6855 76.8064
591 32.5248 77.1265
56 33.3824 77.4535
124 33.5481 77.5166
252 33.7129 77.5795
523 33.8721 77.6401
171 33.8791 77.6428
134 33.8862 77.6455
910 33.8928 77.648
894 33.8995 77.6506
689 33.8751 77.8733
662 33.8517 78.0858
226 33.829 78.2933
404 33.8065 78.4977
840 33.7809 78.7316
649 33.757 78.9486
80 33.7347 79.1515
976 33.7093 79.3831
350 33.6827 79.6259
41 33.6534 79.8924
724 33.6273 80.1307
223 33.5975 80.4018
919 33.5676 80.6741
2 33.5392 80.9331
424 33.5109 81.1907
241 33.5109 81.1907
215 33.5109 81.1907
189 33.5109 81.1907
392 33.5109 81.1907
120 33.5109 81.1907
877 33.5109 81.1907
270 33.5109 81.1907
561 33.5109 81.1907
60 33.5109 81.1907
253 33.5109 81.1907
604 33.5109 81.1907
954 33.5109 81.1907
757 33.5109 81.1907
296 33.5109 81.1907
150 33.5109 81.1907
608 33.5109 81.1907
167 33.7227 81.9828
292 33.9324 82.767
172 34.1451 83.5621
394 34.3529 84.3389
92 34.5622 85.1217
761 34.7647 85.8786
672 35.3696 86.2276
231 35.9975 86.5899
181 36.6299 86.9547
449 36.9394 87.1332
866 37.2244 87.2976
416 37.4486 87.4269
129 37.6788 87.5597
389 37.9143 87.6955
265 38.1277 87.8186
766 38.2173 87.8702
763 38.2995 87.9176
53 38.3791 87.9635
752 38.457 88.0084
139 38.5323 88.0518
256 38.5323 88.0518
806 38.5323 88.0518
872 38.5323 88.0518
974 39.2499 88.036
541 43.8221 87.9346
320 44.2802 87.4986
206 44.6899 87.1086
165 45.1499 86.6709
782 45.7191 86.1291
230 45.9184 85.9394
437 46.199 85.6724
659 46.5041 85.382
614 46.7949 85.1052
343 47.0944 84.8201
826 47.4362 84.4948
814 47.7414 84.2043
562 48.0776 83.8844
754 48.3989 83.5786
947 48.7246 83.2686
40 49.0556 82.9535
144 49.3926 82.6328
112 49.7264 82.3152
540 49.6664 82.5646
294 49.5789 82.9288
564 49.4936 83.2839
82 49.4078 83.6409
408 49.3209 84.0026
126 49.2463 84.3129
632 49.1689 84.6352
319 48.9668 85.4761
895 48.7746 86.2763
642 48.5228 87.324
874 48.2195 88.5865
569 48.2195 88.5865
539 48.2195 88.5865
516 48.2195 88.5865
548 48.2195 88.5865
193 48.4496 88.5763
309 48.668 88.5666
532 48.8991 88.5564
746 49.1383 88.5458
375 49.3782 88.5351
713 49.629 88.524
245 49.8836 88.5127
882 50.1264 88.502
140 50.363 88.4915
344 50.5845 88.4816
105 50.5845 88.4816
367 50.5845 88.4816
239 50.5845 88.4816
156 50.5845 88.4816
567 50.5845 88.4816
179 50.5845 88.4816
434 50.5845 88.4816
511 50.5845 88.4816
980 50.5845 88.4816
856 50.5845 88.4816
624 50.5845 88.4816
62 50.5845 88.4816
961 50.5845 88.4816
952 50.5845 88.4816
5 50.5845 88.4816
559 50.6887 88.454
530 51.0237 88.3654
940 51.3879 88.269
584 51.7653 88.1691
335 52.0834 88.0849
896 52.3917 88.0033
536 52.6995 87.9219
273 53.0495 87.8293
23 53.0495 87.8293
911 53.017 87.7257
774 52.9501 87.5127
313 52.8854 87.3062
12 52.8189 87.0944
369 52.7548 86.89
690 52.6932 86.6937
861 52.6279 86.4858
317 52.5686 86.2968
887 52.5082 86.1044
477 52.4504 85.9202
177 52.3768 85.6856
118 52.2752 85.3618
807 52.1663 85.0148
618 52.8762 84.5012
305 53.6373 83.9505
248 55.1702 82.8411
208 57.3533 81.2604
315 57.3533 81.2604
513 57.3533 81.2604
636 57.545 81.3395
229 57.7477 81.4231
851 57.9424 81.5034
259 58.1298 81.5808
280 58.3113 81.6557
415 58.4993 81.7333
921 58.6821 81.8088
91 58.8923 81.8955
378 59.295 82.0616
800 59.6681 82.2156
984 60.0914 82.3902
823 60.4667 82.545
801 60.7273 82.6526
744 61.0037 82.7666
395 61.2582 82.8716
937 61.5238 82.9812
727 61.7619 83.0795
297 62.6594 83.5438
817 63.5296 83.9939
737 63.5296 83.9939
202 64.1649 84.266
185 64.9442 84.5998
544 65.6451 84.9
42 66.0328 85.0661
464 66.4096 85.2275
845 66.772 85.3827
622 67.1225 85.5328
52 67.4863 85.6886
620 67.8233 85.833
854 68.0314 85.9221
931 68.2054 85.9966
465 68.4205 86.0888
864 68.6394 86.1825
71 68.832 86.265
481 69.0357 86.3523
818 69.2528 86.4453
775 69.4609 86.5344
417 69.6715 86.6246
145 69.8693 86.7093
353 70.0838 86.8012
159 70.289 86.8891
813 70.4737 86.9682
816 70.648 87.0428
251 71.4326 87.3789
149 72.1477 87.6852
580 72.8111 87.9693
820 72.8111 87.9693
992 72.8111 87.9693
928 79.5044 89.1901
135 79.5044 89.1901
893 79.5044 89.1901
742 79.5044 89.1901
158 79.5044 89.1901
285 79.5044 89.1901
494 79.5044 89.1901
666 79.5044 89.1901
318 79.5044 89.1901
983 79.9486 88.796
648 82.611 86.4331
25 84.9783 84.3321
372 86.0044 83.4215
889 85.8554 83.3129
528 85.6958 83.1966
685 85.5697 83.1046
322 85.428 83.0014
660 85.2892 82.9002
450 85.1412 82.7923
725 84.3452 82.3508
740 83.5515 81.9106
473 82.8078 81.498
385 81.6836 80.8744
204 81.4082 80.7217
311 81.1209 80.5623
332 77.7038 78.6664
383 74.5077 76.8931
83 72.9894 76.0508
975 71.556 75.2557
201 70.186 74.4957
900 68.665 73.652
110 67.0011 72.729
420 65.0224 71.6314
654 65.0224 71.6314
852 65.0224 71.6314
867 64.8643 71.5785
152 64.704 71.5249
647 64.5206 71.4635
515 64.3526 71.4074
987 64.1976 71.3555
440 64.041 71.3032
595 63.8937 71.2539
668 63.7419 71.2032
460 63.5982 71.1551
904 63.4544 71.107
18 63.3054 71.0572
67 63.151 71.0056
962 63.0014 70.9556
290 62.8374 70.9007
173 62.6591 70.8411
9 62.4828 70.7821
769 62.3162 70.7264
509 62.1698 70.6775
538 62.0195 70.6272
579 62.0195 70.6272
837 61.5708 70.7253
762 61.0373 70.8418
68 60.5309 70.9525
907 59.9517 71.0791
575 59.2722 71.2275
605 58.8893 71.3113
432 58.5028 71.3958
51 58.1391 71.4753
743 57.6833 71.5749
340 57.3066 71.6573
238 56.8949 71.7473
847 56.4351 71.8478
671 55.9552 71.9526
832 55.4785 72.0568
880 54.9852 72.1646
235 54.5904 72.2509
968 54.2118 72.3337
857 53.8146 72.4205
94 53.4254 72.5056
225 53.0378 72.5903
582 53.0378 72.5903
802 53.0378 72.5903
855 53.0378 72.5903
755 53.0378 72.5903
406 53.0378 72.5903
484 52.1708 70.914
563 51.4796 69.5777
625 50.2381 67.1773
804 49.2684 65.3026
161 48.6341 64.0762
186 47.9727 62.7975
577 47.5347 61.9507
843 47.0931 61.0968
798 47.0616 61.036
109 47.0308 60.9764
986 46.9531 60.8261
617 46.8456 60.6183
84 46.7297 60.3941
793 46.6043 60.1518
923 46.4856 59.9223
281 46.3794 59.7168
810 46.2817 59.5281
459 46.1705 59.313
453 46.0553 59.0904
533 45.9155 58.8201
282 45.7962 58.5894
779 45.6665 58.3386
35 45.5181 58.0518
558 45.327 57.6821
597 45.1148 57.272
286 44.9165 56.8885
89 44.6795 56.4304
104 44.6795 56.4304
912 44.6795 56.4304
471 44.6795 56.4304
101 44.6795 56.4304
30 44.6795 56.4304
264 44.6795 56.4304
216 44.6795 56.4304
676 44.6795 56.4304
576 44.6795 56.4304
778 44.6795 56.4304
461 45.3537 56.2129
410 46.05 55.9883
791 46.8895 55.7175
492 47.6179 55.4825
498 48.2799 55.269
512 48.9287 55.0598
370 49.6258 54.835
210 50.6824 54.4941
906 52.2015 54.0039
188 52.2199 54.0064
85 52.2364 54.0086
870 52.2512 54.0106
519 52.2669 54.0127
964 52.2818 54.0147
127 52.2944 54.0163
621 52.9124 54.0989
945 53.6084 54.1918
472 54.3932 54.2966
468 55.428 54.4347
262 56.4557 54.5718
623 57.5449 54.7171
842 58.6668 54.8668
143 59.6772 55.0016
941 60.4893 55.11
942 60.6653 55.1335
396 60.8316 55.1558
293 61.0104 55.1797
485 61.1943 55.2043
393 61.3817 55.2293
650 62.9936 54.3616
478 64.7053 53.4402
644 66.8572 52.282
592 69.1385 51.0541
745 70.0183 50.5804
767 70.0183 50.5804
117 70.0183 50.5804
190 70.0183 50.5804
314 70.0183 50.5804
357 70.456 50.5821
323 70.9727 50.584
926 71.4681 50.5858
70 71.9942 50.5878
553 72.635 50.5901
334 73.2683 50.5925
920 73.8431 50.5946
583 74.3516 50.5965
967 74.9114 50.5986
198 75.4594 50.6006
136 75.8827 50.6022
609 76.1938 50.6034
232 76.5251 50.6046
102 76.9123 50.606
195 77.4198 50.6079
425 77.8884 50.6097
850 78.3437 50.6114
656 78.8646 50.6133
387 79.8709 50.617
932 80.8478 50.6206
107 81.9317 50.6246
170 82.546 50.6269
977 83.0295 50.6287
684 83.5314 50.6306
242 84.0093 50.6324
838 84.4978 50.6342
951 85.0174 50.6361
884 85.5446 50.638
497 86.0603 50.6399
506 85.5499 49.1004
520 84.7021 46.5393
466 84.1694 44.9325
274 84.0017 44.427
29 83.8437 43.9509
590 83.6973 43.5096
835 83.5798 43.1552
33 83.4579 42.7879
670 83.3493 42.4605
98 82.302 32.3098
