0,590,345,98,33,627,170,466,745,670,920,520,967,951,835,609,136,583,977,387,274,70,926,553,238,293,393,932,102,900,650,201,67,962,332,420,838,242,110,334,975,852,198,385,497,383,528,506,884,450,684,107,204,740,372,25,660,311,685,928,473,322,889,983,893,813,135,353,494,666,42,580,149,318,285,820,725,71,159,465,818,481,864,742,854,992,984,937,464,654,417,648,775,837,579,297,317,904,83,152,51,762,867,727,290,340,94,855,617,453,9,968,515,35,68,964,208,767,173,216,595,832,509,440,847,625,605,843,85,519,793,282,286,188,907,161,538,810,647,396,577,791,668,84,597,492,471,743,101,522,194,493,308,923,498,798,804,715,533,264,839,171,576,80,596,645,104,30,291,281,109,614,56,724,732,621,235,144,404,676,365,468,558,779,755,683,484,252,163,226,523,134,562,802,350,294,540,987,582,671,112,921,632,215,12,408,248,536,857,636,986,513,91,460,367,801,395,887,432,769,895,826,126,319,561,861,690,659,563,245,947,140,940,313,575,259,816,369,378,177,880,335,229,415,280,315,800,782,931,179,744,18,251,477,544,202,620,52,273,817,158,737,823,845,567,145,622,185,118,851,5,584,181,624,754,911,23,434,344,856,961,896,559,974,569,532,320,389,62,206,642,239,511,539,980,105,713,53,343,746,613,564,763,814,156,375,952,129,139,165,146,448,40,874,866,265,882,305,541,530,774,618,416,548,877,516,406,193,82,2,270,124,241,189,574,808,761,437,73,707,22,418,172,662,649,223,806,807,840,253,469,167,309,230,292,141,36,76,96,120,696,795,306,449,738,150,752,394,766,859,424,833,960,72,392,470,610,20,183,409,491,753,750,288,495,776,933,456,442,631,368,115,13,712,430,227,15,92,593,441,871,768,611,521,28,271,672,578,428,918,638,231,256,919,714,16,44,885,296,786,886,658,872,604,773,954,888,550,41,695,457,244,236,825,444,50,48,487,916,339,780,321,955,333,651,490,88,247,386,58,557,462,693,301,138,1,637,678,447,973,316,944,95,446,249,17,435,568,200,827,868,263,178,628,570,792,914,718,304,719,240,830,815,969,699,736,547,711,169,803,199,39,364,380,982,108,546,405,300,585,153,401,213,106,988,224,203,892,75,953,667,694,381,554,759,90,426,890,503,657,325,436,615,686,639,728,433,905,734,630,14,479,3,500,298,607,991,374,517,427,207,739,81,445,31,482,589,970,130,119,132,220,429,219,338,162,361,131,717,346,551,556,948,860,524,966,234,925,192,531,77,255,601,347,376,703,760,747,677,796,272,665,680,371,97,879,277,799,939,360,950,600,399,701,697,114,275,329,93,757,60,789,184,608,946,113,537,878,266,454,689,571,587,411,733,897,327,846,359,729,168,400,443,560,526,431,635,552,764,34,398,784,726,326,730,451,99,349,79,735,507,591,956,927,137,971,599,502,382,501,924,391,59,691,233,422,965,788,894,225,410,459,976,809,910,912,21,720,957,633,929,269,175,903,901,210,127,765,54,922,370,267,891,543,756,390,496,89,302,603,49,913,324,938,705,545,640,783,154,174,476,663,758,510,990,218,908,772,182,196,565,341,373,972,981,214,749,771,279,949,652,489,542,352,909,100,527,212,534,936,122,116,463,157,708,303,330,849,128,166,47,86,499,312,328,731,4,898,616,10,841,384,283,985,770,958,46,863,700,805,57,123,505,336,142,403,698,222,78,205,32,797,148,723,397,535,858,438,37,748,664,688,508,612,525,869,706,619,278,11,413,549,354,38,687,655,834,65,221,414,125,423,475,228,474,787,486,836,822,602,915,307,626,902,741,87,121,661,899,943,268,258,299,710,963,673,455,366,514,74,61,794,572,629,722,187,133,331,646,362,412,588,674,211,682,881,812,488,348,8,254,402,641,829,709,284,64,518,439,702,407,351,111,573,287,669,363,26,246,883,643,467,379,337,310,704,191,653,289,934,164,261,873,419,55,160,824,151,257,853,778,811,529,7,876,180,790,566,989,388,512,692,716,237,147,461,276,679,452,906,634,930,377,785,27,66,586,935,480,848,862,155,681,250,870,19,594,69,844,63,865,209,555,421,342,945,917,197,356,485,472,623,262,875,842,43,314,357,606,186,644,323,478,656,117,217,143,850,425,942,232,592,190,978,29,195,941,959,355,819,504,781,751,358,828,675,458,821,45,6,831,295,721,598,24,777,103,581,176,260,483,979,243,
value : 536.431 running time : 47.660474
0 80 20
590 84.454 22.8163
345 84.7287 22.99
98 84.9807 23.1494
33 85.054 23.1957
627 85.1311 23.2445
170 82.0462 46.9285
466 82.0462 46.9285
745 82.0462 46.9285
670 82.0462 46.9285
920 82.0462 46.9285
520 82.0462 46.9285
967 81.5716 47.4538
951 81.1882 47.8781
835 80.7999 48.308
609 80.2764 48.8873
136 79.7705 49.4473
583 79.2038 50.0745
977 78.7671 50.5579
387 78.3796 50.9867
274 78.0063 51.4
70 75.0253 54.6993
926 74.0309 55.7999
553 73.0074 56.9327
238 71.7714 58.3006
293 71.7693 58.303
393 71.7693 58.303
932 72.3432 58.5528
102 72.8047 58.7537
900 73.304 58.9711
650 73.7376 59.16
201 74.2164 59.3684
67 74.6322 59.5494
962 75.634 59.9856
332 77.2915 60.7073
420 77.8467 60.949
838 78.5652 61.2619
242 79.2612 61.5649
110 79.8849 61.8364
334 80.5959 62.146
975 81.3775 62.4863
852 82.2815 62.8799
198 83.3439 63.3425
385 84.5431 63.8646
497 85.8586 64.4374
383 85.8645 64.6009
528 85.8699 64.7519
506 85.8742 64.8731
884 85.8789 65.0061
450 85.8872 65.2376
684 85.8937 65.418
107 85.9006 65.6122
204 86.1446 72.4427
740 86.3052 76.9371
372 86.4047 79.7202
25 85.967 80.4143
660 85.5628 81.0552
311 84.8977 82.1099
685 83.5839 84.1931
928 80.9914 88.3042
473 80.7047 88.2818
322 80.4238 88.2599
889 80.1476 88.2383
983 79.7823 88.2098
893 79.1721 88.1622
813 78.5568 88.1142
135 78.0458 88.0743
353 77.3058 88.0166
494 76.6669 87.9668
666 75.9762 87.9129
42 75.2854 87.859
580 75.2854 87.859
149 75.0007 87.7114
318 74.7401 87.5762
285 74.4864 87.4447
820 74.2573 87.326
725 73.9296 87.156
71 73.5237 86.9456
159 73.1928 86.774
465 72.8256 86.5837
818 72.4956 86.4126
481 72.1607 86.239
864 71.8682 86.0873
742 71.5582 85.9266
854 71.2197 85.7511
992 70.8314 85.5498
984 70.6866 85.3084
937 70.5446 85.0717
464 70.4163 84.8577
654 69.9605 84.098
417 69.8333 83.8858
648 69.7017 83.6665
775 68.8758 82.2895
837 68.0128 80.8509
579 67.3378 79.7256
297 66.7686 78.7766
317 66.1227 77.6998
904 65.4239 76.5348
83 64.8208 75.5294
152 64.0417 74.2305
51 63.6154 73.5198
762 63.1237 72.7
867 62.7609 72.0952
727 62.386 71.4703
290 61.9861 70.8035
340 61.5385 70.0573
94 61.1137 69.3492
855 60.6509 68.5776
617 60.4028 68.164
453 60.1719 67.7791
9 59.9666 67.4368
968 59.7152 67.0176
515 59.4866 66.6366
35 59.2503 66.2426
68 59.0487 65.9066
964 58.8253 65.534
208 58.6183 65.189
767 58.3959 64.8182
173 58.2528 64.7413
216 58.092 64.6548
595 57.9659 64.5871
832 57.8274 64.5127
509 57.342 64.2518
440 56.6458 63.8776
847 55.9298 63.4929
625 54.645 62.8024
605 53.3257 62.0934
843 51.6089 61.1708
85 51.5553 61.142
519 51.4997 61.1121
793 51.4469 61.0837
282 51.3945 61.0556
286 51.3398 61.0262
188 51.2854 60.9969
907 51.2347 60.9697
161 51.177 60.9387
538 51.1234 60.9099
810 51.0662 60.8792
647 51.0106 60.8493
396 50.9458 60.8145
577 50.8854 60.782
791 50.8291 60.7517
668 50.7742 60.7222
84 50.1199 60.3706
597 49.3969 59.9821
492 48.7468 59.6327
471 48.2187 59.3489
743 47.722 59.0819
101 47.1278 58.7626
522 46.515 58.4333
194 46.1308 58.2268
493 44.2516 62.4265
308 44.2516 62.4265
923 44.2516 62.4265
498 44.2516 62.4265
798 44.2516 62.4265
804 44.2516 62.4265
715 44.2516 62.4266
533 44.2516 62.4266
264 44.2516 62.4266
839 44.2516 62.4266
171 44.2516 62.4266
576 44.2516 62.4267
80 44.2516 62.4267
596 44.2516 62.4267
645 44.2516 62.4267
104 44.4011 63.2158
30 44.5561 64.0339
291 44.743 65.0198
281 44.9267 65.9892
109 45.1769 67.3091
614 45.3839 68.4014
56 45.4004 68.4885
724 45.4183 68.5829
732 45.4336 68.664
621 45.4509 68.7554
235 45.4935 68.9801
144 45.5353 69.2007
404 45.5718 69.3932
676 45.6064 69.5761
365 45.6438 69.7735
468 45.6816 69.9731
558 45.7219 70.1855
779 45.7653 70.4149
755 45.8104 70.6526
683 45.8466 70.8436
484 45.888 71.0625
252 45.9305 71.2869
163 46.2108 71.6347
226 46.5158 72.0133
523 46.8417 72.4178
134 47.1929 72.8536
562 47.5636 73.3138
802 47.9003 73.7317
350 48.2042 74.1089
294 48.5409 74.5268
540 48.8652 74.9294
987 49.24 75.3946
582 49.5671 75.8005
671 49.8968 76.2098
112 50.1857 76.5683
921 50.4791 76.9325
632 50.7791 77.3048
215 51.085 77.6845
12 51.4967 78.1955
408 51.8403 78.622
248 52.082 78.922
536 52.3642 79.2723
857 52.4366 79.3621
636 52.5181 79.4633
986 52.5928 79.5559
513 52.6768 79.6602
91 52.7668 79.772
460 52.8662 79.8953
367 52.9654 80.0184
801 52.9654 80.0184
395 52.9654 80.0184
887 52.9654 80.0184
432 52.9654 80.0184
769 52.9654 80.0184
895 52.9654 80.0184
826 52.9654 80.0184
126 52.9654 80.0184
319 52.9654 80.0184
561 52.9654 80.0184
861 53.2551 80.1659
690 53.5309 80.3064
659 53.7487 80.4173
563 53.9944 80.5425
245 54.2722 80.6839
947 54.5331 80.8168
140 54.7877 80.9465
940 55.0455 81.0777
313 55.3303 81.2228
575 55.5777 81.3488
259 55.8178 81.4711
816 56.0672 81.5981
369 56.3001 81.7167
378 56.5503 81.8441
177 56.7892 81.9658
880 56.9744 82.0601
335 57.1811 82.1653
229 57.3934 82.2735
415 57.6002 82.3788
280 57.8093 82.4853
315 58.0237 82.5945
800 58.2404 82.7049
782 58.4622 82.8178
931 58.7206 82.9494
179 58.9474 83.0649
744 59.2224 83.2049
18 59.6281 85.415
251 60.3285 89.2295
477 60.2663 89.2359
544 60.2088 89.2418
202 60.1438 89.2485
620 60.0899 89.2541
52 60.0317 89.26
273 59.9713 89.2663
817 59.9142 89.2721
158 59.8573 89.278
737 59.3713 89.328
823 58.9468 89.3716
845 58.4712 89.4206
567 57.9128 89.478
145 57.3741 89.5334
622 56.5555 89.6176
185 55.3166 89.7451
118 53.8596 89.8949
851 52.3891 90.0462
5 50.9528 90.194
584 50.0857 90.2832
181 48.7642 90.4191
624 48.7642 90.4191
754 48.7642 90.4191
911 48.7642 90.4191
23 48.6424 90.4299
434 48.5202 90.4407
344 48.4008 90.4513
856 48.2757 90.4624
961 47.5694 90.525
896 46.8961 90.5846
559 46.115 90.6538
974 45.3594 90.7207
569 45.3211 90.7241
532 45.2858 90.7273
320 45.2486 90.7306
389 45.2071 90.7342
62 45.1698 90.7375
206 45.1278 90.7413
642 45.0905 90.7446
239 45.0486 90.7483
511 45.0091 90.7518
539 44.9684 90.7554
980 44.9312 90.7587
105 44.8872 90.7626
713 44.8448 90.7663
53 44.8018 90.7702
343 44.7638 90.7735
746 44.7238 90.7771
613 44.6795 90.781
564 44.6445 90.7841
763 44.6041 90.7877
814 44.5654 90.7911
156 44.5252 90.7947
375 44.4839 90.7983
952 44.4458 90.8017
129 44.3995 90.8058
139 44.3546 90.8098
165 44.3546 90.8098
146 44.3546 90.8098
448 44.3546 90.8098
40 44.3546 90.8098
874 44.3546 90.8098
866 44.3546 90.8098
265 44.3546 90.8098
882 44.3546 90.8098
305 44.0193 90.6092
541 43.7024 90.4198
530 43.3431 90.2049
774 43.0164 90.0096
618 42.6353 89.7817
416 42.0061 89.4054
548 41.4484 89.072
877 40.9499 88.7739
516 40.505 88.5079
406 39.8783 88.1331
193 38.8711 87.5309
82 37.7929 86.8862
2 36.5193 86.1246
270 35.4439 85.4816
124 34.4956 84.9145
241 33.7424 84.4641
189 32.8394 83.9242
574 31.8863 83.3543
808 31.706 83.7774
761 31.6541 83.899
437 31.6129 83.9959
73 31.5647 84.1089
707 31.5188 84.2167
22 31.4751 84.3193
418 31.4345 84.4146
172 31.3943 84.5088
662 31.357 84.5963
649 31.3132 84.6992
223 31.2684 84.8044
806 31.223 84.9109
807 31.1788 85.0147
840 31.1315 85.1256
253 31.0809 85.2444
469 31.0343 85.3536
167 31.0812 85.7925
309 31.1334 86.2819
230 31.1684 86.6104
292 31.2007 86.9126
141 31.2365 87.2479
36 31.2741 87.6007
76 31.3075 87.9132
96 31.3449 88.2643
120 31.3803 88.5956
696 31.4145 88.9167
795 31.4496 89.2455
306 31.4873 89.5989
449 31.5198 89.9034
738 31.5503 90.1888
150 31.5777 90.4459
752 31.6083 90.7332
394 31.6343 90.9769
766 31.6645 91.2594
859 30.7505 91.4168
424 29.9784 91.5498
833 29.3518 91.6577
960 28.8483 91.7445
72 28.3192 91.8356
392 27.6898 91.944
470 26.9537 92.0708
610 26.0982 92.2182
20 25.3044 92.3549
183 24.4534 92.5015
409 23.7028 92.6308
491 22.9017 92.7688
753 22.1137 92.9045
750 21.3217 93.0409
288 21.3701 92.955
495 21.4112 92.8822
776 21.4491 92.815
933 21.4908 92.741
456 21.5319 92.6681
442 21.573 92.5951
631 21.6155 92.5199
368 21.6576 92.4451
115 21.6959 92.3772
13 21.7357 92.3066
712 21.7777 92.2321
430 21.8181 92.1605
227 21.8578 92.0901
15 21.9008 92.0138
92 21.9491 91.9282
593 21.9852 91.8641
441 22.024 91.7953
871 22.0637 91.7248
768 22.1043 91.653
611 22.1459 91.5792
521 22.1865 91.5071
28 22.2306 91.4289
271 22.2768 91.3469
672 22.2903 90.7695
578 22.3032 90.2135
428 22.3135 89.7704
918 22.3238 89.325
638 22.3346 88.86
231 22.3445 88.4366
256 22.3583 87.841
919 22.3583 87.841
714 22.3583 87.841
16 22.2861 87.4646
44 22.2339 87.1926
885 22.1725 86.8725
296 22.1089 86.5409
786 22.0536 86.2527
886 21.9671 85.8017
658 21.8849 85.3734
872 21.8142 85.0047
604 21.8108 84.9872
773 21.4806 85.0576
954 21.1537 85.1273
888 20.7986 85.203
550 19.6511 85.4476
41 18.4512 85.7033
695 17.1735 85.9756
457 15.9238 86.2419
244 15.9238 86.2419
236 15.9238 86.2419
825 15.9238 86.2419
444 15.9238 86.2419
50 15.9238 86.2419
48 15.9238 86.2419
487 15.9238 86.2419
916 15.9238 86.2419
339 15.9238 86.2419
780 15.9238 86.2419
321 15.9238 86.2419
955 15.9238 86.2419
333 15.9238 86.2419
651 15.6578 86.3343
490 15.3821 86.43
88 15.055 86.5436
247 14.7206 86.6598
386 14.4279 86.7614
58 14.1586 86.8549
557 13.8411 86.9652
462 13.536 87.0711
693 13.212 87.1836
301 12.9148 87.2869
138 12.635 87.384
1 12.3514 87.4825
637 12.0626 87.5828
678 11.7725 87.6836
447 11.5204 87.7711
973 11.2795 87.8548
316 11.0184 87.9454
944 10.7464 88.0399
95 10.6216 88.0832
446 10.4915 88.1284
249 10.3697 88.1707
17 10.223 88.2216
435 10.0614 88.2778
568 10.0169 88.2932
200 9.9702 88.3094
827 9.92429 88.3254
868 9.88109 88.3404
263 9.84138 88.3542
178 9.80157 88.368
628 9.7584 88.383
570 9.71394 88.3984
792 9.66736 88.4146
914 9.62152 88.4305
718 9.57843 88.4455
304 9.53438 88.4608
719 9.49097 88.4759
240 9.44854 88.4906
830 9.40406 88.5061
815 9.38432 88.5129
969 9.36308 88.5203
699 9.34439 88.5268
736 9.32339 88.5341
547 9.30239 88.5414
711 9.28223 88.5484
169 9.26288 88.5551
803 9.24254 88.5622
199 9.22197 88.5693
39 9.20084 88.5766
364 9.18156 88.5833
380 9.16117 88.5904
982 9.14327 88.5966
108 9.12337 88.6035
546 9.1032 88.6106
405 9.0807 88.6184
300 9.06015 88.6255
585 9.03892 88.6329
153 9.01962 88.6396
401 8.99844 88.6469
213 8.97561 88.6549
106 8.95499 88.662
988 8.93466 88.6691
224 9.35707 82.2252
203 9.38154 81.8519
892 9.40552 81.4862
75 9.43019 81.1098
953 9.45436 80.7411
667 9.59023 78.6686
694 9.64341 77.8574
381 9.68517 77.2205
554 9.69428 77.0815
759 9.70409 76.9318
90 9.7148 76.7685
426 9.72577 76.6011
890 9.7377 76.4191
503 9.74962 76.2374
657 9.76055 76.0706
325 9.77054 75.9183
436 9.78184 75.7459
615 9.79402 75.56
686 9.80712 75.3603
639 9.81862 75.1849
728 9.82958 75.0176
433 9.84079 74.8466
905 9.85246 74.6686
734 9.86702 74.4465
630 9.87886 74.2659
14 9.89018 74.0932
479 9.90051 73.9357
3 9.91277 73.7487
500 9.92314 73.5905
298 9.93412 73.423
607 9.94555 73.2487
991 9.95613 73.0873
374 9.96748 72.9141
517 9.98019 72.7202
427 9.99162 72.5459
207 10.0029 72.3737
739 10.0146 72.1953
81 10.0256 72.0282
445 10.036 71.8689
31 10.0461 71.7153
482 10.0595 71.5108
589 10.0724 71.3136
970 10.0802 71.1952
130 10.088 71.0763
119 10.0956 70.9603
132 10.1033 70.8421
220 10.1105 70.7317
429 10.1186 70.6094
219 10.1271 70.4792
338 10.135 70.3584
162 10.1428 70.24
361 10.1508 70.118
131 10.1596 69.983
717 10.1671 69.8688
346 10.174 69.7631
551 10.1815 69.649
556 10.1898 69.5229
948 10.1985 69.3894
860 10.2067 69.2644
524 10.2162 69.12
966 10.2247 68.991
234 10.2338 68.8512
925 10.2424 68.7202
192 10.2424 68.7202
531 10.2424 68.7202
77 10.2424 68.7202
255 10.2424 68.7202
601 10.2424 68.7202
347 10.2424 68.7202
376 10.2424 68.7202
703 10.2424 68.7202
760 10.2424 68.7202
747 10.2424 68.7202
677 10.2424 68.7202
796 10.3901 68.8669
272 10.5067 68.9827
665 10.6194 69.0947
680 10.7445 69.219
371 10.855 69.3287
97 10.9859 69.4588
879 11.1064 69.5785
277 11.2234 69.6948
799 11.3419 69.8125
939 11.4758 69.9455
360 14.2418 72.6936
950 14.629 73.0782
600 15.0013 73.4481
399 15.3709 73.8153
701 15.4819 73.9256
697 15.6013 74.0442
114 15.6994 74.1417
275 15.8196 74.2611
329 15.9403 74.381
93 16.1008 74.5405
757 18.7743 72.6754
60 21.2141 70.9734
789 21.2658 70.8962
184 21.3137 70.8248
608 21.3636 70.7504
946 21.417 70.6707
113 21.47 70.5917
537 21.5208 70.5159
878 21.5733 70.4376
266 21.5733 70.4376
454 21.5733 70.4376
689 21.5733 70.4376
571 21.545 70.3432
587 21.5168 70.2488
411 21.4892 70.1567
733 21.4629 70.0685
897 21.4375 69.9838
327 21.4145 69.9069
846 21.3892 69.8223
359 21.3655 69.7431
729 21.3403 69.6589
168 21.3199 69.5906
400 21.2959 69.5102
443 21.2732 69.4345
560 21.2491 69.3539
526 21.1848 69.139
431 21.1244 68.9369
635 20.9733 68.4319
552 20.8114 67.8907
764 20.6463 67.3385
34 20.5114 66.8876
398 20.3861 66.4689
784 20.252 66.0206
726 20.3848 65.8998
326 20.5294 65.7682
730 20.7047 65.6087
451 20.9408 65.3604
99 21.1475 65.143
349 21.3898 64.8882
79 21.6226 64.6434
735 21.8414 64.4133
507 22.0494 64.1946
591 22.2485 63.9852
956 22.4247 63.7998
927 22.5893 63.6268
137 22.7793 63.4269
971 22.9389 63.2591
599 23.1096 63.0796
502 23.2619 62.9194
382 23.622 62.5407
501 23.9373 62.2092
924 24.2461 61.8844
391 24.6268 61.4841
59 25.2911 61.7415
691 25.917 61.9841
233 26.7932 62.3236
422 27.7573 62.6972
965 29.6364 63.4254
788 31.5577 64.17
894 33.9247 65.0873
225 33.9247 65.0873
410 33.9247 65.0873
459 33.9247 65.0873
976 33.9247 65.0873
809 33.6407 64.2783
910 33.4127 63.629
912 33.136 62.8409
21 32.8927 62.1478
720 32.6042 61.3263
957 32.3074 60.4808
633 32.0013 59.6091
929 31.9286 59.402
269 31.8512 59.1816
175 31.7873 58.9994
903 31.7084 58.7747
901 31.6235 58.533
210 31.5417 58.3
127 31.2691 58.0004
765 30.9956 57.6998
54 30.6849 57.3583
922 30.319 56.9562
370 29.9608 56.5625
267 29.5538 56.1151
891 29.1339 55.6537
543 28.7 55.1768
756 28.3623 54.8056
390 28.0113 54.4199
496 27.4403 53.7923
89 27.4403 53.7923
302 27.4403 53.7923
603 27.4403 53.7923
49 27.4403 53.7922
913 27.4403 53.7922
324 27.4403 53.7922
938 27.4403 53.7922
705 27.4403 53.7922
545 27.4403 53.7922
640 27.4403 53.7922
783 27.4403 53.7922
154 20.7813 51.4977
174 20.1601 51.2837
476 19.5467 51.0723
663 18.975 50.8753
758 18.4437 50.6922
510 17.9138 50.5096
990 16.8732 50.151
218 16.1496 49.9016
908 16.0784 49.8771
772 15.9989 49.8497
182 15.734 49.7584
196 15.4831 49.6719
565 15.2221 49.582
341 14.9476 49.4874
373 14.6985 49.4016
972 14.4737 49.3241
981 14.2428 49.2445
214 13.7179 49.0637
749 13.4479 48.9706
771 13.2109 48.889
279 12.9438 48.7969
949 12.6592 48.6989
652 12.3396 48.5887
489 12.0462 48.4876
542 11.7805 48.3961
352 11.5028 48.3004
909 11.2088 48.199
100 10.9209 48.0998
527 10.6308 47.9999
212 10.3701 47.91
534 10.1144 47.8219
936 9.82871 47.7235
122 9.51731 47.6162
116 9.49899 47.431
463 9.48049 47.2439
157 9.46352 47.0723
708 9.44692 46.9045
303 9.42869 46.7202
330 9.40922 46.5234
849 9.39353 46.3648
128 9.34099 45.8336
166 9.2932 45.3505
47 9.1498 43.9009
86 8.78207 40.1834
499 8.74693 39.8281
312 8.71149 39.4698
328 8.67251 39.0758
731 8.63475 38.6941
4 8.58907 38.2323
898 8.58907 38.2323
616 9.1978 38.5758
10 9.70896 38.8643
841 10.197 39.1397
384 10.6218 39.3794
283 11.068 39.6313
985 11.522 39.8875
770 12.0015 40.1581
958 12.4525 40.4126
46 12.9433 40.6895
863 13.4789 40.9918
700 14.0499 41.314
805 14.6037 41.6266
57 15.0701 41.8898
123 15.717 42.2549
505 16.4694 42.6795
336 17.2573 43.1241
142 17.5517 43.0654
403 17.8247 43.0109
698 18.0663 42.9626
222 18.3099 42.914
78 18.6162 42.8529
205 18.9126 42.7937
32 19.1721 42.7419
797 19.4278 42.6909
148 19.697 42.6372
723 19.9866 42.5794
397 20.2657 42.5237
535 20.5271 42.4715
858 20.77 42.423
438 21.0548 42.3662
37 21.327 42.3118
748 21.6076 42.2558
664 21.8617 42.2051
688 22.1065 42.1563
508 22.4247 41.6436
612 22.7468 41.1248
525 23.0301 40.6684
869 23.3598 40.1374
706 23.6287 39.7041
619 23.8782 39.3022
278 24.1578 38.8519
11 24.3588 38.5281
413 24.5798 38.1721
549 24.8975 37.6603
354 25.2079 37.1603
38 25.4524 36.7663
687 25.7241 36.3286
655 25.9884 35.903
834 26.3179 35.3722
65 25.7837 35.3212
221 25.3404 35.2788
414 24.8613 35.2331
125 24.3187 35.1813
423 23.805 35.1322
475 23.441 35.0974
228 23.0581 35.0608
474 23.5272 32.4892
787 23.6637 31.7408
486 23.781 31.0977
836 23.9035 30.4257
822 24.0363 29.6979
602 23.5533 29.4431
915 23.1044 29.2064
307 22.6704 28.9775
626 22.21 28.7347
902 20.5783 27.8742
741 19.0659 27.0765
87 18.4837 26.7695
121 18.0059 26.5175
661 17.4353 26.2166
899 16.8934 25.9308
943 16.316 25.6262
268 15.6771 25.2893
258 15.0142 24.9397
299 14.5854 24.7135
710 14.1867 24.5033
963 13.7736 24.2854
673 13.4119 24.0947
455 13.0297 23.8931
366 12.6832 23.7103
514 12.3058 23.5113
74 12.1623 22.552
61 11.9994 21.4631
794 11.9265 20.9755
572 11.7692 19.9243
629 11.5524 18.4752
722 11.431 17.6636
187 11.431 17.6636
133 11.431 17.6636
331 11.4502 17.4717
646 11.4709 17.265
362 11.4894 17.0802
412 11.5078 16.896
588 11.5265 16.7083
674 11.5457 16.5164
211 11.5651 16.3231
682 11.5845 16.1286
881 11.6054 15.9191
812 11.6251 15.7228
488 13.3606 16.5777
348 14.818 17.2956
8 16.3546 18.0525
254 17.9266 18.8267
402 19.2707 19.4888
641 20.8164 20.2501
829 22.3828 21.0217
709 25.5972 19.6393
284 28.1734 18.5313
64 31.2939 17.1893
518 35.2836 15.4735
439 35.2088 16.2727
702 35.1866 16.5095
407 35.2705 16.6197
351 35.3536 16.7289
111 35.4441 16.8478
573 35.5253 16.9545
287 35.6037 17.0575
669 35.6794 17.157
363 35.7676 17.2729
26 35.8575 17.3909
246 35.9343 17.4918
883 36.0204 17.605
643 36.0997 17.7093
467 37.2482 19.2181
379 37.8193 19.9686
337 38.3003 20.6005
310 38.7975 21.2539
704 39.3367 21.9623
191 40.0297 22.8728
653 40.437 23.408
289 40.8954 24.0102
934 41.3007 24.5427
164 41.721 25.095
261 42.078 25.5641
873 42.4898 26.1052
419 42.853 26.5823
55 43.2095 27.0508
160 40.5545 28.9402
824 38.3452 30.5123
151 38.9698 34.2949
257 39.2797 36.1722
853 39.5896 38.0489
778 39.9299 40.1098
811 39.9299 40.1098
529 39.9299 40.1098
7 39.9299 40.1098
876 39.9299 40.1098
180 39.9299 40.1098
790 39.9299 40.1098
566 39.9299 40.1098
989 39.9299 40.1098
388 39.9299 40.1098
512 40.238 40.6616
692 40.5062 41.1421
716 40.8092 41.6848
237 41.1179 42.2377
147 41.1179 42.2377
461 41.3851 42.1653
276 41.6568 42.0917
679 41.8836 42.0302
452 43.6057 41.5635
906 45.3894 41.0801
634 46.9239 40.6642
930 47.0851 40.6205
377 47.2444 40.5773
785 47.3768 40.5414
27 47.5129 40.5045
66 47.6214 40.4751
586 47.7291 40.446
935 47.8588 40.4108
480 47.9836 40.377
848 48.1229 40.3392
862 48.2612 40.3017
155 48.4133 40.2605
681 48.5848 40.214
250 48.7291 40.1749
870 48.8678 40.1373
19 49.0116 40.0984
594 49.1523 40.0602
69 49.2777 40.0262
844 49.4201 39.9876
63 49.5637 39.9487
865 49.7118 39.9086
209 49.8554 39.8697
555 49.9955 39.8317
421 50.3087 40.0456
342 50.6609 40.2861
945 51.0053 40.5212
917 51.3107 40.7298
197 51.9495 41.166
356 52.6061 41.6143
485 58.0704 45.3454
472 58.3093 45.5085
623 58.7346 45.7989
262 59.1379 46.0743
875 59.543 46.3509
842 60.0045 46.666
43 60.3892 46.9287
314 60.8133 47.2183
357 61.2556 47.5203
606 61.6871 47.8149
186 62.1085 48.1026
644 62.7621 48.5489
323 63.4411 49.0126
478 64.1528 49.4985
656 64.3169 49.2988
117 64.4905 49.0876
217 64.6643 48.876
143 64.8261 48.6791
850 64.9799 48.4919
425 65.1482 48.2872
942 65.2738 48.1343
232 65.4284 47.9462
592 65.5652 47.7798
190 65.6144 47.7199
978 65.6738 47.6476
29 65.7408 47.5661
195 65.7994 47.4948
941 65.7994 47.4948
959 65.4723 35.1289
355 65.4432 34.0305
819 65.4088 32.7308
504 65.3861 31.8719
781 65.3861 31.8719
751 65.3861 31.8719
358 65.3861 31.8719
828 65.3861 31.8719
675 65.3861 31.8719
458 65.3861 31.8719
821 65.7386 30.5768
45 66.0914 29.2807
6 66.6402 27.2645
831 67.2629 24.9768
295 68.1013 21.8964
721 68.9566 18.754
598 69.2224 17.7774
24 69.5338 16.6335
777 69.9122 15.243
103 70.3314 13.7029
581 71.625 13.7579
176 74.0319 13.8602
260 80.3874 14.1303
483 83.7547 14.2734
979 83.388 14.8327
243 83.0024 15.4209
