0,721,260,627,345,483,979,98,243,835,29,590,33,520,274,609,170,884,951,107,387,136,506,684,977,497,383,850,110,334,425,553,242,900,941,920,838,967,102,152,201,932,198,744,51,385,332,420,650,852,975,740,481,159,465,837,528,204,450,864,660,372,889,322,473,25,685,311,813,983,820,928,742,666,648,417,494,725,135,823,845,353,145,580,854,893,817,477,622,887,937,984,177,567,544,273,251,856,464,42,318,149,584,52,285,62,516,532,367,882,620,185,23,896,140,754,344,737,118,952,814,245,202,562,40,618,5,874,434,624,313,911,541,241,416,895,802,280,206,82,559,746,564,129,763,172,449,305,406,539,866,375,511,713,766,165,72,569,448,960,265,239,181,548,105,961,919,859,146,139,389,974,871,306,696,96,44,120,610,738,593,441,651,753,752,795,613,36,409,22,933,28,20,611,707,808,368,712,470,150,456,786,833,761,73,697,757,50,773,230,695,253,428,92,886,689,215,53,231,271,394,141,877,309,256,189,638,223,437,193,292,724,614,175,294,807,563,144,976,540,632,252,782,857,163,134,248,894,755,484,350,126,320,315,319,156,530,690,415,343,774,335,659,561,921,947,880,642,536,636,826,408,940,986,801,460,769,513,432,816,861,179,229,369,378,851,12,71,259,992,575,931,980,158,727,579,18,818,297,317,904,83,775,867,987,395,671,847,509,832,290,962,654,9,676,800,112,235,779,523,67,91,582,94,208,617,595,767,485,293,668,577,926,190,393,907,70,340,238,282,605,964,68,647,35,515,968,855,762,84,798,286,453,440,109,410,186,810,468,188,173,538,625,843,743,216,161,519,127,597,225,171,645,791,404,621,804,683,558,732,370,56,210,291,729,30,507,269,512,180,876,342,788,137,733,267,382,956,545,640,957,938,599,359,809,365,54,596,104,471,526,327,903,574,715,764,552,924,451,901,839,79,735,929,324,81,510,691,888,701,501,390,897,965,308,329,571,132,131,89,493,756,688,971,349,422,970,16,846,184,730,872,168,469,333,635,114,878,443,162,796,601,80,21,720,459,587,910,226,392,662,649,270,840,454,99,591,124,604,672,600,885,424,918,76,2,578,266,806,537,550,60,608,41,495,789,244,479,955,296,326,431,946,418,954,442,288,560,502,167,249,462,58,31,17,93,916,490,360,227,714,15,776,88,183,631,521,491,768,430,199,446,13,973,108,982,699,236,447,718,380,988,678,39,435,750,115,711,868,153,106,405,1,827,547,138,736,386,969,585,815,364,304,247,95,213,693,568,301,401,444,200,263,953,759,892,48,803,780,433,426,551,637,445,557,203,240,374,321,325,825,726,436,628,169,914,224,734,207,554,799,665,457,14,371,966,381,500,905,316,719,890,792,300,607,991,298,860,487,879,717,90,399,944,75,546,570,657,667,728,615,178,556,517,830,361,927,658,503,694,338,639,220,339,119,277,398,739,113,772,411,630,347,219,427,400,760,275,272,130,686,3,482,192,747,680,950,948,429,346,77,677,708,939,157,463,972,376,255,703,531,97,805,925,57,784,542,218,527,214,589,234,166,505,936,524,47,749,196,182,352,981,489,565,100,116,312,384,771,174,616,330,328,499,148,863,849,128,122,341,303,841,909,336,391,212,34,59,949,912,891,603,619,922,858,633,664,279,142,413,397,233,37,698,758,705,543,403,11,508,612,38,307,829,824,151,549,7,125,205,641,943,602,899,438,985,221,78,32,10,655,65,663,958,222,990,797,154,423,123,476,373,770,133,534,496,652,731,46,87,673,86,4,258,228,283,299,700,836,572,514,455,710,898,331,963,74,794,61,187,722,348,412,362,646,812,588,881,211,674,629,8,351,366,488,246,284,643,682,402,741,268,811,474,661,486,254,869,121,354,902,278,529,822,702,379,111,407,883,64,337,439,310,915,934,704,669,834,467,518,287,419,363,573,653,853,787,626,709,26,586,790,687,421,261,414,706,862,160,679,388,692,989,356,191,480,276,475,783,748,913,908,535,525,302,723,778,147,194,576,533,264,765,522,566,49,461,917,237,906,452,848,923,945,281,472,623,844,793,492,716,101,63,498,117,583,85,478,396,875,262,644,675,232,942,656,670,842,195,217,592,959,143,357,821,314,745,466,323,873,819,978,43,606,358,6,45,828,155,69,870,66,930,681,634,781,355,27,250,555,458,55,865,751,19,594,197,257,209,935,785,289,164,377,831,24,176,103,504,581,295,777,598,
value : 575.604 running time : 37.188195
0 80 20
721 80.2631 18.0273
260 84.2255 17.8485
627 85.2201 17.8154
345 85.8652 17.7939
483 86.4691 17.7737
979 86.6036 19.3272
98 86.7625 21.1554
243 86.7625 21.1554
835 85.7949 35.0137
29 85.4489 39.9724
590 85.408 40.5587
33 85.3582 41.272
520 85.2905 42.2434
274 85.2042 43.4795
609 85.1054 44.8971
170 84.9352 47.3362
884 84.8662 48.3252
951 84.8079 49.162
107 84.7497 49.9964
387 84.7002 50.7058
136 84.6544 51.3625
506 84.6058 52.0588
684 84.5654 52.6387
977 84.5311 53.1297
497 84.4998 53.5794
383 82.4199 56.4426
850 81.8077 57.2849
110 81.2979 57.9864
334 81.1196 58.2317
425 80.9472 58.4688
553 80.7559 58.7321
242 80.3878 59.2386
900 79.9931 59.7817
941 79.9152 59.8889
920 79.8413 59.9905
838 79.7608 60.1012
967 79.6717 60.2238
102 79.5765 60.3547
152 79.4298 61.2097
201 79.3154 61.8758
932 79.2099 62.4905
198 79.0081 63.6663
744 78.1074 68.9086
51 78.0579 69.197
385 78.0579 69.197
332 78.0579 69.197
420 78.0579 69.197
650 78.1061 69.4946
852 78.3362 70.9156
975 78.6123 72.6205
740 78.9157 74.4931
481 79.173 76.082
159 79.3489 77.1681
465 79.4991 78.0958
837 80.0666 78.5621
528 81.2391 79.5255
204 82.477 80.5427
450 83.7135 81.5587
864 84.3987 82.1218
660 85.2735 82.8406
372 86.0054 83.442
889 85.7381 83.7105
322 85.4844 83.9652
473 85.265 84.1855
25 85.0609 84.3904
685 84.8229 84.6295
311 84.5674 84.8861
813 82.1027 87.3611
983 81.3898 88.0769
820 81.355 88.1119
928 81.3229 88.1441
742 80.3893 88.2202
666 79.5483 88.2887
648 78.8678 88.3441
417 78.1211 88.4049
494 77.4556 88.4591
725 76.8011 88.5124
135 76.0456 88.574
823 75.0532 88.6548
845 74.2773 88.7181
353 73.6176 88.7718
145 72.9819 88.8236
580 72.4223 88.8691
854 71.7646 88.9227
893 71.0959 88.9772
817 69.4414 89.112
477 68.1945 89.2136
622 67.1382 89.2996
887 66.0673 89.3869
937 65.7607 89.4118
984 65.402 89.441
177 65.0648 89.4685
567 64.7417 89.4948
544 64.436 89.5197
273 64.0996 89.5471
251 63.7746 89.5736
856 63.3853 89.6053
464 63.0878 89.6295
42 62.7857 89.6541
318 62.4838 89.6787
149 62.107 89.7094
584 61.4429 89.7635
52 60.8957 89.8081
285 60.2523 89.8605
62 59.0465 89.9587
516 58.1481 90.0319
532 57.4965 90.085
367 57.4965 90.085
882 57.4965 90.085
620 57.4965 90.085
185 56.9787 90.0387
23 56.39 89.986
896 55.8727 89.9397
140 55.3756 89.8952
754 54.9205 89.8545
344 54.4684 89.8141
737 54.0088 89.7729
118 53.4944 89.7269
952 52.9394 89.6773
814 52.3763 89.6269
245 51.9155 89.5856
202 51.4508 89.5441
562 50.8779 89.4928
40 50.6311 89.4707
618 50.3666 89.447
5 50.0796 89.4214
874 49.8288 89.3989
434 49.8288 89.3989
624 49.8288 89.3989
313 49.8288 89.3989
911 49.8288 89.3989
541 49.4797 89.2975
241 49.109 89.1898
416 49.0025 89.1588
895 48.9073 89.1312
802 48.809 89.1026
280 48.4362 89.1892
206 47.9515 89.3016
82 47.5409 89.3969
559 47.1433 89.4892
746 46.7839 89.5727
564 46.403 89.6611
129 46.0017 89.7542
763 45.6431 89.8374
172 45.2748 89.9229
449 44.9716 89.9933
305 44.6894 90.0588
406 44.394 90.1274
539 44.0414 90.2092
866 43.7159 90.2848
375 43.3969 90.3588
511 43.0857 90.431
713 42.671 90.5273
766 42.2323 90.6291
165 41.8334 90.7217
72 41.3923 90.8241
569 41.0059 90.9138
448 40.6214 91.003
960 40.2456 91.0902
265 40.2456 91.0902
239 40.2456 91.0902
181 40.2456 91.0902
548 40.2456 91.0902
105 40.2456 91.0902
961 40.2456 91.0902
919 37.8742 90.6012
859 35.8365 90.1809
146 35.2272 90.0552
139 34.6183 89.9295
389 33.9153 89.7844
974 32.6228 89.5178
871 29.5369 88.8817
306 29.5369 88.8817
696 29.5369 88.8817
96 29.5369 88.8817
44 29.5369 88.8817
120 29.5369 88.8817
610 29.5369 88.8817
738 29.5369 88.8817
593 29.5369 88.8817
441 29.5369 88.8817
651 29.5369 88.8817
753 29.5369 88.8817
752 29.5369 88.8816
795 29.5357 88.8732
613 29.5345 88.8652
36 29.5333 88.8576
409 29.5322 88.8497
22 29.5309 88.8413
933 29.5298 88.8338
28 29.5238 88.7937
20 29.5176 88.7516
611 29.5108 88.7063
707 29.5033 88.6558
808 29.4961 88.6077
368 29.4886 88.5575
712 29.4818 88.5113
470 29.472 88.4459
150 29.4614 88.3744
456 29.4507 88.3028
786 29.4387 88.2224
833 29.4258 88.1355
761 29.4137 88.0547
73 29.401 87.9694
697 29.387 87.8754
757 29.3751 87.7953
50 29.3642 87.7223
773 29.3536 87.6507
230 29.3428 87.5784
695 29.33 87.4929
253 29.3188 87.4172
428 29.3073 87.3401
92 29.2957 87.2624
886 29.2822 87.1716
689 31.5186 86.6032
215 32.6046 86.3273
53 33.3564 86.1363
231 33.6378 85.7855
271 33.9276 85.4242
394 34.266 85.0025
141 34.5947 84.5927
877 34.9257 84.1802
309 35.2818 83.7362
256 35.7506 83.1519
189 36.2313 82.5528
638 36.6943 81.9757
223 37.2017 81.3433
437 37.7198 80.6974
193 38.2778 80.002
292 38.809 79.3398
724 39.3662 78.6453
614 39.8852 77.9985
175 40.4151 77.3379
294 40.7266 77.5167
807 41.0183 77.6841
563 41.3006 77.8461
144 41.5649 77.9978
976 41.8355 78.1532
540 42.1138 78.3129
632 42.4016 78.4781
252 42.6419 78.616
782 42.9166 78.7737
857 43.15 78.9077
163 43.3573 79.0266
134 43.8478 79.3082
248 44.3866 79.6175
894 44.9101 79.918
755 45.4953 80.2538
484 46.083 80.5912
350 46.8785 81.0478
126 47.8674 81.6155
320 48.843 82.1755
315 49.7737 82.7098
319 50.5668 83.165
156 51.4121 83.6503
530 51.4162 83.6505
690 51.4207 83.6508
415 51.4247 83.6511
343 51.4284 83.6513
774 51.4327 83.6516
335 51.4366 83.6518
659 51.4402 83.652
561 51.444 83.6523
921 51.4484 83.6526
947 51.4527 83.6528
880 51.4568 83.6531
642 51.4607 83.6533
536 51.4648 83.6536
636 51.4687 83.6539
826 51.4727 83.6541
408 51.477 83.6544
940 51.481 83.6546
986 51.4852 83.6549
801 52.3594 83.709
460 53.1192 83.756
769 53.5155 83.7804
513 53.9129 83.805
432 54.5541 83.8446
816 55.187 83.8837
861 55.8114 83.9223
179 56.4555 83.9621
229 57.1262 84.0036
369 57.7939 84.0449
378 58.4676 84.0865
851 59.1319 84.1276
12 59.8449 84.1716
71 60.5734 84.2167
259 60.8914 84.2363
992 61.2245 84.2569
575 61.5519 84.2771
931 61.8841 84.2976
980 62.213 84.3179
158 62.8092 84.3548
727 62.6582 79.7686
579 62.5833 77.4889
18 62.5801 77.4852
818 62.5772 77.4819
297 62.4074 77.2856
317 62.238 77.0898
904 62.0725 76.8985
83 61.9049 76.7047
775 61.7283 76.5006
867 61.4263 76.1514
987 61.109 75.7846
395 60.7943 75.4208
671 60.4823 75.06
847 60.1713 74.7004
509 59.8561 74.3359
832 59.5379 73.9681
290 59.2172 73.5974
962 58.8807 73.2082
654 57.82 71.9812
9 56.5823 70.5491
676 55.4658 69.257
800 55.1865 68.934
112 54.9003 68.6031
235 54.6082 68.2655
779 54.3235 67.9363
523 54.0642 67.6365
67 54.4548 66.9119
91 54.7164 66.4267
582 55.0055 65.8905
94 55.3372 65.2751
208 55.8142 64.3901
617 56.3211 63.4496
595 56.8696 62.432
767 57.3804 61.4843
485 57.7023 60.8871
293 58.0022 60.3308
668 58.2978 59.7826
577 58.6116 59.2005
926 58.9377 58.5956
190 58.751 58.7146
393 58.5478 58.8441
907 58.3582 58.965
70 58.1711 59.0843
340 57.945 59.2284
238 57.7298 59.3656
282 57.5124 59.5042
605 57.3065 59.6354
964 57.1183 59.7554
68 56.9341 59.8729
647 56.7342 60.0003
35 56.5274 60.1322
515 56.3131 60.2687
968 56.0957 60.4073
855 55.8919 60.5373
762 55.7148 60.6502
84 55.533 60.7661
798 55.3526 60.8811
286 55.1779 60.9925
453 54.9863 61.1146
440 54.8119 61.2258
109 54.6281 61.343
410 54.4621 61.4488
186 54.4621 61.4488
810 54.4621 61.4488
468 54.4621 61.4488
188 54.4621 61.4488
173 54.4621 61.4488
538 53.4841 61.247
625 52.2076 60.9837
843 50.7965 60.6925
743 50.0292 60.5342
216 49.2447 60.3723
161 48.4316 60.2045
519 47.5451 60.0215
127 46.2309 59.7504
597 45.2094 59.5396
225 44.1821 59.3276
171 43.2769 59.1408
645 42.4948 58.9794
791 42.1097 58.8999
404 40.825 58.6348
621 40.4771 58.5002
804 40.1212 58.3624
683 39.76 58.2226
558 39.3775 58.0746
732 38.9205 57.8977
370 38.4477 57.7147
56 37.9912 57.538
210 37.4869 57.3428
291 36.9706 57.143
729 36.3884 56.9176
30 36.2918 56.8802
507 36.182 56.8377
269 36.2671 56.7327
512 36.3543 56.6251
180 36.4162 56.5487
876 36.4733 56.4782
342 36.5314 56.4066
788 35.3272 57.0494
137 34.3419 57.5755
733 33.4508 58.0513
267 32.7349 58.4335
382 32.0421 58.8034
956 31.4159 59.1378
545 31.1225 59.2945
640 30.8228 59.4546
957 30.5252 59.6135
938 30.2308 59.7707
599 30.2308 59.7707
359 30.2308 59.7707
809 30.2308 59.7707
365 30.2308 59.7707
54 30.2308 59.7707
596 30.2308 59.7707
104 30.2308 59.7707
471 30.2308 59.7707
526 29.3063 60.9951
327 29.3063 60.9951
903 29.3063 60.9951
574 29.3063 60.9951
715 29.3063 60.9951
764 27.9307 61.3034
552 27.6633 61.3631
924 27.4028 61.4213
451 27.1504 61.4776
901 26.9065 61.532
839 26.6631 61.5864
79 26.4159 61.6415
735 26.1698 61.6965
929 25.9251 61.7511
324 25.668 61.8085
81 25.4181 61.8643
510 25.183 61.9168
691 24.951 61.9686
888 24.7293 62.018
701 24.5937 62.0483
501 24.5002 62.0691
390 24.4029 62.0908
897 24.3011 62.1135
965 24.2051 62.135
308 24.1086 62.1565
329 23.9959 62.1816
571 23.8922 62.2047
132 23.7797 62.2298
131 23.6717 62.2539
89 23.672 62.254
493 23.6586 62.3755
756 23.6453 62.4963
688 23.6314 62.6219
971 23.5168 63.6555
349 23.3937 64.7669
422 23.2674 65.9067
970 23.1323 67.125
16 23.0472 68.4459
846 22.9947 69.2595
184 22.9433 70.0549
730 22.9032 70.6755
872 22.8642 71.2796
168 22.8352 71.7271
469 22.808 72.1472
333 22.808 72.1472
635 22.808 72.1472
114 22.808 72.1472
878 23.4361 72.1485
443 23.8823 72.1493
162 24.3504 72.1502
796 25.2334 72.152
601 26.9452 72.1556
80 28.8976 72.1598
21 29.6872 72.1613
720 30.4351 72.1628
459 31.2465 72.1645
587 30.9303 73.1849
910 30.5765 74.327
226 29.7477 77.0021
392 28.451 81.1878
662 28.3087 81.1874
649 28.1709 81.187
270 28.0155 81.1866
840 27.8552 81.1862
454 27.6467 81.1856
99 27.4457 81.1851
591 27.2823 81.1846
124 27.0378 81.184
604 26.7777 81.1833
672 26.5294 81.1826
600 26.2333 81.1818
885 25.9933 81.1812
424 25.7498 81.1805
918 25.5247 81.1799
76 25.2686 81.1792
2 25.0175 81.1786
578 24.724 81.1778
266 24.4527 81.1771
806 24.201 81.1764
537 23.8985 81.1756
550 23.6044 81.1748
60 23.326 81.174
608 23.0095 81.1732
41 22.71 81.1724
495 22.3858 81.1715
789 22.1096 81.1708
244 21.806 81.17
479 21.5165 81.1692
955 21.2377 81.1685
296 21.0904 81.168
326 20.9005 81.1675
431 20.7267 81.1671
946 20.5553 81.1666
418 20.3917 81.1662
954 20.2129 81.1657
442 20.0026 81.1651
288 20.0026 81.1651
560 20.0026 81.1651
502 20.0026 81.1651
167 19.8969 82.2448
249 19.7952 83.2831
462 19.6983 84.2735
58 19.6497 84.7699
31 19.602 85.2584
17 19.548 85.8098
93 19.4985 86.3162
916 19.4488 86.824
490 19.3983 87.3404
360 19.347 87.8649
227 19.2911 88.4367
714 19.251 88.8464
15 19.228 89.0816
776 19.2071 89.2951
88 19.1883 89.4876
183 19.1656 89.7201
631 19.1421 89.9609
521 18.9333 89.9532
491 18.7094 89.9449
768 18.4785 89.9364
430 18.2143 89.9266
199 16.7621 89.873
446 15.9961 89.8446
13 15.3625 89.8212
973 14.6462 89.7947
108 13.9043 89.7673
982 13.3179 89.7456
699 12.7577 89.7249
236 12.185 89.7037
447 11.5838 89.6815
718 11.0383 89.6613
380 10.5322 89.6426
988 10.0418 89.6245
678 10.0413 89.617
39 10.0409 89.6098
435 10.0404 89.6026
750 10.0399 89.5949
115 10.0394 89.5867
711 10.039 89.5797
868 10.0386 89.5724
153 10.0381 89.5645
106 10.0376 89.5575
405 10.0372 89.55
1 10.0367 89.5421
827 10.0362 89.535
547 10.0357 89.5269
138 10.0353 89.5192
736 10.0348 89.5114
386 10.0343 89.504
969 10.0339 89.497
585 10.0334 89.4897
815 10.0329 89.4814
364 10.0325 89.474
304 10.032 89.4665
247 10.0315 89.4588
95 10.0311 89.4515
213 10.0307 89.4451
693 10.0041 89.0174
568 9.9778 88.5947
301 9.95048 88.1553
401 9.9231 87.7149
444 9.89645 87.2863
200 9.87116 86.8796
263 9.83884 86.3595
953 9.80637 85.8372
759 9.77188 85.282
892 9.73954 84.7619
48 9.70762 84.2484
803 9.6763 83.7446
780 9.64218 83.1955
433 9.60899 82.6614
426 9.5778 82.1598
551 9.54649 81.6561
637 9.5166 81.1754
445 9.48232 80.6238
557 9.47687 80.5363
203 9.47024 80.4298
240 9.46367 80.3242
374 9.45708 80.2183
321 9.45085 80.1183
325 9.44483 80.0216
825 9.43842 79.9187
726 9.43208 79.8168
436 9.4264 79.7256
628 9.42057 79.6321
169 9.41439 79.5328
914 9.40792 79.4289
224 9.31933 77.9997
734 9.24118 76.7394
207 9.2395 76.7125
554 9.23789 76.6865
799 9.23599 76.656
665 9.2344 76.6303
457 9.23288 76.606
14 9.23107 76.5769
371 9.22938 76.5497
966 9.22859 76.537
381 9.22859 76.537
500 9.22859 76.537
905 9.22859 76.537
316 9.22859 76.537
719 9.22859 76.537
890 9.22859 76.537
792 9.22859 76.537
300 9.22859 76.537
607 9.3152 76.3616
991 9.38819 76.2139
298 9.46188 76.0647
860 9.5353 75.9161
487 9.60993 75.765
879 9.68392 75.6152
717 9.74688 75.4878
90 9.80105 75.3781
399 9.86526 75.2481
944 9.93682 75.1032
75 10.0164 74.9422
546 10.1048 74.7631
570 10.1998 74.5708
657 10.3071 74.3535
667 10.4059 74.1537
728 10.4964 73.9704
615 10.5907 73.7794
178 10.6985 73.5613
556 10.8341 73.2866
517 10.9732 73.0052
830 11.0952 72.7582
361 11.6001 71.7361
927 12.0978 70.7286
658 12.0978 70.7286
503 12.0711 70.5618
694 12.0445 70.3962
338 12.0191 70.2376
639 11.9951 70.0877
220 11.9713 69.9395
339 11.9455 69.7786
119 11.9141 69.5826
277 11.8843 69.3969
398 11.8561 69.2205
739 11.8271 69.0399
113 11.8003 68.8729
772 11.7696 68.6813
411 11.7424 68.5117
630 11.7151 68.3408
347 11.6872 68.1667
219 11.6773 68.1053
427 11.6674 68.0435
400 11.6574 67.9813
760 11.6458 67.9086
275 11.6364 67.85
272 11.6257 67.7834
130 11.6149 67.7162
686 11.6044 67.6508
3 11.5934 67.5821
482 11.583 67.5169
192 11.5721 67.4492
747 11.5617 67.3843
680 11.5527 67.3281
950 11.5434 67.2699
948 11.4364 66.6025
429 11.3222 65.8899
346 11.1918 65.0766
77 10.9371 63.4879
677 10.659 61.7534
708 10.4197 60.2606
939 10.2488 59.1944
157 9.9028 57.0366
463 9.90158 57.0289
972 9.90051 57.0223
376 9.89945 57.0157
255 9.89826 57.0082
703 9.89695 57.0001
531 9.89561 56.9917
97 9.89438 56.9841
805 9.87715 56.8766
925 9.86177 56.7807
57 9.84649 56.6854
784 9.83298 56.6011
542 9.81723 56.503
218 9.80227 56.4096
527 9.78756 56.3179
214 9.77361 56.231
589 9.76047 56.149
234 9.74579 56.0575
166 9.7303 55.9609
505 9.71603 55.8718
936 9.70218 55.7855
524 9.68929 55.7051
47 9.67126 55.5927
749 9.65523 55.4927
196 9.64152 55.4072
182 9.62567 55.3084
352 9.61033 55.2127
981 9.5959 55.1227
489 9.46122 54.2828
565 9.34261 53.5431
100 9.20877 52.7085
116 9.07448 51.8711
312 8.94838 51.0847
384 8.84816 50.4597
771 8.77991 50.0341
174 8.71536 49.6315
616 8.64448 49.1896
330 8.58075 48.7921
328 8.52646 48.4536
499 8.72475 48.488
148 8.97963 48.5322
863 9.17862 48.5667
849 9.37733 48.6012
128 9.60565 48.6408
122 9.85114 48.6834
341 10.6468 48.8214
303 11.4614 48.9627
841 12.3036 49.1087
909 13.174 49.2596
336 14.102 49.4206
391 14.9853 49.5737
212 15.7666 49.7092
34 19.6634 50.3842
59 22.016 50.7918
949 24.0889 51.1511
912 26.8188 51.6241
891 26.7722 51.3867
603 26.7231 51.1365
619 26.6729 50.8806
922 26.6283 50.653
858 26.5545 50.277
633 26.4819 49.9073
664 26.4065 49.5231
279 26.3482 49.226
142 26.2839 48.8983
413 26.2191 48.5683
397 26.154 48.2364
233 26.0949 47.9353
37 26.015 47.528
698 25.9424 47.1583
758 25.8657 46.7676
705 25.7903 46.3835
543 25.5589 45.2036
403 25.317 43.9708
11 25.0654 42.6881
508 24.8123 41.398
612 24.4658 39.6314
38 24.1706 38.1267
307 23.7139 35.7977
829 23.7139 35.7977
824 23.7139 35.7977
151 23.7139 35.7977
549 23.7139 35.7977
7 23.7139 35.7977
125 23.6064 35.8296
205 23.4948 35.8627
641 23.3856 35.8952
943 23.2858 35.9248
602 23.1851 35.9547
899 23.0828 35.985
438 22.2066 36.2452
985 21.2636 36.5251
221 20.8348 36.6524
78 20.2185 36.8354
32 19.6359 37.0084
10 19.0438 37.1841
655 18.5502 37.3307
65 18.002 37.4934
663 17.4006 37.672
958 16.7965 37.8513
222 16.3868 37.973
990 16.1741 38.0361
797 15.9601 38.0996
154 15.725 38.1694
423 15.5209 38.23
123 15.3043 38.2943
476 15.1058 38.3533
373 14.8825 38.4196
770 14.7906 38.0462
133 14.6952 37.659
534 14.638 37.4266
496 14.5493 37.0665
652 14.4349 36.6017
731 14.2302 35.7705
46 13.9778 34.7456
87 13.6769 33.5237
673 13.3676 32.2676
86 13.1615 31.4306
4 13.1101 31.2218
258 13.0652 31.0394
228 13.0303 30.8975
283 12.9629 30.6239
299 12.8869 30.315
700 12.8229 30.0551
836 12.7453 29.7401
572 12.6668 29.4213
514 12.5917 29.1162
455 12.5172 28.8135
710 12.4505 28.5427
898 12.3817 28.2632
331 12.4443 26.9451
963 12.4957 25.863
74 12.5425 24.8779
794 12.5966 23.7398
61 12.7707 20.0743
187 12.8127 19.1917
722 13.4217 14.9735
348 13.4356 14.8768
412 13.4506 14.7729
362 13.4663 14.6643
646 13.4826 14.551
812 13.4992 14.4364
588 14.0914 14.4569
881 14.6731 14.477
211 15.3583 14.5008
674 16.0508 14.5248
629 16.9073 14.5544
8 18.9401 14.6248
351 20.8217 14.69
366 20.5649 14.9173
488 20.3488 15.1087
246 20.1336 15.2993
284 19.881 15.523
643 19.61 15.763
682 19.3019 16.0358
402 20.1105 16.9279
741 20.8874 17.7851
268 22.8938 19.9989
811 28.8178 26.5348
474 28.8178 26.5348
661 28.8178 26.5348
486 29.0414 26.3082
254 29.2863 26.0601
869 29.5039 25.8396
121 29.7422 25.5982
354 30.0259 25.3107
902 30.3165 25.0162
278 30.6103 24.7185
529 30.9213 24.4034
822 31.4045 23.9139
702 31.8657 23.4466
379 32.3647 22.9411
111 32.8743 22.4248
407 33.3639 21.9287
883 33.5721 21.7177
64 33.777 21.5101
337 33.9929 21.2914
439 34.1949 21.0866
310 34.4329 20.8455
915 34.6488 20.6267
934 35.2314 20.0365
704 35.8005 19.4598
669 36.3457 18.9075
834 36.5949 18.6549
467 37.1442 18.0985
518 38.1979 17.0311
287 38.3449 19.0314
419 38.5969 22.456
363 38.554 22.8012
573 38.4718 23.4631
653 38.3649 24.3229
853 38.2011 25.6418
787 38.115 26.3345
626 38.0359 26.9713
709 37.9315 27.8114
26 37.8176 28.7282
586 37.6224 30.2994
790 37.4318 31.833
687 37.3002 32.8925
421 37.2236 33.5089
261 37.1453 34.1393
414 36.9894 35.3934
706 36.8989 36.1223
862 36.8255 36.7131
160 36.7621 37.2236
679 36.6766 37.9115
388 36.5933 38.5813
692 36.5252 39.1301
989 36.4534 39.7075
356 36.3879 40.2347
191 36.3269 40.7258
480 36.2471 41.3681
276 36.1624 42.0499
475 35.2628 43.8522
783 35.0493 44.2798
748 34.8302 44.7188
913 34.6117 45.1564
908 34.4063 45.5678
535 34.5324 45.651
525 34.6656 45.739
302 34.8028 45.8296
723 34.9352 45.9171
778 36.3349 46.8417
147 37.7008 47.744
194 39.1721 48.716
576 40.5282 49.6118
533 41.0314 49.9442
264 41.4963 50.2513
765 41.8721 50.4995
522 42.3035 50.489
566 42.7447 50.4783
49 43.2059 50.4671
461 43.7671 50.4535
917 44.3244 50.44
237 45.0019 50.4236
906 45.9014 50.4017
452 46.5114 50.3869
848 47.1699 50.371
923 47.8333 50.3549
945 48.4707 50.3394
281 49.1135 50.3238
472 49.841 50.3062
623 50.6305 50.287
844 51.274 50.2714
793 51.9705 50.2545
492 52.627 50.2386
716 53.3146 50.2219
101 54.1011 50.2028
63 55.1364 50.1777
498 56.28 50.15
117 59.6663 50.0678
583 61.8956 50.0137
85 61.9455 50.0125
478 62.0034 50.0111
396 62.0469 49.9795
875 62.0912 49.9473
262 62.1389 49.9127
644 62.1938 49.8728
675 62.2457 49.8351
232 62.2958 49.7987
942 62.3396 49.7669
656 62.3865 49.7328
670 63.7667 47.7641
842 64.8188 46.2636
195 65.9564 44.6409
217 65.794 44.0372
592 65.6544 43.5185
959 63.7075 36.2803
143 63.7075 36.2803
357 63.7075 36.2803
821 63.7075 36.2803
314 63.7075 36.2803
745 63.7075 36.2803
466 63.3287 36.1862
323 62.0027 35.8567
873 59.2869 35.1818
819 59.2869 35.1818
978 58.6068 35.424
43 57.9939 35.6422
606 57.3909 35.8569
358 56.6259 36.1293
6 55.8288 36.4131
45 54.876 36.7524
828 53.7596 37.1499
155 52.5457 37.5821
69 52.561 37.5588
870 52.5778 37.5332
66 52.5946 37.5075
930 52.612 37.4809
681 52.629 37.4549
634 52.646 37.4289
781 52.6628 37.4033
355 52.6778 37.3803
27 52.693 37.3571
250 52.7075 37.335
555 52.7235 37.3106
458 52.7387 37.2873
55 52.7544 37.2633
865 52.7688 37.2414
751 52.7837 37.2185
19 52.7979 37.1968
594 52.8126 37.1744
197 52.8264 37.1534
257 52.8407 37.1316
209 53.5404 36.0626
935 54.1694 35.1016
785 55.0762 33.7163
289 55.9895 32.321
164 57.1827 30.4982
377 58.4221 28.6048
831 60.625 25.2398
24 63.0045 21.6051
176 65.2722 18.141
103 67.073 15.3902
504 68.026 15.7302
581 68.9445 16.0578
295 69.9714 16.4241
777 71.0686 16.8155
598 74.5026 18.0401
