0,979,243,98,345,483,627,29,590,33,520,274,835,609,198,497,884,951,107,387,136,506,684,977,170,553,242,900,941,920,425,967,102,152,201,838,383,932,744,110,334,850,650,852,975,420,385,332,51,864,450,685,311,25,204,528,372,660,580,893,322,473,820,889,742,666,544,983,854,928,494,725,135,318,823,845,740,648,145,353,511,62,516,532,149,367,882,285,140,754,344,737,584,118,273,952,896,620,297,158,477,622,52,818,813,251,159,464,887,937,317,984,177,567,817,800,179,861,42,992,851,980,775,83,290,816,987,509,71,417,395,465,481,801,931,259,575,369,229,378,904,579,727,12,832,595,340,173,671,605,625,538,837,18,867,962,654,847,632,460,238,814,415,245,432,315,319,202,940,408,826,636,536,642,880,947,921,561,659,769,335,774,343,156,690,530,541,82,206,389,280,802,895,416,241,448,375,866,539,406,139,22,305,449,172,763,129,564,746,562,185,856,911,23,313,624,713,434,874,5,618,40,470,73,271,165,120,92,961,105,548,181,766,53,239,265,752,960,613,559,569,306,150,230,974,72,738,20,631,933,441,521,227,753,712,795,859,610,786,368,50,96,456,761,146,886,226,689,946,954,418,256,487,806,537,773,288,392,808,919,270,649,638,662,253,707,36,320,231,189,223,437,193,292,309,877,141,252,782,394,857,163,134,248,986,894,755,484,350,126,855,513,294,807,563,144,976,540,175,614,715,124,604,591,523,779,459,587,720,215,645,443,878,578,266,2,910,21,365,601,454,99,840,60,608,41,550,349,971,171,80,558,922,471,809,225,676,291,729,596,912,104,30,507,269,512,194,522,342,765,264,461,929,49,756,688,180,210,56,493,510,137,54,89,603,452,566,237,891,533,732,370,576,619,917,876,411,772,981,691,733,267,336,324,382,359,599,938,957,640,545,391,764,735,79,839,901,451,924,552,526,724,574,903,327,361,658,927,788,59,888,132,571,329,308,965,897,390,501,701,16,333,469,168,872,730,184,846,672,76,918,424,885,557,162,796,495,431,326,296,955,479,244,789,759,914,551,426,433,780,803,48,892,502,167,871,757,697,249,360,490,428,916,88,93,15,17,31,58,409,611,491,28,44,462,430,833,696,776,973,768,442,183,651,593,13,446,714,199,108,750,435,39,678,988,585,1,447,236,699,982,401,953,263,200,444,380,301,568,693,213,95,247,304,364,815,115,969,386,736,695,138,547,827,718,405,106,153,868,711,607,457,890,14,371,966,381,300,500,905,637,717,298,316,546,399,203,792,830,554,719,944,615,178,570,240,445,991,728,657,321,90,207,325,860,825,726,436,628,169,75,374,556,427,667,224,694,600,639,338,346,131,560,277,948,739,531,81,3,114,784,630,635,220,119,429,339,703,747,219,950,680,970,686,97,130,272,482,275,734,879,255,34,760,113,400,192,422,503,398,517,665,218,749,463,47,524,542,939,799,936,57,805,505,925,128,166,77,376,347,234,708,972,797,589,849,122,341,214,157,527,116,212,46,616,499,858,312,909,10,154,330,863,123,222,633,949,182,352,956,303,489,565,677,228,100,196,543,705,663,37,698,758,770,11,233,829,279,655,811,205,147,778,413,397,125,142,783,38,403,748,913,908,535,525,32,302,723,475,869,388,87,474,985,899,664,641,741,486,661,133,268,943,284,534,78,148,496,476,990,283,652,731,423,958,174,373,771,65,384,841,455,794,258,4,74,331,963,710,86,514,299,328,700,682,348,61,722,187,898,402,362,412,646,673,588,881,211,674,629,8,812,366,488,643,351,572,836,221,278,824,902,822,702,379,111,549,529,834,121,467,669,883,64,337,439,709,254,310,915,934,626,407,602,787,704,354,853,307,363,419,287,518,653,573,26,586,246,414,706,862,261,612,679,7,151,508,438,692,687,160,191,480,356,276,790,989,906,421,844,793,623,577,286,798,923,945,281,472,848,63,498,117,101,262,35,293,396,235,112,282,743,84,216,161,843,127,597,519,515,762,404,791,804,683,621,91,9,582,94,208,617,968,668,68,67,440,109,410,186,810,468,188,453,70,907,478,942,647,964,393,644,190,143,842,357,217,583,85,926,767,745,195,466,592,670,323,675,656,485,232,377,45,821,634,781,355,358,828,6,27,250,555,458,55,865,751,978,19,594,197,606,43,681,314,716,492,69,870,875,66,930,155,209,257,785,289,164,935,176,959,819,831,581,873,103,504,295,777,598,24,260,721,
value : 584.987 running time : 29.349754
0 80 20
979 84.6641 19.8301
243 87.7216 19.7187
98 89.2148 19.6643
345 89.2348 19.6431
483 89.2546 19.622
627 88.756 23.2183
29 86.2219 41.4953
590 86.153 41.9921
33 86.0733 42.5671
520 85.9705 43.3087
274 85.8503 44.1752
835 85.7262 45.07
609 85.585 46.0887
198 85.0109 50.2287
497 84.5737 53.3816
884 84.2771 53.8196
951 83.9792 54.2595
107 83.6648 54.7237
387 83.3298 55.2184
136 83.0241 55.6699
506 82.6825 56.1742
684 82.3487 56.6671
977 82.0361 57.1287
170 81.7436 57.5607
553 81.396 58.0739
242 80.8069 58.9438
900 80.0974 59.9915
941 79.9322 60.2355
920 79.7787 60.462
425 79.5884 60.7431
967 79.1426 61.4013
102 78.5838 62.2265
152 78.4189 62.4914
201 78.2741 62.724
838 78.1375 62.9435
383 77.937 63.2656
932 77.7513 63.564
744 75.9902 66.393
110 75.9902 66.393
334 75.9902 66.393
850 75.9902 66.393
650 76.2624 66.8114
852 76.5754 67.2926
975 76.8804 67.7614
420 77.1713 68.2085
385 77.6282 68.9108
332 78.0553 69.5672
51 78.4403 70.1591
864 82.4939 76.39
450 83.4845 77.9125
685 84.5767 79.5915
311 84.8982 80.0855
25 85.2415 80.6133
204 85.4586 80.947
528 85.7068 81.3285
372 86.0336 81.8308
660 85.3456 82.5751
580 79.4526 88.9508
893 79.3971 89.0108
322 79.3487 89.0632
473 79.2975 89.1186
820 79.2403 89.1805
889 79.192 89.2327
742 78.9887 89.4526
666 78.7612 89.6987
544 78.5348 89.9437
983 78.5348 89.9437
854 78.5348 89.9437
928 78.5348 89.9437
494 77.9947 90.0214
725 77.4926 90.0936
135 76.8958 90.1795
318 76.3005 90.2651
823 75.8086 90.3358
845 75.3761 90.398
740 75.0104 90.4506
648 73.9418 90.6043
145 69.9184 91.1829
353 66.4782 91.6777
511 60.7901 92.4957
62 60.2471 92.5738
516 59.7708 92.6423
532 59.3932 92.6966
149 59.6227 92.4387
367 59.8006 92.2388
882 59.9836 92.0332
285 60.2508 91.7328
140 60.4487 91.5104
754 60.6319 91.3045
344 60.8106 91.1037
737 61.0618 90.8215
584 61.3103 90.5422
118 61.5817 90.2372
273 61.8475 89.9384
952 62.0896 89.6663
896 62.3658 89.3559
620 62.7583 88.9149
297 63.1822 88.4384
158 63.5381 88.0384
477 63.8782 87.6562
622 64.2389 87.2509
52 64.5919 86.8542
818 65.0391 86.3516
813 65.074 86.3124
251 65.1084 86.2736
159 65.1481 86.229
464 64.9416 86.0581
887 64.7118 85.868
937 64.5334 85.7203
317 64.3425 85.5624
984 64.1711 85.4206
177 63.9913 85.2718
567 63.8037 85.1166
817 63.6162 84.9614
800 63.352 84.7428
179 63.1731 84.5947
861 63.0676 84.5075
42 63.0676 84.5075
992 63.0676 84.5075
851 63.0676 84.5075
980 63.0676 84.5075
775 63.1014 83.9086
83 63.1334 83.3436
290 63.1615 82.8454
816 63.1767 82.5772
987 63.1961 82.2337
509 63.2124 81.9447
71 63.2269 81.6886
417 63.2413 81.4329
395 63.1658 81.0623
465 63.0912 80.6962
481 63.0091 80.2935
801 62.929 79.9002
931 62.8512 79.5184
259 62.7725 79.1321
575 62.6826 78.691
369 62.5903 78.2381
229 62.4956 77.7734
378 62.4044 77.3256
904 62.305 76.8379
579 62.2144 76.3934
727 61.9949 75.7958
12 61.7939 75.2488
832 61.5238 74.5139
595 61.2459 73.7575
340 61.0414 73.2009
173 60.8454 72.6675
671 60.6553 72.1501
605 60.4296 71.5358
625 60.2046 70.9236
538 60.0644 70.5419
837 59.857 70.8433
18 59.604 71.2111
867 59.4011 71.5061
962 59.1588 71.8582
654 58.7562 72.4434
847 58.3179 73.0805
632 57.8707 73.7306
460 57.471 74.3116
238 57.0659 74.9004
814 53.7255 79.756
415 53.4965 80.0888
245 53.286 80.3948
432 53.1016 80.6628
315 52.8757 80.9912
319 52.5978 81.3952
202 52.3617 81.7384
940 52.1752 82.0095
408 51.9761 82.2988
826 51.8049 82.5478
636 51.6203 82.8161
536 51.4269 83.0971
642 51.2633 83.3349
880 51.0961 83.578
947 50.9191 83.8353
921 50.7558 84.0726
561 50.5586 84.3594
659 50.3872 84.6084
769 50.2339 84.8313
335 49.9663 85.2203
774 49.6483 85.6825
343 49.3633 86.0968
156 49.1087 86.4669
690 48.8967 86.775
530 48.6598 87.1194
541 48.3949 87.5045
82 48.2562 87.7061
206 48.0865 87.9527
389 47.9406 88.1648
280 47.826 88.3314
802 47.6837 88.5383
895 47.4419 88.8897
416 47.1097 89.3726
241 46.8123 89.8049
448 46.5121 90.2413
375 46.2928 90.5601
866 46.0849 90.8622
539 45.8884 91.1478
406 45.6868 91.4409
139 45.4093 91.8443
22 45.4328 91.8315
305 45.4578 91.8178
449 45.4804 91.8055
172 45.5041 91.7926
763 45.5285 91.7793
129 45.5536 91.7657
564 45.5801 91.7513
746 45.602 91.7393
562 45.627 91.7257
185 49.3441 92.9607
856 49.0158 92.9322
911 48.6357 92.8992
23 48.1587 92.8578
313 47.6554 92.8141
624 47.1376 92.7691
713 46.5703 92.7199
434 46.0629 92.6758
874 45.4356 92.6214
5 44.8697 92.5722
618 44.3268 92.5251
40 43.6251 92.4642
470 41.9324 92.3172
73 40.6719 92.2078
271 40.4749 92.1907
165 40.2905 92.1747
120 40.0596 92.1546
92 39.8756 92.1386
961 39.7217 92.1253
105 39.3895 92.0964
548 38.9713 92.0601
181 38.6066 92.0285
766 38.2442 91.997
53 37.8656 91.9641
239 37.4939 91.9319
265 37.0568 91.8939
752 36.6215 91.8561
960 36.1949 91.8191
613 35.8255 91.787
559 35.4662 91.7558
569 34.7528 91.6939
306 33.9331 91.6227
150 33.4196 91.5781
230 32.9423 91.5367
974 32.4319 91.4924
72 31.8444 91.4414
738 31.2154 91.3868
20 30.4523 91.3205
631 29.7238 91.2573
933 29.0034 91.1947
441 28.5288 91.1535
521 28.0825 91.1148
227 27.6392 91.0763
753 27.6599 90.7092
712 27.6808 90.3384
795 27.7014 89.9723
859 27.7213 89.6198
610 27.7401 89.2858
786 27.7603 88.9265
368 27.7819 88.5443
50 27.8029 88.1708
96 27.8225 87.8233
456 27.8427 87.4655
761 27.8771 86.8541
146 27.9145 86.1913
886 27.9618 85.3527
226 28.0004 84.6676
689 28.0004 84.6676
946 28.0004 84.6676
954 28.0004 84.6676
418 28.0004 84.6676
256 28.0004 84.6676
487 28.0004 84.6676
806 28.2143 84.6047
537 28.4066 84.5481
773 28.5884 84.4946
288 28.7637 84.443
392 28.9728 84.3814
808 29.1692 84.3236
919 29.392 84.258
270 29.6104 84.1937
649 29.8021 84.1373
638 29.972 84.0873
662 30.1555 84.0333
253 30.3112 83.9874
707 30.4806 83.9376
36 30.6498 83.8878
320 38.6133 81.5437
231 38.6133 81.5437
189 38.6133 81.5437
223 38.6133 81.5437
437 38.6133 81.5437
193 38.6133 81.5437
292 38.6133 81.5437
309 38.6133 81.5437
877 38.827 80.875
141 39.2564 79.5312
252 39.8573 77.651
782 40.4652 75.749
394 40.4635 75.7342
857 40.4615 75.7172
163 40.4595 75.7001
134 40.4577 75.6853
248 40.4561 75.6716
986 40.4543 75.6558
894 40.4525 75.6406
755 40.4508 75.6264
484 40.4489 75.6103
350 40.4472 75.5957
126 40.4455 75.5813
855 40.4435 75.5646
513 40.111 75.4868
294 39.76 75.4047
807 39.4136 75.3236
563 39.0891 75.2477
144 38.7164 75.1606
976 38.3402 75.0726
540 37.9678 74.9854
175 37.5838 74.8956
614 37.2165 74.8097
715 36.8415 74.722
124 36.4372 74.6274
604 36.0636 74.54
591 35.7473 74.4661
523 35.4592 74.3987
779 35.1273 74.321
459 34.4873 74.1713
587 33.612 73.9666
720 33.0211 73.8284
215 32.8347 73.7848
645 32.5508 73.7184
443 32.2874 73.6568
878 32.1294 73.6198
578 31.9519 73.5783
266 31.7943 73.5414
2 31.6566 73.5092
910 31.5113 73.4752
21 31.3406 73.4353
365 31.168 73.3949
601 30.9687 73.3483
454 30.9687 73.3483
99 30.9687 73.3483
840 30.9687 73.3483
60 30.9687 73.3483
608 30.9687 73.3483
41 31.0972 72.8208
550 31.2961 72.005
349 31.8605 69.6891
971 32.3017 67.8791
171 32.7461 66.0558
80 33.2217 64.1044
558 33.9968 60.9247
922 34.0162 60.8372
471 34.0337 60.759
809 34.0502 60.6847
225 34.0657 60.6151
676 34.1545 60.2162
291 34.2461 59.805
729 34.3417 59.3757
596 34.4417 58.9271
912 34.5551 58.4178
104 34.6649 57.9249
30 34.7807 57.4051
507 34.8959 56.8876
269 35.0503 56.1944
512 35.1887 55.5729
194 35.261 55.2484
522 35.3192 54.9871
342 35.3751 54.736
765 35.3751 54.736
264 35.3751 54.736
461 35.3751 54.736
929 35.3751 54.736
49 35.3751 54.736
756 35.3751 54.7359
688 35.3751 54.7359
180 35.3751 54.7359
210 35.3751 54.7359
56 35.3751 54.7359
493 35.3595 54.4237
510 35.3435 54.1031
137 35.3284 53.8013
54 35.3116 53.4668
89 35.2928 53.0917
603 35.2743 52.7223
452 35.2561 52.3575
566 35.2561 52.3575
237 35.2561 52.3575
891 35.2561 52.3575
533 35.2561 52.3575
732 35.2561 52.3575
370 35.2561 52.3575
576 35.2561 52.3575
619 35.2561 52.3575
917 35.2561 52.3575
876 32.5068 54.6128
411 27.8318 58.4477
772 27.5364 58.69
981 27.3061 58.879
691 27.0785 59.0657
733 26.8725 59.2347
267 26.6689 59.4017
336 26.442 59.5878
324 26.4539 59.7134
382 26.4671 59.8531
359 26.4799 59.9881
599 26.4906 60.1005
938 26.5006 60.2061
957 26.5127 60.3336
640 26.5237 60.4505
545 26.5341 60.5602
391 26.5448 60.673
764 26.6091 61.3518
735 26.6748 62.0449
79 26.7417 62.7515
839 26.8093 63.4645
901 26.8829 64.2411
451 26.9581 65.0354
924 27.0475 65.9792
552 27.1287 66.8365
526 27.2091 67.6848
724 27.2833 68.4679
574 27.2833 68.4679
903 27.2833 68.4679
327 27.2833 68.4679
361 27.2833 68.4679
658 27.2833 68.4679
927 27.2833 68.4679
788 27.2833 68.4679
59 27.2833 68.4679
888 27.1141 68.9059
132 26.9779 69.2588
571 26.8444 69.6045
329 26.7135 69.9436
308 26.5775 70.2956
965 26.4245 70.6919
897 26.2741 71.0813
390 26.0953 71.5446
501 25.8909 72.0739
701 25.6658 72.6568
16 25.4574 73.1966
333 25.2605 73.7064
469 25.0676 74.206
168 24.9475 74.517
872 24.834 74.811
730 24.7147 75.1199
184 24.5827 75.4619
846 24.47 75.7537
672 22.7902 80.104
76 22.6077 80.1632
918 22.4245 80.2226
424 21.6621 80.4698
885 20.9332 80.7061
557 20.1624 80.9561
162 19.7558 81.0879
796 19.4661 81.1818
495 19.1807 81.2743
431 18.9173 81.3598
326 18.6413 81.4492
296 18.371 81.5369
955 17.9281 81.6805
479 17.5877 81.7909
244 17.225 81.9085
789 16.8641 82.0255
759 14.7073 82.7248
914 14.4242 82.8166
551 14.4477 82.7729
426 14.4676 82.7358
433 14.4893 82.6956
780 14.5097 82.6577
803 14.5288 82.6223
48 14.5521 82.5789
892 14.5749 82.5366
502 14.5995 82.4908
167 17.3024 87.3545
871 17.3871 87.6331
757 17.4383 87.8013
697 17.4945 87.9864
249 17.5603 88.2026
360 17.6232 88.4095
490 17.6905 88.6309
428 17.757 88.8495
916 17.8138 89.0363
88 17.8736 89.2332
93 17.9418 89.4575
15 18.0154 89.6995
17 18.0743 89.8931
31 18.1307 90.0788
58 18.2921 90.6094
409 18.4753 91.212
611 18.6221 91.6949
491 18.4411 91.6582
28 18.2649 91.6225
44 18.0461 91.5781
462 17.8281 91.5339
430 17.6402 91.4958
833 17.4094 91.449
696 17.1869 91.4039
776 16.945 91.3548
973 16.7048 91.3061
768 16.4934 91.2632
442 16.2231 91.2084
183 15.9858 91.1603
651 15.7472 91.1119
593 15.4869 91.0591
13 15.1938 90.9997
446 14.8932 90.9387
714 14.645 90.8884
199 13.8681 90.7309
108 13.2035 90.5961
750 12.6483 90.4835
435 12.029 90.3579
39 11.4347 90.2374
678 10.9203 90.1331
988 10.4445 90.0366
585 10.4438 90.0315
1 10.4431 90.0263
447 10.4425 90.0215
236 10.4419 90.0167
699 10.4412 90.0117
982 10.4406 90.007
401 10.44 90.0026
953 10.4395 89.9981
263 10.4389 89.9935
200 10.4383 89.9888
444 10.4376 89.984
380 10.4371 89.9796
301 10.4364 89.9748
568 10.4358 89.9702
693 10.4352 89.9656
213 10.4347 89.9612
95 10.4038 89.7228
247 10.3756 89.5054
304 10.3481 89.2936
364 10.3191 89.07
815 10.2908 88.8521
115 10.2649 88.6523
969 10.2361 88.4299
386 10.2067 88.2035
736 10.1764 87.9697
695 10.1483 87.7532
138 10.1223 87.5528
547 10.0938 87.3327
827 10.0677 87.1316
718 10.032 86.8565
405 10.0008 86.6158
106 9.96606 86.3479
153 9.92656 86.0434
868 9.89039 85.7645
711 9.78473 84.9498
607 9.15514 80.0953
457 9.0457 79.2515
890 8.93804 78.4213
14 8.82241 77.5297
371 8.73984 76.8931
966 8.73984 76.8931
381 8.73984 76.8931
300 8.73984 76.8931
500 8.73984 76.8931
905 8.73984 76.8931
637 8.73984 76.8931
717 8.7752 76.7999
298 8.80286 76.727
316 8.82842 76.6596
546 8.85796 76.5817
399 8.8876 76.5035
203 8.91756 76.4245
792 8.94694 76.3471
830 8.97908 76.2623
554 9.00998 76.1809
719 9.04017 76.1013
944 9.07379 76.0126
615 9.10751 75.9237
178 9.14074 75.8361
570 9.17453 75.747
240 9.20958 75.6546
445 9.2473 75.5552
991 9.28021 75.4684
728 9.31333 75.3811
657 9.3478 75.2902
321 9.37969 75.2061
90 9.4112 75.123
207 9.44726 75.028
325 9.47999 74.9417
860 9.5169 74.8443
825 9.55227 74.7511
726 9.58656 74.6607
436 9.61541 74.5846
628 9.64622 74.5034
169 9.68138 74.4107
75 9.79358 74.1149
374 9.92814 73.7601
556 10.0554 73.4246
427 10.1869 73.0779
667 10.3067 72.762
224 10.4252 72.4497
694 10.5576 72.1004
600 10.6894 71.7529
639 10.7945 71.476
338 10.9159 71.1559
346 11.0284 70.8592
131 11.1552 70.5248
560 11.2567 70.2572
277 11.381 69.9296
948 11.5077 69.5955
739 11.6435 69.2375
531 11.7658 68.915
81 11.7658 68.915
3 11.7658 68.915
114 11.7658 68.915
784 11.7658 68.915
630 11.7658 68.915
635 11.7658 68.915
220 11.7501 68.7651
119 11.7328 68.5998
429 11.717 68.4483
339 11.7005 68.2903
703 11.673 68.0275
747 11.65 67.8075
219 11.6303 67.6188
950 11.6113 67.4373
680 11.5718 67.0591
970 11.5318 66.6764
686 11.4945 66.3202
97 11.4546 65.9388
130 11.4138 65.5478
272 11.3743 65.1707
482 11.3341 64.7859
275 11.2944 64.4065
734 11.2435 63.9192
879 11.1929 63.4353
255 11.1393 62.9221
34 11.0854 62.4073
760 11.078 62.383
113 11.0716 62.3623
400 11.0028 62.1377
192 10.9094 61.8331
422 10.8211 61.5447
503 10.7491 61.3098
398 10.6502 60.987
517 10.5377 60.6203
665 10.4035 60.1822
218 10.2135 59.5622
749 10.0452 59.0131
463 9.96723 58.7587
47 9.90653 58.5606
524 9.85243 58.3841
542 9.78026 58.1486
939 9.72125 57.9561
799 9.64799 57.717
936 9.54197 57.3711
57 9.4441 57.0517
805 9.35549 56.7626
505 9.2675 56.4755
925 9.18356 56.2016
128 9.09019 55.897
166 9.09019 55.897
77 9.09019 55.897
376 9.11359 55.554
347 9.13991 55.1682
234 9.17183 54.7003
708 9.20851 54.1627
972 9.2424 53.666
797 9.2776 53.1502
589 9.29725 52.8621
849 9.31993 52.5297
122 9.34375 52.1805
341 9.36989 51.7974
214 9.3928 51.4617
157 9.41818 51.0898
527 9.4419 50.7421
116 9.46856 50.3514
212 9.49689 49.9361
46 9.52166 49.573
616 9.5426 49.2662
499 9.56261 48.9729
858 9.83625 48.8939
312 10.0623 48.8287
909 10.3078 48.7579
10 10.5662 48.6834
154 10.7875 48.6196
330 11.0078 48.556
863 11.2995 48.4719
123 11.5877 48.3888
222 11.8739 48.3062
633 12.181 48.2176
949 12.2215 48.2059
182 12.2591 48.1951
352 12.2974 48.184
956 12.3374 48.1725
303 12.3728 48.1623
489 12.4116 48.1511
565 12.4521 48.1394
677 12.4922 48.1279
228 12.5337 48.1159
100 12.5709 48.1051
196 12.612 48.0933
543 16.6535 46.9275
705 18.579 46.3721
663 18.9059 46.2777
37 19.2616 46.1751
698 19.5998 46.0775
758 19.9387 45.9798
770 20.2747 45.8829
11 20.7367 45.7496
233 21.1588 45.6278
829 23.6213 44.9175
279 23.6214 44.9175
655 23.6214 44.9175
811 23.6214 44.9175
205 23.6214 44.9175
147 23.6214 44.9175
778 23.6214 44.9175
413 23.4977 44.6342
397 23.3644 44.329
125 23.2329 44.0279
142 23.1351 43.8038
783 23.0311 43.5657
38 22.9017 43.2695
403 22.7711 42.9704
748 22.644 42.6794
913 22.5168 42.3881
908 22.3717 42.0558
535 22.2215 41.7118
525 22.0711 41.3675
32 21.9049 40.9868
302 21.7688 40.6752
723 21.4058 39.8439
475 21.0282 38.9791
869 20.5717 37.9339
388 20.1736 37.022
87 19.5575 35.6112
474 19.024 34.3895
985 18.9181 34.147
899 18.8101 33.8996
664 18.7195 33.6923
641 17.9436 31.9154
741 17.3223 30.4926
486 17.3223 30.4926
661 17.3223 30.4926
133 17.3223 30.4926
268 17.3223 30.4926
943 17.3223 30.4926
284 17.3223 30.4926
534 14.2078 36.6288
78 14.1523 36.738
148 14.0965 36.848
496 14.0414 36.9566
476 13.9904 37.0571
990 13.94 37.1564
283 13.888 37.2588
652 13.831 37.3711
731 13.7795 37.4726
423 13.7288 37.5725
958 13.6756 37.6772
174 13.618 37.7907
373 13.618 37.7907
771 13.3637 37.4878
65 13.0554 37.1206
384 12.7344 36.7383
841 12.4285 36.374
455 10.8614 34.5077
794 10.8297 34.4699
258 10.8005 34.4352
4 10.7758 34.4057
74 10.7515 34.3768
331 10.7277 34.3485
963 10.7197 34.3389
710 10.7197 34.3389
86 10.7197 34.3389
514 10.7197 34.3389
299 10.7197 34.3389
328 10.7197 34.3389
700 10.0579 30.9743
682 8.83752 24.7698
348 8.4635 22.8683
61 8.15518 21.3009
722 7.90558 20.0319
187 7.90558 20.0319
898 7.90558 20.0319
402 8.19412 19.6465
362 8.46219 19.2885
412 8.72491 18.9376
646 8.98992 18.5837
673 9.24815 18.2388
588 9.54237 17.8459
881 9.83211 17.4589
211 10.0789 17.1292
674 10.3189 16.8087
629 10.5796 16.4605
8 10.8298 16.1263
812 10.8299 16.1263
366 13.8647 16.3555
488 16.8625 16.5819
643 19.636 16.7913
351 21.9217 16.9638
572 20.026 21.6637
836 21.3531 22.0023
221 22.9541 22.4107
278 24.2898 22.7515
824 24.8745 22.9006
902 25.4411 23.0452
822 26.1256 23.2198
702 26.6482 23.3531
379 27.2931 23.5177
111 27.7757 23.6408
549 28.1937 23.7474
529 28.6668 23.8681
834 29.1505 23.3904
121 29.5819 22.9644
467 30.594 21.9648
669 31.2277 21.3389
883 31.4245 21.4298
64 31.6049 21.513
337 31.7977 21.602
439 31.9647 21.6792
709 32.1572 21.768
254 32.3346 21.8499
310 32.5989 21.9719
915 32.8382 22.0824
934 33.1023 22.2043
626 33.3044 22.2976
407 33.5151 22.3949
602 33.804 22.5283
787 34.2962 22.7555
704 34.7565 22.968
354 35.243 23.1926
853 36.0061 23.5448
307 37.0102 21.9869
363 38.4786 19.7087
419 39.5691 18.0168
287 39.6387 17.7322
518 39.7014 17.4755
653 39.4688 18.5985
573 39.2425 19.6909
26 38.9913 20.9033
586 38.7318 22.156
246 38.5615 22.9779
414 36.469 33.0781
706 36.3162 33.8157
862 36.1971 34.3906
261 36.0971 34.8731
612 35.9121 35.7662
679 36.0061 36.3467
7 36.0974 36.9099
151 36.1863 37.4585
508 36.278 38.0243
438 36.3478 38.4549
692 36.8475 38.9358
687 37.3091 39.3801
160 37.773 39.8267
191 38.4537 40.4818
480 39.2596 41.2574
356 40.0833 42.0503
276 40.8603 42.7982
790 41.4551 43.3706
989 42.135 44.025
906 42.8786 44.7407
421 43.4905 45.3296
844 45.1363 46.9137
793 46.9794 48.6876
623 47.6751 49.3573
577 48.2746 49.9343
286 48.7455 50.3876
798 49.1077 50.7362
923 49.4139 51.0309
945 49.719 51.3245
281 50.0504 51.6435
472 50.3663 51.9475
848 50.7062 52.2747
63 51.1131 52.6664
498 51.5689 53.105
117 52.0257 53.5447
101 51.737 54.6077
262 51.4867 55.5291
35 51.2009 56.5811
293 50.9287 57.5833
396 50.6342 58.6675
235 50.1953 60.2835
112 49.8825 61.4348
282 49.8825 61.4348
743 49.8825 61.4348
84 49.8825 61.4348
216 49.8825 61.4348
161 49.8825 61.4348
843 49.8825 61.4348
127 48.8745 62.0488
597 48.7846 62.2013
519 48.6986 62.3472
515 48.4208 62.8188
762 48.0945 63.3727
404 47.7331 63.9862
791 48.4247 63.9587
804 48.9998 63.9359
683 49.6779 63.909
621 50.4917 63.8766
91 51.3683 63.8418
9 52.2833 63.8055
582 52.466 63.6433
94 52.6705 63.4615
208 53.007 63.1626
617 53.3271 62.8782
968 53.6505 62.5909
668 53.986 62.2928
68 54.3184 61.9976
67 54.5562 61.7863
440 54.5562 61.7863
109 54.5562 61.7863
410 54.5562 61.7863
186 54.9952 61.2224
810 55.3555 60.7596
468 55.6995 60.3176
188 56.0937 59.8112
453 56.4378 59.3692
70 56.9528 58.7077
907 57.2599 58.3132
478 57.5799 57.9021
942 57.8939 57.4988
647 58.1505 57.1693
964 58.4219 56.8207
393 58.7406 56.4113
644 59.9172 54.8998
190 60.6555 53.9515
143 61.3972 52.9986
842 61.9904 52.2366
357 62.5644 51.4993
217 63.0649 50.8565
583 63.5276 50.262
85 63.9441 49.7271
926 64.5412 48.9601
767 65.1083 48.2316
745 65.8482 47.2812
195 65.8482 47.2812
466 65.8482 47.2812
592 65.8482 47.2812
670 65.8482 47.2812
323 65.8482 47.2812
675 65.8482 47.2812
656 65.8482 47.2812
485 64.6481 46.4224
232 63.2693 45.4358
377 61.6278 44.2612
45 60.3093 43.3177
821 59.0085 42.3868
634 58.0147 41.6757
781 57.0688 40.9988
355 56.2332 40.4009
358 55.4562 39.8449
828 54.611 39.2402
6 53.7749 38.6419
27 53.7749 38.6419
250 53.7749 38.6419
555 53.7749 38.6419
458 53.7749 38.6419
55 53.7749 38.6419
865 53.7749 38.6419
751 53.7749 38.6419
978 53.7749 38.6419
19 53.7749 38.6419
594 53.7749 38.6419
197 53.7749 38.6419
606 53.7749 38.6419
43 53.7043 38.5995
681 53.63 38.5549
314 53.5647 38.5157
716 53.4904 38.4711
492 53.4214 38.4296
69 53.3483 38.3858
870 53.2773 38.3431
875 53.2061 38.3004
66 53.13 38.2547
930 53.0548 38.2096
155 52.9734 38.1607
209 52.9018 37.7735
257 52.8347 37.4102
785 53.9486 35.782
289 54.9559 34.3097
164 55.4132 33.6414
935 55.8248 33.0397
176 62.5143 23.2619
959 62.5298 23.2393
819 62.5452 23.2167
831 62.5606 23.1943
581 62.5772 23.1699
873 62.5924 23.1477
103 68.2046 14.9448
504 69.0448 15.0456
295 69.8155 15.138
777 70.6167 15.2341
598 72.0579 15.4071
24 73.7414 15.609
260 77.422 16.0506
721 78.1614 17.1834
