0,260,721,103,176,777,598,24,504,581,295,164,209,751,785,819,555,865,289,831,355,873,959,6,27,358,55,419,843,43,377,681,634,421,250,978,197,821,452,594,862,906,217,930,781,844,790,586,19,653,935,934,834,716,7,687,917,783,111,869,853,356,278,160,692,257,467,702,64,602,354,310,363,626,902,379,883,787,899,643,246,709,822,191,915,943,261,824,518,351,573,337,26,407,287,307,669,284,704,439,268,673,710,674,61,646,588,8,488,722,682,362,254,366,629,412,211,661,963,881,402,812,794,299,572,4,187,474,331,121,641,348,455,87,741,258,836,514,898,65,384,32,133,829,312,990,283,212,328,86,499,74,125,549,221,486,151,811,89,529,194,302,664,480,566,147,876,949,388,413,723,475,397,508,78,619,438,938,269,59,698,49,688,603,839,912,891,180,324,756,451,957,510,391,735,142,414,706,748,233,525,182,908,913,633,37,423,655,476,679,205,403,148,535,612,545,534,11,38,279,373,543,489,100,797,700,863,936,958,10,57,985,731,123,771,663,956,505,925,214,330,849,589,463,228,222,858,496,770,527,303,166,652,46,841,218,174,128,909,116,616,47,154,749,157,234,122,805,703,677,691,542,758,341,734,733,34,599,507,764,705,760,352,972,329,531,255,939,717,799,524,77,747,948,3,192,708,347,398,400,607,966,860,321,429,427,371,14,482,556,346,277,686,657,784,879,272,825,946,789,630,680,600,950,132,327,503,196,772,114,739,970,97,119,376,526,550,113,924,927,326,502,501,81,411,971,601,220,500,275,79,565,422,981,349,587,131,339,130,162,788,720,382,897,701,965,552,846,903,571,336,729,443,635,726,270,878,645,591,533,640,291,676,662,715,596,724,576,404,901,30,104,56,558,359,21,226,350,894,54,235,80,163,252,308,410,365,267,459,809,137,493,929,461,127,390,175,765,498,989,155,276,597,237,210,472,522,922,262,623,683,216,370,264,778,342,793,621,779,945,281,810,732,512,63,69,870,471,875,188,101,85,848,519,117,186,492,767,485,66,458,45,644,323,609,553,670,143,314,828,745,592,29,466,675,583,606,942,190,577,842,232,357,656,515,923,625,798,286,668,743,396,968,282,161,70,926,68,654,847,975,852,393,293,647,67,904,867,110,962,51,173,460,238,762,468,837,440,538,907,432,478,340,595,315,84,453,964,35,900,420,937,727,857,636,567,855,791,94,523,755,484,804,605,144,208,986,109,617,832,126,82,880,987,513,802,12,408,887,861,632,319,895,642,112,826,814,562,976,294,564,921,800,561,769,335,582,9,91,782,248,689,134,225,807,193,540,171,910,638,574,296,757,333,954,36,888,60,428,872,490,168,124,223,479,454,537,88,730,99,658,431,578,41,487,604,796,886,266,697,244,982,374,316,615,890,905,361,90,457,665,517,667,991,219,694,554,399,944,203,338,381,224,444,93,263,792,446,301,48,386,803,637,153,401,830,719,426,759,240,728,207,325,298,546,639,433,445,249,58,551,560,50,424,199,436,213,39,750,628,547,178,300,169,693,736,570,695,699,75,31,718,585,364,969,1,953,106,868,568,678,914,380,405,108,236,827,200,95,776,115,447,138,711,247,988,892,916,712,360,435,780,304,368,184,933,973,495,15,815,955,44,442,871,768,462,833,557,491,521,456,610,593,441,17,430,227,13,611,919,96,253,306,146,16,92,141,608,808,409,167,469,418,885,76,672,73,859,651,183,631,696,288,752,738,773,20,753,761,795,714,877,256,28,265,806,470,230,874,271,394,960,53,416,866,707,569,786,150,239,548,181,766,613,72,448,614,840,231,536,763,516,129,241,539,437,22,120,392,649,918,172,2,189,215,280,292,563,139,309,974,559,618,62,882,980,434,992,5,375,713,961,541,511,532,313,896,202,754,156,746,165,140,23,851,940,449,389,320,690,206,343,105,406,947,40,395,931,367,530,305,774,344,118,584,952,624,856,737,52,273,378,245,369,297,179,659,229,509,801,671,259,816,415,494,911,42,465,580,149,251,817,177,285,464,318,854,666,845,544,477,775,620,158,353,575,984,185,317,145,18,417,818,820,823,983,648,622,928,725,893,135,864,813,25,372,473,311,685,660,528,450,889,742,159,322,744,71,83,481,152,290,579,204,332,684,385,740,387,941,838,201,497,425,920,383,850,102,650,932,242,967,977,506,107,198,274,884,951,136,170,334,835,520,195,33,590,98,483,979,243,345,627,
value : 514.484 running time : 80.579404
0 80 20
260 77.4325 16.0571
721 72.262 15.4532
103 68.1436 14.9722
176 67.2244 16.2755
777 66.2427 17.6674
598 65.2772 19.0363
24 64.3763 20.3137
504 63.4839 21.579
581 62.5125 22.9563
295 61.3822 24.5589
164 60.1015 26.3747
209 59.3176 27.4862
751 58.9032 28.0737
785 58.5393 28.5898
819 58.2276 29.0317
555 57.8333 29.5907
865 57.4523 30.131
289 57.1205 30.6014
831 56.9268 30.8761
355 56.6996 31.1983
873 56.5034 31.4764
959 56.312 31.7478
6 56.0561 32.1108
27 55.7807 32.5012
358 55.5198 32.8711
55 55.2764 33.2163
419 55.0118 33.5914
843 52.0945 37.7274
43 52.0945 37.7274
377 52.0945 37.7274
681 52.0945 37.7274
634 52.0945 37.7274
421 52.0945 37.7274
250 52.0945 37.7274
978 52.0945 37.7274
197 52.0945 37.7274
821 52.0945 37.7274
452 51.5501 37.1637
594 50.9835 36.5771
862 50.351 35.9223
906 50.0711 35.6324
217 49.781 35.3321
930 49.2998 34.8338
781 48.7692 34.2845
844 48.021 33.5099
790 47.1821 32.6413
586 46.2996 31.7277
19 45.4815 30.8807
653 44.5471 29.9132
935 44.3385 30.1362
934 44.1622 30.3249
834 43.9564 30.5449
716 43.7376 30.7789
7 40.4143 31.6658
687 38.7207 32.1178
917 38.1786 32.2624
783 37.6065 32.4151
111 37.4993 32.3008
869 37.4266 32.2233
853 37.3639 32.1565
356 37.2967 32.0849
278 36.6229 31.3667
160 36.0739 30.7816
692 35.5581 30.2318
257 34.791 29.4142
467 33.628 28.1747
702 32.1061 26.5525
64 31.5543 25.9644
602 31.0652 25.4431
354 30.6131 24.9612
310 30.1923 24.5128
363 29.6994 23.9874
626 29.6994 23.9874
902 29.6994 23.9874
379 29.6994 23.9874
883 29.6994 23.9874
787 29.6994 23.9874
899 29.6994 23.9874
643 29.6994 23.9874
246 29.6994 23.9874
709 29.6994 23.9874
822 29.6994 23.9874
191 29.6994 23.9874
915 29.5748 23.9477
943 29.4645 23.9126
261 30.2752 21.5513
824 31.1099 19.1203
518 33.0759 13.3931
351 32.5497 13.4654
573 32.0696 13.5315
337 31.5724 13.5998
26 31.0162 13.6763
407 30.2391 13.7832
287 29.3924 13.8996
307 28.1832 14.0658
669 27.1894 14.2025
284 26.1361 14.3473
704 25.1895 14.4775
439 20.8136 15.0791
268 14.2078 15.9873
673 13.4048 15.8689
710 12.6554 15.7583
674 12.6173 15.7424
61 12.5809 15.7272
646 12.5504 15.7145
588 12.5232 15.7031
8 12.4952 15.6914
488 12.4625 15.6777
722 12.4275 15.6631
682 12.3972 15.6505
362 12.367 15.6379
254 12.3392 15.6263
366 12.3023 15.6108
629 12.2631 15.5945
412 12.2306 15.5809
211 12.1995 15.5679
661 12.17 15.5556
963 12.131 15.5393
881 12.0933 15.5235
402 12.062 15.5105
812 12.0207 15.4932
794 11.5961 20.452
299 11.5404 21.1021
572 11.489 21.7019
4 11.441 22.2622
187 11.4006 22.734
474 11.269 24.2705
331 11.118 26.0336
121 10.9678 27.7867
641 10.9671 27.7955
348 10.9663 27.8042
455 10.9289 28.2419
87 10.8893 28.7041
741 10.859 29.0573
258 10.8209 29.5022
836 10.7802 29.9773
514 10.7387 30.4627
898 10.6981 30.9371
65 10.6573 31.4133
384 10.6157 31.8991
32 10.5822 32.2897
133 10.5558 32.5986
829 10.5249 32.959
312 10.4886 33.3832
990 10.4617 33.6969
283 10.4366 33.9906
212 10.4108 34.2916
328 10.3874 34.5654
86 10.3702 34.7661
499 10.3505 34.9965
74 10.9369 35.2122
125 15.1392 36.7577
549 18.4262 37.9666
221 20.2941 38.6536
486 22.1273 40.2331
151 24.4508 42.2349
811 26.239 43.7756
89 28.1175 45.3941
529 28.7719 45.958
194 30.2657 47.245
302 30.226 47.2838
664 30.1922 47.3168
480 30.1615 47.3469
566 30.1175 47.3898
147 30.0668 47.4394
876 30.0196 47.4856
949 29.9679 47.5361
388 29.9363 47.5669
413 29.9027 47.5998
723 29.8665 47.6352
475 29.8324 47.6685
397 29.8003 47.6998
508 29.7683 47.7311
78 29.7326 47.7661
619 29.6796 47.9568
438 29.624 48.1571
938 29.5609 48.3846
269 29.509 48.5716
59 29.4532 48.7726
698 29.4059 48.9426
49 29.3669 49.0833
688 29.3207 49.2497
603 29.2743 49.4169
839 29.2257 49.5919
912 29.1817 49.7506
891 28.8302 49.6752
180 28.4758 49.5993
324 27.8936 49.4745
756 27.4085 49.3705
451 26.9003 49.2616
957 26.9003 49.2616
510 26.7165 49.1925
391 26.5241 49.1202
735 26.3473 49.0538
142 26.1711 48.9875
414 26.016 48.9293
706 25.8508 48.8672
748 25.6575 48.7945
233 25.4552 48.7185
525 25.2649 48.647
182 25.0547 48.568
908 24.8927 48.5071
913 24.7318 48.4467
633 24.5487 48.3779
37 24.3671 48.3096
423 24.1716 48.2361
655 24.1154 48.215
476 24.0562 48.1928
679 24.0049 48.1735
205 19.7013 46.5558
403 19.6127 46.537
148 19.5192 46.5172
535 19.4374 46.4998
612 19.3458 46.4804
545 19.2398 46.4579
534 19.0893 46.4259
11 18.9727 46.4012
38 18.8435 46.3738
279 18.3975 46.2791
373 17.9409 46.1822
543 17.5998 46.1098
489 17.1109 46.0061
100 16.7757 45.9349
797 16.5055 45.8776
700 16.1769 45.8078
863 15.8485 45.7381
936 15.5724 45.6796
958 15.2759 45.6166
10 15.0456 45.5677
57 14.8094 45.5176
985 14.5755 45.468
731 14.2091 45.8873
123 13.8653 46.2808
771 13.5392 46.6539
663 13.1747 47.071
956 12.7437 47.5643
505 12.3373 48.0293
925 11.9231 48.5033
214 11.9231 48.5033
330 11.9231 48.5033
849 11.9517 50.1831
589 11.9522 50.2155
463 11.9527 50.241
228 11.9531 50.268
222 11.9537 50.3001
858 11.9542 50.3321
496 11.9547 50.3613
770 11.9552 50.3906
527 11.9558 50.4263
303 11.9563 50.4584
166 11.9568 50.488
652 11.9573 50.5138
46 11.9577 50.5411
841 11.96 50.6745
218 11.9622 50.8091
174 11.9642 50.9237
128 11.9661 51.038
909 11.9682 51.163
116 11.9703 51.2878
616 11.9753 51.5861
47 11.9813 51.9415
154 11.9869 52.2738
749 11.9929 52.6317
157 11.9993 53.0088
234 12.0086 53.5599
122 12.0086 53.5599
805 12.1678 54.2152
703 12.3443 54.9419
677 12.494 55.5579
691 12.6413 56.1643
542 12.7815 56.7415
758 12.9378 57.385
341 13.1332 58.1896
734 13.6062 60.136
733 14.1295 60.5966
34 14.3565 60.7963
599 14.5732 60.9871
507 14.3792 61.0808
764 14.1631 61.1852
705 13.9613 61.2827
760 13.7199 61.3994
352 13.5099 61.5009
972 13.3004 61.6021
329 13.0927 61.7025
531 12.8397 61.8247
255 12.6218 61.93
939 12.4181 62.0285
717 12.4181 62.0285
799 12.4181 62.0285
524 12.4181 62.0285
77 12.4181 62.0285
747 12.4181 62.0285
948 12.4181 62.0285
3 12.4181 62.0285
192 12.4181 62.0285
708 12.4181 62.0285
347 12.2812 62.693
398 12.1589 63.2872
400 12.0272 63.927
607 11.8955 64.5664
966 11.7925 65.0669
860 12.8623 66.1339
321 13.7344 67.0037
429 13.7344 67.0037
427 13.7344 67.0037
371 13.7344 67.0037
14 13.7344 67.0037
482 13.7344 67.0037
556 13.7344 67.0037
346 13.9245 67.0403
277 14.0986 67.0737
686 14.2829 67.1092
657 14.5034 67.1516
784 14.7301 67.1951
879 14.9739 67.242
272 15.2319 67.2916
825 15.4924 67.3417
946 15.7395 67.3892
789 15.9558 67.4308
630 16.097 67.4579
680 16.2621 67.4897
600 16.4534 67.5265
950 16.6227 67.559
132 16.7771 67.5887
327 16.9357 67.6192
503 17.0661 67.6443
196 17.2119 67.6723
772 17.3778 67.7042
114 17.5346 67.7343
739 17.6954 67.7653
970 17.8539 67.7957
97 18.024 67.8284
119 18.1994 67.8621
376 18.384 67.8976
526 18.627 67.9444
550 18.8247 67.9824
113 18.8786 67.9152
924 18.9358 67.8439
927 18.9884 67.7784
326 19.0359 67.7193
502 19.0921 67.6493
501 19.1528 67.5736
81 19.2049 67.5088
411 19.2584 67.4422
971 19.3108 67.3769
601 19.361 67.3144
220 19.4071 67.257
500 19.4587 67.1926
275 19.5217 67.1142
79 19.588 67.0316
565 19.6436 66.9624
422 19.6976 66.8951
981 19.7454 66.8356
349 19.7898 66.7802
587 19.834 66.7252
131 19.8778 66.6707
339 19.9202 66.6179
130 19.9768 66.5474
162 20.0292 66.4821
788 20.0936 66.4019
720 20.1471 66.3353
382 20.1991 66.2705
897 20.2456 66.2125
701 20.2886 66.1591
965 20.3418 66.0928
552 20.392 66.0302
846 20.4462 65.9627
903 20.4982 65.8979
571 20.5475 65.8366
336 20.5995 65.7718
729 21.7789 65.7616
443 22.8076 65.7528
635 24.0097 65.7424
726 25.2416 65.7318
270 33.4115 65.6612
878 33.5422 65.6029
645 33.6683 65.5466
591 33.7869 65.4937
533 33.9216 65.4336
640 34.0308 65.3849
291 34.1488 65.3322
676 34.2653 65.2803
662 34.3584 65.2388
715 34.4777 65.1855
596 34.588 65.1363
724 34.6983 65.0871
576 34.8192 65.0331
404 34.92 64.9882
901 35.0239 64.9418
30 35.1517 64.8848
104 35.2667 64.8335
56 35.3786 64.7836
558 35.4954 64.7315
359 35.5871 64.6906
21 35.6899 64.6447
226 35.7973 64.5968
350 35.9286 64.5382
894 36.0507 64.4838
54 36.1619 64.4342
235 36.2761 64.3832
80 36.2761 64.3832
163 36.2761 64.3832
252 36.2761 64.3832
308 36.5632 63.9704
410 36.863 63.5394
365 37.122 63.1672
267 37.3877 62.7852
459 37.6645 62.3872
809 37.9368 61.9957
137 38.1837 61.6407
493 38.466 61.235
929 38.7682 60.8005
461 39.0758 60.3583
127 39.321 60.0058
390 39.5253 59.7121
175 40.1732 58.7807
765 41.0043 57.5859
498 42.0094 56.141
989 42.8674 54.9075
155 43.0708 54.9613
276 43.2915 55.0197
597 43.506 55.0765
237 43.6903 55.1253
210 43.8908 55.1783
472 44.0926 55.2317
522 44.2884 55.2835
922 44.5081 55.3417
262 44.7524 55.4063
623 44.9721 55.4645
683 44.9721 55.4645
216 44.9721 55.4645
370 44.9721 55.4645
264 44.9721 55.4645
778 44.9721 55.4645
342 44.9721 55.4645
793 44.9721 55.4645
621 44.9721 55.4645
779 44.9721 55.4645
945 46.0109 54.8582
281 46.8782 54.3521
810 47.843 53.789
732 48.2649 53.5428
512 48.8719 53.1885
63 49.5437 52.7965
69 50.0624 52.4938
870 50.5709 52.197
471 50.9505 51.9755
875 51.7533 51.507
188 52.3725 51.1456
101 52.9764 50.7932
85 53.7427 50.346
848 54.4456 49.9358
519 55.337 49.4155
117 56.2827 48.8636
186 56.9808 48.4562
492 57.883 47.9297
767 59.0847 47.2284
485 59.5598 46.9511
66 60.0208 46.6821
458 60.6795 46.2977
45 61.3865 45.8851
644 61.9495 45.5565
323 62.5892 45.1832
609 63.1203 44.8732
553 63.1203 44.8732
670 63.1203 44.8732
143 63.1203 44.8732
314 63.1203 44.8732
828 63.1203 44.8732
745 65.1989 46.3949
592 65.1989 46.3949
29 64.9927 46.8561
466 64.7543 47.3893
675 64.4433 48.0847
583 64.1203 48.807
606 63.8402 49.4334
942 63.521 50.1471
190 63.2387 50.7784
577 62.972 51.3747
842 62.8437 51.6617
232 62.7093 51.9622
357 62.2912 52.8971
656 61.7476 54.1127
515 61.183 55.3753
923 60.8341 56.1554
625 61.0579 57.3171
798 61.2649 58.3914
286 61.4374 59.1326
668 61.6079 59.8656
743 61.7679 60.5529
396 61.7679 60.5529
968 61.7679 60.5529
282 61.7679 60.5529
161 61.7679 60.5529
70 61.7679 60.5529
926 61.7679 60.5529
68 62.1542 62.1089
654 62.5163 63.5672
847 62.7013 64.3125
975 62.8521 64.92
852 62.8521 64.92
393 62.8015 65.0711
293 62.7555 65.2084
647 62.7028 65.3656
67 62.649 65.5261
904 62.5944 65.6893
867 62.5476 65.8288
110 62.5009 65.9681
962 62.4456 66.1334
51 62.3897 66.3
173 62.3421 66.4421
460 62.2922 66.5911
238 62.2514 66.7128
762 62.2055 66.85
468 62.158 66.9916
837 62.1121 67.1287
440 62.0706 67.2525
538 62.0307 67.3717
907 61.9823 67.5161
432 61.9266 67.6825
478 61.8864 67.8024
340 61.8365 67.9514
595 61.7895 68.0916
315 61.7351 68.2539
84 61.6935 68.3782
453 61.6482 68.5133
964 61.6083 68.6325
35 61.5674 68.7546
900 61.522 68.89
420 61.47 69.0451
937 59.0332 76.3183
727 58.9087 76.5043
857 58.767 76.716
636 58.6277 76.9241
567 58.5153 77.0921
855 52.7069 75.1024
791 50.1194 74.2161
94 49.5388 74.0172
523 48.8759 73.7902
755 48.3286 73.6027
484 47.7617 73.4085
804 47.2139 73.2209
605 47.2139 73.2209
144 47.2139 73.2209
208 47.2139 73.2209
986 47.2139 73.2209
109 47.2139 73.2209
617 47.2139 73.2209
832 47.2139 73.2209
126 47.1947 73.2825
82 47.1776 73.3374
880 47.1622 73.3868
987 47.149 73.4292
513 46.7436 74.7316
802 46.3253 76.0751
12 45.8969 77.4508
408 45.7411 77.9513
887 45.7411 77.9513
861 45.7143 77.9576
632 45.6884 77.9637
319 45.6592 77.9705
895 45.6342 77.9764
642 45.6085 77.9824
112 45.585 77.9879
826 45.553 77.9954
814 45.5219 78.0027
562 45.4934 78.0093
976 45.4652 78.016
294 45.4391 78.0221
564 45.4145 78.0278
921 45.3919 78.0331
800 45.3674 78.0389
561 45.3366 78.0461
769 45.3146 78.0512
335 45.2898 78.057
582 45.2632 78.0633
9 45.2359 78.0697
91 44.584 78.2224
782 43.8582 78.3924
248 42.9327 78.6092
689 41.9913 78.8298
134 41.4436 78.9581
225 40.8076 79.1071
807 40.1365 79.2643
193 39.4995 79.4135
540 38.7952 79.5785
171 38.0505 79.753
910 36.9083 80.0206
638 34.5953 80.5624
574 32.6057 81.0286
296 31.0787 81.3863
757 29.5544 81.7434
333 28.2674 82.0449
954 27.0981 82.3188
36 25.7938 82.6244
888 25.483 82.5402
60 25.2125 82.467
428 24.925 82.3891
872 24.6159 82.3054
490 24.2636 82.21
168 23.914 82.1154
124 23.6444 82.0424
223 23.3214 81.9549
479 22.9227 81.8469
454 22.6196 81.7649
537 22.2569 81.6667
88 21.8847 81.5659
730 21.5745 81.4819
99 21.1789 81.3748
658 20.8098 81.2748
431 20.4438 81.1757
578 20.0945 81.0811
41 19.7294 80.9823
487 19.3119 80.8692
604 18.9498 80.7712
796 18.3139 80.599
886 17.7887 80.4568
266 17.2602 80.3137
697 16.6378 80.1452
244 15.8579 79.934
982 15.0352 79.7112
374 14.2724 79.5047
316 13.6181 79.3275
615 12.9134 79.1367
890 12.3323 78.9793
905 11.8694 78.854
361 11.433 78.7358
90 10.847 78.5772
457 10.4159 78.4604
665 9.94405 78.3327
517 9.52038 78.218
667 9.48094 78.2073
991 9.44491 78.1975
219 9.40592 78.187
694 9.36704 78.1764
554 9.33331 78.1673
399 9.30117 78.1586
944 9.25778 78.1469
203 9.21833 78.1362
338 9.17599 78.1247
381 9.13245 78.1129
224 9.16037 78.2848
444 9.19308 78.4861
93 9.22236 78.6663
263 9.24634 78.8139
792 9.2687 78.9515
446 9.29315 79.102
301 9.31492 79.2361
48 9.33509 79.3602
386 9.35778 79.4998
803 9.36874 79.5673
637 9.37949 79.6334
153 9.3898 79.6969
401 9.39978 79.7583
830 9.40934 79.8172
719 9.42072 79.8873
426 9.43103 79.9507
759 9.44146 80.0149
240 9.45183 80.0787
728 9.46167 80.1393
207 9.47197 80.2027
325 9.48558 80.2865
298 9.49666 80.3546
546 9.50946 80.4334
639 9.52053 80.5016
433 9.53308 80.5788
445 9.54523 80.6536
249 9.83486 82.4363
58 9.97746 83.314
551 10.0822 83.9589
560 10.2113 84.7531
50 10.3655 85.7023
424 10.4745 86.3735
199 10.3885 87.4682
436 10.3038 88.5463
213 10.2164 89.6588
39 10.2164 89.6588
750 10.2164 89.6588
628 10.2164 89.6588
547 10.2164 89.6588
178 10.2164 89.6588
300 10.2164 89.6588
169 10.2164 89.6588
693 10.2164 89.6588
736 10.2164 89.6588
570 10.2164 89.6588
695 10.2164 89.6588
699 10.2164 89.6588
75 10.2164 89.6588
31 10.2162 89.664
718 10.2161 89.67
585 10.2159 89.6761
364 10.2158 89.6811
969 10.2157 89.6865
1 10.2156 89.6915
953 10.2154 89.6969
106 10.2153 89.7026
868 10.2151 89.7078
568 10.215 89.7126
678 10.2149 89.7178
914 10.2148 89.7229
380 10.2146 89.7285
405 10.2145 89.7334
108 10.2144 89.738
236 10.2142 89.7436
827 10.2141 89.7491
200 10.214 89.7539
95 10.2139 89.7584
776 10.2137 89.7638
115 10.2136 89.7688
447 10.2135 89.774
138 10.2134 89.7793
711 10.2132 89.7846
247 10.2131 89.7894
988 10.213 89.7948
892 10.6666 89.7905
916 11.162 89.7858
712 11.6123 89.7815
360 12.011 89.7777
435 12.3609 89.7744
780 12.8173 89.77
304 13.2853 89.7656
368 13.803 89.7606
184 14.2369 89.7565
933 14.614 89.7529
973 14.9739 89.7495
495 15.355 89.7458
15 15.7361 89.7422
815 16.0839 89.7389
955 16.4814 89.7351
44 16.9827 89.7303
442 17.4111 89.7262
871 17.8782 89.7218
768 18.3286 89.7175
462 18.678 89.7142
833 19.0596 89.7105
557 19.4113 89.7072
491 19.8207 89.7033
521 20.2113 89.6995
456 20.5753 89.6961
610 20.9428 89.6926
593 21.2727 89.6894
441 21.6095 89.6862
17 21.94 89.6831
430 22.3149 89.6795
227 22.6444 89.6763
13 23.0169 89.6728
611 23.4607 89.6686
919 23.8404 89.6649
96 24.1216 89.6623
253 24.389 89.6597
306 24.6553 89.6572
146 24.9495 89.6544
16 25.1149 89.6528
92 25.2954 89.6511
141 25.4637 89.6495
608 25.6167 89.648
808 25.7906 89.6463
409 25.9511 89.6448
167 26.1254 89.6431
469 26.283 89.6416
418 26.4663 89.6399
885 26.6463 89.6382
76 26.8368 89.6363
672 27.0248 89.6345
73 27.1941 89.6329
859 27.3551 89.6314
651 27.5181 89.6298
183 27.6925 89.6282
631 27.8852 89.6263
696 28.0754 89.6245
288 28.2688 89.6227
752 28.4895 89.6206
738 28.4895 89.6206
773 28.4895 89.6206
20 28.4895 89.6206
753 28.4895 89.6206
761 28.4895 89.6206
795 28.4895 89.6206
714 28.4895 89.6206
877 30.0372 89.5778
256 31.1584 89.5468
28 32.1862 89.5184
265 33.6671 89.4775
806 34.5533 89.453
470 35.5431 89.4257
230 36.5787 89.3971
874 37.6271 89.3681
271 37.7077 89.3659
394 37.7964 89.3635
960 37.8851 89.361
53 38.0332 89.3569
416 38.1699 89.3532
866 38.3098 89.3493
707 38.4301 89.346
569 38.5613 89.3424
786 38.6802 89.3391
150 38.8209 89.3352
239 38.9922 89.3305
548 39.1291 89.3267
181 39.2775 89.3226
766 39.4208 89.3186
613 39.5509 89.315
72 39.6865 89.3113
448 39.8263 89.3074
614 39.9541 89.3039
840 40.0981 89.2999
231 40.2433 89.2959
536 40.4227 89.291
763 40.5664 89.287
516 40.7098 89.283
129 40.8268 89.2798
241 40.9511 89.2764
539 41.0875 89.2726
437 41.2136 89.2691
22 41.3368 89.2657
120 41.4582 89.2624
392 41.6605 89.2568
649 41.8587 89.2513
918 42.0494 89.246
172 42.3153 89.2387
2 42.5685 89.2317
189 43.0243 89.2191
215 43.9245 89.1943
280 44.8859 89.1677
292 44.8739 89.306
563 44.8621 89.4427
139 44.7156 91.1357
309 45.0047 91.0927
974 45.2965 91.0493
559 46.2869 90.9019
618 47.388 90.738
62 48.2905 90.6037
882 49.1134 90.4813
980 49.9351 90.359
434 50.6563 90.2516
992 51.4065 90.14
5 51.4355 90.1357
375 51.47 90.1306
713 51.5091 90.1247
961 51.5501 90.1186
541 51.5908 90.1126
511 51.6329 90.1063
532 51.6741 90.1002
313 51.7187 90.0935
896 51.7609 90.0873
202 51.8023 90.0811
754 51.8388 90.0757
156 51.8729 90.0706
746 51.9105 90.065
165 51.9488 90.0593
140 51.9933 90.0527
23 52.0348 90.0465
851 52.0734 90.0408
940 52.1088 90.0355
449 52.142 90.0306
389 52.3207 90.004
320 52.5297 89.9729
690 52.7387 89.9418
206 52.9021 89.9174
343 53.1092 89.8866
105 53.3352 89.853
406 53.5647 89.8189
947 53.8077 89.7827
40 54.0576 89.7455
395 54.3105 89.7079
931 54.4811 89.6825
367 54.6219 89.6615
530 54.7611 89.6408
305 54.9229 89.6167
774 55.1132 89.5884
344 55.3034 89.5601
118 55.492 89.5321
584 55.6737 89.505
952 55.8406 89.4802
624 56.0197 89.4535
856 56.2197 89.4238
737 56.4156 89.3946
52 56.6212 89.364
273 56.5853 89.2326
378 56.5437 89.0807
245 56.5066 88.9451
369 56.4736 88.8243
297 56.4427 88.7116
179 56.4068 88.5801
659 56.373 88.4568
229 58.7412 87.1481
509 60.8086 86.0055
801 61.2341 86.3243
671 61.649 86.635
259 62.2069 87.053
816 62.8107 87.5053
415 63.4189 87.9609
494 65.3289 89.3917
911 65.3289 89.3917
42 66.3528 89.4503
465 67.3808 89.5093
580 68.3759 89.5663
149 68.3759 89.5663
251 68.3759 89.5663
817 68.3759 89.5663
177 68.3759 89.5663
285 68.3759 89.5663
464 68.3759 89.5663
318 68.3759 89.5663
854 68.3759 89.5663
666 68.3759 89.5663
845 68.3759 89.5663
544 68.3759 89.5663
477 68.3759 89.5663
775 68.3759 89.5663
620 68.3759 89.5663
158 68.3759 89.5663
353 68.3759 89.5663
575 68.3759 89.5663
984 68.6013 89.5438
185 68.8408 89.5199
317 69.1018 89.4938
145 69.4057 89.4635
18 69.6917 89.435
417 71.9126 89.2133
818 73.5071 89.0542
820 74.8039 88.9248
823 75.9037 88.815
983 77.4555 88.6601
648 77.799 88.6258
622 78.0918 88.5966
928 80.9838 88.308
725 81.0157 88.273
893 81.0432 88.2427
135 81.0729 88.2101
864 81.7784 87.4351
813 82.4752 86.6698
25 84.9348 83.968
372 85.9906 82.8082
473 85.7848 82.5793
311 85.5752 82.3462
685 85.3814 82.1307
660 85.1462 81.869
528 84.9111 81.6076
450 84.7283 81.4042
889 84.5709 81.2292
742 84.2555 80.8783
159 83.9595 80.5492
322 83.6816 80.2401
744 80.6349 76.8515
71 80.4912 76.6918
83 80.3561 76.5415
481 80.2243 76.3948
152 80.2648 74.7106
290 80.2802 74.0714
579 80.4514 73.3033
204 80.6276 72.5129
332 80.8229 71.6368
684 81.0235 70.7367
385 81.1078 70.3585
740 81.1965 69.9607
387 82.5125 64.0572
941 82.7985 62.7742
838 83.2967 62.084
201 83.6941 61.5336
497 84.1982 60.8351
425 81.4982 59.6492
920 80.8029 59.3438
383 80.1759 59.0685
850 79.5045 58.7736
102 78.9169 58.5155
650 78.5139 58.3385
932 78.7061 57.3644
242 78.866 56.5542
967 79.0239 55.7544
977 79.1635 55.0472
506 79.324 54.2341
107 79.5215 53.2335
198 79.668 52.4913
274 79.8279 51.6813
884 79.8902 51.3654
951 79.9587 51.0187
136 80.0256 50.6795
170 80.0927 50.3398
334 80.201 49.7909
835 81.2531 44.4605
520 81.8563 41.4044
195 82.2086 39.6195
33 83.0998 35.1044
590 83.8169 31.4712
98 84.6742 27.1273
483 86.5124 17.8119
979 86.1449 17.9353
243 85.7712 18.0609
345 85.2776 18.2268
627 84.7122 18.4168
