0,103,721,598,883,709,419,934,261,111,653,467,704,787,899,824,915,822,702,211,626,902,8,518,310,64,287,573,337,643,246,26,351,407,439,669,363,254,629,588,674,881,488,366,474,258,412,61,682,362,187,812,722,455,572,299,641,348,331,86,46,402,794,741,963,710,646,898,673,74,384,423,125,700,985,4,133,328,770,499,514,463,958,283,990,228,949,212,391,505,403,78,731,863,123,11,475,723,10,148,476,65,354,797,655,612,87,836,268,32,943,486,829,661,379,790,602,284,307,834,221,480,873,917,278,586,160,257,421,853,191,209,289,831,355,781,458,634,377,43,217,930,865,681,785,27,716,906,314,594,358,19,844,66,250,555,197,164,6,821,55,959,777,295,24,176,581,504,819,751,323,425,466,670,29,609,232,553,842,767,70,143,623,978,745,675,45,262,485,875,870,606,926,644,828,357,276,538,117,471,101,472,577,625,848,862,843,342,793,492,188,923,155,935,69,63,576,566,356,452,945,512,692,522,180,748,549,37,397,38,7,811,869,121,679,529,543,151,414,205,388,876,758,438,142,908,496,956,525,535,706,664,839,147,127,510,891,688,413,778,687,957,324,735,279,929,913,49,210,783,508,302,619,603,269,267,989,194,264,922,21,365,788,910,809,237,493,30,89,645,756,459,461,897,878,640,175,359,291,599,614,454,806,252,976,223,591,730,971,296,689,601,574,60,327,404,604,571,552,428,41,789,872,189,431,487,361,526,339,99,946,726,266,697,954,537,733,720,680,600,220,168,888,443,479,398,376,97,349,329,390,275,501,965,903,587,927,691,162,589,482,502,132,701,507,846,233,565,630,901,411,924,729,382,970,336,545,59,633,909,805,34,652,222,705,938,79,771,174,663,858,116,703,352,100,303,57,182,747,166,312,330,936,128,157,749,47,341,616,373,214,534,849,122,760,451,772,196,154,972,422,708,542,524,841,981,698,677,531,218,527,489,347,925,277,879,686,799,734,219,14,234,77,966,445,374,381,192,784,130,429,3,457,717,939,665,81,114,764,556,371,728,657,346,255,991,272,207,517,131,948,326,48,628,780,244,551,338,108,184,694,75,401,178,503,803,426,953,944,892,427,639,615,759,792,169,263,90,240,316,860,224,433,830,667,607,890,554,106,868,199,719,678,236,138,304,200,711,203,13,39,380,969,973,988,827,447,213,547,815,750,1,95,905,914,693,446,301,405,469,298,825,444,637,982,300,153,31,321,364,718,568,585,736,699,400,886,93,436,399,325,570,113,119,495,658,950,635,739,500,578,560,955,796,885,288,360,859,424,546,695,88,462,247,227,50,761,435,183,557,608,368,933,833,386,442,409,768,871,714,456,593,490,36,753,141,58,333,638,916,394,2,550,773,757,167,16,172,651,249,389,120,76,28,707,449,392,53,150,795,256,15,115,17,776,712,611,306,521,44,73,696,430,231,20,418,610,491,631,808,441,960,5,511,239,613,752,766,181,974,139,911,344,624,532,961,896,856,690,23,618,434,559,952,118,367,156,882,880,343,280,642,415,814,146,105,746,541,129,82,375,947,807,919,206,309,738,22,548,918,874,470,448,165,672,72,96,569,92,763,786,265,866,253,649,305,271,124,561,877,416,292,230,241,270,539,562,140,408,986,226,215,513,294,636,940,659,335,755,894,800,350,840,235,137,765,855,662,523,540,144,724,676,715,308,779,54,171,683,558,912,56,804,410,596,104,743,791,370,597,732,80,161,163,533,519,85,35,498,186,281,286,798,621,605,225,762,91,440,857,112,432,134,94,582,632,109,216,769,964,617,229,987,468,484,453,671,826,904,575,245,40,259,887,9,816,921,782,179,406,437,248,895,563,802,319,774,193,530,62,851,516,861,320,564,713,185,536,313,177,980,202,42,378,984,754,126,297,369,18,937,273,544,801,837,317,395,931,567,12,51,477,962,832,813,159,775,666,465,353,737,992,584,158,318,149,622,285,580,251,145,823,893,845,464,820,983,620,135,854,52,817,494,322,928,864,25,725,311,372,660,685,889,473,742,740,204,450,900,528,71,290,727,744,481,83,818,648,417,332,385,152,579,654,975,656,852,68,850,907,478,67,460,509,110,340,847,315,102,396,968,84,668,282,393,867,173,515,595,208,238,810,647,293,942,941,650,190,420,201,884,107,951,684,506,967,242,195,387,334,383,932,977,838,136,170,497,583,198,920,592,274,520,835,98,33,590,627,243,345,979,483,260,
value : 597.677 running time : 25.819154
0 80 20
103 62.4235 15.9873
721 62.3885 15.9903
598 59.95 16.2029
883 43.3761 17.6462
709 39.5865 17.9766
419 39.5865 17.9766
934 39.2188 17.8711
261 38.8335 17.7606
111 38.4422 17.6483
653 38.0709 17.5418
467 37.6854 17.4311
704 35.5586 16.8215
787 33.4601 16.2198
899 27.9273 14.6338
824 27.9273 14.6338
915 27.9273 14.6338
822 27.9273 14.6338
702 26.2896 13.9938
211 24.6293 13.3449
626 25.7463 12.9975
902 26.6698 12.7104
8 28.4617 12.1531
518 31.6264 11.1685
310 31.6264 11.1685
64 31.6264 11.1685
287 31.6264 11.1685
573 31.6264 11.1685
337 31.6264 11.1685
643 31.6264 11.1685
246 31.6264 11.1685
26 31.6264 11.1685
351 30.3942 11.4412
407 29.0824 11.7316
439 27.285 12.1295
669 26.125 12.3863
363 24.7979 12.6801
254 21.097 13.4993
629 17.6279 14.2672
588 16.6545 14.4827
674 15.8165 14.6682
881 15.1231 14.8217
488 14.5243 14.9543
366 13.7744 15.1203
474 12.9957 15.2927
258 11.9809 15.5173
412 11.9809 15.5173
61 11.9809 15.5173
682 11.9809 15.5173
362 11.9809 15.5173
187 11.9809 15.5173
812 11.9809 15.5173
722 11.6822 16.2924
455 10.7626 18.6789
572 10.1745 20.2051
299 9.73437 21.3473
641 9.36918 22.295
348 8.97222 23.3252
331 8.32388 25.0077
86 7.63343 26.7996
46 7.15585 28.039
402 7.0855 27.7323
794 7.02332 27.4612
741 6.95935 27.1823
963 6.90192 26.9319
710 6.84615 26.6888
646 6.78518 26.423
898 7.21242 27.4769
673 7.63914 28.5295
74 8.1032 29.6743
384 8.66682 31.0645
423 9.02538 31.949
125 9.18804 32.3503
700 9.32157 32.6797
985 9.44106 32.9745
4 9.55855 33.2643
133 9.70067 33.6149
328 9.85551 33.9969
770 9.99621 34.344
499 10.1184 34.6454
514 10.8854 35.3642
463 12.7418 37.1038
958 13.1011 37.4406
283 13.4923 37.8072
990 13.9087 38.1973
228 14.3217 38.5844
949 14.731 38.9679
212 15.0827 39.2976
391 15.5004 39.689
505 15.5004 39.689
403 15.7959 39.4596
78 16.0756 39.2424
731 16.3388 39.0381
863 16.6268 38.8144
123 16.9396 38.5716
11 17.287 38.3019
475 17.5725 38.0803
723 17.8554 37.8607
10 18.1307 37.6469
148 18.4155 37.4258
476 18.7134 37.1945
65 19.0356 36.9444
354 19.3472 36.7025
797 19.5359 36.556
655 19.7689 36.3751
612 20.0056 36.1913
87 20.2262 36.02
836 20.4827 35.8208
268 20.7267 35.6314
32 20.9707 35.442
943 21.2369 35.2353
486 21.4959 35.0343
829 21.7477 34.8387
661 22.0099 34.6352
379 28.7429 33.4752
790 30.167 33.23
602 30.167 33.23
284 30.167 33.23
307 31.5525 33.1368
834 33.194 33.0264
221 34.5189 32.9372
480 38.0042 32.7028
873 41.3448 32.478
917 41.6611 32.4568
278 41.9939 32.4344
586 42.6515 32.3901
160 43.2947 32.3468
257 44.0285 32.2975
421 44.794 32.246
853 45.5358 32.196
191 46.4136 32.137
209 47.8357 32.0413
289 49.1569 31.9524
831 50.6535 31.8517
355 51.3824 31.8027
781 52.0843 31.7555
458 52.6803 31.7154
634 53.2959 31.674
377 53.8586 31.6361
43 54.3897 31.6004
217 54.6986 31.5796
930 54.8256 31.5257
865 54.9542 31.4711
681 55.0818 31.4169
785 55.2093 31.3627
27 55.3349 31.3094
716 55.4541 31.2588
906 55.6029 31.1956
314 56.3299 30.8869
594 56.3488 30.8637
358 56.3689 30.839
19 56.3873 30.8164
844 56.4061 30.7932
66 56.4273 30.7672
250 56.4508 30.7383
555 56.4745 30.7091
197 56.496 30.6827
164 57.2392 29.7686
6 58.0058 28.8257
821 58.7285 27.9367
55 59.4753 27.0183
959 60.3366 25.9589
777 61.1304 24.9825
295 61.608 24.3951
24 62.0627 23.8358
176 62.4976 23.3008
581 62.7313 24.6279
504 63.0331 26.3412
819 63.4621 28.7776
751 64.1078 32.4441
323 65.2696 39.0409
425 66.0914 43.7076
466 65.9109 43.7794
670 65.7238 43.8539
29 65.5355 43.9287
609 65.3327 44.0094
232 65.1078 44.0989
553 64.8837 44.188
842 64.6398 44.285
767 64.4098 44.3765
70 64.3715 44.3917
143 64.3343 44.4066
623 64.2941 44.4226
978 64.2604 44.436
745 64.2301 44.4481
675 63.9184 44.5722
45 63.6075 44.6961
262 63.2841 44.8249
485 63.1891 44.8627
875 63.0978 44.8991
870 63.0116 44.9334
606 62.9397 44.962
926 62.8635 44.9924
644 62.7838 45.0242
828 62.7033 45.0562
357 60.3163 46.0942
276 58.0205 47.093
538 56.9558 47.5557
117 55.0866 48.2985
471 50.9434 49.9447
101 50.9434 49.9447
472 50.9434 49.9447
577 50.9434 49.9447
625 50.9434 49.9447
848 49.9574 49.6794
862 49.0917 49.4465
843 48.7039 49.3421
342 48.3013 49.2337
793 47.9252 49.1325
492 47.4618 49.0078
188 47.0004 48.8836
923 46.2763 48.6887
155 45.4913 48.4774
935 44.7746 48.2846
69 44.1054 48.4445
63 43.4092 48.6108
576 42.5302 48.8206
566 41.6661 48.3789
356 40.8928 47.9836
452 40.1542 47.6059
945 39.4018 47.2213
512 38.3983 46.7083
692 37.2528 46.1228
522 36.2022 45.5858
180 34.9854 44.9639
748 33.4983 44.2039
549 32.1112 43.495
37 31.597 43.2321
397 31.1181 42.9873
38 30.6625 42.7543
7 30.1931 42.5143
811 29.6847 42.2544
869 29.1775 41.9951
121 28.7235 41.763
679 28.7327 42.1504
529 28.7418 42.5324
543 28.752 42.9576
151 28.7608 43.3296
414 28.77 43.7153
205 28.7789 44.0882
388 28.7926 44.663
876 28.8068 45.2545
758 28.8191 45.7733
438 28.8289 46.1839
142 28.8394 46.6223
908 28.849 47.0252
496 28.8585 47.4209
956 28.8688 47.8558
525 28.8748 48.1075
535 28.8811 48.371
706 28.8876 48.6421
664 28.8949 48.9472
839 28.9038 49.3219
147 28.9107 49.6127
127 28.9177 49.9067
510 28.8524 49.9919
891 28.7938 50.0682
688 28.733 50.1475
413 28.6744 50.2239
778 28.6158 50.3003
687 28.554 50.3809
957 28.4862 50.4693
324 28.4233 50.5512
735 28.3632 50.6296
279 28.3064 50.7037
929 28.824 50.9966
913 29.286 51.2581
49 29.7593 51.5258
210 30.2129 51.7825
783 30.3722 51.8726
508 30.5313 51.9626
302 30.6953 52.0554
619 30.8643 52.151
603 31.0328 52.2463
269 31.2047 52.3435
267 31.3793 52.4423
989 31.5671 52.5485
194 31.7436 52.6484
264 31.4422 58.6339
922 31.4171 58.8572
21 31.3927 59.075
365 31.3676 59.2977
788 31.3423 59.5224
910 31.3177 59.7405
809 31.3177 59.7405
237 31.3177 59.7405
493 31.3177 59.7405
30 31.3177 59.7405
89 31.3177 59.7405
645 31.3177 59.7405
756 31.3177 59.7405
459 31.3177 59.7405
461 31.3177 59.7405
897 31.059 61.2386
878 30.8199 62.6239
640 30.6311 63.7188
175 30.4261 64.9072
359 30.2179 66.1139
291 30.0093 67.3237
599 29.7772 68.6683
614 29.5225 70.1428
454 29.4624 70.4913
806 29.4043 70.8284
252 29.3552 71.1136
976 29.307 71.3931
223 29.1917 71.6445
591 29.0894 71.8675
730 28.9785 72.1094
971 28.8706 72.3446
296 28.7503 72.607
689 28.6508 72.8239
601 28.5531 73.0369
574 28.4416 73.2802
60 28.3273 73.5294
327 28.2267 73.7487
404 28.1209 73.9794
604 27.9944 74.2551
571 27.8746 74.5164
552 27.7424 74.8046
428 27.5926 75.1313
41 27.4153 74.9011
789 27.2262 74.6554
872 27.0553 74.4334
189 26.8741 74.198
431 26.6039 73.847
487 26.3232 73.4825
361 26.0525 73.1307
526 25.8159 72.8234
339 25.59 72.53
99 25.3599 72.2311
946 25.1362 71.9405
726 24.9095 71.646
266 24.6902 71.3611
697 24.4756 71.0824
954 24.2343 70.7689
537 23.9308 70.3747
733 23.5988 69.9434
720 23.3137 69.5731
680 23.046 69.2252
600 22.8135 68.9233
220 22.5706 68.6078
168 22.323 68.2862
888 22.0432 67.9227
443 21.7403 67.5292
479 21.3695 67.0475
398 20.9467 66.4983
376 20.5377 65.9669
97 20.4496 65.8526
349 20.368 65.7465
329 20.2796 65.6317
390 20.1978 65.5255
275 20.108 65.4088
501 20.0198 65.2942
965 19.9238 65.1695
903 19.8249 65.0411
587 19.7239 64.9099
927 19.6176 64.7718
691 19.4998 64.6187
162 19.3999 64.489
589 19.2936 64.3509
482 19.2047 64.2354
502 19.1168 64.1212
132 19.0279 64.0057
701 18.9372 63.8879
507 18.8404 63.7623
846 18.7422 63.6346
233 18.639 63.5005
565 18.5376 63.3688
630 18.4503 63.2554
901 18.3646 63.1442
411 18.2723 63.0243
924 18.1804 62.9049
729 18.0837 62.7792
382 17.9837 62.6493
970 17.8755 62.5088
336 17.7742 62.3772
545 17.6848 62.261
59 16.6102 61.0241
633 15.1206 59.3091
909 14.1414 58.1819
805 13.874 57.8741
34 13.6383 57.6028
652 13.315 57.2306
222 13.2774 57.1873
705 13.245 57.15
938 13.2074 57.1068
79 13.1698 57.0635
771 10.4557 53.9385
174 9.49174 52.8288
663 8.43627 51.6137
858 8.418 51.593
116 8.39919 51.5717
703 8.38278 51.5531
352 8.36409 51.5319
100 8.34575 51.5111
303 8.32764 51.4906
57 8.30926 51.4698
182 8.29153 51.4497
747 8.27384 51.4297
166 8.2535 51.4066
312 8.2326 51.3829
330 8.21332 51.3611
936 8.25835 51.5875
128 8.29991 51.7965
157 8.34435 52.0199
749 8.38961 52.2475
47 8.43601 52.4807
341 8.48027 52.7032
616 8.52499 52.9281
373 8.66056 53.6102
214 8.80332 54.3285
534 8.94315 55.0319
849 9.1024 55.8332
122 9.27315 56.6926
760 9.46439 57.6551
451 9.64726 58.5752
772 9.64726 58.5752
196 9.64726 58.5752
154 9.64726 58.5752
972 9.64341 58.6737
422 9.63964 58.7705
708 9.63596 58.8648
542 9.63221 58.961
524 9.62796 59.0699
841 9.62454 59.1574
981 9.6198 59.2789
698 9.61538 59.3924
677 9.60657 59.6182
531 9.59788 59.8409
218 9.58956 60.0543
527 9.58084 60.2778
489 9.57151 60.517
347 9.55143 61.0318
925 9.53282 61.5088
277 9.51227 62.0357
879 9.49453 62.4905
686 9.47796 62.9152
799 9.46441 63.2627
734 9.45106 63.6049
219 9.43776 63.946
14 9.4248 64.2783
234 9.41261 64.5907
77 9.39909 64.9374
966 9.38547 65.2865
445 9.37248 65.6197
374 9.36019 65.9348
381 9.35105 66.169
192 9.34223 66.3953
784 9.33272 66.639
130 9.32246 66.9022
429 9.31163 67.1797
3 9.30204 67.4256
457 9.29144 67.6972
717 9.28279 67.919
939 9.27386 68.148
665 9.26426 68.3941
81 9.2552 68.6264
114 9.24587 68.8657
764 9.23594 69.1202
556 9.21808 69.578
371 9.20302 69.9642
728 9.18599 70.4007
657 9.17155 70.771
346 9.15755 71.1298
255 9.14468 71.46
991 9.1299 71.8388
272 9.1168 72.1746
207 9.10262 72.5383
517 9.08911 72.8846
131 9.07483 73.2509
948 9.05437 73.7754
326 9.03277 74.3289
48 9.01187 74.8648
628 8.9938 75.3278
780 8.97985 75.6857
244 8.96622 76.0351
551 8.95426 76.3418
338 8.94235 76.6471
108 8.92743 77.0296
184 8.91629 77.3151
694 8.90593 77.5808
75 8.89277 77.918
401 8.87996 78.2464
178 8.86973 78.5087
503 8.85957 78.7693
803 8.8472 79.0862
426 8.8381 79.3196
953 8.82873 79.5596
944 8.827 79.6039
892 8.82522 79.6497
427 8.82358 79.6917
639 8.8216 79.7425
615 8.81942 79.7983
759 8.81729 79.8527
792 8.8152 79.9063
169 8.81319 79.9577
263 8.81125 80.0076
90 8.8095 80.0525
240 8.80767 80.0993
316 8.80581 80.1469
860 8.80418 80.1887
224 8.80243 80.2336
433 8.80051 80.2828
830 8.79862 80.3312
667 8.79682 80.3773
607 8.78573 80.6611
890 8.73783 81.8842
554 8.68622 83.2019
106 8.6282 84.6826
868 8.60555 85.2617
199 8.59473 85.5385
719 8.5841 85.8104
678 8.57286 86.098
236 8.56239 86.3658
138 8.5525 86.6188
304 8.54279 86.8674
200 8.53286 87.1214
711 8.52397 87.3487
203 8.51581 87.5576
13 8.50636 87.7993
39 8.50189 87.9136
380 8.49744 88.0277
969 8.49353 88.1276
973 8.48931 88.2357
988 8.48512 88.3428
827 8.48512 88.3428
447 8.48512 88.3428
213 8.48512 88.3428
547 8.48512 88.3428
815 8.48512 88.3428
750 8.48512 88.3428
1 8.5607 87.9602
95 8.63659 87.5761
905 8.7108 87.2006
914 8.7833 86.8339
693 8.85828 86.4547
446 8.93456 86.0687
301 9.01093 85.6823
405 9.08899 85.2874
469 9.17866 84.8328
298 9.26393 84.4008
825 9.26393 84.4008
444 9.26393 84.4008
637 9.26393 84.4008
982 9.26393 84.4008
300 9.26393 84.4008
153 9.26393 84.4008
31 9.26393 84.4008
321 9.26393 84.4008
364 9.26393 84.4008
718 9.26393 84.4008
568 9.26393 84.4008
585 9.26393 84.4008
736 9.56052 83.7533
699 9.87312 83.0709
400 10.2126 82.3297
886 10.4274 81.8608
93 10.6209 81.4383
436 10.8286 80.9848
399 11.0393 80.5246
325 11.2644 80.0332
570 11.499 79.5211
113 11.7587 78.9541
119 11.9814 78.4678
495 12.1567 78.085
658 12.382 77.5931
950 12.5565 77.2121
635 12.71 76.8769
739 12.831 76.6128
500 13.0634 77.929
578 13.3235 79.4013
560 13.5171 80.4982
955 13.7128 81.6067
796 13.9089 82.717
885 14.1518 84.0928
288 14.2689 84.7558
360 14.3716 85.3378
859 14.4803 85.9533
424 14.5548 86.3758
546 14.627 86.785
695 14.7187 87.3046
88 14.8087 87.8143
462 14.9131 88.4054
247 15.0033 88.9167
227 15.0987 89.457
50 15.1677 89.8481
761 15.2415 90.2664
435 15.3055 90.6288
183 15.9073 90.6007
557 16.46 90.5748
608 17.0646 90.5465
368 17.5286 90.5248
933 17.9681 90.5042
833 18.4154 90.4832
386 18.833 90.4636
442 19.302 90.4417
409 19.8127 90.4178
768 20.2564 90.397
871 20.6685 90.3777
714 21.0901 90.3579
456 21.5057 90.3385
593 21.9224 90.3189
490 22.3482 90.299
36 22.7577 90.2798
753 23.1507 90.2614
141 23.584 90.2411
58 23.9307 90.2249
333 24.3118 90.207
638 25.0569 90.309
916 25.6349 90.3881
394 26.7901 90.5462
2 26.7901 90.5462
550 26.7901 90.5462
773 26.7901 90.5462
757 26.7901 90.5462
167 26.7901 90.5462
16 26.7901 90.5462
172 27.7934 91.0678
651 28.5289 91.45
249 29.3509 91.8773
389 31.2994 92.8907
120 31.0961 92.9035
76 30.8966 92.9161
28 30.7199 92.9272
707 30.5523 92.9378
449 30.3764 92.9489
392 30.1539 92.9629
53 29.9308 92.977
150 29.6568 92.9943
795 29.3947 93.0108
256 29.1223 93.028
15 28.8129 93.0475
115 28.7761 93.0498
17 28.7439 93.0519
776 28.7439 93.0519
712 28.934 93.0466
611 29.1534 93.0404
306 29.3581 93.0347
521 29.5599 93.0291
44 29.7744 93.0231
73 30.0016 93.0168
696 30.2105 93.011
430 30.4267 93.0049
231 30.661 92.9984
20 30.8625 92.9928
418 31.0651 92.9871
610 31.2782 92.9812
491 31.4933 92.9752
631 31.8237 92.9659
808 32.1695 92.9563
441 32.4902 92.9473
960 35.1036 92.8744
5 39.0675 92.7638
511 40.8214 92.7149
239 41.2434 92.7031
613 41.6314 92.6923
752 42.0764 92.6799
766 42.6038 92.6652
181 43.1246 92.6507
974 43.6757 92.6353
139 44.3823 92.6156
911 47.2025 92.5369
344 47.1774 92.4901
624 47.1501 92.4391
532 47.1219 92.3864
961 47.0946 92.3355
896 47.068 92.2858
856 47.041 92.2354
690 46.9639 92.0915
23 46.8928 91.9587
618 46.8115 91.807
434 46.7347 91.6636
559 46.6484 91.5025
952 46.5649 91.3465
118 46.4817 91.1912
367 46.3982 91.0354
156 46.3134 90.877
882 46.2288 90.7191
880 46.1167 90.5099
343 46.0177 90.3252
280 45.919 90.1409
642 45.7196 90.0762
415 45.5288 90.0144
814 45.3183 89.9462
146 45.1103 89.8787
105 44.9389 89.8232
746 44.7539 89.7632
541 44.5567 89.6992
129 44.3354 89.6275
82 44.1361 89.5629
375 43.9423 89.5001
947 43.7428 89.4354
807 43.5072 89.359
919 43.2878 89.2879
206 43.116 89.2322
309 42.9308 89.1722
738 42.7426 89.1112
22 42.5566 89.0508
548 42.3739 88.9916
918 42.1918 88.9326
874 42.0677 88.8924
470 41.917 88.8435
448 41.779 88.7988
165 41.6412 88.7541
672 41.4771 88.7009
72 41.3387 88.656
96 41.1969 88.6101
569 41.0807 88.5724
92 40.9545 88.5315
763 40.8394 88.4942
786 40.7039 88.4502
265 40.7313 88.3572
866 40.7693 88.2287
253 40.8052 88.107
649 41.0142 87.3982
305 41.1986 86.7731
271 41.3829 86.1483
124 42.5909 82.0462
561 42.6421 81.9332
877 42.69 81.8273
416 42.7467 81.7019
292 42.8042 81.575
230 42.8598 81.4521
241 42.9278 81.3017
270 42.9971 81.1486
539 43.0636 81.0018
562 43.1362 80.8412
140 43.206 80.6869
408 43.2732 80.5385
986 43.3481 80.373
226 43.4106 80.2349
215 43.4757 80.0909
513 43.5449 79.9379
294 43.6089 79.7966
636 43.6745 79.6516
940 43.7401 79.5066
659 43.8048 79.3636
335 43.874 79.2109
755 43.8079 78.6412
894 43.7408 78.063
800 43.6822 77.557
350 43.4745 75.7646
840 43.2733 74.0279
235 42.8843 70.6671
137 42.5747 67.9934
765 42.6435 67.9512
855 42.7133 67.9084
662 42.7727 67.872
523 42.9203 67.7816
540 43.064 67.6935
144 43.21 67.604
724 43.3536 67.516
676 43.507 67.4219
715 43.6497 67.3345
308 43.7939 67.2462
779 43.9556 67.147
54 44.1061 67.0548
171 44.26 66.9605
683 44.4194 66.8628
558 44.5766 66.7665
912 44.7214 66.6777
56 44.8857 66.577
804 45.0581 66.4714
410 45.2265 66.3682
596 45.3903 66.2678
104 45.5693 66.1581
743 45.7648 66.0382
791 45.9444 65.9282
370 46.1042 65.8303
597 46.5373 65.5684
732 46.9215 65.336
80 47.3147 65.0983
161 47.8362 64.7829
163 48.2859 64.511
533 48.8634 64.1619
519 50.1967 63.356
85 50.2622 63.5635
35 50.3373 63.8019
498 50.4089 64.0287
186 50.4852 64.2708
281 50.5734 64.5505
286 50.6721 64.8634
798 50.7741 65.1867
621 50.877 65.5132
605 51.0201 65.9668
225 51.1382 66.3413
762 51.2544 66.7098
91 51.374 67.0891
440 51.4812 67.4291
857 51.5924 67.7816
112 51.695 68.1069
432 51.7937 68.4198
134 51.8842 68.7067
94 51.9833 69.0211
582 52.0754 69.3131
632 52.1618 69.587
109 52.2446 69.8496
216 52.326 70.1078
769 52.4218 70.4116
964 52.5067 70.6808
617 52.6047 70.9916
229 52.7133 71.3358
987 52.7976 71.6032
468 52.8757 71.8507
484 52.9641 72.1311
453 53.0598 72.4345
671 53.1697 72.7832
826 53.2689 73.0976
904 53.3618 73.3921
575 52.8773 75.6933
245 52.5543 77.2278
40 52.333 78.2792
259 52.1985 78.918
887 52.0777 79.4922
9 51.9656 80.0249
816 51.8303 80.668
921 51.7201 81.1912
782 51.5961 81.7806
179 51.4578 82.4377
406 51.3236 83.0751
437 51.194 83.691
248 51.213 83.7128
895 51.233 83.7359
563 51.2531 83.7591
802 51.2745 83.7838
319 51.2972 83.81
774 51.3208 83.8373
193 51.3403 83.8598
530 51.3625 83.8854
62 51.3866 83.9132
851 51.4078 83.9377
516 51.428 83.961
861 51.4469 83.9828
320 51.4672 84.0063
564 51.4872 84.0293
713 51.5125 84.0586
185 57.0486 84.3862
536 57.3292 84.4029
313 57.6833 84.4239
177 58.0533 84.4459
980 58.3869 84.4658
202 58.7456 84.4871
42 59.1127 84.509
378 59.3808 84.5249
984 59.6567 84.5414
754 59.9154 84.5568
126 60.185 84.5728
297 60.7693 84.6076
369 61.3031 84.6393
18 61.887 84.6741
937 62.4736 84.709
273 62.9918 84.7398
544 63.4968 84.7699
801 64.0657 84.1283
837 64.6188 83.5046
317 64.7988 83.3017
395 64.9871 83.0893
931 65.1735 82.8791
567 65.3599 82.6689
12 65.5671 82.4352
51 65.8028 82.1694
477 66.0033 81.9433
962 66.2486 81.6667
832 66.2695 82.4798
813 66.295 83.4719
159 66.3164 84.3077
775 66.3351 85.0383
666 66.3556 85.8336
465 66.3731 86.5166
353 66.3919 87.2491
737 66.4086 87.9016
992 66.4214 88.4009
584 66.4334 88.8736
158 67.2998 88.9181
318 68.0921 88.9588
149 68.846 88.9975
622 69.5808 89.0352
285 70.334 89.0739
580 71.085 89.1125
251 71.5319 89.1354
145 71.9869 89.1587
823 72.4636 89.1831
893 72.9705 89.2091
845 73.3916 89.2307
464 73.8436 89.2539
820 74.6508 89.2954
983 75.3304 89.3303
620 75.3304 89.3303
135 75.3304 89.3303
854 75.3304 89.3303
52 75.3304 89.3303
817 75.3304 89.3303
494 77.2391 89.0035
322 79.2654 88.6566
928 80.8238 88.3899
864 82.2464 86.9483
25 84.1227 85.0471
725 84.7449 84.4166
311 85.5126 83.6387
372 85.9945 83.1504
660 85.6803 82.8629
685 85.3931 82.6
889 85.0616 82.2967
473 84.5968 81.8712
742 84.0347 81.3567
740 83.5481 80.9114
204 83.076 80.4794
450 82.5971 80.041
900 79.5038 77.21
528 78.8435 76.6056
71 78.1383 75.9602
290 77.4782 75.356
727 77.0074 74.9251
744 76.7062 74.6495
481 76.4239 74.3911
83 76.1448 74.1356
818 75.8752 73.8889
648 75.6018 73.6387
417 74.9949 73.0832
332 74.316 72.4618
385 73.5238 71.7367
152 72.6654 70.9511
579 71.9096 70.2594
654 71.0614 69.4831
975 70.2469 68.7376
656 69.3164 67.886
852 68.671 67.2953
68 67.926 66.6134
850 67.2472 65.9921
907 66.9357 65.962
478 66.6474 65.9341
67 66.3522 65.9055
460 66.0528 65.8765
509 65.7888 65.8509
110 65.5455 65.8274
340 65.2629 65.8
847 64.9826 65.7729
315 64.7188 65.7473
102 64.4818 64.934
396 64.3157 64.3641
968 64.3157 64.3641
84 64.4255 64.3041
668 64.5458 64.2383
282 64.6614 64.1752
393 64.9455 64.02
867 65.2232 63.8683
173 65.4772 63.7296
515 65.7368 63.5878
595 66.0151 63.4357
208 66.2741 63.2943
238 66.7594 63.0291
810 67.2599 62.7557
647 67.9936 62.3548
293 68.796 61.9165
942 69.9285 61.2977
941 71.0381 60.6914
650 72.0569 60.1348
190 73.2562 59.4795
420 74.7522 58.662
201 76.5969 57.6539
884 78.7578 56.4727
107 79.6245 55.9992
951 79.8057 55.9002
684 79.9718 55.8095
506 80.1404 55.7174
967 80.2977 55.6315
242 80.466 55.5395
195 80.6259 55.4522
387 80.7839 55.3659
334 80.9391 55.2811
383 81.1092 55.1882
932 81.6864 54.8729
977 82.2917 54.5422
838 82.8887 54.216
136 83.4884 53.8884
170 84.0761 53.5673
497 84.6164 53.2721
583 84.6163 53.2721
198 84.7168 51.1021
920 84.8403 48.4362
592 84.9917 45.1655
274 85.1523 41.6962
520 85.2928 38.6628
835 85.4088 36.1573
98 85.5664 32.752
33 85.6717 30.4796
590 85.7987 27.7365
627 86.0949 21.3391
243 86.1845 19.4027
345 86.2133 18.7826
979 86.2439 18.1216
483 86.2684 17.5916
260 86.2684 17.5916
