0,243,345,260,979,483,627,590,33,98,520,29,274,745,323,592,583,941,656,117,609,835,967,466,170,884,852,198,334,242,201,920,684,107,977,838,136,506,951,497,660,450,311,25,372,740,742,725,353,820,928,473,983,494,685,893,648,322,854,889,544,481,845,251,71,580,817,273,42,620,813,52,135,177,23,984,618,149,584,464,318,465,202,158,666,816,823,864,83,159,18,937,285,837,867,417,904,204,775,962,744,385,579,528,332,383,900,110,818,800,668,801,847,112,340,650,432,538,582,617,468,208,762,238,173,84,67,509,282,460,850,152,654,975,647,396,393,478,420,907,387,842,942,143,102,670,357,553,232,932,35,195,314,45,358,425,440,190,68,186,161,485,767,595,926,675,188,498,512,492,63,875,577,70,101,515,85,791,293,262,235,109,216,968,558,632,798,623,461,597,30,732,676,237,964,281,625,923,471,809,286,743,519,810,472,127,210,929,715,522,49,533,89,269,59,493,576,788,839,645,359,507,571,501,587,779,80,137,104,683,171,291,56,264,912,765,804,175,459,921,134,248,855,365,54,21,724,225,308,596,163,894,523,986,563,404,410,91,513,94,895,280,769,802,126,807,350,782,671,987,453,9,642,857,484,605,636,290,51,315,727,229,12,477,369,145,567,305,259,622,931,297,575,832,335,659,406,320,887,367,378,317,395,737,992,185,690,851,763,911,961,156,980,313,344,624,882,746,62,389,416,215,319,245,880,179,530,140,940,40,82,516,774,118,408,754,896,536,375,814,952,239,707,415,947,856,206,559,541,874,511,434,448,532,105,866,569,5,181,165,877,548,265,974,960,72,139,752,146,738,613,449,271,150,409,309,470,288,392,672,231,918,424,808,550,172,253,697,73,270,755,394,713,193,766,561,539,2,230,22,919,241,53,343,92,564,976,826,861,562,910,144,540,124,614,437,129,189,840,252,872,638,292,454,658,294,591,954,757,16,226,431,537,256,635,167,806,60,649,640,390,701,950,789,361,339,275,132,796,192,630,971,552,903,502,114,739,376,451,99,846,97,924,398,411,326,601,897,526,888,220,333,600,113,130,599,93,249,487,400,479,560,860,296,662,878,184,490,574,927,946,266,965,327,726,578,223,730,689,443,825,608,58,604,446,712,695,469,41,360,28,15,17,557,859,776,227,933,442,773,418,568,795,593,96,696,871,306,885,521,611,651,768,491,714,916,456,13,183,44,753,610,368,833,50,76,20,973,141,36,120,441,786,631,430,761,428,699,301,115,637,364,953,827,380,988,750,213,39,200,304,95,236,106,868,585,678,435,944,300,203,263,444,447,570,792,178,815,399,719,1,325,48,433,711,886,436,31,244,546,547,405,169,736,247,718,905,108,495,462,803,138,199,386,240,969,693,914,153,780,556,207,427,500,88,955,607,639,457,277,14,686,657,75,429,321,991,316,90,401,890,615,982,892,830,759,628,426,728,219,665,554,970,234,3,272,879,966,551,168,196,374,680,162,799,338,119,784,371,764,482,503,346,694,948,255,81,445,298,224,667,939,531,717,77,122,589,708,329,517,734,381,47,218,100,347,925,849,747,909,166,527,154,698,805,981,352,214,703,131,858,222,57,505,760,972,303,534,677,496,772,956,524,758,542,336,705,908,545,279,391,324,403,476,422,37,267,233,691,349,901,720,729,733,382,756,34,510,957,79,771,735,687,797,438,706,679,913,783,688,142,633,413,180,778,603,655,147,748,525,535,475,723,841,700,78,770,341,731,565,749,463,174,212,938,283,312,182,116,489,157,148,949,616,123,958,652,328,936,863,128,86,373,423,10,499,228,87,330,133,46,384,205,612,388,549,663,32,943,664,543,529,990,829,121,64,915,474,787,899,824,486,221,836,455,641,673,65,125,985,268,710,661,4,963,299,572,74,794,331,898,646,682,187,61,514,402,674,741,588,258,812,722,366,488,881,412,211,629,362,348,643,254,8,626,822,310,284,573,246,709,702,902,439,26,669,363,407,354,518,704,351,287,883,555,289,653,261,164,934,307,337,467,379,869,160,111,586,834,421,692,602,811,302,11,151,397,414,191,38,278,197,508,848,790,155,989,356,619,452,7,876,621,194,862,370,945,922,276,891,644,843,69,342,930,793,828,43,606,594,377,853,566,480,217,785,209,865,935,634,257,716,458,66,870,917,19,844,906,751,831,250,873,419,681,978,598,6,581,821,27,355,781,959,819,55,721,24,295,504,777,103,176,
value : 546.719 running time : 45.925583
0 80 20
243 84.7667 18.0379
345 85.3544 17.796
260 85.8481 17.5927
979 85.9967 17.5316
483 86.1414 17.472
627 85.3567 19.6551
590 83.8546 23.8351
33 83.328 25.3001
98 82.9088 26.4664
520 80.8698 31.9419
29 79.2063 36.409
274 78.4397 38.4672
745 77.7096 40.4273
323 76.9901 42.3591
592 76.3162 44.1682
583 75.6593 45.9318
941 75.2926 46.9163
656 75.2043 47.1533
117 75.1782 47.2235
609 75.5053 47.492
835 75.836 47.7635
967 76.6739 49.1101
466 77.4272 50.3207
170 79.601 53.8148
884 80.0986 54.6143
852 80.5294 55.3067
198 80.8087 55.7554
334 81.0858 56.2007
242 81.3671 56.6527
201 81.6442 57.098
920 81.8935 57.4986
684 82.2003 57.9916
107 82.4812 58.443
977 82.7452 58.8672
838 83.0039 59.2827
136 83.2881 59.7395
506 83.6159 60.2663
951 83.9322 60.7745
497 84.4198 61.558
660 85.3214 70.4231
450 85.6175 73.3329
311 85.9213 76.3181
25 86.2192 79.2454
372 86.307 80.1079
740 84.841 82.4377
742 83.4734 84.6113
725 82.4 86.317
353 81.3985 87.9086
820 81.3057 88.0559
928 81.2197 88.1926
473 81.2197 88.1926
983 81.2197 88.1926
494 81.2197 88.1926
685 81.2197 88.1926
893 80.8827 88.2835
648 80.5829 88.3644
322 80.2745 88.4477
854 79.9269 88.5415
889 79.6439 88.6179
544 76.3652 89.5023
481 75.336 89.78
845 74.6989 89.9519
251 74.1292 90.1057
71 73.6174 90.2438
580 73.0887 90.3865
817 72.5291 90.5374
273 72.075 90.66
42 71.6873 90.7646
620 71.3355 90.8596
813 71.0121 90.9468
52 70.6531 91.0437
135 70.3232 91.1328
177 66.555 92.149
23 63.5511 92.9593
984 63.816 92.5873
618 64.0583 92.247
149 64.3786 91.7974
584 64.6885 91.3622
464 65.0907 90.7974
318 65.5111 90.2072
465 65.949 89.5923
202 66.2964 89.1046
158 66.7674 88.4433
666 67.2378 87.7827
816 67.6805 87.1611
823 68.2357 86.3816
864 68.8552 85.5118
83 69.3811 84.7733
159 69.8206 84.1562
18 70.2139 83.604
937 70.6265 83.0246
285 71.0273 82.462
837 72.3196 80.6472
867 73.3017 79.2682
417 73.8 78.5686
904 74.3142 77.8467
204 74.8896 77.0386
775 74.4818 76.7281
962 74.0718 76.4158
744 73.7214 76.1489
385 73.4061 75.9088
579 73.075 75.6566
528 72.765 75.4205
332 72.0997 74.9138
383 71.1382 74.1815
900 70.0813 73.3765
110 69.0477 72.5893
818 68.1234 71.8853
800 65.4813 69.8729
668 65.4036 69.8137
801 65.3291 69.757
847 65.2322 69.6832
112 65.1343 69.6086
340 65.0453 69.5408
650 64.9534 69.4708
432 64.8502 69.3922
538 64.7561 69.3206
582 64.666 69.252
617 64.6756 67.1491
468 64.6958 66.8723
208 64.7144 66.6157
762 64.7347 66.3374
238 64.7543 66.0678
173 64.773 65.8106
84 64.7933 65.5321
67 64.8118 65.2775
509 64.8301 65.0258
282 64.8535 64.7043
460 64.9132 64.5012
850 65.2011 63.5232
152 65.3179 63.1265
654 65.4362 62.7245
975 65.6186 62.1046
647 65.8951 61.1653
396 66.1923 60.1557
393 66.4093 59.4182
478 66.7163 58.3752
420 67.0438 57.2626
907 67.3882 56.0926
387 67.868 54.4624
842 67.8608 54.4395
942 67.8544 54.4191
143 67.8474 54.397
102 67.8411 54.3769
670 67.8341 54.3544
357 67.8273 54.333
553 67.8214 54.314
232 67.8149 54.2933
932 67.8091 54.275
35 67.8032 54.2562
195 67.2453 52.4789
314 65.5216 50.4175
45 64.6082 49.3252
358 64.5734 49.2835
425 64.5734 49.2835
440 60.2014 54.4013
190 60.1514 54.3115
68 60.1034 54.2254
186 60.045 54.1207
161 59.9924 54.0264
485 59.9355 53.9244
767 59.8802 53.8252
595 59.8254 53.7269
926 59.4946 53.1334
675 59.1891 52.5855
188 56.9196 53.5282
498 54.8314 54.3957
512 53.1826 55.0807
492 53.1826 55.0807
63 53.1826 55.0807
875 53.1826 55.0807
577 53.1826 55.0807
70 53.1826 55.0807
101 52.8953 55.774
515 52.5989 56.4892
85 52.3609 57.0635
791 52.1099 57.6693
293 51.869 58.2507
262 51.6227 58.845
235 51.3347 59.54
109 51.08 60.1545
216 50.909 60.5672
968 50.7363 60.984
558 50.5707 61.3838
632 50.4015 61.792
798 49.8899 61.1135
623 49.3797 60.4369
461 48.8022 60.3167
597 48.4568 60.2448
30 48.0986 60.1702
732 47.9173 60.1325
676 47.7409 60.0958
237 47.5554 60.0572
964 47.4966 60.045
281 47.421 60.0292
625 47.3534 60.0152
923 47.2706 59.998
471 47.1876 59.9807
809 47.113 59.9651
286 47.0537 59.9528
743 46.9843 59.9384
519 46.9142 59.9238
810 46.8399 59.9083
472 46.7493 59.8895
127 44.9935 60.1108
210 43.5088 60.2979
929 42.0474 60.4821
715 40.9686 60.618
522 39.9238 60.7497
49 38.4973 60.9295
533 37.8808 61.1868
89 37.3111 61.4246
269 36.7177 61.6722
59 36.4618 61.779
493 36.4591 61.7801
576 36.4564 61.7812
788 36.4531 61.7826
839 36.4501 61.7839
645 36.4471 61.7851
359 36.4441 61.7864
507 36.4409 61.7877
571 36.5588 61.8885
501 36.6727 61.9857
587 36.7899 62.0858
779 37.3262 62.5439
80 37.7437 62.9005
137 38.0902 63.1964
104 38.487 63.5353
683 38.9034 63.891
171 39.2931 64.2238
291 39.662 64.5389
56 40.0435 64.8647
264 40.422 65.188
912 40.7961 65.5075
765 41.2354 65.8827
804 41.7 66.2796
175 42.1688 66.6799
459 42.6739 67.1114
921 43.22 67.5778
134 43.434 67.7606
248 43.6554 67.9497
855 43.7884 68.0633
365 43.9118 68.1687
54 44.0508 68.2874
21 44.2025 68.4169
724 44.3795 68.5681
225 44.5467 68.7109
308 44.7042 68.8454
596 44.9021 69.0143
163 45.1234 69.2034
894 45.3522 69.3988
523 45.5686 69.5836
986 45.7985 69.78
563 46.0099 69.9605
404 46.1934 70.1172
410 46.4046 70.2976
91 46.6477 70.5053
513 46.8673 70.6928
94 47.0876 70.881
895 47.2954 71.0584
280 47.4944 71.2284
769 47.6113 71.3282
802 47.7266 71.4266
126 47.843 71.5261
807 47.9488 71.6164
350 48.741 72.129
782 49.7522 72.7833
671 50.6333 73.3534
987 51.2665 73.7631
453 51.784 74.098
9 52.4222 74.5109
642 52.9797 74.8717
857 53.5266 75.2256
484 54.0838 75.5861
605 55.1608 76.283
636 56.2532 76.9898
290 57.5658 77.8392
51 57.5353 78.1575
315 57.5018 78.5076
727 57.4684 78.856
229 57.3772 79.8071
12 57.2856 80.7621
477 57.201 81.6449
369 57.1408 82.2727
145 57.0768 82.9405
567 56.4588 83.5436
305 55.8148 84.1721
259 55.7549 84.2305
622 55.6972 84.2868
931 55.6268 84.3555
297 55.5541 84.4264
575 55.4749 84.5037
832 55.3977 84.579
335 55.3109 84.6637
659 55.2205 84.7519
406 55.1423 84.8282
320 55.0655 84.9031
887 54.9961 84.9708
367 54.9235 85.0416
378 54.8575 85.106
317 54.7837 85.178
395 54.706 85.2538
737 54.62 85.3377
992 54.5424 85.4134
185 53.512 86.2851
690 52.612 87.0465
851 51.6483 87.8618
763 50.6482 88.7079
911 49.982 89.2715
961 49.8709 89.3594
156 49.7709 89.4387
980 49.672 89.5171
313 49.57 89.5979
344 49.4631 89.6827
624 49.3648 89.7606
882 49.268 89.8373
746 49.1758 89.9104
62 49.0832 89.9837
389 48.9893 90.0581
416 48.9006 90.1284
215 48.8125 90.1983
319 48.7555 90.2435
245 48.6983 90.2888
880 48.6397 90.3353
179 48.5774 90.3847
530 48.5131 90.4356
140 48.4519 90.4841
940 48.3883 90.5346
40 48.3224 90.5868
82 48.2554 90.6399
516 48.1878 90.6934
774 48.1239 90.7441
118 48.0614 90.7937
408 47.994 90.8471
754 47.9287 90.8988
896 47.8588 90.9543
536 47.7899 91.0088
375 47.7192 91.0649
814 47.6565 91.1145
952 47.592 91.1657
239 47.5221 91.2211
707 47.4549 91.2743
415 47.4549 91.2743
947 47.4549 91.2743
856 47.4549 91.2743
206 47.085 91.2092
559 46.7699 91.1536
541 46.4636 91.0997
874 46.136 91.042
511 45.8321 90.9884
434 45.4951 90.9291
448 44.8805 90.8208
532 44.4196 90.7396
105 43.8799 90.6445
866 43.2753 90.538
569 42.6683 90.4311
5 42.1217 90.3348
181 41.4622 90.2187
165 40.8405 90.1091
877 40.1126 89.9809
548 39.4396 89.8624
265 38.8116 89.7518
974 38.1486 89.635
960 37.444 89.5108
72 37.0784 89.4464
139 36.7075 89.3811
752 36.313 89.3116
146 35.9109 89.2408
738 35.5061 89.1694
613 35.0767 89.0938
449 34.6439 89.0175
271 34.1062 88.9228
150 33.5708 88.8285
409 33.0636 88.7392
309 32.9898 88.5376
470 32.9111 88.3224
288 32.8293 88.0991
392 32.7634 87.9189
672 32.6928 87.7262
231 32.624 87.5382
918 32.5513 87.3396
424 32.4781 87.1396
808 32.4141 86.9648
550 32.3332 86.7437
172 32.7349 86.7962
253 33.0968 86.8434
697 33.4636 86.8913
73 34.4714 87.0228
270 35.5141 87.1589
755 36.5916 87.2995
394 36.7085 87.3147
713 36.8328 87.331
193 36.8328 87.331
766 36.8328 87.331
561 37.0037 87.1019
539 37.1541 86.9002
2 37.2991 86.7059
230 37.4467 86.5079
22 37.6017 86.3001
919 37.7704 86.074
241 37.9397 85.8471
53 38.0967 85.6366
343 38.2963 85.369
92 38.4794 85.1235
564 38.7142 84.8087
976 38.9172 84.5366
826 39.0966 84.2961
861 39.256 84.0824
562 37.4615 82.5167
910 35.2945 80.6258
144 35.1357 80.4873
540 34.9727 80.3451
124 34.8081 80.2015
614 34.6604 80.0727
437 34.5167 79.9472
129 34.3521 79.8037
189 34.1061 79.589
840 33.8724 79.3852
252 33.6207 79.1655
872 33.3853 78.9601
638 33.1669 78.7696
292 32.9316 78.5643
454 32.6567 78.3244
658 32.4033 78.1034
294 32.2129 77.9372
591 31.8701 77.6382
954 31.5767 77.3822
757 31.2808 77.124
16 30.9956 76.8752
226 30.719 76.6338
431 30.4082 76.3627
537 30.1732 76.1576
256 29.9607 75.9722
635 29.6648 75.714
167 29.4302 75.5094
806 29.1801 75.2912
60 28.9006 75.0473
649 28.6183 74.8011
640 24.2073 70.9523
390 23.8547 70.9546
701 23.4498 70.9573
950 23.0944 70.9597
789 22.7512 70.962
361 22.3819 70.9644
339 22.0435 70.9667
275 21.7314 70.9688
132 21.4014 70.971
796 21.0534 70.9733
192 20.7472 70.9753
630 20.5244 70.9768
971 20.3209 70.9782
552 20.0909 70.9797
903 19.8612 70.9813
502 19.5665 70.9832
114 19.307 70.9849
739 19.0623 70.9866
376 18.8251 70.9882
451 18.8479 71.0487
99 18.875 71.1206
846 18.8973 71.1798
97 18.9206 71.2416
924 18.9448 71.3056
398 18.968 71.3672
411 18.9915 71.4297
326 19.017 71.4973
601 19.0384 71.5541
897 19.0612 71.6145
526 19.0883 71.6866
888 19.1142 71.7551
220 19.1385 71.8196
333 19.1633 71.8853
600 19.1847 71.9422
113 19.2062 71.9994
130 19.2276 72.0562
599 19.2527 72.1228
93 20.6718 75.8865
249 20.6718 75.8865
487 20.6718 75.8865
400 20.6718 75.8865
479 20.6718 75.8865
560 20.6718 75.8865
860 20.6718 75.8865
296 22.0625 76.3244
662 22.9595 76.6069
878 23.2952 76.7125
184 23.26 76.9046
490 23.2279 77.0804
574 23.201 77.2277
927 23.1716 77.3886
946 23.1389 77.5676
266 23.1083 77.7346
965 23.0779 77.901
327 23.0105 78.2696
726 22.9303 78.7086
578 22.8511 79.1416
223 22.7768 79.548
730 22.7014 79.9602
689 22.6166 80.4239
443 22.494 81.0943
825 22.3649 81.8002
608 22.2289 82.5438
58 22.0904 83.301
604 21.9599 84.0146
446 21.3289 87.4621
712 21.2904 87.6726
695 21.2552 87.8653
469 21.2199 88.0584
41 21.1835 88.2578
360 21.1421 88.4838
28 21.0981 88.7248
15 21.0686 88.886
17 21.0431 89.0255
557 21.0173 89.1669
859 20.9908 89.3116
776 20.962 89.4693
227 20.9361 89.6109
933 20.9131 89.7369
442 20.8905 89.8607
773 20.8687 89.9796
418 20.8411 90.131
568 20.8109 90.2963
795 20.8109 90.2963
593 20.8109 90.2963
96 20.8109 90.2964
696 20.8108 90.2964
871 20.8108 90.2964
306 20.8108 90.2964
885 20.8108 90.2964
521 20.8108 90.2964
611 20.8108 90.2964
651 20.8108 90.2964
768 20.8108 90.2965
491 20.8108 90.2965
714 20.8108 90.2965
916 20.8108 90.2965
456 20.8108 90.2965
13 20.8108 90.2965
183 20.8108 90.2965
44 20.8108 90.2965
753 20.8108 90.2965
610 20.8108 90.2966
368 20.8108 90.2966
833 20.8108 90.2966
50 20.8108 90.2966
76 20.8108 90.2966
20 20.8108 90.2966
973 20.7952 90.296
141 20.7839 90.2956
36 20.5915 90.2881
120 20.3991 90.2807
441 20.179 90.2721
786 19.9734 90.2642
631 19.7188 90.2543
430 19.3207 90.2389
761 18.8269 90.2197
428 18.2893 90.1988
699 16.7856 90.1403
301 15.4766 90.0895
115 14.5716 90.0543
637 13.5777 90.0157
364 12.7174 89.9823
953 11.9501 89.9525
827 11.3505 89.9292
380 10.8107 89.9083
988 10.3043 89.8887
750 10.3043 89.8613
213 10.3043 89.8357
39 10.3041 89.7153
200 10.3039 89.5954
304 10.3037 89.468
95 10.3035 89.3446
236 10.3033 89.2376
106 10.3031 89.1274
868 10.3029 89.0117
585 10.3027 88.8894
678 10.3025 88.7625
435 10.3023 88.6363
944 10.3019 88.3968
300 10.3017 88.2513
203 10.3014 88.1104
263 10.3012 87.9838
444 10.301 87.8492
447 10.3008 87.7208
570 10.3006 87.5758
792 10.3004 87.4459
178 10.3002 87.3142
815 10.3 87.195
399 10.2998 87.0699
719 10.2996 86.9472
1 10.2994 86.824
325 10.2991 86.6868
48 10.2989 86.5569
433 10.2987 86.4328
711 10.2986 86.3272
886 10.2983 86.1838
436 10.2981 86.0595
31 10.2979 85.9369
244 10.2977 85.8188
546 10.2975 85.7075
547 10.2974 85.6021
405 10.2972 85.4932
169 10.297 85.3557
736 10.2968 85.228
247 10.2966 85.1015
718 10.2963 84.9696
905 10.2961 84.8368
108 10.2959 84.7147
495 10.2957 84.5925
462 10.2956 84.476
803 10.2951 84.2251
138 10.2947 83.9695
199 10.2942 83.6788
386 10.2937 83.36
240 10.2932 83.0258
969 10.2927 82.7293
693 10.292 82.3049
914 10.2912 81.8373
153 10.2902 81.2244
780 10.289 80.512
556 10.2879 79.836
207 10.2868 79.2036
427 10.2866 79.0705
500 10.2864 78.9542
88 10.2863 78.8445
955 10.2861 78.7238
607 10.2858 78.5889
639 10.2857 78.4717
457 10.2855 78.355
277 10.2853 78.2279
14 10.2851 78.1148
686 10.2849 78.0284
657 10.2848 77.9455
75 10.2847 77.8642
429 10.2845 77.7701
321 10.2844 77.6863
991 10.2842 77.6015
316 10.2841 77.5231
90 10.284 77.4326
401 10.2838 77.3446
890 10.2834 77.1142
615 10.2831 76.9035
982 10.2828 76.6993
892 10.2823 76.419
830 10.2818 76.1239
759 10.2814 75.8386
628 10.2809 75.5324
426 10.2802 75.1358
728 10.2794 74.6515
219 10.2786 74.1449
665 10.2779 73.7302
554 10.2773 73.3513
970 10.2752 72.0949
234 10.2734 71.0474
3 10.2732 70.8959
272 10.2729 70.7496
879 10.2727 70.6007
966 10.2725 70.4549
551 10.2723 70.323
168 10.272 70.1676
196 10.2717 69.975
374 10.2715 69.834
680 10.2712 69.6677
162 10.2709 69.5067
799 10.2706 69.3395
338 10.2704 69.1809
119 10.2701 69.0183
784 10.2698 68.8478
371 10.2696 68.6927
764 10.2693 68.5354
482 10.2691 68.4022
503 10.2689 68.2719
346 10.2687 68.1342
694 10.2684 67.9801
948 10.2682 67.8229
255 10.2679 67.6624
81 10.2677 67.512
445 10.2675 67.3729
298 10.2672 67.2303
224 10.267 67.0688
667 10.2656 66.2395
939 10.2639 65.2542
531 10.2623 64.3025
717 10.261 63.4793
77 10.2594 62.5342
122 10.2576 61.4495
589 10.2576 61.4494
708 10.2576 61.4494
329 10.2576 61.4494
517 10.2576 61.4494
734 10.2576 61.4494
381 10.2576 61.4494
47 10.2889 61.4263
218 10.3212 61.4024
100 10.3537 61.3783
347 10.3853 61.355
925 10.4175 61.3311
849 10.4493 61.3076
747 11.6902 60.3893
909 12.9429 59.4622
166 13.4537 59.0843
527 14.1598 58.5618
154 15.3154 57.7065
698 15.3154 57.7065
805 15.3155 57.7065
981 15.3155 57.7065
352 15.3155 57.7065
214 15.3155 57.7065
703 15.4885 57.5977
131 15.6768 57.4793
858 15.8877 57.3466
222 16.06 57.2383
57 16.2286 57.1323
505 16.4234 57.0098
760 16.6092 56.8929
972 16.8386 56.7487
303 17.0599 56.6095
534 17.3142 56.4496
677 17.5462 56.3037
496 17.8094 56.1382
772 18.0207 56.0053
956 18.2587 55.8556
524 18.4774 55.7181
758 18.7403 55.5528
542 18.975 55.4051
336 19.2266 55.247
705 19.4989 55.0757
908 19.7698 54.9053
545 20.0111 54.7536
279 20.2314 54.615
391 20.4806 54.4583
324 20.7182 54.3089
403 20.9543 54.1604
476 21.1695 54.0251
422 21.3669 53.901
37 21.5957 53.7571
267 21.7718 53.6463
233 21.9411 53.5399
691 22.1165 53.4296
349 22.3061 53.3103
901 22.5172 53.1776
720 22.7229 53.0482
729 23.0119 52.8665
733 23.306 52.6815
382 23.6192 52.4845
756 23.9468 52.2786
34 24.2495 52.0882
510 24.5955 51.8706
957 24.9277 51.6617
79 25.2602 51.4526
771 25.6145 51.2298
735 26.025 50.9716
687 26.4879 50.6805
797 26.7552 50.5124
438 27.0838 50.3058
706 27.4175 50.0959
679 27.6814 49.9299
913 27.6814 49.9299
783 27.6814 49.9299
688 27.6814 49.9299
142 27.6815 49.9299
633 27.6815 49.9299
413 27.6815 49.9299
180 27.6815 49.9299
778 27.091 49.7173
603 26.4123 49.4729
655 25.6519 49.1991
147 25.0754 48.9915
748 24.2792 48.7048
525 23.3919 48.3853
535 22.4415 48.043
475 21.4294 47.6786
723 20.3745 47.2988
841 19.2278 46.8859
700 18.442 46.6029
78 17.8325 46.3834
770 17.178 46.1477
341 16.6447 45.9557
731 16.1575 45.7803
565 15.7489 45.6331
749 15.1475 45.4165
463 14.655 45.2392
174 14.2079 45.0782
212 13.6902 44.8918
938 13.2657 44.7389
283 12.3579 44.412
312 11.5803 44.132
182 10.9347 43.8995
116 10.0907 43.5956
489 10.1066 43.3271
157 10.1234 43.0421
148 10.1427 42.7164
949 10.1607 42.4101
616 10.1793 42.0951
123 10.1973 41.7911
958 10.2156 41.4808
652 10.2324 41.197
328 10.2506 40.8882
936 10.2674 40.6031
863 10.2916 40.1934
128 10.3141 39.8117
86 10.3466 39.2618
373 10.6134 39.2126
423 10.8803 39.1634
10 11.1234 39.1186
499 11.3544 39.076
228 11.8366 38.9871
87 12.283 38.9048
330 12.7266 38.823
133 13.3042 38.7165
46 14.009 38.5865
384 14.8255 38.4359
205 15.7735 38.261
612 16.5675 38.1146
388 17.2619 37.9865
549 17.5124 37.9404
663 17.7397 37.8985
32 17.9769 37.8548
943 18.2162 37.8107
664 18.4741 37.7631
543 18.692 37.7229
529 19.8743 34.1719
990 19.7681 33.1904
829 19.5765 31.4201
121 19.3737 29.5471
64 19.1485 27.4671
915 19.0037 27.4038
474 18.8556 27.339
787 18.7247 27.2818
899 18.4116 27.1448
824 18.1191 27.0169
486 17.7864 26.8714
221 17.3943 26.6999
836 16.9102 26.4881
455 16.43 26.2781
641 16.1683 26.1636
673 15.8856 26.04
65 15.6343 25.93
125 15.3323 25.798
985 14.9095 25.613
268 14.5103 25.4384
710 14.0984 25.2582
661 13.7117 25.0891
4 13.2709 24.8962
963 12.9219 24.7436
299 12.6042 24.6046
572 12.2949 24.4694
74 11.9704 24.3274
794 11.6702 24.1961
331 11.3996 24.0778
898 11.1186 23.9549
646 11.2405 23.3877
682 11.2847 23.1825
187 11.3239 22.9998
61 11.3574 22.8441
514 11.3852 22.715
402 11.6147 21.6468
674 11.845 20.575
741 12.0478 19.6314
588 12.2572 18.6567
258 12.4567 17.7284
812 13.094 14.7605
722 13.2611 14.7693
366 13.7032 14.7927
488 14.12 14.8147
881 14.4962 14.8345
412 14.9022 14.8559
211 15.3993 14.8822
629 15.8985 14.9085
362 16.4844 14.9394
348 18.1187 15.0259
643 20.0296 15.1271
254 21.8003 15.2208
8 23.5807 15.315
626 25.5618 15.4199
822 27.1559 15.5042
310 27.2913 15.5114
284 27.3955 15.5168
573 27.5119 15.523
246 27.6144 15.5284
709 27.7211 15.534
702 27.8237 15.5394
902 27.9319 15.5451
439 28.05 15.5513
26 28.1777 15.558
669 28.1778 15.558
363 28.1778 15.558
407 28.1778 15.558
354 28.1778 15.558
518 35.7044 15.7661
704 36.1528 16.7544
351 36.587 17.7114
287 37.2739 19.2252
883 38.5856 22.1163
555 40.214 25.7056
289 39.9762 25.9317
653 39.7323 26.1636
261 39.452 26.4301
164 39.1916 26.6776
934 38.797 27.0527
307 38.378 27.4511
337 38.051 27.7619
467 37.6863 28.1087
379 37.3032 28.4729
869 36.9149 28.8421
160 36.6482 29.0956
111 36.3771 29.3534
586 36.0863 29.6298
834 35.7808 29.9202
421 35.4802 30.206
692 35.1318 30.5372
602 34.7925 30.8599
811 35.7156 35.0767
302 36.4311 38.3453
11 36.4632 38.4917
151 36.4948 38.6363
397 36.528 38.7876
414 36.7758 39.0891
191 37.0231 39.39
38 37.2925 39.7178
278 37.5527 40.0344
197 38.0781 40.6735
508 38.4446 41.1194
848 38.8381 41.5982
790 39.1472 41.9743
155 39.4868 42.3874
989 39.7917 42.7584
356 40.1035 43.1377
619 40.405 43.5045
452 40.7513 43.9258
7 41.0692 44.3127
876 41.483 44.816
621 41.9301 45.36
194 41.9301 45.36
862 41.9301 45.36
370 41.9301 45.36
945 41.9301 45.36
922 41.9301 45.36
276 41.9301 45.36
891 41.9301 45.36
644 51.2803 45.2571
843 51.2803 45.2571
69 51.2803 45.2571
342 51.2803 45.2571
930 51.2803 45.2571
793 51.2803 45.2571
828 52.1391 43.8382
43 52.3242 43.5323
606 52.5018 43.239
594 51.9244 41.8887
377 51.3179 40.4703
853 50.6914 39.0051
566 50.6914 39.0051
480 50.7309 38.9478
217 50.7918 38.8596
785 50.8489 38.7769
209 50.9009 38.7015
865 50.9499 38.6304
935 50.9959 38.5638
634 51.0463 38.4907
257 51.091 38.426
716 51.1401 38.3548
458 51.1919 38.2798
66 51.2389 38.2116
870 51.286 38.1434
917 51.3325 38.0759
19 51.7947 37.4062
844 52.228 36.7782
906 52.6978 36.0974
751 53.2604 35.2821
831 53.7876 34.5181
250 54.1295 34.0226
873 54.4939 33.4945
419 54.8272 33.0115
681 55.0417 32.7007
978 55.2702 32.3694
598 58.1412 28.2099
6 58.4934 27.6994
581 58.854 27.177
821 59.0925 26.8313
27 59.344 26.4667
355 59.63 26.0522
781 60.2335 25.1777
959 60.9751 24.103
819 61.6786 23.0835
55 62.377 22.0715
721 65.2427 17.9197
24 65.543 17.4845
295 65.8608 17.0238
504 66.2084 16.52
777 66.5739 15.9904
103 66.963 15.4266
176 70.9683 16.8318
