0,260,979,243,483,627,345,520,33,98,590,745,609,466,835,195,670,29,553,274,323,314,842,232,592,45,920,143,644,767,117,606,926,967,102,70,850,478,942,396,538,907,190,68,810,425,583,647,656,595,485,293,579,941,932,383,975,420,852,385,110,201,332,506,650,497,684,242,977,136,838,884,170,107,951,334,387,198,742,25,473,311,528,660,450,372,159,204,685,725,648,889,135,322,928,251,544,494,813,318,149,854,52,580,983,937,317,285,273,158,177,353,620,622,465,481,775,666,737,145,817,185,820,992,984,464,42,477,845,823,864,893,740,417,83,987,962,340,297,900,867,67,654,837,152,290,71,818,727,51,816,9,671,509,515,668,85,286,968,793,762,964,558,791,84,577,625,857,393,173,847,238,109,315,802,617,112,134,779,623,855,186,440,471,210,453,282,216,281,370,513,743,561,894,144,350,540,986,82,484,904,582,744,921,880,94,248,769,208,229,605,632,530,432,832,179,369,12,335,567,18,434,800,931,516,952,690,40,887,395,782,460,636,91,378,895,245,562,563,826,659,406,774,861,754,801,259,896,649,564,575,961,118,814,126,280,851,305,947,408,980,584,202,367,344,618,23,940,642,415,624,105,449,129,62,532,72,559,763,882,5,746,375,856,911,313,389,541,539,22,807,738,239,231,511,53,437,866,766,974,165,786,256,707,872,60,672,2,976,226,270,193,536,320,215,918,319,614,806,241,206,292,416,156,146,309,713,140,877,428,120,172,124,840,343,253,596,910,878,755,189,591,715,225,599,903,689,56,163,264,171,732,922,912,390,175,798,804,765,54,365,459,533,523,683,468,180,89,127,101,161,235,498,410,676,104,621,597,923,493,291,576,989,519,843,716,356,188,35,472,194,342,978,27,844,63,276,848,945,870,675,262,217,357,781,906,458,69,197,828,751,935,19,66,634,594,358,43,875,377,55,821,6,785,250,419,164,586,355,934,289,865,209,421,681,930,522,492,452,566,853,917,278,811,257,7,692,679,191,160,829,38,687,205,790,307,822,354,65,125,549,269,147,155,480,862,529,512,302,49,783,603,237,121,943,525,619,486,758,475,32,397,664,706,748,37,413,438,535,655,612,956,11,543,508,633,151,414,388,545,688,913,461,809,778,267,876,349,839,30,451,891,137,929,720,965,645,927,635,735,924,327,600,908,324,733,901,233,756,510,142,691,601,772,957,705,640,99,220,119,701,524,552,275,34,526,788,81,897,981,729,886,888,502,726,132,796,970,97,429,339,443,308,587,946,503,697,500,950,360,501,223,326,21,296,604,266,404,41,359,76,333,537,479,252,571,574,141,971,730,80,294,454,724,919,662,789,550,96,954,578,885,757,394,44,92,167,430,874,392,409,418,73,773,752,470,753,833,696,795,871,638,181,265,448,569,139,271,548,960,230,761,441,933,306,714,36,20,613,150,808,593,611,768,631,521,859,227,712,16,610,490,244,288,424,487,651,15,491,456,982,695,1,28,50,658,431,95,973,236,399,88,58,178,184,608,168,115,557,815,93,304,759,263,728,401,436,435,585,953,827,199,568,988,48,380,446,301,316,200,13,693,138,183,17,776,447,462,368,386,442,750,711,792,637,169,718,108,736,914,153,405,106,39,213,249,955,699,364,495,803,469,203,969,905,426,547,444,892,780,615,830,719,678,300,868,374,325,694,556,991,546,890,570,346,825,560,247,860,916,628,589,298,948,31,799,703,400,192,113,686,321,607,162,551,639,657,784,457,966,224,433,398,517,747,77,277,717,255,939,371,347,207,734,427,381,75,667,554,90,944,14,445,240,665,214,338,131,272,482,680,879,219,234,352,279,361,760,376,130,3,630,114,411,59,739,858,505,565,938,79,182,382,422,391,196,329,507,336,846,764,531,616,222,384,463,47,731,496,476,663,677,771,312,652,949,228,57,542,841,174,849,122,157,166,534,708,925,341,100,805,328,303,489,749,123,218,990,373,116,499,770,958,128,527,863,10,698,972,283,403,154,46,909,723,936,797,78,148,673,641,710,299,330,86,212,423,985,700,87,187,455,741,794,898,902,474,402,514,268,348,602,899,836,963,254,682,674,588,133,412,629,646,258,61,572,4,74,331,722,812,362,366,211,8,881,488,661,709,246,626,643,669,310,351,407,287,363,64,284,787,834,111,337,824,221,702,439,915,704,379,883,869,518,467,26,261,573,653,873,831,555,24,959,777,721,103,598,819,504,295,581,176,
value : 521.151 running time : 42.154938
0 80 20
260 85.8091 17.6149
979 85.9327 17.5641
243 86.0467 17.5173
483 86.1461 17.4765
627 85.6623 18.8308
345 84.838 21.1385
520 83.3097 25.4166
33 83.2314 25.6358
98 83.16 25.8357
590 81.1551 29.7671
745 79.2267 33.5484
609 78.2387 35.4858
466 77.5928 36.7525
835 77.0901 37.7381
195 76.5056 38.8844
670 76.0643 39.7496
29 75.6955 40.4728
553 75.3341 41.1815
274 75.1274 41.5868
323 74.8952 42.0422
314 74.6557 42.5117
842 74.4709 42.8742
232 74.4709 42.8742
592 74.4709 42.8742
45 74.4709 42.8742
920 73.7695 44.4836
143 73.1476 45.9107
644 72.6078 47.1493
767 72.1386 48.226
117 71.8446 48.9005
606 71.5848 49.4967
926 71.295 50.1617
967 71.0121 50.8109
102 70.6899 51.5502
70 70.3979 52.2203
850 70.1105 52.8798
478 69.8066 53.5772
942 69.5692 54.1219
396 69.3321 54.666
538 69.1269 55.1368
907 68.942 55.5611
190 68.7846 55.9223
68 68.6175 56.3058
810 68.4711 56.6416
425 68.9168 56.8922
583 69.2779 57.0952
647 69.6071 57.2802
656 69.9879 57.4943
595 70.3402 57.6924
485 70.7012 57.8954
293 71.1194 58.1305
579 77.4884 61.7111
941 77.6553 61.7312
932 77.8295 61.7523
383 77.9808 61.7705
975 78.1234 61.7877
420 78.2695 61.8053
852 78.4371 61.8255
385 78.6062 61.8459
110 78.7623 61.8647
201 78.9353 61.8856
332 79.1172 61.9075
506 79.2817 61.9273
650 79.4217 61.9442
497 84.8288 62.596
684 84.8288 62.596
242 84.8288 62.596
977 84.8288 62.596
136 84.8288 62.596
838 84.8288 62.596
884 84.8288 62.596
170 84.8288 62.596
107 84.8288 62.596
951 84.8288 62.596
334 84.8763 63.1151
387 84.9285 63.6875
198 85.029 64.7873
742 86.3694 79.4588
25 86.3737 79.5064
473 86.3777 79.5504
311 86.3809 79.5852
528 86.3843 79.622
660 86.3879 79.662
450 86.3918 79.704
372 86.3962 79.752
159 85.3979 81.1726
204 84.8193 81.9959
685 84.0543 83.0846
725 83.127 84.4042
648 82.3428 85.5201
889 81.4837 86.7426
135 80.3014 88.4253
322 80.1521 88.6377
928 79.99 88.8683
251 77.9113 89.2116
544 77.1744 89.3333
494 76.8542 89.3862
813 76.5119 89.4427
318 76.1748 89.4984
149 75.8757 89.5478
854 75.639 89.5869
52 75.3921 89.6276
580 75.205 89.6585
983 75.0188 89.6893
937 72.6401 90.0821
317 70.302 90.4683
285 70.2199 90.4818
273 70.1333 90.4961
158 70.0551 90.509
177 69.9691 90.5232
353 69.8944 90.5356
620 69.8129 90.549
622 69.7369 90.5616
465 69.6625 90.5739
481 69.5847 90.5867
775 69.5043 90.6
666 69.4162 90.6146
737 69.3143 90.6314
145 69.3459 90.6133
817 69.3747 90.5969
185 69.4051 90.5796
820 69.4408 90.5592
992 69.4612 90.4074
984 69.4827 90.2483
464 69.5036 90.0938
42 69.526 89.9276
477 69.5499 89.7507
845 69.5726 89.582
823 69.5957 89.4105
864 69.6196 89.2335
893 69.6417 89.0702
740 70.3503 83.8181
417 69.5346 82.4916
83 68.6586 81.067
987 67.8018 79.6735
962 67.4502 79.1017
340 67.14 78.5972
297 66.9449 78.2798
900 66.7202 77.9145
867 66.5168 77.5836
67 66.3284 77.2773
654 66.1929 77.0569
837 66.0565 76.8351
152 65.9114 76.599
290 65.6991 76.5596
71 65.49 76.5207
818 65.2804 76.4817
727 65.0454 76.438
51 64.8066 76.3936
816 64.5528 76.3464
9 62.5509 74.3846
671 61.0344 72.8985
509 59.5017 71.3965
515 57.6893 69.6203
668 56.1039 68.0668
85 54.252 66.252
286 54.252 66.252
968 54.252 66.252
793 54.252 66.252
762 54.252 66.252
964 54.252 66.252
558 54.252 66.252
791 54.252 66.252
84 54.252 66.252
577 54.252 66.252
625 54.252 66.252
857 54.252 66.252
393 54.252 66.252
173 54.252 66.252
847 54.252 66.252
238 54.252 66.252
109 54.252 66.252
315 54.252 66.252
802 54.252 66.252
617 53.5561 65.3477
112 52.8455 64.4244
134 52.0178 63.349
779 51.0768 62.1264
623 50.1025 60.8605
855 50.1025 60.8605
186 50.1025 60.8605
440 50.1025 60.8605
471 50.1025 60.8605
210 50.1025 60.8605
453 50.1143 60.9965
282 50.1245 61.114
216 50.1342 61.2271
281 50.1435 61.3344
370 50.1539 61.4543
513 50.6835 67.5723
743 50.9451 70.5942
561 51.402 75.8719
894 51.5839 75.9872
144 51.7781 76.1102
350 51.9918 76.2455
540 52.2401 76.4028
986 52.7203 76.7069
82 53.2103 77.0173
484 53.7466 77.357
904 55.7797 78.6447
582 56.5397 79.1261
744 57.4097 79.6772
921 57.3425 79.8411
880 57.2766 80.002
94 57.219 80.1425
248 57.1581 80.2911
769 57.1068 80.4162
208 57.0534 80.5465
229 56.9754 80.7368
605 56.9018 80.9166
632 56.7075 81.3906
530 56.4912 81.9184
432 56.3311 82.309
832 56.1356 82.7861
179 55.9043 83.3503
369 55.6967 83.857
12 55.4842 84.3755
335 55.2745 84.8872
567 55.0552 85.4222
18 54.8397 85.9481
434 54.1804 87.5566
800 54.137 87.2575
931 54.1078 87.0563
516 54.0812 86.8734
952 54.0502 86.6599
690 54.0152 86.4189
40 53.9778 86.1612
887 53.9379 85.8863
395 53.8974 85.6074
782 53.8582 85.3378
460 53.8236 85.0997
636 53.8236 85.0997
91 53.8236 85.0997
378 53.5724 85.2185
895 53.2513 85.3703
245 52.9426 85.5162
562 52.6452 85.6568
563 52.3865 85.7791
826 52.1308 85.9
659 51.8767 86.0201
406 51.6498 86.1273
774 51.4229 86.2346
861 51.2068 86.3367
754 50.9882 86.4401
801 50.7719 86.5424
259 49.9429 86.9343
896 49.0085 87.376
649 48.1005 87.8052
564 48.0871 87.9628
575 48.0721 88.1377
961 48.0485 88.4139
118 48.0326 88.6001
814 48.0167 88.7855
126 48.0015 88.9642
280 47.9838 89.1709
851 47.962 89.4253
305 47.9412 89.6686
947 47.922 89.8933
408 47.9012 90.137
980 47.8802 90.3829
584 47.8598 90.6217
202 47.8587 90.6342
367 47.8576 90.6469
344 47.8565 90.66
618 47.8555 90.6713
23 47.8545 90.6828
940 47.8537 90.6923
642 47.8527 90.7037
415 47.8516 90.7174
624 47.8503 90.7327
105 47.8492 90.7453
449 47.8482 90.7567
129 47.8472 90.7686
62 47.846 90.7825
532 47.8448 90.7963
72 47.8438 90.8085
559 47.8811 90.8575
763 47.9165 90.904
882 47.9561 90.9561
5 47.9893 90.9998
746 48.0224 91.0433
375 48.0563 91.0879
856 48.0928 91.1358
911 48.1225 91.1749
313 47.6953 90.9918
389 47.2253 90.7905
541 46.796 90.6065
539 46.2966 90.3925
22 45.8361 90.1952
807 45.4541 90.0315
738 45.1462 89.8996
239 44.8734 89.7827
231 44.5736 89.6543
511 44.3662 89.5654
53 44.0662 89.4368
437 43.7755 89.3123
866 43.5114 89.1991
766 43.2233 89.0757
974 42.915 88.9436
165 41.6679 88.1628
786 39.7949 86.9902
256 39.7452 86.7919
707 39.7 86.6118
872 39.6478 86.4035
60 39.6111 86.2573
672 39.6292 86.2554
2 39.6479 86.2535
976 39.6679 86.2514
226 39.687 86.2494
270 39.7075 86.2472
193 39.7306 86.2448
536 39.7515 86.2426
320 39.7688 86.2408
215 39.7833 86.2393
918 39.7983 86.2377
319 39.8168 86.2358
614 39.8322 86.2342
806 39.8485 86.2324
241 39.8678 86.2304
206 39.8875 86.2284
292 39.905 86.2265
416 39.9241 86.2245
156 39.9435 86.2225
146 39.9809 86.0473
309 40.0216 85.8566
713 40.0647 85.655
140 40.1149 85.4195
877 40.1149 85.4195
428 40.1149 85.4195
120 40.1149 85.4195
172 40.0385 84.7225
124 39.9534 83.9467
840 39.9 83.4593
343 39.8497 83.0007
253 39.787 82.4289
596 39.0872 76.0479
910 38.9676 74.9574
878 38.8678 74.0473
755 38.7827 73.272
189 38.6645 72.1937
591 38.4823 70.5323
715 38.3124 68.983
225 38.1576 67.572
599 37.9823 65.9731
903 38.0898 65.8394
689 38.2077 65.6927
56 38.492 65.3391
163 38.7655 64.9989
264 39.0448 64.6515
171 39.2742 64.3661
732 39.5281 64.0504
922 39.7567 63.766
912 39.9632 63.5091
390 40.1686 63.2536
175 40.4869 62.8577
798 40.8344 62.4254
804 41.1046 62.0893
765 41.3727 61.7559
54 41.6494 61.4117
365 41.9292 61.0637
459 42.2507 60.6637
533 42.592 60.2392
523 42.9212 59.8298
683 43.359 59.2852
468 43.8642 58.6568
180 43.8911 58.5998
89 43.9149 58.5495
127 43.9403 58.4956
101 43.9642 58.445
161 43.9864 58.3981
235 44.0083 58.3516
498 44.0333 58.2987
410 44.055 58.2527
676 44.079 58.2021
104 44.1036 58.1499
621 44.1318 58.0903
597 44.1583 58.0342
923 44.1833 57.9812
493 44.2049 57.9355
291 44.5852 57.1305
576 45.4992 55.1954
989 46.8275 52.3833
519 46.8765 52.2796
843 46.9285 52.1695
716 46.9809 52.0585
356 47.0204 51.9749
188 47.0554 51.9008
35 47.094 51.8192
472 47.8671 50.1824
194 48.5963 48.6387
342 49.3839 46.9712
978 50.3135 45.0032
27 51.0569 43.4294
844 51.1196 43.2968
63 51.1811 43.1666
276 51.2426 43.0363
848 51.3073 42.8993
945 51.3756 42.7547
870 51.4551 42.5864
675 51.5321 42.4235
262 51.5849 42.3117
217 51.6479 42.1783
357 51.7097 42.0474
781 51.7152 40.662
906 51.716 40.4604
458 51.7168 40.2407
69 51.7176 40.0385
197 51.7186 39.7964
828 51.7196 39.5483
751 51.7204 39.3277
935 51.7212 39.1318
19 51.722 38.9332
66 51.7227 38.7437
634 51.7235 38.5433
594 51.7243 38.3445
358 51.7252 38.1289
43 51.726 37.9232
875 51.7268 37.7036
377 51.7279 37.4337
55 51.729 37.1589
821 51.7299 36.923
6 51.1331 36.3214
785 50.5844 35.7682
250 50.0465 35.2261
419 49.535 34.7105
164 49.5217 34.7199
586 49.5079 34.7296
355 49.4947 34.7389
934 49.4823 34.7476
289 48.9585 35.1356
865 48.3958 35.5525
209 47.7953 35.9973
421 47.1268 36.4925
681 46.5221 36.9405
930 45.7642 37.5019
522 44.5764 38.3819
492 44.5764 38.3819
452 43.3999 38.1714
566 42.1673 37.9508
853 41.0168 37.7449
917 39.9342 37.5512
278 38.7635 37.3417
811 38.0149 37.2078
257 37.4334 37.1037
7 36.7661 36.9843
692 36.1141 36.8677
679 35.3803 36.7364
191 34.7373 36.6213
160 34.028 36.4944
829 33.2563 36.3563
38 33.0964 36.3277
687 32.9279 36.2975
205 32.748 36.2653
790 32.6064 36.24
307 32.4179 36.2063
822 32.4179 36.2063
354 32.1614 36.4711
65 30.8663 37.8083
125 30.5478 38.1372
549 31.0375 39.1353
269 31.6865 40.458
147 32.0304 41.159
155 32.2522 41.6112
480 32.3808 41.8732
862 32.5137 42.1441
529 32.6344 42.3901
512 32.7882 42.7035
302 32.7882 42.7035
49 32.7882 42.7035
783 32.7882 42.7035
603 32.7882 42.7035
237 32.7882 42.7035
121 27.9088 39.9522
943 25.9876 38.8689
525 26.1773 39.6477
619 26.3315 40.2809
486 26.4567 40.7949
758 26.6281 41.4987
475 26.7146 41.8536
32 26.796 42.1879
397 26.8911 42.5781
664 26.9819 42.951
706 27.0784 43.3473
748 27.1709 43.7268
37 27.261 44.0967
413 27.3544 44.4803
438 27.4377 44.8222
535 27.523 45.1724
655 27.6063 45.5144
612 27.6969 45.8866
956 27.9279 46.8348
11 28.0064 47.1571
543 28.0931 47.5129
508 28.1792 47.8664
633 28.264 48.2144
151 28.34 48.5268
414 28.4346 48.915
388 28.5402 49.3486
545 28.6666 49.8673
688 28.7766 50.319
913 28.883 50.7557
461 28.9974 51.2256
809 28.5619 52.1047
778 28.2755 52.6828
267 27.9444 53.3511
876 27.6634 53.9184
349 27.2495 54.7539
839 26.9859 55.286
30 26.713 55.8368
451 26.4106 56.4471
891 26.1584 56.9562
137 25.8373 57.6044
929 25.5416 58.2012
720 25.174 58.9432
965 24.8441 59.6092
645 24.5635 60.1756
927 24.2554 60.7974
635 24.0042 61.3045
735 23.9687 61.1828
924 23.9397 61.0837
327 23.9073 60.9727
600 23.8706 60.8472
908 23.8085 60.6348
324 23.7928 60.7661
733 23.775 60.9151
901 23.7586 61.0529
233 23.7429 61.1841
756 23.7267 61.3202
510 23.7099 61.4605
142 23.6928 61.6039
691 23.6301 62.1295
601 23.561 62.7083
772 23.5019 63.204
957 23.4432 63.6954
705 23.3822 64.2067
640 23.309 64.8201
99 23.2227 65.5428
220 23.1545 66.1142
119 23.0987 66.5822
701 23.0755 66.7762
524 23.0547 66.9509
552 23.0327 67.135
275 23.0112 67.3154
34 22.9908 67.4858
526 22.9668 67.6874
788 22.9457 67.8643
81 22.9214 68.0673
897 22.8984 68.2601
981 22.8736 68.4681
729 22.8429 68.7256
886 22.8042 69.0499
888 22.8042 69.0499
502 22.8042 69.0499
726 22.8042 69.0499
132 22.8042 69.0499
796 22.8042 69.0499
970 22.8042 69.0499
97 22.8553 69.1234
429 22.9148 69.2088
339 22.9755 69.2961
443 23.0316 69.3767
308 23.0837 69.4516
587 23.1304 69.5187
946 23.1769 69.5855
503 23.2219 69.6501
697 24.248 71.1246
500 24.9122 72.079
950 26.0916 73.7738
360 27.4277 75.6936
501 27.5316 75.8009
223 27.6445 75.9173
326 27.7412 76.017
21 27.8503 76.1297
296 27.9604 76.2432
604 28.0589 76.3448
266 28.1576 76.4467
404 28.2661 76.5586
41 28.3577 76.6531
359 28.4483 76.7465
76 28.5453 76.8466
333 28.6343 76.9384
537 28.7252 77.0323
479 28.818 77.1279
252 28.9292 77.2427
571 29.0279 77.3445
574 29.1317 77.4516
141 29.2423 77.5656
971 29.3358 77.6621
730 29.4837 77.8147
80 29.6393 77.9752
294 31.8061 83.6085
454 31.8061 83.6085
724 31.8061 83.6085
919 31.8368 83.6943
662 31.8647 83.7724
789 31.8926 83.8505
550 32.0339 84.246
96 32.2162 84.7561
954 32.3761 85.2037
578 32.5507 85.6923
885 32.7909 86.3648
757 33.0333 87.043
394 33.3878 88.0353
44 33.7305 88.9945
92 34.0043 89.7607
167 34.2754 90.5195
430 34.6879 91.6742
874 34.6879 91.6742
392 34.0786 91.5173
409 33.4495 91.3552
418 32.9218 91.2193
73 32.5191 91.1156
773 32.124 91.0138
752 31.7637 90.921
470 31.3023 90.8022
753 30.7903 90.6703
833 30.7178 90.6516
696 30.6541 90.6352
795 30.5938 90.6197
871 30.529 90.603
638 30.4865 90.592
181 30.4462 90.5816
265 30.3897 90.5671
448 30.2697 90.5362
569 30.1417 90.5032
139 29.9858 90.4631
271 29.7531 90.4031
548 29.5223 90.3437
960 29.2717 90.2791
230 29.0108 90.2119
761 28.7115 90.1348
441 28.4384 90.0645
933 28.1927 90.0012
306 27.9994 89.9514
714 27.8 89.9001
36 27.6327 89.857
20 27.4708 89.8153
613 27.3031 89.7721
150 27.0157 89.698
808 26.7206 89.622
593 26.3857 89.5358
611 26.0944 89.4608
768 25.7645 89.3758
631 25.4426 89.2929
521 25.0845 89.2006
859 24.7313 89.1097
227 24.3584 89.0136
712 24.0908 88.9447
16 23.851 88.8829
610 23.5812 88.8134
490 23.2947 88.7396
244 22.9911 88.6614
288 22.7259 88.5931
424 22.4592 88.5244
487 22.1838 88.4535
651 21.9875 88.4029
15 21.774 88.348
491 21.5648 88.2941
456 21.3285 88.2332
982 21.0702 88.1667
695 20.8916 88.1207
1 20.7037 88.0723
28 20.7037 88.0723
50 20.1349 87.7095
658 19.5489 87.3357
431 18.6072 87.3276
95 17.5756 87.3188
973 16.7428 87.3116
236 15.9617 87.3049
399 15.3389 87.2996
88 14.7505 87.2945
58 14.1019 87.289
178 13.2958 87.282
184 13.1463 87.2807
608 12.983 87.2793
168 12.7813 87.2776
115 12.5226 87.2754
557 12.2199 87.2728
815 11.9151 87.2702
93 11.6288 87.2677
304 11.3112 87.265
759 10.9751 87.2621
263 10.6941 87.2597
728 10.4349 87.2575
401 10.2762 87.6506
436 10.1218 88.0331
435 9.9418 88.4789
585 9.88604 88.617
953 9.83383 88.7463
827 9.77905 88.882
199 9.7312 89.0005
568 9.68236 89.1215
988 9.63296 89.2439
48 9.63296 89.2439
380 9.63296 89.2439
446 9.63296 89.2439
301 9.63296 89.2439
316 9.63296 89.2439
200 9.63296 89.2439
13 9.63296 89.2439
693 9.63296 89.2439
138 9.63296 89.2439
183 9.63296 89.2439
17 9.63296 89.2439
776 9.63296 89.2439
447 9.64071 89.2139
462 9.64888 89.1822
368 9.65695 89.1509
386 9.65635 89.1431
442 9.65575 89.1354
750 9.65519 89.1282
711 9.65453 89.1197
792 9.65379 89.1103
637 9.65312 89.1016
169 9.65244 89.0929
718 9.6518 89.0847
108 9.65117 89.0766
736 9.65056 89.0688
914 9.64997 89.0612
153 9.64936 89.0533
405 9.64878 89.0459
106 9.64816 89.0379
39 9.64749 89.0293
213 9.64677 89.0201
249 9.62991 88.8035
955 9.61307 88.5873
699 9.59865 88.402
364 9.58404 88.2144
495 9.56901 88.0213
803 9.55409 87.8297
469 9.53836 87.6276
203 9.52386 87.4414
969 9.51061 87.2712
905 9.49546 87.0766
426 9.48114 86.8926
547 9.46773 86.7205
444 9.45358 86.5387
892 9.43944 86.3571
780 9.42531 86.1755
615 9.41198 86.0043
830 9.39929 85.8414
719 9.38815 85.6982
678 9.37676 85.552
300 9.36354 85.3821
868 9.3509 85.2199
374 9.21225 83.4389
325 9.09595 81.9451
694 8.97132 80.3442
556 8.95004 80.0709
991 8.9294 79.8059
546 8.90963 79.5519
890 8.88885 79.2849
570 8.86885 79.0281
346 8.84878 78.7703
825 8.82954 78.5231
560 8.80972 78.2685
247 8.78959 78.01
860 8.75525 77.569
916 8.72337 77.1595
628 8.58275 75.3533
589 8.27316 71.3767
298 8.27316 71.3767
948 8.27316 71.3767
31 8.27316 71.3767
799 8.27316 71.3767
703 8.27316 71.3767
400 8.27316 71.3767
192 8.27316 71.3767
113 8.27316 71.3767
686 8.27316 71.3767
321 8.27316 71.3767
607 8.27316 71.3767
162 8.27316 71.3767
551 8.27316 71.3767
639 8.27316 71.3767
657 8.27316 71.3767
784 8.27316 71.3767
457 8.27316 71.3767
966 8.27316 71.3767
224 8.27316 71.3767
433 8.27316 71.3767
398 8.27316 71.3767
517 8.27316 71.3767
747 8.27316 71.3767
77 8.27316 71.3767
277 8.27316 71.3767
717 8.27316 71.3767
255 8.27316 71.3767
939 8.27316 71.3767
371 8.27316 71.3767
347 8.27316 71.3767
207 8.27316 71.3767
734 8.27316 71.3767
427 8.27316 71.3767
381 8.27316 71.3767
75 8.27316 71.3767
667 8.27316 71.3767
554 8.27316 71.3767
90 8.27316 71.3767
944 8.31593 71.2867
14 8.45041 71.004
445 8.57147 70.7494
240 8.69058 70.499
665 10.2413 67.2386
214 12.2256 63.0664
338 12.2622 62.9894
131 12.3023 62.9051
272 12.3396 62.8266
482 12.3781 62.7457
680 12.4162 62.6658
879 12.4559 62.5821
219 12.4977 62.4942
234 12.5426 62.3998
352 12.5893 62.3016
279 12.6226 62.2317
361 12.65 62.1742
760 12.7992 61.8605
376 12.9443 61.5552
130 13.0963 61.2356
3 13.2507 60.911
630 13.4142 60.5673
114 13.5926 60.1923
411 13.7772 59.8041
59 13.9822 59.373
739 13.9822 59.373
858 13.9822 59.373
505 13.9822 59.373
565 13.9822 59.373
938 13.9822 59.373
79 13.9822 59.373
182 13.9822 59.373
382 13.9822 59.373
422 13.7733 58.6938
391 13.5651 58.0166
196 13.5189 57.8666
329 13.4714 57.7118
507 13.4174 57.5363
336 13.3501 57.3174
846 13.2884 57.117
764 12.9479 56.0096
531 12.564 54.7615
616 12.02 52.9925
222 11.8238 52.3545
384 11.6367 51.7461
463 11.6367 51.7461
47 11.6367 51.7461
731 11.6367 51.7461
496 11.6367 51.7461
476 11.6367 51.7461
663 11.6367 51.7461
677 11.6367 51.7461
771 11.6367 51.7461
312 11.6367 51.7461
652 11.6367 51.7461
949 11.6367 51.7461
228 11.6367 51.7461
57 11.6367 51.7461
542 11.6367 51.7461
841 11.6367 51.7461
174 11.6367 51.7461
849 11.6367 51.7461
122 11.6367 51.7461
157 11.578 51.1965
166 11.5284 50.7309
534 11.4733 50.2149
708 11.4223 49.7368
925 11.3663 49.2119
341 11.2604 48.2193
100 11.1605 47.283
805 11.0513 46.2594
328 10.9256 45.081
303 10.9256 45.081
489 10.9256 45.081
749 10.9256 45.081
123 10.9256 45.081
218 10.9256 45.081
990 10.9256 45.081
373 10.9256 45.081
116 10.9256 45.081
499 10.9474 44.9761
770 10.9673 44.8806
958 10.9863 44.789
128 11.0028 44.7096
527 11.0199 44.6273
863 11.058 44.4442
10 11.092 44.2807
698 11.121 44.1416
972 11.1548 43.9788
283 11.2108 43.7096
403 11.2568 43.4882
154 11.306 43.2517
46 11.3587 42.9983
909 11.4076 42.7633
723 11.4627 42.4981
936 11.453 41.7948
797 11.4392 40.7919
78 11.4179 39.2537
148 11.3943 37.5441
673 11.3558 34.761
641 11.3435 33.866
710 11.339 33.5464
299 11.335 33.2506
330 11.3315 33.0015
86 11.3248 32.5168
212 11.3189 32.0899
423 11.3107 31.4965
985 11.2963 30.4534
700 11.2815 29.3794
87 11.2554 27.4898
187 11.209 24.135
455 11.209 24.135
741 11.209 24.135
794 11.209 24.135
898 11.209 24.135
902 11.351 23.9592
474 11.4634 23.8202
402 11.5658 23.6934
514 11.6631 23.5729
268 11.8237 23.3742
348 11.9834 23.1766
602 12.139 22.984
899 12.1577 22.6912
836 12.1761 22.4029
963 12.1966 22.0809
254 12.2192 21.7268
682 12.2384 21.426
674 12.2563 21.1449
588 12.2728 20.8861
133 12.2879 20.6499
412 12.308 20.3345
629 12.3279 20.0218
646 12.333 19.9426
258 12.3377 19.8686
61 12.3432 19.7834
572 12.3479 19.7083
4 12.3534 19.623
74 12.3835 19.151
331 12.4841 17.5739
722 12.6108 15.5871
812 12.6426 15.0896
362 13.2954 15.2872
366 14.0222 15.5071
211 14.6983 15.7116
8 15.4076 15.9262
881 16.0508 16.1209
488 17.8159 16.6549
661 20.2162 17.3812
709 22.8755 18.1859
246 24.1832 18.5815
626 25.3853 18.9453
643 26.3458 19.2359
669 27.4046 19.5563
310 28.6764 19.9411
351 29.3749 20.1524
407 30.114 20.376
287 30.6828 20.5482
363 30.7446 20.6519
64 30.8109 20.7631
284 30.8761 20.8725
787 30.942 20.9831
834 31.0015 21.0828
111 31.0506 21.1653
337 31.102 21.2516
824 31.1555 21.3412
221 31.207 21.4276
702 31.2536 21.5059
439 31.3034 21.5894
915 31.3551 21.6762
704 31.401 21.7532
379 31.455 21.8438
883 31.5021 21.9228
869 31.5523 22.007
518 44.3375 17.6031
467 44.3375 17.6031
26 44.9518 17.5483
261 45.6252 17.4882
573 46.5344 17.4071
653 48.7344 17.2108
873 51.4124 16.9718
831 54.6163 16.6859
555 54.9419 16.6569
24 58.3174 16.3557
959 59.8001 16.2234
777 61.0469 16.1121
721 62.3884 15.9924
103 62.4363 15.9881
598 64.0136 16.3484
819 65.3316 16.6495
504 66.7946 16.9836
295 68.1697 17.2977
581 69.6584 17.6378
176 71.8573 18.14
