0,33,466,609,835,520,274,107,136,425,29,592,195,951,967,606,198,932,387,242,334,583,656,850,102,838,920,323,67,85,577,478,190,964,293,440,668,420,647,767,238,286,515,117,173,68,340,942,595,485,201,907,650,538,941,579,51,383,852,654,900,744,975,962,71,83,460,290,393,9,837,152,110,832,332,937,742,528,385,818,159,648,506,977,204,684,884,497,170,450,660,685,889,25,311,725,372,864,854,983,322,740,473,820,928,285,893,813,135,494,817,666,158,620,318,580,353,251,823,622,417,775,801,317,931,395,481,845,297,465,145,273,584,156,477,149,42,185,544,52,856,737,541,992,911,40,434,313,464,344,896,882,624,23,105,511,367,567,774,984,335,618,12,575,369,415,887,816,140,980,851,177,202,516,536,62,392,206,539,408,713,241,530,320,763,118,5,449,181,738,746,389,707,874,952,766,305,866,559,532,961,569,613,139,73,92,437,880,245,375,649,165,239,947,877,179,806,343,642,614,773,807,406,561,894,230,319,144,94,280,91,940,563,814,826,662,215,769,394,861,292,840,248,229,802,636,659,513,754,259,755,378,605,208,109,671,690,18,509,987,847,762,867,727,782,986,798,432,632,800,921,315,112,904,540,564,193,126,410,84,82,895,453,350,523,779,281,282,468,80,582,804,857,558,617,225,161,235,210,676,910,533,56,175,459,484,743,732,365,968,683,216,134,471,621,264,370,163,291,461,855,454,640,724,104,912,591,137,839,501,576,171,809,715,720,21,976,596,99,729,404,601,524,574,878,587,79,390,493,308,788,537,957,267,162,361,479,443,398,272,400,604,950,97,503,436,31,550,948,657,860,780,374,346,178,14,667,482,220,551,680,615,639,381,944,570,203,48,444,457,890,240,560,728,546,433,277,759,90,75,360,447,301,693,719,325,167,933,88,368,183,431,58,815,916,495,608,1,726,244,296,76,249,441,13,236,399,955,28,490,672,697,825,253,424,2,469,885,871,761,150,696,786,93,326,339,658,168,571,638,16,41,635,578,730,757,487,600,266,327,689,252,226,888,470,918,189,141,954,333,562,129,256,548,795,231,294,60,288,872,223,270,124,521,72,20,631,960,593,36,265,416,22,271,448,752,610,409,808,96,919,146,120,418,172,859,309,428,974,53,695,712,435,115,753,711,199,44,446,776,50,15,306,456,611,491,714,430,462,768,750,304,651,227,108,153,718,982,969,557,95,637,892,247,868,568,833,17,442,200,316,138,106,699,827,380,405,213,988,263,364,169,401,386,628,792,39,547,953,736,426,973,914,585,300,886,184,678,803,905,554,207,607,224,939,517,879,556,991,694,234,630,119,321,81,429,131,830,760,371,445,734,427,338,113,946,275,927,526,552,924,772,701,665,717,846,739,3,796,686,531,352,255,764,192,376,500,502,114,970,77,966,298,799,708,122,849,784,347,589,100,489,496,166,527,219,196,691,677,925,735,329,565,797,858,603,422,349,599,545,451,507,510,34,705,981,908,956,698,938,132,130,971,233,789,756,901,411,903,733,965,359,897,645,382,30,147,922,778,127,633,929,413,522,237,59,891,876,989,414,543,269,403,475,89,688,706,525,391,535,771,829,302,616,700,10,182,423,228,549,32,78,770,324,508,174,664,476,384,909,222,652,279,218,936,805,972,542,758,663,505,534,747,142,303,336,703,154,749,47,312,46,116,328,123,990,841,373,341,148,212,731,499,57,157,463,214,128,985,863,4,794,963,898,330,673,87,86,949,943,612,958,283,641,514,268,869,679,397,438,655,125,572,710,133,354,836,74,258,741,299,412,682,629,61,722,362,331,646,455,187,488,674,588,881,348,366,812,402,661,8,254,211,474,64,702,709,121,915,439,284,160,704,221,111,246,278,65,824,899,902,26,379,643,351,363,822,261,573,407,669,310,467,287,653,337,518,419,934,250,626,883,164,209,289,480,586,421,151,692,853,834,935,602,307,205,37,787,191,486,687,529,388,811,723,913,11,180,7,566,38,862,716,783,748,49,917,512,619,356,66,155,790,342,472,492,875,844,262,452,194,54,765,597,519,791,396,625,623,793,843,810,35,188,143,70,842,101,923,498,644,217,594,276,675,848,186,930,681,785,19,377,945,69,197,865,257,27,55,873,555,828,751,63,45,358,314,978,553,745,43,634,357,458,670,926,232,355,781,821,870,906,831,6,777,819,103,24,176,504,581,295,959,598,260,721,979,483,243,590,627,98,345,
value : 565.986 running time : 24.593594
0 80 20
33 80.3788 30.7702
466 80.5622 35.9816
609 80.6364 38.0909
835 80.6936 39.7173
520 80.7511 41.3507
274 80.8533 44.2563
107 81.0111 48.7435
136 80.2012 49.1056
425 79.3041 49.5066
29 78.5208 49.8568
592 77.7964 50.1807
195 77.0735 50.5039
951 76.3577 50.8239
967 74.8676 51.4901
606 73.3262 52.1792
198 73.3262 52.1792
932 73.3262 52.1792
387 73.3262 52.1792
242 73.3262 52.1792
334 73.3262 52.1792
583 73.3262 52.1792
656 73.3262 52.1792
850 73.3262 52.1792
102 73.3262 52.1792
838 73.3262 52.1792
920 73.3262 52.1792
323 73.3262 52.1792
67 67.8032 58.2334
85 66.1335 60.0637
577 65.2731 61.0069
478 65.291 61.0953
190 65.3069 61.1737
964 65.3233 61.2549
293 65.3396 61.3352
440 65.3579 61.4254
668 65.3746 61.5079
420 65.3895 61.5814
647 65.4046 61.6558
767 65.4193 61.7285
238 65.4356 61.8093
286 65.4502 61.8812
515 65.4671 61.9645
117 65.4818 62.0371
173 65.5598 62.4222
68 65.6207 62.7229
340 65.6816 63.0236
942 65.7327 63.2756
595 65.794 63.5784
485 65.85 63.8547
201 65.9194 64.1974
907 65.9791 64.4923
650 66.0442 64.8133
538 66.1056 65.1165
941 66.1776 65.4718
579 66.2723 65.9393
51 66.3406 66.2766
383 66.3949 66.5445
852 66.4294 66.7151
654 66.4674 66.9024
900 66.5032 67.0795
744 66.5404 67.2627
975 66.5729 67.4231
962 66.6072 67.5927
71 66.6443 67.7758
83 66.6669 67.8872
460 66.6852 67.9777
290 66.7038 68.0697
393 66.7221 68.16
9 66.7436 68.2659
837 67.1667 68.5504
152 67.5246 68.791
110 67.8762 69.0274
832 68.2182 69.2573
332 72.0109 71.8072
937 74.1235 73.2276
742 76.0322 74.5108
528 76.3353 74.2551
385 76.5891 74.041
818 76.8053 73.8586
159 77.0422 73.6587
648 78.3722 72.5366
506 82.9326 68.6892
977 83.9152 67.8602
204 84.6882 67.208
684 85.7212 66.3364
884 86.6895 65.5195
497 86.6895 65.5195
170 86.6802 66.0944
450 86.6048 70.7489
660 86.5423 74.6055
685 86.4795 78.4792
889 86.4628 79.5122
25 86.4628 79.5122
311 86.4628 79.5122
725 86.4628 79.5122
372 86.4628 79.5122
864 83.1514 84.345
854 81.1269 87.2998
983 80.5018 88.2121
322 80.4331 88.3124
740 80.3633 88.4142
473 80.2765 88.541
820 80.1818 88.6792
928 80.0983 88.8011
285 78.5165 89.0088
893 77.6781 89.1189
813 76.7571 89.2399
135 75.9572 89.3449
494 75.0331 89.4663
817 74.0046 89.6014
666 73.5012 89.6675
158 72.9603 89.7385
620 72.4109 89.8107
318 71.9602 89.8699
580 71.525 89.927
353 71.0454 89.99
251 70.5553 90.0544
823 70.0972 90.1145
622 69.6556 90.1725
417 69.2558 90.225
775 68.1556 90.3695
801 66.545 90.581
317 66.028 90.6489
931 65.5679 90.7094
395 65.1442 90.765
481 64.7617 90.8152
845 64.189 90.8904
297 63.5562 90.9735
465 62.9368 91.0549
145 62.1648 91.1563
273 61.2692 91.2739
584 60.3045 91.4006
156 59.4063 91.5185
477 59.4063 91.5185
149 59.4063 91.5185
42 59.1203 91.4774
185 58.8265 91.4352
544 58.5548 91.3961
52 58.2018 91.3454
856 57.7709 91.2834
737 57.3641 91.2249
541 56.9574 91.1664
992 56.773 91.1399
911 56.5512 91.108
40 56.3182 91.0745
434 56.1082 91.0444
313 55.9092 91.0157
464 55.7263 90.9894
344 55.4823 90.9544
896 55.2463 90.9204
882 55.015 90.8872
624 54.7913 90.855
23 54.5698 90.8232
105 54.3355 90.7895
511 54.1414 90.7616
367 53.9615 90.7357
567 53.782 90.7099
774 53.5547 90.6772
984 53.3605 90.6493
335 53.1298 90.6161
618 52.9012 90.5832
12 52.6888 90.5527
575 52.4746 90.5219
369 52.24 90.4882
415 51.9993 90.4536
887 51.7769 90.4216
816 51.5532 90.3894
140 51.2959 90.3524
980 51.0723 90.3203
851 50.8358 90.2863
177 50.6145 90.2545
202 50.0227 90.1694
516 49.3205 90.0684
536 48.6574 89.9731
62 48.0089 89.8798
392 47.2122 89.7653
206 47.0424 89.7409
539 46.8761 89.717
408 46.722 89.6948
713 46.547 89.6697
241 46.3603 89.6428
530 46.2125 89.6216
320 46.0612 89.5998
763 45.901 89.5768
118 45.7543 89.5557
5 45.5552 89.5271
449 45.3477 89.4972
181 45.1565 89.4697
738 44.9809 89.4445
746 44.8384 89.424
389 44.6654 89.3991
707 44.49 89.3739
874 44.3535 89.3543
952 44.2165 89.3346
766 44.0348 89.3085
305 43.876 89.2856
866 43.7096 89.2617
559 43.5477 89.2384
532 43.3875 89.2154
961 43.1994 89.1883
569 42.5495 89.0949
613 41.9343 89.0065
139 41.4123 88.9314
73 40.8507 88.4568
92 41.1606 87.9173
437 41.511 87.3073
880 41.8511 86.7152
245 41.918 86.5986
375 41.9741 86.501
649 42.0469 86.3744
165 42.1137 86.2581
239 42.1902 86.1248
947 42.2735 85.9799
877 42.3406 85.8631
179 42.4273 85.7121
806 42.4925 85.5985
343 42.5667 85.4693
642 42.6477 85.3283
614 42.7157 85.21
773 42.7802 85.0977
807 43.0507 84.6267
406 43.3087 84.1776
561 43.5568 83.7458
894 43.8216 83.2848
230 43.844 83.2458
319 43.8748 83.1922
144 43.9077 83.1348
94 43.9368 83.0842
280 43.9602 83.0434
91 43.9848 83.0006
940 43.9848 83.0006
563 43.9848 83.0006
814 43.9848 83.0006
826 43.9848 83.0006
662 43.9848 83.0006
215 44.7534 82.51
769 45.6227 81.955
394 45.8875 81.786
861 46.2498 81.5547
292 46.5617 81.3557
840 46.9365 81.1164
248 47.3732 80.8376
229 47.805 80.562
802 48.1223 80.3594
636 48.4243 80.1666
659 48.7338 79.969
513 49.0898 79.7418
754 49.4065 79.5396
259 49.7593 79.3144
755 50.1047 79.0939
378 50.5214 78.8279
605 50.5928 78.7823
208 50.5928 78.7823
109 50.5928 78.7823
671 50.5928 78.7823
690 50.5928 78.7823
18 53.2023 76.4328
509 54.2406 75.498
987 55.1146 74.7112
847 55.9736 73.9378
762 56.7719 73.219
867 57.528 72.5383
727 56.84 72.3887
782 55.8094 72.1647
986 54.9386 71.9754
798 54.2052 71.8159
432 54.1202 71.7975
632 54.0259 71.777
800 53.9362 71.7575
921 53.8393 71.7364
315 53.751 71.7172
112 53.6559 71.6965
904 53.5614 71.676
540 51.3897 71.2039
564 50.6152 71.0355
193 50.0408 70.9107
126 49.7538 70.7025
410 49.4025 70.4478
84 49.135 70.2537
82 48.8695 70.0611
895 48.5 69.7932
453 48.0656 69.4781
350 47.6093 69.1472
523 47.1799 68.8358
779 46.7887 68.5521
281 46.4099 68.2773
282 46.1815 68.1117
468 45.9313 67.9302
80 45.6478 67.7246
582 45.4044 67.5481
804 44.954 67.2214
857 44.6077 66.9703
558 44.0855 66.5915
617 43.6168 66.2516
225 43.0184 65.8176
161 42.4727 65.4218
235 41.6415 64.8189
210 40.6371 64.0904
676 40.6371 64.0904
910 40.6371 64.0904
533 40.6371 64.0904
56 40.6371 64.0904
175 40.6371 64.0904
459 40.6371 64.0904
484 40.6371 64.0904
743 40.6371 64.0904
732 40.6371 64.0904
365 40.6371 64.0904
968 40.6371 64.0904
683 40.5557 64.1207
216 40.4803 64.1488
134 40.393 64.1813
471 40.3196 64.2086
621 40.242 64.2375
264 40.1557 64.2696
370 40.067 64.3026
163 39.9723 64.3379
291 39.8871 64.3696
461 39.8094 64.3985
855 38.8558 64.7534
454 34.9848 66.1939
640 34.7815 66.2696
724 34.593 66.3397
104 34.4051 66.4097
912 34.1979 66.4868
591 33.9711 66.5712
137 33.7735 66.6448
839 33.5797 66.7169
501 33.3707 66.7946
576 33.2018 66.8575
171 32.9881 66.9371
809 32.7717 67.0176
715 32.5284 67.1081
720 32.252 67.211
21 32.0299 67.2937
976 31.8087 67.376
596 31.0875 67.6444
99 30.2028 67.9736
729 29.6141 68.1928
404 29.0208 68.4136
601 28.2476 68.7013
524 27.5688 68.9539
574 27.4167 69.0106
878 27.2636 69.0675
587 27.091 69.1318
79 26.9286 69.1922
390 26.7687 69.2517
493 26.608 69.3115
308 26.4093 69.3855
788 26.1841 69.4693
537 25.9474 69.5574
957 25.7463 69.6322
267 25.514 69.7187
162 23.5734 70.4409
361 22.7397 70.7512
479 21.998 71.0272
443 21.3002 71.287
398 20.5837 71.5536
272 19.8953 71.8098
400 19.2946 72.0334
604 18.7809 72.2246
950 17.9514 72.5333
97 17.0153 72.8817
503 16.1907 73.1885
436 15.4269 73.4728
31 15.1455 73.5775
550 14.9043 73.6673
948 14.5812 73.7876
657 14.2665 73.9047
860 13.9836 74.01
780 13.7153 74.1098
374 13.4352 74.2141
346 13.1597 74.3166
178 12.8659 74.426
14 12.7297 74.4767
667 12.5973 74.5259
482 12.5001 74.5621
220 12.3908 74.6028
551 12.2521 74.6544
680 12.1114 74.7068
615 11.9468 74.768
639 11.8066 74.8202
381 11.6732 74.8698
944 11.7183 75.062
570 11.7476 75.1869
203 11.7755 75.3056
48 11.8024 75.4203
444 11.8276 75.5278
457 11.8495 75.6214
890 11.8735 75.7235
240 11.8985 75.8301
560 11.9219 75.9301
728 11.9447 76.027
546 11.9691 76.1313
433 11.9912 76.2254
277 12.0129 76.3177
759 12.0398 76.4327
90 12.0641 76.5361
75 12.6207 77.5625
360 14.2867 80.635
447 15.7304 83.2975
301 15.8683 83.425
693 16.0123 83.558
719 16.1572 83.6919
325 16.4204 83.9352
167 16.7165 84.2088
933 16.8591 84.3406
88 16.9815 84.4537
368 17.1248 84.5862
183 17.2517 84.7034
431 17.366 84.809
58 17.4901 84.9237
815 17.6049 85.0298
916 17.7357 85.1507
495 17.8648 85.2699
608 17.9924 85.3879
1 18.116 85.5021
726 18.2445 85.6209
244 18.3999 85.7645
296 18.5684 85.9202
76 18.6865 86.0294
249 18.7924 86.1272
441 18.9067 86.2329
13 18.9067 86.2329
236 18.9067 86.2329
399 19.3496 86.3178
955 19.8719 86.418
28 22.7773 86.9754
490 22.9016 86.7951
672 23.0151 86.6306
697 23.1306 86.4632
825 23.2323 86.3158
253 23.3233 86.1839
424 23.4184 86.0461
2 23.5185 85.9009
469 23.6034 85.7779
885 23.6857 85.6585
871 23.7675 85.5401
761 23.9788 85.2338
150 24.2036 84.9079
696 24.4231 84.5896
786 24.659 84.2478
93 24.9404 83.8399
326 25.3349 83.2681
339 25.6857 82.7595
658 26.0331 82.256
168 26.3521 81.7937
571 26.6904 81.3032
638 26.7303 81.2455
16 26.7769 81.1778
41 26.8222 81.1122
635 26.8721 81.0399
578 26.9166 80.9753
730 26.9662 80.9035
757 27.0091 80.8412
487 27.0568 80.7721
600 27.1098 80.6953
266 27.1595 80.6233
327 27.2085 80.5523
689 27.9879 80.963
252 28.6898 81.3328
226 29.298 81.6533
888 29.7976 81.9166
470 30.6192 82.3495
918 31.0363 82.5693
189 31.4434 82.7838
141 31.8243 82.9845
954 32.1894 83.1769
333 32.6063 83.3966
562 33.2301 83.7253
129 33.131 83.9505
256 33.0371 84.1639
548 32.9422 84.3796
795 32.8573 84.5725
231 32.7796 84.7489
294 32.7118 84.903
60 32.4767 85.4371
288 32.2047 86.0552
872 32.0519 86.4024
223 31.8689 86.8182
270 31.6659 87.2794
124 31.2778 88.1612
521 30.4888 89.9538
72 30.4617 90.0154
20 30.431 90.0852
631 30.4034 90.1478
960 30.3779 90.2058
593 30.3527 90.2631
36 30.3322 90.3098
265 30.3125 90.3545
416 30.2757 90.3622
22 30.234 90.3709
271 30.1913 90.3799
448 30.1505 90.3885
752 30.1051 90.398
610 30.0547 90.4085
409 30.0111 90.4177
808 29.9728 90.4257
96 29.9326 90.4341
919 29.8935 90.4423
146 29.8536 90.4507
120 29.8078 90.4603
418 29.7632 90.4696
172 29.7266 90.4773
859 29.6826 90.4865
309 29.6473 90.4939
428 29.6017 90.5035
974 29.5629 90.5116
53 29.4508 90.5351
695 24.0126 91.6751
712 20.5778 92.395
435 17.5745 93.0246
115 17.5745 93.0246
753 17.5745 93.0246
711 17.5745 93.0246
199 17.5745 93.0246
44 17.5745 93.0246
446 17.5745 93.0246
776 17.5745 93.0246
50 17.5745 93.0246
15 17.5745 93.0246
306 17.5745 93.0246
456 17.5745 93.0246
611 17.5745 93.0246
491 17.3641 92.9428
714 17.1551 92.8616
430 16.9392 92.7777
462 16.6672 92.672
768 16.4282 92.5791
750 16.123 92.4605
304 15.8506 92.3547
651 15.6191 92.2647
227 15.334 92.1539
108 14.995 92.0222
153 14.7242 91.917
718 14.493 91.8271
982 14.2833 91.7456
969 14.0676 91.6618
557 13.8925 91.5938
95 13.6976 91.518
637 13.4968 91.44
892 13.3081 91.3667
247 13.1367 91.3001
868 12.9565 91.2301
568 12.8152 91.1751
833 12.6822 91.1235
17 12.5128 91.0576
442 12.3305 90.9868
200 12.1416 90.9134
316 11.9608 90.8431
138 11.7888 90.7763
106 11.6078 90.7059
699 11.4455 90.6429
827 11.2723 90.5756
380 11.1012 90.5091
405 10.9229 90.4398
213 10.7437 90.3702
988 10.7437 90.3702
263 10.7394 90.045
364 10.7356 89.7515
169 10.7318 89.4615
401 10.7283 89.1989
386 10.7249 88.943
628 10.7214 88.6749
792 10.7182 88.4278
39 10.7152 88.203
547 10.7117 87.9309
953 10.7082 87.6701
736 10.7046 87.3962
426 10.7011 87.1298
973 10.6982 86.9054
914 10.6948 86.6488
585 10.6913 86.3839
300 10.6811 85.6012
886 10.6719 84.9019
184 10.664 84.3023
678 10.6578 83.8285
803 10.6393 82.4263
905 10.6133 80.4466
554 10.5851 78.3131
207 10.5533 75.8995
607 10.5339 74.4218
224 10.5176 73.1806
939 10.4996 71.8175
517 10.4983 71.7145
879 10.497 71.6161
556 10.4957 71.5203
991 10.4943 71.4137
694 10.4927 71.2933
234 10.4912 71.1743
630 10.4912 71.1743
119 10.4912 71.1743
321 10.4912 71.1743
81 10.4912 71.1743
429 10.4912 71.1743
131 10.4912 71.1743
830 10.4912 71.1743
760 10.6762 70.8332
371 10.8057 70.5945
445 10.9365 70.3534
734 11.0835 70.0824
427 11.2226 69.826
338 11.3673 69.5593
113 11.5067 69.3022
946 11.6521 69.0342
275 11.8598 68.6513
927 12.0469 68.3063
526 12.0114 68.2049
552 11.9235 67.9538
924 11.8353 67.7018
772 11.7415 67.434
701 11.6637 67.2118
665 11.5689 66.9411
717 11.4776 66.6804
846 11.3986 66.4548
739 11.3081 66.1963
3 11.2213 65.9484
796 11.1424 65.7229
686 10.807 64.7649
531 10.4068 63.622
352 10.0953 62.7324
255 9.96501 62.8878
764 9.86533 63.0066
192 9.74425 63.151
376 9.62144 63.2975
500 9.49945 63.4429
502 9.39353 63.5693
114 9.29309 63.689
970 9.17799 63.8263
77 9.05777 63.9697
966 8.93975 64.1104
298 8.83287 64.2379
799 9.11201 63.5872
708 9.42572 62.856
122 9.65747 62.3159
849 9.68064 62.2973
784 10.3288 61.7766
347 10.9691 61.2624
589 11.9962 60.4374
100 12.9724 59.6533
489 13.896 58.9115
496 14.7263 58.2446
166 14.7263 58.2446
527 14.7873 58.2631
219 14.8864 58.2933
196 14.9771 58.3209
691 15.0668 58.3482
677 15.1557 58.3753
925 15.2464 58.4029
735 15.3332 58.4293
329 15.42 58.4557
565 15.5012 58.4804
797 15.5809 58.5047
858 18.4546 59.4385
603 22.2166 60.6609
422 22.2166 60.6609
349 22.2166 60.6609
599 22.2166 60.6609
545 22.2166 60.6609
451 22.2166 60.6609
507 22.2166 60.6609
510 22.2166 60.6609
34 22.2166 60.6609
705 22.2166 60.6609
981 22.2166 60.6609
908 22.2166 60.6609
956 22.3599 60.8181
698 22.5007 60.9725
938 22.6757 61.1645
132 22.8751 61.3832
130 23.0506 61.5757
971 23.2318 61.7745
233 23.3855 61.9431
789 23.5771 62.1533
756 23.8636 61.5371
901 24.0801 61.0713
411 24.2832 60.6346
903 24.5239 60.1167
733 24.7721 59.5829
965 25.0092 59.0729
359 25.2838 58.4823
897 25.6314 57.7345
645 26.0142 56.9112
382 26.436 56.0038
30 26.9217 54.9591
147 27.3957 53.9395
922 27.7893 53.093
778 28.1688 52.2766
127 28.5083 51.5465
633 28.4901 51.338
929 28.4738 51.15
413 28.4543 50.9261
522 28.4375 50.7328
237 28.4216 50.5498
59 28.405 50.359
891 28.3856 50.1365
876 28.3646 49.8947
989 28.344 49.658
414 27.848 49.3131
543 27.4164 49.0129
269 27.021 48.7379
403 26.5512 48.4112
475 26.1556 48.1361
89 25.8198 47.9026
688 25.3493 47.5754
706 24.8483 47.227
525 24.2201 46.7901
391 23.5806 46.3453
535 22.9535 45.9092
771 22.2703 45.4341
829 21.6613 45.0106
302 21.5992 45.0478
616 21.5397 45.0833
700 21.4846 45.1163
10 21.4263 45.1511
182 21.3676 45.1862
423 21.319 45.2153
228 21.2703 45.2444
549 21.2266 45.2706
32 20.9038 45.4636
78 20.5666 45.6652
770 20.219 45.8732
324 19.9745 46.0194
508 19.7338 46.1633
174 19.3828 46.3732
664 19.0945 46.5457
476 17.8635 47.2818
384 16.5916 48.0424
909 16.167 48.2963
222 15.7966 48.5178
652 15.4398 48.7312
279 15.0957 48.937
218 14.712 49.1664
936 14.4642 49.3146
805 14.2158 49.4632
972 13.9791 49.6047
542 13.7517 49.7407
758 13.5324 49.8719
663 13.2892 50.0173
505 12.9911 50.1956
534 12.7183 50.3588
747 12.4258 50.5337
142 12.3834 50.3851
303 12.3462 50.2552
336 12.3082 50.122
703 12.2699 49.9881
154 12.0495 49.217
749 11.8552 48.5374
47 11.6685 47.8841
312 11.4591 47.1513
46 11.2717 46.4958
116 11.1181 45.9582
328 10.8891 45.1569
123 10.8891 45.1569
990 10.8891 45.1569
841 10.8891 45.1569
373 10.8891 45.1569
341 10.8891 45.1569
148 10.8891 45.1569
212 10.8891 45.1569
731 10.8891 45.1569
499 10.8891 45.1569
57 10.8891 45.1569
157 10.8891 45.1569
463 10.8891 45.1569
214 10.8891 45.1569
128 11.0138 43.2
985 11.2171 40.0123
863 11.3553 37.8439
4 11.5336 35.0484
794 11.5816 34.2956
963 11.6133 33.7974
898 11.6133 33.7974
330 11.86 33.8741
673 12.1086 33.9514
87 12.3913 34.0393
86 12.6541 34.121
949 13.8215 34.4839
943 13.8215 34.4839
612 13.8215 34.4839
958 13.8215 34.4839
283 13.8215 34.4839
641 13.8215 34.4839
514 13.8215 34.4839
268 16.1029 34.1404
869 18.4909 33.7809
679 19.8261 33.5798
397 19.8261 33.5798
438 19.825 33.5773
655 19.4141 32.6173
125 18.7012 30.9518
572 17.8446 28.9505
710 17.2571 27.5779
133 16.7658 26.4302
354 16.3172 25.3821
836 15.7139 23.9727
74 15.0041 22.3145
258 14.6892 21.4101
741 14.3909 20.5534
299 14.1057 19.7342
412 13.7523 18.7192
682 13.4346 17.8068
629 13.1391 16.958
61 12.919 16.326
722 12.7261 15.7721
362 12.6894 15.6666
331 12.6515 15.5578
646 12.6064 15.4282
455 12.5668 15.3145
187 12.5182 15.1748
488 12.5182 15.1748
674 12.5182 15.1748
588 12.5182 15.1748
881 12.5182 15.1748
348 12.5182 15.1748
366 12.5182 15.1748
812 12.5182 15.1748
402 14.0007 16.0905
661 15.1961 16.8288
8 16.0999 17.387
254 17.1532 18.0375
211 18.0378 18.5839
474 19.426 19.4413
64 20.7801 20.2776
702 21.7449 20.8735
709 22.7573 21.4988
121 23.5294 21.9756
915 24.191 22.3843
439 24.8287 22.7781
284 25.5588 23.229
160 26.366 23.7276
704 26.366 23.7276
221 26.32 23.9694
111 26.2835 24.1614
246 26.2395 24.3926
278 26.1885 24.6605
65 26.1421 24.9049
824 26.9271 24.3516
899 27.6679 23.8294
902 28.5713 23.1927
26 29.6375 22.4412
379 30.2986 21.9753
643 30.9392 21.5237
351 31.7328 20.9644
363 32.2846 20.5755
822 32.7437 20.2519
261 33.2689 19.8817
573 33.8041 19.5045
407 34.3057 19.151
669 34.7381 18.8462
310 35.1514 18.5549
467 35.5505 18.2736
287 36.1464 17.8536
653 36.6525 17.4969
337 37.1077 17.176
518 37.6322 16.8064
419 38.6024 23.2289
934 38.6 23.263
250 38.5976 23.2954
626 38.5956 23.3241
883 38.5933 23.3558
164 38.5909 23.3902
209 38.1491 24.3381
289 37.2612 26.0066
480 35.996 28.3844
586 35.816 28.7227
421 35.6256 29.0803
151 35.4239 29.4594
692 35.3155 29.6631
853 35.2188 29.8449
834 35.1221 30.0265
935 35.0167 30.2247
602 34.9237 30.3995
307 34.8817 31.9969
205 34.7977 35.1901
37 34.732 37.6873
787 34.728 37.8378
191 34.7227 38.0412
486 34.7168 38.2664
687 34.71 38.5242
529 34.7037 38.7632
388 34.6967 39.0274
811 34.6903 39.2715
723 34.6833 39.5371
913 35.3527 40.2929
11 35.8475 40.8514
180 36.4619 41.5452
7 36.8937 42.0327
566 37.3936 42.597
38 37.8526 43.1152
862 38.3847 43.716
716 38.9098 44.3089
783 39.1806 44.6146
748 39.4774 44.9496
49 39.853 45.3737
917 40.197 45.7621
512 40.5763 46.1903
619 40.8978 46.5533
356 41.2918 46.9982
66 41.7018 47.461
155 41.8761 47.7437
790 42.0454 48.0181
342 42.2562 48.36
472 42.4495 48.6735
492 42.6364 48.9765
875 42.8087 49.2559
844 42.9253 49.445
262 43.2405 49.9561
452 43.4745 50.3355
194 43.7511 50.784
54 44.0695 51.3003
765 44.1359 51.4079
597 46.0169 51.3113
519 47.9401 51.2125
791 49.3831 51.1384
396 49.4867 51.0818
625 49.5762 51.0329
623 49.6601 50.9871
793 49.7368 50.9452
843 49.8169 50.9015
810 49.9 50.8561
35 50.93 49.825
188 52.6033 48.1502
143 54.7953 45.9561
70 54.7953 45.9561
842 54.7953 45.9561
101 54.7953 45.9561
923 54.7953 45.9561
498 54.7953 45.9561
644 54.6793 45.5759
217 54.5476 45.144
594 54.4233 44.7365
276 54.3051 44.349
675 54.1949 43.9876
848 54.0813 43.6151
186 53.9755 43.268
930 53.7857 42.6458
681 53.6004 42.0382
785 53.4386 41.5077
19 53.3306 41.1537
377 53.2331 40.8339
945 53.1349 40.5117
69 52.9921 40.0437
197 52.8308 39.5146
865 52.6701 38.9879
257 52.5354 38.5462
27 52.6564 38.452
55 52.7668 38.3659
873 52.8674 38.2876
555 53.6683 38.5927
828 54.8554 39.045
751 55.9332 39.4556
63 57.1792 39.9303
45 58.5415 40.4493
358 59.7443 40.9075
314 60.9702 41.3746
978 62.1345 41.8182
553 63.5069 42.341
745 63.4904 42.2978
43 63.4545 42.2042
634 63.4207 42.1156
357 63.3913 42.0388
458 63.3585 41.953
670 63.3336 41.888
926 63.3042 41.8109
232 63.2681 41.7166
355 63.2263 41.6073
781 63.1903 41.5131
821 63.159 41.4313
870 63.1292 41.3534
906 63.097 41.2693
831 65.2755 32.1538
6 66.2725 27.9818
777 67.8984 21.1783
819 68.4049 19.0587
103 69.5609 14.2217
24 69.5609 14.2217
176 69.5609 14.2217
504 69.5609 14.2217
581 69.5609 14.2217
295 69.5609 14.2217
959 69.5609 14.2217
598 72.53 14.6931
260 78.3766 15.6214
721 79.5895 15.814
979 82.6881 16.306
483 85.4402 16.7429
243 85.4851 18.0539
590 85.6261 22.1718
627 85.6261 22.1718
98 85.6261 22.1718
345 84.2056 21.6234
