0,483,979,260,345,627,243,520,33,590,98,926,592,323,466,274,745,232,29,609,920,835,670,195,553,951,967,425,198,656,838,143,941,102,842,850,644,852,684,136,334,884,387,932,497,506,242,528,170,977,107,372,204,889,25,450,725,685,660,311,332,928,983,135,854,473,158,159,893,494,740,318,775,742,322,820,580,620,149,813,817,567,992,177,622,823,285,481,666,417,353,42,544,864,251,145,477,273,52,71,83,465,378,464,648,937,297,845,818,654,385,671,201,110,383,931,579,340,605,51,744,900,847,152,867,208,668,67,595,762,440,727,975,460,290,18,837,432,650,515,420,832,904,962,395,987,801,9,509,583,190,468,161,968,907,632,676,173,68,393,597,519,793,35,188,798,70,942,498,282,577,262,286,964,396,117,923,538,767,84,623,293,85,238,791,485,478,647,101,216,357,625,810,606,945,43,452,906,848,342,276,621,155,675,492,69,186,843,472,930,356,875,512,438,989,194,397,862,535,543,413,566,391,664,37,783,11,522,414,388,706,619,525,302,688,180,891,687,876,508,147,748,38,633,59,913,459,732,30,765,720,596,645,839,603,957,390,359,576,56,281,510,308,809,264,324,104,49,461,778,683,922,735,269,471,705,545,756,733,507,382,54,237,210,127,410,137,171,34,571,729,79,724,89,370,929,912,493,788,599,291,901,349,640,267,365,910,175,80,976,779,804,715,523,533,252,743,591,878,21,558,484,513,802,755,404,855,617,800,614,248,662,649,563,270,562,134,235,921,582,91,769,453,294,369,540,986,894,225,144,163,315,350,94,840,406,215,179,782,112,109,857,226,541,229,82,202,584,23,816,185,305,335,165,887,320,880,259,408,437,713,375,193,511,561,126,313,317,754,896,62,851,105,532,536,40,618,367,575,984,774,826,156,12,516,140,343,763,344,280,245,415,642,746,952,947,206,911,564,624,434,895,118,690,940,636,737,530,319,861,856,129,980,961,882,659,548,613,389,449,539,866,271,752,292,309,738,239,814,807,53,766,874,416,5,559,974,2,73,241,773,96,808,918,22,146,181,139,223,265,76,696,672,36,885,424,141,795,490,833,651,877,919,189,231,470,569,230,707,120,960,249,28,448,394,20,72,167,454,638,428,757,92,253,954,172,431,786,610,776,183,462,697,409,115,578,430,441,60,368,93,491,695,456,521,753,306,859,58,15,714,41,17,44,806,871,256,611,288,392,150,761,296,16,418,768,593,750,227,631,988,50,435,719,213,827,973,446,153,236,200,263,380,13,868,547,247,792,203,628,360,495,442,444,637,803,447,953,678,39,914,585,718,138,199,982,969,106,386,568,693,570,401,169,780,316,916,108,240,364,557,905,426,1,90,469,301,405,711,944,95,991,546,556,300,712,736,304,178,75,399,699,436,815,325,615,433,955,892,48,31,321,933,502,886,694,503,298,830,326,338,524,717,361,400,759,277,639,487,890,554,88,443,551,946,924,552,482,939,119,966,457,346,686,734,339,970,220,560,657,445,796,500,680,131,667,207,255,224,374,879,398,162,948,739,3,81,630,607,219,728,860,381,168,427,114,665,799,272,517,411,333,244,604,635,184,429,825,689,329,971,587,600,113,950,888,275,526,574,789,601,479,537,327,658,726,550,99,701,501,965,124,872,730,608,376,956,846,903,132,927,266,192,77,130,897,142,218,760,938,97,14,234,336,347,531,352,772,214,371,784,303,589,764,182,858,652,527,233,451,925,703,747,805,505,849,475,981,909,422,908,698,47,691,122,341,797,677,708,770,128,972,116,196,489,279,565,841,166,423,476,542,157,100,731,758,222,373,330,499,749,463,148,700,328,174,949,212,125,32,46,57,655,312,534,936,78,496,403,771,228,616,943,723,958,863,283,123,10,384,154,990,663,898,514,963,572,258,985,836,268,86,74,710,133,65,4,87,794,588,812,187,673,629,682,881,362,331,366,722,348,741,61,412,674,211,646,455,299,661,254,402,669,488,474,8,602,246,643,337,518,351,287,883,822,573,653,310,261,704,363,626,26,407,284,111,612,354,899,64,486,915,709,869,439,641,529,702,151,787,160,902,205,278,221,811,467,829,121,834,480,191,679,7,549,307,824,379,934,197,257,917,63,355,790,853,681,66,692,594,586,865,555,377,27,716,844,55,250,209,421,751,785,828,358,458,634,821,831,6,978,419,164,45,217,870,935,19,873,289,314,819,781,24,777,959,176,581,598,504,295,103,721,
value : 425.504 running time : 286.110200
0 80 20
483 86.1415 17.4721
979 86.1295 17.5055
260 86.1166 17.5415
345 85.9288 18.0641
627 85.7341 18.6057
243 85.5098 19.2298
520 83.2386 25.5492
33 83.1209 25.8767
590 83.0136 26.1751
98 82.9157 26.4474
926 76.6497 43.1014
592 76.5703 43.3123
323 76.4936 43.5164
466 76.4183 43.7164
274 76.3442 43.9134
745 76.2635 44.1278
232 76.1783 44.3542
29 76.0987 44.5658
609 76.0191 44.7773
920 75.9374 44.9944
835 75.8628 45.1928
670 75.7641 45.4552
195 75.6713 45.7016
553 75.5761 45.9546
951 75.4929 46.1759
967 75.415 46.3829
425 75.3409 46.5798
198 75.2655 46.78
656 75.2093 46.9294
838 75.2093 46.9294
143 75.2093 46.9294
941 75.2093 46.9294
102 75.2093 46.9294
842 75.2093 46.9294
850 75.2093 46.9294
644 75.2093 46.9294
852 80.4575 55.2731
684 80.9573 56.0679
136 81.3756 56.733
334 81.8304 57.456
884 82.2911 58.1886
387 82.759 58.9325
932 83.3103 59.809
497 84.4312 61.5912
506 84.4788 62.0559
242 84.5268 62.524
528 84.5835 63.0773
170 84.6188 63.4221
977 84.665 63.8724
107 84.7144 64.3545
372 86.3225 80.0426
204 86.1515 80.3073
889 85.9822 80.5692
25 85.8689 80.7446
450 85.7581 80.9162
725 85.6092 81.1466
685 85.4927 81.327
660 85.3813 81.4993
311 85.2384 81.7204
332 85.0711 81.9794
928 80.9814 88.3092
983 80.6056 88.2847
135 80.1448 88.2547
854 79.7991 88.2322
473 79.5126 88.2135
158 79.1494 88.1899
159 78.8608 88.1711
893 78.5817 88.1529
494 78.2862 88.1337
740 77.9985 88.115
318 77.6781 88.0941
775 77.484 88.0815
742 77.3104 88.0702
322 77.1407 88.0591
820 76.9419 88.0462
580 76.7294 88.0323
620 71.754 86.5193
149 71.754 86.5193
813 71.754 86.5193
817 71.754 86.5193
567 71.754 86.5193
992 71.754 86.5193
177 71.738 86.4622
622 71.722 86.4052
823 71.7067 86.3505
285 71.6912 86.2952
481 71.6741 86.2342
666 71.6595 86.1821
417 71.6435 86.125
353 71.6301 86.077
42 71.6155 86.0251
544 71.6 85.9697
864 71.5828 85.9081
251 71.5678 85.8548
145 71.5506 85.7932
477 71.5342 85.7349
273 71.5182 85.6775
52 71.501 85.6163
71 71.4799 85.5408
83 71.4614 85.4748
465 71.4447 85.4153
378 71.4278 85.3549
464 71.4125 85.3002
648 71.0983 84.1783
937 70.7519 82.9415
297 70.4091 81.7177
845 70.0693 80.5042
818 69.5322 78.5864
654 68.983 76.6251
385 68.4506 74.724
671 68.1843 73.7729
201 67.9195 72.8277
110 67.8226 72.4817
383 67.7321 72.1586
931 67.7321 72.1586
579 67.7144 72.1038
340 67.6973 72.0508
605 67.681 72.0001
51 67.665 71.9505
744 67.6483 71.8988
900 67.6306 71.8437
847 67.6141 71.7928
152 67.5964 71.7379
867 67.5802 71.6875
208 67.5641 71.6379
668 67.5476 71.5866
67 67.5311 71.5356
595 67.5149 71.4852
762 67.4996 71.4377
440 67.4854 71.3936
727 67.4717 71.3514
975 67.4574 71.3071
460 67.444 71.2655
290 67.4296 71.2208
18 67.4157 71.1776
837 67.4 71.129
432 67.3844 71.0806
650 67.3683 71.0306
515 67.3538 70.9857
420 67.3401 70.9434
832 67.3287 70.9079
904 67.3157 70.8675
962 67.3025 70.8267
395 67.2905 70.7894
987 67.2756 70.7434
801 67.2616 70.6998
9 66.8938 69.5597
509 66.1276 67.1849
583 65.1914 64.2832
190 63.7572 64.1383
468 62.236 63.9846
161 61.0386 63.8636
968 60.0792 63.7667
907 59.2597 63.6839
632 58.3984 63.5969
676 56.2164 59.8759
173 56.2134 59.8597
68 56.1875 59.7184
393 56.1608 59.5726
597 56.1302 59.4057
519 56.1013 59.2479
793 56.0746 59.1021
35 56.048 58.9572
188 56.0208 58.8086
798 55.9943 58.6643
70 55.9671 58.5157
942 55.9427 58.3829
498 55.9177 58.2465
282 55.8934 58.1136
577 55.8673 57.9713
262 55.841 57.8279
286 55.8171 57.6973
964 55.7929 57.5656
396 55.7665 57.4211
117 55.7408 57.281
923 55.7173 57.153
538 55.6945 57.0287
767 55.6708 56.8995
84 55.6471 56.7699
623 55.6207 56.6257
293 55.597 56.4965
85 55.5728 56.3645
238 55.5499 56.2394
791 55.5238 56.0975
485 55.4967 55.9493
478 55.4706 55.8073
647 55.3581 55.1937
101 55.2208 54.4447
216 55.0769 53.6602
357 54.8414 52.3764
625 54.7359 51.8007
810 54.6148 51.1405
606 54.4697 50.3491
945 54.4183 50.0685
43 54.3626 49.7647
452 54.3136 49.4978
906 54.3104 49.4803
848 54.3074 49.4639
342 54.3045 49.4477
276 54.3014 49.4309
621 54.2985 49.4152
155 54.2902 49.3699
675 54.2902 49.3699
492 53.6201 49.4186
69 52.9986 49.4638
186 52.4269 49.5054
843 51.8594 49.5466
472 51.3142 49.5863
930 50.8123 49.6228
356 47.5871 49.8571
875 46.0642 49.9678
512 41.5019 50.2993
438 35.3829 50.7439
989 35.2258 50.7554
194 35.0599 50.7674
397 34.8622 50.7818
862 34.7211 50.7921
535 34.5476 50.8047
543 34.3981 50.8155
413 34.2609 50.8255
566 34.1234 50.8355
391 33.9549 50.8478
664 33.9549 50.8478
37 33.9638 50.9407
783 33.9738 51.0443
11 33.9836 51.1465
522 33.9947 51.2619
414 34.0042 51.3608
388 34.0146 51.4697
706 34.0268 51.5963
619 34.0395 51.7285
525 34.0522 51.8608
302 34.0654 51.9984
688 34.0787 52.137
180 34.0913 52.2682
891 34.1038 52.3985
687 34.1149 52.5146
876 34.1365 52.7393
508 34.1577 52.9597
147 34.18 53.1926
748 34.2007 53.4076
38 34.2261 53.6722
633 34.2601 54.0266
59 34.2982 54.423
913 34.3332 54.7875
459 34.375 55.2228
732 34.3835 55.3119
30 34.3918 55.3981
765 34.4003 55.4868
720 34.4085 55.572
596 34.4148 55.638
645 34.4205 55.6972
839 34.426 55.7538
603 34.4316 55.8121
957 34.4382 55.8813
390 34.4448 55.9496
359 34.4508 56.0126
576 34.4562 56.0685
56 34.4618 56.1274
281 34.4667 56.178
510 34.4718 56.231
308 34.4777 56.2923
809 34.4826 56.344
264 34.4877 56.3968
324 34.4924 56.4461
104 34.4978 56.502
49 34.5024 56.5499
461 34.5077 56.605
778 34.5131 56.6615
683 34.5193 56.7262
922 34.5241 56.7759
735 34.529 56.8268
269 34.5337 56.8765
471 34.5392 56.9331
705 34.5441 56.9845
545 34.5492 57.0374
756 34.5546 57.0936
733 34.5602 57.152
507 34.5653 57.2055
382 34.5704 57.2585
54 34.5752 57.3082
237 34.5797 57.3551
210 34.5846 57.406
127 34.5901 57.4635
410 34.5963 57.5279
137 34.6016 57.5828
171 34.6069 57.6389
34 34.6069 57.6389
571 35.6675 59.641
729 35.9071 60.0933
79 36.1927 60.6327
724 36.7573 61.6986
89 36.7772 61.7362
370 36.7992 61.7776
929 36.8217 61.8202
912 36.8449 61.8639
493 36.8676 61.9069
788 36.8906 61.9502
599 36.9137 61.9939
291 36.9374 62.0386
901 36.9598 62.0809
349 36.9834 62.1255
640 37.2269 62.5853
267 37.4895 63.0812
365 37.7641 63.5996
910 38.0434 64.127
175 38.3229 64.6548
80 38.5972 65.1727
976 38.8628 65.6741
779 39.1021 66.126
804 39.3393 66.574
715 39.5758 67.0206
523 39.8099 67.4625
533 40.0463 67.9089
252 40.298 68.3842
743 40.5336 68.829
591 40.7765 69.2876
878 41.0171 69.7419
21 41.2596 70.1999
558 41.5065 70.6661
484 41.761 71.1466
513 42.0159 71.6279
802 42.2666 72.1013
755 42.506 72.5533
404 42.7366 72.9888
855 42.9608 73.4122
617 43.188 73.8411
800 43.8386 75.0693
614 43.9221 75.2269
248 44.0063 75.386
662 44.0879 75.54
649 44.1745 75.7036
563 44.2589 75.863
270 44.3421 76.02
562 44.4267 76.1798
134 44.5079 76.3332
235 44.5923 76.4926
921 44.6846 76.6669
582 44.7739 76.8355
91 44.8611 77.0002
769 44.9486 77.1655
453 45.0342 77.327
294 45.2367 77.7095
369 45.4354 78.0846
540 45.4437 78.1002
986 45.4527 78.1174
894 45.4617 78.1343
225 45.4709 78.1517
144 45.4808 78.1704
163 45.4905 78.1886
315 45.5055 78.2171
350 45.5056 78.2171
94 45.5056 78.2172
840 45.5056 78.2173
406 45.5057 78.2173
215 45.5057 78.2174
179 45.5057 78.2175
782 45.5058 78.2175
112 45.5058 78.2176
109 45.8024 78.7915
857 46.2365 79.6315
226 46.6899 80.5087
541 50.2799 87.4558
229 50.3812 87.6518
82 50.5025 87.8865
202 50.6545 88.1806
584 50.7928 88.4483
23 50.8857 88.6282
816 50.9473 88.7473
185 51.0151 88.8785
305 51.0151 88.8785
335 51.0151 88.8785
165 51.0151 88.8785
887 51.0151 88.8785
320 51.0151 88.8785
880 51.0151 88.8785
259 51.0151 88.8784
408 51.0151 88.8784
437 51.0151 88.8784
713 51.0151 88.8784
375 51.0151 88.8784
193 51.0151 88.8784
511 51.0151 88.8784
561 51.0151 88.8784
126 51.0151 88.8784
313 51.0151 88.8784
317 51.0151 88.8784
754 50.9993 88.8784
896 50.9837 88.8783
62 50.9671 88.8782
851 50.9507 88.8781
105 50.9344 88.878
532 50.9185 88.8779
536 50.9024 88.8778
40 50.8871 88.8777
618 50.8719 88.8776
367 50.8565 88.8775
575 50.8409 88.8774
984 50.8255 88.8773
774 50.8071 88.8772
826 50.7886 88.8771
156 50.7728 88.877
12 50.7569 88.8769
516 50.74 88.8768
140 50.7229 88.8767
343 50.7059 88.8766
763 50.69 88.8765
344 50.6753 88.8764
280 50.6582 88.8763
245 50.6413 88.8762
415 50.6244 88.8761
642 50.607 88.876
746 50.5914 88.8759
952 50.5753 88.8758
947 50.558 88.8757
206 50.5408 88.8756
911 50.5258 88.8755
564 50.4605 88.8751
624 50.4089 88.8748
434 50.3518 88.8744
895 50.2906 88.874
118 50.2362 88.8737
690 50.1765 88.8733
940 50.1111 88.8729
636 50.0508 88.8726
737 49.9964 88.8722
530 49.928 88.8718
319 49.8665 88.8715
861 49.8113 88.8711
856 49.7584 88.8708
129 49.3274 88.8682
980 49.0187 88.8663
961 48.6597 88.8641
882 48.3 88.8619
659 46.4741 88.8508
548 44.6408 88.8397
613 43.4511 88.8324
389 43.1535 88.8306
449 42.842 88.8287
539 42.5349 88.8269
866 42.2185 88.825
271 41.8697 88.8228
752 41.5854 88.8211
292 41.4485 88.8203
309 41.3085 88.8194
738 41.1674 88.8186
239 41.0387 88.8178
814 40.9008 88.8169
807 40.7503 88.816
53 40.6027 88.8151
766 40.4599 88.8143
874 40.3181 88.8134
416 40.1575 88.8124
5 39.9982 88.8115
559 39.634 88.8093
974 39.1532 88.8063
2 38.7326 88.8038
73 38.3296 88.8013
241 38.0101 88.7994
773 37.6552 88.7972
96 37.327 88.7952
808 37.0264 88.7934
918 36.7458 88.7917
22 36.4825 88.7901
146 36.2092 88.7884
181 35.9327 88.7868
139 35.628 88.7849
223 35.3194 88.783
265 35.0215 88.7812
76 34.6523 88.779
696 34.3221 88.777
672 34.0535 88.7753
36 33.7676 88.7736
885 33.5218 88.7721
424 33.3036 88.7708
141 33.1541 88.7699
795 32.9915 88.7689
490 32.8149 88.7678
833 32.6491 88.7668
651 32.5275 88.7661
877 32.4353 88.7655
919 32.3314 88.7649
189 32.2256 88.7642
231 32.113 88.7635
470 32.0026 88.7629
569 31.8948 88.7622
230 31.774 88.7615
707 31.6487 88.7607
120 31.5181 88.7599
960 31.3915 88.7592
249 31.2627 88.7584
28 31.168 88.7578
448 31.0805 88.7573
394 30.9842 88.7567
20 30.8744 88.756
72 30.7789 88.7554
167 30.6788 88.7548
454 30.5808 88.7542
638 30.1707 88.8095
428 29.7429 88.8672
757 29.3181 88.9245
92 28.9319 88.9765
253 28.5185 89.0323
954 28.108 89.0876
172 27.6867 89.1444
431 27.1635 89.215
786 26.7884 89.2655
610 26.3808 89.3205
776 25.9604 89.3772
183 25.8921 89.3864
462 25.8241 89.3955
697 25.7664 89.4033
409 25.7019 89.412
115 25.6344 89.4211
578 25.5758 89.429
430 25.5133 89.4374
441 25.45 89.4459
60 25.3923 89.4537
368 25.321 89.4633
93 25.251 89.4728
491 25.1901 89.481
695 25.1287 89.4893
456 25.0685 89.4974
521 25.0082 89.5055
753 24.9472 89.5137
306 24.8899 89.5214
859 24.8304 89.5295
58 24.7667 89.538
15 24.7027 89.5467
714 24.6461 89.5543
41 24.5923 89.5616
17 24.5301 89.5699
44 24.4764 89.5772
806 24.4252 89.5841
871 24.3287 89.5971
256 24.2469 89.6081
611 24.1481 89.6214
288 24.0515 89.6344
392 23.9662 89.6459
150 23.839 89.6631
761 23.7082 89.6807
296 23.5854 89.6973
16 23.4513 89.7153
418 22.3336 89.8661
768 21.1602 90.0243
593 19.9371 90.1893
750 18.7132 90.3543
227 18.7132 90.3543
631 18.7132 90.3543
988 10.3147 89.8994
50 10.3144 89.8785
435 10.3142 89.8626
719 10.3139 89.8437
213 10.3136 89.8273
827 10.3128 89.7719
973 10.312 89.7121
446 10.3111 89.6509
153 10.3103 89.5942
236 10.3095 89.5428
200 10.3088 89.4885
263 10.3079 89.4293
380 10.3072 89.3777
13 10.3063 89.3192
868 10.3054 89.259
547 10.3045 89.1936
247 10.3036 89.1324
792 10.3027 89.0695
203 10.3018 89.0087
628 10.301 88.9527
360 10.3002 88.8965
495 10.2994 88.8433
442 10.2987 88.7901
444 10.2978 88.7314
637 10.297 88.6772
803 10.2962 88.6225
447 10.2954 88.5674
953 10.2946 88.5116
678 10.2939 88.4571
39 10.2931 88.4016
914 10.2922 88.3422
585 10.2914 88.285
718 10.2905 88.2242
138 10.2897 88.1694
199 10.2889 88.1107
982 10.288 88.0508
969 10.2872 87.9954
106 10.2864 87.9399
386 10.2855 87.8798
568 10.2847 87.8198
693 10.2837 87.7563
570 10.2828 87.6901
401 10.2819 87.6324
169 10.2811 87.5728
780 10.2802 87.5134
316 10.2794 87.4592
916 10.2786 87.4024
108 10.2778 87.3449
240 10.2769 87.2851
364 10.2762 87.2318
557 10.2753 87.1746
905 10.2744 87.1121
426 10.2736 87.0535
1 10.2728 86.9995
90 10.2719 86.9382
469 10.2712 86.886
301 10.2704 86.8351
405 10.2697 86.7835
711 10.2688 86.7253
944 10.2678 86.655
95 10.267 86.5964
991 10.266 86.5313
546 10.2653 86.4783
556 10.2645 86.4242
300 10.2639 86.3796
712 10.2632 86.3365
736 10.2625 86.2838
304 10.2617 86.2328
178 10.2609 86.1733
75 10.2601 86.1206
399 10.2594 86.0737
699 10.2587 86.0246
436 10.2579 85.9708
815 10.2572 85.9209
325 10.2564 85.8668
615 10.2557 85.8123
433 10.2549 85.7602
955 10.2542 85.7125
892 10.2535 85.6647
48 10.2528 85.6155
31 10.2521 85.5651
321 10.2514 85.5153
933 10.2507 85.4712
502 10.1768 80.37
886 10.1613 79.2992
694 10.1453 78.1969
503 10.1362 77.5657
298 10.1279 76.9927
830 10.1199 76.4378
326 10.111 75.8229
338 10.1018 75.1857
524 10.0934 74.6023
717 10.0918 74.4929
361 10.0903 74.3854
400 10.0887 74.2789
759 10.0873 74.1777
277 10.0854 74.0495
639 10.0838 73.9369
487 10.0822 73.8244
890 10.0806 73.7136
554 10.0789 73.5965
88 10.077 73.4675
443 10.0749 73.3188
551 10.0725 73.1579
946 10.0701 72.987
924 10.0673 72.7934
552 10.0649 72.627
482 10.0649 72.627
939 10.0649 72.627
119 10.1308 72.6265
966 10.1901 72.626
457 10.2618 72.6254
346 10.3294 72.6249
686 10.3915 72.6244
734 10.4596 72.6239
339 10.5413 72.6232
970 10.6066 72.6227
220 10.6786 72.6221
560 10.7396 72.6216
657 10.7959 72.6212
445 10.8574 72.6207
796 10.9329 72.6201
500 10.9989 72.6196
680 11.0604 72.6191
131 11.1183 72.6186
667 11.1739 72.6182
207 11.2354 72.6177
255 11.305 72.6172
224 11.3768 72.6166
374 11.4579 72.6159
879 11.5332 72.6153
398 11.6109 72.6147
162 11.6809 72.6142
948 11.7486 72.6136
739 11.8208 72.6131
3 11.8899 72.6125
81 11.9635 72.6119
630 12.0307 72.6114
607 12.0925 72.6109
219 12.1639 72.6103
728 12.2334 72.6098
860 12.3085 72.6092
381 12.3794 72.6086
168 12.5273 72.6075
427 12.645 72.6065
114 12.7743 72.6055
665 12.8927 72.6046
799 13.0208 72.6035
272 13.2943 72.6014
517 13.5482 72.5994
411 15.1584 72.5865
333 16.5626 72.5753
244 17.404 72.5687
604 18.2599 72.5618
635 18.7656 72.5578
184 19.2467 72.554
429 19.7412 72.5501
825 20.2695 72.5459
689 20.84 72.5414
329 20.8495 72.5413
971 20.8607 72.5412
587 20.8716 72.5411
600 20.8817 72.541
113 20.8918 72.5409
950 20.9031 72.5409
888 20.9144 72.5408
275 20.9251 72.5407
526 20.9364 72.5406
574 20.9479 72.5405
789 20.9582 72.5404
601 20.968 72.5403
479 20.9784 72.5403
537 20.99 72.5402
327 21.0005 72.5401
658 21.0109 72.54
726 21.0212 72.5399
550 21.0322 72.5398
99 21.0428 72.5397
701 21.0534 72.5397
501 21.0655 72.5396
965 21.0768 72.5395
124 21.0886 72.5394
872 21.0992 72.5393
730 20.5998 71.7772
608 19.9455 70.7787
376 18.0492 67.885
956 17.2741 66.7022
846 17.1128 66.456
903 16.9487 66.2056
132 16.758 65.9146
927 16.5648 65.6197
266 16.3487 65.29
192 15.0724 63.3423
77 13.8279 61.4432
130 13.7126 60.918
897 13.5955 60.3845
142 13.48 59.8585
218 13.2667 59.8711
760 13.0631 59.8831
938 12.871 59.8944
97 12.6428 59.9079
14 12.4325 59.9203
234 12.4331 59.9074
336 12.4338 59.8938
347 12.4344 59.8829
531 12.4351 59.8705
352 12.4358 59.8571
772 12.4364 59.8459
214 12.437 59.835
371 12.4375 59.8245
784 12.4595 59.409
303 12.4829 58.9683
589 12.5039 58.5717
764 12.5255 58.163
182 12.5484 57.7298
858 12.5687 57.3465
652 12.5868 57.0053
527 12.5964 56.8244
233 12.6058 56.6469
451 12.6154 56.4655
925 12.6252 56.2798
703 12.6353 56.0908
747 12.6458 55.8913
805 12.6572 55.6763
505 12.668 55.4733
849 12.6781 55.281
475 13.1412 50.8492
981 12.9727 50.7595
909 12.7062 50.6177
422 12.4823 50.4985
908 12.2203 50.359
698 11.8788 50.1772
47 11.5076 49.9796
691 11.1929 49.8121
122 10.7883 49.5966
341 10.8046 49.4787
797 10.82 49.3667
677 10.8334 49.2694
708 10.848 49.1637
770 10.8647 49.0425
128 10.8789 48.9389
972 10.893 48.8369
116 10.9074 48.732
196 10.9221 48.6256
489 10.9547 48.3887
279 10.9865 48.1577
565 11.0181 47.9287
841 11.0535 47.6719
166 11.0874 47.4258
423 11.133 47.0944
476 11.1732 46.8027
542 11.2099 46.5362
157 11.2479 46.2605
100 11.2899 45.9557
731 11.3358 45.6225
758 11.379 45.309
222 11.4223 44.9944
373 11.4664 44.6739
330 11.5128 44.3375
499 11.5567 44.0187
749 11.594 43.7478
463 11.6337 43.4598
148 11.6761 43.152
700 11.7176 42.8506
328 11.7556 42.5745
174 11.7681 42.484
949 11.7822 42.3816
212 11.7971 42.2737
125 11.8117 42.1679
32 11.8251 42.0702
46 11.8381 41.9763
57 11.8505 41.8863
655 11.8645 41.7842
312 11.8778 41.6876
534 11.8907 41.594
936 11.9042 41.4961
78 11.9191 41.388
496 11.933 41.2871
403 11.9474 41.183
771 12.0062 40.7559
228 12.0681 40.3065
616 12.1315 39.8461
943 12.1984 39.3606
723 12.1984 39.3606
958 12.2032 38.9322
863 12.2082 38.4908
283 12.2134 38.0302
123 12.2185 37.5762
10 12.2241 37.0855
384 12.2295 36.6055
154 12.2352 36.1029
990 12.2453 35.2064
663 12.2563 34.2315
898 12.2993 30.4069
514 12.3029 30.0893
963 12.3066 29.7651
572 12.3098 29.4776
258 12.313 29.1958
985 12.3159 28.9378
836 12.3191 28.654
268 12.3223 28.3754
86 12.3254 28.1035
74 12.3298 27.7116
710 12.3341 27.3343
133 12.3383 26.9619
65 12.3426 26.5844
4 12.3507 25.8614
87 12.3593 25.0981
794 12.3777 23.4678
588 12.4289 18.9206
812 12.4707 15.2067
187 12.4707 15.2067
673 12.4707 15.2067
629 12.4707 15.2067
682 12.4707 15.2067
881 12.4707 15.2067
362 12.4707 15.2067
331 12.4707 15.2067
366 12.4707 15.2067
722 12.4707 15.2067
348 12.4707 15.2067
741 12.4707 15.2067
61 12.4707 15.2067
412 12.4707 15.2067
674 12.4707 15.2067
211 12.4707 15.2067
646 12.4707 15.2067
455 12.4707 15.2067
299 12.4707 15.2067
661 13.8679 15.2284
254 15.6477 15.2561
402 17.5804 15.2862
669 19.3877 15.3143
488 20.1623 15.3264
474 20.9692 15.339
8 21.7568 15.3513
602 22.586 15.3643
246 25.5105 14.9581
643 28.1621 14.5898
337 31.6107 14.1108
518 33.4734 13.8521
351 33.3592 14.3377
287 33.2456 14.8208
883 33.1252 15.333
822 33.011 15.8187
573 32.9125 16.2377
653 32.8133 16.6595
310 32.6623 17.3014
261 32.509 17.9538
704 32.3772 18.5141
363 32.2408 19.0943
626 32.0911 19.7311
26 31.9447 20.3536
407 31.7954 20.9885
284 31.4404 22.4987
111 31.0883 23.9968
612 30.7084 25.6127
354 30.7084 25.6127
899 30.7084 25.6127
64 30.7084 25.6127
486 30.7084 25.6127
915 30.7084 25.6127
709 30.7084 25.6127
869 30.7084 25.6127
439 30.7084 25.6127
641 30.7084 25.6127
529 31.1393 26.2678
702 31.5218 26.8495
151 32.0591 27.6664
787 32.0591 27.6664
160 32.0591 27.6664
902 32.0591 27.6664
205 32.1414 27.6891
278 32.2516 27.7194
221 32.3557 27.7481
811 32.4633 27.7778
467 32.5734 27.8081
829 32.6648 27.8333
121 33.0506 27.9396
834 34.1105 28.2316
480 35.0963 28.5033
191 35.3317 28.5681
679 35.5571 28.6302
7 35.7975 28.6965
549 36.0173 28.757
307 36.6202 28.9231
824 37.3738 29.1308
379 39.1659 29.6246
934 41.1569 30.1733
197 43.1878 30.733
257 44.3306 31.0479
917 45.5151 31.3743
63 48.651 32.2386
355 48.651 32.2386
790 48.651 32.2386
853 48.651 32.2386
681 48.651 32.2386
66 48.651 32.2386
692 48.651 32.2386
594 50.9657 32.1786
586 51.0966 32.1752
865 51.2692 32.1708
555 51.4448 32.1662
377 51.6237 32.1616
27 51.7812 32.1575
716 51.9317 32.1536
844 52.0873 32.1496
55 52.2444 32.1456
250 52.3937 32.1417
209 52.5532 32.1376
421 52.7166 32.1333
751 52.9041 32.1285
785 53.0814 32.1239
828 53.2708 32.119
358 53.4502 32.1144
458 53.6094 32.1102
634 53.7772 32.1059
821 53.9388 32.1017
831 54.0858 32.0979
6 54.2323 32.0941
978 54.3768 32.0904
419 54.4791 32.0377
164 54.5826 31.9844
45 54.6887 31.9297
217 54.7816 31.8819
870 54.8909 31.8256
935 55.0121 31.7632
19 55.1643 31.6847
873 55.3184 31.6054
289 55.4755 31.5244
314 55.6596 31.4296
819 57.681 28.5594
781 58.9994 26.6874
24 60.6123 24.3973
777 61.7943 22.7188
959 62.664 21.4839
176 63.5886 20.1711
581 64.2155 19.2809
598 64.8383 18.3964
504 65.4855 17.4774
295 66.1531 16.5295
103 66.92 15.4405
721 72.5793 17.4133
