0,98,387,520,745,33,590,242,274,835,29,136,425,644,583,838,357,920,967,334,941,323,195,466,232,592,553,190,143,117,767,926,668,188,293,396,791,238,112,623,743,340,538,923,625,605,440,9,676,208,513,515,478,964,762,595,286,632,216,161,650,850,852,962,509,847,818,647,110,744,900,290,68,173,867,393,420,671,460,378,727,837,975,622,654,579,83,832,385,51,656,152,951,107,201,383,684,506,932,528,170,660,497,332,884,198,977,204,311,25,372,648,159,889,450,685,465,417,494,353,928,158,854,893,135,742,740,820,725,322,473,983,285,937,620,42,580,149,544,666,845,52,273,464,813,145,823,318,251,71,775,481,801,864,904,202,817,40,317,774,567,980,185,477,259,992,177,816,984,18,754,575,369,395,690,415,297,229,140,940,109,968,986,810,315,800,855,931,432,94,769,782,582,895,921,802,636,826,335,459,225,144,755,987,617,453,235,468,54,976,683,715,171,410,596,215,350,857,91,484,558,910,2,248,437,807,649,530,861,689,163,12,305,536,82,724,126,662,118,887,563,245,880,406,642,389,319,659,179,294,280,320,911,434,866,584,375,737,856,23,344,961,882,746,851,511,367,165,532,814,206,947,952,193,449,448,408,541,713,559,766,874,105,618,62,896,5,53,974,752,343,156,624,313,516,540,763,241,564,562,877,309,539,252,614,292,561,613,239,181,707,230,172,141,569,470,72,672,265,146,638,139,631,611,808,22,96,120,73,129,795,738,20,960,954,416,394,80,270,418,296,253,658,840,226,16,92,392,773,919,231,256,950,872,806,124,189,271,593,150,548,469,428,431,424,885,409,757,918,50,776,610,430,227,306,491,871,15,521,768,714,456,557,58,859,608,753,712,696,167,288,36,786,76,454,550,223,60,184,604,495,651,28,447,44,41,833,761,183,973,304,360,578,490,13,249,462,244,780,364,115,442,441,17,933,678,386,827,914,969,982,199,718,138,711,200,106,435,405,1,585,39,380,988,815,637,568,693,31,916,108,169,153,444,436,547,203,803,953,236,750,868,213,556,95,695,736,446,628,368,796,886,570,316,792,401,426,300,615,75,301,90,263,699,892,399,48,247,719,697,635,93,560,552,321,860,551,178,457,88,326,500,924,429,502,487,546,400,479,219,445,879,665,503,482,686,948,607,554,734,667,905,890,830,224,970,240,944,639,338,325,298,991,759,433,728,346,694,657,955,799,131,680,517,277,97,427,374,77,207,371,14,376,747,524,166,677,589,381,214,531,255,966,749,717,939,925,347,47,760,805,116,972,128,841,534,57,849,122,373,708,652,218,303,703,463,352,489,505,527,234,142,772,411,130,784,735,382,897,451,705,599,981,34,601,846,113,349,971,119,630,398,3,81,192,739,927,132,587,726,327,329,701,901,825,565,720,591,789,333,600,266,196,114,764,272,162,99,275,168,946,339,730,220,571,443,888,537,361,526,308,501,903,957,733,523,574,21,359,688,30,404,365,56,878,965,390,640,645,545,507,729,137,59,79,894,912,809,264,370,134,342,804,576,101,779,127,175,922,839,929,267,765,788,147,471,291,498,281,525,38,388,597,621,848,732,891,522,989,508,533,89,493,913,104,510,756,603,413,619,414,687,706,472,180,512,194,237,461,35,594,155,875,945,356,862,66,197,870,577,519,793,85,978,798,67,262,907,842,102,485,942,282,70,84,675,186,492,843,217,358,606,314,69,27,43,844,930,634,751,63,670,609,377,831,55,785,555,873,581,24,959,781,598,819,45,164,681,6,828,865,821,458,419,355,209,452,566,853,421,480,586,467,935,692,210,49,917,876,906,19,716,276,778,269,535,302,379,934,543,783,829,121,679,700,549,278,423,7,486,391,723,943,32,151,811,664,438,37,403,748,771,174,422,475,698,228,542,222,691,938,908,949,797,205,612,279,233,655,154,341,616,858,11,324,956,312,397,336,758,663,182,100,476,496,909,936,148,990,212,78,87,633,268,330,283,123,157,499,10,384,328,133,74,514,898,299,673,65,710,572,794,770,958,863,731,46,985,86,125,963,899,588,4,258,348,629,741,641,366,211,402,8,488,674,881,722,187,61,455,362,412,682,331,646,812,824,661,902,915,709,254,221,439,64,836,261,669,337,310,284,111,363,626,573,704,246,474,354,702,643,351,160,602,191,653,257,289,787,529,790,869,822,834,883,250,287,407,26,307,518,103,295,504,777,721,979,176,627,345,483,260,243,
value : 547.32 running time : 41.592398
0 80 20
98 82.1782 30.5301
387 79.6098 42.357
520 79.6098 42.357
745 79.6098 42.357
33 79.6098 42.357
590 79.6098 42.357
242 75.4173 47.2236
274 75.4152 47.2254
835 75.413 47.2272
29 75.1709 47.4372
136 74.9349 47.6418
425 74.4567 48.0566
644 73.9724 48.4765
583 73.6577 48.7494
838 73.3635 49.0045
357 72.9875 49.3305
920 72.6825 49.595
967 72.3529 49.8808
334 72.0071 50.1806
941 71.7113 50.4372
323 71.4445 50.6684
195 71.1346 50.9371
466 70.7834 51.2417
232 70.3375 51.6284
592 69.8415 52.0585
553 69.0283 52.7639
190 68.1425 53.5323
143 67.3297 54.2373
117 66.4152 55.0306
767 65.4747 55.8464
926 64.513 56.6807
668 63.2099 57.8113
188 62.5065 58.4214
293 61.8789 58.9656
396 61.2581 59.5041
791 60.6073 60.0686
238 60.0901 60.5171
112 59.5748 60.9639
623 59.4238 61.0948
743 59.225 61.2672
340 59.056 61.4137
538 58.8847 61.5623
923 58.699 61.7233
625 58.2404 62.8767
605 57.7796 64.0355
440 57.3545 65.1046
9 56.9412 66.1442
676 56.6031 66.9951
208 56.603 66.9952
513 56.603 66.9953
515 57.2163 66.8827
478 57.8103 66.7737
964 58.2859 66.6863
762 58.7672 66.5979
595 59.2537 66.5086
286 59.7085 66.425
632 60.1824 66.338
216 60.9395 66.1991
161 62.2671 65.9558
650 64.0103 65.6371
850 65.9062 65.2902
852 66.2261 66.3294
962 66.5371 67.3398
509 66.822 68.2654
847 67.0721 69.0781
818 67.3103 69.8521
647 67.3671 70.0369
110 67.4341 70.2548
744 67.5052 70.4858
900 67.5695 70.6949
290 67.6342 70.9054
68 67.6961 71.1064
173 67.7651 71.3308
867 67.8345 71.5564
393 67.9028 71.7788
420 67.9744 72.0115
671 68.2076 72.7692
460 68.4223 73.467
378 68.6388 74.1706
727 68.8205 74.7611
837 69.012 75.3834
975 69.2061 76.0143
622 69.4357 76.7604
654 69.6873 76.5045
579 69.9353 76.2523
83 70.1603 76.0235
832 70.3891 75.7908
385 73.174 72.9593
51 74.6122 71.4968
656 78.9716 67.0648
152 82.1975 64.4967
951 84.6225 62.5648
107 84.6225 62.5648
201 84.6225 62.5648
383 84.6225 62.5648
684 84.6225 62.5648
506 84.6225 62.5648
932 84.6225 62.5648
528 85.0694 63.2242
170 85.7938 64.2938
660 86.3153 65.0634
497 86.3153 65.0634
332 86.3166 65.1707
884 86.3178 65.2604
198 86.3222 65.6057
977 86.345 67.4016
204 86.4064 72.24
311 86.4483 75.5338
25 86.4877 78.6374
372 86.4973 79.3951
648 85.9647 80.1808
159 85.4966 80.8715
889 85.1739 81.3477
450 84.9349 81.7003
685 83.4282 83.9228
465 80.136 88.778
417 80.136 88.778
494 80.136 88.778
353 80.136 88.778
928 80.136 88.778
158 79.9221 88.7453
854 79.7293 88.7158
893 79.5461 88.6877
135 79.3588 88.6591
742 79.1652 88.6294
740 78.9808 88.6012
820 78.8014 88.5737
725 78.6145 88.5451
322 78.4279 88.5165
473 78.2307 88.4863
983 78.0178 88.4538
285 76.556 88.2315
937 75.2018 88.0252
620 74.0519 87.8498
42 74.0519 87.8498
580 74.0519 87.8498
149 73.4207 87.6624
544 72.8426 87.4908
666 72.3061 87.3315
845 71.7451 87.165
52 71.2038 87.0042
273 70.6925 86.8525
464 70.24 86.7181
813 69.8312 86.5968
145 69.3946 86.4672
823 68.9642 86.3394
318 68.5356 86.2122
251 68.0208 86.0594
71 67.3687 85.8658
775 66.695 85.6657
481 65.961 85.4477
801 65.2056 85.2234
864 64.549 85.0285
904 62.5984 84.4487
202 62.4892 84.4163
817 62.3799 84.3839
40 61.4879 84.1189
317 60.7379 83.8962
774 59.9974 83.6763
567 59.9801 83.6341
980 59.9634 83.5935
185 59.9461 83.5511
477 59.8795 83.3888
259 59.8129 83.2263
992 59.7484 83.0691
177 59.6159 82.7462
816 59.4697 82.3899
984 59.3196 82.0241
18 59.1444 81.5974
754 58.9734 81.1807
575 58.7833 80.7178
369 58.5913 80.2499
395 58.3962 79.7745
690 58.1991 79.2944
415 57.9472 78.6808
297 57.6674 77.9994
229 57.3549 77.2385
140 57.0307 76.4492
940 56.6773 75.5888
109 56.2921 74.6515
968 55.9321 73.775
986 55.6291 73.0372
810 55.339 72.3308
315 55.339 72.3308
800 55.339 72.3308
855 55.339 72.3308
931 55.339 72.3308
432 54.8396 72.2987
94 54.3316 72.2661
769 53.8485 72.2351
782 53.3616 72.2038
582 52.8817 72.173
895 52.3843 72.141
921 51.9136 72.1108
802 51.4444 72.0807
636 50.9899 72.0515
826 50.5522 72.0234
335 50.1387 71.9968
459 49.5343 71.958
225 49.1865 71.9356
144 48.8813 71.916
755 48.6019 71.8981
987 48.3423 71.8814
617 47.9201 71.8543
453 47.4658 71.8251
235 46.9929 71.7948
468 46.5276 71.7649
54 45.871 71.7227
976 45.8066 71.9641
683 45.7496 72.178
715 45.6881 72.4086
171 45.6247 72.6466
410 45.5614 72.884
596 45.4918 73.145
215 45.389 73.5307
350 45.308 73.8347
857 45.2284 74.1333
91 45.1475 74.4367
484 45.066 74.7426
558 44.9814 75.0598
910 44.5817 76.5582
2 43.9592 78.8907
248 43.9592 78.8907
437 43.9592 78.8907
807 43.9592 78.8907
649 43.9592 78.8907
530 43.9592 78.8907
861 43.9592 78.8907
689 43.9592 78.8907
163 44.0117 79.0341
12 44.5637 80.5425
305 44.6218 80.7011
536 44.6698 80.8323
82 44.7085 80.9379
724 44.7481 81.046
126 44.7969 81.1794
662 44.8426 81.3041
118 46.0435 84.5853
887 46.1789 84.9551
563 46.3021 85.2919
245 46.4485 85.6918
880 46.5857 86.0665
406 46.7237 86.4434
642 46.8631 86.8244
389 47.0143 87.2374
319 47.1373 87.5733
659 47.2684 87.9315
179 47.4069 88.3099
294 47.5487 88.6973
280 47.7575 89.2675
320 48.0463 90.0566
911 48.3515 90.8904
434 48.294 90.8808
866 48.2318 90.8704
584 48.1791 90.8615
375 48.1125 90.8503
737 48.0558 90.8408
856 47.9933 90.8304
23 47.8897 90.813
344 47.7813 90.7948
961 47.6589 90.7743
882 47.5422 90.7547
746 47.4176 90.7338
851 47.2988 90.7139
511 47.1764 90.6933
367 47.0512 90.6723
165 46.9138 90.6493
532 46.7864 90.6279
814 46.6524 90.6055
206 46.5225 90.5837
947 46.4038 90.5638
952 46.2775 90.5426
193 46.1324 90.5183
449 45.9995 90.496
448 45.8712 90.4744
408 45.7592 90.4557
541 45.6408 90.4358
713 45.5126 90.4143
559 45.384 90.3927
766 45.255 90.3711
874 45.1349 90.3509
105 45.0183 90.3314
618 44.9011 90.3117
62 44.7717 90.29
896 44.6359 90.2673
5 44.4608 90.2379
53 44.2834 90.2081
974 44.1179 90.1804
752 43.9874 90.1585
343 43.9874 90.1585
156 43.9874 90.1585
624 43.9874 90.1585
313 43.4272 89.7042
516 41.9388 88.4977
540 39.6795 86.6671
763 39.4877 86.7565
241 39.3064 86.8411
564 39.1279 86.9243
562 38.9331 87.0151
877 38.7139 87.1174
309 38.5088 87.213
539 38.3134 87.3041
252 38.118 87.3953
614 37.9036 87.4952
292 37.6751 87.6018
561 37.4437 87.7097
613 37.1954 87.8255
239 36.9732 87.9291
181 36.7259 88.0444
707 36.4902 88.1543
230 36.2604 88.2615
172 36.0305 88.3687
141 35.7967 88.4778
569 35.564 88.5862
470 35.3316 88.6946
72 35.1036 88.8009
672 34.8769 88.9066
265 34.6521 89.0115
146 34.4395 89.1106
638 34.2231 89.2115
139 33.9968 89.3171
631 33.7797 89.4183
611 33.6649 89.4719
808 33.6591 89.37
22 33.6534 89.2672
96 33.6477 89.1668
120 33.6421 89.0667
73 33.6364 88.9653
129 33.6308 88.865
795 33.6254 88.7693
738 33.6203 88.6781
20 33.6148 88.5791
960 33.5942 88.2135
954 33.4761 86.1139
416 33.4061 84.8665
394 33.3223 83.3766
80 33.2214 81.5823
270 32.871 81.7155
418 32.4867 81.8617
296 32.1824 81.9774
253 31.8807 82.0921
658 31.6005 82.1986
840 31.3747 82.2845
226 31.113 82.384
16 30.8103 82.4991
92 30.5315 82.6051
392 30.2564 82.7097
773 29.9675 82.8196
919 29.6841 82.9273
231 29.388 83.0399
256 29.0913 83.1527
950 28.7784 83.2717
872 28.4775 83.6651
806 28.1464 84.098
124 27.7932 84.5599
189 27.3803 85.0998
271 26.6678 86.031
593 26.1605 86.6943
150 26.1605 86.6943
548 26.1605 86.6943
469 25.9412 86.8362
428 25.7366 86.9685
431 25.5227 87.1069
424 25.3123 87.243
885 25.1051 87.3771
409 24.8997 87.5099
757 24.7179 87.6276
918 24.5259 87.7518
50 24.3151 87.8881
776 24.111 88.0202
610 24.0358 88.0689
430 23.9556 88.1207
227 23.8771 88.1716
306 23.8753 88.1493
491 23.8735 88.1271
871 23.8716 88.1041
15 23.8698 88.0817
521 23.868 88.0587
768 23.866 88.0349
714 23.8641 88.0101
456 23.8554 87.9029
557 23.8462 87.7893
58 23.8371 87.676
859 23.8287 87.5709
608 23.8199 87.4628
753 23.8125 87.3704
712 23.8042 87.2672
696 23.7954 87.1583
167 23.7861 87.0432
288 23.7781 86.9428
36 23.77 86.842
786 23.761 86.7303
76 23.7508 86.6049
454 23.7405 86.4771
550 23.7325 86.3776
223 23.7246 86.2791
60 23.7172 86.187
184 23.7102 86.0999
604 23.703 86.0107
495 23.1372 86.4664
651 22.6369 86.8694
28 22.1748 87.2416
447 17.7893 88.1745
44 17.6612 88.2017
41 17.5268 88.2303
833 17.3684 88.264
761 17.2109 88.2975
183 17.0367 88.3345
973 16.8585 88.3724
304 16.6952 88.4072
360 16.5531 88.4374
578 16.4066 88.4686
490 16.2296 88.5062
13 16.025 88.5498
249 15.8348 88.5902
462 15.6321 88.6333
244 15.4413 88.6739
780 15.2353 88.7177
364 15.0288 88.7617
115 14.8551 88.7986
442 14.6729 88.8374
441 14.4959 88.875
17 14.1756 88.9431
933 13.8448 89.0135
678 13.4853 89.09
386 13.2296 89.1443
827 12.9603 89.2016
914 12.748 89.2468
969 12.5452 89.2899
982 12.3639 89.3285
199 12.1731 89.3691
718 11.9891 89.4082
138 11.8076 89.4468
711 11.6222 89.4863
200 11.4412 89.5248
106 11.2625 89.5628
435 11.095 89.5984
405 10.9389 89.6316
1 10.7889 89.6635
585 10.6266 89.698
39 10.4805 89.7291
380 10.3414 89.7587
988 10.2058 89.7876
815 10.2072 89.7814
637 10.2084 89.7762
568 10.2095 89.771
693 10.2108 89.7656
31 10.2121 89.7598
916 10.2133 89.7546
108 10.2143 89.75
169 10.2154 89.7451
153 10.2166 89.7401
444 10.2178 89.7349
436 10.2189 89.7297
547 10.22 89.7249
203 10.2212 89.7198
803 10.2223 89.7151
953 10.2233 89.7103
236 10.2245 89.7054
750 10.2256 89.7005
868 10.2267 89.6954
213 10.228 89.6897
556 10.9241 86.623
95 10.9726 86.4089
695 11.0219 86.1916
736 11.0716 85.9723
446 11.1214 85.7528
628 11.1731 85.525
368 11.2234 85.3029
796 11.2824 85.0428
886 11.3325 84.8218
570 11.3792 84.6158
316 11.4253 84.4128
792 11.473 84.2023
401 11.5216 83.9877
426 11.5734 83.7596
300 11.6243 83.535
615 11.6842 83.2707
75 11.7426 83.0134
301 11.8 82.76
90 11.8643 82.4767
263 11.9291 82.1909
699 12.0082 81.842
892 12.0932 81.4674
399 12.1786 81.0907
48 12.2673 80.6994
247 12.3562 80.3076
719 12.4589 79.8549
697 12.5791 79.325
635 12.3803 78.2412
93 12.2453 77.5061
560 12.0918 76.6698
552 11.9366 75.8238
321 11.9325 75.8015
860 11.9281 75.7776
551 11.9237 75.7536
178 11.9194 75.7303
457 11.9147 75.7046
88 11.91 75.6794
326 11.9051 75.6526
500 11.9003 75.6261
924 11.8954 75.5997
429 11.8911 75.5761
502 11.8867 75.5525
487 11.8826 75.53
546 11.8785 75.5075
400 11.8735 75.4808
479 11.8689 75.4554
219 11.8643 75.4304
445 11.86 75.407
879 11.8554 75.3821
665 11.8511 75.3585
503 11.8467 75.3344
482 11.8421 75.3098
686 11.8381 75.2877
948 11.8338 75.2646
607 11.8298 75.2423
554 11.8257 75.2205
734 11.7539 74.8286
667 11.7515 74.8159
905 11.7493 74.8039
890 11.7469 74.7906
830 11.7443 74.777
224 11.7417 74.7626
970 11.7391 74.7483
240 11.7369 74.7364
944 11.7344 74.7233
639 11.7066 74.5719
338 11.68 74.4279
325 11.6564 74.2994
298 11.6288 74.15
991 11.6029 74.0094
759 11.5774 73.8709
433 11.5101 73.5053
728 11.4399 73.1242
346 11.3675 72.7311
694 11.2925 72.3236
657 11.2236 71.9496
955 11.1541 71.5723
799 11.0681 71.105
131 10.9934 70.6995
680 10.9251 70.3287
517 10.8555 69.9508
277 10.7898 69.5938
97 10.7251 69.2426
427 10.6599 68.8884
374 10.595 68.5365
77 10.522 68.14
207 10.4536 67.7684
371 10.3232 67.0598
14 10.1975 66.3768
376 10.0704 65.6862
747 9.94548 65.0073
524 9.82648 64.3607
166 9.70158 63.6819
677 9.6304 63.2954
589 9.56251 62.9268
381 9.49526 62.5616
214 9.41421 62.1213
531 9.34499 61.7455
255 9.27731 61.378
966 9.20567 60.9889
749 8.90729 59.3642
717 8.8608 59.1118
939 8.80728 58.8212
925 8.74908 58.5052
347 8.69145 58.1923
47 8.63202 57.8695
760 8.57644 57.5678
805 8.51799 57.2503
116 8.46031 56.9371
972 8.41386 56.685
128 8.36389 56.4137
841 8.52543 56.522
534 8.68858 56.6313
57 8.84692 56.7375
849 9.00737 56.8451
122 9.17872 56.96
373 9.36287 57.0834
708 9.55207 57.2103
652 9.74692 57.3409
218 9.99494 57.5071
303 10.2507 57.6786
703 10.5146 57.8555
463 10.7552 58.0168
352 11.0478 58.2129
489 11.3432 58.411
505 11.7101 58.6569
527 12.1024 58.9199
234 12.6294 59.2732
142 13.3262 59.7401
772 13.7566 60.1323
411 14.1622 60.5019
130 14.5126 60.8213
784 14.8408 61.1204
735 15.1933 61.4416
382 15.5131 61.7331
897 15.7709 61.968
451 16.0202 62.1953
705 16.2666 62.4198
599 16.5129 62.6443
981 16.7227 62.8356
34 16.9393 63.0329
601 17.1545 63.2291
846 17.3614 63.4176
113 17.5631 63.6015
349 17.7528 63.7744
971 17.9337 63.9393
119 18.0976 64.0887
630 18.271 64.2468
398 18.4477 64.4078
3 18.618 64.563
81 18.8047 64.7333
192 18.989 64.9012
739 19.1888 65.0833
927 19.4007 65.2765
132 19.5929 65.4516
587 19.7894 65.6307
726 19.9755 65.8003
327 20.1458 65.9556
329 20.3083 66.1037
701 20.4833 66.2632
901 20.6499 66.4151
825 20.8183 66.5685
565 20.8938 66.5625
720 21.393 66.5228
591 21.8745 66.4845
789 22.26 66.4537
333 22.6429 66.4232
600 22.6658 66.4164
266 22.689 66.4094
196 22.7111 66.4028
114 22.7346 66.3958
764 22.7589 66.3885
272 22.7814 66.3818
162 22.805 66.3748
99 22.831 66.367
275 22.856 66.3595
168 22.8792 66.3526
946 22.906 66.3446
339 22.9328 66.3366
730 23.2407 66.2445
220 23.5057 66.1653
571 23.8026 66.0766
443 24.0585 66.0001
888 24.4405 65.886
537 24.8346 65.7682
361 25.2352 65.6485
526 26.1586 65.3725
308 27.2415 65.0489
501 28.0469 64.8082
903 28.8553 64.5666
957 29.703 64.3133
733 30.552 64.0595
523 31.5541 63.76
574 31.6923 63.7187
21 31.8466 63.6726
359 31.9959 63.628
688 32.1448 63.5835
30 32.3473 63.5319
404 32.5347 63.4841
365 32.7176 63.4374
56 32.895 63.3922
878 33.0602 63.35
965 33.2247 63.3081
390 33.4072 63.2616
640 33.5922 63.2144
645 33.7843 63.1654
545 33.9659 63.1191
507 34.1672 63.0677
729 34.3986 63.0087
137 34.663 62.9413
59 34.9163 62.8767
79 35.2762 62.7849
894 35.9538 62.6121
912 36.0368 62.3612
809 36.1162 62.1213
264 36.1926 61.8907
370 36.2671 61.6657
134 36.3336 61.4647
342 37.6251 57.5652
804 37.6251 57.5652
576 37.6251 57.5652
101 37.6251 57.5652
779 37.6251 57.5652
127 37.5966 57.295
175 37.5715 57.057
922 37.5417 56.7749
839 37.5137 56.5095
929 37.4853 56.2407
267 37.4574 55.9763
765 37.4292 55.7089
788 37.3987 55.4199
147 37.3622 55.0743
471 37.3303 54.7721
291 37.2973 54.459
498 37.2514 54.0241
281 37.1372 52.943
525 36.9835 51.4862
38 36.9069 50.7613
388 36.8495 50.2173
597 36.9139 50.2198
621 36.9675 50.2219
848 37.0163 50.2237
732 37.0609 50.2255
891 37.1032 50.2271
522 37.1505 50.2289
989 37.1956 50.2307
508 37.239 50.2323
533 37.2877 50.2342
89 37.332 50.2359
493 37.3777 50.2377
913 37.4235 50.2395
104 37.4744 50.2414
510 37.5193 50.2432
756 37.6311 50.2475
603 37.764 50.2526
413 37.8971 50.2578
619 38.036 50.2631
414 38.178 50.2686
687 38.6484 50.2867
706 39.614 50.3238
472 40.885 50.3725
180 41.9385 50.413
512 43.037 50.4552
194 44.1251 50.497
237 45.2705 50.541
461 46.8466 50.6014
35 48.825 50.6771
594 49.3167 50.696
155 49.3167 50.696
875 49.3167 50.696
945 49.3167 50.696
356 49.3167 50.696
862 49.3167 50.696
66 49.5065 50.7956
197 49.7014 50.8977
870 50.7371 51.4408
577 51.9675 52.0859
519 53.0113 52.6331
793 54.0257 53.1651
85 54.9997 53.6757
978 55.929 54.163
798 57.3379 54.9017
67 59.6716 56.1249
262 59.6889 55.8504
907 59.7039 55.6125
842 59.7205 55.3482
102 59.7353 55.1128
485 59.7502 54.8757
942 59.7651 54.6377
282 59.78 54.4006
70 59.7994 54.0923
84 59.8172 53.8105
675 59.9528 51.6611
186 59.9889 51.0867
492 60.0296 50.4403
843 60.069 49.8134
217 60.1101 49.1617
358 60.1472 48.572
606 60.1687 48.23
314 60.1901 47.8891
69 60.2095 47.58
27 61.2403 43.5753
43 61.2403 43.5753
844 61.2403 43.5753
930 61.7914 42.5653
634 62.3397 41.5603
751 62.8741 40.5808
63 62.8741 40.5808
670 62.8741 40.5808
609 62.8741 40.5808
377 61.6831 37.4332
831 60.5944 34.5559
55 60.0124 33.018
785 59.5624 31.8286
555 59.1766 30.8092
873 58.8528 29.9534
581 58.5924 29.2651
24 58.5114 29.3121
959 58.4132 29.3691
781 58.3116 29.428
598 58.2217 29.4802
819 57.6939 29.7866
45 57.0661 30.151
164 56.3889 30.5441
681 55.7846 30.8949
6 55.2491 31.2058
828 54.6333 31.5632
865 53.998 31.932
821 53.436 32.2582
458 52.5939 32.7471
419 51.8051 33.2049
355 50.4975 33.964
209 48.8432 34.9243
452 46.799 36.1109
566 45.6183 36.7963
853 44.8964 37.2153
421 44.232 37.601
480 43.5104 38.0198
586 42.8848 38.383
467 42.2175 38.7703
935 41.3777 39.2578
692 40.3713 39.842
210 39.4057 40.4025
49 39.4057 40.4025
917 39.4057 40.4025
876 39.4057 40.4025
906 39.4057 40.4025
19 39.4057 40.4025
716 38.9906 40.3859
276 38.4142 40.3629
778 37.8218 40.3397
269 37.1868 40.3146
535 37.1867 40.3145
302 37.0645 39.581
379 36.5785 36.6645
934 36.3599 35.3529
543 31.1247 37.2015
783 30.0809 37.5699
829 28.9374 37.9734
121 28.013 38.2996
679 27.2007 38.5863
700 26.2847 38.9096
549 26.1809 38.9462
278 26.0728 38.9843
423 25.9452 39.0293
7 25.8836 39.0511
486 25.8078 39.0778
391 25.7308 39.105
723 25.6637 39.1287
943 25.5976 39.152
32 25.2131 39.6143
151 24.8434 40.0587
811 24.4561 40.5243
664 24.0403 41.024
438 23.6039 41.5486
37 23.1715 42.0683
403 22.7418 42.5849
748 22.328 43.0823
771 21.875 43.6267
174 21.4436 44.1453
422 21.0618 44.6041
475 20.9434 44.7466
698 20.8172 44.8983
228 20.6992 45.0403
542 20.5752 45.1894
222 20.4653 45.3216
691 20.3644 45.4429
938 20.3442 45.4673
908 20.3245 45.4909
949 20.3042 45.5153
797 20.2839 45.5398
205 20.2651 45.5624
612 20.2422 45.5899
279 20.2136 45.6243
233 20.1898 45.6529
655 19.9036 45.4723
154 19.622 45.2944
341 19.3675 45.1337
616 19.151 44.997
858 18.9548 44.8731
11 18.7505 44.7441
324 18.5375 44.6096
956 18.2092 44.4023
312 17.3233 43.8434
397 17.1345 43.7242
336 16.9262 43.5926
758 16.5839 43.3765
663 16.2227 43.1485
182 15.8624 42.921
100 15.4829 42.6814
476 15.4829 42.6814
496 15.4829 42.6814
909 15.4829 42.6814
936 15.4829 42.6814
148 15.4829 42.6814
990 15.4829 42.6814
212 15.4829 42.6814
78 15.4829 42.6814
87 15.4829 42.6814
633 15.4829 42.6814
268 11.3819 39.6639
330 10.8478 39.7552
283 10.3963 39.8324
123 9.93127 39.912
157 9.46438 39.9918
499 9.53307 39.3464
10 9.61062 38.6178
384 9.6828 37.9396
328 9.75878 37.2258
133 9.86014 36.2735
74 9.9394 35.5288
514 9.98603 35.0907
898 10.0307 34.671
299 10.0684 34.3166
673 10.1011 34.0098
65 10.1279 33.7582
710 10.1572 33.4825
572 10.1846 33.2252
794 10.2098 32.9886
770 10.2322 32.7779
958 10.2599 32.5171
863 10.2891 32.2428
731 10.3218 31.9361
46 10.3795 31.3942
985 10.4573 30.6625
86 10.5376 29.9084
125 10.6225 29.1105
963 10.8387 27.0791
899 11.0136 25.4363
588 11.1508 24.1474
4 11.2405 23.3044
258 11.3639 22.1451
348 11.5157 20.7189
629 11.6407 19.5441
741 11.6822 19.1546
641 11.7256 18.747
366 11.7808 18.2283
211 11.8314 17.7527
402 11.8773 17.3217
8 11.9318 16.8096
488 11.9534 16.6066
674 11.9632 16.5141
881 11.9741 16.4118
722 11.984 16.3192
187 11.9925 16.2392
61 12.0019 16.1507
455 12.0111 16.0643
362 12.0218 15.964
412 12.0322 15.8658
682 12.0428 15.7665
331 12.0528 15.6721
646 12.0644 15.5632
812 12.0754 15.4599
824 19.6149 18.3359
661 20.3737 18.6253
902 21.1782 18.9322
915 21.9666 19.233
709 22.6464 19.4923
254 23.1641 19.6898
221 23.7354 19.9077
439 24.2151 20.0907
64 24.7128 20.2806
836 25.1766 20.4575
261 27.7373 21.4343
669 27.7373 21.4343
337 27.8384 21.4947
310 27.928 21.5483
284 28.0073 21.5956
111 28.0908 21.6455
363 28.168 21.6916
626 28.2499 21.7405
573 28.3303 21.7885
704 28.4081 21.8349
246 28.4825 21.8794
474 28.5582 21.9246
354 28.6421 21.9747
702 28.7193 22.0208
643 28.8 22.069
351 28.8859 22.1203
160 31.2747 23.547
602 32.4086 24.2242
191 34.9102 25.7182
653 36.3678 26.5887
257 36.6165 26.7373
289 36.8392 26.8702
787 37.0289 26.9835
529 37.245 27.1126
790 37.4703 27.2472
869 37.5291 27.1309
822 37.9776 26.2433
834 38.4095 25.3885
883 38.9049 24.4082
250 39.3559 23.5157
287 40.0067 22.2277
407 40.2081 21.8292
26 40.2081 21.8292
307 40.2081 21.8292
518 46.515 17.0215
103 63.8102 16.0026
295 65.452 15.9453
504 67.145 15.8863
777 68.8328 15.8274
721 72.4315 15.7022
979 76.0193 15.5773
176 76.3626 15.5653
627 84.3401 15.2891
345 84.3401 15.2891
483 84.3401 15.2891
260 83.9886 15.6707
243 83.5483 16.1487
