0,979,176,819,598,581,721,777,504,295,103,24,821,959,675,555,781,358,250,458,55,828,6,681,164,831,865,873,751,43,209,27,45,935,217,357,653,467,191,19,421,586,419,337,64,626,407,822,883,287,26,289,261,704,111,310,518,351,254,246,573,284,363,669,307,602,869,934,853,824,834,702,641,151,7,379,486,221,709,529,278,160,797,787,664,899,829,354,205,439,549,121,943,902,836,915,643,8,488,402,674,362,722,629,881,348,61,646,187,412,812,211,588,741,366,572,682,655,474,673,268,331,74,384,258,299,133,4,898,32,123,514,710,794,455,963,661,86,499,328,612,985,770,228,496,10,958,805,731,46,87,652,858,749,182,534,700,65,476,142,938,908,949,283,212,616,423,956,78,542,37,758,913,125,388,336,589,677,525,990,148,723,663,936,330,352,154,341,47,841,312,128,373,909,863,174,489,925,166,57,708,505,100,116,347,703,222,939,451,760,214,218,122,303,463,157,972,764,527,77,849,422,846,729,196,772,279,981,565,114,329,411,897,924,132,970,220,599,957,903,552,349,130,789,574,526,635,275,507,34,59,267,720,971,137,390,733,269,596,291,359,576,901,382,180,237,56,912,891,365,30,765,732,809,308,493,778,839,281,688,508,510,413,783,619,522,49,79,89,735,756,922,370,545,929,621,264,461,104,603,147,876,788,640,705,645,127,698,475,691,233,324,11,391,771,403,633,397,687,543,706,38,811,748,438,302,414,989,917,210,535,480,848,679,716,257,155,276,186,101,194,844,692,197,790,452,785,843,492,63,355,472,594,377,66,870,930,862,634,396,793,566,356,945,875,342,906,35,69,512,471,282,577,262,286,964,978,810,84,644,70,625,907,85,117,623,647,519,798,538,942,340,923,440,668,216,161,676,791,109,188,484,468,208,605,67,293,595,762,112,509,460,857,94,297,432,315,335,9,280,840,807,82,659,976,235,406,921,986,561,163,987,782,755,802,179,800,743,617,582,513,91,215,226,855,894,564,523,498,683,533,597,459,54,632,968,715,804,558,410,453,171,779,454,888,927,587,189,134,689,144,225,21,540,350,724,614,175,404,80,910,571,252,124,649,608,550,726,658,578,327,537,479,99,591,878,501,604,701,919,601,418,551,825,361,162,443,946,502,168,398,400,490,796,266,223,600,757,333,339,270,60,965,88,697,184,288,76,487,113,950,93,326,119,699,427,892,81,429,905,277,686,607,207,381,321,531,799,728,219,500,338,680,97,131,747,3,482,739,948,784,192,255,524,879,717,371,517,234,376,665,966,667,657,860,457,346,272,14,694,890,224,298,734,325,445,560,630,570,991,615,426,503,639,944,556,405,495,916,301,75,719,955,108,300,203,401,374,759,31,433,830,240,90,557,364,247,316,780,718,469,436,169,554,213,792,628,444,199,815,399,546,95,178,386,969,304,736,585,1,39,678,914,953,447,803,106,827,263,868,547,13,750,236,380,435,200,988,693,982,568,973,446,153,138,711,227,58,637,244,761,120,610,73,50,249,712,17,768,456,44,714,521,651,593,115,409,306,672,786,430,885,491,776,36,442,871,441,933,183,462,753,15,695,833,96,48,431,2,886,271,611,954,16,877,230,707,470,231,808,730,872,296,28,41,773,253,806,172,424,360,368,428,918,392,696,631,448,20,960,859,129,752,141,638,795,256,150,416,389,394,167,92,53,814,563,662,562,294,292,241,193,265,248,146,763,343,181,140,72,22,974,613,866,408,532,309,320,239,437,139,449,375,313,766,569,105,539,206,738,952,541,713,126,245,5,980,874,559,548,536,961,259,856,861,319,530,816,618,851,367,737,754,887,636,940,690,118,895,434,896,624,477,511,305,23,984,516,12,369,575,947,156,826,40,746,642,415,165,774,911,584,185,882,62,344,880,671,229,992,317,620,177,544,845,52,813,145,823,42,202,417,931,864,937,622,801,481,775,817,769,832,579,83,904,654,378,465,18,900,847,395,818,744,201,867,173,68,290,837,238,383,515,393,51,273,854,567,727,149,71,666,159,158,742,464,353,285,580,893,135,318,251,983,494,928,820,473,322,725,740,648,311,372,25,204,685,450,528,889,852,242,198,660,506,684,977,497,385,170,107,975,332,884,962,334,650,110,102,478,425,420,656,152,583,485,609,314,767,195,941,29,190,842,232,745,850,143,387,553,951,838,136,274,920,926,466,323,670,932,967,592,606,835,33,590,520,98,243,627,345,483,260,
value : 498.41 running time : 68.681024
0 80 20
979 78.9312 18.93
176 72.7519 16.8875
819 70.9231 16.283
598 70.4171 16.1158
581 69.8966 15.9438
721 69.439 15.7925
777 68.9424 15.6283
504 68.53 15.492
295 68.0838 15.3445
103 67.6202 15.1913
24 64.8749 20.1467
821 62.2221 24.9351
959 60.9868 27.1648
675 59.3456 30.1274
555 59.2024 30.3858
781 59.0464 30.6673
358 58.8867 30.9556
250 58.7454 31.2107
458 58.6163 31.4438
55 58.5024 31.6494
828 58.3785 31.8731
6 58.261 32.0851
681 58.13 32.3215
164 58.0145 32.53
831 57.8924 32.7505
865 57.7557 32.9973
873 57.6284 33.227
751 57.4885 33.4796
43 57.3481 33.733
209 57.2297 33.9467
27 57.1038 34.1739
45 56.9712 34.4134
935 56.8337 34.6616
217 56.8337 34.6616
357 56.8337 34.6616
653 48.8842 27.2916
467 47.396 25.9119
191 46.1602 24.7662
19 46.0514 24.6396
421 45.4744 23.9685
586 44.4808 22.8128
419 43.2435 21.3736
337 41.8408 19.7421
64 40.521 18.2069
626 40.4695 18.1471
407 40.4201 18.0896
822 40.3778 18.0404
883 40.3313 17.9863
287 40.2842 17.9316
26 40.2434 17.8841
289 40.2024 17.8364
261 40.15 17.7754
704 40.0933 17.7094
111 40.0429 17.6508
310 39.9908 17.5902
518 39.9354 17.5259
351 36.6705 19.1297
254 33.3328 20.7692
246 33.3328 20.7692
573 33.3328 20.7692
284 33.3328 20.7692
363 33.3328 20.7692
669 33.3328 20.7692
307 32.5475 22.3179
602 31.8803 23.6337
869 31.4489 24.4844
934 31.1804 25.0139
853 29.6849 27.9633
824 29.2688 28.3691
834 28.8748 28.7533
702 28.4255 29.1914
641 27.9152 29.6891
151 27.4978 30.0962
7 27.1236 30.4611
379 26.9203 30.6315
486 26.6562 30.8528
221 26.4208 31.0501
709 26.189 31.2443
529 25.929 31.4622
278 25.6722 31.6774
160 25.4028 31.9032
797 21.3933 35.2632
787 20.8911 34.3495
664 20.5683 33.7622
899 19.9679 32.6699
829 19.5407 31.8927
354 19.0903 31.0734
205 18.6605 30.2915
439 18.1395 29.3435
549 17.8393 28.7974
121 17.3626 27.9302
943 16.81 26.9248
902 16.2261 25.8626
836 15.6877 24.8831
915 15.1037 23.8207
643 13.8868 21.6067
8 10.8899 16.1543
488 10.8655 16.1098
402 10.8655 16.1098
674 10.8655 16.1098
362 10.8655 16.1098
722 10.8655 16.1098
629 10.8655 16.1098
881 10.8655 16.1098
348 10.8655 16.1098
61 10.8655 16.1098
646 10.8655 16.1098
187 10.8655 16.1098
412 10.8655 16.1098
812 10.8655 16.1098
211 11.0541 17.2835
588 11.2616 18.5749
741 11.4806 19.938
366 11.6894 21.237
572 11.9674 22.9674
682 12.2012 24.4223
655 13.703 33.7691
474 13.703 33.7691
673 13.1127 33.7771
268 12.5574 33.7846
331 11.9737 33.7925
74 11.9166 33.7933
384 11.8656 33.794
258 11.8072 33.7948
299 11.7576 33.7955
133 11.7095 33.7961
4 11.6592 33.7968
898 11.6133 33.7974
32 11.6133 33.7974
123 11.6133 33.7974
514 11.6133 33.7974
710 11.6133 33.7974
794 11.6133 33.7974
455 11.6133 33.7974
963 11.6133 33.7974
661 11.6186 33.9923
86 11.6516 35.2097
499 11.7278 38.0189
328 11.814 38.1593
612 12.8731 39.8851
985 13.013 40.113
770 13.1689 40.3671
228 13.3265 40.6238
496 13.4811 40.8758
10 13.6113 41.088
958 13.7475 41.3098
805 13.9053 41.567
731 14.0194 41.753
46 14.1354 41.9419
87 14.2635 42.1507
652 14.4144 42.3965
858 14.5649 42.6418
749 14.6852 42.8378
182 14.815 43.0494
534 14.9311 43.2384
700 15.04 43.4159
65 15.1635 43.6172
476 15.3078 43.8523
142 15.4552 44.0926
938 15.5857 44.3052
908 15.6959 44.4847
949 15.7945 44.6454
283 15.8888 44.799
212 16.0036 44.9862
616 16.1326 45.1963
423 16.2678 45.4165
956 16.418 45.6614
78 16.5229 45.8323
542 16.6389 46.0214
37 16.7547 46.21
758 16.8698 46.3976
913 16.9837 46.5831
125 16.9837 46.5831
388 16.9837 46.5831
336 16.1988 47.7275
589 15.5795 48.6306
677 15.5795 48.6306
525 15.5795 48.6306
990 15.0336 48.7094
148 14.5451 48.7799
723 14.0414 48.8526
663 13.1457 48.9819
936 12.1629 49.1237
330 11.1985 49.2629
352 11.1482 49.5343
154 11.1031 49.7768
341 11.0566 50.0271
47 11.0099 50.2789
841 10.9669 50.5104
312 10.9245 50.7387
128 10.8766 50.9968
373 10.8272 51.2626
909 10.7797 51.5186
863 10.7337 51.766
174 10.654 52.1954
489 10.5753 52.6194
925 10.492 53.0676
166 10.4214 53.4477
57 10.3546 53.8077
708 10.2825 54.1962
505 10.2144 54.5626
100 10.1416 54.9546
116 10.0667 55.3581
347 9.96785 55.8904
703 9.90127 56.2489
222 9.841 56.5735
939 9.75649 57.0286
451 9.94043 57.0161
760 9.94043 57.0161
214 9.94043 57.0161
218 9.94043 57.0161
122 9.94043 57.0161
303 9.94043 57.0161
463 9.94043 57.0161
157 9.94043 57.0161
972 10.1443 57.0912
764 10.3307 57.1598
527 10.4959 57.2206
77 10.6723 57.2855
849 11.2595 57.5017
422 12.9432 58.1215
846 14.2418 58.5996
729 14.982 58.8721
196 15.4661 59.0503
772 16.0018 59.2474
279 16.5222 59.439
981 17.0749 59.6425
565 17.5765 59.8271
114 18.1285 60.0303
329 18.7219 60.2488
411 19.2919 60.4586
897 19.8509 60.6643
924 20.3909 60.8631
132 20.8953 61.0488
970 21.3846 61.2289
220 23.8061 62.1204
599 23.8062 62.1204
957 23.8062 62.1204
903 23.8062 62.1204
552 23.8063 62.1204
349 23.8063 62.1204
130 23.8063 62.1204
789 23.8063 62.1204
574 23.9984 62.0027
526 24.1837 61.889
635 24.3783 61.7697
275 24.7669 61.5314
507 25.2063 61.2619
34 25.6185 61.0091
59 26.0434 60.7485
267 26.4409 60.5048
720 26.798 60.2858
971 27.1725 60.0561
137 27.6165 59.7838
390 28.0238 59.534
733 28.4462 59.275
269 28.9235 58.9823
596 29.304 58.7489
291 29.6759 58.5208
359 30.0168 58.3118
576 30.4019 58.0757
901 30.651 57.9229
382 30.9454 57.7423
180 31.3101 57.5187
237 31.4722 57.4192
56 31.6185 57.3295
912 31.7742 57.2341
891 31.9324 57.1371
365 32.0861 57.0428
30 32.249 56.9429
765 32.4102 56.844
732 32.5712 56.7453
809 32.7148 56.6572
308 32.8533 56.5723
493 33.0064 56.4784
778 33.1707 56.3776
839 33.3268 56.2819
281 33.4967 56.1777
688 33.4125 56.1093
508 33.3392 56.0498
510 33.2704 55.9939
413 33.2058 55.9414
783 33.1434 55.8908
619 33.1365 55.8852
522 33.1301 55.88
49 33.1227 55.874
79 33.1153 55.8679
89 33.1083 55.8623
735 33.1009 55.8562
756 33.0942 55.8508
922 33.088 55.8458
370 33.0812 55.8403
545 33.0735 55.834
929 33.0672 55.8289
621 33.0612 55.8241
264 32.8486 55.6514
461 32.5389 55.4
104 32.2273 55.1469
603 31.8812 54.866
147 31.5471 54.5947
876 31.219 54.3282
788 30.9056 54.0738
640 30.5742 53.8047
705 30.2358 53.5299
645 29.9133 53.268
127 29.5211 52.9495
698 29.0287 52.5498
475 28.6731 52.261
691 28.353 52.0012
233 28.353 52.0012
324 28.353 52.0012
11 28.353 52.0012
391 28.353 52.0012
771 28.353 52.0012
403 28.998 51.7098
633 29.6763 51.4034
397 30.417 51.0688
687 31.186 50.7213
543 31.7913 50.4479
706 32.4685 50.142
38 33.0505 49.8791
811 33.6358 49.6147
748 33.9572 49.4695
438 34.2773 49.3249
302 34.6567 49.1534
414 35.0626 48.9701
989 35.4937 48.7753
917 35.8838 48.5991
210 36.2181 48.4481
535 36.535 48.3049
480 37.0494 48.0725
848 37.4945 47.8715
679 37.8635 47.7047
716 41.6684 45.986
257 43.1664 45.3093
155 44.2939 44.7999
276 45.4716 44.2679
186 46.5948 43.7605
101 46.5948 43.7605
194 46.8077 43.6105
844 47.0358 43.4498
692 47.2393 43.3063
197 47.4579 43.1523
790 47.6642 43.007
452 47.8762 42.8576
785 48.109 42.6936
843 48.2577 43.0126
492 48.3825 43.2804
63 48.4928 43.5169
355 48.6013 43.7496
472 48.7315 44.0289
594 48.8461 44.2748
377 48.9583 44.5154
66 49.0945 44.8076
870 49.2363 45.1119
930 49.375 45.4094
862 49.5171 45.7144
634 49.6828 46.0698
396 49.9994 46.749
793 50.1565 47.0861
566 50.2652 47.3192
356 50.4528 47.7217
945 50.6976 48.2469
875 50.9284 48.7419
342 51.1611 49.2412
906 51.4013 49.7565
35 51.6966 50.3898
69 51.8872 50.7989
512 52.1088 51.2743
471 52.3892 51.8758
282 52.4374 51.9394
577 52.4815 51.9978
262 52.5243 52.0543
286 52.5696 52.1142
964 52.6138 52.1726
978 52.6495 52.2197
810 52.6901 52.2734
84 52.7283 52.3239
644 52.7594 52.3649
70 53.293 53.7117
625 53.5706 54.4126
907 53.8205 55.0433
85 54.0064 55.5123
117 54.2021 56.0063
623 54.4264 56.5724
647 54.6897 57.2371
519 54.8872 57.7355
798 55.1153 58.3113
538 55.357 58.9213
942 55.5895 59.508
340 55.6927 60.8054
923 55.7268 61.2343
440 55.7752 61.8419
668 55.8178 62.3782
216 55.8543 62.8362
161 55.8922 63.3126
676 55.9317 63.8095
791 55.9731 64.329
109 56.0166 64.8764
188 56.0521 65.3222
484 56.1065 66.006
468 56.1423 66.4555
208 56.1799 66.9281
605 56.2152 67.3718
67 56.248 67.7845
293 56.2802 68.1888
595 56.3345 68.8708
762 56.3943 69.6232
112 56.461 70.4603
509 56.5256 71.2733
460 56.5848 72.0166
857 56.6385 72.6922
94 56.695 73.4016
297 56.7539 74.1424
432 55.4088 73.9236
315 54.1334 73.7161
335 52.8199 73.5025
9 51.2668 73.2498
280 49.526 72.9667
840 47.1235 72.5759
807 47.1235 72.5759
82 47.1235 72.5759
659 47.1235 72.5759
976 47.1235 72.5759
235 47.1235 72.5759
406 47.1235 72.5759
921 47.1235 72.5759
986 47.1235 72.5759
561 47.1235 72.5759
163 47.1235 72.5759
987 47.1235 72.5759
782 47.0846 72.502
755 47.0443 72.4254
802 47.0024 72.3458
179 46.9613 72.2679
800 46.8814 72.1161
743 46.7934 71.9489
617 46.721 71.8114
582 46.6555 71.6869
513 46.5858 71.5547
91 46.5144 71.419
215 46.4462 71.2894
226 46.1728 70.7702
855 45.9096 70.2704
894 45.6577 69.7919
564 45.4094 69.3203
523 44.9272 68.4045
498 44.454 67.5057
683 44.2205 67.5967
533 44.005 67.6807
597 43.8005 67.7604
459 43.4451 67.8989
54 43.116 68.0272
632 42.8249 68.1406
968 42.4625 68.2819
715 41.9613 68.4772
804 41.5221 68.6483
558 41.0844 68.8189
410 40.6009 69.0074
453 40.1188 69.1953
171 38.9449 69.6528
779 37.8258 70.0889
454 36.2086 70.7192
888 35.1599 71.1279
927 34.9304 71.2173
587 34.7486 71.2882
189 34.5872 71.3511
134 34.4234 71.4149
689 34.2161 71.4957
144 34.04 71.5643
225 33.842 71.6415
21 33.6236 71.7266
540 33.4259 71.8037
350 33.2162 71.8854
724 32.9879 71.9744
614 32.762 72.0624
175 32.5479 72.1459
404 32.3132 72.2374
80 32.0775 72.3292
910 31.8233 72.4282
571 31.5411 72.5382
252 31.2851 72.638
124 31.0168 72.7426
649 30.7586 72.8432
608 30.4245 72.9734
550 30.3461 73.004
726 30.2715 73.033
658 30.2042 73.0593
578 30.1367 73.0856
327 30.0737 73.1101
537 30.0056 73.1366
479 29.9355 73.164
99 29.8842 73.184
591 29.8362 73.2027
878 29.7829 73.2234
501 29.7233 73.2467
604 29.6615 73.2708
701 29.5984 73.2953
919 29.5458 73.3159
601 27.7022 73.9663
418 26.0948 74.5335
551 25.2686 74.825
825 25.0432 74.9045
361 24.8318 74.9791
162 24.6182 75.0545
443 24.5914 75.0639
946 24.5628 75.074
502 24.5322 75.0848
168 24.504 75.0948
398 24.4755 75.1048
400 24.4473 75.1148
490 24.4228 75.1234
796 24.3949 75.1333
266 24.3712 75.1416
223 24.3465 75.1503
600 24.3169 75.1608
757 24.2892 75.1706
333 24.2618 75.1802
339 24.2342 75.19
270 24.2115 75.198
60 23.5623 75.4271
965 22.8833 75.6666
88 21.996 75.9797
697 21.2667 76.2371
184 20.4943 76.5096
288 19.7538 76.7709
76 19.6758 76.7659
487 19.159 76.7331
113 18.6644 76.7017
950 18.1952 76.6719
93 17.6776 76.6391
326 17.205 76.6091
119 16.6925 76.5765
699 16.2351 76.5475
427 14.8228 75.4695
892 14.2195 75.0089
81 13.5866 74.5258
429 13.0112 74.0866
905 12.4077 73.626
277 11.7196 73.1007
686 11.1209 72.6437
607 10.5762 72.2279
207 10.0873 71.8547
381 9.68292 71.5461
321 9.3407 71.2848
531 8.92569 70.968
799 8.92769 71.0184
728 8.92987 71.0729
219 8.93169 71.1185
500 8.9337 71.1687
338 8.93548 71.2134
680 8.93732 71.2595
97 8.9391 71.3039
131 8.94079 71.3462
747 8.94258 71.3911
3 8.94458 71.4411
482 8.94659 71.4915
739 8.94851 71.5395
948 8.95046 71.5884
784 8.95222 71.6324
192 8.95415 71.6806
255 8.9561 71.7294
524 8.9581 71.7796
879 8.96005 71.8285
717 8.96191 71.875
371 8.96379 71.9221
517 8.96572 71.9703
234 8.96756 72.0164
376 8.97715 72.2565
665 8.98733 72.5113
966 8.99712 72.7564
667 9.00756 73.0179
657 9.01824 73.285
860 9.02864 73.5455
457 9.0385 73.7922
346 9.04775 74.0238
272 9.05646 74.2419
14 9.06597 74.4798
694 9.07648 74.743
890 9.08766 75.0228
224 9.09752 75.2697
298 9.10747 75.5186
734 9.11722 75.7626
325 9.13145 76.1189
445 9.14282 76.4034
560 9.15582 76.7289
630 9.16735 77.0174
570 9.19493 77.7079
991 9.22028 78.3425
615 9.24685 79.0075
426 9.27229 79.6445
503 9.29567 80.2297
639 9.32362 80.9293
944 9.35932 81.8231
556 9.3955 82.7289
405 9.44047 83.855
495 9.44583 83.9892
916 9.45122 84.124
301 9.45662 84.2593
75 9.46156 84.3828
719 9.46711 84.5218
955 9.47241 84.6544
108 9.47817 84.7986
300 9.4835 84.9321
203 9.48877 85.064
401 9.49432 85.2029
374 9.49926 85.3263
759 9.50498 85.4696
31 9.51056 85.6092
433 9.51604 85.7464
830 9.52191 85.8933
240 9.52818 86.0502
90 9.53453 86.2092
557 9.54148 86.3831
364 9.54787 86.5431
247 9.5539 86.694
316 9.55964 86.8378
780 9.56524 86.9779
718 9.57159 87.1369
469 9.57751 87.2851
436 9.58351 87.4352
169 9.58988 87.5946
554 9.59619 87.7526
213 9.64647 89.0116
792 9.64675 89.0185
628 9.64704 89.0258
444 9.64734 89.0334
199 9.64765 89.0414
815 9.64794 89.0485
399 9.64823 89.0557
546 9.64853 89.0632
95 9.64884 89.0711
178 9.64915 89.0789
386 9.64949 89.0875
969 9.64983 89.0959
304 9.65014 89.1037
736 9.65044 89.1114
585 9.65078 89.1198
1 9.65108 89.1273
39 9.6514 89.1354
678 9.6517 89.143
914 9.652 89.1504
953 9.6523 89.158
447 9.6526 89.1656
803 9.65291 89.1733
106 9.65324 89.1816
827 9.65355 89.1894
263 9.65384 89.1966
868 9.65415 89.2044
547 9.65444 89.2116
13 9.65474 89.2191
750 9.65507 89.2273
236 9.65537 89.2349
380 9.65569 89.2429
435 9.65599 89.2505
200 9.65627 89.2576
988 9.65656 89.2649
693 10.232 89.2229
982 10.8229 89.1798
568 11.3917 89.1383
973 11.9842 89.0951
446 12.5209 89.0559
153 13.0705 89.0158
138 13.708 88.9693
711 14.3696 88.921
227 15.2317 88.8581
58 15.8957 88.8097
637 16.4679 88.768
244 17.346 88.7039
761 18.2189 88.6402
120 18.9632 88.5859
610 19.097 88.5761
73 19.2279 88.5666
50 19.341 88.5583
249 19.4609 88.5496
712 19.5828 88.5407
17 19.711 88.5313
768 19.8512 88.5211
456 19.974 88.5122
44 20.0968 88.5032
714 20.217 88.4944
521 20.3356 88.4858
651 20.4488 88.4775
593 20.5618 88.4693
115 20.6748 88.461
409 20.8061 88.4514
306 20.9294 88.4424
672 21.049 88.4337
786 21.1589 88.4257
430 21.2585 88.4184
885 21.3518 88.4116
491 21.4491 88.4045
776 21.5456 88.3975
36 21.651 88.3898
442 21.7439 88.383
871 21.8547 88.3749
441 21.9624 88.3671
933 22.0623 88.3598
183 22.1654 88.3523
462 22.2689 88.3447
753 22.3793 88.3366
15 22.4874 88.3288
695 22.5943 88.321
833 22.712 88.3124
96 22.8289 88.3038
48 22.9196 88.2972
431 23.2364 88.2741
2 23.5846 88.2487
886 23.8422 88.2299
271 24.1528 88.2073
611 24.3292 88.1944
954 25.484 87.6191
16 26.3408 87.1923
877 27.087 86.8206
230 27.3272 86.7009
707 27.5504 86.5898
470 27.7647 86.483
231 27.9779 86.3768
808 28.1853 86.2735
730 28.3998 86.1666
872 28.5095 86.2382
296 28.6251 86.3136
28 28.7464 86.3928
41 28.8308 86.4479
773 28.9275 86.511
253 29.0222 86.5728
806 29.1153 86.6336
172 29.2133 86.6976
424 29.295 86.7509
360 29.3824 86.8079
368 29.5557 86.921
428 29.7266 87.0326
918 29.9004 87.146
392 30.075 87.26
696 30.2414 87.3686
631 30.4189 87.4845
448 30.4373 87.4844
20 30.4544 87.4843
960 31.1491 87.4795
859 32.1219 87.404
129 33.4844 87.2982
752 34.4985 87.2194
141 34.8093 87.1953
638 35.1409 87.1696
795 35.4848 87.1429
256 35.8403 87.1153
150 36.1957 87.0877
416 36.6108 87.0554
389 36.9867 87.0262
394 37.291 87.0026
167 37.5863 86.9797
92 37.9862 86.9486
53 38.4327 86.914
814 38.8554 86.8812
563 39.2156 86.8532
662 39.2156 86.8532
562 39.4454 87.0702
294 39.675 87.287
292 39.9086 87.5076
241 40.1477 87.7334
193 40.3886 87.9609
265 40.6384 88.1968
248 40.7424 88.2951
146 40.8636 88.4095
763 40.9835 88.5227
343 41.0972 88.6301
181 41.2124 88.739
140 41.3163 88.837
72 41.3302 88.8501
22 41.3446 88.8638
974 41.3599 88.8783
613 41.3748 88.8923
866 41.3897 88.9064
408 41.4042 88.9201
532 41.4197 88.9347
309 41.4197 88.9347
320 41.4197 88.9347
239 41.4197 88.9347
437 41.4197 88.9347
139 41.4197 88.9347
449 41.9887 88.8869
375 42.5677 88.8382
313 43.1466 88.7896
766 43.3584 88.7717
569 43.5925 88.7521
105 43.8524 88.7302
539 44.0896 88.7102
206 44.3258 88.6904
738 44.5636 88.6704
952 44.9163 88.6407
541 45.2001 88.6169
713 45.4713 88.5941
126 45.7565 88.5701
245 46.0199 88.5479
5 46.2526 88.5284
980 46.5229 88.5056
874 46.7399 88.4874
559 47.0705 88.4596
548 47.4223 88.43
536 48.2625 88.3594
961 49.0479 88.2933
259 49.9142 88.2205
856 50.6771 88.1564
861 50.7333 88.1516
319 50.791 88.1468
530 50.856 88.1413
816 50.9289 88.1352
618 50.9902 88.13
851 51.0529 88.1248
367 51.1169 88.1194
737 51.1815 88.1139
754 51.2405 88.109
887 51.2998 88.104
636 51.356 88.0993
940 51.4179 88.0941
690 51.4834 88.0886
118 51.5448 88.0834
895 51.6018 88.0786
434 51.6613 88.0736
896 51.7241 88.0683
624 51.7866 88.0631
477 51.8531 88.0575
511 51.9011 88.0534
305 51.953 88.0491
23 52.0145 88.0439
984 52.0735 88.0389
516 52.1221 88.0348
12 52.1774 88.0302
369 52.2318 88.0256
575 52.2844 88.0212
947 52.3316 88.0172
156 52.3802 88.0131
826 52.4322 88.0088
40 52.4882 88.0041
746 52.5392 87.9998
642 52.5923 87.9953
415 52.6481 87.9906
165 52.6991 87.9863
774 52.755 87.9816
911 52.8117 87.9769
584 52.863 87.9725
185 52.9121 87.9684
882 52.955 87.9648
62 53.0113 87.9601
344 53.0689 87.9552
880 54.6082 87.767
671 56.1233 87.5818
229 57.412 87.4243
992 58.7462 87.2612
317 59.9399 87.1153
620 61.1982 86.9615
177 61.4182 86.6987
544 61.6332 86.4419
845 61.8815 86.1453
52 62.1186 85.8621
813 62.4047 85.5204
145 62.6505 85.2267
823 62.8875 84.9437
42 63.1231 84.6622
202 63.3865 84.3476
417 63.7028 83.9698
931 63.7028 83.9698
864 63.7028 83.9698
937 63.7028 83.9698
622 63.7028 83.9698
801 63.7028 83.9698
481 63.7028 83.9698
775 63.7028 83.9698
817 63.7028 83.9698
769 65.1434 78.3934
832 65.3544 77.9824
579 65.5705 77.5615
83 65.7474 77.2168
904 65.927 76.8668
654 66.0972 76.5352
378 66.2499 76.2377
465 66.4246 75.8975
18 66.626 75.505
900 66.8508 75.0671
847 67.0208 74.7359
395 67.191 74.4043
818 67.4049 73.9876
744 67.6255 73.5578
201 67.8665 73.0883
867 67.8919 73.0388
173 67.9174 72.989
68 67.9454 72.9347
290 67.9708 72.8852
837 67.9978 72.8325
238 68.0264 72.7768
383 68.0553 72.7206
515 68.0553 72.7206
393 68.5141 74.3304
51 69.5808 78.0723
273 71.0997 83.4008
854 71.0997 83.4008
567 71.0997 83.4008
727 71.0997 83.4008
149 73.3919 86.8761
71 73.3919 86.8761
666 73.3919 86.8761
159 73.3919 86.8761
158 73.3919 86.8762
742 73.3919 86.8762
464 73.3919 86.8762
353 74.492 87.2482
285 75.6146 87.6279
580 76.915 88.0676
893 77.2233 88.0879
135 77.5048 88.1064
318 77.6933 88.1188
251 77.9732 88.1372
983 79.9274 88.2657
494 80.4057 88.2972
928 80.9361 88.3321
820 81.3892 87.6166
473 82.0666 86.5469
322 82.7272 85.5039
725 83.4456 84.3695
740 84.2314 83.1286
648 84.9903 81.9304
311 85.7814 80.6811
372 86.4158 79.6794
25 86.4152 79.6618
204 86.4146 79.6417
685 86.4141 79.6246
450 86.4134 79.6036
528 86.4129 79.5854
889 86.4124 79.569
852 86.0417 67.4563
242 86.0111 66.4563
198 85.9961 65.9656
660 85.9913 65.8082
506 85.9808 65.4669
684 85.9714 65.1602
977 85.9623 64.8619
497 85.9535 64.5746
385 85.2366 64.2902
170 84.6658 64.0638
107 84.0044 63.8014
975 82.9375 63.3781
332 82.2789 63.1169
884 81.5924 62.8445
962 78.5811 61.6499
334 78.1672 60.7699
650 77.7927 59.9736
110 77.4406 59.2251
102 77.0245 58.3404
478 76.7058 57.663
425 76.47 57.1616
420 76.2729 56.7425
656 76.0649 56.3002
152 75.8625 55.87
583 75.1138 54.2783
485 74.3649 52.6859
609 73.9659 49.1104
314 73.7131 46.8443
767 73.7131 46.8443
195 73.7131 46.8443
941 73.7131 46.8443
29 73.7131 46.8443
190 73.7131 46.8443
842 73.9878 46.5777
232 74.3138 46.2612
745 74.6321 45.9524
850 74.9102 45.6824
143 75.2388 45.3636
387 75.6148 44.9986
553 76.0059 44.619
951 76.4477 44.1903
838 76.4492 44.186
136 76.4509 44.1816
274 76.4523 44.1776
920 76.4536 44.1741
926 76.4549 44.1705
466 76.4565 44.1663
323 76.4579 44.1623
670 76.4593 44.1586
932 76.4606 44.1548
967 76.4621 44.1509
592 76.4636 44.1466
606 76.4651 44.1425
835 78.1164 39.6127
33 79.5527 35.6727
590 80.6422 32.6841
520 81.6209 29.9992
98 82.8946 26.5054
243 85.5352 19.1588
627 85.752 18.5556
345 85.9457 18.0165
483 86.1415 17.4721
260 85.9385 17.5556
