0,243,260,483,627,345,176,721,979,103,777,295,504,209,355,377,831,581,24,959,781,598,819,45,164,681,6,828,865,821,458,419,873,555,785,55,609,670,63,751,69,19,634,930,844,43,27,35,798,978,85,793,519,577,870,197,66,862,356,945,875,155,594,692,716,653,822,257,289,787,529,790,191,307,934,26,250,869,287,379,883,407,518,351,261,669,702,915,602,709,221,439,64,254,160,643,337,310,284,111,363,626,573,704,246,474,354,902,661,943,836,824,646,258,331,488,899,348,629,741,641,366,211,402,8,812,674,881,722,187,61,455,362,412,682,963,4,588,514,86,125,299,673,65,710,572,794,770,958,863,731,46,985,268,328,10,384,898,133,74,157,499,330,283,123,312,391,758,341,496,909,936,148,990,212,78,87,166,677,214,531,128,234,527,505,489,352,463,703,303,218,652,708,373,122,849,57,534,841,749,972,116,805,760,47,347,925,939,717,142,705,451,897,382,735,784,130,411,589,599,846,601,34,981,100,723,37,403,748,771,174,422,475,698,228,542,222,691,938,908,949,633,233,269,543,797,476,154,616,858,11,324,956,663,397,336,655,182,279,32,612,205,486,7,535,783,829,121,679,700,549,278,423,438,566,811,151,452,935,467,586,480,421,853,664,778,876,906,210,834,276,917,49,525,38,388,461,237,194,512,180,472,706,687,414,619,413,603,756,510,104,913,493,89,533,508,989,522,891,732,848,621,597,342,101,576,804,779,281,498,291,471,147,788,765,267,929,839,922,175,127,302,910,308,523,733,957,903,501,688,79,59,137,729,507,545,645,640,390,965,878,56,365,404,30,894,134,370,264,809,912,591,526,80,270,574,359,21,16,215,697,635,658,2,226,840,730,789,361,537,888,443,571,220,565,720,113,825,901,701,329,327,726,587,132,927,739,192,81,3,398,630,119,971,349,333,339,946,168,275,99,162,272,764,114,196,266,600,772,381,747,524,255,966,554,376,14,371,207,77,374,427,97,277,517,680,131,799,955,657,694,346,728,433,759,991,298,325,338,639,944,240,970,224,830,890,905,667,734,93,607,948,686,482,503,665,879,445,219,479,400,546,487,502,429,924,500,326,88,457,178,551,860,321,552,560,368,719,247,48,399,892,699,263,90,301,75,615,300,426,401,792,316,570,886,796,203,236,953,547,213,628,446,736,695,95,556,750,868,442,988,436,444,153,169,108,916,31,693,568,637,815,678,380,39,585,1,405,435,106,200,711,138,718,199,982,969,914,827,386,447,933,17,227,803,115,364,780,244,462,249,13,490,578,360,304,973,183,761,833,41,44,418,306,296,557,76,786,36,288,167,696,712,753,608,859,58,776,430,610,604,28,651,495,950,189,124,806,872,454,184,60,223,550,392,50,918,757,409,885,424,431,428,469,548,150,593,441,456,714,768,521,15,871,491,253,139,394,416,954,960,20,738,795,129,73,120,96,22,808,611,631,92,256,231,919,773,271,265,638,146,252,672,72,470,569,141,172,230,707,181,239,613,561,292,614,437,530,649,807,305,82,536,724,662,126,861,689,540,539,309,877,562,564,241,763,408,974,53,5,896,62,618,105,874,766,559,713,541,448,752,516,313,624,156,343,911,449,193,952,947,206,814,532,165,367,511,851,746,882,961,344,23,856,737,375,584,866,434,389,320,335,294,179,659,319,118,642,406,880,245,563,887,163,12,558,513,755,144,225,459,109,802,921,895,582,782,769,94,432,855,800,857,112,484,91,54,596,280,683,410,987,171,715,976,468,235,453,968,248,636,350,826,810,9,625,762,986,654,369,317,229,816,931,259,297,40,465,940,140,415,690,395,575,754,18,177,477,980,774,202,273,775,481,801,904,937,353,544,417,742,648,813,159,818,837,817,71,318,845,992,567,984,622,83,42,823,52,464,185,620,285,580,158,725,666,145,864,740,854,251,149,983,494,820,473,322,928,893,135,889,204,685,311,25,528,372,660,383,684,332,450,884,107,977,497,198,838,951,170,506,900,847,852,420,385,51,962,975,647,173,68,290,744,110,595,509,460,579,393,832,867,727,378,671,617,201,656,152,676,208,286,668,632,161,238,515,964,605,340,440,315,478,293,743,67,84,70,282,942,485,102,842,907,262,850,650,216,190,143,117,767,926,188,396,791,623,538,923,675,217,843,492,186,358,314,932,387,425,644,583,553,941,323,195,466,232,592,334,357,920,967,136,29,242,606,520,745,33,590,98,835,274,
value : 499.698 running time : 60.781591
0 80 20
243 83.4395 16.2666
260 83.9377 15.7259
483 84.3401 15.2891
627 84.3401 15.2891
345 83.8141 15.263
176 76.3626 14.8929
721 75.9065 14.8703
979 75.4971 14.85
103 69.0345 14.5291
777 67.1406 17.8748
295 65.2718 21.1763
504 63.494 24.317
209 60.8657 28.96
355 60.8657 28.96
377 60.8657 28.96
831 60.8657 28.96
581 60.8657 28.96
24 60.8657 28.96
959 60.8657 28.96
781 60.8657 28.96
598 60.8657 28.96
819 60.8657 28.96
45 60.8657 28.96
164 60.8657 28.96
681 60.8657 28.96
6 60.8657 28.96
828 60.8657 28.96
865 60.8657 28.96
821 60.8657 28.96
458 60.8657 28.96
419 60.8657 28.96
873 61.0245 29.5771
555 61.2575 30.4826
785 61.5724 31.7062
55 62.0817 33.6855
609 63.3209 38.5008
670 62.3456 39.3532
63 60.6123 40.868
751 59.8492 41.535
69 58.8197 42.4347
19 58.4862 42.7262
634 58.177 42.9964
930 57.8309 43.2989
844 57.4736 43.6112
43 57.1641 43.8817
27 56.8227 44.18
35 51.9863 48.407
798 51.2886 49.0167
978 51.0906 48.6994
85 50.9212 48.428
793 50.7272 48.1171
519 50.4891 47.7356
577 50.2391 47.3349
870 49.6646 46.4145
197 49.1421 45.5771
66 48.7145 44.892
862 48.3074 44.2397
356 47.9635 43.6887
945 47.6589 43.2006
875 47.3051 42.6337
155 46.8825 41.9565
594 46.4814 41.3139
692 44.7836 38.5932
716 43.4826 36.5086
653 38.3142 28.2263
822 38.3142 28.2263
257 38.3142 28.2263
289 38.3142 28.2263
787 38.3142 28.2263
529 38.3142 28.2263
790 38.3142 28.2263
191 38.3142 28.2263
307 38.3142 28.2263
934 38.3142 28.2263
26 38.3142 28.2263
250 38.3142 28.2263
869 38.3142 28.2263
287 37.3888 21.3998
379 37.2558 20.4189
883 37.0639 19.0035
407 36.8597 17.4975
518 36.7059 16.3633
351 35.7388 16.84
261 34.8049 17.3004
669 33.8698 17.7613
702 32.8593 18.2594
915 32.1702 18.5991
602 31.753 18.8048
709 31.753 18.8048
221 31.753 18.8048
439 31.753 18.8048
64 31.753 18.8048
254 31.753 18.8048
160 31.753 18.8048
643 31.2764 18.7469
337 30.9025 18.7014
310 30.4414 18.6454
284 29.8698 18.5759
111 29.3958 18.5183
363 28.841 18.4509
626 28.2467 18.3786
573 27.651 18.3062
704 26.8465 18.2085
246 25.7212 18.0717
474 24.5728 17.9321
354 23.6797 17.8236
902 22.6162 17.6943
661 21.566 17.5667
943 20.6619 17.4568
836 20.1749 17.3579
824 19.7752 17.2768
646 13.5411 16.0113
258 12.2498 15.7491
331 12.2498 15.7491
488 12.2498 15.7491
899 12.2498 15.7491
348 12.2069 15.7277
629 12.1656 15.7071
741 12.1328 15.6908
641 12.1002 15.6745
366 12.0586 15.6538
211 12.0179 15.6335
402 11.9803 15.6148
8 11.9381 15.5937
812 11.8915 15.5705
674 11.8772 15.8972
881 11.8639 16.201
722 11.8488 16.5459
187 11.8056 17.5326
61 11.7676 18.3993
455 11.7255 19.3606
362 11.6904 20.1603
412 11.6528 21.0198
682 11.6126 21.9378
963 11.5619 23.0938
4 11.5136 24.196
588 11.4735 25.1105
514 11.4097 26.5628
86 11.3617 27.6596
125 11.329 28.4051
299 11.3076 28.8948
673 11.284 29.4324
65 11.2569 30.051
710 11.2351 30.5502
572 11.2114 31.0908
794 11.1854 31.6835
770 11.1542 32.3956
958 11.1335 32.8688
863 11.1141 33.3118
731 11.0967 33.7083
46 11.0825 34.0336
985 11.0695 34.3306
268 11.056 34.6397
328 11.0394 35.0176
10 11.0392 35.0223
384 11.039 35.0269
898 11.0388 35.031
133 11.0246 35.3552
74 11.0084 35.7247
157 10.7209 42.2805
499 10.6939 42.8949
330 10.6662 43.5263
283 10.6379 44.1709
123 10.6063 44.8909
312 10.5743 45.6219
391 10.5432 46.3299
758 10.5399 46.4051
341 10.5368 46.4759
496 10.5337 46.5455
909 10.5306 46.6159
936 10.5276 46.6847
148 10.5249 46.7462
990 10.5221 46.8101
212 10.5191 46.8789
78 10.5159 46.9514
87 10.5127 47.0247
166 10.4389 48.7075
677 10.3878 49.87
214 10.3478 50.7825
531 10.311 51.6212
128 10.2952 51.9806
234 10.2741 52.4618
527 10.2669 52.6252
505 10.2599 52.7856
489 10.2525 52.9544
352 10.2447 53.1321
463 10.2367 53.3135
703 10.2275 53.5233
303 10.2203 53.6864
218 10.2131 53.8517
652 10.2063 54.0067
708 10.1981 54.1921
373 10.1906 54.3629
122 10.1823 54.5524
849 10.1746 54.727
57 10.1676 54.8886
534 10.1602 55.0559
841 10.1522 55.2388
749 10.1435 55.437
972 10.1339 55.6554
116 10.125 55.8572
805 10.1139 56.1102
760 10.1018 56.386
47 10.0913 56.6266
347 10.079 56.9073
925 10.0688 57.1386
939 10.0582 57.3809
717 10.0582 57.3809
142 12.9291 56.2944
705 14.0201 55.8815
451 14.7437 55.6076
897 15.3879 55.3638
382 15.9925 55.135
735 16.1939 55.0588
784 16.3655 54.9938
130 16.6205 54.8973
411 16.8947 54.7935
589 17.2035 54.6766
599 17.5924 54.5294
846 17.5924 54.5294
601 17.5924 54.5294
34 17.9769 53.9716
981 18.3601 53.4156
100 18.7545 52.8433
723 19.4095 51.8929
37 19.8505 51.253
403 20.1913 50.7585
748 20.5187 50.2834
771 20.5929 50.1759
174 20.6679 50.067
422 20.748 49.9507
475 20.8404 49.8166
698 20.9172 49.7053
228 20.9989 49.5867
542 21.0734 49.4787
222 21.1558 49.359
691 21.2421 49.2339
938 21.3436 49.0866
908 21.4482 48.9348
949 21.5452 48.7941
633 21.6364 48.6618
233 21.7273 48.5298
269 21.8388 48.368
543 21.9346 48.2291
797 22.0205 48.1045
476 22.1093 47.9756
154 22.1941 47.8525
616 22.3073 47.6883
858 22.4182 47.5274
11 22.5428 47.3466
324 22.6423 47.2022
956 22.7513 47.044
663 22.8833 46.8526
397 23.0096 46.6693
336 23.1159 46.5151
655 23.3368 46.1946
182 23.5172 45.9328
279 23.7462 45.6005
32 24.096 45.0929
612 24.4126 44.6336
205 24.6753 44.2524
486 24.9079 43.915
7 25.0127 43.7629
535 25.1011 43.6346
783 25.2036 43.486
829 25.3038 43.3406
121 25.3963 43.2064
679 25.3963 43.2064
700 25.3963 43.2064
549 25.9193 42.791
278 26.3965 42.4119
423 26.3965 42.4119
438 28.5024 42.0391
566 31.0897 41.5811
811 32.3655 41.3552
151 33.7834 41.1042
452 35.4861 40.8027
935 36.5782 40.6094
467 37.2756 40.486
586 37.4881 40.6449
480 37.7158 40.815
421 37.9352 40.979
853 38.1405 41.1325
664 38.3483 41.2878
778 38.619 41.4903
876 38.8703 41.6781
906 39.124 41.8678
210 39.124 41.8678
834 39.124 41.8678
276 39.0236 42.574
917 38.9336 43.2073
49 38.8358 43.8958
525 38.7529 44.4785
38 38.6986 44.8607
388 38.6423 45.2568
461 38.5786 45.7052
237 38.5212 46.1089
194 38.473 46.4479
512 38.4217 46.8089
180 38.3693 47.1772
472 38.3199 47.5246
706 38.272 47.8615
687 38.2194 48.2316
414 38.1572 48.6691
619 38.0773 49.2314
413 37.9931 49.824
603 37.9054 50.4411
756 37.8221 51.0268
510 37.7676 51.4104
104 37.7354 51.6369
913 37.7089 51.823
493 37.6789 52.0345
89 37.6535 52.2131
533 37.6283 52.3901
508 37.6055 52.5504
989 37.5814 52.72
522 37.5517 52.9294
891 37.5198 53.1538
732 37.4911 53.3555
848 37.4666 53.5278
621 37.3874 54.085
597 37.3147 54.5963
342 37.2455 55.0831
101 37.1379 55.8404
576 37.0154 56.7019
804 36.9046 57.482
779 36.805 58.1827
281 36.805 58.1827
498 36.805 58.1827
291 36.8022 58.1958
471 36.7997 58.2075
147 36.7973 58.2189
788 36.7943 58.2329
765 36.7915 58.2462
267 36.7889 58.2584
929 36.7863 58.2709
839 36.7835 58.2838
922 36.7808 58.2967
175 36.7778 58.3107
127 36.7754 58.3223
302 36.7727 58.3349
910 36.6629 58.853
308 36.5886 59.2035
523 36.5205 59.5251
733 36.4709 59.7591
957 36.4227 59.9864
903 36.3724 60.2238
501 36.3271 60.4376
688 36.2918 60.6042
79 36.24 60.8486
59 36.1934 61.0684
137 36.1393 61.3236
729 36.0884 61.5642
507 36.0394 61.7953
545 35.9929 62.0145
645 35.9156 62.3794
640 35.8407 62.7327
390 35.7609 63.1093
965 35.6844 63.4703
878 35.618 63.7838
56 35.5585 64.0643
365 35.4966 64.3565
404 35.4324 64.6596
30 35.3755 64.928
894 35.3083 65.2451
134 35.2512 65.5144
370 35.203 65.7419
264 35.1182 66.1422
809 35.0067 66.6683
912 34.8726 67.3012
591 34.7078 68.0786
526 34.5608 68.7724
80 34.4718 69.1926
270 34.3802 69.6249
574 34.3048 69.9805
359 34.2313 70.3275
21 34.1473 70.7239
16 34.052 71.1733
215 33.9758 71.5332
697 33.1806 71.3757
635 33.0564 71.3511
658 32.9524 71.3305
2 32.867 71.3136
226 32.6894 71.2784
840 32.4904 71.239
730 30.3142 70.808
789 28.1545 70.3803
361 26.1538 69.984
537 25.1237 69.78
888 24.0106 69.5596
443 22.867 69.3331
571 21.7713 69.1161
220 19.7822 68.7221
565 17.6944 68.3086
720 17.6533 68.3546
113 17.6045 68.4091
825 17.5619 68.4566
901 17.5293 68.4931
701 17.4813 68.5466
329 17.4396 68.5932
327 17.3933 68.6449
726 17.3451 68.6988
587 17.3048 68.7438
132 17.2604 68.7934
927 17.2148 68.8442
739 17.17 68.8943
192 17.124 68.9457
81 17.0773 68.9979
3 17.03 69.0507
398 16.9838 69.1022
630 16.9382 69.1531
119 16.8925 69.2042
971 16.8519 69.2496
349 16.807 69.2997
333 16.7524 69.3607
339 16.5028 69.5467
946 16.2813 69.7117
168 16.0614 69.8755
275 15.866 70.0211
99 15.6462 70.1848
162 15.42 70.3533
272 15.2135 70.5072
764 15.0149 70.6552
114 14.7537 70.8497
196 14.4908 71.0456
266 14.1489 71.3004
600 13.7433 71.6025
772 13.3288 71.9113
381 12.4231 72.5861
747 12.2752 72.6963
524 11.9757 72.9194
255 11.5869 73.2091
966 11.2284 73.4762
554 11.2728 74.0387
376 11.2747 74.0628
14 11.2769 74.0908
371 11.2792 74.1189
207 11.2816 74.1493
77 11.2837 74.1764
374 11.2861 74.2073
427 11.2883 74.235
97 11.2905 74.2628
277 11.2928 74.2922
517 11.2952 74.3218
680 11.2975 74.3505
131 11.2998 74.3804
799 11.3027 74.4167
955 11.3058 74.4557
657 11.3083 74.4875
694 11.3108 74.5193
346 11.3134 74.5526
728 11.3161 74.5867
433 11.3187 74.6194
759 11.3212 74.6513
991 11.3234 74.6795
298 11.3257 74.7083
325 11.328 74.7378
338 11.3301 74.7635
639 11.3325 74.7944
944 11.335 74.8261
240 11.3372 74.854
970 11.3391 74.8783
224 11.3417 74.9103
830 11.3442 74.9421
890 11.3465 74.9713
905 11.3487 74.9994
667 11.3506 75.0238
734 11.3527 75.0499
93 11.3553 75.0831
607 11.3553 75.0831
948 11.3553 75.0831
686 11.3553 75.0831
482 11.3553 75.0831
503 11.3553 75.0831
665 11.3553 75.0831
879 11.3553 75.0831
445 11.3553 75.0831
219 11.3553 75.0831
479 11.3553 75.0831
400 11.3553 75.0831
546 11.3553 75.0831
487 11.3553 75.0831
502 11.3553 75.0831
429 11.3553 75.0831
924 11.3553 75.0831
500 11.3553 75.0831
326 11.3553 75.0831
88 11.3553 75.0831
457 11.3553 75.0831
178 11.3553 75.0831
551 11.3553 75.0831
860 11.3553 75.0831
321 11.3553 75.0831
552 11.3553 75.0831
560 10.9905 80.1696
368 10.616 85.3907
719 10.5415 85.4702
247 10.4775 85.5385
48 10.4159 85.6043
399 10.3508 85.6738
892 10.2838 85.7453
699 10.2178 85.8158
263 10.1486 85.8896
90 10.0854 85.9571
301 10.0234 86.0232
75 9.96223 86.0885
615 9.90173 86.1531
300 9.83908 86.22
426 9.78042 86.2826
401 9.72136 86.3456
792 9.66455 86.4063
316 9.61037 86.4641
570 9.55447 86.5238
886 9.50305 86.5787
796 9.43421 86.6522
203 9.21431 86.887
236 9.00495 87.1105
953 8.78 87.3507
547 8.56581 87.5794
213 8.36002 87.7991
628 8.36002 87.7991
446 8.36002 87.7991
736 8.36002 87.7991
695 8.36002 87.7991
95 8.36002 87.7991
556 8.36002 87.7991
750 8.52672 88.3469
868 8.53003 88.3578
442 8.53321 88.3682
988 8.5363 88.3784
436 8.63272 88.373
444 8.72335 88.368
153 8.81444 88.3629
169 8.90774 88.3577
108 9.00679 88.3522
916 9.11213 88.3463
31 9.19801 88.3416
693 9.27855 88.3371
568 9.36427 88.3323
637 9.45025 88.3276
815 9.53741 88.3227
678 9.61554 88.3184
380 9.70046 88.3136
39 9.78694 88.3088
585 9.87802 88.3038
1 9.97775 88.2982
405 10.0673 88.2933
435 10.1606 88.2881
106 10.3648 88.2767
200 10.5886 88.2643
711 10.809 88.252
138 11.0301 88.2397
718 11.2384 88.2282
199 11.4588 88.2159
982 11.6859 88.2033
969 11.8973 88.1915
914 12.1378 88.1782
827 12.3955 88.1638
386 12.7917 88.1418
447 13.1587 88.1214
933 13.6045 88.0966
17 13.977 88.0759
227 14.3262 88.0565
803 14.5659 88.0432
115 14.8789 88.0258
364 15.1439 88.0111
780 15.474 87.9927
244 15.8303 87.9729
462 16.1644 87.9543
249 16.5055 87.9354
13 16.8261 87.9175
490 17.1563 87.8992
578 17.4396 87.8834
360 17.6877 87.8697
304 17.9332 87.856
973 18.2413 87.8389
183 18.5873 87.8196
761 18.9271 87.8007
833 19.2217 87.7844
41 19.5215 87.7677
44 19.7988 87.7523
418 20.078 87.7368
306 20.3499 87.7217
296 20.4873 87.714
557 20.603 87.7076
76 20.7584 87.699
786 20.9033 87.6909
36 21.0214 87.6843
288 21.1351 87.678
167 21.2595 87.6711
696 21.3723 87.6648
712 21.4796 87.6589
753 21.5975 87.6523
608 21.7176 87.6456
859 21.8445 87.6386
58 21.9624 87.632
776 22.0864 87.6251
430 22.2289 87.6172
610 23.4521 86.9961
604 24.6694 86.3778
28 24.6694 86.3778
651 24.777 85.9887
495 24.8986 85.5487
950 25.0067 85.1578
189 25.4909 85.5884
124 25.5019 85.6982
806 25.5137 85.816
872 25.5256 85.9336
454 25.5381 86.0583
184 25.5518 86.1951
60 25.5652 86.3276
223 25.5794 86.4687
550 25.595 86.6245
392 25.6117 86.7909
50 25.6271 86.9433
918 25.6413 87.0852
757 25.6555 87.2264
409 25.6723 87.3935
885 25.6851 87.5206
424 25.6978 87.6464
431 25.7106 87.774
428 25.7249 87.9162
469 25.7396 88.0624
548 25.7545 88.211
150 25.7686 88.3506
593 25.7829 88.4932
441 25.7957 88.6204
456 25.8076 88.7386
714 25.8192 88.8538
768 25.8288 88.9493
521 25.8378 89.0395
15 25.8464 89.1249
871 26.5605 89.0764
491 27.4341 89.0171
253 29.8451 88.8535
139 32.1339 88.6982
394 32.1339 88.6982
416 32.1339 88.6982
954 32.1339 88.6982
960 32.1339 88.6982
20 32.1339 88.6982
738 32.1339 88.6982
795 32.1339 88.6982
129 32.1339 88.6982
73 32.1339 88.6982
120 32.1339 88.6982
96 32.1339 88.6982
22 32.1339 88.6982
808 32.1339 88.6982
611 32.1339 88.6982
631 32.2956 88.6677
92 32.5094 88.6275
256 32.7224 88.5874
231 32.9376 88.5469
919 33.148 88.5073
773 33.3606 88.4673
271 33.5863 88.4249
265 33.8103 88.3827
638 34.0729 88.2378
146 34.3385 88.0911
252 34.6062 87.9434
672 34.7792 87.8478
72 34.9673 87.744
470 35.1636 87.6356
569 35.3717 87.5207
141 35.5792 87.4062
172 35.793 87.2882
230 35.9985 87.1747
707 36.2042 87.0611
181 36.4243 86.9396
239 36.6831 86.7967
613 36.8926 86.6811
561 37.155 86.5362
292 37.3924 86.4052
614 37.6326 86.2726
437 37.8594 86.1474
530 38.1028 86.013
649 38.3061 85.9008
807 38.5196 85.7829
305 38.7286 85.6675
82 38.9387 85.5516
536 39.1321 85.4448
724 39.2943 85.3552
662 39.3447 85.3274
126 39.3956 85.2993
861 39.4438 85.2727
689 39.4438 85.2727
540 39.7451 85.5999
539 40.161 86.0513
309 40.5434 86.4664
877 40.8866 86.839
562 41.2143 87.1948
564 41.5749 87.5862
241 41.9673 88.0121
763 42.4008 88.4827
408 42.7991 88.9151
974 43.1777 89.326
53 43.3776 89.5431
5 43.5771 89.7596
896 43.7555 89.9533
62 43.7555 89.9533
618 43.7555 89.9533
105 43.7555 89.9533
874 43.7555 89.9533
766 43.7555 89.9533
559 43.7555 89.9533
713 43.7555 89.9533
541 43.7555 89.9533
448 43.7555 89.9533
752 43.7555 89.9533
516 45.0177 90.0168
313 46.1228 90.0724
624 46.9574 90.1145
156 47.5818 90.1459
343 48.2204 90.178
911 48.9569 90.2151
449 48.9533 90.172
193 48.9496 90.1284
952 48.947 90.0967
947 48.944 90.0611
206 48.9412 90.0281
814 48.9384 89.995
532 48.9359 89.9656
165 48.9331 89.9321
367 48.9304 89.8994
511 48.9276 89.8668
851 48.9246 89.831
746 48.9219 89.7984
882 48.9193 89.7671
961 48.9164 89.7331
344 48.9135 89.6989
23 48.9105 89.6626
856 48.9073 89.625
737 48.9017 89.5582
375 48.8963 89.4937
584 48.8908 89.4287
866 48.8682 89.1592
434 48.8451 88.884
389 48.7856 88.1753
320 48.7108 87.2856
335 48.636 86.3948
294 48.5747 85.6647
179 48.5251 85.0737
659 48.4763 84.4927
319 48.4286 83.9251
118 48.3829 83.3816
642 48.314 82.5614
406 48.2492 81.7888
880 48.1814 80.9821
245 48.1111 80.1447
563 48.024 79.1086
887 47.9449 78.1666
163 47.7919 76.3447
12 47.76 75.965
558 47.6873 75.0996
513 47.6688 74.8793
755 47.6499 74.6545
144 47.628 74.3936
225 47.606 74.1314
459 47.5857 73.89
109 47.5713 73.7186
802 47.5569 73.5474
921 47.5413 73.3613
895 47.5253 73.1705
582 47.5079 72.9632
782 47.4907 72.7589
769 47.4725 72.5419
94 47.4544 72.3263
432 47.4356 72.1031
855 47.4163 71.8729
800 47.3999 71.6772
857 47.381 71.4528
112 47.3614 71.2192
484 47.3421 70.9892
91 47.3231 70.7631
54 47.3023 70.5154
596 47.4145 70.5263
280 47.9274 70.5762
683 48.1043 70.5934
410 48.3096 70.6134
987 48.5423 70.636
171 48.6901 70.6504
715 48.8738 70.6683
976 49.0913 70.6894
468 49.35 70.7146
235 49.5655 70.7356
453 49.7896 70.7574
968 50.005 70.7783
248 50.1975 70.797
636 50.4145 70.8181
350 50.626 70.8387
826 50.89 70.8644
810 51.1622 70.8909
9 51.4301 71.2556
625 51.6531 71.5591
762 52.8687 73.2141
986 54.5774 75.5404
654 57.2958 79.2411
369 57.424 79.4822
317 57.5454 79.7104
229 57.6578 79.9217
816 57.7777 80.1469
931 57.8869 80.3522
259 57.9951 80.5556
297 58.1027 80.7578
40 58.2065 80.9529
465 58.3071 81.142
940 58.3858 81.29
140 58.476 81.4594
415 58.5715 81.6389
690 58.6677 81.8198
395 58.7535 81.9809
575 58.8444 82.1519
754 58.9397 82.3309
18 59.0271 82.4953
177 59.1291 82.6869
477 59.2178 82.8536
980 59.3028 83.0134
774 59.3768 83.1526
202 60.508 83.4444
273 61.7007 83.752
775 62.5908 83.9815
481 63.1996 84.1385
801 63.7538 84.2815
904 64.396 84.4471
937 65.749 84.7961
353 66.969 85.1107
544 67.8331 85.3336
417 68.5602 85.5212
742 69.2251 85.6926
648 69.8019 85.8414
813 69.8019 85.8414
159 69.8019 85.8414
818 69.8019 85.8414
837 69.8019 85.8414
817 69.8083 85.9699
71 69.8129 86.0635
318 69.8188 86.1828
845 69.8237 86.2814
992 69.8287 86.3811
567 69.8331 86.4696
984 69.8375 86.5592
622 69.8415 86.6407
83 69.8456 86.7216
42 69.851 86.8305
823 69.8556 86.9246
52 69.8605 87.0226
464 69.865 87.1137
185 69.8693 87.2009
620 71.3002 87.3716
285 73.357 87.617
580 75.5207 87.8752
158 75.5207 87.8752
725 75.5207 87.8752
666 75.5207 87.8752
145 75.5207 87.8752
864 75.5207 87.8752
740 75.5207 87.8752
854 75.5208 87.8752
251 75.5208 87.8752
149 75.5208 87.8752
983 79.4589 88.1759
494 79.7615 88.199
820 80.0882 88.2239
473 80.4105 88.2485
322 80.7148 88.2718
928 81.0109 88.2944
893 81.0371 88.2533
135 81.0659 88.2081
889 82.5658 85.8573
204 83.8619 83.8259
685 84.5223 82.7908
311 85.1382 81.8255
25 85.5636 81.1586
528 85.9631 80.5325
372 86.3518 79.9232
660 86.0082 75.4104
383 85.6791 71.0887
684 85.519 68.9863
332 85.4359 67.8951
450 85.3398 66.632
884 85.1702 64.4049
107 85.1303 63.8807
977 85.1012 63.4989
497 85.0711 63.1035
198 84.8194 62.8875
838 84.596 62.6958
951 84.3993 62.527
170 83.3663 62.909
506 80.9342 63.8085
900 75.5374 65.8041
847 71.5291 67.2863
852 71.2627 67.3848
420 70.9639 67.4954
385 70.6677 67.6049
51 70.3029 67.7398
962 70.002 67.8511
975 69.705 67.9609
647 69.3729 68.0838
173 69.0704 68.1956
68 68.7991 68.296
290 68.5258 68.3971
744 68.2548 68.4973
110 68.0017 68.5909
595 67.6961 68.7039
509 67.3824 68.8199
460 67.1121 68.9199
579 66.8892 69.0024
393 66.6191 69.1023
832 66.3409 69.2052
867 66.1333 69.2819
727 65.8917 69.3713
378 65.632 69.4674
671 65.1545 68.8217
617 64.6037 68.077
201 64.6037 68.077
656 63.9031 67.613
152 62.6429 66.7783
676 56.9207 62.9885
208 56.9207 62.9885
286 56.9207 62.9885
668 56.9207 62.9885
632 56.9207 62.9885
161 56.9207 62.9885
238 56.9207 62.9885
515 56.9207 62.9885
964 56.9207 62.9885
605 56.9207 62.9885
340 56.9207 62.9885
440 56.9207 62.9885
315 56.9207 62.9885
478 57.2254 62.4157
293 57.4813 61.9345
743 57.7143 61.4966
67 57.9955 60.9678
84 58.2717 60.4485
70 58.591 59.8482
282 58.8067 59.4428
942 59.072 58.9438
485 59.3025 58.5105
102 59.5294 58.0839
842 59.7273 57.7119
907 59.8895 57.4069
262 60.0681 57.0712
850 60.251 56.7272
650 60.251 56.7272
216 60.251 56.7272
190 60.3047 56.4386
143 60.3583 56.1498
117 60.3996 55.9273
767 60.4379 55.7214
926 60.4785 55.5027
188 60.513 55.3169
396 60.5501 55.1171
791 60.5857 54.9257
623 60.6375 54.6472
538 60.6828 54.4029
923 60.7343 54.1257
675 60.9347 53.0478
217 60.9347 53.0478
843 60.9347 53.0478
492 61.1801 52.8317
186 62.2053 51.9291
358 65.6598 48.8882
314 67.1775 48.7782
932 69.0197 48.6445
387 69.879 48.5822
425 70.1496 48.5626
644 70.3901 48.5452
583 70.6951 48.5231
553 70.9804 48.5024
941 71.2627 48.4819
323 71.5258 48.4629
195 71.8292 48.4409
466 72.0924 48.4218
232 72.3603 48.4024
592 72.6542 48.3811
334 72.9214 48.3617
357 73.2866 48.2053
920 73.8561 47.9614
967 74.3648 47.7436
136 74.8737 47.5257
29 75.074 47.44
242 75.2995 47.3434
606 75.7771 46.1241
520 78.7357 38.5701
745 79.4758 36.6807
33 80.5643 33.9016
590 81.4046 31.7562
98 82.2114 29.6963
835 82.1522 29.4369
274 82.0675 29.0654
