0,103,777,581,598,721,295,176,504,751,785,959,821,831,24,6,819,55,781,209,828,681,19,164,873,555,289,865,421,467,586,917,191,419,853,935,257,250,27,337,844,529,7,573,111,934,310,704,518,287,669,653,26,351,626,407,822,883,899,354,278,379,64,643,439,602,246,915,641,307,943,121,902,787,824,702,869,160,834,284,709,363,261,221,549,612,836,486,812,366,741,588,211,187,258,682,8,348,254,674,474,362,455,412,331,488,881,402,572,722,646,61,74,299,661,963,673,629,87,384,829,499,514,86,133,710,268,898,4,794,328,664,78,65,151,391,302,438,748,706,38,783,688,913,413,535,687,543,811,414,691,11,938,182,771,797,37,154,212,956,698,142,397,949,476,525,908,205,663,863,283,125,655,312,985,46,731,958,10,228,770,723,463,534,708,858,749,700,336,128,174,542,100,936,148,279,403,123,222,423,32,652,990,496,330,341,616,47,373,157,925,116,841,909,527,677,218,489,57,849,805,122,422,760,352,166,758,739,703,565,772,233,589,505,764,303,234,924,552,214,347,972,77,531,196,272,939,966,734,747,346,321,220,551,398,162,338,207,132,255,607,657,376,879,948,517,970,686,14,192,381,784,524,119,114,991,451,131,361,630,503,897,981,329,735,635,729,34,689,789,658,501,571,608,482,411,400,680,950,796,537,601,591,965,927,266,327,604,275,526,479,578,697,903,60,730,550,946,168,701,113,99,757,339,333,600,954,878,574,454,124,349,502,443,426,556,360,457,88,560,130,81,3,665,717,224,97,694,427,445,667,639,371,178,277,203,429,374,298,219,326,799,955,728,759,500,888,726,916,90,719,860,825,1,304,401,570,433,953,803,436,153,169,108,405,442,48,830,890,905,554,240,300,944,301,75,615,213,288,637,200,711,138,718,199,982,969,914,827,386,95,546,399,815,444,628,547,13,435,380,236,750,792,106,39,892,699,263,247,868,678,568,31,364,316,780,469,693,446,973,988,585,736,761,593,325,447,487,557,418,490,73,93,495,430,441,933,183,462,15,695,833,424,409,871,753,714,768,58,776,521,115,859,306,885,491,610,50,249,712,17,227,808,184,886,431,41,244,2,611,877,189,120,172,368,428,392,631,296,872,141,456,28,806,253,773,696,918,271,16,150,256,795,76,394,20,651,36,230,672,786,44,167,92,389,139,215,96,960,309,305,974,82,53,448,129,561,807,840,752,223,919,165,265,814,470,231,763,146,226,638,270,126,5,874,952,851,536,766,569,105,539,206,613,738,713,241,292,294,343,181,140,72,22,559,548,707,618,245,415,642,319,911,856,984,980,367,895,575,62,179,896,239,746,320,156,866,532,449,375,437,961,193,416,344,882,541,774,23,737,434,624,516,12,947,826,40,861,816,690,511,800,177,636,317,754,118,185,584,567,280,460,259,406,408,887,369,477,484,563,248,940,229,564,659,313,921,335,782,769,662,56,649,252,986,976,235,894,134,144,523,632,715,282,857,540,350,724,80,225,614,94,562,530,880,315,605,208,987,755,802,743,582,513,91,855,453,410,171,558,765,576,471,910,683,779,30,54,104,264,175,597,281,676,596,498,359,720,971,21,459,404,365,308,839,804,533,929,645,603,89,912,621,59,291,163,510,390,79,732,137,640,788,599,846,382,705,891,545,756,733,587,475,324,493,809,370,633,507,267,388,522,901,269,957,127,778,49,692,480,790,508,619,180,147,566,237,876,342,679,922,989,197,472,210,906,452,66,870,63,875,848,69,194,461,716,512,262,945,862,356,188,978,358,634,377,594,930,623,458,217,43,186,155,923,492,276,843,355,117,45,314,70,606,357,644,810,293,519,798,101,867,595,907,396,485,85,942,538,216,109,290,509,793,791,964,468,238,286,625,617,968,647,112,84,161,35,762,650,577,9,432,937,68,668,378,478,420,837,67,440,340,173,465,975,727,51,962,393,515,71,395,847,900,18,818,775,481,801,654,904,83,152,832,385,744,417,864,845,297,813,202,992,353,931,622,671,318,464,823,285,544,149,42,817,52,893,145,620,273,251,983,158,159,666,580,473,494,820,854,135,928,660,889,742,322,725,25,740,648,685,450,204,311,372,579,528,332,383,110,242,107,170,506,684,850,920,592,497,884,967,274,553,951,838,136,190,852,466,670,932,334,425,198,656,102,767,941,583,195,201,842,143,977,675,609,232,323,745,926,29,590,33,835,520,387,345,98,483,243,627,260,979,
value : 441.084 running time : 232.950187
0 80 20
103 65.3135 15.8368
777 64.9111 16.1253
581 64.5493 16.3847
598 64.2208 16.6202
721 63.9153 16.8392
295 62.8045 17.6355
176 61.7834 18.3675
504 60.1525 19.5367
751 57.1482 21.6904
785 56.6975 22.0135
959 56.4069 22.2218
821 56.075 22.4597
831 55.7412 22.6761
24 55.4112 22.8898
6 54.8163 23.2752
819 54.2297 23.6552
55 53.5209 24.1143
781 52.8405 24.5551
209 52.1009 25.0341
828 51.4361 25.4648
681 50.6987 25.9424
19 50.0177 26.3835
164 49.4386 26.7587
873 48.8345 27.15
555 48.1969 27.5631
289 47.5217 28.0004
865 46.835 28.4452
421 46.1267 28.904
467 45.4842 29.3202
586 44.8615 29.7235
917 44.2601 30.1131
191 44.2601 30.1131
419 44.2601 30.1131
853 44.2601 30.1131
935 44.2601 30.1131
257 44.2601 30.1131
250 44.2601 30.1131
27 44.2601 30.1131
337 43.7996 30.0271
844 43.567 29.9838
529 42.3715 29.7606
7 42.3715 29.7606
573 40.6913 24.9311
111 40.1049 23.2446
934 39.567 21.6974
310 38.9782 20.0037
704 38.4275 18.4198
518 37.9058 16.9193
287 37.2744 17.2467
669 36.6002 17.5962
653 36.0995 17.8558
26 35.4684 18.183
351 34.8279 18.5151
626 34.171 18.8557
407 33.5971 19.1532
822 32.8978 19.5158
883 32.2051 19.875
899 31.4034 20.2906
354 31.0824 20.4571
278 30.8074 20.5996
379 30.5608 20.7275
64 30.2885 20.8687
643 30.0049 21.0157
439 29.7246 21.1611
602 29.4499 21.3035
246 29.208 21.4289
915 28.9382 21.5688
641 28.6744 21.7056
307 28.4628 21.8153
943 28.22 21.9412
121 28.22 21.9412
902 28.22 21.9412
787 28.22 21.9412
824 28.22 21.9412
702 28.22 21.9412
869 28.22 21.9412
160 28.22 21.9412
834 28.22 21.9412
284 28.0984 21.9948
709 27.9823 22.046
363 27.8718 22.0948
261 27.7385 22.1536
221 26.5846 22.6626
549 25.4503 23.163
612 24.6281 23.5257
836 23.5263 22.8736
486 22.6196 22.337
812 11.5309 15.7746
366 11.5292 15.8161
741 11.5274 15.8605
588 11.5257 15.9021
211 11.5239 15.945
187 11.522 15.992
258 11.5201 16.0394
682 11.5185 16.0779
8 11.5169 16.1174
348 11.515 16.1648
254 11.513 16.2118
674 11.5112 16.2562
474 11.5092 16.3049
362 11.5075 16.3471
455 11.5056 16.3929
412 11.504 16.434
331 11.5022 16.4763
488 11.5008 16.5124
881 11.4926 16.7134
402 11.4828 16.9529
572 11.4745 17.1561
722 11.4679 17.3169
646 11.4512 17.7271
61 11.4334 18.1634
74 11.4141 18.6367
299 11.4004 18.9709
661 11.3879 19.2776
963 11.3758 19.5748
673 11.3638 19.8692
629 11.3523 20.1522
87 11.0455 27.6172
384 10.8843 31.5562
829 10.8149 33.2533
499 10.7184 35.6153
514 10.7184 35.6153
86 10.7184 35.6153
133 10.7184 35.6153
710 10.7184 35.6153
268 10.7184 35.6153
898 10.7184 35.6153
4 10.8369 35.6886
794 10.9716 35.7718
328 11.1827 35.9023
664 17.3303 39.7038
78 18.2122 40.2489
65 19.0895 40.7912
151 20.0113 41.361
391 20.5999 41.7248
302 21.1716 42.0783
438 21.5142 42.29
748 21.8698 42.5098
706 22.204 42.7163
38 22.283 42.7652
783 22.3646 42.8157
688 22.1035 42.9151
913 21.8184 43.0236
413 21.5297 43.1334
535 21.2176 43.2522
687 20.92 43.3655
543 20.4235 43.5545
811 19.9115 43.7494
414 18.7203 44.2029
691 16.4691 45.0607
11 16.4691 45.0607
938 16.4691 45.0607
182 16.4691 45.0607
771 16.4691 45.0607
797 16.4691 45.0607
37 16.4691 45.0607
154 16.4691 45.0607
212 16.4691 45.0607
956 16.4691 45.0607
698 16.4691 45.0607
142 16.4691 45.0607
397 16.4691 45.0607
949 16.4691 45.0607
476 16.4691 45.0607
525 16.4691 45.0607
908 16.4691 45.0607
205 16.4691 45.0607
663 16.3022 45.0761
863 16.1328 45.0918
283 15.9905 45.1049
125 15.8631 45.1167
655 15.7222 45.1297
312 15.5444 45.1462
985 15.3988 45.1596
46 15.1323 45.383
731 14.8871 45.5885
958 14.6493 45.7879
10 14.4235 45.9772
228 14.1842 46.1777
770 13.9395 46.3828
723 13.7064 46.5782
463 13.4071 46.8292
534 13.1316 47.0601
708 12.849 47.297
858 12.849 47.297
749 12.849 47.297
700 12.849 47.297
336 12.849 47.297
128 12.849 47.297
174 12.849 47.297
542 12.849 47.297
100 12.849 47.297
936 12.849 47.297
148 12.849 47.297
279 12.849 47.297
403 12.849 47.297
123 12.849 47.297
222 12.8489 47.297
423 12.8489 47.297
32 12.8489 47.297
652 12.8489 47.297
990 12.8489 47.297
496 12.8489 47.297
330 12.8489 47.297
341 12.7201 47.9626
616 12.5911 48.6284
47 12.4547 49.3333
373 12.3228 50.0144
157 12.1887 50.7067
925 12.0549 51.3978
116 11.9381 52.0009
841 11.9016 52.3297
909 11.8622 52.6854
527 11.8201 53.0659
677 11.78 53.4277
218 11.7413 53.7769
489 11.7041 54.1124
57 11.6644 54.4709
849 11.6224 54.8499
805 11.5829 55.2059
122 11.541 55.584
422 11.5028 55.9287
760 11.4612 56.3043
352 11.4237 56.6428
166 11.3823 57.0166
758 11.3432 57.3692
739 11.2896 57.8539
703 11.2418 58.2853
565 11.1969 58.6901
772 11.1506 59.1085
233 11.1057 59.5132
589 11.0534 59.9852
505 11.0032 60.4381
764 10.9411 60.9993
303 10.8787 61.5625
234 10.8078 62.2029
924 10.7409 62.807
552 10.7051 63.1294
214 10.6833 63.3259
347 10.6549 63.5824
972 10.6279 63.8257
77 10.596 64.1137
531 10.5674 64.3721
196 10.5378 64.6387
272 10.5054 64.9312
939 10.4745 65.2096
966 10.4436 65.4892
734 10.4155 65.7419
747 10.3877 65.9932
346 10.3557 66.282
321 10.3271 66.5401
220 10.3088 66.7053
551 10.3085 66.7077
398 10.3083 66.7098
162 10.308 66.7121
338 10.3078 66.7144
207 10.3075 66.7168
132 10.4705 66.7738
255 10.5998 66.819
607 10.7439 66.8694
657 10.9012 66.9245
376 11.0535 66.9777
879 11.2072 67.0315
948 11.3553 67.0833
517 11.4967 67.1328
970 11.6542 67.1879
686 11.7994 67.2387
14 11.9509 67.2917
192 12.1121 67.3481
381 12.2605 67.4001
784 12.4492 67.4661
524 12.6471 67.5353
119 12.8267 67.5981
114 13.0053 67.6606
991 13.1811 67.7221
451 14.0309 68.0193
131 14.6902 68.2499
361 15.4035 68.4994
630 16.0634 68.7302
503 16.7401 68.9668
897 17.4284 69.2076
981 18.1064 69.4447
329 18.8179 69.6935
735 19.5451 69.9479
635 19.999 70.1583
729 20.467 70.3752
34 20.9302 70.5899
689 21.4129 70.8137
789 21.4167 70.8155
658 21.4206 70.8173
501 21.4247 70.8192
571 21.4286 70.821
608 21.4321 70.8226
482 21.4354 70.8242
411 21.4394 70.826
400 21.4433 70.8278
680 21.4475 70.8298
950 21.4522 70.832
796 21.4565 70.8339
537 21.4612 70.8361
601 21.4654 70.8381
591 21.4701 70.8402
965 21.4741 70.8421
927 21.478 70.8439
266 21.4822 70.8459
327 21.4863 70.8478
604 21.4906 70.8498
275 21.4944 70.8515
526 21.4986 70.8535
479 21.5027 70.8554
578 21.5073 70.8575
697 21.5118 70.8596
903 21.5161 70.8616
60 21.5207 70.8637
730 21.5248 70.8656
550 21.5286 70.8674
946 21.5325 70.8692
168 21.5364 70.871
701 21.5406 70.8729
113 21.5449 70.8749
99 21.5498 70.8772
757 21.5546 70.8794
339 21.559 70.8815
333 21.5639 70.8837
600 21.5686 70.8859
954 21.5739 70.8884
878 21.5788 70.8906
574 21.5788 70.8906
454 21.5788 70.8906
124 21.5788 70.8906
349 20.1166 71.3786
502 17.5434 72.2371
443 15.2482 73.003
426 12.0616 74.0663
556 12.054 74.0688
360 12.047 74.0711
457 12.0394 74.0737
88 12.0325 74.076
560 12.0255 74.0783
130 12.019 74.0805
81 12.0115 74.083
3 12.0032 74.0858
665 11.9944 74.0887
717 11.9861 74.0914
224 11.978 74.0942
97 11.9709 74.0965
694 11.9624 74.0993
427 11.9546 74.102
445 11.9464 74.1047
667 11.9382 74.1074
639 11.9302 74.1101
371 11.9224 74.1127
178 11.9202 74.1341
277 11.9182 74.1538
203 11.916 74.1747
429 11.914 74.1939
374 11.9119 74.2152
298 11.9097 74.2361
219 11.9077 74.2556
326 11.9056 74.276
799 11.9034 74.2977
955 11.9008 74.3225
728 11.8982 74.3479
759 11.8957 74.3718
500 11.8935 74.3933
888 11.8913 74.4152
726 11.7603 75.6885
916 11.6308 76.9478
90 11.5304 77.9236
719 11.4514 78.6923
860 11.384 79.3484
825 11.3143 80.0258
1 11.2462 80.6885
304 11.188 81.2549
401 11.1465 81.6582
570 11.1074 82.0389
433 11.0671 82.4309
953 11.024 82.8507
803 10.9881 83.1998
436 10.9549 83.5232
153 10.9204 83.8592
169 10.887 84.1836
108 10.8529 84.5161
405 10.8186 84.8492
442 10.7973 85.0569
48 10.7779 85.2463
830 10.7581 85.4391
890 10.7358 85.6563
905 10.7112 85.8957
554 10.6873 86.128
240 10.6468 86.5219
300 10.6053 86.9259
944 10.564 87.3278
301 10.5123 87.831
75 10.4639 88.3015
615 10.3958 88.9647
213 10.3113 89.7859
288 10.3111 89.7878
637 10.3109 89.7903
200 10.3106 89.7927
711 10.3104 89.795
138 10.3101 89.7971
718 10.3099 89.7993
199 10.3097 89.8016
982 10.3095 89.8038
969 10.3092 89.8062
914 10.309 89.8085
827 10.3087 89.8108
386 10.3085 89.8127
95 10.3083 89.8148
546 10.3081 89.817
399 10.3079 89.8192
815 10.3076 89.8215
444 10.3074 89.8239
628 10.3071 89.8263
547 10.3069 89.8287
13 10.3067 89.8311
435 10.3064 89.8337
380 10.3061 89.836
236 10.3059 89.8382
750 10.3057 89.8405
792 10.3055 89.8427
106 10.3052 89.8451
39 10.305 89.8473
892 10.3048 89.8493
699 10.3045 89.8516
263 10.3043 89.8541
247 10.304 89.8565
868 10.3038 89.8591
678 10.3035 89.8614
568 10.3033 89.8635
31 10.3031 89.8656
364 10.3028 89.868
316 10.3026 89.8702
780 10.3024 89.8723
469 10.3022 89.8747
693 10.3019 89.8775
446 10.3016 89.88
973 10.3013 89.8826
988 10.3011 89.8853
585 11.0531 89.8355
736 12.4719 89.7417
761 14.5969 89.6011
593 15.1387 89.5653
325 15.5481 89.5382
447 16.015 89.5073
487 16.6592 89.4647
557 17.0432 89.4393
418 17.4911 89.4096
490 17.8746 89.3843
73 18.2166 89.3617
93 18.4614 89.3455
495 18.736 89.3273
430 19.0325 89.3077
441 19.2194 89.2953
933 19.4006 89.2833
183 19.5886 89.2709
462 19.7715 89.2588
15 19.9695 89.2457
695 20.1738 89.2322
833 20.3835 89.2183
424 20.5889 89.2047
409 20.7853 89.1917
871 20.9668 89.1797
753 21.1556 89.1672
714 21.3532 89.1542
768 21.5486 89.1413
58 21.7306 89.1292
776 21.9155 89.117
521 22.1212 89.1034
115 22.3132 89.0907
859 22.5313 89.0763
306 22.7376 89.0626
885 22.9299 89.0499
491 23.1206 89.0373
610 23.3182 89.0242
50 23.497 89.0124
249 23.6825 89.0001
712 23.8715 88.9876
17 24.0699 88.9745
227 24.2877 88.9601
808 24.5638 88.9418
184 24.7652 88.9285
886 25.0749 88.908
431 25.4235 88.8849
41 25.8086 88.8595
244 26.1702 88.8356
2 26.7244 88.7989
611 27.1735 88.7692
877 27.6825 88.7355
189 28.0562 88.7108
120 28.195 88.7016
172 28.345 88.6917
368 28.4727 88.6833
428 28.6318 88.6727
392 28.7923 88.6621
631 28.9321 88.6529
296 29.0872 88.6426
872 29.2437 88.6323
141 29.3861 88.6228
456 29.5165 88.6142
28 29.6926 88.6026
806 29.8773 88.5903
253 30.0445 88.5793
773 30.2145 88.568
696 30.3744 88.5575
918 30.5582 88.5453
271 30.7372 88.5335
16 30.9027 88.5225
150 31.079 88.5109
256 31.2622 88.4987
795 31.43 88.4876
76 31.5939 88.4768
394 31.7767 88.4647
20 31.9233 88.455
651 32.0891 88.4441
36 32.301 88.43
230 32.539 88.4143
672 32.7397 88.401
786 32.9362 88.388
44 33.1324 88.375
167 33.4111 88.3566
92 33.7017 88.3374
389 33.9965 88.3179
139 34.19 88.3051
215 34.3644 88.2935
96 34.5199 88.2833
960 34.6978 88.2715
309 34.9276 88.2563
305 35.1471 88.2418
974 35.293 88.2321
82 35.4447 88.2221
53 35.5235 88.2169
448 35.6032 88.2116
129 35.6855 88.2062
561 35.7669 88.2008
807 35.8469 88.1955
840 35.9241 88.1904
752 35.9994 88.1854
223 36.0762 88.1803
919 36.1617 88.1747
165 36.2538 88.1686
265 36.329 88.1636
814 36.4075 88.1584
470 36.474 88.154
231 36.5474 88.1491
763 36.6289 88.1438
146 36.6977 88.1392
226 36.7676 88.1346
638 37.8753 88.1476
270 39.0732 88.1616
126 40.8788 88.183
5 41.5436 88.1907
874 41.9048 88.1949
952 42.2428 88.1989
851 42.4023 88.2007
536 42.5337 88.2022
766 42.6559 88.2036
569 42.7906 88.2052
105 42.9389 88.2069
539 43.0728 88.2085
206 43.2036 88.21
613 43.3296 88.2114
738 43.5202 88.2136
713 43.7384 88.2162
241 43.9323 88.2184
292 44.1363 88.2208
294 44.3521 88.2233
343 44.5531 88.2256
181 44.7469 88.2278
140 44.9819 88.2305
72 45.1681 88.2327
22 45.3939 88.2353
559 45.6483 88.2382
548 45.8928 88.241
707 46.1752 88.2443
618 47.1961 88.2563
245 48.0883 88.2667
415 48.9189 88.2763
642 49.6976 88.2854
319 50.4924 88.2946
911 51.3471 88.3046
856 51.3471 88.3046
984 51.3471 88.3046
980 51.3471 88.3046
367 51.3471 88.3046
895 51.3471 88.3046
575 51.3471 88.3046
62 51.3471 88.3046
179 51.3471 88.3046
896 51.3471 88.3046
239 51.3471 88.3046
746 51.3471 88.3046
320 51.3471 88.3046
156 51.3471 88.3046
866 51.3471 88.3046
532 51.3471 88.3046
449 51.3471 88.3046
375 51.3534 88.2977
437 51.3602 88.2904
961 51.3664 88.2836
193 51.3736 88.2757
416 51.3795 88.2693
344 51.3849 88.2634
882 51.4023 88.2444
541 51.4206 88.2244
774 51.4407 88.2025
23 51.459 88.1826
737 51.4796 88.1601
434 51.4981 88.14
624 51.5181 88.1181
516 51.5395 88.0949
12 51.5624 88.0699
947 51.5822 88.0482
826 51.6025 88.0261
40 51.6223 88.0046
861 51.6427 87.9823
816 51.6628 87.9604
690 51.6816 87.9399
511 51.7004 87.9194
800 51.7243 87.8934
177 51.7243 87.8934
636 51.7243 87.8934
317 51.7243 87.8934
754 51.7243 87.8934
118 51.7243 87.8934
185 51.7243 87.8934
584 51.8112 87.4802
567 52.051 86.3396
280 52.2934 85.1869
460 52.5352 84.0369
259 52.5352 84.0369
406 52.5352 84.0369
408 52.5352 84.0369
887 52.5352 84.0369
369 52.5352 84.0369
477 52.5352 84.0369
484 50.534 81.1045
563 50.5146 81.0761
248 50.496 81.0488
940 50.4782 81.0228
229 50.4598 80.9958
564 50.4404 80.9674
659 50.4225 80.9412
313 50.4053 80.9159
921 49.6661 79.8329
335 49.0201 78.8863
782 48.1729 77.6451
769 47.2667 76.3172
662 46.2633 74.8469
56 46.3311 74.6961
649 46.3816 74.5839
252 46.441 74.4519
986 46.5145 74.2886
976 46.5783 74.1468
235 46.6493 73.989
894 46.7111 73.8517
134 46.7735 73.713
144 46.8355 73.5751
523 46.9023 73.4268
632 46.9689 73.2787
715 47.0328 73.1368
282 47.1007 72.9858
857 47.1007 72.9858
540 47.1007 72.9858
350 47.1007 72.9858
724 47.1007 72.9858
80 47.1007 72.9858
225 47.1007 72.9858
614 47.1007 72.9858
94 47.1007 72.9858
562 47.1007 72.9858
530 47.1007 72.9858
880 47.1007 72.9858
315 47.1007 72.9858
605 47.1007 72.9858
208 47.1007 72.9858
987 47.1007 72.9858
755 46.8295 72.6626
802 46.5449 72.3234
743 46.2392 71.9593
582 45.9875 71.6592
513 45.6973 71.3135
91 45.3997 70.9589
855 45.0722 70.5686
453 44.7539 70.1893
410 44.4239 69.7961
171 44.1196 69.4335
558 43.8165 69.0724
765 43.5102 68.7074
576 43.2389 68.384
471 42.988 68.0851
910 42.7807 67.8381
683 42.5567 67.5711
779 42.3302 67.3012
30 42.073 66.9948
54 41.8597 66.7407
104 41.6506 66.4915
264 41.4514 66.2541
175 41.2548 66.0199
597 41.0504 65.7764
281 40.8607 65.5503
676 40.6849 65.3408
596 40.4944 65.1138
498 40.2967 64.8782
359 37.9606 63.0373
720 35.4044 61.0226
971 33.6752 59.6597
21 33.6752 59.6596
459 33.6752 59.6596
404 33.6752 59.6596
365 33.6752 59.6596
308 33.6752 59.6596
839 33.6752 59.6596
804 33.6752 59.6596
533 33.6752 59.6596
929 33.6752 59.6596
645 33.6752 59.6596
603 33.6752 59.6596
89 33.6751 59.6596
912 33.6751 59.6596
621 33.6751 59.6596
59 33.6751 59.6596
291 33.6751 59.6596
163 33.6751 59.6596
510 33.6751 59.6596
390 33.6751 59.6596
79 33.6751 59.6596
732 33.6751 59.6596
137 33.6751 59.6596
640 33.6751 59.6596
788 33.6751 59.6596
599 33.6751 59.6596
846 33.6751 59.6596
382 33.6733 59.4102
705 33.6714 59.1548
891 33.6695 58.9066
545 33.6679 58.6846
756 33.6663 58.4745
733 33.6649 58.2727
587 33.6632 58.0528
475 33.6177 52.0244
324 33.6177 52.0244
493 33.6177 52.0244
809 33.6177 52.0244
370 33.6177 52.0244
633 33.6177 52.0244
507 33.6177 52.0244
267 33.6529 51.9842
388 33.6917 51.94
522 33.723 51.9043
901 33.7494 51.8742
269 33.9603 51.6337
957 34.1564 51.41
127 34.4855 51.0348
778 34.7982 50.6781
49 35.118 50.3134
692 35.4521 49.9325
480 35.6445 49.713
790 35.8025 49.5329
508 35.8396 49.4906
619 35.8808 49.4435
180 35.9227 49.3958
147 35.9645 49.3481
566 36.0115 49.2945
237 36.052 49.2483
876 36.0976 49.1963
342 36.1449 49.1424
679 36.1889 49.0922
922 38.1218 48.9492
989 40.1475 48.7993
197 42.2609 48.6429
472 42.9164 48.5945
210 43.5235 48.5496
906 44.1771 48.5013
452 44.7027 48.4625
66 45.2725 48.4204
870 45.7421 48.3857
63 46.1643 48.3545
875 46.5611 48.3251
848 46.9089 48.2995
69 47.275 48.2724
194 47.6273 48.2464
461 48.0125 48.2179
716 48.4598 48.1849
512 48.8675 48.1548
262 49.3196 48.1214
945 49.7171 48.092
862 50.117 48.0624
356 50.8422 48.0088
188 52.1437 47.9126
978 53.3017 47.8269
358 54.3432 47.7499
634 54.3852 47.7468
377 54.4265 47.7438
594 54.4666 47.7408
930 54.5067 47.7378
623 54.5464 47.7349
458 54.5893 47.7317
217 54.6314 47.7286
43 54.672 47.7256
186 54.7077 47.723
155 54.7457 47.7202
923 55.0422 47.6982
492 55.3752 47.6736
276 55.7149 47.6485
843 56.0793 47.6215
355 56.496 47.5907
117 56.871 47.5629
45 57.2577 47.5343
314 57.5094 48.2225
70 57.8222 49.0779
606 58.0993 49.8355
357 58.405 50.6716
644 58.7437 51.5976
810 59.1076 52.5928
293 59.4122 53.4257
519 59.6935 54.1947
798 59.9954 55.0204
101 59.9955 55.0205
867 61.8204 59.94
595 61.8204 59.9401
907 61.8204 59.9401
396 61.8205 59.9402
485 61.8205 59.9403
85 61.8205 59.9404
942 61.8205 59.9404
538 61.8206 59.9405
216 61.8206 59.9406
109 63.3864 63.8551
290 63.3864 63.8551
509 63.3864 63.8551
793 63.3864 63.8551
791 63.4026 63.8915
964 63.4197 63.9301
468 63.4368 63.9687
238 63.4538 64.0068
286 63.469 64.0411
625 63.4861 64.0798
617 63.5038 64.1196
968 63.521 64.1585
647 63.5384 64.1975
112 63.5555 64.2361
84 63.5703 64.2695
161 63.5856 64.3039
35 63.602 64.3408
762 63.6199 64.3812
650 63.637 64.4198
577 63.6525 64.4548
9 64.9845 67.4582
432 65.631 68.9154
937 66.2623 70.3385
68 66.3257 70.4814
668 66.399 70.6464
378 66.4782 70.8248
478 66.5375 70.9584
420 66.6074 71.1161
837 66.6929 71.3086
67 66.7663 71.474
440 66.8427 71.6461
340 66.9274 71.8369
173 67.0144 72.0331
465 67.1075 72.2429
975 67.1077 72.2432
727 67.1078 72.2435
51 67.1079 72.2438
962 67.1081 72.2441
393 67.1082 72.2444
515 67.1083 72.2447
71 67.1085 72.2452
395 67.1087 72.2456
847 67.1089 72.2459
900 67.109 72.2462
18 67.1092 72.2467
818 67.1094 72.247
775 67.1095 72.2474
481 67.1097 72.2478
801 67.1098 72.2481
654 67.11 72.2484
904 67.1101 72.2487
83 67.1103 72.2491
152 67.1104 72.2494
832 67.1106 72.2498
385 67.1107 72.2501
744 67.1326 74.3146
417 67.1532 76.2699
864 67.1775 78.5558
845 67.1985 80.5209
297 67.2148 82.0304
813 67.2295 83.4062
202 67.2433 84.6799
992 67.2433 84.6799
353 67.2433 84.6799
931 67.2433 84.6799
622 67.2433 84.6799
671 67.2433 84.6799
318 68.4079 85.1561
464 69.0414 85.4149
823 69.6885 85.6794
285 70.3136 85.9347
544 70.9178 86.1816
149 71.5057 86.4218
42 71.587 86.455
817 71.673 86.4901
52 71.7636 86.5271
893 71.8583 86.5658
145 71.8583 86.5658
620 71.8583 86.5658
273 72.845 86.8503
251 74.9879 87.4679
983 77.9897 88.3329
158 77.9897 88.3329
159 77.9897 88.3329
666 77.9897 88.3329
580 77.9897 88.3329
473 78.463 88.3443
494 78.8768 88.3542
820 79.3117 88.3646
854 79.7349 88.3748
135 80.2162 88.3863
928 80.8038 88.4004
660 84.605 82.6186
889 84.725 82.436
742 84.847 82.2504
322 84.984 82.0419
725 85.1337 81.8141
25 85.2987 81.5631
740 85.4453 81.34
648 85.5958 81.1109
685 85.758 80.8642
450 85.9274 80.6064
204 86.0673 80.3935
311 86.2067 80.1814
372 86.3369 79.9833
579 85.5788 72.4289
528 85.4005 70.6479
332 85.207 68.7156
383 84.9984 66.6322
110 84.7965 64.6164
242 84.6212 62.315
107 84.4883 60.5698
170 84.3848 59.2099
506 84.2924 57.9949
684 84.1968 56.7377
850 84.0929 55.3729
920 84.0805 55.209
592 84.0685 55.0516
497 84.0685 55.0516
884 82.5005 54.1737
967 80.7327 53.184
274 79.1232 52.283
553 78.8154 52.4432
951 78.5537 52.5794
838 78.2583 52.7332
136 77.9601 52.8884
190 77.6136 53.0688
852 77.6136 53.0688
466 77.5265 52.8536
670 77.516 52.8279
932 77.5069 52.8054
334 77.4977 52.7826
425 77.4868 52.7558
198 77.4772 52.7319
656 77.4675 52.708
102 77.4572 52.6825
767 77.447 52.6574
941 77.4371 52.633
583 77.4266 52.6071
195 77.416 52.5809
201 77.4072 52.559
842 76.5904 50.5416
143 76.5102 50.3435
977 76.4412 50.1732
675 74.4432 45.2373
609 74.8993 44.983
232 75.3265 44.7448
323 75.7714 44.4969
745 76.2465 44.232
926 76.6971 43.9808
29 78.1323 43.1807
590 79.6098 42.357
33 79.6098 42.357
835 79.6098 42.357
520 79.6098 42.357
387 79.6098 42.357
345 84.2298 25.1732
98 84.3945 24.5606
483 86.2684 17.5916
243 86.2684 17.5916
627 86.2684 17.5916
260 86.2683 17.5916
979 84.043 18.4465
