0,979,345,243,260,483,98,627,33,590,520,745,387,838,583,425,609,195,835,670,592,967,232,29,920,932,553,143,926,466,274,136,198,850,842,644,357,323,334,951,656,102,977,201,190,852,242,506,385,941,884,170,107,110,660,684,497,685,25,528,372,889,725,450,204,311,332,928,983,135,494,893,159,158,473,854,580,620,322,820,464,818,845,297,937,648,740,742,775,318,149,813,177,378,465,83,71,52,273,477,145,251,864,544,42,353,417,666,481,285,823,622,817,992,567,383,509,671,987,395,962,904,832,420,515,650,432,837,18,290,460,975,727,605,440,762,595,67,668,208,867,152,847,900,744,931,9,654,51,801,579,632,68,173,676,923,393,84,647,478,485,767,791,238,85,293,810,216,340,907,968,161,468,117,396,964,286,262,577,282,498,942,70,798,188,35,793,519,843,625,538,623,492,101,186,606,675,43,155,945,875,930,356,197,906,69,472,342,848,989,597,452,194,525,391,413,37,664,397,543,508,876,147,619,388,783,862,522,11,891,180,688,302,438,748,706,38,621,687,414,913,633,957,390,359,576,56,281,510,308,809,264,324,104,49,461,778,683,922,735,269,471,705,545,756,733,507,382,54,237,210,127,603,89,370,929,912,493,788,599,291,901,349,640,267,252,732,30,765,720,596,645,839,137,910,175,80,976,779,804,715,523,533,724,743,591,878,21,365,82,614,248,662,895,826,564,649,563,270,861,562,134,235,921,582,513,540,315,986,894,225,144,163,171,453,410,558,459,350,617,800,769,94,91,404,840,406,215,179,782,802,755,484,112,109,855,857,226,294,335,866,437,408,369,259,880,320,887,165,375,575,367,618,40,536,532,105,851,62,896,754,317,313,126,561,511,193,23,713,816,984,541,947,952,746,642,415,245,280,185,763,343,140,516,12,584,559,961,774,882,344,530,856,5,229,980,737,624,434,118,690,940,636,416,319,911,202,874,569,766,449,305,53,807,659,539,814,22,206,239,156,738,309,548,181,241,139,448,389,752,271,292,265,707,230,129,974,490,613,795,833,651,50,146,2,120,773,72,141,960,424,96,918,696,672,885,36,28,808,73,167,394,470,231,189,454,638,919,76,428,757,92,253,954,172,20,877,631,730,608,223,872,786,593,768,418,16,296,761,150,392,288,611,256,871,806,44,17,41,714,15,58,859,306,753,521,456,695,491,93,368,60,441,430,578,115,409,697,462,183,776,610,750,933,227,568,386,827,969,982,199,138,718,585,914,39,678,953,447,803,637,444,442,495,360,628,203,792,247,547,868,13,380,263,200,236,153,446,973,988,213,719,435,75,570,401,169,780,316,916,108,240,364,557,905,426,1,90,469,301,405,711,944,728,991,615,106,693,554,300,374,178,712,736,304,399,546,95,249,48,759,815,436,699,431,886,502,429,694,890,830,224,298,739,503,556,607,3,948,717,326,955,892,433,31,487,639,277,333,321,427,665,552,924,946,551,443,88,266,114,77,168,398,400,796,219,500,338,680,97,131,667,376,207,966,255,939,657,860,457,346,272,14,517,879,524,686,734,81,339,630,970,162,220,445,560,325,381,361,244,604,825,635,124,689,965,501,701,99,550,726,658,327,537,479,571,601,79,789,574,526,275,888,329,950,113,600,184,411,927,132,34,903,233,729,59,846,971,587,371,336,234,192,703,119,799,691,760,218,347,142,858,652,938,279,527,849,182,956,531,482,897,451,130,47,698,925,747,805,505,57,475,784,981,909,422,565,214,772,841,723,908,303,589,764,489,196,116,972,128,770,708,677,122,797,341,328,212,949,174,166,700,148,463,749,499,330,373,222,758,731,100,157,542,476,423,125,352,535,46,32,655,616,228,771,403,496,78,936,534,312,612,663,990,154,384,10,123,283,863,958,794,455,898,87,4,65,133,710,74,86,268,836,985,258,572,963,514,812,211,722,412,61,741,348,187,366,331,362,881,682,629,673,646,674,299,402,669,661,588,488,474,8,602,284,246,702,643,518,407,26,626,363,704,261,310,653,573,822,883,287,351,254,902,943,641,439,869,709,915,486,64,899,354,934,337,121,829,467,811,221,278,205,529,160,787,151,834,480,111,379,824,307,549,7,679,191,566,377,844,716,27,586,555,276,865,692,594,512,917,257,63,66,681,853,790,355,819,781,314,870,289,873,19,935,978,217,45,164,419,250,209,421,751,785,828,358,458,634,821,831,6,55,103,295,777,959,176,581,598,504,721,24,
value : 429.723 running time : 267.742693
0 80 20
979 83.359 18.7094
345 84.7817 18.1628
243 85.7008 17.8097
260 86.2684 17.5916
483 86.2684 17.5916
98 84.9726 22.8919
627 84.9726 22.8919
33 83.0443 27.5851
590 81.4999 31.3441
520 79.9344 35.1542
745 78.1209 39.568
387 76.5376 43.4217
838 76.3518 43.8737
583 76.2849 44.0366
425 76.2349 44.1583
609 76.1868 44.2753
195 76.1341 44.4033
835 76.0841 44.5249
670 76.0223 44.6753
592 75.9632 44.8192
967 75.9018 44.9687
232 75.8483 45.0989
29 75.7922 45.2353
920 75.7312 45.3836
932 75.6716 45.5287
553 75.6149 45.6667
143 75.5613 45.7972
926 75.5092 45.9238
466 75.4638 46.0344
274 75.414 46.1555
136 75.3535 46.3026
198 75.2927 46.4505
850 75.2653 46.5172
842 75.2408 46.5769
644 75.2167 46.6354
357 75.2265 46.6609
323 75.6468 47.764
334 76.294 49.4629
951 76.5815 50.2172
656 76.8362 50.8856
102 77.0611 51.4757
977 77.2869 52.0682
201 77.4647 52.5346
190 77.4647 52.5346
852 79.3324 55.1786
242 80.2612 56.4935
506 81.1205 57.7097
385 81.8822 58.788
941 82.2085 59.2498
884 82.6491 59.8733
170 83.0944 60.5035
107 83.5309 61.1213
110 83.9656 61.7364
660 86.3153 65.0634
684 86.3153 65.0634
497 86.3153 65.0634
685 86.4403 77.8013
25 86.4479 78.5719
528 86.4522 78.998
372 86.4574 79.5308
889 85.9842 80.2703
725 85.7685 80.6073
450 85.5917 80.8837
204 85.3552 81.2533
311 85.1012 81.6502
332 84.8091 82.1067
928 80.7671 88.4197
983 80.2316 88.4042
135 79.5738 88.3851
494 78.9963 88.3684
893 78.4631 88.3529
159 77.9024 88.3367
158 77.3635 88.321
473 76.9281 88.3084
854 76.0376 88.2826
580 75.2569 88.26
620 74.5519 88.2396
322 74.5519 88.2396
820 74.3575 88.132
464 74.1215 88.0015
818 73.9946 87.9313
845 73.8583 87.8559
297 73.7285 87.7842
937 73.6194 87.7238
648 73.5188 87.6681
740 73.4025 87.6038
742 73.2703 87.5307
775 73.1318 87.4541
318 73.0078 87.3855
149 72.8764 87.3128
813 72.7366 87.2355
177 72.5822 87.1501
378 72.4567 87.0807
465 72.4362 87.0693
83 72.4147 87.0575
71 72.393 87.0455
52 72.3725 87.0341
273 72.3497 87.0215
477 72.3277 87.0093
145 72.3079 86.9984
251 72.2884 86.9876
864 72.2678 86.9762
544 72.2449 86.9636
42 72.222 86.9509
353 72.2017 86.9396
417 72.1808 86.9281
666 72.1579 86.9154
481 72.1332 86.9017
285 72.1106 86.8892
823 72.0865 86.8759
622 72.0624 86.8626
817 72.0388 86.8495
992 72.014 86.8358
567 70.8168 82.605
383 67.9885 72.61
509 67.9498 72.5725
671 67.9143 72.5381
987 67.8809 72.5056
395 67.8513 72.4769
962 67.8191 72.4457
904 67.7852 72.4128
832 67.7507 72.3793
420 67.7168 72.3464
515 67.6926 72.323
650 67.6718 72.3027
432 67.6523 72.2839
837 67.6347 72.2668
18 67.6154 72.2481
290 67.594 72.2273
460 67.5724 72.2063
975 67.5511 72.1856
727 67.5286 72.1638
605 67.5045 72.1404
440 67.4815 72.1181
762 67.46 72.0973
595 67.441 72.0789
67 67.4224 72.0608
668 67.4035 72.0424
208 67.3852 72.0247
867 67.3684 72.0084
152 67.3505 71.9911
847 67.3328 71.9739
900 67.3155 71.9571
744 67.2985 71.9406
931 67.2806 71.9232
9 66.7053 71.365
654 66.1866 70.8616
51 65.6561 70.3469
801 65.1084 69.8155
579 63.3299 68.0898
632 60.8496 65.6829
68 59.8841 64.4442
173 58.8062 63.0613
676 56.1119 59.605
923 56.1092 59.577
393 56.1074 59.5586
84 56.1052 59.5368
647 56.1031 59.515
478 56.1009 59.4926
485 56.0986 59.4693
767 56.0965 59.4484
791 56.0948 59.4303
238 56.0928 59.4104
85 56.0906 59.3878
293 56.0887 59.3684
810 56.0868 59.35
216 56.0851 59.3319
340 56.0832 59.3133
907 56.0548 59.0246
968 56.0283 58.7554
161 55.9984 58.4512
468 55.9679 58.1412
117 55.9327 57.7835
396 55.9055 57.5074
964 55.8803 57.2514
286 55.8517 56.9609
262 55.8228 56.6671
577 55.7973 56.4076
282 55.7713 56.1435
498 55.742 55.8454
942 55.713 55.551
70 55.68 55.2154
798 55.6515 54.926
188 55.6183 54.5885
35 55.5859 54.259
793 55.552 53.9148
519 55.5167 53.5557
843 55.483 53.2133
625 55.4518 52.8958
538 55.4161 52.5333
623 55.3781 52.1471
492 55.3422 51.7831
101 55.3078 51.4326
186 55.2688 51.0364
606 55.2257 50.5988
675 55.1916 50.2526
43 54.2186 50.2799
155 53.0165 50.3136
945 52.6026 50.3252
875 52.2305 50.3357
930 51.8426 50.3466
356 49.2738 50.4185
197 48.4153 50.4426
906 47.5423 50.4671
69 46.4981 50.4963
472 45.4032 50.5271
342 44.2611 50.5591
848 43.0785 50.5922
989 41.7823 50.6286
597 40.6357 50.6607
452 39.2266 50.7002
194 37.4558 50.7498
525 35.2992 50.8101
391 33.9549 50.8478
413 33.9549 50.8478
37 33.9549 50.8478
664 33.9549 50.8478
397 33.974 50.9199
543 33.9944 50.997
508 34.015 51.0751
876 34.0358 51.1535
147 34.0554 51.2276
619 34.0729 51.2935
388 34.0907 51.3608
783 34.1115 51.4394
862 34.1326 51.5192
522 34.1542 51.601
11 34.1726 51.6705
891 34.1973 51.7639
180 34.2192 51.8464
688 34.239 51.9213
302 34.2585 51.9949
438 34.2779 52.0682
748 34.3055 52.1724
706 34.3347 52.283
38 34.3657 52.4001
621 34.4012 52.5342
687 34.4244 52.6219
414 34.4678 52.7857
913 34.5778 53.2018
633 34.6924 53.6349
957 34.8388 54.1882
390 34.9768 54.7098
359 35.0418 54.9556
576 35.0454 54.9691
56 35.049 54.9826
281 35.0519 54.9936
510 35.0547 55.0044
308 35.0582 55.0175
809 35.0612 55.0287
264 35.0642 55.04
324 35.0668 55.0499
104 35.0701 55.0622
49 35.0728 55.0725
461 35.076 55.0846
778 35.0791 55.0964
683 35.0828 55.1104
922 35.0828 55.1104
735 35.0829 55.1105
269 35.0829 55.1105
471 35.0829 55.1106
705 35.0829 55.1106
545 35.1605 55.373
756 35.2402 55.6423
733 35.321 55.9155
507 35.3921 56.1557
382 35.463 56.3954
54 35.5319 56.6283
237 35.5989 56.855
210 35.6675 57.0866
127 35.7387 57.3276
603 35.8115 57.5734
89 35.8857 57.8242
370 35.9604 58.0768
929 36.0371 58.3359
912 36.1141 58.5961
493 36.1908 58.8554
788 36.2677 59.1155
599 36.3438 59.3725
291 36.4188 59.6262
901 36.4938 59.8797
349 36.5705 60.1387
640 37.0409 61.37
267 37.6114 62.863
252 38.3456 64.7843
732 38.3456 64.7843
30 38.3456 64.7843
765 38.3456 64.7843
720 38.3456 64.7843
596 38.5175 65.0611
645 38.6848 65.3308
839 38.8563 65.6071
137 39.0491 65.9177
910 39.2528 66.2458
175 39.4483 66.5608
80 39.6498 66.8854
976 39.8434 67.1974
779 40.0201 67.482
804 40.1961 67.7655
715 40.3821 68.0653
523 40.5684 68.3655
533 40.7492 68.6567
724 40.9652 69.0047
743 41.1668 69.3296
591 41.3732 69.6622
878 41.5873 70.007
21 41.8057 70.3589
365 42.037 70.7315
82 42.2922 71.1426
614 42.5086 71.4912
248 42.7179 71.8285
662 42.9137 72.1439
895 43.1144 72.4673
826 43.302 72.7695
564 43.4762 73.0502
649 43.6433 73.3195
563 43.8032 73.577
270 43.9614 73.832
861 44.1238 74.0936
562 44.2402 74.2812
134 44.3508 74.4594
235 44.4686 74.6492
921 44.5997 74.8605
582 44.7234 75.0598
513 44.8418 75.2506
540 44.9598 75.4407
315 45.0802 75.6347
986 45.0802 75.6347
894 45.0802 75.6347
225 45.0802 75.6347
144 45.0802 75.6347
163 45.0802 75.6347
171 45.0802 75.6348
453 45.0802 75.6348
410 45.0802 75.6348
558 45.0802 75.6348
459 45.1211 75.7224
350 45.1727 75.8331
617 45.2208 75.9364
800 45.32 76.1491
769 45.405 76.3316
94 45.4864 76.5062
91 45.5642 76.6731
404 45.6389 76.8333
840 45.7356 77.0407
406 45.8356 77.2554
215 45.9216 77.4399
179 46.0124 77.6346
782 46.0935 77.8085
802 46.1734 77.9799
755 46.253 78.1507
484 46.3309 78.3179
112 46.4191 78.5072
109 46.5091 78.7001
855 46.6013 78.898
857 46.8753 79.4858
226 47.1561 80.0883
294 47.902 81.6888
335 48.6829 83.3646
866 49.4627 85.0379
437 49.5506 85.2263
408 49.6479 85.435
369 49.7391 85.6307
259 49.8319 85.8299
880 49.9213 86.0216
320 50.0139 86.2202
887 50.1078 86.4217
165 50.201 86.6217
375 50.2902 86.813
575 50.3269 86.8917
367 50.3692 86.9826
618 50.4093 87.0685
40 50.4475 87.1504
536 50.4875 87.2362
532 50.53 87.3275
105 50.5673 87.4074
851 50.6003 87.4783
62 50.6359 87.5546
896 50.671 87.63
754 50.7022 87.6968
317 50.7337 87.7645
313 50.7667 87.8351
126 50.7957 87.8975
561 50.829 87.9689
511 50.874 88.0654
193 50.9086 88.1395
23 50.9547 88.2385
713 50.9715 88.2745
816 50.9882 88.3103
984 51.0062 88.3489
541 51.0224 88.3838
947 51.0369 88.4149
952 51.0535 88.4505
746 51.069 88.4838
642 51.083 88.5137
415 51.0997 88.5496
245 51.1166 88.5859
280 51.134 88.6231
185 51.1546 88.6673
763 51.1326 88.6661
343 51.1135 88.6651
140 51.0962 88.6642
516 51.0793 88.6633
12 51.0627 88.6624
584 51.0462 88.6615
559 51.0264 88.6604
961 51.0105 88.6595
774 50.9946 88.6587
882 50.9789 88.6578
344 50.9624 88.6569
530 50.9441 88.6559
856 50.929 88.6551
5 50.911 88.6541
229 50.9052 88.6538
980 50.8987 88.6535
737 50.892 88.6531
624 50.8847 88.6527
434 50.8772 88.6523
118 50.8695 88.6519
690 50.8615 88.6514
940 50.8527 88.651
636 50.8447 88.6505
416 50.8373 88.6501
319 50.8309 88.6498
911 50.8254 88.6495
202 49.3209 88.5678
874 46.5809 88.419
569 45.8349 88.3785
766 45.2676 88.3477
449 44.8006 88.3223
305 44.3618 88.2985
53 43.8889 88.2728
807 43.4633 88.2497
659 43.0573 88.2276
539 42.6302 88.2044
814 42.2109 88.1816
22 41.7555 88.1569
206 41.3551 88.1352
239 40.9498 88.1132
156 40.5132 88.0894
738 39.9332 88.0579
309 39.4122 88.0296
548 38.8859 88.0011
181 38.3862 87.9739
241 37.8613 87.9454
139 37.3372 87.9169
448 37.1974 87.9094
389 37.0584 87.9019
752 36.9067 87.8937
271 36.7601 87.8859
292 36.6198 87.8783
265 36.4726 87.8704
707 36.2386 87.8578
230 36.0066 87.8453
129 35.773 87.8327
974 35.5265 87.8194
490 34.8013 87.7803
613 34.1665 87.7461
795 33.5381 87.7123
833 32.9143 87.6786
651 32.6656 87.6652
50 32.5872 87.661
146 32.5403 87.6585
2 32.4873 87.6556
120 32.4306 87.6526
773 32.3762 87.6497
72 32.3217 87.6467
141 32.2627 87.6436
960 32.2018 87.6403
424 32.141 87.637
96 32.0861 87.6341
918 32.0296 87.631
696 31.9695 87.6278
672 31.9146 87.6248
885 31.8547 87.6216
36 31.7987 87.6186
28 31.7454 87.6157
808 31.6953 87.613
73 31.6441 87.6103
167 31.5943 87.6076
394 31.5454 87.605
470 31.4903 87.602
231 31.4368 87.5991
189 31.3851 87.5964
454 31.3273 87.5933
638 31.2705 87.5902
919 31.2135 87.5871
76 31.1522 87.5838
428 31.0958 87.5808
757 31.0396 87.5778
92 30.9876 87.575
253 30.9325 87.572
954 30.8793 87.5691
172 30.8269 87.5663
20 30.7676 87.5631
877 30.7135 87.5602
631 30.6573 87.5572
730 28.4382 86.1688
608 27.9413 86.4085
223 27.5191 86.6122
872 27.0235 86.8513
786 26.393 87.1554
593 25.7231 87.4786
768 25.3273 87.6695
418 25.2045 87.7288
16 25.0793 87.7892
296 24.936 87.8583
761 24.7755 87.9357
150 24.6337 88.0041
392 24.4885 88.0742
288 24.2881 88.1708
611 24.1103 88.2566
256 24.0175 88.2681
871 23.8981 88.2829
806 23.8033 88.2947
44 23.6726 88.3109
17 23.5465 88.3266
41 23.442 88.3395
714 23.3283 88.3537
15 23.2154 88.3677
58 23.1199 88.3795
859 23.0249 88.3913
306 22.9235 88.4039
753 22.8138 88.4175
521 22.713 88.43
456 22.6111 88.4427
695 22.5111 88.4551
491 22.4112 88.4675
93 22.314 88.4795
368 22.2274 88.4903
60 22.1428 88.5008
441 21.7501 88.5495
430 21.3695 88.5968
578 20.9246 88.652
115 20.4369 88.7125
409 20.0183 88.7645
697 19.5161 88.8268
462 18.8425 88.9104
183 18.2542 88.9834
776 17.6502 89.0584
610 17.0801 89.1292
750 16.0376 89.2585
933 15.6793 89.303
227 15.2867 89.3517
568 14.8578 89.405
386 14.472 89.4529
827 14.0564 89.5044
969 13.8206 89.5337
982 13.6229 89.5582
199 13.4059 89.5852
138 13.1981 89.611
718 12.9806 89.638
585 12.7546 89.666
914 12.6557 89.6783
39 12.5543 89.6909
678 12.4605 89.7025
953 12.3709 89.7136
447 12.286 89.7242
803 12.2001 89.7348
637 12.116 89.7453
444 12.033 89.7556
442 11.9548 89.7653
495 11.872 89.7756
360 11.7821 89.7867
628 11.6701 89.8006
203 11.567 89.8134
792 11.4671 89.8258
247 11.378 89.8369
547 11.2771 89.8494
868 11.187 89.8606
13 11.1099 89.8701
380 11.0092 89.8826
263 10.9176 89.894
200 10.8327 89.9045
236 10.7487 89.915
153 10.6601 89.926
446 10.5742 89.9366
973 10.4833 89.9479
988 10.3739 89.9615
213 10.3781 89.9381
719 10.4387 89.6001
435 10.4909 89.3094
75 10.568 88.8794
570 10.6032 88.6829
401 10.634 88.5113
169 10.6667 88.3292
780 10.6998 88.1446
316 10.7283 87.9857
916 10.7582 87.8193
108 10.7863 87.6623
240 10.8163 87.4953
364 10.8434 87.3441
557 10.8731 87.1787
905 10.9038 87.0072
426 10.9331 86.8444
1 10.9607 86.6904
90 10.9915 86.5187
469 11.016 86.3821
301 11.0373 86.2631
405 11.0597 86.1382
711 11.0872 85.9853
944 11.1213 85.7949
728 11.1526 85.6204
991 11.1784 85.4767
615 11.1995 85.3592
106 11.2188 85.2514
693 11.2807 84.9066
554 11.3493 84.5237
300 11.399 84.2467
374 11.4538 83.9415
178 11.4994 83.6872
712 11.5412 83.4545
736 11.6016 83.1173
304 11.6639 82.7706
399 11.7403 82.3444
546 11.8152 81.9271
95 11.8861 81.5315
249 11.9624 81.1064
48 12.0428 80.6581
759 12.1203 80.2259
815 12.2016 79.773
436 12.2945 79.2551
699 12.3872 78.7381
431 12.505 78.0818
886 12.6198 77.4416
502 12.7377 76.7843
429 12.8374 76.2286
694 12.9267 75.7308
890 12.9267 75.7307
830 12.9267 75.7307
224 12.9268 75.7307
298 12.952 75.6294
739 12.9781 75.525
503 12.999 75.4413
556 13.02 75.3574
607 13.043 75.2653
3 13.0657 75.1743
948 13.0855 75.0948
717 13.1054 75.0154
326 13.1299 75.0027
955 13.1504 74.9922
892 13.1714 74.9815
433 13.1932 74.9702
31 13.2176 74.9577
487 13.2419 74.9452
639 13.2616 74.9351
277 13.2857 74.9227
333 13.3132 74.9086
321 13.2258 74.7619
427 13.1395 74.617
665 13.0622 74.4873
552 12.9946 74.3738
924 12.9235 74.2544
946 12.852 74.1344
551 12.7752 74.0054
443 12.7003 73.8797
88 12.6204 73.7455
266 12.5352 73.6024
114 12.3779 73.3383
77 12.2344 73.0974
168 12.1708 72.9906
398 12.0969 72.8665
400 12.0247 72.7454
796 11.9521 72.6234
219 11.8715 72.4882
500 11.8 72.3681
338 11.7227 72.2383
680 11.6488 72.1141
97 11.5721 71.9854
131 11.4937 71.8538
667 11.4194 71.729
376 11.3473 71.6079
207 11.2775 71.4908
966 11.2086 71.3751
255 11.1476 71.2726
939 11.0887 71.1738
657 11.179 71.1779
860 11.2665 71.1819
457 11.3502 71.1857
346 11.4322 71.1895
272 11.5097 71.193
14 11.5792 71.1962
517 11.6567 71.1997
879 11.7456 71.2038
524 11.8321 71.2077
686 11.9037 71.211
734 11.9849 71.2147
81 12.0835 71.2192
339 12.1723 71.2233
630 12.2472 71.2267
970 12.3218 71.2301
162 12.4018 71.2338
220 12.482 71.2374
445 12.5474 71.2404
560 12.6304 71.2442
325 12.7047 71.2476
381 12.7789 71.251
361 14.7108 71.3389
244 16.6627 71.4277
604 18.3388 71.504
825 19.2479 71.5454
635 20.174 71.5876
124 21.091 71.6293
689 21.091 71.6293
965 20.9765 71.4492
501 20.8738 71.2874
701 20.7738 71.13
99 20.6785 70.98
550 20.5846 70.8322
726 20.4783 70.6647
658 20.375 70.5021
327 20.2661 70.3306
537 20.1648 70.1712
479 20.0527 69.9947
571 19.9424 69.8209
601 19.8184 69.6258
79 19.705 69.4473
789 19.6141 69.304
574 19.5117 69.1429
526 19.4001 68.9672
275 19.2864 68.7881
888 19.1776 68.6168
329 19.0552 68.4242
950 18.9526 68.2625
113 18.8408 68.0866
600 18.7299 67.912
184 18.6153 67.7315
411 18.3337 67.2881
927 18.0718 66.8757
132 17.7851 66.4245
34 17.4997 65.9751
903 17.2337 65.5564
233 16.9124 65.0505
729 16.6276 64.6021
59 16.3345 64.1406
846 16.0366 63.8498
971 15.7229 63.5437
587 15.324 63.1543
371 13.2223 61.1023
336 13.219 61.0809
234 13.2162 61.063
192 13.2131 61.0434
703 13.21 61.0238
119 13.207 61.0047
799 13.2038 60.9844
691 13.1985 60.9505
760 13.1937 60.9197
218 13.1887 60.8879
347 13.1841 60.8581
142 12.9577 58.618
858 12.8717 57.7679
652 12.7946 57.006
938 12.7584 56.6486
279 12.722 56.2901
527 12.6856 55.9303
849 12.6505 55.584
182 12.6959 55.4415
956 12.737 55.3126
531 12.7751 55.1934
482 12.8184 55.0574
897 12.8843 54.8509
451 12.9512 54.6411
130 13.0161 54.4376
47 13.1042 54.1613
698 13.197 53.8702
925 13.2844 53.5963
747 13.3797 53.2974
805 13.4847 52.9679
505 13.5905 52.6363
57 13.6963 52.3043
475 13.8077 51.9549
784 13.8077 51.9549
981 13.7887 51.8068
909 13.767 51.6386
422 13.7489 51.4975
565 13.7297 51.3489
214 13.7096 51.1926
772 13.6897 51.0377
841 13.6601 50.8079
723 13.6341 50.606
908 13.389 50.4842
303 13.0955 50.3385
589 12.8381 50.2107
764 12.5776 50.0813
489 12.2564 49.9218
196 11.967 49.7781
116 11.6237 49.6076
972 11.4374 49.5151
128 11.2211 49.4077
770 11.0411 49.3183
708 10.8515 49.2242
677 10.6803 49.1392
122 10.4869 49.0431
797 10.5598 47.8299
341 10.6292 46.6732
328 10.6976 45.5341
212 10.6976 45.5341
949 10.6976 45.5341
174 10.6976 45.5341
166 10.6976 45.5341
700 10.819 45.4085
148 10.9275 45.2962
463 11.0239 45.1965
749 11.1237 45.0932
499 11.226 44.9874
330 11.3474 44.8618
373 11.4711 44.7338
222 11.5977 44.6028
758 11.7258 44.4703
731 11.8432 44.3487
100 11.9594 44.2285
157 12.0833 44.1003
542 12.5126 43.6559
476 12.9436 43.2098
423 13.3674 42.7711
125 13.7938 42.3297
352 14.2082 41.9007
535 14.654 41.4392
46 14.6269 41.2828
32 14.6025 41.1424
655 14.579 41.007
616 14.5548 40.868
228 14.5312 40.732
771 14.5083 40.6
403 14.4845 40.4633
496 14.4591 40.3172
78 14.4327 40.1651
936 14.408 40.0232
534 14.3296 39.5712
312 14.2411 39.0612
612 14.1511 38.5426
663 14.0647 38.0449
990 13.9721 37.5113
154 13.8784 36.9713
384 13.758 36.2774
10 13.6339 35.562
123 13.5065 34.8277
283 13.3541 33.9491
863 13.1936 33.0241
958 12.9935 31.8704
794 12.7461 30.4432
455 12.5585 29.3617
898 12.3967 28.4288
87 12.3975 28.2764
4 12.3985 28.1031
65 12.3993 27.9478
133 12.4003 27.7671
710 12.4013 27.5872
74 12.4023 27.4159
86 12.4032 27.2515
268 12.4053 26.8709
836 12.4074 26.4921
985 12.4094 26.1187
258 12.412 25.6546
572 12.4144 25.2121
963 12.417 24.7488
514 12.4196 24.2877
812 12.4707 15.2067
211 12.4707 15.2067
722 12.4707 15.2067
412 12.4707 15.2067
61 12.4707 15.2067
741 12.4707 15.2067
348 12.4707 15.2067
187 12.4707 15.2067
366 12.4707 15.2067
331 12.4707 15.2067
362 12.4707 15.2067
881 12.4707 15.2067
682 12.4707 15.2067
629 12.4707 15.2067
673 12.4707 15.2067
646 12.4707 15.2067
674 12.4707 15.2067
299 12.4707 15.2067
402 15.7276 15.2592
669 19.1306 15.3141
661 19.615 15.3219
588 20.0955 15.3297
488 20.652 15.3387
474 21.2618 15.3485
8 21.8604 15.3582
602 22.5159 15.3688
284 24.4655 15.0744
246 26.4077 14.7811
702 28.3532 14.4873
643 30.6159 14.1456
518 33.3642 13.7306
407 33.263 14.0958
26 33.1608 14.465
626 33.0591 14.8322
363 32.9631 15.1788
704 32.8665 15.5276
261 32.77 15.8763
310 32.6875 16.1739
653 32.6044 16.4741
573 32.3948 17.2313
822 32.1802 18.0067
883 31.9789 18.734
287 31.777 19.4633
351 31.4769 20.5479
254 31.0329 22.1532
902 30.5663 23.8398
943 30.115 25.4712
641 30.2005 25.5362
439 30.3042 25.6152
869 30.4105 25.6961
709 30.5107 25.7723
915 30.6056 25.8446
486 30.7052 25.9203
64 30.8035 25.9952
899 30.9002 26.0688
354 31.0144 26.1557
934 31.1391 26.2506
337 31.2307 26.3203
121 31.3106 26.3811
829 31.4044 26.4525
467 31.5158 26.5374
811 31.6057 26.6058
221 31.6057 26.6058
278 31.6057 26.6058
205 31.6058 26.6058
529 32.4502 27.1342
160 33.2201 27.616
787 33.946 28.0703
151 34.7253 28.5579
834 35.0472 28.7593
480 35.3685 28.9604
111 35.5914 29.1
379 35.8391 29.255
824 36.0801 29.4059
307 36.3622 29.5825
549 36.6904 29.7879
7 38.05 30.6385
679 39.3539 31.4544
191 41.7472 32.9517
566 44.1174 34.4346
377 46.3714 35.8448
844 46.4451 35.8909
716 46.5165 35.9356
27 46.5832 35.9774
586 46.6437 36.0152
555 46.7191 36.0624
276 46.7944 36.1095
865 46.8616 36.1516
692 46.9316 36.1955
594 47.017 36.2489
512 47.017 36.2489
917 47.449 36.0184
257 47.9541 35.749
63 48.4788 35.4691
66 49.0173 35.1818
681 49.5584 34.8931
853 50.0701 34.6201
790 50.827 34.2164
355 52.6428 33.2481
819 54.4974 32.2591
781 54.8181 32.0879
314 55.1257 31.9238
870 55.1257 31.9238
289 55.1257 31.9238
873 55.1257 31.9238
19 55.1257 31.9238
935 55.1257 31.9238
978 55.1257 31.9238
217 55.1892 31.8349
45 55.2715 31.7196
164 55.3443 31.6175
419 55.4162 31.5169
250 55.4793 31.4284
209 55.546 31.335
421 55.6114 31.2434
751 55.9556 30.7613
785 56.3082 30.2675
828 56.6669 29.765
358 57.0359 29.2482
458 57.4593 28.6551
634 57.9855 27.9181
821 58.9979 26.5003
831 60.1466 24.8916
6 61.3579 23.1953
55 62.734 21.2682
103 66.8906 15.4499
295 67.5184 15.6678
777 68.1085 15.8727
959 68.8082 16.1156
176 69.5638 16.3779
581 70.4313 16.679
598 71.5047 17.0516
504 72.639 17.4454
721 73.9034 17.8843
24 75.5678 18.462
