0,260,243,483,627,979,345,98,520,590,33,835,143,926,425,670,553,136,466,323,850,656,967,195,583,920,609,29,232,745,274,334,190,592,506,242,941,102,932,951,198,387,838,201,977,884,110,170,107,497,684,332,450,864,372,660,204,311,685,889,25,528,725,135,893,159,158,473,854,820,928,983,322,666,83,544,145,823,818,845,297,937,648,740,742,775,318,149,813,464,620,580,494,378,71,481,42,817,52,395,465,353,285,417,251,801,622,273,567,992,904,671,229,782,690,961,434,624,737,980,5,866,559,856,530,344,882,774,118,416,202,911,319,477,140,541,947,280,746,415,642,40,193,248,532,713,259,880,320,887,165,375,575,369,12,516,984,511,931,177,584,317,185,23,408,62,861,816,618,367,896,754,952,335,105,763,313,245,126,343,851,437,561,536,766,874,181,548,738,156,239,206,814,659,807,53,305,449,139,877,96,241,752,954,569,309,22,611,292,271,389,448,613,146,786,631,172,253,92,428,919,189,231,470,394,73,808,696,918,424,72,773,265,974,129,230,707,20,960,539,806,672,614,604,252,124,392,256,651,270,2,167,418,16,578,757,60,730,490,88,454,223,872,296,871,150,593,825,50,183,244,44,141,638,795,76,288,36,885,115,833,761,120,768,714,462,431,227,776,859,409,610,430,441,368,491,456,521,306,28,711,200,933,300,615,693,815,719,106,15,138,718,585,39,678,637,442,495,247,13,380,263,868,914,447,973,803,953,695,628,753,547,750,58,988,213,792,444,199,236,827,17,446,153,568,982,301,969,405,360,386,178,95,546,399,304,736,712,435,469,90,1,557,364,240,108,916,316,780,169,401,75,955,31,892,326,321,427,374,657,944,93,203,426,759,168,41,48,249,699,608,333,635,888,630,890,479,886,429,830,503,667,860,457,346,556,433,255,607,728,991,298,224,948,400,219,192,114,554,570,905,560,338,398,796,500,680,131,376,665,381,162,81,694,487,639,272,325,726,220,339,436,207,97,3,551,734,686,524,517,14,445,799,99,132,970,739,277,717,939,196,764,411,966,361,701,924,502,526,550,501,591,552,349,927,658,950,878,697,903,275,574,789,601,571,537,327,113,946,443,689,600,266,965,184,451,913,972,908,981,897,329,784,47,482,130,371,691,760,218,347,234,925,698,336,879,77,703,119,565,214,772,57,527,422,938,157,708,489,166,116,849,122,589,531,747,805,279,956,341,475,677,100,731,182,37,174,949,212,125,423,542,749,463,148,700,142,303,328,312,534,936,78,496,403,771,228,616,655,32,46,499,758,222,373,330,985,797,841,128,770,505,352,476,858,652,909,663,87,723,612,958,863,283,123,10,384,154,990,535,4,673,299,572,710,86,514,268,133,65,836,794,898,258,74,641,812,331,881,348,8,661,488,588,211,366,187,741,722,474,963,682,412,362,455,61,646,674,402,629,899,669,351,626,26,518,934,337,573,287,883,822,407,310,261,704,363,653,254,787,902,643,824,379,111,702,811,679,549,7,307,467,160,834,529,205,278,221,246,602,439,284,121,829,354,943,64,486,915,709,438,619,151,783,687,388,543,11,397,508,480,706,38,664,414,869,147,391,525,302,89,735,765,989,545,876,210,576,839,54,748,413,809,929,370,603,640,127,237,382,507,705,471,269,922,778,461,49,104,324,264,621,180,891,522,788,732,30,688,720,596,645,533,175,493,59,971,79,233,846,21,910,683,599,137,756,390,633,34,912,957,359,80,171,733,410,510,267,308,291,901,729,587,294,144,215,365,163,459,895,56,82,857,743,986,840,179,109,894,804,404,662,649,406,134,715,453,800,563,826,226,558,9,315,802,940,523,987,676,540,779,724,350,208,564,976,235,921,582,513,91,855,769,562,94,755,112,225,636,460,509,484,632,647,577,964,579,654,51,617,595,385,420,173,762,900,383,668,650,18,837,152,727,962,515,975,440,907,432,340,867,68,290,744,832,852,605,498,396,810,968,161,468,625,286,262,478,519,623,85,393,293,767,67,942,70,798,35,793,791,847,238,281,188,84,485,282,216,538,314,675,842,644,117,492,357,606,843,186,63,342,848,923,597,566,194,452,917,512,66,101,257,853,43,472,69,906,197,356,930,875,945,155,681,355,790,191,27,586,377,978,716,862,844,692,276,865,555,594,819,781,870,289,873,19,935,217,45,164,419,250,209,421,751,785,828,358,458,634,821,831,6,55,103,295,777,959,176,581,598,504,721,24,
value : 438.013 running time : 263.776793
0 80 20
260 86.2684 17.5916
243 86.2684 17.5916
483 86.2684 17.5916
627 86.0077 18.654
979 85.7054 19.8859
345 84.9235 23.0707
98 83.9581 27.0016
520 83.0266 30.7953
590 82.1439 34.3905
33 81.199 38.2389
835 80.0561 42.8932
143 78.6168 48.7541
926 78.6168 48.7541
425 78.6168 48.7541
670 78.6168 48.7542
553 78.6168 48.7542
136 78.6168 48.7542
466 78.6168 48.7542
323 78.6168 48.7542
850 78.5615 49.0177
656 78.5002 49.3101
967 78.4482 49.5575
195 78.396 49.8062
583 78.3485 50.0326
920 78.2946 50.2896
609 78.2378 50.5598
29 78.1856 50.8083
232 78.1344 51.0526
745 78.0796 51.3137
274 77.9604 51.8825
334 77.8564 52.3793
190 77.6666 53.2861
592 78.0544 53.7787
506 78.3812 54.1939
242 78.7356 54.6442
941 79.1173 55.129
102 79.4921 55.605
932 79.9248 56.1547
951 80.3408 56.6832
198 80.7429 57.1941
387 81.1606 57.7248
838 81.5628 58.2358
201 81.9562 58.7355
977 82.3727 59.2648
884 82.7981 59.8052
110 83.209 60.3272
170 83.7312 60.9908
107 84.1994 61.5856
497 84.6351 62.1393
684 84.8686 64.5987
332 85.365 69.8267
450 85.7792 74.1893
864 86.3293 79.9828
372 86.3314 80.0056
660 86.0179 80.4925
204 85.6672 81.0369
311 85.2922 81.6191
685 84.8782 82.2618
889 84.4481 82.9294
25 84.023 83.5893
528 83.4634 84.4579
725 82.2598 86.3255
135 81.0597 88.1876
893 81.0482 88.2054
159 81.0368 88.2232
158 81.0254 88.2409
473 81.0143 88.2582
854 81.0033 88.2753
820 80.9923 88.2923
928 80.9815 88.3091
983 80.47 88.2752
322 79.4552 88.208
666 77.5991 88.0849
83 76.3152 87.9998
544 75.9336 87.9745
145 75.7163 87.9601
823 75.523 87.9473
818 75.3483 87.9357
845 75.1767 87.9244
297 75.0184 87.9139
937 74.9163 87.9071
648 74.8186 87.9006
740 74.7154 87.8938
742 74.6012 87.8862
775 74.4855 87.8786
318 74.3727 87.8711
149 74.2651 87.864
813 74.1744 87.8579
464 74.0839 87.852
620 74.0519 87.8498
580 74.0519 87.8498
494 72.9595 87.4747
378 71.1385 86.8495
71 70.7537 86.7174
481 70.3984 86.5954
42 70.0681 86.4819
817 69.7615 86.3767
52 69.4729 86.2776
395 69.1779 86.1763
465 68.939 86.0943
353 68.7016 86.0128
285 68.438 85.9223
417 68.1548 85.825
251 67.8276 85.7127
801 67.2613 85.5182
622 66.8449 85.3753
273 66.4201 85.2294
567 65.9922 85.0825
992 65.5873 84.9434
904 65.1775 84.8027
671 62.7715 85.5539
229 60.1105 86.3847
782 57.6193 87.1624
690 55.3781 87.8619
961 53.3335 88.5001
434 52.9495 88.6199
624 52.5987 88.7293
737 52.2519 88.8374
980 51.9205 88.9408
5 51.604 89.0395
866 51.604 89.0395
559 51.604 89.0395
856 51.604 89.0395
530 51.604 89.0395
344 51.604 89.0395
882 51.604 89.0395
774 51.604 89.0395
118 51.604 89.0395
416 51.604 89.0395
202 51.604 89.0395
911 51.604 89.0395
319 51.604 89.0395
477 51.604 89.0395
140 51.604 89.0395
541 51.604 89.0395
947 51.604 89.0395
280 51.604 89.0395
746 51.604 89.0395
415 51.604 89.0395
642 51.604 89.0395
40 51.604 89.0395
193 51.604 89.0395
248 51.604 89.0395
532 51.604 89.0395
713 51.604 89.0395
259 51.604 89.0395
880 51.604 89.0395
320 51.604 89.0395
887 51.604 89.0395
165 51.604 89.0395
375 51.604 89.0395
575 51.604 89.0395
369 51.604 89.0395
12 51.604 89.0395
516 51.604 89.0395
984 51.604 89.0395
511 51.604 89.0395
931 51.604 89.0395
177 51.5537 89.0394
584 51.4993 89.0393
317 51.4416 89.0393
185 51.3446 89.0392
23 51.16 89.0391
408 50.9515 89.0389
62 50.7387 89.0387
861 50.5188 89.0386
816 50.2934 89.0384
618 50.0518 89.0382
367 49.8012 89.038
896 49.5412 89.0379
754 49.2634 89.0377
952 48.9764 89.0375
335 48.6755 89.0373
105 48.2945 89.037
763 47.9126 89.0368
313 47.5159 89.0365
245 47.0982 89.0363
126 46.6696 89.036
343 46.218 89.0357
851 45.755 89.0355
437 45.272 89.0352
561 44.7929 89.0349
536 44.3089 89.0346
766 43.8246 89.0343
874 43.3759 89.034
181 42.9331 89.0338
548 42.5182 89.0335
738 42.1144 89.0333
156 41.7283 89.033
239 41.3248 89.0327
206 40.9076 89.0325
814 40.4702 89.0322
659 40.0177 89.0319
807 39.5424 89.0316
53 39.0255 89.0313
305 38.5019 89.031
449 37.9264 89.0307
139 37.3266 89.0304
877 36.7378 89.03
96 36.1524 89.0297
241 35.5719 89.0294
752 34.9894 89.0291
954 34.3841 89.0287
569 34.0263 89.0285
309 33.6517 89.0282
22 33.2581 89.028
611 32.8536 89.0277
292 32.8536 89.0277
271 32.8536 89.0277
389 32.8536 89.0277
448 32.8463 89.0212
613 32.8389 89.0147
146 32.8314 89.0081
786 32.8239 89.0015
631 32.8164 88.9949
172 32.8088 88.9882
253 32.8012 88.9815
92 32.7936 88.9748
428 32.7861 88.9681
919 32.7785 88.9615
189 32.771 88.9548
231 32.7635 88.9482
470 32.756 88.9416
394 32.7485 88.935
73 32.7409 88.9283
808 32.7334 88.9217
696 32.7259 88.915
918 32.7183 88.9084
424 32.7108 88.9018
72 32.7034 88.8952
773 32.6959 88.8886
265 32.6885 88.8821
974 32.6375 88.8371
129 32.5468 88.7571
230 32.4539 88.6753
707 32.3584 88.5911
20 32.261 88.5053
960 32.1468 88.4046
539 32.0069 88.2813
806 31.8597 88.1517
672 31.711 88.0206
614 31.5612 87.8886
604 29.4875 86.8807
252 29.391 86.8339
124 29.2835 86.7817
392 29.1716 86.7274
256 29.0653 86.6759
651 28.9586 86.6241
270 28.8482 86.5705
2 28.732 86.5141
167 28.6174 86.4585
418 28.503 86.403
16 28.3884 86.3473
578 28.2761 86.2928
757 28.1638 86.2384
60 28.0515 86.1839
730 27.9432 86.1313
490 27.4896 86.2519
88 27.0577 86.3667
454 26.8203 86.4299
223 26.5313 86.5067
872 26.1799 86.6001
296 25.6472 86.7417
871 25.0204 86.9084
150 24.6885 86.9966
593 24.3174 87.0953
825 24.0713 87.1607
50 23.9357 87.1968
183 23.8033 87.232
244 23.6753 87.266
44 23.5537 87.2983
141 23.4339 87.3302
638 23.302 87.3652
795 23.1522 87.4051
76 22.9785 87.4512
288 22.7992 87.4989
36 22.6235 87.5456
885 22.4449 87.5931
115 22.2644 87.6411
833 22.1 87.6848
761 21.9375 87.728
120 21.7719 87.772
768 21.5815 87.8226
714 21.4212 87.8653
462 21.4212 87.8653
431 21.4212 87.8653
227 21.4212 87.8653
776 21.4212 87.8653
859 21.4212 87.8653
409 21.4212 87.8653
610 21.4212 87.8653
430 21.4211 87.8653
441 21.3598 87.8775
368 21.2991 87.8896
491 21.2383 87.9017
456 21.1792 87.9135
521 21.1205 87.9252
306 21.0623 87.9368
28 21.0011 87.949
711 14.1799 89.3069
200 13.1423 89.5134
933 12.2823 89.6846
300 11.3421 89.8717
615 11.3089 89.8783
693 11.2781 89.8845
815 11.2476 89.8906
719 11.217 89.8967
106 11.1868 89.9027
15 11.1573 89.9086
138 11.1265 89.9147
718 11.0957 89.9208
585 11.065 89.927
39 11.0357 89.9328
678 11.0071 89.9385
637 10.9791 89.9441
442 10.9512 89.9496
495 10.9232 89.9552
247 10.8947 89.9609
13 10.8662 89.9666
380 10.837 89.9724
263 10.8085 89.9781
868 10.7806 89.9837
914 10.7535 89.989
447 10.7267 89.9944
973 10.7001 89.9997
803 10.6732 90.0051
953 10.6466 90.0104
695 10.6205 90.0156
628 10.5936 90.0209
753 10.5669 90.0263
547 10.539 90.0318
750 10.512 90.0372
58 10.4851 90.0426
988 10.4555 90.0484
213 10.4592 90.0353
792 10.4768 89.9718
444 10.4941 89.9093
199 10.5112 89.8475
236 10.5285 89.7853
827 10.546 89.7222
17 10.5644 89.6558
446 10.5828 89.5894
153 10.6012 89.5232
568 10.6196 89.457
982 10.6381 89.3902
301 10.6565 89.3236
969 10.6751 89.2568
405 10.6939 89.1889
360 10.7134 89.1184
386 10.7319 89.0517
178 10.7505 88.9848
95 10.7677 88.9226
546 10.7848 88.861
399 10.8016 88.8006
304 10.8182 88.7408
736 10.8348 88.6807
712 10.8516 88.6203
435 10.8684 88.5597
469 11.289 87.0414
90 11.6269 85.822
1 11.6979 85.566
557 11.7715 85.3004
364 11.848 85.0245
240 11.9293 84.7311
108 12.0111 84.4362
916 12.0969 84.1268
316 12.1834 83.8147
780 12.2726 83.4929
169 12.362 83.1705
401 12.4568 82.8286
75 12.5736 82.4072
955 12.706 81.9297
31 12.839 81.4497
892 12.9737 80.9637
326 13.1158 80.4512
321 13.2469 79.978
427 13.375 79.5158
374 13.375 79.5158
657 13.375 79.5158
944 13.375 79.5158
93 13.445 79.4622
203 13.5118 79.411
426 13.5782 79.3601
759 13.6452 79.3088
168 13.7158 79.2546
41 13.7921 79.1962
48 13.7039 79.016
249 13.6123 78.8288
699 13.5223 78.6446
608 13.4284 78.4528
333 13.3363 78.2643
635 13.233 78.0531
888 13.1259 77.8339
630 13.0128 77.6025
890 12.8964 77.3646
479 12.7874 77.1417
886 12.6807 76.9235
429 12.5824 76.7224
830 12.4739 76.5006
503 12.3803 76.3091
667 12.2841 76.1126
860 12.2173 75.976
457 12.153 75.8445
346 12.0906 75.717
556 12.0288 75.5907
433 11.9683 75.467
255 11.9121 75.3522
607 11.9121 75.3522
728 11.9121 75.3522
991 11.9121 75.3521
298 11.9121 75.3521
224 11.912 75.3521
948 11.912 75.352
400 11.912 75.352
219 11.912 75.352
192 11.912 75.3519
114 11.912 75.3519
554 11.912 75.3519
570 11.8798 75.2154
905 11.8454 75.0698
560 11.8068 74.906
338 11.7671 74.738
398 11.7291 74.5767
796 11.6928 74.4228
500 11.6562 74.2675
680 11.6198 74.1133
131 11.5847 73.9644
376 11.5573 73.8485
665 11.5334 73.7468
381 11.5103 73.6492
162 11.4915 73.5695
81 11.4729 73.4904
694 11.4549 73.4141
487 11.4376 73.3407
639 11.4198 73.2651
272 11.4021 73.1901
325 11.3847 73.1163
726 11.3658 73.0364
220 11.3465 72.9546
339 11.3269 72.8711
436 11.3062 72.7835
207 11.2836 72.6879
97 11.2623 72.5976
3 11.2414 72.5087
551 11.2213 72.4235
734 11.2006 72.3358
686 11.1815 72.2548
524 11.1626 72.1748
517 11.1445 72.098
14 11.1272 72.0244
445 11.1103 71.9528
799 11.0937 71.8823
99 11.0778 71.815
132 11.0589 71.7348
970 11.0406 71.6573
739 11.0227 71.5815
277 11.0054 71.5079
717 10.9883 71.4354
939 10.9717 71.3651
196 11.5282 71.2392
764 11.8432 71.168
411 11.8788 71.1599
966 11.9135 71.1521
361 13.8318 70.7182
701 15.3592 70.3728
924 16.5832 70.096
502 17.5461 69.8782
526 18.6638 69.6254
550 19.5575 69.4233
501 20.3241 69.2499
591 20.816 69.1386
552 21.0013 69.0967
349 21.1866 69.0548
927 21.3614 69.0153
658 21.5324 68.9766
950 21.704 68.9378
878 21.8783 68.8983
697 21.9312 68.8864
903 21.9841 68.8744
275 22.0358 68.8627
574 22.0879 68.8509
789 22.1388 68.8394
601 22.1895 68.828
571 22.2404 68.8164
537 22.2895 68.8053
327 22.3384 68.7943
113 22.3869 68.7833
946 22.4367 68.772
443 22.4872 68.7606
689 22.5385 68.749
600 22.5243 68.653
266 22.5098 68.5555
965 22.4954 68.458
184 22.4808 68.3595
451 21.7084 63.1674
913 20.9741 58.2302
972 20.0175 58.2485
908 19.029 58.2675
981 17.9471 58.2882
897 16.8651 58.3089
329 15.7963 58.3293
784 14.7579 58.3491
47 13.7272 58.3689
482 12.8855 58.385
130 12.0934 58.4003
371 11.328 58.4149
691 11.3321 58.3682
760 11.3362 58.3222
218 11.3402 58.2758
347 11.3442 58.2299
234 11.3485 58.1814
925 11.3528 58.1319
698 11.3572 58.0821
336 11.3613 58.0345
879 11.3654 57.9875
77 11.3698 57.9374
703 11.3845 57.7698
119 11.3996 57.5966
565 11.4428 57.1028
214 11.486 56.6083
772 11.5282 56.125
57 11.577 55.5668
527 11.6204 55.0692
422 11.6638 54.5733
938 11.7079 54.0678
157 11.7504 53.5824
708 11.7723 53.3315
489 11.7949 53.0734
166 11.8167 52.8235
116 11.8398 52.5601
849 11.8398 52.5601
122 11.8398 52.56
589 11.8556 52.4561
531 11.8722 52.3468
747 11.9208 52.0272
805 12.0167 51.3959
279 12.1164 50.7401
956 12.2215 50.0482
341 12.3802 49.004
475 12.5366 47.9746
677 12.5863 47.6476
100 12.6545 47.1988
731 12.7337 46.6776
182 12.8075 46.1923
37 12.8879 45.6629
174 12.8051 45.4783
949 12.7168 45.2817
212 12.6253 45.078
125 12.5404 44.8888
423 12.4696 44.731
542 12.4003 44.5768
749 12.3268 44.4131
463 12.2526 44.2478
148 12.1771 44.0795
700 12.1 43.9079
142 12.0272 43.7457
303 11.9111 43.4871
328 11.6916 42.9981
312 11.721 42.9766
534 11.7508 42.9549
936 11.7807 42.9331
78 11.8113 42.9108
496 11.8411 42.8891
403 11.8708 42.8675
771 11.8981 42.8475
228 11.9253 42.8278
616 11.9524 42.808
655 11.9795 42.7882
32 12.0049 42.7697
46 12.0298 42.7516
499 12.0549 42.7333
758 12.1184 42.687
222 12.1815 42.641
373 12.2455 42.5943
330 12.3114 42.5463
985 12.3803 42.4961
797 12.4487 42.4463
841 12.5163 42.3971
128 12.5849 42.347
770 12.7015 42.2621
505 12.8207 42.1752
352 12.9476 42.0828
476 13.0826 41.9844
858 13.2166 41.8868
652 13.3544 41.7864
909 13.4969 41.6826
663 13.6514 41.5701
87 13.8054 41.4579
723 13.9553 41.3486
612 14.0932 41.2482
958 14.1805 41.1845
863 14.2687 41.1203
283 14.3586 41.0548
123 14.4494 40.9886
10 14.5423 40.9209
384 14.6356 40.8529
154 14.7313 40.7832
990 14.8313 40.7104
535 14.932 40.637
4 13.2497 32.4793
673 13.1198 31.8492
299 13.0197 31.3634
572 12.9382 30.9676
710 12.863 30.6027
86 12.7922 30.2591
514 12.7333 29.9732
268 12.6776 29.7026
133 12.6229 29.4375
65 12.5688 29.1745
836 12.5052 28.866
794 12.4407 28.553
898 12.3823 28.2696
258 12.4136 25.2619
74 12.4462 22.1311
641 12.4869 18.2105
812 12.5182 15.1748
331 12.5182 15.1748
881 12.5182 15.1748
348 12.5182 15.1748
8 12.5182 15.1748
661 12.5182 15.1748
488 12.5182 15.1748
588 12.5182 15.1748
211 12.5182 15.1748
366 12.5182 15.1748
187 12.5182 15.1748
741 12.5697 15.1714
722 12.6215 15.168
474 12.684 15.1639
963 12.7444 15.16
682 12.8348 15.1541
412 12.9277 15.148
362 13.0253 15.1416
455 13.1282 15.1349
61 13.2954 15.124
646 13.6389 15.1015
674 14.3939 15.0522
402 15.3472 14.99
629 16.3667 14.9234
899 20.5566 14.6503
669 25.5006 14.3279
351 28.3778 14.1403
626 30.4475 14.0052
26 32.4473 13.8747
518 33.4354 13.8102
934 32.6965 18.1843
337 32.6846 18.2545
573 32.6728 18.3244
287 32.6609 18.3953
883 32.6481 18.4709
822 32.6354 18.5459
407 32.6232 18.6184
310 32.6102 18.6954
261 32.597 18.7733
704 32.5844 18.8479
363 32.5716 18.9236
653 32.5584 19.0022
254 32.3733 20.0978
787 32.1776 21.2568
902 32.0419 22.0603
643 31.9243 22.7565
824 31.7753 23.639
379 31.6436 24.419
111 31.5238 25.1281
702 31.3762 26.0025
811 31.0941 27.6724
679 31.0358 28.0175
549 30.998 28.2414
7 30.9641 28.4423
307 30.9508 28.5207
467 30.9373 28.6007
160 30.9237 28.6816
834 30.91 28.7626
529 30.8963 28.8436
205 30.8831 28.9217
278 30.8709 28.9944
221 30.8587 29.0662
246 30.8466 29.1381
602 30.8327 29.2205
439 30.8188 29.3028
284 30.8016 29.4044
121 30.7833 29.5131
829 30.7656 29.6176
354 30.7489 29.7164
943 30.732 29.8165
64 30.7743 30.3329
486 30.8478 31.231
915 30.9232 32.1518
709 31.0258 33.4045
438 31.2145 35.7053
619 31.3014 36.766
151 31.3609 37.4926
783 31.4167 38.1742
687 31.4658 38.7744
388 31.5124 39.3442
543 31.5563 39.8812
11 31.5937 40.3384
397 31.6294 40.7755
508 31.6635 41.1919
480 31.6956 41.5848
706 31.7276 41.9761
38 31.7594 42.3645
664 31.7908 42.7496
414 31.8229 43.1421
869 31.8557 43.5426
147 32.0103 45.4284
391 32.1363 46.9668
525 32.2337 48.156
302 32.3354 49.3975
89 32.4383 50.6543
735 32.5309 51.7841
765 32.5738 52.3093
989 32.5895 52.501
545 32.6094 52.7452
876 32.6293 52.9887
210 32.6498 53.2388
576 32.6702 53.4877
839 32.6844 53.6616
54 32.6981 53.83
748 32.7102 53.9778
413 32.7247 54.1555
809 32.7399 54.3413
929 32.7546 54.521
370 32.769 54.6981
603 32.7834 54.8741
640 32.7978 55.0501
127 32.8119 55.2223
237 32.826 55.3949
382 32.8403 55.5701
507 32.8537 55.7339
705 32.8665 55.891
471 32.8794 56.0489
269 32.8917 56.2002
922 32.9044 56.3549
778 32.9171 56.5109
461 32.9303 56.6723
49 32.9441 56.8406
104 32.9587 57.0195
324 32.973 57.1942
264 32.988 57.3787
621 33.0019 57.5484
180 33.0031 57.6269
891 33.0045 57.7156
522 33.0059 57.806
788 33.0076 57.9141
732 33.0092 58.0189
30 33.0108 58.1206
688 33.0123 58.2213
720 33.014 58.3287
596 33.0156 58.4301
645 33.0171 58.5252
533 33.0185 58.618
175 33.02 58.7111
493 33.0213 58.7987
59 33.0227 58.886
971 33.0241 58.9758
79 33.0241 58.9758
233 33.0241 58.9758
846 33.0241 58.9758
21 33.0241 58.9758
910 33.0241 58.9758
683 33.0241 58.9758
599 33.0241 58.9758
137 33.0241 58.9758
756 33.0241 58.9758
390 33.0241 58.9758
633 33.0241 58.9758
34 33.3105 59.2792
912 33.7396 59.7337
957 34.163 60.1821
359 34.6068 60.6521
80 35.0234 61.0933
171 35.1507 61.2282
733 35.2685 61.353
410 35.3951 61.4871
510 35.5148 61.6139
267 35.6577 61.7653
308 35.8077 61.9242
291 35.9567 62.0821
901 36.1053 62.2395
729 36.2771 62.4215
587 36.785 62.9594
294 42.3582 68.8595
144 43.0828 69.6269
215 43.7644 70.3487
365 43.9342 70.5286
163 44.1271 70.733
459 44.3303 70.9482
895 44.5503 71.1813
56 44.7401 71.3822
82 44.9504 71.6051
857 45.1368 71.8025
743 45.3113 71.9873
986 45.4922 72.1789
840 45.6712 72.3686
179 45.8275 72.5341
109 45.8275 72.5341
894 45.8275 72.5341
804 45.8275 72.5341
404 45.8275 72.5341
662 45.8275 72.5341
649 46.0375 72.5134
406 47.3548 72.3837
134 47.3952 72.3708
715 47.4358 72.3579
453 47.4776 72.3446
800 47.5185 72.3316
563 47.5583 72.319
826 47.5983 72.3063
226 47.6386 72.2935
558 47.7666 72.2528
9 47.8936 72.2124
315 48.0103 72.1753
802 48.1183 72.141
940 48.2263 72.1067
523 48.3367 72.0716
987 48.4491 72.0359
676 48.5442 72.0056
540 48.6396 71.9753
779 48.7395 71.9436
724 48.8413 71.9112
350 48.9688 71.8707
208 49.1039 71.8278
564 49.232 71.7871
976 49.3724 71.7424
235 49.5296 71.6925
921 49.6877 71.6422
582 49.8463 71.5919
513 50.0028 71.5421
91 50.1623 71.4914
855 50.322 71.4407
769 50.4816 71.3899
562 50.6402 71.3396
94 50.8331 71.2782
755 51.0276 71.2164
112 51.2584 71.1431
225 51.4849 71.0711
636 51.785 70.9758
460 52.828 70.6446
509 53.5884 70.4031
484 54.1982 70.2093
632 54.9994 69.9548
647 55.8923 69.6712
577 56.4987 69.4786
964 59.5616 68.9775
579 63.1841 68.3847
654 63.4765 68.3369
51 63.7623 68.2903
617 64.0479 68.2436
595 65.5149 68.0037
385 66.9835 67.7635
420 66.9835 67.7635
173 66.9835 67.7635
762 66.9835 67.7635
900 66.9835 67.7635
383 66.9835 67.7635
668 66.9835 67.7635
650 66.9835 67.7635
18 66.9835 67.7635
837 66.7914 67.5786
152 66.6206 67.4142
727 66.4505 67.2504
962 66.2868 67.0929
515 66.1424 66.9539
975 65.9538 66.7724
440 65.8038 66.628
907 65.6375 66.468
432 65.435 66.2731
340 65.4348 66.2729
867 65.4347 66.2728
68 65.4345 66.2726
290 65.4344 66.2725
744 65.4342 66.2723
832 65.434 66.2721
852 63.9472 64.8326
605 61.7061 62.6625
498 59.7664 60.784
396 59.7664 60.784
810 59.7664 60.784
968 59.7664 60.784
161 59.7664 60.784
468 59.7664 60.784
625 59.7664 60.784
286 59.7664 60.784
262 59.7664 60.784
478 59.7664 60.784
519 59.7664 60.784
623 59.7664 60.784
85 59.7664 60.784
393 59.7664 60.784
293 59.7664 60.784
767 59.7664 60.784
67 59.7664 60.784
942 59.7664 60.784
70 59.7664 60.784
798 59.7664 60.784
35 59.7664 60.784
793 59.7664 60.784
791 59.7664 60.784
847 59.7664 60.784
238 58.2614 57.5099
281 57.2645 55.3403
188 57.1179 55.0217
84 56.964 54.6872
485 56.7958 54.3214
282 56.6191 53.9374
216 56.4269 53.5194
538 55.2992 51.0663
314 53.3336 46.7894
675 53.3336 46.7894
842 53.3336 46.7894
644 53.3336 46.7894
117 53.3335 46.7894
492 53.3335 46.7894
357 53.3335 46.7893
606 53.3335 46.7893
843 53.3335 46.7893
186 53.3335 46.7893
63 53.3335 46.7893
342 53.3335 46.7893
848 53.3335 46.7893
923 53.3335 46.7892
597 53.3334 46.7892
566 51.561 44.2211
194 51.5585 44.2175
452 51.556 44.2139
917 51.5535 44.2103
512 51.5535 44.2103
66 51.5535 44.2103
101 51.5535 44.2103
257 50.5826 40.9933
853 50.2288 39.8219
43 50.1819 39.6668
472 50.1351 39.5123
69 50.0883 39.3574
906 50.041 39.2011
197 49.9929 39.0421
356 49.9431 38.8774
930 49.8918 38.7076
875 49.8389 38.5328
945 49.7844 38.3526
155 49.6651 37.9576
681 49.5346 37.5257
355 49.3997 37.0794
790 49.2547 36.5995
191 49.1201 36.1539
27 49.193 36.0844
586 49.2619 36.0187
377 49.3337 35.9503
978 49.4019 35.8853
716 49.4693 35.8211
862 49.5378 35.7558
844 49.6383 35.66
692 49.7406 35.5625
276 50.0622 35.256
865 50.9764 34.3847
555 51.8241 33.5768
594 52.5161 32.9173
819 53.5776 31.9055
781 53.5776 31.9055
870 53.5776 31.9055
289 53.5776 31.9055
873 53.5776 31.9055
19 53.5776 31.9055
935 53.5776 31.9055
217 53.5776 31.9055
45 53.7644 31.6715
164 53.9234 31.4724
419 54.0776 31.2792
250 54.2227 31.0975
209 54.3723 30.9101
421 54.5268 30.7166
751 54.7945 30.3812
785 55.0725 30.0329
828 55.3677 29.6632
358 55.6728 29.2809
458 56.0378 28.8236
634 56.5136 28.2275
821 57.5537 26.9239
831 58.7034 25.4832
6 59.8909 23.995
55 61.2968 22.2331
103 66.6489 15.5241
295 67.3304 15.7527
777 68.0616 15.9979
959 68.857 16.2647
176 69.7933 16.5787
581 70.8051 16.918
598 71.9861 17.314
504 73.2846 17.7494
721 74.7337 18.2352
24 76.5339 18.8387
