0,979,598,24,103,819,721,581,959,777,504,295,176,357,594,675,821,27,865,831,43,217,314,978,289,358,164,555,634,209,250,55,828,6,681,844,781,751,458,870,66,377,873,935,421,45,419,785,716,945,19,692,853,930,355,790,257,989,194,522,566,197,63,356,906,848,342,875,452,155,69,472,186,843,492,101,512,281,210,597,519,793,35,188,798,70,942,498,282,577,262,286,964,396,117,923,644,393,810,293,85,238,791,485,478,647,84,216,623,538,625,605,340,583,832,579,460,727,110,975,201,383,432,68,290,173,900,847,51,152,867,208,668,67,595,762,440,907,744,385,650,818,71,112,509,369,83,904,654,962,395,801,987,671,481,800,515,968,769,91,582,109,134,80,468,459,715,484,410,558,804,617,743,161,976,513,676,562,802,755,724,404,855,315,235,921,857,540,9,94,986,894,144,350,248,226,632,779,453,523,225,270,56,163,571,840,34,21,730,846,359,957,591,171,291,913,809,732,765,30,365,901,576,507,54,733,729,390,645,839,735,79,788,912,382,596,910,471,922,370,510,756,127,533,783,175,461,237,49,493,104,302,688,180,891,545,137,683,640,264,308,276,929,621,267,811,151,37,679,633,687,324,269,38,748,147,508,876,778,397,619,413,543,535,603,862,391,438,956,89,797,663,32,869,278,664,221,824,11,467,307,787,7,917,834,706,602,191,388,414,205,379,480,586,549,934,65,829,64,702,284,354,899,709,612,529,160,486,915,254,121,943,643,518,407,246,669,337,310,653,704,261,573,287,883,822,351,111,363,626,26,211,8,474,412,366,588,488,812,187,646,722,572,641,902,61,674,331,629,881,362,348,402,661,439,963,836,455,258,682,673,741,4,268,958,794,898,154,133,299,700,86,710,74,514,283,328,212,499,123,731,87,403,46,174,616,341,841,312,125,542,78,423,990,373,463,352,770,565,279,489,157,228,496,10,749,182,100,985,330,476,858,652,128,908,863,384,705,451,233,677,525,949,758,723,142,938,698,475,336,772,148,222,981,59,655,771,764,703,116,166,57,708,505,534,925,760,122,805,214,303,936,734,196,849,531,909,47,691,77,939,972,422,589,192,218,784,747,527,234,132,347,587,927,888,431,469,327,946,113,487,443,551,965,502,601,349,552,924,99,275,599,903,329,252,897,720,697,184,726,950,333,550,501,971,220,526,454,600,635,574,878,537,689,60,872,223,789,658,266,457,93,88,130,411,114,298,796,667,207,346,694,657,680,277,665,339,131,560,970,482,701,500,686,400,361,97,639,799,376,717,830,890,381,524,517,272,966,338,479,326,503,371,608,759,426,886,825,429,554,427,168,255,14,445,860,728,219,607,630,119,81,3,739,948,162,398,879,374,224,360,944,637,153,780,95,991,546,556,905,203,169,570,1,792,368,300,585,106,803,447,953,914,678,39,75,736,304,969,386,178,444,718,753,90,712,236,15,399,364,916,699,436,247,628,199,815,301,316,401,240,108,557,495,325,615,433,955,892,48,31,321,213,17,58,776,750,719,442,200,833,227,547,263,868,988,13,462,115,50,183,435,244,827,693,982,568,973,446,138,711,380,405,578,604,757,490,418,167,288,150,256,795,638,141,20,424,593,933,859,306,456,695,885,36,672,786,409,871,521,428,696,41,954,16,714,752,271,960,120,44,808,96,631,253,773,392,241,73,611,2,806,172,92,491,441,430,768,651,610,28,761,974,22,146,548,296,76,249,124,614,231,448,394,265,470,569,230,707,918,139,613,662,389,449,919,539,659,189,532,72,559,713,53,375,408,563,126,814,738,320,866,437,874,309,416,215,292,877,5,239,140,766,807,206,649,561,181,343,763,564,536,280,887,294,624,896,434,895,118,690,940,636,984,754,737,367,851,618,816,530,319,861,62,856,477,880,317,259,245,313,952,129,105,980,541,961,882,335,344,229,82,202,185,406,193,782,584,911,774,165,415,642,746,40,826,156,947,575,179,12,516,23,305,511,177,622,18,837,378,465,464,620,158,742,159,318,42,823,145,813,845,544,817,52,666,864,937,775,273,297,931,149,251,567,992,353,580,820,740,648,417,285,135,983,725,494,854,893,928,450,204,332,889,528,311,660,685,25,322,473,372,684,977,170,242,506,838,497,198,107,852,387,884,334,941,420,932,951,967,767,656,850,190,842,920,609,29,232,745,274,466,323,592,606,136,143,926,425,670,553,195,102,835,98,590,33,520,345,260,483,243,627,
value : 440.922 running time : 260.219724
0 80 20
979 78.918 18.9218
598 72.9863 16.9283
24 70.0889 15.9544
103 67.7114 15.1552
819 67.1981 16.1306
721 66.8657 16.7622
581 66.3198 17.7993
959 65.8032 18.7808
777 65.3851 19.5753
504 64.9334 20.4336
295 64.4664 21.3209
176 64.0007 22.2059
357 57.719 34.134
594 57.5582 34.1182
675 57.394 34.1022
821 57.2106 34.0842
27 57.0176 34.0654
865 56.8276 34.0468
831 56.6578 34.0302
43 56.4854 34.0133
217 56.3024 33.9954
314 56.1122 33.9768
978 55.8837 33.9544
289 55.6375 33.9304
358 55.6125 33.9279
164 55.5864 33.9253
555 55.5612 33.9229
634 55.5365 33.9205
209 55.5109 33.918
250 55.486 33.9155
55 55.4619 33.9132
828 55.4379 33.9108
6 55.4135 33.9084
681 55.3889 33.906
844 55.3644 33.9036
781 55.3403 33.9013
751 55.3158 33.8989
458 55.2915 33.8965
870 55.2672 33.8941
66 55.2428 33.8917
377 55.2186 33.8893
873 55.1937 33.8869
935 55.1695 33.8845
421 55.1464 33.8823
45 55.125 33.8802
419 55.1021 33.8779
785 53.7119 35.5185
716 52.08 37.4444
945 50.9197 38.8138
19 50.7988 38.9564
692 50.673 39.1049
853 50.6439 39.1392
930 50.6482 39.5322
355 50.6524 39.9212
790 50.6569 40.3415
257 50.6619 40.8011
989 50.6809 42.5792
194 50.8749 43.7296
522 51.0752 44.9167
566 51.1574 45.0339
197 51.2577 45.1771
63 51.3559 45.3171
356 51.4568 45.4611
906 51.5595 45.6076
848 51.6623 45.7542
342 51.7655 45.9015
875 51.8711 46.0522
452 51.979 46.2061
155 52.0854 46.3579
69 52.1919 46.51
472 52.2982 46.6616
186 52.4039 46.8124
843 52.5126 46.9676
492 52.6203 47.1212
101 52.7271 47.2736
512 52.8356 47.4283
281 52.9401 47.5775
210 52.9403 47.5778
597 53.8761 48.9113
519 54.5801 49.9145
793 55.2431 50.8594
35 55.8045 51.6595
188 56.2396 52.2796
798 56.6536 52.8696
70 56.9762 53.3295
942 57.2732 53.7528
498 57.4558 54.0132
282 57.6544 54.2964
577 57.8291 54.5454
262 58.0026 54.7927
286 58.1946 55.0664
964 58.3846 55.3373
396 58.5546 55.5796
117 58.7278 55.8266
923 58.9063 56.0811
644 59.1361 56.4086
393 59.4789 56.8971
810 59.6345 57.1189
293 59.7879 57.3376
85 59.9403 57.5549
238 60.1037 57.7879
791 60.2501 57.9966
485 60.3984 58.208
478 60.5484 58.4219
647 60.6877 58.6204
84 60.8205 58.8097
216 60.9524 58.9977
623 61.1237 59.242
538 61.4066 59.6452
625 61.6927 60.053
605 61.9964 60.4857
340 62.2391 60.8317
583 62.4449 61.125
832 65.5474 67.2463
579 65.8102 67.765
460 65.9871 68.1141
727 66.1414 68.4186
110 66.2859 68.7038
975 66.4317 68.9914
201 66.5662 69.2568
383 66.7018 69.5246
432 66.7084 69.5375
68 66.7154 69.5514
290 66.7227 69.5657
173 66.7297 69.5796
900 66.737 69.5939
847 66.7439 69.6077
51 66.7512 69.622
152 66.7582 69.6359
867 66.7651 69.6495
208 66.7719 69.6628
668 66.7789 69.6768
67 66.7862 69.691
595 66.7933 69.705
762 66.8003 69.7189
440 66.8077 69.7335
907 66.8152 69.7484
744 66.8234 69.7645
385 66.8312 69.7798
650 66.8289 69.7844
818 66.8266 69.7892
71 65.4614 70.1536
112 63.7153 70.6196
509 62.5386 70.9337
369 61.4122 71.2344
83 61.4122 71.2344
904 61.4122 71.2344
654 61.4122 71.2344
962 61.4122 71.2344
395 61.4121 71.2344
801 61.4121 71.2344
987 61.4121 71.2344
671 61.4121 71.2344
481 61.4121 71.2344
800 59.3786 71.0681
515 57.8926 70.9466
968 56.3177 70.8179
769 55.1489 70.7223
91 54.043 70.6319
582 53.0786 70.5531
109 52.0653 70.4703
134 50.9667 70.3805
80 50.2324 70.3205
468 49.9373 70.2964
459 49.6138 70.2699
715 49.3831 70.2511
484 49.2096 70.2369
410 49.0404 70.2231
558 48.8848 70.2104
804 48.7346 70.1981
617 48.6085 70.1878
743 48.4768 70.1771
161 48.3432 70.1661
976 48.2012 70.1545
513 48.0726 70.144
676 47.9432 70.1335
562 47.8185 70.1233
802 47.6988 70.1135
755 47.5754 70.1034
724 47.4537 70.0935
404 47.3481 70.0849
855 47.2568 70.0774
315 47.1641 70.0698
235 47.0374 70.0595
921 46.9116 70.0492
857 46.7807 70.0385
540 46.6422 70.0272
9 46.5143 70.0168
94 46.2485 69.995
986 45.947 69.9704
894 45.6275 69.9443
144 45.3173 69.9189
350 45.0202 69.8946
248 44.7372 69.8715
226 44.434 69.8467
632 44.206 69.8281
779 43.9328 69.8058
453 43.6594 69.7834
523 43.3375 69.7571
225 43.023 69.7314
270 42.7146 69.7062
56 42.4715 69.6863
163 42.2405 69.6674
571 42.0116 69.6487
840 42.0116 69.6487
34 34.3564 63.4012
21 34.3564 63.4012
730 34.3564 63.4012
846 34.3854 63.2686
359 34.4773 62.8482
957 34.5767 62.3938
591 34.6752 61.9429
171 34.8289 61.2397
291 35.0528 60.2156
913 35.3213 58.987
809 35.3306 58.9442
732 35.34 58.9014
765 35.3493 58.8587
30 35.3588 58.8156
365 35.3681 58.7727
901 35.3777 58.7288
576 35.3876 58.6838
507 35.3973 58.6391
54 35.4075 58.5925
733 35.4177 58.5459
729 35.4285 58.4968
390 35.4396 58.446
645 35.4512 58.3929
839 35.463 58.3386
735 35.4748 58.2848
79 35.4874 58.2272
788 35.5006 58.1667
912 35.5142 58.1046
382 35.5277 58.0425
596 35.5419 57.9779
910 35.5567 57.9102
471 35.6221 57.6108
922 35.6853 57.3215
370 35.7465 57.0418
510 35.805 56.774
756 35.8655 56.4973
127 35.9283 56.2099
533 35.9875 55.9394
783 36.0498 55.6543
175 36.0611 55.6024
461 36.0738 55.5446
237 36.0861 55.4882
49 36.0983 55.4323
493 36.1101 55.3784
104 36.1223 55.3226
302 36.135 55.2643
688 36.1472 55.2088
180 36.1592 55.1537
891 36.1709 55.1005
545 36.1824 55.0475
137 36.1941 54.9943
683 36.2063 54.9381
640 36.2229 54.8626
264 36.2402 54.7832
308 36.2579 54.7023
276 37.0399 51.1244
929 36.6363 50.9616
621 36.2415 50.8023
267 34.482 50.0924
811 33.0578 49.5178
151 32.8165 49.4205
37 32.6166 49.3398
679 32.4526 49.2737
633 32.3204 49.2203
687 32.2001 49.1718
324 32.0827 49.1244
269 31.9725 49.08
38 31.8613 49.0351
748 31.7528 48.9914
147 31.6471 48.9487
508 31.5387 48.905
876 31.432 48.8619
778 31.3225 48.8178
397 31.2094 48.7722
619 31.1042 48.7297
413 30.9987 48.6871
543 30.8931 48.6446
535 30.7913 48.6035
603 30.6942 48.5643
862 30.5954 48.5245
391 30.3816 48.4382
438 30.1957 48.3632
956 30.0219 48.2931
89 29.9017 47.3707
797 29.6751 45.6329
663 29.4416 43.8423
32 29.8614 41.1742
869 30.1613 39.2689
278 30.351 38.0634
664 30.4789 37.2512
221 30.6273 36.3085
824 30.7185 35.729
11 30.7665 35.4239
467 30.8272 35.0389
307 30.8601 34.8297
787 30.8852 34.6703
7 30.9084 34.5231
917 30.9328 34.368
834 30.969 34.1382
706 31.0018 33.93
602 31.0426 33.6709
191 31.077 33.4522
388 31.1104 33.2403
414 31.1525 32.9726
205 31.2088 32.6148
379 31.2716 32.2162
480 31.3258 31.8716
586 31.4173 31.2905
549 31.5011 30.7578
934 31.6004 30.1274
65 30.2071 29.3014
829 30.2216 28.9958
64 30.2385 28.642
702 30.2522 28.3552
284 30.2615 28.1588
354 30.2702 27.9776
899 30.2788 27.7961
709 30.2868 27.6284
612 30.2945 27.4668
529 30.3042 27.2641
160 30.3154 27.0303
486 30.3267 26.792
915 30.3393 26.5274
254 30.3519 26.2636
121 30.3519 26.2636
943 30.3519 26.2636
643 32.044 20.2023
518 33.7381 14.1334
407 33.7381 14.1334
246 33.7381 14.1334
669 33.7381 14.1334
337 33.7381 14.1334
310 33.7381 14.1334
653 33.7381 14.1334
704 33.7381 14.1334
261 33.7381 14.1334
573 33.445 14.1417
287 33.1389 14.1505
883 32.8033 14.16
822 32.4461 14.1702
351 32.0396 14.1818
111 31.6343 14.1933
363 31.1731 14.2065
626 30.6764 14.2206
26 30.1803 14.2347
211 20.482 14.5103
8 18.9472 14.554
474 17.2163 14.6032
412 15.2959 14.6579
366 14.777 14.6727
588 14.2521 14.6876
488 13.7744 14.7012
812 13.1479 14.7191
187 12.7225 16.19
646 12.7225 16.19
722 12.7225 16.19
572 12.7064 16.7783
641 12.6991 17.0465
902 12.6935 17.2546
61 12.6884 17.4397
674 12.6831 17.6338
331 12.6776 17.8343
629 12.6727 18.0158
881 12.6663 18.2517
362 12.6515 18.7908
348 12.6364 19.3433
402 12.6198 19.9535
661 12.6042 20.525
439 12.5899 21.0477
963 12.5708 21.7447
836 12.5532 22.3914
455 12.539 22.9096
258 12.5252 23.4151
682 12.5122 23.8926
673 12.4863 24.8407
741 12.46 25.8023
4 12.4247 27.0926
268 12.3909 28.329
958 12.3565 29.5874
794 12.3463 29.96
898 12.3349 30.3778
154 12.2131 34.8302
133 12.212 34.8692
299 12.211 34.909
700 12.2098 34.9524
86 12.2086 34.995
710 12.2074 35.0405
74 12.2061 35.0877
514 12.1884 35.7359
283 12.1366 37.6305
328 12.0861 39.4752
212 12.1234 39.8401
499 12.1602 40.1996
123 12.1937 40.5265
731 12.2269 40.8506
87 12.2599 41.1732
403 12.2938 41.5051
46 12.318 41.7417
174 12.3421 41.9773
616 12.365 42.2011
341 12.3878 42.4237
841 12.4099 42.64
312 12.4315 42.8521
125 12.4532 43.0644
542 12.476 43.2867
78 12.4979 43.5018
423 12.5201 43.7181
990 12.5423 43.936
373 12.5648 44.1563
463 12.5868 44.3712
352 12.6084 44.5822
770 12.6293 44.7872
565 12.6502 44.9916
279 12.6502 44.9917
489 12.6502 44.9917
157 12.6502 44.9917
228 12.6922 45.0522
496 12.7348 45.1136
10 12.7759 45.1729
749 12.8189 45.2349
182 12.8623 45.2975
100 12.904 45.3576
985 12.9444 45.4159
330 13.0118 45.513
476 13.1201 45.6693
858 13.2263 45.8224
652 13.3212 45.9593
128 13.4187 46.0999
908 13.7823 46.6242
863 14.0333 46.9863
384 14.4081 47.5267
705 15.61 49.26
451 15.7739 49.4963
233 15.7739 49.4963
677 15.7739 49.4963
525 15.7739 49.4963
949 15.7542 49.5491
758 15.7348 49.6015
723 15.715 49.6547
142 15.6954 49.7073
938 15.6757 49.7603
698 15.6558 49.814
475 15.6356 49.8682
336 15.616 49.9208
772 15.5961 49.9743
148 15.5833 50.0089
222 15.5709 50.0422
981 15.5584 50.0758
59 15.546 50.1094
655 15.4031 50.2533
771 14.5102 51.1531
764 13.0574 52.6172
703 11.9896 53.6932
116 11.332 54.3558
166 11.3479 54.5671
57 11.3638 54.7788
708 11.3807 55.0044
505 11.3979 55.2341
534 11.4161 55.4768
925 11.4367 55.7511
760 11.4565 56.0155
122 11.4748 56.2598
805 11.4978 56.5669
214 11.5226 56.8982
303 11.5491 57.2515
936 11.5776 57.6314
734 11.6114 58.083
196 11.6209 58.2092
849 11.6302 58.333
531 11.6453 58.5347
909 11.6599 58.7293
47 11.683 59.0369
691 11.7133 59.4423
77 11.7452 59.8679
939 11.7663 60.1496
972 11.8499 60.2377
422 11.935 60.3274
589 12.0159 60.4127
192 12.0977 60.4989
218 12.1775 60.5831
784 12.2667 60.6772
747 12.3561 60.7714
527 12.4466 60.8668
234 12.5883 61.0162
132 12.7531 61.19
347 12.8891 61.3334
587 18.6047 67.3603
927 20.3743 69.2262
888 21.7242 70.6496
431 22.7244 71.7041
469 23.3454 72.3589
327 23.3592 72.3734
946 23.3737 72.3886
113 23.3879 72.4036
487 23.4026 72.4191
443 23.417 72.4344
551 23.4312 72.4493
965 23.4453 72.4642
502 23.4596 72.4793
601 23.4742 72.4947
349 23.4892 72.5104
552 23.5045 72.5266
924 23.5199 72.5428
99 23.5354 72.5592
275 23.5504 72.575
599 23.5655 72.5909
903 23.5811 72.6074
329 23.5968 72.6239
252 23.6139 72.6419
897 23.5452 72.6551
720 23.4776 72.668
697 23.4076 72.6814
184 23.3373 72.6948
726 23.2703 72.7076
950 23.2046 72.7202
333 23.1395 72.7326
550 23.074 72.7452
501 23.0093 72.7575
971 22.9417 72.7705
220 22.8732 72.7836
526 22.8063 72.7964
454 22.7394 72.8092
600 22.6694 72.8225
635 22.6002 72.8358
574 22.5314 72.8489
878 22.4611 72.8624
537 22.3586 72.882
689 22.2558 72.9016
60 22.1325 72.9252
872 21.9959 72.9514
223 21.8062 72.9876
789 20.7416 73.1913
658 19.3983 73.4484
266 17.7701 73.76
457 14.6152 74.364
93 12.841 74.7035
88 12.7325 74.7237
130 12.6225 74.7441
411 12.5092 74.7652
114 12.3883 74.7877
298 12.2605 74.8115
796 12.1353 74.8348
667 12.0139 74.8574
207 11.9015 74.8783
346 11.8509 74.8878
694 11.8007 74.8971
657 11.7519 74.9062
680 11.7033 74.9153
277 11.6547 74.9244
665 11.6061 74.9334
339 11.5574 74.9425
131 11.509 74.9516
560 11.4578 74.9611
970 11.4069 74.9706
482 11.3558 74.9802
701 11.3039 74.9898
500 11.2517 74.9996
686 11.1994 75.0093
400 11.1474 75.019
361 11.0953 75.0288
97 11.043 75.0385
639 10.9905 75.0483
799 10.9386 75.058
376 10.8902 75.067
717 10.8416 75.0761
830 10.7935 75.0851
890 10.747 75.0938
381 10.7009 75.1024
524 10.6573 75.1105
517 10.5296 75.1343
272 10.4063 75.1572
966 10.2815 75.1805
338 10.2992 75.2634
479 10.317 75.347
326 10.3349 75.4312
503 10.353 75.5163
371 10.3712 75.6017
608 10.4699 76.0635
759 10.4699 76.0635
426 10.4699 76.0635
886 10.4699 76.0635
825 10.4699 76.0635
429 10.4699 76.0635
554 10.4699 76.0635
427 10.4699 76.0635
168 10.4699 76.0635
255 10.4699 76.0635
14 10.4699 76.0635
445 10.4699 76.0635
860 10.4699 76.0635
728 10.4699 76.0635
219 10.4699 76.0635
607 10.4699 76.0635
630 10.4699 76.0635
119 10.4699 76.0635
81 10.4699 76.0635
3 10.4699 76.0635
739 10.4699 76.0635
948 10.4701 76.2994
162 10.4702 76.5528
398 10.4704 76.8255
879 10.4706 77.2062
374 10.4709 77.7797
224 10.4713 78.3613
360 10.4717 79.2102
944 10.4721 79.8722
637 10.4724 80.51
153 10.4727 80.9483
780 10.4729 81.3043
95 10.4731 81.6695
991 10.4733 81.9955
546 10.4735 82.3756
556 10.4738 82.7552
905 10.474 83.2268
203 10.4743 83.6951
169 10.4746 84.1864
570 10.4749 84.664
1 10.4752 85.2046
792 10.4754 85.6778
368 10.4757 86.1692
300 10.4758 86.2978
585 10.4759 86.4336
106 10.4759 86.5295
803 10.476 86.6144
447 10.476 86.6989
953 10.4761 86.7818
914 10.4761 86.8635
678 10.4762 86.9439
39 10.4762 87.0209
75 10.4763 87.0904
736 10.4763 87.1672
304 10.4764 87.2445
969 10.4764 87.3197
386 10.4765 87.3925
178 10.4765 87.4638
444 10.4766 87.5405
718 10.4766 87.6187
753 10.4767 87.6973
90 10.4767 87.7621
712 10.477 88.2441
236 10.4772 88.6697
15 10.4774 89.0341
399 10.4774 89.0369
364 10.4774 89.0399
916 10.4774 89.0429
699 10.4774 89.0459
436 10.4774 89.0488
247 10.4774 89.052
628 10.4774 89.055
199 10.4774 89.0581
815 10.4774 89.0611
301 10.4774 89.0641
316 10.4774 89.0671
401 10.4774 89.0701
240 10.4774 89.0731
108 10.4774 89.0762
557 10.4774 89.0794
495 10.4774 89.0824
325 10.4774 89.0853
615 10.4774 89.0882
433 10.4774 89.0912
955 10.4775 89.1832
892 10.4776 89.2799
48 10.4776 89.3792
31 10.4777 89.4826
321 10.4777 89.5927
213 10.478 90.0147
17 10.478 90.021
58 10.478 90.0274
776 10.478 90.0342
750 10.478 90.0408
719 10.478 90.0471
442 10.478 90.0535
200 10.478 90.06
833 10.478 90.0662
227 10.478 90.0727
547 10.478 90.0727
263 10.478 90.0727
868 10.478 90.0727
988 10.478 90.0727
13 10.6914 90.0207
462 10.8825 89.9742
115 11.0639 89.93
50 11.2347 89.8883
183 11.3771 89.8536
435 11.5042 89.8226
244 11.6604 89.7846
827 11.7959 89.7516
693 11.9541 89.713
982 12.1204 89.6725
568 12.2881 89.6316
973 12.4627 89.5891
446 12.6349 89.5471
138 12.8118 89.504
711 12.9944 89.4595
380 13.1947 89.4106
405 13.875 89.2449
578 21.8139 87.3106
604 25.0968 86.5106
757 25.2248 86.6436
490 25.3584 86.7824
418 25.4928 86.9219
167 25.6283 87.0626
288 25.7666 87.2063
150 25.9081 87.3532
256 26.0379 87.488
795 26.1628 87.6178
638 26.2805 87.74
141 26.3967 87.8607
20 26.5114 87.9798
424 26.573 88.0439
593 26.6377 88.111
933 26.6976 88.1733
859 26.7588 88.2368
306 26.8208 88.3012
456 26.8775 88.3602
695 26.9321 88.4168
885 26.9903 88.4773
36 27.0496 88.5389
672 27.1073 88.5989
786 27.1649 88.6587
409 27.2206 88.7165
871 27.2735 88.7715
521 27.326 88.8261
428 27.3722 88.874
696 27.4189 88.9225
41 27.465 88.9705
954 27.5131 89.0204
16 27.5653 89.0747
714 27.6247 89.1363
752 28.903 89.3087
271 28.903 89.3087
960 28.903 89.3087
120 28.903 89.3087
44 28.903 89.3087
808 28.903 89.3087
96 28.903 89.3087
631 28.903 89.3087
253 28.903 89.3087
773 28.903 89.3087
392 28.903 89.3087
241 28.903 89.3087
73 28.903 89.3087
611 28.903 89.3087
2 28.903 89.3087
806 28.903 89.3087
172 28.903 89.3087
92 28.903 89.3087
491 28.903 89.3087
441 29.0044 89.2941
430 29.1328 89.2757
768 29.2776 89.2549
651 29.6238 89.2052
610 30.0586 89.1427
28 30.5419 89.0733
761 31.1404 88.9873
974 31.9202 88.8753
22 31.9202 88.8753
146 31.9202 88.8753
548 31.9203 88.8753
296 31.9203 88.8753
76 31.9203 88.8753
249 31.9203 88.8753
124 32.8926 88.6104
614 33.6508 88.4038
231 33.862 88.3462
448 34.0754 88.2881
394 34.2825 88.2316
265 34.4785 88.1782
470 34.5793 88.1508
569 34.6825 88.1227
230 34.7818 88.0956
707 34.8801 88.0688
918 34.9786 88.042
139 35.0812 88.014
613 35.4604 87.9107
662 35.8642 87.8007
389 37.3133 87.8099
449 38.2747 87.8161
919 39.1425 87.8216
539 40.1786 87.8283
659 41.1562 87.8345
189 42.0005 87.8399
532 43.2572 87.8479
72 43.3216 87.8484
559 43.3909 87.8488
713 43.4588 87.8492
53 43.5251 87.8497
375 43.5942 87.8501
408 43.6626 87.8506
563 43.729 87.851
126 43.7934 87.8514
814 43.8549 87.8518
738 43.9158 87.8522
320 43.9929 87.8527
866 44.0671 87.8532
437 44.1411 87.8537
874 44.2172 87.8542
309 44.2967 87.8547
416 44.3784 87.8552
215 44.4613 87.8558
292 44.5458 87.8563
877 44.6347 87.8569
5 44.7291 87.8575
239 44.8203 87.8581
140 44.9111 87.8587
766 44.9954 87.8592
807 45.0897 87.8598
206 45.1873 87.8605
649 45.2857 87.8611
561 45.3933 87.8618
181 45.5034 87.8625
343 45.9846 87.8656
763 46.4667 87.8686
564 46.9753 87.8719
536 47.5337 87.8754
280 48.0724 87.8788
887 48.5164 87.8817
294 48.8813 87.884
624 49.3652 87.8871
896 49.7252 87.8894
434 50.0411 87.8914
895 50.1566 87.8922
118 50.2767 87.8929
690 50.3906 87.8937
940 50.4995 87.8943
636 50.6107 87.8951
984 50.7265 87.8958
754 50.8059 87.8963
737 50.8849 87.8968
367 50.9585 87.8973
851 51.0313 87.8978
618 51.104 87.8982
816 51.1764 87.8987
530 51.2442 87.8991
319 51.3147 87.8996
861 51.3885 87.9001
62 51.4626 87.9006
856 51.5373 87.901
477 51.5959 87.9014
880 51.6286 87.9016
317 51.6623 87.9018
259 51.6931 87.902
245 51.7237 87.9022
313 51.7547 87.9024
952 51.7852 87.9026
129 51.8151 87.9028
105 51.86 87.9031
980 51.9079 87.9034
541 51.9533 87.9037
961 52.0046 87.9041
882 52.394 87.9065
335 53.0032 87.9104
344 53.5725 87.914
229 53.599 87.9106
82 53.6233 87.9075
202 53.6514 87.9039
185 53.6784 87.9004
406 53.7024 87.8973
193 53.7274 87.8941
782 53.7549 87.8905
584 53.7801 87.8873
911 53.8051 87.8841
774 53.8287 87.8811
165 53.8523 87.878
415 53.8811 87.8743
642 53.9082 87.8708
746 53.9354 87.8673
40 53.9641 87.8636
826 53.9912 87.8601
156 54.0182 87.8567
947 54.0475 87.8529
575 54.077 87.8491
179 54.1036 87.8457
12 54.1305 87.8422
516 54.1554 87.839
23 54.1816 87.8356
305 54.5327 87.7904
511 55.0319 87.7262
177 60.0145 87.0846
622 63.7314 86.606
18 66.2933 86.2762
837 69.7225 85.8347
378 69.8174 85.8644
465 69.9217 85.897
464 70.0261 85.9296
620 70.1366 85.9642
158 70.2087 85.9867
742 70.2796 86.0089
159 70.348 86.0303
318 70.4136 86.0509
42 70.4774 86.0708
823 70.5435 86.0915
145 70.6101 86.1123
813 70.6778 86.1335
845 70.7438 86.1541
544 70.8106 86.175
817 70.877 86.1958
52 70.9474 86.2178
666 71.019 86.2402
864 71.0888 86.262
937 71.1568 86.2833
775 71.2261 86.305
273 71.2949 86.3265
297 71.3673 86.3492
931 71.4428 86.3728
149 71.5312 86.4004
251 71.5597 86.4094
567 71.5871 86.4179
992 71.6163 86.427
353 74.0669 87.1937
580 76.7733 88.0404
820 77.1994 88.0679
740 77.571 88.0919
648 77.9068 88.1136
417 78.2199 88.1338
285 78.5616 88.1559
135 79.1058 88.191
983 79.6731 88.2276
725 79.9116 88.243
494 80.143 88.258
854 80.3868 88.2737
893 80.6801 88.2926
928 80.9763 88.3118
450 85.1526 81.842
204 85.3026 81.6097
332 85.4373 81.401
889 85.5265 81.2629
528 85.6365 81.0924
311 85.7369 80.9369
660 85.8276 80.7964
685 85.9041 80.6778
25 85.9825 80.5564
322 86.0601 80.4362
473 86.18 80.2504
372 86.3274 80.0221
684 85.075 67.3168
977 84.8493 65.0256
170 84.712 63.6316
242 84.6558 63.0602
506 84.6123 62.6183
838 84.5717 62.2056
497 84.5414 61.8975
198 83.7128 60.7361
107 83.0895 59.8624
852 82.4201 58.9242
387 81.7277 57.9537
884 81.1544 57.1501
334 80.5265 56.27
941 79.8896 55.3772
420 79.358 54.6323
932 78.932 54.0351
951 78.528 53.4688
967 78.0693 52.826
767 77.6205 52.1969
656 77.4399 51.9438
850 77.2519 51.6804
190 77.0635 51.4164
842 76.6324 48.8784
920 76.5798 48.5689
609 76.5246 48.2435
29 76.4755 47.9548
232 76.4296 47.6841
745 76.3873 47.435
274 76.35 47.2154
466 76.3159 47.0145
323 76.2839 46.8259
592 76.2555 46.6587
606 76.2272 46.4922
136 76.2272 46.4922
143 76.2272 46.4922
926 76.2272 46.4922
425 76.2272 46.4922
670 76.2272 46.4922
553 76.2272 46.4922
195 76.2272 46.4922
102 76.2272 46.4922
835 79.238 37.7199
98 82.6149 27.8807
590 82.745 27.5017
33 82.8986 27.054
520 83.0828 26.5174
345 85.3075 20.0352
260 86.166 17.5338
483 86.1759 17.5049
243 85.8687 17.629
627 85.3588 17.835
