0,979,598,819,295,504,777,721,581,176,103,24,853,419,586,421,19,191,467,821,959,675,935,45,27,209,751,873,865,831,164,681,6,828,55,458,250,358,781,555,314,377,197,862,452,785,843,492,63,355,472,594,692,194,844,262,917,716,848,989,480,155,522,276,257,906,186,281,210,180,634,66,870,930,790,35,356,945,875,342,217,566,396,793,471,69,512,498,523,632,683,533,597,459,54,779,968,715,804,558,410,453,171,614,587,134,144,225,21,540,724,910,175,404,80,291,411,34,59,720,971,359,809,308,493,137,688,370,269,732,56,957,507,733,729,390,645,839,79,912,382,891,576,365,596,30,765,267,237,619,508,621,49,876,603,922,264,461,104,687,38,127,151,640,929,89,735,756,545,510,901,778,324,147,788,705,698,475,691,196,565,772,279,981,525,677,913,616,423,956,78,542,37,125,612,388,148,529,11,391,771,403,633,397,543,706,811,748,438,302,414,535,783,413,797,664,787,160,7,278,679,709,221,486,379,205,902,943,121,549,439,836,643,915,899,354,829,869,834,64,653,934,337,310,111,704,261,289,573,287,883,822,407,626,824,518,351,26,602,307,669,246,363,284,702,474,187,366,741,588,211,812,412,572,682,8,646,61,348,881,629,722,362,674,402,488,254,655,268,673,641,514,710,794,963,331,661,455,86,123,32,898,4,133,299,258,384,74,463,499,863,990,758,723,663,936,330,352,154,341,47,841,312,128,373,909,212,985,770,228,496,10,958,805,731,46,87,652,858,749,182,534,700,65,476,142,938,908,949,283,157,303,328,422,849,939,174,489,925,166,57,708,505,100,116,347,703,222,122,451,760,214,218,77,972,764,527,589,336,233,897,531,615,991,905,728,570,630,560,445,325,734,298,346,457,3,680,224,860,686,890,948,500,234,381,338,255,524,657,784,192,371,739,97,879,272,482,747,665,607,207,277,517,667,14,219,966,799,376,427,426,556,944,639,503,131,717,321,326,119,694,892,81,429,93,88,697,487,113,950,970,114,329,275,846,924,132,635,220,599,903,552,349,130,789,574,526,965,60,730,872,757,571,252,124,550,658,327,479,99,591,878,701,601,551,825,361,162,443,946,502,168,398,400,796,266,223,600,333,339,689,454,604,501,537,270,288,726,418,927,888,608,184,699,405,554,169,436,469,718,780,316,247,364,557,90,240,830,433,31,759,374,401,203,300,108,955,719,75,301,916,495,792,213,868,263,827,106,803,447,953,914,678,39,1,585,736,304,969,386,178,95,546,399,815,199,444,628,547,13,200,435,380,236,750,988,711,138,153,446,973,568,982,693,227,761,244,637,58,776,833,695,15,753,462,183,933,441,871,442,36,96,431,48,2,886,167,92,271,808,231,470,707,230,877,16,954,611,296,631,696,392,918,428,368,360,424,172,806,253,773,41,28,120,44,456,768,17,712,249,50,73,610,714,491,885,430,786,672,306,409,115,593,651,521,448,859,960,20,752,416,150,256,795,638,141,974,613,569,578,490,76,389,394,139,375,449,265,22,72,305,181,343,763,146,248,189,919,659,539,5,561,807,548,206,649,738,746,774,541,165,766,874,559,156,713,866,437,239,320,309,532,408,53,563,814,851,126,980,536,961,259,856,319,245,313,636,940,861,952,816,887,754,737,367,618,129,415,642,40,826,947,575,369,12,516,984,23,140,477,624,434,118,690,911,880,344,62,185,584,896,105,511,882,202,931,297,112,509,460,857,662,193,241,292,294,562,840,564,894,94,855,226,350,530,895,82,179,215,432,315,335,9,280,976,235,406,921,986,163,987,782,755,802,800,743,617,582,513,91,538,440,668,216,161,676,791,109,484,923,340,942,623,647,519,798,188,117,70,625,907,85,644,810,84,978,282,577,101,286,964,43,583,485,975,51,68,867,468,208,605,67,293,595,650,18,900,173,238,962,515,727,762,317,654,83,837,385,110,201,393,832,579,378,465,847,395,744,290,769,229,904,818,481,671,71,158,464,273,567,992,620,42,823,145,813,845,544,177,817,52,666,864,801,622,937,318,775,742,159,893,149,854,494,725,820,135,580,251,928,353,285,417,648,740,983,372,889,204,473,322,25,685,660,311,528,497,107,387,383,852,332,450,152,977,198,684,506,242,170,420,190,967,334,941,767,850,656,478,884,102,951,136,932,838,835,842,553,670,425,926,143,195,606,592,323,466,274,745,232,29,609,357,920,520,590,33,98,627,345,243,483,260,
value : 479.874 running time : 69.780615
0 80 20
979 79.1037 19.0344
598 73.2625 17.549
819 70.6249 16.8783
295 69.8226 16.6742
504 69.0968 16.4896
777 68.3696 16.3046
721 67.7932 16.158
581 67.1571 15.9962
176 66.5622 15.8449
103 65.9882 15.6989
24 61.1789 19.8284
853 49.7816 29.6149
419 49.6554 29.7233
586 49.5136 29.8451
421 49.3903 29.9509
19 49.2745 30.0503
191 49.1528 30.1549
467 50.0783 30.3571
821 52.3849 30.8611
959 53.1026 31.0179
675 52.2229 36.2354
935 52.2229 36.2354
45 52.2229 36.2354
27 52.2229 36.2354
209 52.2229 36.2354
751 52.2229 36.2354
873 52.2229 36.2354
865 52.2229 36.2354
831 52.2229 36.2354
164 52.2051 36.312
681 52.1862 36.3934
6 52.1677 36.4731
828 52.1478 36.5585
55 52.1283 36.6424
458 52.1081 36.7291
250 52.0884 36.8139
358 52.0676 36.9037
781 52.0475 36.9899
555 52.0274 37.0766
314 52.0055 37.1705
377 51.7937 37.7894
197 51.5775 38.4214
862 51.3655 39.041
452 51.243 39.399
785 51.1309 39.7265
843 51.0021 40.1031
492 50.893 40.422
63 50.7948 40.709
355 50.6983 40.9912
472 50.5939 41.2963
594 50.4973 41.5788
692 50.4006 41.8612
194 50.3593 41.9821
844 50.3216 42.0921
262 50.2814 42.2097
917 50.2452 42.3156
716 50.209 42.4216
848 50.1711 42.5323
989 50.1345 42.6393
480 50.1017 42.735
155 50.0683 42.8327
522 50.0353 42.9294
276 50.0353 42.9294
257 50.0353 42.9294
906 49.7758 43.9208
186 49.5167 44.9108
281 49.3004 45.7374
210 49.2794 45.8174
180 49.2599 45.892
634 49.2422 45.9595
66 49.1592 46.2767
870 49.0721 46.6094
930 48.9821 46.9531
790 48.8718 47.3746
35 48.0205 50.6297
356 48.0205 50.6297
945 48.0205 50.6297
875 48.0205 50.6297
342 48.0205 50.6297
217 48.0205 50.6297
566 47.8596 51.1658
396 47.5809 52.0939
793 47.2438 53.2167
471 46.9246 54.28
69 46.6407 55.2255
512 46.1741 56.7792
498 45.3638 59.4773
523 44.4225 62.6109
632 43.7277 64.9246
683 43.4613 64.9851
533 43.2042 65.0433
597 42.9637 65.0979
459 42.6996 65.1577
54 42.4416 65.2163
779 42.199 65.2713
968 41.9526 65.3271
715 41.6148 65.4037
804 41.2958 65.476
558 40.9796 65.5477
410 40.6444 65.6238
453 40.3065 65.7004
171 39.7658 65.823
614 39.2409 65.942
587 37.5491 65.2358
134 37.3562 65.1553
144 37.1388 65.0646
225 36.8709 64.9527
21 36.5864 64.834
540 36.3269 64.7257
724 35.8766 64.5377
910 35.3571 64.3209
175 34.7964 64.0869
404 34.2114 63.8427
80 33.5467 63.5652
291 32.1855 62.9971
411 30.3358 62.2249
34 30.4193 62.0783
59 30.5045 61.9288
720 30.5854 61.7869
971 30.6683 61.6414
359 30.7605 61.4797
809 30.8552 61.3134
308 30.941 61.1628
493 31.0299 61.0069
137 31.1179 60.8524
688 31.2094 60.6919
370 31.2969 60.5383
269 31.3741 60.4028
732 31.4459 60.2769
56 31.5118 60.1612
957 31.5789 60.0435
507 31.6478 59.9227
733 31.7192 59.7973
729 31.7936 59.6668
390 31.8698 59.5331
645 31.9492 59.3937
839 32.0291 59.2535
79 32.105 59.1204
912 32.1864 58.9776
382 32.2642 58.8409
891 32.3496 58.6911
576 32.4296 58.5507
365 32.5055 58.4175
596 32.5847 58.2787
30 32.6684 58.1317
765 32.7505 57.9877
267 32.8318 57.8451
237 32.9192 57.6915
619 33.0018 57.5467
508 33.0018 57.5467
621 33.0018 57.5467
49 32.8153 57.3451
876 32.6395 57.1551
603 32.4767 56.9792
922 32.3237 56.8139
264 32.1683 56.646
461 31.462 55.8826
104 30.5266 54.8716
687 28.3753 52.5462
38 28.3753 52.5462
127 28.3753 52.5462
151 26.8441 51.0097
640 26.6079 51.0534
929 26.382 51.0953
89 26.1405 51.14
735 25.888 51.1868
756 25.6433 51.2321
545 25.3967 51.2778
510 25.1471 51.324
901 24.8953 51.3707
778 24.6485 51.4164
324 24.3737 51.4673
147 24.0961 51.5187
788 23.7879 51.5758
705 23.4267 51.6427
698 23.0685 51.709
475 22.712 51.7751
691 22.3417 51.8436
196 21.9915 51.9085
565 22.0235 51.7889
772 22.0571 51.6636
279 22.097 51.5148
981 22.1371 51.3649
525 22.1791 51.2085
677 22.2165 51.0687
913 22.7967 48.9022
616 23.377 46.7356
423 23.377 46.7356
956 23.377 46.7355
78 23.377 46.7355
542 23.377 46.7355
37 23.6152 46.0037
125 23.8438 45.3014
612 23.9973 44.8298
388 24.1179 44.4593
148 24.2364 44.0951
529 24.3611 43.7119
11 24.4358 43.4822
391 24.5092 43.2569
771 24.5916 43.0035
403 24.6767 42.7422
633 24.763 42.4769
397 24.8657 42.1612
543 24.9663 41.8523
706 25.0731 41.524
811 25.1754 41.2099
748 25.2688 40.9227
438 25.3634 40.632
302 25.4605 40.3337
414 25.5716 39.9923
535 25.6797 39.6603
783 25.7944 39.3076
413 25.9105 38.951
797 26.0533 38.5121
664 26.4643 37.2496
787 26.916 35.8619
160 27.1806 35.0487
7 27.311 34.648
278 27.4538 34.2093
679 27.5878 33.7976
709 27.7358 33.3429
221 27.8538 32.9803
486 27.9671 32.632
379 28.086 32.2667
205 28.1835 31.9672
902 28.2938 31.6281
943 28.2942 31.6271
121 28.2945 31.6261
549 28.2949 31.625
439 28.2953 31.6238
836 28.2953 31.6238
643 31.4585 27.4382
915 31.5547 27.3109
899 31.6529 27.1809
354 31.7653 27.0322
829 31.8784 26.8825
869 32.3079 26.3142
834 32.9411 25.4765
64 33.6025 24.6012
653 34.2494 23.7452
934 34.3302 23.6383
337 34.411 23.5314
310 34.4902 23.4266
111 34.5649 23.3278
704 34.642 23.2257
261 34.7152 23.1289
289 34.7922 23.0271
573 34.7155 21.6179
287 34.656 20.522
883 34.6233 19.9215
822 34.5897 19.3028
407 34.55 18.5719
626 34.5198 18.0166
824 34.487 17.4142
518 34.34 14.7112
351 32.8321 14.7959
26 31.3933 14.8768
602 23.0785 15.3443
307 22.9804 15.3427
669 22.8763 15.341
246 22.768 15.3393
363 22.6606 15.3375
284 21.3115 15.3159
702 19.3605 15.2845
474 16.4701 15.2382
187 12.5182 15.1748
366 12.5182 15.1748
741 12.5182 15.1748
588 12.5182 15.1748
211 12.5182 15.1748
812 12.5182 15.1748
412 12.5347 15.4145
572 12.5505 15.6449
682 12.5547 15.7055
8 12.5589 15.7673
646 12.5636 15.8348
61 12.5683 15.903
348 12.5728 15.9694
881 12.5771 16.0317
629 12.5817 16.0991
722 12.5866 16.1693
362 12.5997 16.3603
674 12.612 16.5386
402 12.6243 16.7171
488 12.6352 16.8758
254 12.9126 20.91
655 13.79 33.6691
268 13.4488 33.6892
673 13.1163 33.7088
641 12.8139 33.7266
514 12.4156 33.7501
710 12.129 33.767
794 11.8355 33.7843
963 11.6133 33.7974
331 11.6133 33.7974
661 11.6133 33.7974
455 11.6133 33.7974
86 11.6133 33.7974
123 11.6133 33.7974
32 11.6133 33.7974
898 11.6133 33.7974
4 11.6121 33.8642
133 11.6108 33.9348
299 11.6095 34.0058
258 11.6081 34.0814
384 11.5975 34.6581
74 11.5874 35.2099
463 11.5414 37.7272
499 11.5155 39.1377
863 11.4981 40.09
990 11.4808 41.0276
758 11.4638 41.9529
723 11.4497 42.7216
663 11.4491 42.756
936 11.4485 42.7909
330 11.4479 42.824
352 11.4472 42.8619
154 11.4465 42.8971
341 11.4459 42.9329
47 11.4452 42.9686
841 11.4447 42.9989
312 11.4441 43.0288
128 11.4435 43.0605
373 11.443 43.0923
909 11.4424 43.1228
212 11.4419 43.1516
985 11.4413 43.1809
770 11.4407 43.214
228 11.4401 43.2463
496 11.4395 43.2786
10 11.439 43.3084
958 11.4384 43.3401
805 11.4378 43.3745
731 11.4373 43.4043
46 11.4367 43.4343
87 11.4361 43.4653
652 11.4355 43.5004
858 11.4349 43.5344
749 11.4343 43.5656
182 11.4337 43.597
534 11.4332 43.6267
700 11.4327 43.655
65 11.4321 43.6853
476 11.4243 44.1159
142 11.4164 44.5483
938 11.4091 44.9494
908 11.4091 44.9494
949 11.2656 45.0642
283 11.1152 45.1844
157 10.9671 45.3028
303 10.8388 45.4053
328 10.7122 45.5066
422 10.2605 51.6761
849 10.0544 54.4943
939 9.86038 57.1468
174 9.86038 57.1468
489 9.86038 57.1468
925 9.86038 57.1468
166 9.86038 57.1468
57 9.86038 57.1468
708 9.86038 57.1468
505 9.86038 57.1468
100 9.86038 57.1468
116 9.86038 57.1468
347 9.88147 57.2598
703 9.89994 57.3587
222 9.91679 57.4489
122 9.93672 57.5557
451 9.95705 57.6645
760 9.97162 57.7426
214 9.98553 57.817
218 10.0004 57.8968
77 10.0164 57.9824
972 10.0297 58.0537
764 10.044 58.1303
527 10.0575 58.2025
589 10.0723 58.2815
336 10.0864 58.3572
233 10.1015 58.4381
897 10.0095 61.5934
531 9.89639 65.4724
615 9.74262 70.7384
991 9.7278 71.2475
905 9.71388 71.7257
728 9.71388 71.7257
570 9.71388 71.7257
630 9.71388 71.7257
560 9.71388 71.7257
445 9.71388 71.7257
325 9.71388 71.7257
734 9.71388 71.7257
298 9.71388 71.7257
346 9.71388 71.7257
457 9.71388 71.7257
3 9.71388 71.7257
680 9.71388 71.7257
224 9.71388 71.7257
860 9.71388 71.7257
686 9.71388 71.7257
890 9.71388 71.7257
948 9.71388 71.7257
500 9.71388 71.7257
234 9.71388 71.7257
381 9.72189 71.7492
338 9.72957 71.7717
255 9.73713 71.7939
524 9.74472 71.8161
657 9.75294 71.8402
784 9.76009 71.8612
192 9.7678 71.8837
371 9.77582 71.9073
739 9.7836 71.9301
97 9.7918 71.9541
879 9.79971 71.9773
272 9.80752 72.0002
482 9.81526 72.0228
747 9.82299 72.0455
665 9.8316 72.0707
607 9.83996 72.0952
207 9.84814 72.1192
277 9.8558 72.1417
517 9.86366 72.1647
667 9.8717 72.1882
14 9.87943 72.2109
219 9.88721 72.2337
966 9.89525 72.2573
799 9.90309 72.2803
376 9.91104 72.3035
427 9.91999 72.3298
426 9.92936 72.3572
556 9.93502 72.3738
944 9.94077 72.3907
639 10.2365 72.4919
503 10.5545 72.6008
131 10.8588 72.705
717 11.1787 72.8145
321 11.5652 72.9468
326 11.9423 73.0759
119 12.2661 73.1867
694 12.6 73.301
892 13.2604 73.5271
81 14.2044 73.8502
429 15.2217 74.1984
93 16.2663 74.556
88 16.6371 74.5079
697 17.0147 74.4589
487 17.325 74.4186
113 17.6377 74.378
950 17.9606 74.3361
970 18.2512 74.2984
114 18.6437 74.2474
329 19.1719 74.1789
275 19.6474 74.1172
846 20.1022 74.0582
924 20.4979 74.0068
132 20.8946 73.9553
635 21.2973 73.9031
220 21.6928 73.8517
599 22.1169 73.7967
903 22.1847 73.8771
552 22.2536 73.9588
349 22.3225 74.0404
130 22.3955 74.127
789 22.4833 74.2312
574 22.5641 74.327
526 22.6417 74.419
965 22.7212 74.5132
60 22.8097 74.6183
730 22.8875 74.7104
872 22.9665 74.8041
757 23.0389 74.89
571 23.1076 74.9715
252 23.1832 75.0611
124 23.2076 75.0901
550 23.2306 75.1173
658 23.2538 75.1448
327 23.2772 75.1725
479 23.3018 75.2017
99 23.3275 75.2323
591 23.354 75.2636
878 23.3788 75.293
701 23.4008 75.3191
601 23.4241 75.3468
551 23.4487 75.376
825 23.4743 75.4063
361 23.499 75.4356
162 23.524 75.4652
443 23.5526 75.4991
946 23.579 75.5304
502 23.6037 75.5597
168 23.6314 75.5926
398 23.6571 75.6231
400 23.6852 75.6564
796 23.7155 75.6924
266 23.7467 75.7293
223 23.7781 75.7665
600 23.8047 75.7981
333 23.8338 75.8325
339 23.8618 75.8658
689 23.8921 75.9017
454 23.9203 75.9352
604 23.9474 75.9674
501 23.9743 75.9993
537 24.0032 76.0334
270 24.0334 76.0693
288 21.9754 77.634
726 21.4337 78.0459
418 20.877 78.4692
927 20.3697 78.855
888 19.3419 79.6365
608 17.7571 80.8415
184 15.8779 82.2704
699 13.4185 84.1404
405 11.5204 85.5836
554 11.1276 85.8823
169 11.1175 85.9543
436 11.1074 86.027
469 11.0969 86.1015
718 11.0871 86.1721
780 11.077 86.2438
316 11.0668 86.3168
247 11.0567 86.3894
364 11.0468 86.4602
557 11.0369 86.5312
90 11.0275 86.5982
240 11.0169 86.6738
830 11.0063 86.7498
433 10.9854 86.8997
31 10.9632 87.0584
759 10.9413 87.2151
374 10.9187 87.3766
401 10.8937 87.5552
203 10.8687 87.7344
300 10.8433 87.9159
108 10.817 88.1035
955 10.7909 88.2902
719 10.7647 88.478
75 10.7381 88.6678
301 10.6985 88.9511
916 10.6584 89.2378
495 10.619 89.5196
792 10.5798 89.8
213 10.5398 90.0862
868 10.5396 90.0877
263 10.5394 90.0891
827 10.5392 90.0907
106 10.539 90.0921
803 10.5388 90.0935
447 10.5386 90.0949
953 10.5384 90.0964
914 10.5382 90.0979
678 10.538 90.0994
39 10.5377 90.1009
1 10.5376 90.1022
585 10.5373 90.1037
736 10.5372 90.1051
304 10.537 90.1065
969 10.5367 90.108
386 10.5366 90.1093
178 10.5364 90.1106
95 10.5362 90.112
546 10.536 90.1134
399 10.5358 90.1149
815 10.5356 90.1164
199 10.5353 90.118
444 10.5351 90.1194
628 10.5349 90.1209
547 10.5347 90.1225
13 10.5345 90.124
200 10.5343 90.1256
435 10.5341 90.1272
380 10.5338 90.1286
236 10.5337 90.13
750 10.5334 90.1315
988 10.5332 90.1329
711 10.9426 90.114
138 11.3605 90.0946
153 11.7727 90.0755
446 12.2284 90.0544
973 12.6955 90.0328
568 13.1417 90.0121
982 13.6186 89.99
693 14.1188 89.9669
227 14.7116 89.9394
761 15.233 89.9153
244 15.575 89.8994
637 15.9066 89.8841
58 16.3291 89.8645
776 16.7127 89.8467
833 17.0998 89.8288
695 17.4606 89.8121
15 17.8151 89.7957
753 18.1757 89.7789
462 18.5283 89.7626
183 18.9005 89.7454
933 19.2641 89.7285
441 19.6346 89.7114
871 19.9867 89.6951
442 20.3356 89.6789
36 20.7374 89.6603
96 21.1046 89.6433
431 21.3883 89.6301
48 21.6865 89.6163
2 23.2909 89.5421
886 23.6262 89.5265
167 24.0174 89.5084
92 24.3778 89.4917
271 24.6967 89.4769
808 24.9583 89.4648
231 25.2089 89.4532
470 25.4399 89.4425
707 25.6541 89.4326
230 25.8393 89.424
877 25.9986 89.4166
16 26.0459 89.4144
954 26.0964 89.4121
611 26.1447 89.4099
296 26.1967 89.4074
631 26.2457 89.4052
696 26.2974 89.4028
392 26.3536 89.4002
918 26.4027 89.3979
428 26.4503 89.3957
368 26.496 89.3936
360 26.5451 89.3913
424 26.6012 89.3887
172 26.6621 89.3859
806 26.7136 89.3835
253 26.7616 89.3813
773 26.8108 89.379
41 26.8576 89.3768
28 26.9048 89.3746
120 26.9542 89.3724
44 26.9998 89.3702
456 27.0468 89.3681
768 27.0958 89.3658
17 27.1438 89.3636
712 27.1964 89.3611
249 27.2519 89.3586
50 27.3079 89.356
73 27.366 89.3533
610 27.4186 89.3508
714 27.4697 89.3485
491 27.5373 89.3453
885 27.6113 89.3419
430 27.6855 89.3385
786 27.7624 89.3349
672 27.8352 89.3315
306 27.9023 89.3284
409 27.9711 89.3252
115 28.0389 89.3221
593 28.2255 89.3135
651 28.443 89.3034
521 28.6744 89.2927
448 29.1459 89.2708
859 29.4011 89.259
960 29.6871 89.2457
20 29.9568 89.2332
752 30.2502 89.2197
416 30.4604 89.2099
150 30.634 89.2019
256 30.8167 89.1934
795 30.997 89.1851
638 31.1779 89.1767
141 31.3617 89.1682
974 31.5511 89.1594
613 31.6105 89.1566
569 31.6673 89.154
578 31.7147 89.1518
490 32.4615 89.1172
76 33.4726 89.0704
389 34.8957 89.0045
394 35.6096 88.9714
139 36.2742 88.9406
375 36.9934 88.9073
449 37.345 88.891
265 37.6792 88.8755
22 38.0244 88.8595
72 38.3838 88.8429
305 38.7705 88.825
181 39.1013 88.8096
343 39.4441 88.7938
763 39.7597 88.7791
146 40.0548 88.7655
248 40.3774 88.7505
189 40.6085 88.7398
919 40.8627 88.728
659 41.1597 88.7143
539 41.4259 88.7019
5 41.6924 88.6896
561 41.9232 88.6789
807 42.1557 88.6681
548 42.3844 88.6575
206 42.6383 88.6458
649 42.8856 88.6343
738 43.1435 88.6224
746 43.47 88.6072
774 43.7662 88.5935
541 44.0161 88.5819
165 44.224 88.5723
766 44.4322 88.5627
874 44.6645 88.5519
559 44.9121 88.5404
156 45.1642 88.5288
713 45.4026 88.5177
866 45.6365 88.5069
437 45.873 88.4959
239 46.1376 88.4837
320 46.3994 88.4715
309 46.6443 88.4602
532 46.9285 88.447
408 47.1911 88.4349
53 47.4394 88.4233
563 47.7775 88.4077
814 48.1177 88.3919
851 48.4749 88.3754
126 48.8011 88.3603
980 49.1269 88.3452
536 49.422 88.3315
961 49.7271 88.3174
259 50.0671 88.3016
856 50.3821 88.287
319 50.4155 88.2855
245 50.4539 88.2837
313 50.4921 88.2819
636 50.5274 88.2803
940 50.5649 88.2785
861 50.6037 88.2767
952 50.6438 88.2749
816 50.6836 88.273
887 50.7206 88.2713
754 50.7579 88.2696
737 50.7958 88.2678
367 50.831 88.2662
618 50.8654 88.2646
129 50.8981 88.2631
415 50.9378 88.2613
642 50.9752 88.2595
40 51.015 88.2577
826 51.0518 88.256
947 51.0923 88.2541
575 51.1335 88.2522
369 51.1719 88.2504
12 51.2096 88.2487
516 51.2466 88.247
984 51.2876 88.2451
23 51.3237 88.2434
140 51.359 88.2418
477 51.3987 88.2399
624 51.41 88.2394
434 51.4222 88.2388
118 51.4346 88.2383
690 51.447 88.2377
911 51.4594 88.2371
880 51.4594 88.2371
344 51.4594 88.2371
62 51.4594 88.2371
185 51.4594 88.2371
584 51.4744 88.1885
896 51.4899 88.138
105 51.5054 88.0874
511 51.5227 88.0311
882 51.5412 87.9711
202 51.9915 86.5049
931 52.5091 84.8196
297 52.8991 83.55
112 52.0993 81.6323
509 51.7932 80.8983
460 51.0417 80.2011
857 48.6343 77.9675
662 46.3094 75.8103
193 46.3094 75.8103
241 46.3094 75.8103
292 46.3704 75.7046
294 46.4394 75.5852
562 46.5072 75.4678
840 46.574 75.3521
564 46.6493 75.2218
894 46.7285 75.0847
94 46.8029 74.9558
855 46.8744 74.8321
226 46.9353 74.7266
350 47.0051 74.6058
530 47.0732 74.4878
895 47.15 74.3549
82 47.2244 74.2262
179 47.3028 74.0904
215 47.3862 73.946
432 47.4868 73.7717
315 47.5762 73.617
335 47.6582 73.475
9 47.7487 73.3183
280 47.8314 73.1752
976 47.919 73.0236
235 48.0156 72.8563
406 48.1 72.7101
921 48.3275 72.3163
986 48.5572 71.9186
163 48.7786 71.5354
987 49.0052 71.143
782 49.198 70.8092
755 49.4001 70.4593
802 49.6802 69.9744
800 50.005 69.412
743 50.3674 68.7847
617 50.682 68.24
582 50.9706 67.7404
513 51.2968 67.1757
91 51.766 66.3632
538 52.4219 65.2277
440 52.5992 64.9207
668 52.7725 64.6207
216 52.9385 64.3333
161 53.1101 64.0362
676 53.2736 63.7532
791 53.4552 63.4388
109 53.6277 63.1402
484 53.8222 62.8034
923 54.3729 61.85
340 54.7988 61.1126
942 56.0229 58.9934
623 56.2155 58.66
647 56.3835 58.3691
519 56.5587 58.0657
798 56.7215 57.7838
188 56.919 57.4419
117 57.1184 57.0968
70 57.277 56.8221
625 57.4093 56.5931
907 57.5582 56.3352
85 57.7142 56.0652
644 57.8728 55.7906
810 57.9798 55.6053
84 58.0969 55.4026
978 58.2454 55.1455
282 58.3264 55.0053
577 58.4235 54.8371
101 58.5235 54.6641
286 58.6347 54.4715
964 58.7492 54.2733
43 58.8935 54.0234
583 61.8413 59.9845
485 62.6416 61.843
975 63.7504 64.4182
51 63.9642 64.9148
68 64.0951 65.2187
867 64.2311 65.5343
468 64.3536 65.8189
208 64.5004 66.1596
605 64.6473 66.5008
67 64.7926 66.8379
293 64.9338 67.1659
595 65.1542 67.6777
650 65.3839 68.2109
18 65.6256 68.772
900 65.7795 69.1294
173 65.9248 69.4666
238 66.0724 69.8094
962 66.2377 70.1932
515 66.3931 70.554
727 66.5869 71.004
762 66.7725 71.4349
317 67.0976 72.1898
654 67.0976 72.1898
83 67.0976 72.1898
837 67.0976 72.1898
385 67.0976 72.1898
110 67.0752 72.2331
201 67.0519 72.2779
393 66.9164 72.5393
832 66.783 72.7965
579 66.6588 73.0361
378 66.5298 73.2849
465 66.4114 73.5132
847 66.3092 73.7102
395 66.2105 73.9006
744 66.1174 74.08
290 66.0224 74.2632
769 65.9231 74.4547
229 66.4095 75.5332
904 66.9082 76.6392
818 67.4425 77.8242
481 67.914 78.8697
671 68.368 79.8765
71 69.2689 81.8747
158 70.1991 83.9378
464 70.7866 85.2408
273 70.934 85.5676
567 71.0681 85.8649
992 71.2077 86.1745
620 71.2737 86.3206
42 71.2737 86.3206
823 71.2737 86.3206
145 71.2737 86.3206
813 71.2737 86.3206
845 71.2737 86.3206
544 71.2737 86.3206
177 71.2737 86.3206
817 71.2737 86.3206
52 71.2737 86.3206
666 71.2737 86.3206
864 71.2737 86.3206
801 71.2737 86.3206
622 71.5823 86.4165
937 71.9056 86.5169
318 72.2361 86.6196
775 72.5567 86.7192
742 72.8902 86.8228
159 73.2055 86.9207
893 73.5065 87.0143
149 73.7357 87.0855
854 74.4061 87.2937
494 75.0866 87.5051
725 75.7282 87.7044
820 76.2824 87.8766
135 76.7372 88.0179
580 76.867 88.0582
251 77.54 88.1137
928 80.8328 88.3852
353 80.8328 88.3852
285 80.8328 88.3852
417 80.8855 88.304
648 80.9322 88.2321
740 80.9765 88.164
983 81.0166 88.1023
372 86.3656 79.869
889 86.3618 79.8185
204 86.3563 79.7461
473 86.3518 79.6854
322 86.3468 79.6194
25 86.311 79.1415
685 86.2543 78.3859
660 86.0405 75.5356
311 85.83 72.7299
528 85.5352 68.8001
497 85.1143 63.1881
107 85.0539 63.138
387 84.9934 63.0879
383 84.9421 63.0454
852 84.8907 63.0028
332 84.8442 62.9642
450 84.7963 62.9245
152 83.0535 61.4799
977 82.5372 61.052
198 82.017 60.6208
684 81.5044 60.196
506 80.9763 59.7583
242 80.4096 59.2886
170 79.8365 58.8136
420 78.5981 57.7871
190 77.6637 57.0127
967 77.517 56.891
334 77.3671 56.7668
941 77.2133 56.6394
767 77.0619 56.5139
850 76.9301 56.4046
656 76.7989 56.296
478 76.6703 56.1894
884 76.6466 54.664
102 76.4786 53.5505
951 76.308 52.4198
136 76.141 51.3128
932 75.9591 50.1066
838 75.7699 48.8527
835 75.5339 47.2878
842 75.5232 47.2174
553 75.5119 47.1425
670 75.5 47.0639
425 75.4889 46.9898
926 75.4773 46.913
143 75.4653 46.8339
195 75.4536 46.7559
606 75.4413 46.6747
592 75.43 46.5999
323 75.418 46.5205
466 75.4068 46.4459
274 75.3956 46.3721
745 75.3845 46.2983
232 75.3737 46.227
29 75.363 46.1558
609 75.352 46.0834
357 75.3413 46.0122
920 76.5457 42.9007
520 79.088 36.3335
590 80.4949 32.6991
33 81.6402 29.7404
98 82.9354 26.3944
627 85.1544 20.2191
345 85.5543 19.1066
243 85.9235 18.0793
483 86.1417 17.4722
260 85.9145 17.5658
