0,979,24,598,959,295,504,777,721,581,103,819,176,555,458,675,594,865,314,217,43,831,164,681,6,828,55,250,358,781,751,357,45,821,853,634,873,355,209,19,935,421,785,27,289,586,419,257,377,66,870,930,862,480,194,844,692,566,356,945,875,342,906,472,843,492,63,69,471,848,512,790,716,101,155,276,186,597,989,917,210,452,197,644,519,798,538,623,70,625,907,85,35,478,810,978,282,577,262,286,743,188,942,647,396,793,117,632,968,216,432,484,676,964,393,617,340,923,440,668,161,498,281,791,84,485,293,67,941,208,987,605,468,867,68,18,383,152,201,385,975,110,900,579,744,290,904,818,481,837,595,650,51,465,83,378,847,395,832,671,71,297,931,509,173,238,962,515,727,762,654,460,857,112,294,755,94,562,769,855,91,513,582,558,782,802,193,315,280,9,82,523,144,134,894,921,235,662,109,564,335,406,800,179,215,163,453,225,976,171,614,840,292,226,804,715,986,779,404,80,724,350,540,410,21,180,839,533,54,459,127,522,49,79,89,735,756,922,370,545,929,621,264,461,104,603,147,876,788,640,705,645,683,137,390,733,269,596,291,359,576,901,382,587,175,910,308,237,56,912,891,365,30,765,732,778,130,927,349,552,903,846,411,34,971,59,729,507,957,267,720,324,38,687,619,688,508,510,233,599,664,493,809,771,956,37,11,391,388,403,633,397,543,706,748,438,302,414,535,783,413,797,151,32,811,824,467,834,829,549,679,439,943,602,486,121,529,869,379,205,191,307,787,7,278,709,221,836,284,702,669,363,246,26,351,474,160,64,518,653,934,337,310,111,704,261,573,287,883,822,407,626,643,915,902,354,488,61,646,722,629,402,881,362,963,331,366,661,641,812,682,412,741,588,211,8,674,348,254,572,187,899,612,4,268,258,86,710,74,133,958,794,898,514,455,65,283,673,154,700,299,849,863,328,46,663,87,731,123,499,985,128,652,858,476,330,616,116,47,100,182,749,10,496,228,212,909,655,936,770,352,463,373,990,423,78,542,125,312,841,341,222,148,384,908,913,336,475,698,451,196,938,142,723,758,949,525,677,174,972,764,422,303,527,534,505,708,57,166,925,489,157,347,703,192,122,218,214,760,531,589,939,691,279,805,77,981,565,772,234,734,298,224,890,944,381,255,524,371,879,517,14,272,346,457,860,657,667,966,665,376,325,615,991,905,728,570,630,560,445,747,784,948,739,482,3,607,556,503,717,321,694,502,639,487,31,433,203,892,955,326,207,131,97,680,338,500,219,799,796,400,398,168,427,886,686,277,429,81,924,220,970,132,897,361,162,757,114,329,119,600,888,275,635,526,574,571,689,184,601,418,825,333,339,266,872,296,730,60,965,88,697,270,113,950,76,288,443,551,946,223,454,490,701,604,501,878,591,99,479,537,327,578,658,726,550,608,124,252,789,554,374,95,546,399,815,199,444,628,792,247,169,436,469,718,780,316,699,90,830,916,495,75,301,108,426,240,759,557,364,719,405,300,401,106,178,386,969,304,736,585,1,39,678,914,953,447,803,213,547,868,263,988,435,380,711,138,153,446,973,568,982,693,827,244,637,442,183,50,115,462,13,833,93,859,933,593,431,17,15,48,249,236,776,58,227,753,712,200,750,306,36,885,695,456,611,651,521,491,761,28,610,672,768,430,441,714,871,409,786,2,96,241,877,954,16,271,424,360,368,428,918,392,696,631,172,41,773,253,806,73,416,44,141,638,795,256,150,752,960,20,22,139,569,72,449,974,613,120,808,231,470,707,230,448,265,167,206,548,807,561,649,738,53,375,181,189,919,394,92,389,563,814,126,248,146,763,343,532,105,129,952,313,245,961,536,5,980,309,320,239,437,866,713,559,874,766,541,856,317,344,882,185,584,911,774,165,415,642,746,40,826,156,947,575,369,12,516,984,23,305,511,477,140,539,659,408,62,861,319,530,816,618,851,367,737,754,887,636,940,690,118,895,434,896,624,229,880,259,202,801,251,149,992,567,273,464,620,937,622,775,864,666,52,817,177,544,845,813,145,823,42,318,580,742,158,893,725,494,854,159,928,322,983,740,648,417,285,353,820,135,372,450,332,204,528,311,660,685,25,889,473,497,852,977,170,242,506,684,198,107,420,387,884,838,932,136,951,842,190,656,850,767,334,967,583,592,323,466,274,745,232,29,609,920,102,606,553,670,425,926,143,195,590,520,835,33,98,483,260,627,345,243,
value : 455.111 running time : 197.482316
0 80 20
979 78.9284 18.9283
24 74.437 17.4374
598 72.512 16.7982
959 70.9543 16.2809
295 70.3275 16.0726
504 69.7434 15.8786
777 69.1492 15.6812
721 68.6657 15.5205
581 68.1456 15.3477
103 67.6453 15.1815
819 65.5332 19.0446
176 63.8081 22.2006
555 62.2028 25.136
458 60.1842 28.8286
675 59.2722 30.4974
594 58.9643 31.061
865 58.7792 31.3999
314 58.5956 31.7361
217 58.4281 32.0427
43 58.3165 32.247
831 58.2178 32.4278
164 58.1103 32.6245
681 57.9953 32.8351
6 57.8867 33.034
828 57.7706 33.2464
55 57.6582 33.4523
250 57.5405 33.6677
358 57.4263 33.8769
781 57.3169 34.0773
751 57.2027 34.2863
357 57.0855 34.5009
45 55.6013 34.5608
821 53.6798 34.6386
853 51.351 34.7333
634 51.351 34.7333
873 51.351 34.7333
355 51.351 34.7333
209 51.351 34.7333
19 51.351 34.7333
935 51.351 34.7333
421 51.351 34.7333
785 51.351 34.7333
27 51.351 34.7333
289 51.351 34.7333
586 51.351 34.7333
419 51.351 34.7333
257 51.1354 35.751
377 50.9462 36.6438
66 50.7508 37.5656
870 50.5688 38.4243
930 50.405 39.1974
862 50.2345 40.0017
480 50.0955 40.6574
194 49.9686 41.2562
844 49.8706 41.7187
692 49.7647 42.2182
566 49.6425 42.7951
356 49.5334 43.3095
945 49.4265 43.8139
875 49.3317 44.2613
342 49.2305 44.7386
906 49.1395 45.1679
472 49.037 45.6516
843 48.9394 46.112
492 48.8468 46.5488
63 48.7574 46.9708
69 48.6578 47.4405
471 48.5515 47.942
848 48.5515 47.942
512 48.5515 47.942
790 48.5515 47.942
716 48.6302 48.0299
101 48.7106 48.1197
155 48.7786 48.1955
276 48.8547 48.2805
186 48.9347 48.3698
597 49.0021 48.445
989 49.0619 48.5118
917 49.1407 48.5997
210 49.5548 49.0621
452 49.9661 49.5213
197 50.4767 50.0915
644 53.7055 53.6987
519 53.8852 53.8993
798 54.0659 54.1011
538 54.2531 54.31
623 54.4193 54.4956
70 54.5955 54.6924
625 54.7539 54.8692
907 54.9133 55.0471
85 55.0578 55.2085
35 55.2085 55.3766
478 55.3616 55.5476
810 55.3616 55.5476
978 55.3616 55.5476
282 55.3686 55.8621
577 55.3754 56.1655
262 55.3822 56.467
286 55.3891 56.7734
743 55.396 57.0789
188 55.4026 57.3721
942 55.4092 57.6666
647 55.4174 58.0344
396 55.4255 58.3949
793 55.4336 58.7569
117 55.4418 59.1219
632 55.51 62.3147
968 55.5168 62.6204
216 55.5236 62.9228
432 55.5304 63.2271
484 55.5366 63.5001
676 55.5366 63.5002
964 55.5366 63.5002
393 55.5367 63.5002
617 55.5367 63.5002
340 55.5367 63.5002
923 55.5368 63.5002
440 55.5368 63.5002
668 55.5368 63.5003
161 55.5368 63.5003
498 55.5369 63.5003
281 55.5369 63.5003
791 56.9525 64.1222
84 58.4347 64.7733
485 59.9835 65.4538
293 61.5545 66.144
67 63.1999 66.867
941 64.8179 67.5779
208 64.938 67.7118
987 65.061 67.8488
605 65.1763 67.9773
468 65.2922 68.1064
867 65.6735 68.531
68 66.0491 68.9494
18 66.4516 69.3977
383 66.7798 69.7633
152 66.797 69.7824
201 66.8144 69.8018
385 66.8316 69.821
975 66.6484 70.0355
110 66.4617 70.2542
900 66.2603 70.49
579 66.0493 70.737
744 65.8288 70.9953
290 65.623 71.2362
904 65.4171 71.4774
818 65.2211 71.7069
481 65.0095 71.9547
837 64.8246 72.1712
595 64.6358 72.3923
650 64.4226 72.6419
51 64.1561 72.954
465 63.8922 73.263
83 63.6034 73.2727
378 63.2672 73.2839
847 62.9525 73.2943
395 62.6535 73.3043
832 62.3543 73.3143
671 62.0776 73.3235
71 61.83 73.3317
297 61.506 73.3425
931 61.1621 73.354
509 60.8372 73.3648
173 60.5184 73.3754
238 60.1872 73.3865
962 59.8601 73.3974
515 59.2807 73.4167
727 58.7516 73.4343
762 58.0852 73.4565
654 57.4771 73.4768
460 56.3945 73.5129
857 55.1244 73.5552
112 54.0376 73.5914
294 52.8327 73.6315
755 52.4761 73.6434
94 52.1716 73.6536
562 51.8426 73.6645
769 51.573 73.6735
855 51.2759 73.6834
91 50.9824 73.6932
513 50.6807 73.7032
582 50.4016 73.7125
558 50.0933 73.7228
782 49.8388 73.7313
802 49.5644 73.7404
193 49.2941 73.7494
315 49.0624 73.7572
280 48.7858 73.7664
9 48.4931 73.7761
82 48.1299 73.7882
523 47.811 73.7988
144 47.5165 73.8087
134 47.2416 73.8178
894 46.9761 73.8267
921 46.7217 73.8351
235 46.438 73.8446
662 46.1338 73.8547
109 46.1338 73.8547
564 46.1338 73.8547
335 46.1338 73.8547
406 46.0577 73.767
800 45.9695 73.6654
179 45.8799 73.5621
215 45.7696 73.435
163 45.6508 73.2982
453 45.55 73.1821
225 45.4526 73.0698
976 45.3599 72.963
171 45.2637 72.8522
614 45.1779 72.7534
840 45.0897 72.6517
292 44.9951 72.5428
226 44.2981 71.7395
804 43.6536 70.9968
715 43.1264 70.3892
986 42.6468 69.8366
779 42.073 69.1754
404 41.4889 68.5023
80 40.9365 67.8657
724 40.3666 67.209
350 39.7641 66.5148
540 38.9794 65.6103
410 37.6329 64.0585
21 35.9953 62.171
180 34.1599 60.0555
839 34.1345 60.0263
533 34.1096 59.9976
54 34.085 59.9693
459 34.0593 59.9397
127 34.0295 59.9053
522 34.0015 59.8731
49 33.9439 59.8623
79 33.8864 59.8515
89 33.8375 59.8424
735 33.7855 59.8327
756 33.7412 59.8244
922 33.7004 59.8168
370 33.6558 59.8085
545 33.6041 59.7988
929 33.5622 59.791
621 33.5224 59.7836
264 33.4578 59.7715
461 33.3854 59.758
104 33.3089 59.7437
603 33.2299 59.7289
147 33.158 59.7155
876 33.0865 59.7022
788 33.0171 59.6892
640 32.9476 59.6762
705 32.8798 59.6636
645 32.8237 59.6531
683 32.7662 59.6424
137 32.6921 59.6285
390 32.6197 59.615
733 32.5491 59.6018
269 32.4871 59.5902
596 32.4294 59.5795
291 32.3656 59.5676
359 32.2961 59.5546
576 32.2295 59.5421
901 32.1483 59.527
382 32.0779 59.5138
587 32.0156 59.5022
175 31.9601 59.4918
910 31.8979 59.4802
308 31.7181 59.4466
237 31.5437 59.4141
56 31.3608 59.3799
912 31.1615 59.3427
891 30.962 59.3054
365 30.7713 59.2698
30 30.5692 59.2321
765 30.3619 59.1934
732 30.1355 59.1511
778 28.6486 58.8731
130 26.6464 58.4988
927 26.6658 58.3967
349 26.6899 58.2699
552 26.7134 58.1464
903 26.7475 57.9672
846 26.7811 57.7905
411 26.8156 57.6089
34 26.8751 57.2956
971 26.9321 56.9959
59 27.017 56.5492
729 27.0954 56.1366
507 27.1771 55.7068
957 27.2622 55.2595
267 27.3534 54.7797
720 27.4462 54.2911
324 27.5816 53.5785
38 27.7213 52.8434
687 27.8231 52.3077
619 27.8282 52.2809
688 27.8329 52.2559
508 27.838 52.2291
510 27.8425 52.2056
233 27.8473 52.1804
599 27.8526 52.1525
664 27.8593 52.1173
493 27.8593 52.1173
809 27.8593 52.1173
771 27.8974 51.0762
956 27.9191 50.4827
37 27.9473 49.7123
11 27.9711 49.0618
391 27.9911 48.5151
388 28.0132 47.9115
403 28.032 47.3972
633 28.0506 46.8884
397 28.0723 46.295
543 28.0926 45.7422
706 28.1136 45.1677
748 28.1331 44.6346
438 28.1521 44.115
302 28.1709 43.6021
414 28.192 43.0241
535 28.2119 42.4818
783 28.2326 41.9168
413 28.2532 41.3523
797 28.2771 40.6997
151 28.3379 39.0381
32 28.3982 37.391
811 28.4649 35.5674
824 28.5463 33.3433
467 28.5945 32.0273
834 28.6 31.8762
829 28.6051 31.7359
549 28.6106 31.5863
679 28.6163 31.4298
439 28.6229 31.251
943 28.626 31.1655
602 28.6292 31.0778
486 28.6322 30.9952
121 28.6354 30.9095
529 28.6385 30.8247
869 28.6418 30.7331
379 28.6453 30.6386
205 28.6484 30.5539
191 28.6518 30.4609
307 28.6554 30.3631
787 28.6585 30.2762
7 28.6615 30.1946
278 28.666 30.0715
709 28.6706 29.9456
221 28.6748 29.8312
836 28.6791 29.7133
284 29.3395 26.4134
702 29.8755 23.734
669 30.3302 21.4614
363 30.3302 21.4614
246 30.3302 21.4614
26 30.3302 21.4614
351 30.3302 21.4614
474 30.3302 21.4614
160 31.4319 20.1082
64 33.3376 17.7667
518 35.2334 15.4368
653 35.2334 15.4368
934 35.2334 15.4368
337 34.8428 15.4268
310 34.4491 15.4167
111 34.0451 15.4064
704 33.6438 15.3962
261 33.254 15.3862
573 32.6731 15.3714
287 32.0719 15.356
883 31.4058 15.339
822 30.6768 15.3204
407 29.7764 15.2974
626 28.7037 15.27
643 27.539 15.2402
915 26.5078 15.2139
902 25.6867 15.1929
354 24.9521 15.1741
488 18.7635 15.0165
61 13.7823 14.8896
646 13.5559 14.8838
722 13.3668 14.879
629 13.2864 14.877
402 13.209 14.875
881 13.1182 14.8727
362 13.0318 14.8705
963 12.9508 14.8684
331 12.9508 14.8684
366 12.9508 14.8684
661 12.9508 14.8684
641 12.9508 14.8684
812 12.9508 14.8684
682 12.9394 15.1958
412 12.928 15.5225
741 12.9172 15.8329
588 12.9072 16.1192
211 12.8972 16.4039
8 12.8869 16.6994
674 12.8733 17.0891
348 12.8595 17.4833
254 12.8454 17.8879
572 12.831 18.2988
187 12.8195 18.6293
899 12.5875 25.2469
612 12.3388 32.3435
4 12.277 32.457
268 12.2203 32.5611
258 12.1601 32.6717
86 12.0972 32.7872
710 12.0432 32.8866
74 11.9854 32.9927
133 11.9276 33.0989
958 11.8671 33.2102
794 11.812 33.3114
898 11.7553 33.4155
514 11.7231 33.592
455 11.6914 33.7655
65 11.6121 34.2007
283 11.5318 34.6408
673 11.4586 35.0425
154 11.3347 35.7221
700 11.2663 36.097
299 11.1985 36.4686
849 9.44403 46.106
863 9.49321 46.1
328 9.5395 46.0943
46 9.59405 46.0877
663 9.65028 46.0808
87 9.69997 46.0747
731 9.74548 46.0691
123 9.79262 46.0634
499 9.83901 46.0577
985 9.89427 46.0509
128 10.0122 46.0835
652 10.1525 46.1223
858 10.2955 46.1618
476 10.4137 46.1944
330 10.5163 46.2228
616 10.6379 46.2564
116 10.7467 46.2864
47 10.8977 46.3281
100 11.0566 46.372
182 11.2179 46.4166
749 11.3617 46.4563
10 11.5185 46.4997
496 11.6768 46.5434
228 11.8176 46.5823
212 11.956 46.6205
909 12.1072 46.6623
655 12.2722 46.7079
936 12.3679 46.7343
770 12.4695 46.7624
352 12.5751 46.7915
463 12.6781 46.82
373 12.7865 46.85
990 12.9002 46.8814
423 13.0141 46.9128
78 13.127 46.944
542 13.2271 46.9717
125 13.3324 47.0007
312 13.6465 47.2426
841 14.0008 47.5155
341 14.3605 47.7925
222 14.7333 48.0797
148 15.1215 48.3786
384 15.4982 48.6688
908 16.1264 49.1529
913 16.7364 49.6229
336 16.6731 49.6817
475 16.6162 49.7345
698 16.5539 49.7924
451 16.4931 49.8489
196 16.433 49.9046
938 16.3811 49.9529
142 16.3281 50.0021
723 16.2744 50.0519
758 16.2156 50.1065
949 16.1585 50.1595
525 16.1016 50.2124
677 15.7693 50.5213
174 15.4424 50.8253
972 15.1219 51.1232
764 14.8066 51.4163
422 14.4983 51.7028
303 14.1814 51.9973
527 13.8814 52.2762
534 13.619 52.5201
505 13.3603 52.7606
708 13.1032 52.9995
57 12.872 53.2143
166 12.647 53.4235
925 12.4388 53.617
489 12.2392 53.8024
157 12.045 53.9829
347 11.7949 57.0055
703 11.7815 57.1684
192 11.7688 57.3212
122 11.7576 57.4567
218 11.7131 57.9956
214 11.6651 58.5756
760 11.611 59.2293
531 11.5602 59.8439
589 11.5115 60.4326
939 11.462 61.0311
691 11.4351 61.3562
279 11.4059 61.7092
805 11.368 62.1681
77 11.3086 62.8858
981 11.2622 63.4474
565 11.1943 64.2676
772 11.1053 65.3438
234 11.0079 66.5217
734 10.8661 68.2362
298 10.7093 70.1326
224 10.607 71.3696
890 10.5301 72.2991
944 10.4753 72.9617
381 10.5076 72.9633
255 10.5425 72.965
524 10.5794 72.9668
371 10.6074 72.9681
879 10.6392 72.9697
517 10.6682 72.9711
14 10.7002 72.9726
272 10.7349 72.9743
346 10.7643 72.9757
457 10.7935 72.9772
860 10.8231 72.9786
657 10.8521 72.98
667 10.8805 72.9814
966 10.9109 72.9828
665 10.9456 72.9845
376 10.9803 72.9862
325 11.0103 72.9877
615 11.0397 72.9891
991 11.0715 72.9906
905 11.1037 72.9922
728 11.1368 72.9938
570 11.1722 72.9955
630 11.2112 72.9974
560 11.2451 72.9991
445 11.2747 73.0005
747 11.309 73.0022
784 11.3459 73.0039
948 11.3826 73.0057
739 11.4209 73.0076
482 11.4557 73.0093
3 11.4875 73.0108
607 11.518 73.0123
556 11.5527 73.014
503 11.5898 73.0158
717 11.6231 73.0174
321 11.659 73.0191
694 11.694 73.0208
502 11.7348 73.0228
639 11.7688 73.0245
487 11.809 73.0264
31 11.8416 73.028
433 11.8745 73.0296
203 11.9102 73.0313
892 11.9486 73.0332
955 11.9884 73.0351
326 12.0283 73.037
207 12.0604 73.0386
131 12.1808 73.0444
97 12.2974 73.0501
680 12.4125 73.0557
338 12.5211 73.0609
500 12.634 73.0664
219 12.7391 73.0715
799 12.8474 73.0767
796 13.136 73.0907
400 13.4119 73.1041
398 13.687 73.1175
168 13.9459 73.1301
427 14.1863 73.1417
886 14.4657 73.1553
686 14.711 73.1671
277 15.0382 73.183
429 15.4288 73.202
81 15.8079 73.2204
924 16.1828 73.2386
220 16.5285 73.2554
970 16.861 73.2715
132 17.2452 73.2902
897 17.6096 73.3079
361 17.8359 73.4555
162 18.0551 73.5984
757 18.2858 73.7489
114 18.4719 73.8703
329 18.7071 74.0236
119 18.9741 74.1977
600 19.2739 74.3932
888 19.5637 74.5821
275 19.8401 74.7624
635 20.1261 74.9488
526 20.4066 75.1318
574 20.6894 75.3162
571 20.9611 75.4933
689 21.2115 75.6566
184 21.3925 75.7746
601 21.576 75.8943
418 21.7906 76.0343
825 21.9718 76.1525
333 22.1642 76.2779
339 22.349 76.3985
266 22.5417 76.5241
872 22.7454 76.6569
296 22.9297 76.7771
730 23.098 76.8869
60 23.2681 76.9978
965 23.4251 77.1002
88 23.5995 77.214
697 23.782 77.333
270 23.9609 77.4497
113 23.9516 77.4559
950 23.9434 77.4614
76 23.9352 77.4669
288 23.9266 77.4726
443 23.9193 77.4775
551 23.9116 77.4826
946 23.905 77.487
223 23.8986 77.4912
454 23.8913 77.4961
490 23.8831 77.5016
701 23.876 77.5063
604 23.8695 77.5107
501 23.8628 77.5151
878 23.8556 77.5199
591 23.8048 77.5538
99 23.7471 77.5922
479 23.6927 77.6285
537 23.6453 77.6601
327 23.5963 77.6927
578 23.5437 77.7278
658 23.4933 77.7614
726 23.4423 77.7954
550 23.3939 77.8276
608 23.346 77.8595
124 23.302 77.8889
252 23.2529 77.9216
789 19.9265 80.1388
554 11.0066 86.0842
374 11.0016 86.1275
95 10.996 86.1757
546 10.9909 86.2189
399 10.9855 86.2654
815 10.9803 86.3103
199 10.9752 86.3541
444 10.9706 86.394
628 10.9657 86.436
792 10.9608 86.4783
247 10.9556 86.5229
169 10.9509 86.5635
436 10.946 86.6053
469 10.9408 86.6496
718 10.936 86.6915
780 10.9312 86.7328
316 10.9261 86.7765
699 10.9212 86.8181
90 10.9169 86.8557
830 10.9118 86.8994
916 10.8986 87.013
495 10.886 87.121
75 10.8743 87.2219
301 10.861 87.3363
108 10.8485 87.4432
426 10.8365 87.547
240 10.8238 87.6557
759 10.8105 87.7701
557 10.7962 87.8931
364 10.7829 88.0075
719 10.7699 88.119
405 10.7563 88.2361
300 10.7442 88.3402
401 10.7311 88.4528
106 10.7176 88.5689
178 10.7056 88.672
386 10.6915 88.7929
969 10.6781 88.9085
304 10.6649 89.022
736 10.6522 89.1313
585 10.6386 89.2477
1 10.6258 89.3574
39 10.6128 89.4695
678 10.6004 89.5758
914 10.5882 89.6807
953 10.5759 89.7864
447 10.5634 89.8941
803 10.5509 90.0019
213 10.5379 90.1135
547 10.5373 90.1185
868 10.5366 90.1241
263 10.536 90.1293
988 10.5353 90.1352
435 10.7333 90.1307
380 10.9292 90.1261
711 11.1326 90.1214
138 11.3353 90.1167
153 11.5292 90.1122
446 11.7394 90.1073
973 11.9491 90.1024
568 12.1417 90.0979
982 12.3408 90.0933
693 12.5379 90.0887
827 12.7483 90.0838
244 12.997 90.0781
637 13.2077 90.0732
442 13.452 90.0675
183 13.6982 90.0618
50 13.921 90.0566
115 14.1223 90.0519
462 14.3251 90.0472
13 14.5342 90.0424
833 14.746 90.0374
93 14.9391 90.0329
859 15.15 90.0281
933 15.3277 90.0239
593 15.5109 90.0197
431 15.6807 90.0157
17 15.8391 90.012
15 16.0021 90.0082
48 16.1621 90.0045
249 16.3369 90.0005
236 16.4927 89.9968
776 16.6743 89.9926
58 16.8548 89.9884
227 17.0199 89.9846
753 17.1868 89.9807
712 17.3466 89.977
200 17.4992 89.9735
750 17.7292 89.9681
306 18.8645 89.9418
36 19.5159 89.9267
885 20.0782 89.9137
695 20.613 89.9012
456 21.1962 89.8877
611 21.7866 89.874
651 22.1135 89.8664
521 22.4499 89.8586
491 22.7848 89.8508
761 23.1339 89.8427
28 23.4834 89.8346
610 23.8083 89.8271
672 24.1337 89.8195
768 24.4271 89.8127
430 24.7349 89.8055
441 25.0362 89.7985
714 25.3568 89.7911
871 25.7053 89.783
409 26.0996 89.7738
786 26.4918 89.7647
2 26.8605 89.7561
96 27.2166 89.7479
241 27.5676 89.7397
877 27.6653 89.7375
954 27.7487 89.7355
16 27.8371 89.7335
271 27.9295 89.7313
424 28.0095 89.7294
360 28.0964 89.7274
368 28.3453 89.7216
428 28.6235 89.7152
918 28.8902 89.709
392 29.1467 89.703
696 29.3671 89.6979
631 29.6143 89.6922
172 29.8799 89.686
41 30.1019 89.6808
773 30.357 89.6749
253 30.6052 89.6691
806 30.8637 89.6631
73 31.1073 89.6575
416 31.371 89.6513
44 31.5734 89.6466
141 31.8303 89.6407
638 32.0813 89.6348
795 32.3286 89.6291
256 32.5768 89.6233
150 32.8114 89.6179
752 33.0597 89.6121
960 33.2906 89.6067
20 33.533 89.6011
22 33.8276 89.5942
139 34.1052 89.5878
569 34.3721 89.5816
72 34.6175 89.5759
449 34.8692 89.57
974 35.0945 89.5648
613 35.3112 89.5598
120 35.5231 89.5548
808 35.7587 89.5493
231 36.0049 89.5436
470 36.2551 89.5378
707 36.5091 89.5319
230 36.7628 89.526
448 37.0168 89.5201
265 37.2611 89.5144
167 37.4872 89.5092
206 37.9234 89.4991
548 38.2981 89.4903
807 38.6828 89.4814
561 39.0543 89.4728
649 39.4072 89.4646
738 39.7657 89.4562
53 40.1516 89.4473
375 40.5382 89.4383
181 40.8742 89.4305
189 41.2035 89.4228
919 41.6125 89.4133
394 42.1218 89.4015
92 42.6431 89.3894
389 43.4746 89.3701
563 44.2638 89.3518
814 44.4487 89.3475
126 44.6325 89.3432
248 44.7945 89.3394
146 44.9431 89.336
763 45.1276 89.3317
343 45.3153 89.3273
532 45.5004 89.323
105 45.6769 89.3189
129 45.8508 89.3149
952 46.0559 89.3101
313 46.2382 89.3059
245 46.4026 89.3021
961 46.5547 89.2985
536 46.7108 89.2949
5 46.8629 89.2913
980 47.03 89.2875
309 47.1676 89.2843
320 47.3317 89.2804
239 47.4836 89.2769
437 47.6351 89.2734
866 47.8033 89.2695
713 47.976 89.2655
559 48.1436 89.2616
874 48.3186 89.2575
766 48.5271 89.2526
541 49.5902 89.228
856 50.7419 89.2014
317 51.3648 89.1869
344 51.4597 89.1847
882 51.5569 89.1824
185 51.6625 89.18
584 51.7491 89.178
911 51.8313 89.1761
774 51.9053 89.1743
165 51.9807 89.1726
415 52.0669 89.1706
642 52.1493 89.1687
746 52.2372 89.1666
40 52.3278 89.1645
826 52.4111 89.1626
156 52.5011 89.1605
947 52.5974 89.1582
575 52.6968 89.1559
369 52.7864 89.1538
12 52.8724 89.1518
516 52.955 89.1499
984 53.0491 89.1477
23 53.1274 89.1459
305 53.205 89.1441
511 53.2958 89.142
477 53.3896 89.1398
140 53.4621 89.1381
539 53.535 89.1364
659 53.6273 89.1343
408 53.7287 89.1319
62 53.8297 89.1296
861 53.9241 89.1274
319 54.0173 89.1252
530 54.1213 89.1228
816 54.2378 89.1201
618 54.3371 89.1178
851 54.4377 89.1154
367 54.5401 89.1131
737 54.6427 89.1107
754 54.7366 89.1085
887 54.8307 89.1063
636 54.921 89.1042
940 55.0206 89.1019
690 55.1271 89.0994
118 55.2274 89.0971
895 55.3215 89.0949
434 55.8587 89.0824
896 56.4956 89.0676
624 57.1632 89.0521
229 57.987 89.033
880 58.771 89.0148
259 59.6748 88.9939
202 60.6594 88.9711
801 61.7319 88.9462
251 62.7895 88.9217
149 63.5082 88.905
992 63.9986 88.8936
567 64.5099 88.8818
273 65.0335 88.8696
464 65.5679 88.8572
620 66.119 88.8444
937 66.6702 88.8316
622 67.1772 88.8198
775 67.7076 88.8075
864 68.1839 88.7965
666 68.5917 88.787
52 68.9762 88.778
817 69.3835 88.7686
177 69.8226 88.7583
544 70.3327 88.7465
845 70.8553 88.7344
813 71.3895 88.722
145 71.8939 88.7103
823 72.4182 88.6981
42 72.9655 88.6854
318 73.6753 88.6689
580 74.4592 88.6507
742 75.2243 88.633
158 75.9453 88.6162
893 76.7627 88.5973
725 77.5265 88.5795
494 78.2001 88.5639
854 78.9004 88.5476
159 79.7313 88.5284
928 80.6028 88.5082
322 80.6208 88.4813
983 80.6376 88.4562
740 80.6588 88.4246
648 80.6767 88.3979
417 80.693 88.3736
285 80.7074 88.3521
353 80.7392 88.3046
820 80.7742 88.2525
135 80.8135 88.1939
372 86.3489 79.9348
450 86.3448 79.8943
332 86.3411 79.8573
204 86.3379 79.8262
528 86.3348 79.7953
311 86.332 79.7674
660 86.3292 79.7393
685 86.3266 79.7136
25 86.3237 79.6848
889 86.3207 79.655
473 86.2564 79.0178
497 84.5243 61.8518
852 83.9963 61.0952
977 83.5526 60.4596
170 83.1171 59.8358
242 82.67 59.1954
506 82.2493 58.5926
684 81.798 57.9462
198 81.3119 57.2498
107 80.8408 56.5751
420 80.179 55.6269
387 79.7706 55.0419
884 79.3702 54.4684
838 78.897 53.7906
932 78.4054 53.0864
136 77.9266 52.4004
951 77.391 51.6332
842 76.7332 50.6908
190 76.7332 50.6908
656 76.7219 50.5348
850 76.7095 50.3629
767 76.6971 50.1914
334 76.68 49.9557
967 76.6584 49.6567
583 76.637 49.3605
592 76.6127 49.025
323 76.5899 48.7098
466 76.5718 48.4587
274 76.5547 48.2231
745 76.539 48.0053
232 76.5247 47.8081
29 76.5107 47.6141
609 76.497 47.4248
920 76.4844 47.252
102 76.4712 47.0689
606 76.3688 45.6519
553 76.4744 45.3487
670 76.5896 45.0178
425 76.7015 44.6966
926 76.8164 44.3666
143 77.0291 43.7556
195 77.9202 41.1951
590 79.4541 36.7866
520 80.1217 34.8685
835 80.7423 33.0854
33 81.7705 30.1308
98 82.9688 26.6868
483 86.166 17.4955
260 86.0176 17.5558
627 85.6827 17.6918
345 85.2414 17.8711
243 84.7238 18.0813
