0,260,345,627,243,483,176,979,295,504,777,721,103,24,959,781,598,819,581,518,287,407,26,883,419,337,310,284,111,363,626,573,704,246,474,354,702,643,351,160,669,379,899,488,8,812,674,881,331,187,61,455,362,412,682,722,646,629,641,366,211,402,4,258,348,741,299,572,710,65,673,588,307,64,439,221,254,709,915,902,661,963,836,794,985,46,731,863,958,770,86,125,499,898,514,74,133,328,384,10,268,123,283,330,122,652,708,373,212,723,87,78,312,990,148,936,909,496,476,100,182,663,758,336,397,233,422,324,11,858,616,341,154,391,771,612,302,797,279,938,908,949,691,475,698,228,174,956,222,655,700,403,142,423,534,486,205,549,787,943,602,829,121,869,467,692,480,853,535,783,824,32,934,679,822,834,529,790,7,664,811,151,278,586,261,421,555,191,289,257,653,43,751,873,865,831,164,681,6,828,55,458,785,209,935,19,250,906,716,452,210,876,917,269,49,566,778,276,809,438,748,37,912,525,38,388,706,687,414,619,413,603,756,510,104,913,493,89,533,508,989,370,264,522,891,732,848,621,597,69,492,186,101,127,779,788,281,498,523,471,147,134,194,461,237,175,765,267,929,839,922,910,79,59,137,729,507,545,645,640,390,965,878,571,80,56,404,365,724,825,16,226,99,846,957,903,501,308,950,526,608,658,443,220,730,339,946,168,275,772,130,411,591,162,272,764,114,196,266,574,600,333,789,565,720,784,361,901,701,329,327,726,587,132,927,739,192,81,3,398,630,119,971,349,113,733,601,543,34,688,981,599,705,451,897,382,735,303,633,352,760,463,376,805,128,218,116,157,166,47,214,505,849,531,347,717,749,234,527,841,925,939,542,703,57,972,677,524,747,589,489,277,219,734,799,966,371,77,680,517,131,445,879,665,503,482,686,948,607,719,207,14,255,381,667,502,905,890,830,224,970,240,944,639,400,487,338,325,570,95,298,316,426,546,615,991,759,433,728,346,93,457,178,551,860,321,560,429,694,657,924,374,427,97,326,500,635,88,955,796,886,479,552,697,695,368,792,401,300,75,301,90,263,699,892,399,48,247,554,495,736,446,628,556,815,637,568,693,31,916,108,169,153,444,436,547,203,803,953,236,750,868,914,988,969,982,199,718,138,711,200,106,435,405,1,585,39,678,213,491,386,827,380,44,41,833,761,183,973,304,360,578,490,13,249,462,244,780,364,115,442,441,17,933,447,50,776,610,430,227,306,871,15,521,768,714,456,557,58,859,631,672,120,613,172,611,808,418,253,296,96,651,28,73,129,795,738,20,960,954,416,394,139,124,872,806,189,593,150,548,469,428,431,424,885,409,757,271,753,712,696,167,288,36,786,76,454,550,223,60,537,604,184,888,270,239,662,181,707,230,918,92,256,231,919,773,392,763,305,536,82,2,530,649,807,437,248,539,561,292,614,252,309,877,562,564,241,569,470,72,22,375,146,638,141,280,861,389,294,179,659,319,12,126,313,624,320,516,343,156,584,737,856,23,344,961,882,746,851,511,367,165,532,814,206,947,952,193,449,448,408,541,713,559,766,874,105,618,62,896,5,53,974,752,265,434,866,911,40,317,774,817,980,185,477,259,992,177,816,984,118,754,940,369,395,690,415,297,229,567,18,140,671,847,378,727,837,810,986,855,800,315,931,895,582,921,215,642,406,880,245,563,887,782,826,636,802,968,208,350,171,857,112,9,359,459,410,291,596,840,715,558,683,576,540,894,21,225,144,689,755,432,769,94,335,617,453,235,976,91,804,54,987,163,109,513,798,484,791,743,340,538,923,625,605,468,676,238,623,762,595,286,632,216,161,668,84,964,647,110,744,51,290,68,173,867,201,383,393,818,478,515,654,579,83,622,832,460,509,775,481,801,864,937,575,904,202,465,71,620,42,823,145,813,52,845,544,285,580,135,893,318,820,854,149,464,742,158,159,666,273,353,494,983,251,473,322,725,740,889,648,417,928,450,685,311,25,372,975,528,387,962,900,951,332,385,242,198,506,204,684,977,660,107,884,497,170,520,590,33,745,136,838,920,967,835,926,334,932,553,592,232,195,323,767,850,143,117,644,293,190,650,583,152,656,420,425,852,67,942,485,102,282,188,793,519,842,941,440,70,262,907,396,85,577,30,472,512,180,35,870,197,66,862,356,945,875,342,155,594,930,675,844,843,978,314,606,358,217,357,45,27,63,466,29,821,609,670,634,355,377,274,98,
value : 565.861 running time : 26.982015
0 80 20
260 83.1548 16.5757
345 83.8518 15.8191
627 84.3401 15.2891
243 84.3401 15.2891
483 84.3401 15.2891
176 76.3087 15.447
979 75.9549 15.4539
295 71.4651 15.5422
504 69.8354 15.5743
777 68.3948 15.6026
721 67.4688 15.6209
103 66.2061 15.6457
24 63.2498 17.1796
959 60.3896 18.6636
781 57.5501 20.1369
598 56.7214 20.0073
819 54.9597 19.7321
581 52.3602 19.3261
518 42.3798 17.7699
287 41.8672 17.8532
407 41.3961 17.9299
26 40.9763 17.9982
883 40.5644 18.0652
419 40.1918 18.1258
337 38.687 18.3704
310 37.2068 18.611
284 35.6514 18.8637
111 34.918 18.983
363 34.1669 19.1052
626 33.3798 19.2332
573 32.6485 19.3522
704 31.8308 19.4851
246 30.9078 19.6352
474 30.0294 19.778
354 30.0294 19.778
702 30.0294 19.778
643 30.0294 19.778
351 30.0294 19.778
160 30.0294 19.778
669 29.3015 19.5755
379 28.6876 19.4047
899 23.5257 17.97
488 18.5668 16.5916
8 15.9155 15.8544
812 12.7902 14.9855
674 12.7731 15.2888
881 12.757 15.5764
331 12.7381 15.9129
187 12.7225 16.19
61 12.7225 16.19
455 12.7225 16.19
362 12.7225 16.19
412 12.7225 16.19
682 12.7225 16.19
722 12.7225 16.19
646 12.8405 16.7695
629 12.9648 17.3804
641 13.1459 18.2701
366 13.2753 18.9059
211 13.4189 19.611
402 13.5971 20.4864
4 13.7612 21.2929
258 14.091 21.573
348 14.4781 21.9018
741 14.8743 22.2384
299 15.2755 22.5792
572 15.7266 22.9624
710 16.1923 23.358
65 16.6977 23.7874
673 16.8782 23.9407
588 17.0784 24.1107
307 17.3676 24.3565
64 17.566 24.525
439 17.566 24.525
221 17.566 24.525
254 17.566 24.525
709 17.566 24.525
915 17.0259 25.3996
902 16.4499 26.3326
661 15.7177 27.5185
963 14.8911 28.8573
836 14.1854 30.0003
794 13.4008 31.2711
985 12.9113 32.0639
46 12.4237 32.8536
731 12.0694 33.4276
863 11.8038 33.8577
958 11.5659 34.2429
770 11.3418 34.6059
86 11.1447 34.925
125 10.951 35.2387
499 10.7184 35.6153
898 10.7184 35.6153
514 10.6857 35.8264
74 10.6514 36.048
133 10.5692 36.5789
328 10.47 37.2196
384 10.396 37.6974
10 10.3278 38.1377
268 10.2598 38.5764
123 9.94976 40.5797
283 9.67541 42.3519
330 9.3473 44.4717
122 8.96181 46.9627
652 9.53689 46.9263
708 10.0538 46.8937
373 10.7596 46.8491
212 11.4691 46.8042
723 12.285 46.7527
87 12.5571 46.7355
78 12.8757 46.7153
312 13.1348 46.699
990 13.466 46.678
148 13.7871 46.6577
936 14.0598 46.6405
909 14.3706 46.6209
496 14.7332 46.598
476 15.0539 46.5777
100 15.3357 46.5599
182 15.7016 46.5368
663 16.0731 46.5133
758 16.4188 46.4914
336 16.7568 46.4701
397 17.1528 46.4451
233 17.4563 46.4259
422 17.5589 46.3349
324 17.6749 46.232
11 17.7944 46.1261
858 17.8866 46.0444
616 17.9855 45.9567
341 18.0795 45.8733
154 18.1854 45.7795
391 18.2961 45.6813
771 18.4116 45.5789
612 18.5314 45.4727
302 18.6148 45.3988
797 18.6524 45.3654
279 18.6905 45.3317
938 18.7348 45.2924
908 18.7822 45.2504
949 18.8258 45.2118
691 18.8663 45.1758
475 19.0858 44.9812
698 19.266 44.8214
228 19.4605 44.649
174 19.6535 44.4779
956 19.8561 44.2983
222 20.1248 44.06
655 20.5166 43.7127
700 20.8392 43.4267
403 21.1641 43.1387
142 21.4758 42.8623
423 21.8134 42.5629
534 22.1852 42.2333
486 23.5598 41.0147
205 24.4017 40.2683
549 25.2034 39.5575
787 25.938 38.9062
943 25.938 38.9062
602 27.328 38.2044
829 28.0727 37.8284
121 28.9093 37.4061
869 29.8818 36.9151
467 30.9127 36.3947
692 30.9872 36.3571
480 31.0613 36.3197
853 31.1324 36.2838
535 31.1917 36.2538
783 31.27 36.2143
824 31.3441 36.1769
32 31.4168 36.1402
934 35.2938 34.1833
679 35.5531 34.0524
822 35.8699 33.8925
834 36.1401 33.756
529 36.3871 33.6313
790 36.6586 33.4942
7 36.9119 33.3664
664 37.1712 33.2355
811 37.5803 33.0289
151 38.0769 32.7782
278 38.8027 32.4118
586 39.6272 31.9956
261 40.4063 31.6023
421 41.1071 31.2484
555 41.8399 30.8785
191 42.2623 30.6652
289 42.7797 30.4041
257 43.2323 30.1755
653 43.7874 29.8953
43 50.2589 34.1168
751 50.2589 34.1168
873 50.2589 34.1168
865 50.2589 34.1168
831 50.2589 34.1168
164 50.0835 34.2808
681 49.9132 34.44
6 49.7537 34.589
828 49.3603 34.9567
55 48.9196 35.3687
458 48.3861 35.8674
785 47.835 36.3826
209 47.2322 36.9461
935 46.5551 37.5791
19 45.9104 38.1819
250 45.204 38.8422
906 44.3281 39.6612
716 43.3639 40.5628
452 42.2735 41.5824
210 41.1981 42.588
876 40.384 43.3492
917 39.7159 43.9737
269 38.9994 44.6436
49 38.5026 45.1079
566 38.042 45.5384
778 37.5459 46.0022
276 37.105 46.4143
809 36.3845 47.088
438 36.3845 47.088
748 36.3845 47.088
37 36.3845 47.088
912 36.9066 48.3263
525 36.9661 48.4676
38 37.0316 48.623
388 37.1011 48.7877
706 37.1918 49.0029
687 37.2825 49.218
414 37.3835 49.4575
619 37.507 49.7506
413 37.6341 50.0518
603 37.7683 50.3702
756 37.8977 50.677
510 38.0157 50.957
104 38.1079 51.1386
913 38.1755 51.2718
493 38.2613 51.4409
89 38.3341 51.5842
533 38.4089 51.7315
508 38.4712 51.8544
989 38.546 52.0016
370 38.6406 52.1879
264 38.7266 52.3575
522 38.7965 52.4951
891 38.8754 52.6507
732 38.9581 52.8134
848 39.0249 52.945
621 39.1093 53.1113
597 39.184 53.2585
69 39.2506 53.3898
492 39.7522 54.3779
186 40.7959 56.4338
101 40.7352 57.1163
127 40.674 57.8049
779 40.6088 58.5375
788 40.5547 59.1469
281 40.5547 59.1469
498 40.5547 59.1469
523 40.5547 59.147
471 40.5547 59.147
147 40.5547 59.147
134 40.5547 59.147
194 40.2753 58.703
461 39.7472 59.1273
237 39.1409 59.6144
175 38.4924 60.1355
765 37.9315 60.5861
267 37.371 61.0365
929 36.8844 61.4274
839 36.3802 61.8325
922 35.8814 62.2333
910 35.2769 62.719
79 34.7211 63.1655
59 34.3058 63.4992
137 33.9395 63.7935
729 33.5607 64.0978
507 33.2226 64.3695
545 32.9233 64.6099
645 32.54 64.9179
640 32.1316 65.246
390 31.7197 65.577
965 31.3132 65.9035
878 30.9554 66.191
571 30.5871 66.487
80 30.2572 66.752
56 29.8494 67.0797
404 29.3636 67.47
365 28.8314 67.8976
724 28.1231 68.4666
825 26.0569 70.1267
16 26.0569 70.1267
226 26.0569 70.1267
99 25.9963 70.0502
846 25.933 69.97
957 25.8774 69.8996
903 25.8288 69.8381
501 25.7822 69.7792
308 25.7355 69.72
950 25.6926 69.6657
526 25.6465 69.6074
608 25.6032 69.5525
658 25.4697 69.3835
443 25.3346 69.2126
220 25.1944 69.0351
730 25.062 68.8675
339 24.9233 68.6919
946 24.7751 68.5043
168 24.6198 68.3078
275 24.445 68.0865
772 24.27 67.8649
130 24.1268 67.6838
411 23.9945 67.5162
591 23.8691 67.3575
162 23.7186 67.167
272 23.5713 66.9806
764 23.431 66.8029
114 23.3129 66.6534
196 23.204 66.5156
266 23.185 66.4916
574 23.1624 66.463
600 23.1369 66.4306
333 23.1115 66.3985
789 22.4625 65.577
565 21.5713 64.4493
720 21.1529 63.9196
784 20.679 63.3197
361 20.679 63.3197
901 20.679 63.3197
701 20.679 63.3197
329 20.679 63.3197
327 20.679 63.3197
726 20.679 63.3197
587 20.6418 63.1756
132 20.6057 63.0352
927 20.571 62.9007
739 20.5334 62.7545
192 20.4976 62.6152
81 20.4641 62.4851
3 20.4299 62.3524
398 20.3979 62.2283
630 20.3636 62.095
119 20.3299 61.9642
971 20.2957 61.8314
349 20.2582 61.6857
113 20.2221 61.5453
733 19.8509 60.1036
601 19.4271 58.4576
543 18.7675 55.8959
34 18.5541 55.8753
688 18.3496 55.8555
981 18.0639 55.8279
599 17.7998 55.8024
705 17.4458 55.7682
451 17.0811 55.733
897 16.7156 55.6977
382 16.3461 55.662
735 15.754 55.6048
303 15.023 55.5341
633 14.4529 55.4791
352 13.6125 55.3978
760 12.8051 55.3198
463 12.083 55.25
376 11.4069 55.1847
805 10.7547 55.1217
128 10.0704 55.0555
218 10.0813 55.2642
116 10.0912 55.4526
157 10.1029 55.6757
166 10.1177 55.9591
47 10.1316 56.2253
214 10.1461 56.5027
505 10.1603 56.7747
849 10.1752 57.0598
531 10.1919 57.3781
347 10.2073 57.6732
717 10.2213 57.9404
749 10.2283 58.0748
234 10.2382 58.2641
527 10.2466 58.4242
841 10.2554 58.5936
925 10.2671 58.8175
939 10.2784 59.0324
542 10.2866 59.1902
703 10.2969 59.3871
57 10.3055 59.5524
972 10.3163 59.7575
677 10.3274 59.9709
524 10.3392 60.1959
747 10.3489 60.3808
589 10.3583 60.5623
489 10.3677 60.7409
277 10.4363 62.0528
219 10.4864 63.0107
734 10.5304 63.8526
799 10.5729 64.6659
966 10.6138 65.4468
371 10.6473 66.0881
77 10.6812 66.7369
680 10.7168 67.4163
517 10.7497 68.0467
131 10.7824 68.6705
445 10.8208 69.4059
879 10.8565 70.0885
665 10.8939 70.8023
503 10.9321 71.5329
482 10.9676 72.2128
686 11.0085 72.9943
948 11.0509 73.806
607 11.0959 74.666
719 11.1526 75.7491
207 11.1526 75.7491
14 11.1526 75.7491
255 11.1526 75.7491
381 11.1526 75.7491
667 11.1722 75.7554
502 11.1938 75.7624
905 11.2097 75.7675
890 11.2266 75.7729
830 11.2445 75.7787
224 11.2638 75.7849
970 11.2854 75.7918
240 11.3024 75.7973
944 11.3205 75.8031
639 11.3414 75.8098
400 11.3651 75.8175
487 11.3858 75.8241
338 11.4026 75.8295
325 11.4189 75.8348
570 11.4351 75.84
95 11.4537 75.846
298 11.4704 75.8514
316 11.489 75.8573
426 11.506 75.8628
546 11.5244 75.8687
615 11.5426 75.8746
991 11.5612 75.8805
759 11.5795 75.8865
433 11.5992 75.8928
728 11.6191 75.8992
346 11.641 75.9062
93 11.6613 75.9128
457 11.6788 75.9184
178 11.6966 75.9241
551 11.7179 75.9309
860 11.7363 75.9369
321 11.7557 75.9431
560 11.7762 75.9497
429 11.7945 75.9556
694 11.8104 75.9607
657 11.8312 75.9674
924 11.8544 75.9748
374 11.8715 75.9804
427 11.8902 75.9864
97 11.9121 75.9934
326 11.9343 76.0005
500 11.9543 76.007
635 11.9754 76.0138
88 11.9924 76.0192
955 12.0095 76.0247
796 12.0304 76.0315
886 12.0515 76.0383
479 12.0716 76.0447
552 12.0918 76.0512
697 12.5773 79.4327
695 12.2642 81.2961
368 11.94 83.2271
792 11.9236 83.3251
401 11.9052 83.4347
300 11.8871 83.5428
75 11.8698 83.6461
301 11.8505 83.7609
90 11.8338 83.861
263 11.8147 83.9746
699 11.7972 84.0796
892 11.7806 84.1787
399 11.7632 84.2826
48 11.7461 84.3847
247 11.7279 84.4932
554 11.7118 84.589
495 11.6743 84.8132
736 11.6379 85.0307
446 11.6023 85.2429
628 11.5696 85.4384
556 11.5373 85.6314
815 11.4928 85.8968
637 11.4499 86.1528
568 11.4087 86.3987
693 11.3718 86.6193
31 11.3372 86.8261
916 11.2983 87.0584
108 11.2592 87.2917
169 11.2211 87.519
153 11.1821 87.7523
444 11.1448 87.9747
436 11.1067 88.2021
547 11.0651 88.4508
203 11.0257 88.6862
803 10.9804 88.9563
953 10.9364 89.2191
236 10.8922 89.4828
750 10.8497 89.7364
868 10.8142 89.9485
914 10.7803 90.1511
988 10.7436 90.37
969 10.7436 90.37
982 10.7436 90.37
199 10.7436 90.37
718 10.7436 90.37
138 10.7436 90.37
711 10.7436 90.37
200 10.7436 90.37
106 10.7436 90.37
435 10.7436 90.37
405 10.7436 90.37
1 10.7436 90.37
585 10.7436 90.37
39 10.7436 90.37
678 10.7436 90.37
213 10.7436 90.37
491 14.0627 90.4141
386 14.2784 90.417
827 14.5005 90.4199
380 14.8018 90.4239
44 16.0135 90.44
41 17.091 90.4542
833 17.1474 90.455
761 17.2035 90.4557
183 17.2525 90.4564
973 17.2999 90.457
304 17.352 90.4577
360 17.415 90.4585
578 17.4791 90.4594
490 17.5334 90.4601
13 17.5797 90.4607
249 17.631 90.4614
462 17.6789 90.462
244 17.7288 90.4627
780 17.776 90.4633
364 17.8238 90.4639
115 17.8881 90.4648
442 17.9485 90.4656
441 18.0126 90.4664
17 18.0683 90.4672
933 18.1245 90.4679
447 18.1764 90.4686
50 18.6929 90.4755
776 19.1476 90.4814
610 19.6453 90.488
430 20.0663 90.4936
227 20.4283 90.4983
306 20.8312 90.5037
871 21.1806 90.5082
15 21.539 90.513
521 21.937 90.5182
768 22.3152 90.5232
714 22.6738 90.5279
456 23.0267 90.5326
557 23.3675 90.537
58 23.8654 90.5436
859 24.3892 90.5505
631 24.9033 90.5573
672 25.4057 90.564
120 25.8696 90.5701
613 26.3322 90.5762
172 26.5337 90.5788
611 26.6998 90.581
808 26.879 90.5834
418 27.0411 90.5855
253 27.2286 90.588
296 27.415 90.5905
96 27.5973 90.5929
651 27.7684 90.5951
28 27.9701 90.5978
73 28.1769 90.6005
129 28.3997 90.6035
795 28.4769 90.6045
738 28.558 90.6056
20 28.628 90.6065
960 28.7059 90.6075
954 28.7793 90.6085
416 28.8723 90.6097
394 28.8723 90.6097
139 28.8723 90.6097
124 28.8803 89.4069
872 28.8814 89.2372
806 28.8823 89.1084
189 28.883 88.9903
593 28.8836 88.9038
150 28.8845 88.7712
548 28.8854 88.6306
469 28.8864 88.4864
428 28.8873 88.3515
431 28.8882 88.2157
424 28.8889 88.1136
885 28.8895 88.0145
409 28.8902 87.9157
757 28.8911 87.7826
271 28.8917 87.6839
753 28.8925 87.5753
712 28.8934 87.4376
696 28.8947 87.2345
167 28.8962 87.013
288 28.8974 86.8283
36 28.8986 86.6485
786 28.9 86.4364
76 28.9018 86.1755
454 28.9035 85.9086
550 28.905 85.6895
223 28.9063 85.4868
60 28.9077 85.2842
537 28.9091 85.0779
604 28.9103 84.8932
184 28.9114 84.7261
888 28.9114 84.7261
270 32.3964 85.838
239 35.6358 86.8716
662 35.7743 86.9158
181 35.9442 86.97
707 36.0751 87.0117
230 36.2024 87.0524
918 36.3239 87.0911
92 36.4572 87.1337
256 36.5897 87.1759
231 36.7285 87.2202
919 36.8614 87.2626
773 37.0031 87.3078
392 37.1702 87.3612
763 37.3418 87.4159
305 37.489 87.4629
536 37.6193 87.5045
82 37.6797 87.5237
2 37.7411 87.5433
530 37.8197 87.5684
649 37.8852 87.5893
807 37.9582 87.6126
437 38.0333 87.6365
248 38.1084 87.6605
539 38.1748 87.6817
561 38.2359 87.7012
292 38.2968 87.7206
614 38.3601 87.7408
252 38.4269 87.7621
309 38.7876 87.8772
877 39.1355 87.9882
562 39.4967 88.1035
564 39.827 88.2089
241 40.1249 88.3039
569 40.4363 88.4033
470 40.7393 88.5
72 41.0767 88.6076
22 41.4271 88.7194
375 41.7962 88.8372
146 42.0946 88.9324
638 42.4092 89.0328
141 42.8791 89.1827
280 45.9417 90.1598
861 45.9417 90.1598
389 45.9417 90.1598
294 45.9417 90.1598
179 45.9417 90.1598
659 45.9417 90.1598
319 45.9417 90.1598
12 45.9417 90.1598
126 46.0315 90.5032
313 46.1201 90.8423
624 46.2137 91.2003
320 46.3096 91.5673
516 46.4005 91.9149
343 46.4916 92.2635
156 46.5756 92.5851
584 46.6572 92.897
737 46.6485 92.9025
856 46.6391 92.9086
23 46.629 92.9151
344 46.6193 92.9214
961 46.6093 92.9278
882 46.6004 92.9336
746 46.5915 92.9393
851 46.5832 92.9447
511 46.5736 92.9509
367 46.5646 92.9566
165 46.5539 92.9635
532 46.5446 92.9695
814 46.5358 92.9752
206 46.5265 92.9811
947 46.5187 92.9862
952 46.5096 92.9921
193 46.4993 92.9987
449 46.488 93.006
448 46.4782 93.0123
408 46.4704 93.0173
541 46.461 93.0234
713 46.4514 93.0296
559 46.4414 93.036
766 46.4317 93.0423
874 46.4231 93.0478
105 46.4153 93.0529
618 46.4076 93.0578
62 46.3985 93.0637
896 46.3885 93.0701
5 46.3765 93.0778
53 46.3652 93.0851
974 46.3545 93.092
752 46.3449 93.0982
265 46.804 92.8685
434 48.1738 92.1832
866 49.5711 91.4842
911 51.1831 90.6779
40 52.6396 89.9493
317 54.0269 89.2552
774 54.9729 88.7819
817 55.9666 88.2847
980 56.0556 87.9518
185 56.1483 87.6045
477 56.2554 87.2037
259 56.3554 86.8294
992 56.4456 86.4915
177 56.5531 86.0893
816 56.6652 85.6696
984 56.7705 85.2752
118 56.8829 84.8546
754 57.003 84.405
940 57.1369 83.9035
369 57.2653 83.4227
395 57.3873 82.966
690 57.4945 82.5649
415 57.6239 82.0804
297 57.7657 81.5496
229 57.9001 81.0465
567 58.0232 80.5853
18 58.1784 80.0044
140 58.3148 79.4938
671 58.4842 78.8596
847 58.6468 78.2509
378 58.7858 77.7306
727 58.9492 77.1186
837 59.0857 76.6077
810 55.339 72.3308
986 55.339 72.3308
855 55.339 72.3308
800 55.339 72.3308
315 55.339 72.3308
931 55.339 72.3308
895 53.9431 72.7788
582 52.6101 73.2068
921 51.2798 73.6338
215 49.9583 74.058
642 49.9583 74.058
406 49.9583 74.058
880 49.9583 74.058
245 49.9583 74.058
563 49.9583 74.058
887 49.9583 74.058
782 49.5778 73.8618
826 49.1981 73.6659
636 48.8139 73.4678
802 48.4085 73.2588
968 47.995 73.0455
208 47.593 72.8382
350 47.1628 72.6164
171 46.7322 72.3943
857 46.3242 72.1839
112 45.9063 71.9684
9 45.4493 71.7328
359 43.4197 70.6874
459 43.4197 70.6874
410 43.4197 70.6874
291 43.4197 70.6874
596 43.4197 70.6874
840 43.4197 70.6874
715 43.4197 70.6874
558 43.4197 70.6874
683 43.4197 70.6874
576 43.4197 70.6874
540 43.4197 70.6875
894 43.4197 70.6875
21 43.4197 70.6875
225 43.4197 70.6875
144 43.4197 70.6875
689 43.4197 70.6875
755 44.3041 70.8024
432 45.2638 70.9272
769 46.3921 71.074
94 47.5386 71.2232
335 48.653 71.3683
617 48.7437 70.868
453 48.8304 70.3897
235 48.9156 69.9201
976 48.9991 69.4595
91 49.0864 68.9778
804 49.1831 68.4443
54 49.2696 67.9673
987 49.6679 67.629
163 49.9807 67.3633
109 50.3997 67.0074
513 50.7929 66.6734
798 51.2754 66.2636
484 51.71 65.8945
791 52.2437 65.4411
743 52.7405 65.0191
340 53.2672 64.5716
538 53.6619 64.2364
923 53.9638 63.98
625 54.2623 63.7264
605 54.5451 63.4862
468 54.8405 63.2353
676 55.142 62.9793
238 55.5565 62.6271
623 55.9403 62.3011
762 56.6154 62.849
595 57.2317 63.3491
286 57.6952 63.7252
632 58.2494 64.1749
216 58.7042 64.5439
161 59.2735 65.0059
668 59.9847 65.583
84 60.5978 66.0805
964 61.3409 66.6835
647 62.255 67.4253
110 63.3024 68.2753
744 64.0363 68.8708
51 64.5841 69.3154
290 65.0572 69.6993
68 65.4829 70.0447
173 65.9869 70.4537
867 66.5353 70.8987
201 67.0664 71.3297
383 67.4807 71.6658
393 67.4829 71.9298
818 67.4852 72.2105
478 67.4869 72.4208
515 67.4895 72.7466
654 67.4991 73.8974
579 67.5087 75.0549
83 67.5191 76.2981
622 67.5292 77.5119
832 67.5334 78.0401
460 67.538 78.5962
509 67.5428 79.1845
775 67.5481 79.8335
481 67.5534 80.4732
801 67.5587 81.1165
864 67.5639 81.7482
937 67.5688 82.3486
575 67.5738 82.9627
904 67.5786 83.5568
202 67.5923 85.1874
465 68.3979 85.5523
71 69.1587 85.8969
620 69.8626 86.2156
42 70.3118 86.4191
823 70.7893 86.6353
145 71.2659 86.8512
813 71.7572 87.0737
52 72.2091 87.2783
845 72.6912 87.4966
544 73.1933 87.724
285 73.7193 87.9622
580 74.2722 88.2127
135 74.5714 88.3482
893 74.5714 88.3482
318 74.5714 88.3482
820 74.5714 88.3482
854 74.5714 88.3482
149 74.5714 88.3482
464 74.5714 88.3482
742 74.6403 88.3483
158 74.6996 88.3485
159 74.7628 88.3486
666 74.8175 88.3487
273 74.8709 88.3488
353 75.9146 88.3512
494 77.1009 88.3539
983 78.2755 88.3565
251 78.4496 88.3569
473 78.8321 88.3578
322 79.1697 88.3585
725 79.4754 88.3592
740 79.7801 88.3599
889 80.1193 88.3607
648 80.3383 88.3612
417 80.5719 88.3617
928 80.8769 88.3624
450 85.245 82.2067
685 85.4741 81.8838
311 85.7141 81.5456
25 85.9244 81.2494
372 86.1425 80.9421
975 83.8514 73.4907
528 82.7865 70.0305
387 81.6158 66.2262
962 81.6158 66.2262
900 82.6392 65.3907
951 85.9334 62.7013
332 86.1367 62.9033
385 86.3042 63.0698
242 86.4516 63.2162
198 86.6269 63.3904
506 86.8424 63.6046
204 87.0667 63.8274
684 87.2043 63.9642
977 87.3576 64.1165
660 87.538 64.2958
107 86.7446 60.6115
884 86.2386 58.2612
497 85.8427 56.4222
170 85.0155 52.5812
520 83.5905 45.9665
590 83.3653 44.9207
33 83.3653 44.9207
745 82.4397 45.5981
136 81.6712 46.1606
838 80.9034 46.7225
920 80.1988 47.2381
967 79.5395 47.7207
835 78.9642 48.1417
926 77.7187 49.0532
334 77.1359 49.4798
932 76.7453 49.7656
553 76.3354 50.0656
592 75.9644 50.3372
232 75.5433 50.6454
195 75.1234 50.9527
323 74.6475 51.3009
767 73.6457 52.0341
850 72.9451 52.5468
143 72.2579 53.0498
117 71.5574 53.5625
644 70.9467 54.0094
293 70.3754 54.4275
190 70.1063 54.6245
650 69.8388 54.8202
583 69.6044 54.9918
152 69.3349 55.1891
656 69.0458 55.1709
420 68.7615 55.1531
425 68.4827 55.1356
852 68.1865 55.1171
67 66.6391 55.02
942 65.484 54.9476
485 64.2735 54.8717
102 63.1498 54.8013
282 61.7218 54.7118
188 61.4677 54.6958
793 61.2325 54.6811
519 61.0268 54.6682
842 60.8486 54.657
941 60.6562 54.645
440 59.707 54.5855
70 58.6264 54.5177
262 57.2091 54.4289
907 56.0544 54.3565
396 54.4341 54.2549
85 52.5109 54.1344
577 50.1999 53.9895
30 47.3412 53.8103
472 47.6645 53.2978
512 47.9493 52.8464
180 48.2243 52.4104
35 48.523 51.9369
870 48.8639 51.3965
197 49.1298 50.975
66 49.2141 50.8414
862 49.2838 50.7309
356 49.8487 50.3314
945 50.5507 49.8349
875 51.3035 49.3025
342 51.9414 48.8513
155 52.6874 48.3237
594 53.838 47.5099
930 54.7506 46.8644
675 55.5338 46.3104
844 56.0688 45.9321
843 56.6478 45.5226
978 57.4514 44.9543
314 58.2477 44.3911
606 58.9028 43.9278
358 59.4988 43.5063
217 60.0382 43.1248
357 60.6327 42.7043
45 61.217 42.2911
27 61.73 41.9283
63 62.2236 41.5793
466 63.6467 40.5726
29 64.5305 39.9476
821 65.0804 39.5587
609 65.6261 39.1728
670 66.0615 38.8649
634 66.4696 38.5763
355 66.9612 38.2286
377 68.1812 37.3658
274 74.934 32.5879
98 82.6987 27.0934
