0,260,979,243,345,627,483,98,835,33,520,590,553,143,842,951,425,932,274,466,926,670,323,117,583,195,190,70,745,29,609,592,232,110,136,838,767,387,967,941,920,383,152,884,420,850,977,656,332,385,852,506,497,660,204,334,198,170,242,684,107,685,473,159,818,311,450,372,889,648,740,528,25,928,135,725,494,893,983,322,820,580,984,177,622,864,353,567,854,464,620,149,251,742,158,845,42,145,544,823,318,285,813,817,465,666,801,40,378,516,856,896,52,23,584,992,477,737,511,415,305,754,816,395,335,690,185,202,947,12,273,659,911,389,882,344,165,156,434,887,851,536,961,624,118,618,774,367,181,245,5,980,874,559,72,952,541,713,313,394,532,738,766,569,105,539,206,62,866,408,140,746,126,248,146,763,343,392,265,613,22,814,53,320,239,437,139,449,375,548,223,773,806,172,918,974,611,309,230,707,470,231,808,877,448,20,960,129,631,141,638,795,150,416,752,92,120,672,96,271,241,919,651,696,430,610,41,44,521,462,768,593,288,15,871,491,409,306,776,183,753,761,833,256,441,227,115,442,550,13,58,886,36,73,786,28,859,885,88,933,17,333,386,456,714,364,973,304,446,803,628,578,424,827,203,719,495,436,444,153,169,108,916,31,693,39,750,50,982,718,236,138,380,568,585,301,75,615,300,426,401,792,200,953,546,988,712,405,435,106,213,969,199,868,447,914,905,325,860,95,695,247,48,399,892,699,711,368,178,457,469,780,547,637,678,554,316,570,1,263,427,557,431,360,90,736,944,784,503,665,879,517,277,207,680,796,686,948,224,830,890,991,759,657,433,219,728,298,639,607,799,966,667,694,192,429,400,119,739,240,338,97,717,482,131,601,14,955,346,398,939,77,376,255,734,479,789,327,411,184,970,81,374,487,361,815,220,608,658,443,888,93,560,537,321,556,244,76,162,500,924,326,552,454,60,697,502,167,726,551,950,604,490,757,428,249,591,526,730,339,946,168,275,825,872,571,600,954,270,350,976,540,215,689,2,253,296,418,16,99,965,124,359,724,662,308,981,21,390,922,137,733,349,574,846,957,903,59,404,501,971,365,603,599,175,788,56,645,459,510,30,688,79,545,640,171,804,267,507,493,382,596,878,498,576,621,533,683,779,826,104,144,894,636,940,252,225,807,986,235,163,968,895,453,715,406,193,671,134,82,561,189,292,564,642,179,861,523,649,80,563,226,562,294,614,910,840,317,800,802,987,484,605,513,857,769,782,530,319,755,259,921,880,632,94,315,654,867,340,931,937,18,297,369,432,417,837,775,290,83,847,832,460,173,575,280,481,71,727,744,393,201,975,515,962,900,51,904,579,907,229,509,109,468,67,293,762,112,595,650,68,9,855,91,582,617,161,35,942,208,625,519,282,577,964,810,84,623,647,188,791,538,440,668,216,798,743,644,396,238,978,478,262,485,286,85,472,102,314,606,217,357,63,843,848,935,597,989,512,342,906,69,945,917,452,634,66,870,930,862,492,793,566,186,875,480,19,356,790,197,692,716,276,155,101,269,811,397,7,151,302,438,748,194,291,558,281,676,923,765,891,912,237,180,210,54,732,839,809,461,264,778,410,706,756,522,471,147,876,508,89,49,127,619,783,413,633,929,370,705,587,901,927,132,772,630,34,130,897,735,729,720,635,329,701,266,113,3,703,531,303,445,972,272,524,196,166,114,677,589,764,747,381,122,214,463,174,489,57,708,505,100,222,451,218,371,925,347,47,760,805,157,234,527,849,565,279,422,863,352,154,341,841,312,373,909,116,749,330,652,128,990,770,228,496,10,958,731,46,771,403,123,32,723,525,698,758,913,663,936,336,858,182,534,700,65,476,142,938,908,949,283,212,616,423,956,78,542,37,125,414,664,543,391,11,324,233,691,475,679,535,148,529,278,388,797,687,38,985,87,612,499,328,86,384,794,514,710,4,474,673,268,331,74,898,258,299,588,682,629,881,348,61,646,187,412,661,455,963,366,572,133,722,402,362,8,812,741,211,488,674,702,307,284,787,655,254,602,439,836,121,943,902,205,899,829,354,641,643,221,824,915,26,869,709,160,486,549,363,246,573,834,351,337,64,626,407,822,883,669,287,518,111,261,704,419,310,289,653,379,250,458,421,934,467,191,853,355,257,785,586,55,828,6,681,164,873,865,844,555,377,594,675,45,27,209,43,751,358,781,831,959,581,598,819,821,103,721,24,176,295,504,777,
value : 479.143 running time : 115.946306
0 80 20
260 85.9245 17.6307
979 85.9781 17.6093
243 86.0314 17.588
345 86.0849 17.5666
627 86.1405 17.5443
483 86.1947 17.5227
98 83.1392 26.6627
835 81.5764 31.3365
33 80.9669 33.159
520 80.3006 35.1513
590 79.5721 37.3296
553 77.3482 43.9811
143 76.6428 46.09
842 76.2417 47.2893
951 76.173 47.4945
425 76.1007 47.7106
932 76.0296 47.9232
274 75.9614 48.1269
466 75.8833 48.3602
926 75.7996 48.6104
670 75.723 48.8394
323 75.6441 49.0752
117 75.5509 49.3539
583 75.6839 49.6041
195 75.8119 49.8447
190 75.9372 50.0802
70 76.0548 50.3013
745 76.2028 50.5796
29 76.4082 50.9658
609 76.6325 51.3875
592 76.903 51.8963
232 77.1933 52.4421
110 78.6393 55.1633
136 78.6393 55.1633
838 78.6393 55.1633
767 78.6393 55.1633
387 79.0265 55.6353
967 79.4075 56.0997
941 79.81 56.5903
920 80.2623 57.1417
383 80.7841 57.7778
152 81.2114 58.2987
884 81.2796 58.3818
420 81.3455 58.4621
850 81.5558 58.7184
977 81.843 59.0686
656 82.1139 59.3987
332 83.161 60.6751
385 83.6258 61.2416
852 84.0116 61.7118
506 84.4718 62.2728
497 84.948 62.8533
660 85.532 65.6741
204 85.532 65.6741
334 85.532 65.6741
198 85.532 65.6741
170 85.532 65.6741
242 85.532 65.6741
684 85.532 65.6741
107 85.532 65.6741
685 86.2814 77.8467
473 86.3228 78.5185
159 86.3391 78.7819
818 86.3512 78.9778
311 86.3659 79.2158
450 86.3812 79.4636
372 86.3984 79.7435
889 85.5281 81.0595
648 85.1279 81.6648
740 84.7536 82.2309
528 84.3864 82.7862
25 83.8083 83.6605
928 80.6017 88.5088
135 80.0123 88.5189
725 79.5683 88.5266
494 79.1241 88.5343
893 78.7065 88.5415
983 78.2907 88.5487
322 77.428 88.5636
820 76.0302 88.5878
580 74.1495 88.6203
984 72.1434 88.6551
177 71.6574 88.6635
622 71.3012 88.6696
864 70.9652 88.6754
353 70.5919 88.6819
567 70.2019 88.6886
854 69.8755 88.6943
464 69.5163 88.7005
620 69.1916 88.7061
149 68.8823 88.7114
251 68.5704 88.7168
742 68.2583 88.7222
158 67.8832 88.7287
845 67.4937 88.7355
42 67.1078 88.7421
145 66.7437 88.7484
544 66.378 88.7548
823 66.0042 88.7612
318 65.6292 88.7677
285 65.2177 88.7748
813 64.7824 88.7823
817 64.2691 88.7912
465 63.7694 88.7999
666 63.2104 88.8095
801 62.1406 88.8281
40 61.173 88.8448
378 60.457 88.8572
516 59.6701 88.8708
856 59.2548 88.878
896 58.8455 88.8851
52 58.4843 88.8913
23 57.8439 88.9024
584 57.5897 88.9068
992 57.3383 88.9111
477 57.0642 88.9159
737 56.759 88.9212
511 56.4461 88.9266
415 56.2001 88.9308
305 55.955 88.9351
754 55.7557 88.9385
816 55.5572 88.9419
395 55.3493 88.9455
335 55.1049 88.9498
690 54.8681 88.9539
185 54.6333 88.9579
202 54.3652 88.9626
947 54.0887 88.9673
12 53.8319 88.9718
273 53.5728 88.9763
659 53.0705 88.9849
911 52.7 88.9914
389 52.1772 89.0004
882 51.9038 89.0051
344 51.6205 89.01
165 51.2772 89.016
156 50.984 89.021
434 50.7064 89.0258
887 50.4113 89.0309
851 50.0825 89.0366
536 49.7404 89.0425
961 49.4121 89.0482
624 49.0994 89.0536
118 48.7605 89.0595
618 48.3681 89.0663
774 47.9499 89.0735
367 47.5102 89.0811
181 46.979 89.0903
245 46.7954 89.0935
5 46.5942 89.097
980 46.4055 89.1002
874 46.176 89.1042
559 45.97 89.1077
72 45.7686 89.1112
952 45.6137 89.1139
541 45.4344 89.117
713 45.2477 89.1202
313 45.0646 89.1234
394 44.8402 89.1273
532 44.6429 89.1307
738 44.4167 89.1346
766 44.2343 89.1377
569 44.0588 89.1408
105 43.8954 89.1436
539 43.7197 89.1466
206 43.546 89.1496
62 43.3798 89.1525
866 43.1872 89.1558
408 43.0069 89.159
140 42.8189 89.1622
746 42.5803 89.1663
126 42.3372 89.1705
248 42.0189 89.176
146 41.6541 89.1823
763 41.3348 89.1879
343 40.9996 89.1937
392 40.6332 89.2
265 40.3028 89.2057
613 40.0035 89.2109
22 39.732 89.2156
814 39.4751 89.22
53 39.1864 89.225
320 38.9089 89.2298
239 38.559 89.2359
437 38.1636 89.2427
139 37.771 89.2495
449 37.4192 89.2556
375 37.0476 89.262
548 36.404 89.2731
223 35.7646 89.2842
773 35.2915 89.2924
806 34.8572 89.2999
172 34.4479 89.307
918 34.0084 89.3146
974 33.6046 89.3216
611 33.0689 89.3308
309 32.9318 89.3332
230 32.7799 89.3358
707 32.6243 89.3385
470 32.4665 89.3412
231 32.3086 89.344
808 32.1504 89.3467
877 31.998 89.3493
448 31.8358 89.3521
20 31.6578 89.3552
960 31.4981 89.358
129 31.3431 89.3606
631 31.1592 89.3638
141 31.0015 89.3665
638 30.8402 89.3693
795 30.6769 89.3722
150 30.5134 89.375
416 30.3573 89.3777
752 30.1662 89.381
92 29.9286 89.3851
120 29.6872 89.3893
672 29.4517 89.3933
96 29.215 89.3974
271 28.982 89.4015
241 28.7403 89.4056
919 28.4009 89.4115
651 28.0201 89.4181
696 27.6892 89.4238
430 27.3709 89.4293
610 27.0727 89.4345
41 26.7756 89.4396
44 26.474 89.4448
521 26.1819 89.4499
462 25.9067 89.4547
768 25.7121 89.458
593 25.5179 89.4614
288 25.331 89.4646
15 25.1414 89.4679
871 24.9905 89.4705
491 24.8439 89.473
409 24.7017 89.4755
306 24.5543 89.478
776 24.4001 89.4807
183 24.2665 89.483
753 24.1332 89.4853
761 24.0062 89.4875
833 23.8753 89.4898
256 23.7494 89.4919
441 23.5713 89.495
227 23.3998 89.498
115 23.2464 89.5006
442 23.1005 89.5031
550 22.97 89.5054
13 22.8267 89.5079
58 22.6961 89.5101
886 22.5649 89.5124
36 22.4385 89.5146
73 22.3108 89.5168
786 22.1757 89.5191
28 22.0305 89.5216
859 21.8824 89.5242
885 21.7317 89.5268
88 21.5774 89.5295
933 21.4284 89.532
17 21.2851 89.5345
333 21.1499 89.5369
386 20.2206 89.5529
456 19.5438 89.5646
714 18.7801 89.5778
364 17.6321 89.5977
973 17.3378 89.6028
304 17.0437 89.6079
446 16.768 89.6126
803 16.5081 89.6171
628 16.3128 89.6205
578 16.1546 89.6232
424 15.3719 89.6368
827 14.1891 89.6572
203 13.8568 89.663
719 13.6338 89.6668
495 13.4422 89.6701
436 13.2321 89.6738
444 13.0319 89.6772
153 12.8451 89.6805
169 12.6671 89.6835
108 12.5059 89.6863
916 12.3532 89.689
31 12.1823 89.6919
693 12.0128 89.6949
39 11.8498 89.6977
750 11.709 89.7001
50 11.5686 89.7025
982 11.3968 89.7055
718 11.2288 89.7084
236 11.0719 89.7111
138 10.9111 89.7139
380 10.7469 89.7167
568 10.5927 89.7194
585 10.4325 89.7222
301 10.2906 89.7246
75 10.1458 89.7271
615 10.1458 89.7271
300 10.1458 89.7271
426 10.1458 89.7271
401 10.1457 89.7271
792 10.1457 89.7271
200 10.1457 89.7271
953 10.1457 89.7271
546 10.1457 89.7271
988 10.1457 89.7271
712 10.1473 89.7049
405 10.1487 89.6844
435 10.1502 89.6637
106 10.1517 89.6418
213 10.1533 89.6203
969 10.1698 89.3853
199 10.1861 89.1535
868 10.2025 88.919
447 10.2213 88.6526
914 10.2404 88.3806
905 10.2604 88.0959
325 10.2789 87.8322
860 10.2969 87.5766
95 10.3064 87.4413
695 10.3162 87.302
247 10.3262 87.1592
48 10.3368 87.0097
399 10.3467 86.8686
892 10.3566 86.7278
699 10.366 86.5942
711 10.3754 86.46
368 10.3863 86.3043
178 10.4173 85.864
457 10.4465 85.4478
469 10.4704 85.1083
780 10.4931 84.7858
547 10.5137 84.4918
637 10.5364 84.1696
678 10.5602 83.8306
554 10.6016 83.2419
316 10.6356 82.7581
570 10.6716 82.2452
1 10.7059 81.7584
263 10.7487 81.149
427 10.8209 80.1215
557 10.8437 79.7975
431 10.8751 79.3499
360 10.9056 78.9164
90 10.9375 78.4631
736 10.9746 77.9346
944 11.0532 76.8171
784 11.2189 74.4585
503 11.2229 74.4023
665 11.2269 74.345
879 11.2309 74.2886
517 11.2347 74.2341
277 11.2384 74.1812
207 11.242 74.1297
680 11.2458 74.0768
796 11.2493 74.026
686 11.2531 73.9719
948 11.2569 73.919
224 11.2604 73.8687
830 11.2639 73.8184
890 11.2678 73.7639
991 11.2717 73.7077
759 11.2756 73.6526
657 11.2813 73.5716
433 11.2868 73.4936
219 11.2926 73.4103
728 11.2978 73.3359
298 11.3034 73.2565
639 11.3091 73.1758
607 11.3149 73.093
799 11.3207 73.0108
966 11.3261 72.9342
667 11.3301 72.8768
694 11.3342 72.8188
192 11.3383 72.7602
429 11.3421 72.7062
400 11.3461 72.6493
119 11.3503 72.59
739 11.3543 72.5322
240 11.358 72.4798
338 11.3626 72.4153
97 11.3669 72.353
717 11.3713 72.2909
482 11.3755 72.2308
131 11.3797 72.1707
601 11.3837 72.1148
14 11.235 72.0521
955 11.1065 71.9978
346 10.97 71.9402
398 10.8313 71.8817
939 10.6757 71.816
77 10.9492 72.1018
376 11.2787 72.446
255 11.6442 72.8279
734 12.0976 73.3015
479 13.1311 74.3808
789 14.1316 75.4257
327 14.6399 75.9567
411 14.64 75.9568
184 14.64 75.9568
970 14.64 75.9568
81 14.64 75.9568
374 14.64 75.9568
487 14.64 75.9568
361 14.6401 75.9569
815 14.6401 75.9569
220 15.004 75.9453
608 15.3349 75.9348
658 15.6432 75.9249
443 15.9226 75.916
888 16.1918 75.9075
93 16.4264 75.9
560 16.687 75.8917
537 16.96 75.883
321 17.1809 75.876
556 17.435 75.8679
244 19.3352 75.8073
76 21.4903 75.7386
162 21.6597 75.7332
500 21.8559 75.727
924 22.07 75.7202
326 22.2813 75.7135
552 22.503 75.7064
454 22.7308 75.6991
60 22.9372 75.6926
697 23.1252 75.6866
502 23.3102 75.6807
167 23.5428 75.6733
726 23.7494 75.6667
551 23.9646 75.6599
950 24.2411 75.6511
604 24.5238 75.6421
490 24.7847 75.6338
757 25.0486 75.6254
428 25.3166 75.6168
249 25.3166 75.6168
591 25.5825 75.5923
526 25.8339 75.569
730 26.0917 75.5452
339 26.3429 75.522
946 26.6102 75.4974
168 26.8858 75.4719
275 27.1843 75.4443
825 27.5007 75.4151
872 27.9451 75.374
571 28.3768 75.3341
600 28.8057 75.2944
954 29.2622 75.2522
270 29.7155 75.2103
350 30.1429 75.1708
976 30.2491 75.161
540 30.3475 75.1519
215 30.4371 75.1437
689 30.4371 75.1437
2 30.4371 75.1437
253 30.4371 75.1437
296 30.4371 75.1437
418 30.4371 75.1437
16 30.5536 74.1563
99 30.6789 73.0948
965 30.8084 71.9972
124 30.932 70.9508
359 31.0689 69.7907
724 31.2037 68.6489
662 31.3527 67.3866
308 31.5525 65.6927
981 31.7591 63.9411
21 31.7732 63.9272
390 31.7873 63.9133
922 31.8014 63.8994
137 31.8152 63.8858
733 31.829 63.8721
349 31.8429 63.8585
574 31.8569 63.8447
846 31.8711 63.8307
957 31.8855 63.8165
903 31.8998 63.8024
59 31.9142 63.7882
404 31.9286 63.774
501 31.9429 63.7599
971 31.9574 63.7456
365 31.972 63.7312
603 31.9866 63.7168
599 32.0006 63.703
175 32.0148 63.689
788 32.0288 63.6751
56 32.043 63.6612
645 32.057 63.6473
459 32.0711 63.6334
510 32.0851 63.6197
30 32.099 63.6059
688 32.1129 63.5923
79 32.4191 63.6684
545 32.7561 63.7522
640 33.1726 63.8558
171 33.6126 63.9653
804 34.0217 64.067
267 34.3935 64.1594
507 34.7844 64.2566
493 35.4718 64.4276
382 36.1898 64.6062
596 37.8107 65.0096
878 39.5209 65.4353
498 41.5565 65.9421
576 41.8322 66.3922
621 42.1208 66.8633
533 42.4779 67.4462
683 42.9104 68.1519
779 43.36 68.8856
826 43.8152 69.6287
104 44.0403 69.9962
144 44.3552 70.5101
894 44.6652 71.0162
636 44.9741 71.5203
940 45.1269 71.7699
252 45.2311 71.94
225 45.3391 72.1164
807 45.4506 72.2985
986 45.5539 72.4672
235 45.6572 72.6359
163 45.7632 72.8091
968 45.8734 72.9891
895 45.988 73.1762
453 46.0968 73.3538
715 46.209 73.5372
406 46.3323 73.7385
193 46.4318 73.901
671 46.5271 74.0566
134 46.5271 74.0566
82 46.5271 74.0566
561 46.5271 74.0566
189 46.5271 74.0566
292 46.596 74.0623
564 46.7066 74.0714
642 46.8159 74.0804
179 46.9225 74.0892
861 47.0217 74.0973
523 47.1145 74.105
649 47.2082 74.1127
80 47.3197 74.1218
563 47.4347 74.1313
226 47.5438 74.1403
562 47.6822 74.1517
294 47.819 74.1629
614 47.9571 74.1743
910 48.114 74.1872
840 48.2942 74.202
317 52.6366 74.5576
800 52.7215 74.5646
802 52.804 74.5714
987 52.8904 74.5785
484 52.9704 74.5851
605 53.0593 74.5924
513 53.1415 74.5991
857 53.2287 74.6063
769 53.3158 74.6135
782 53.4006 74.6204
530 53.4839 74.6273
319 53.577 74.635
755 54.1077 74.6786
259 54.827 74.7376
921 55.4827 74.7915
880 56.1965 74.8501
632 56.9562 74.9125
94 57.7963 74.9814
315 58.7301 75.0581
654 59.6847 75.1364
867 60.4699 75.2009
340 61.0127 75.2455
931 61.5518 75.2898
937 62.0797 75.3331
18 62.4995 75.3676
297 62.9178 75.402
369 63.3182 75.4349
432 63.7785 75.4727
417 64.3238 75.5175
837 64.3238 75.5175
775 64.3238 75.5175
290 64.3238 75.5175
83 64.3238 75.5175
847 64.3238 75.5175
832 64.3238 75.5175
460 64.3238 75.5175
173 64.3238 75.5175
575 64.3238 75.5175
280 64.3238 75.5175
481 64.4525 74.7068
71 64.5977 73.793
727 64.7595 72.7747
744 64.9184 71.775
393 65.09 70.695
201 65.249 69.6942
975 65.169 69.6496
515 65.0816 69.6009
962 65.0064 69.559
900 64.9285 69.5156
51 64.8459 69.4695
904 64.7618 69.4226
579 64.6796 69.3767
907 64.5856 69.3244
229 64.5008 69.277
509 64.0871 68.948
109 63.6718 68.6176
468 63.3294 68.3453
67 63.0441 68.1184
293 62.7561 67.8893
762 62.5115 67.6948
112 62.2757 67.5072
595 62.0494 67.3273
650 61.8205 67.1452
68 61.5828 66.9562
9 61.3385 66.7619
855 61.0923 66.566
91 60.9856 66.4812
582 60.8268 66.0165
617 60.5463 65.1962
161 60.2808 64.4194
35 60.0626 63.7814
942 59.8737 63.2287
208 59.7108 62.7522
625 59.5133 62.1746
519 59.3222 61.6154
282 59.2114 61.2913
577 59.0974 60.9581
964 58.992 60.6498
810 58.8814 60.3262
84 58.7705 60.0017
623 58.6519 59.655
647 58.5627 59.3941
188 58.4631 59.1027
791 58.3725 58.8375
538 58.2799 58.5668
440 58.1884 58.2993
668 58.0844 57.995
216 57.9482 57.5965
798 57.8017 57.168
743 57.6561 56.7423
644 57.4713 56.2015
396 57.3761 55.9233
238 57.2839 55.6536
978 57.1513 55.2657
478 57.1014 55.1196
262 57.0366 54.9301
485 56.9777 54.7578
286 56.9161 54.5775
85 56.852 54.3902
472 56.7871 54.2003
102 56.7464 54.0812
314 54.9659 48.8742
606 54.5492 48.7219
217 53.9718 48.5109
357 53.3795 48.2944
63 52.5357 47.9859
843 51.699 47.6801
848 50.8923 47.3852
935 50.131 47.1069
597 50.131 47.1069
989 50.131 47.1069
512 50.131 47.1069
342 50.131 47.1069
906 50.131 47.1069
69 50.131 47.1069
945 50.131 47.1069
917 50.131 47.1069
452 50.131 47.1069
634 50.131 47.1069
66 49.9261 47.1179
870 49.7199 47.1289
930 49.512 47.1401
862 49.2882 47.1521
492 49.0854 47.163
793 48.882 47.1739
566 48.6628 47.1857
186 48.4622 47.1965
875 48.2596 47.2074
480 48.0532 47.2184
19 48.0532 47.2185
356 46.9813 47.3119
790 45.9593 47.4011
197 45.0635 47.4791
692 44.1157 47.5618
716 43.2672 47.6357
276 42.2915 47.7208
155 41.2618 47.8105
101 40.2082 47.9024
269 38.5271 48.0493
811 36.9736 48.1849
397 36.9736 48.1849
7 36.9736 48.1849
151 36.9736 48.1849
302 36.9736 48.1849
438 36.9736 48.1849
748 37.0651 49.3589
194 37.2148 51.2816
291 37.4403 54.1782
558 37.4948 54.8778
281 37.4591 54.8725
676 37.4236 54.8672
923 37.3734 54.8598
765 37.3141 54.8511
891 37.2543 54.8422
912 37.1993 54.8341
237 37.1442 54.826
180 37.0897 54.8179
210 37.0363 54.81
54 36.9827 54.8021
732 36.9273 54.7939
839 36.8688 54.7853
809 36.8136 54.7771
461 36.7582 54.7689
264 36.7029 54.7608
778 36.6429 54.7519
410 36.588 54.7438
706 35.8579 54.636
756 35.6532 54.7341
522 35.4736 54.8201
471 35.2786 54.9136
147 35.0792 55.0091
876 34.8823 55.1035
508 34.6787 55.201
89 34.4756 55.2983
49 34.2801 55.392
127 34.0785 55.4886
619 33.8682 55.5894
783 33.649 55.6944
413 32.7302 56.1346
633 31.7426 56.6076
929 31.0082 56.9595
370 30.2286 57.333
705 28.6736 58.0778
587 27.3865 58.6943
901 26.3895 59.1719
927 25.418 59.6373
132 24.704 59.9793
772 24.1189 60.2596
630 23.6067 60.505
34 23.3478 60.6291
130 23.0807 60.7571
897 22.8408 60.872
735 22.6035 60.9857
729 22.3589 61.1029
720 22.1066 61.2238
635 21.8447 61.3493
329 21.8071 61.3673
701 21.7686 61.3858
266 21.7331 61.4028
113 17.6912 61.3921
3 15.4846 61.3862
703 13.7663 61.3816
531 12.2139 61.3774
303 11.2108 61.3746
445 10.3083 61.3722
972 10.2986 61.3721
272 10.288 61.3721
524 10.2776 61.3721
196 10.2671 61.372
166 10.2562 61.372
114 10.2459 61.372
677 10.2355 61.372
589 10.2249 61.3719
764 10.2143 61.3719
747 10.2028 61.3719
381 10.1914 61.3718
122 10.3665 60.1876
214 10.4377 59.7063
463 10.505 59.2514
174 10.5325 59.0655
489 10.5526 58.9295
57 10.5714 58.8029
708 10.5892 58.6822
505 10.6079 58.5561
100 10.6256 58.4366
222 10.6431 58.318
451 10.6578 58.2189
218 10.6725 58.1189
371 10.687 58.0215
925 10.7501 57.5948
347 10.8125 57.173
47 10.9093 56.5184
760 10.9928 55.9536
805 11.0884 55.3074
157 11.1759 54.7159
234 11.2165 54.4412
527 11.278 54.0254
849 11.3393 53.6114
565 11.4065 53.1573
279 11.4793 52.6647
422 11.5519 52.1744
863 11.6354 51.6099
352 11.6722 51.3606
154 11.7104 51.1024
341 11.747 50.8549
841 11.7835 50.6082
312 11.8199 50.3622
373 11.8522 50.1439
909 11.8851 49.9219
116 11.9179 49.6997
749 12.0232 48.988
330 12.1311 48.2587
652 12.325 48.1912
128 12.5134 48.1257
990 12.7685 48.0369
770 13.0066 47.954
228 13.2498 47.8694
496 13.4868 47.7869
10 13.7064 47.7105
958 13.9177 47.637
731 14.1893 47.5425
46 14.474 47.4434
771 14.8627 47.3082
403 15.2267 47.1815
123 15.5392 47.0728
32 15.8926 46.9498
723 16.1991 46.8432
525 16.4735 46.7477
698 16.6699 46.6794
758 16.8774 46.6072
913 17.0931 46.5321
663 17.1429 46.5148
936 17.1929 46.4974
336 17.2482 46.4781
858 17.3044 46.4586
182 17.3583 46.4398
534 17.4128 46.4209
700 17.4696 46.4011
65 17.5279 46.3808
476 17.5786 46.3632
142 17.6298 46.3454
938 17.6805 46.3277
908 17.731 46.3101
949 17.7785 46.2936
283 17.8248 46.2775
212 17.876 46.2597
616 17.9327 46.24
423 17.9902 46.22
956 18.0476 46.2
78 18.104 46.1804
542 18.1584 46.1614
37 18.2197 46.1401
125 18.2766 46.1203
414 18.3356 46.0998
664 18.3356 46.0998
543 18.3356 46.0998
391 18.3356 46.0998
11 18.3356 46.0998
324 18.3356 46.0998
233 18.3356 46.0998
691 18.4386 45.7267
475 19.1417 43.1781
679 19.8814 40.4967
535 20.0917 39.7345
148 20.3335 38.8581
529 20.6257 37.7987
278 20.7513 37.3437
388 20.7387 37.3403
797 20.7258 37.3368
687 20.7138 37.3335
38 20.5503 37.2889
985 17.8093 36.5412
87 15.9309 36.0288
612 14.325 35.5908
499 9.94172 34.3949
328 9.96 34.0332
86 10.0016 33.2101
384 10.0407 32.4356
794 10.0918 31.424
514 10.1365 30.5379
710 10.1818 29.6409
4 10.2246 28.7934
474 10.2667 27.9593
673 10.2989 27.3226
268 10.3296 26.7153
331 10.3608 26.0985
74 10.3904 25.5129
898 10.4209 24.9085
258 10.4727 23.8827
299 10.5263 22.821
588 10.5851 21.6565
682 10.6347 20.6732
629 10.6784 19.8086
881 10.6968 19.4451
348 10.7041 19.3007
61 10.7114 19.155
646 10.7188 19.0093
187 10.7259 18.8687
412 10.733 18.7285
661 10.74 18.5913
455 10.7474 18.4453
963 10.7551 18.2928
366 10.7631 18.133
572 10.7705 17.987
133 10.7788 17.8228
722 10.8105 17.1956
402 10.8272 16.8671
362 10.8457 16.5001
8 10.8645 16.1286
812 10.8654 16.1098
741 10.8655 16.1098
211 10.8655 16.1099
488 10.8655 16.1099
674 12.9077 18.2842
702 17.2859 22.9458
307 20.0191 25.8557
284 21.2665 27.1838
787 22.6056 28.6094
655 23.555 29.6202
254 24.0453 29.2148
602 24.3002 29.0039
439 24.5577 28.791
836 24.7849 28.6032
121 25.0376 28.3942
943 25.3028 28.1749
902 25.591 27.9366
205 25.8592 27.7148
899 26.1657 27.4613
829 26.4712 27.2087
354 26.8215 26.919
641 27.173 26.6283
643 27.5791 26.2925
221 27.9403 25.9939
824 28.3215 25.6786
915 28.7075 25.3594
26 29.1217 25.0169
869 29.3421 24.8346
709 29.6002 24.6212
160 29.8526 24.4125
486 30.0901 24.2161
549 30.3819 23.9748
363 31.5761 22.9873
246 32.0776 22.5726
573 32.6022 22.1388
834 33.0296 21.7854
351 33.5062 21.3913
337 33.8299 21.1236
64 34.1333 20.8727
626 34.46 20.6026
407 34.8071 20.3155
822 35.086 20.0849
883 35.3863 19.8366
669 35.6909 19.5846
287 37.923 18.4768
518 39.8674 17.5117
111 40.5762 18.3628
261 41.2946 19.2255
704 41.9754 20.0432
419 42.8035 21.0375
310 43.4955 21.8686
289 44.3003 22.835
653 45.0497 23.735
379 45.8893 24.7433
250 47.0236 26.1052
458 48.0451 27.3317
421 48.0451 27.3317
934 48.0451 27.3317
467 48.0451 27.3317
191 48.0451 27.3317
853 48.2472 27.3857
355 49.0087 27.5893
257 49.3315 27.6756
785 49.8044 27.8021
586 50.2443 27.9197
55 50.961 28.1113
828 51.6014 28.2825
6 52.0953 28.4146
681 52.5217 28.5286
164 52.9309 28.638
873 53.3684 28.755
865 53.823 28.8765
844 54.3085 29.0064
555 55.5754 29.3451
377 57.1166 29.7572
594 58.3804 30.0951
675 58.5727 30.1465
45 58.5837 30.1277
27 58.5946 30.1091
209 58.6053 30.0909
43 58.6156 30.0735
751 59.0471 29.3389
358 59.5153 28.5419
781 60.1255 27.5033
831 60.7881 26.3755
959 61.4626 25.2274
581 62.1207 24.1072
598 62.7045 23.1134
819 63.2578 22.1716
821 63.8198 21.215
103 67.288 15.3156
721 67.9602 15.5634
24 68.6026 15.8003
176 69.237 16.0342
295 69.9451 16.2952
504 70.6991 16.5732
777 71.4788 16.8606
