0,260,627,345,243,979,483,98,520,590,33,920,553,670,425,926,143,195,606,592,323,466,274,745,232,29,609,357,842,835,102,951,136,932,838,478,420,190,967,334,941,767,850,656,884,170,977,198,684,506,242,387,497,107,583,201,385,110,152,383,852,332,450,528,660,311,685,889,204,473,322,25,372,864,983,648,740,928,417,775,742,159,893,149,854,494,725,820,135,580,251,666,823,145,813,845,544,620,273,158,464,318,856,477,567,177,42,584,52,817,185,992,931,622,297,937,285,353,12,71,671,393,832,579,378,465,847,395,744,290,904,818,481,837,595,650,18,900,173,238,962,515,727,762,654,83,975,67,293,51,68,867,468,485,857,112,509,460,43,188,117,70,625,907,85,644,810,84,978,282,577,101,286,964,798,617,538,440,668,161,791,923,340,942,623,647,519,216,432,484,632,35,793,968,743,237,262,194,844,634,875,396,930,217,186,498,276,906,66,870,692,843,492,63,355,472,594,785,377,197,862,452,467,586,421,19,853,147,69,210,512,945,790,180,566,356,876,49,508,151,917,716,848,989,480,155,269,342,922,461,687,38,127,257,302,619,543,706,811,748,438,783,11,688,535,413,913,691,233,391,475,324,603,89,414,929,698,735,901,778,912,576,720,587,59,633,510,267,507,291,359,733,756,545,891,705,382,846,599,788,640,137,732,79,390,957,765,34,729,522,971,645,621,533,804,839,308,365,404,459,596,252,80,724,350,540,410,56,21,986,715,471,779,683,910,30,676,281,597,175,264,104,54,493,370,809,453,225,976,171,730,437,826,614,840,163,94,895,562,769,855,91,513,582,558,782,802,755,987,208,605,315,280,9,82,523,144,134,894,807,921,235,226,887,245,861,530,575,109,801,317,774,564,851,229,335,406,516,369,800,434,896,882,156,659,511,737,259,320,880,624,5,940,248,179,415,642,140,636,202,690,118,563,984,866,449,126,344,165,375,62,105,532,536,40,618,367,754,816,713,23,980,961,746,952,947,814,313,541,911,448,559,763,230,215,389,319,309,181,569,874,193,561,752,638,206,53,96,919,231,270,305,649,738,2,294,408,72,129,139,343,416,539,613,189,428,239,394,265,292,974,73,470,766,241,456,773,695,578,689,16,696,146,20,172,885,392,36,253,490,672,786,795,918,92,256,757,631,424,859,141,288,409,871,223,120,714,441,430,167,418,768,611,610,28,761,806,960,808,548,707,22,271,954,877,76,93,916,88,491,521,150,651,306,368,933,44,593,833,13,462,115,50,183,442,244,304,892,868,169,436,469,718,637,138,435,711,380,301,750,106,200,827,405,712,753,699,108,153,969,227,446,568,973,678,803,386,247,815,58,988,719,31,776,213,300,240,693,199,364,982,1,236,736,547,249,546,178,48,955,792,316,444,325,15,557,17,90,585,914,953,263,39,433,95,759,401,628,399,447,75,203,830,554,184,927,537,726,296,495,374,780,500,574,950,41,431,608,886,479,550,878,662,872,81,429,113,897,119,114,329,275,924,132,635,220,903,552,349,130,789,526,965,60,591,658,327,99,124,571,501,604,454,701,601,551,825,361,162,443,502,168,398,400,796,266,600,339,946,333,888,697,360,694,639,503,131,717,321,326,970,944,381,338,255,524,657,784,192,371,739,97,879,272,482,747,665,607,207,277,517,667,14,219,966,799,376,427,426,556,905,615,991,570,728,890,630,560,445,734,298,346,457,3,680,224,860,686,939,234,948,487,981,196,565,772,279,411,347,703,222,122,451,760,214,218,77,972,764,527,589,336,531,422,100,352,154,341,47,841,312,116,174,489,925,166,57,708,505,128,330,663,849,328,949,283,157,303,499,463,936,758,403,771,32,123,677,956,616,423,908,373,909,212,655,770,228,496,10,958,805,731,46,87,652,858,749,182,534,700,65,476,142,938,542,78,723,863,990,525,679,37,125,612,388,148,797,397,985,74,384,86,268,673,641,514,710,794,963,331,661,455,299,258,898,133,4,254,412,572,682,8,646,61,348,881,629,722,362,674,402,488,812,474,187,366,741,588,211,354,439,836,643,915,899,829,626,246,943,121,702,284,602,549,824,709,221,486,902,529,205,7,664,787,191,869,278,351,26,407,573,287,883,822,363,307,669,379,289,834,64,653,934,337,310,111,704,160,518,261,419,45,935,821,959,675,555,27,209,751,873,865,831,164,681,6,828,55,458,314,250,358,781,24,598,819,295,504,777,721,581,176,103,
value : 462.063 running time : 119.798709
0 80 20
260 85.6619 17.6695
627 85.7582 17.6298
345 85.8557 17.5897
243 85.9558 17.5485
979 86.0485 17.5103
483 86.1415 17.4721
98 82.926 26.4196
520 81.4279 30.3416
590 80.553 32.6319
33 79.5192 35.3382
920 77.4533 40.7468
553 76.998 41.9388
670 76.7793 42.5113
425 76.5683 43.0635
926 76.3775 43.5629
143 76.2632 43.8621
195 76.1667 44.1147
606 76.0663 44.3777
592 75.9895 44.5786
323 75.9102 44.7862
466 75.8304 44.9953
274 75.7505 45.2043
745 75.6626 45.4344
232 75.5689 45.6798
29 75.4801 45.9121
609 75.3895 46.1494
357 75.2911 46.407
842 75.3096 46.6429
835 75.3259 46.8522
102 75.4962 49.0173
951 75.6047 50.4002
136 75.6968 51.5735
932 75.7838 52.6827
838 75.8711 53.7947
478 75.9587 54.9116
420 76.2416 55.0701
190 76.537 55.2357
967 76.8972 55.4375
334 77.2358 55.6273
941 77.574 55.8169
767 77.9219 56.0118
850 78.5152 56.3445
656 79.1369 56.693
884 79.8374 57.0858
170 80.4475 57.4279
977 80.95 57.7096
198 81.4535 57.9918
684 81.9442 58.2669
506 82.4335 58.5412
242 82.9122 58.8096
387 83.3916 59.0782
497 83.8945 59.3602
107 83.8945 59.3602
583 83.8945 59.3602
201 84.1328 61.3846
385 84.3353 63.1052
110 84.475 64.2913
152 84.599 65.3452
383 84.723 66.3989
852 84.8508 67.4854
332 85.1086 69.6759
450 85.3471 71.7034
528 85.5559 73.4774
660 85.7713 75.3078
311 85.9819 77.0975
685 86.2028 78.9756
889 86.2874 79.6942
204 86.2948 79.7572
473 86.3041 79.8365
322 86.3126 79.9082
25 86.3195 79.9671
372 86.3265 80.0261
864 82.9449 85.0607
983 80.8771 88.1394
648 80.8085 88.2416
740 80.7324 88.3549
928 80.6449 88.4852
417 79.5198 88.5032
775 78.6117 88.5178
742 77.9493 88.5284
159 77.2903 88.539
893 76.6472 88.5493
149 75.9084 88.5611
854 75.6575 88.5652
494 75.4197 88.569
725 75.1826 88.5728
820 74.918 88.577
135 74.6297 88.5816
580 73.8734 88.5938
251 73.0554 88.6069
666 72.3476 88.6183
823 71.6064 88.6301
145 70.9306 88.641
813 70.3018 88.6511
845 69.6157 88.6621
544 68.9551 88.6727
620 68.303 88.6831
273 67.6802 88.6931
158 67.1212 88.7021
464 66.4762 88.7124
318 65.8723 88.7221
856 65.1285 88.734
477 65.1015 88.5691
567 65.0765 88.416
177 65.0532 88.2736
42 65.0302 88.1333
584 65.0069 87.991
52 64.9644 87.7313
817 64.9176 87.4455
185 64.8659 87.1297
992 64.8082 86.7771
931 64.7425 86.3761
622 64.6869 86.0365
297 64.6274 85.6731
937 64.5726 85.3383
285 64.5231 85.036
353 64.4592 84.6458
12 64.1752 82.9105
71 63.9128 81.3079
671 63.6697 79.823
393 63.4655 78.5755
832 63.4236 78.3198
579 63.3821 78.0665
378 63.3481 77.8583
465 63.3118 77.6371
847 63.2684 77.3715
395 63.2309 77.1427
744 63.1902 76.8939
290 63.1491 76.6431
904 63.1107 76.4086
818 63.0753 76.1922
481 62.9915 75.6806
837 62.8904 75.0627
595 62.787 74.4311
650 62.7192 74.0173
18 62.6827 73.7939
900 62.6378 73.5197
173 62.5974 73.2733
238 62.557 73.0265
962 62.5213 72.8085
515 62.4842 72.5819
727 62.4514 72.381
762 62.416 72.1653
654 62.3851 71.9766
83 62.3529 71.7794
975 62.31 71.5173
67 62.0141 70.2678
293 61.7371 69.0984
51 61.6549 68.7509
68 61.5526 68.3189
867 61.4584 67.9213
468 61.3594 67.5029
485 61.2616 67.0901
857 61.2097 66.8707
112 61.0554 66.2188
509 60.8814 65.4839
460 60.6358 64.4467
43 58.1538 53.9767
188 58.0878 54.1241
117 58.0262 54.2616
70 57.957 54.4162
625 57.8794 54.5898
907 57.8127 54.7387
85 57.7521 54.8742
644 57.6918 55.009
810 57.6128 55.1854
84 57.5429 55.3417
978 57.487 55.4666
282 57.2923 55.9015
577 57.1357 56.2516
101 56.9816 56.5959
286 56.8328 56.9283
964 56.6771 57.2764
798 56.5303 57.6043
617 56.3926 57.912
538 56.2814 58.1606
440 56.1518 58.4502
668 56.033 58.7157
161 55.9272 58.952
791 55.8226 59.1857
923 55.7242 59.4057
340 55.6204 59.6377
942 55.6204 59.6377
623 55.3393 59.9688
647 54.9897 60.3806
519 54.6365 60.7967
216 54.1997 61.3113
432 53.7996 61.7826
484 53.7753 61.8112
632 53.7532 61.8373
35 53.2109 60.5414
793 52.6781 59.2682
968 52.1761 58.0684
743 51.3426 56.0768
237 49.3329 51.2762
262 49.3189 49.9366
194 49.3047 48.5847
844 49.291 47.2747
634 49.2797 46.1905
875 49.2797 46.1905
396 49.2797 46.1905
930 49.1595 45.9742
217 49.056 45.7881
186 48.9566 45.6094
498 48.8381 45.3962
276 48.6741 45.1011
906 48.5196 44.8233
66 48.3701 44.5545
870 48.2275 44.2979
692 48.0805 44.0336
843 47.9721 43.8386
492 47.8496 43.6182
63 47.7145 43.3753
355 47.5774 43.1287
472 47.4575 42.913
594 47.3263 42.6771
785 47.174 42.4031
377 47.174 42.4031
197 45.9925 41.9349
862 44.7786 41.4537
452 43.6775 41.0173
467 42.513 40.5558
586 42.266 40.8054
421 41.9942 41.0801
19 41.7023 41.375
853 41.2493 41.8328
147 40.7514 42.3359
69 40.6246 42.464
210 40.4793 42.6109
512 40.3521 42.7395
945 40.2246 42.8683
790 40.0983 42.9959
180 39.9545 43.1413
566 39.8253 43.2718
356 39.692 43.4065
876 39.5459 43.5541
49 39.4122 43.6892
508 39.2881 43.8146
151 39.1782 43.9257
917 39.0722 44.0328
716 38.9634 44.1428
848 38.8027 44.3052
989 38.6403 44.4692
480 38.4838 44.6274
155 38.3153 44.7977
269 38.1333 44.9816
342 37.986 45.1304
922 37.8173 45.3009
461 37.6819 45.4377
687 37.5524 45.5686
38 37.4119 45.7106
127 37.2764 45.8475
257 37.1555 45.9697
302 36.5565 46.575
619 36.0714 47.0653
543 35.6035 47.5381
706 35.2348 47.9107
811 34.8359 48.3138
748 34.265 48.8907
438 33.6868 49.4751
783 33.1802 49.987
11 32.5753 50.5983
688 31.9057 51.275
535 31.3018 51.8852
413 30.6602 52.5336
913 29.925 53.2766
691 29.096 54.1144
233 29.096 54.1144
391 29.096 54.1144
475 29.096 54.1144
324 29.096 54.1144
603 29.096 54.1144
89 29.096 54.1144
414 29.096 54.1144
929 29.2337 54.2809
698 29.3539 54.4262
735 29.6179 54.7455
901 29.8863 55.0701
778 30.1505 55.3895
912 30.4173 55.7122
576 30.6658 56.0127
720 30.8071 56.1836
587 30.9511 56.3577
59 31.0394 56.4644
633 31.1316 56.5758
510 31.2375 56.7039
267 31.3455 56.8344
507 31.4501 56.9609
291 31.5643 57.099
359 31.6603 57.2151
733 31.7466 57.3195
756 31.8351 57.4264
545 31.9265 57.5369
891 32.0236 57.6543
705 32.1169 57.7671
382 32.2182 57.8896
846 32.3184 58.0106
599 32.423 58.1372
788 32.527 58.2628
640 32.6297 58.3871
137 32.7373 58.5171
732 32.842 58.6437
79 32.9345 58.7555
390 33.0383 58.881
957 33.1373 59.0007
765 33.2397 59.1245
34 33.3309 59.2347
729 33.434 59.3594
522 33.5402 59.4877
971 33.9091 59.934
645 34.3867 60.5103
621 34.8526 61.0724
533 35.2235 61.5201
804 35.5975 61.9714
839 35.9321 62.3753
308 36.3113 62.8329
365 36.6822 63.2804
404 37.0494 63.7236
459 37.3811 64.1239
596 37.7026 64.5118
252 38.0391 64.9179
80 38.1616 65.0657
724 38.2824 65.2115
350 38.4003 65.3538
540 38.5059 65.4813
410 38.6 65.5949
56 38.6996 65.7151
21 38.8043 65.8413
986 38.9156 65.9756
715 38.9156 65.9756
471 38.9156 65.9756
779 38.9156 65.9756
683 38.9156 65.9756
910 38.9156 65.9756
30 38.9156 65.9756
676 38.9156 65.9756
281 38.9156 65.9756
597 38.9156 65.9756
175 38.9732 66.1514
264 39.0277 66.3179
104 39.0834 66.488
54 39.1398 66.6602
493 39.1954 66.8298
370 39.255 67.0118
809 39.3654 67.349
453 39.4928 67.7379
225 39.5939 68.0469
976 39.6941 68.3528
171 39.7858 68.6328
730 39.8826 68.9283
437 44.4432 75.7272
826 44.4967 75.7194
614 44.543 75.7126
840 44.5918 75.7055
163 44.6454 75.6977
94 44.6979 75.6901
895 44.7448 75.6832
562 44.7915 75.6764
769 44.8446 75.6687
855 44.8927 75.6617
91 44.9385 75.655
513 44.9836 75.6484
582 45.0322 75.6413
558 45.0779 75.6346
782 45.7905 75.8133
802 46.4801 75.9862
755 47.1629 76.1575
987 47.8798 76.3372
208 48.1858 76.4139
605 48.4373 76.477
315 48.4373 76.477
280 48.4373 76.477
9 48.4373 76.477
82 48.4373 76.477
523 48.4373 76.477
144 48.4373 76.477
134 48.4373 76.477
894 48.4373 76.477
807 48.4373 76.4771
921 48.4373 76.4771
235 48.4373 76.4771
226 48.4373 76.4771
887 48.5544 77.4136
245 48.6564 78.2289
861 48.7513 78.988
530 48.843 79.7219
575 48.9297 80.4161
109 49.0126 81.0796
801 49.1784 82.4035
317 49.3455 83.7391
774 49.3622 84.0798
564 49.3781 84.4034
851 49.3936 84.7194
229 49.4091 85.0361
335 49.4254 85.3698
406 49.4421 85.7102
516 49.4586 86.0468
369 49.475 86.3809
800 49.4915 86.7179
434 49.5554 87.9955
896 49.562 88.1317
882 49.5685 88.2638
156 49.5713 88.3219
659 49.5741 88.3784
511 49.5773 88.4445
737 49.5801 88.5033
259 49.5828 88.5589
320 49.5858 88.6191
880 49.5887 88.6796
624 49.5921 88.7491
5 49.595 88.8085
940 49.5974 88.8575
248 49.6 88.9112
179 49.6029 88.9709
415 49.6058 89.0313
642 49.6087 89.0896
140 49.6116 89.1496
636 49.6146 89.2106
202 49.6177 89.2753
690 49.6206 89.3352
118 49.6235 89.3937
563 49.6262 89.4495
984 49.632 89.5688
866 49.632 89.5689
449 49.632 89.5689
126 49.632 89.5689
344 49.632 89.5689
165 49.632 89.5689
375 49.632 89.5689
62 49.632 89.569
105 49.632 89.569
532 49.632 89.569
536 49.632 89.569
40 49.632 89.569
618 49.632 89.569
367 49.632 89.5691
754 49.632 89.5691
816 49.632 89.5691
713 49.632 89.5691
23 49.632 89.5691
980 49.632 89.5692
961 49.632 89.5692
746 49.632 89.5692
952 49.632 89.5692
947 49.632 89.5692
814 49.632 89.5692
313 49.632 89.5693
541 49.632 89.5693
911 49.632 89.5693
448 46.7768 89.276
559 46.2534 89.2222
763 45.7337 89.1689
230 45.2041 89.1145
215 44.7807 89.071
389 44.3858 89.0305
319 43.9889 88.9897
309 43.5568 88.9454
181 43.1488 88.9035
569 42.7702 88.8646
874 42.4147 88.8281
193 42.0287 88.7885
561 41.5917 88.7436
752 41.1508 88.6983
638 40.8828 88.6708
206 40.6552 88.6474
53 40.4014 88.6214
96 40.1344 88.594
919 39.918 88.5717
231 39.7079 88.5502
270 39.5127 88.5301
305 39.3808 88.5166
649 39.2198 88.5001
738 39.069 88.4846
2 38.9131 88.4686
294 38.7801 88.4549
408 38.6428 88.4408
72 38.4619 88.4222
129 38.2935 88.405
139 38.1269 88.3879
343 37.9704 88.3718
416 37.7949 88.3538
539 37.6215 88.336
613 37.4369 88.317
189 37.2559 88.2984
428 37.0813 88.2805
239 36.938 88.2658
394 36.7564 88.2471
265 36.5808 88.2291
292 36.3803 88.2085
974 36.1847 88.1884
73 35.9535 88.1647
470 35.7552 88.1443
766 35.56 88.1243
241 32.8011 87.8407
456 29.1283 87.463
773 29.0742 87.3319
695 29.0237 87.2096
578 28.9794 87.1025
689 28.9401 87.0072
16 28.7706 87.12
696 28.5917 87.2391
146 28.44 87.3401
20 28.2666 87.4555
172 28.1975 87.5015
885 28.1163 87.5556
392 28.0416 87.6053
36 27.9581 87.6609
253 27.886 87.7089
490 27.8096 87.7597
672 27.7338 87.8102
786 27.6547 87.8628
795 27.5815 87.9115
918 27.506 87.9618
92 27.4305 88.0121
256 27.3557 88.0619
757 27.2718 88.1177
631 27.183 88.1768
424 27.1095 88.2258
859 27.0349 88.2754
141 26.9633 88.3231
288 26.8785 88.3795
409 26.7974 88.4335
871 26.7236 88.4827
223 26.663 88.523
120 26.5819 88.577
714 26.4947 88.635
441 26.4947 88.635
430 26.4947 88.635
167 26.4947 88.635
418 26.4947 88.635
768 26.4947 88.635
611 26.4947 88.635
610 26.4947 88.635
28 26.4947 88.635
761 26.4947 88.635
806 26.4947 88.635
960 26.4947 88.635
808 26.4417 88.6399
548 26.3905 88.6447
707 26.3346 88.6498
22 26.2776 88.6551
271 26.2144 88.6609
954 26.1524 88.6666
877 26.0919 88.6722
76 25.345 88.7412
93 24.577 88.8121
916 24.0205 88.8635
88 23.5398 88.9079
491 23.1236 88.9464
521 22.7242 88.9834
150 22.3327 89.0196
651 21.8599 89.0632
306 21.397 89.106
368 20.8799 89.1538
933 20.3587 89.202
44 19.8647 89.2476
593 19.3443 89.2957
833 18.8132 89.3448
13 18.2519 89.3967
462 17.7126 89.4465
115 17.1966 89.4942
50 16.6898 89.541
183 16.1442 89.5914
442 15.5644 89.645
244 15.0104 89.6962
304 14.3966 89.7529
892 13.8243 89.8058
868 13.2941 89.8547
169 13.204 89.8631
436 13.1194 89.8709
469 13.0364 89.8786
718 12.933 89.8881
637 12.8377 89.8969
138 12.7464 89.9054
435 12.6515 89.9141
711 12.5626 89.9224
380 12.4731 89.9306
301 12.3892 89.9384
750 12.305 89.9462
106 12.2152 89.9545
200 12.1322 89.9621
827 12.0479 89.9699
405 11.9699 89.9771
712 11.9004 89.9836
753 11.8209 89.9909
699 11.7311 89.9992
108 11.6388 90.0077
153 11.5516 90.0158
969 11.4684 90.0235
227 11.3954 90.0302
446 11.3061 90.0385
568 11.217 90.0467
973 11.1305 90.0547
678 11.0353 90.0635
803 10.9517 90.0712
386 10.8723 90.0786
247 10.7884 90.0863
815 10.7042 90.0941
58 10.6221 90.1017
988 10.5138 90.1117
719 10.5157 90.1017
31 10.5175 90.0919
776 10.519 90.0837
213 10.5204 90.0755
300 10.5336 90.0032
240 10.5456 89.9375
693 10.5558 89.8814
199 10.5664 89.8233
364 10.5777 89.7616
982 10.5889 89.7001
1 10.5995 89.6416
236 10.6101 89.5835
736 10.6221 89.5179
547 10.6335 89.4549
249 10.6452 89.3911
546 10.6567 89.3279
178 10.6679 89.2663
48 10.6786 89.2079
955 10.6891 89.1501
792 10.699 89.0955
316 10.7092 89.0397
444 10.7198 88.9817
325 10.73 88.9258
15 10.7389 88.8766
557 10.8561 88.2329
17 10.9729 87.5917
90 11.084 86.9812
585 11.0956 86.9176
914 11.1108 86.8341
953 11.1262 86.7494
263 11.1419 86.6636
39 11.1571 86.5801
433 11.178 86.4652
95 11.195 86.3717
759 11.2132 86.2719
401 11.2301 86.1791
628 11.2477 86.0824
399 11.2652 85.9862
447 11.2828 85.8898
75 11.3032 85.778
203 11.3222 85.6732
830 11.3415 85.5672
554 11.3597 85.4674
184 15.8296 81.1309
927 18.0901 78.9378
537 18.3794 78.6572
726 18.6371 78.4073
296 18.8865 78.1654
495 19.0702 77.9872
374 19.3031 77.7613
780 19.5786 77.494
500 19.8982 77.1839
574 20.2197 76.8721
950 20.4656 76.6335
41 20.6997 76.4065
431 20.9384 76.1749
608 21.1925 75.9284
886 21.4551 75.6736
479 21.742 75.3954
550 22.0365 75.1097
878 22.3609 74.795
662 22.3609 74.795
872 21.9738 74.6091
81 21.5888 74.4242
429 21.1834 74.2295
113 20.7885 74.0399
897 20.4097 73.858
119 20.4097 73.858
114 20.4097 73.858
329 20.4097 73.858
275 20.4097 73.858
924 20.4097 73.858
132 20.4097 73.858
635 20.4097 73.858
220 20.4097 73.858
903 20.4097 73.858
552 20.4097 73.858
349 20.4097 73.858
130 20.4097 73.858
789 20.4097 73.858
526 20.4097 73.858
965 20.4097 73.858
60 20.4097 73.858
591 20.4097 73.858
658 20.3412 73.8506
327 20.2765 73.8436
99 20.2152 73.8369
124 20.1588 73.8308
571 20.0042 73.8141
501 19.8317 73.7954
604 19.6459 73.7753
454 19.4456 73.7537
701 19.1895 73.726
601 18.9484 73.6999
551 18.7117 73.6743
825 18.484 73.6496
361 18.2518 73.6245
162 18.0191 73.5993
443 17.8056 73.5762
502 17.5694 73.5507
168 17.3498 73.5269
398 17.1161 73.5016
400 16.8912 73.4773
796 16.6787 73.4543
266 16.4718 73.4319
600 16.2432 73.4071
339 16.0093 73.3818
946 15.7774 73.3567
333 15.5428 73.3314
888 15.2598 73.3007
697 14.9579 73.2681
360 14.1683 73.1827
694 13.0011 73.0566
639 12.6006 73.0132
503 12.2635 72.9768
131 11.914 72.9389
717 11.5684 72.9016
321 11.2785 72.8702
326 10.9862 72.8385
970 10.6384 72.8009
944 10.2981 72.7641
381 10.298 72.7557
338 10.2978 72.7476
255 10.2976 72.7396
524 10.2975 72.7318
657 10.2973 72.7248
784 10.2972 72.7164
192 10.297 72.7088
371 10.2969 72.7016
739 10.2967 72.6938
97 10.2965 72.6866
879 10.2964 72.679
272 10.2962 72.6713
482 10.2961 72.6635
747 10.2959 72.6559
665 10.2958 72.6493
607 10.2956 72.6423
207 10.2955 72.635
277 10.2953 72.627
517 10.2952 72.6194
667 10.295 72.6119
14 10.2948 72.604
219 10.2947 72.5961
966 10.2945 72.5887
799 10.2944 72.5809
376 10.2942 72.5733
427 10.2941 72.5667
426 10.294 72.5605
556 10.2919 72.4612
905 10.29 72.3669
615 10.2873 72.2392
991 10.2845 72.1021
570 10.2818 71.9725
728 10.2786 71.8145
890 10.2753 71.6563
630 10.2718 71.4854
560 10.2687 71.3366
445 10.265 71.1576
734 10.2615 70.9863
298 10.2584 70.8382
346 10.2552 70.6847
457 10.2518 70.5191
3 10.248 70.3336
680 10.2447 70.1731
224 10.2414 70.016
860 10.238 69.8489
686 10.2341 69.6598
939 10.2301 69.4659
234 10.2265 69.2953
948 10.2237 69.1558
487 10.2207 69.0108
981 10.0939 62.8748
196 10.083 62.346
565 10.0725 61.8358
772 10.063 61.3777
279 10.0531 60.8951
411 10.0458 60.5424
347 10.0363 60.0853
703 10.0256 59.5662
222 10.014 59.0015
122 10.0089 58.756
451 10.0042 58.5303
760 9.99869 58.2619
214 9.99274 57.9735
218 9.98717 57.7038
77 9.98204 57.4554
972 9.9735 57.0414
764 9.96564 56.661
527 9.95724 56.2539
589 9.94949 55.8788
336 9.94108 55.4717
531 9.93315 55.0875
422 9.924 54.6442
100 9.91426 54.1725
352 9.90474 53.7113
154 9.89543 53.2607
341 9.8872 52.8621
47 9.87942 52.4852
841 9.8711 52.0822
312 9.86313 51.6963
116 9.85674 51.3866
174 9.85029 51.0743
489 9.844 50.7695
925 9.83802 50.48
166 9.83075 50.1281
57 9.82288 49.7469
708 9.81537 49.3828
505 9.80693 48.9743
128 9.79821 48.5519
330 9.78981 48.1453
663 9.78335 47.8321
849 9.77733 47.5407
328 9.76654 47.0181
949 9.97322 46.958
283 10.1336 46.9113
157 10.2855 46.8671
303 10.4643 46.815
499 10.637 46.7647
463 11.0138 46.655
936 11.3941 46.5443
758 11.8002 46.4261
403 12.1712 46.3181
771 12.4469 46.2379
32 12.7136 46.1602
123 12.9301 46.0972
677 13.1678 46.028
956 13.4549 45.9444
616 13.5649 45.7812
423 13.6682 45.6279
908 13.7626 45.488
373 13.8514 45.3562
909 13.95 45.2098
212 14.0595 45.0474
655 14.1681 44.8862
770 14.261 44.7485
228 14.3583 44.6041
496 14.4544 44.4615
10 14.553 44.3153
958 14.6429 44.1819
805 14.7295 44.0535
731 14.8364 43.8948
46 14.9431 43.7365
87 15.0505 43.5772
652 15.1401 43.4441
858 15.2364 43.3014
749 15.3361 43.1535
182 15.4476 42.988
534 15.5672 42.8106
700 15.6992 42.6147
65 15.8197 42.4359
476 15.9184 42.2895
142 16.0167 42.1437
938 16.122 41.9875
542 16.3464 41.6546
78 16.6653 41.1814
723 16.9585 40.7464
863 17.2264 40.3489
990 17.5574 39.8579
525 17.9099 39.3349
679 18.8431 37.9503
37 18.7195 37.7375
125 18.5777 37.4932
612 18.4512 37.2753
388 18.3314 37.0689
148 18.1709 36.7926
797 18.0047 36.5063
397 17.7666 36.0962
985 16.0747 33.1822
74 14.7169 30.8437
384 14.6099 30.6594
86 12.6022 27.2015
268 12.5567 27.1232
673 12.508 27.0393
641 12.4607 26.9578
514 12.4085 26.8678
710 12.3594 26.7833
794 12.3083 26.6954
963 12.2601 26.6122
331 12.2137 26.5323
661 12.1689 26.4551
455 12.118 26.3675
299 12.0697 26.2843
258 12.021 26.2004
898 11.9736 26.1188
133 11.9356 24.9504
4 11.8914 23.5885
254 11.8347 21.8408
412 11.7968 20.6749
572 11.7632 19.6417
682 11.7165 18.204
8 11.675 16.923
646 11.6715 16.8159
61 11.6679 16.7046
348 11.6641 16.5885
881 11.66 16.464
629 11.6564 16.351
722 11.6529 16.2442
362 11.6498 16.1492
674 11.6465 16.0464
402 11.6431 15.9442
488 11.6391 15.818
812 11.6358 15.7169
474 11.9769 15.9442
187 12.2336 16.1154
366 13.2536 16.795
741 14.2563 17.4632
588 15.2927 18.1539
211 16.5338 18.9808
354 18.3364 20.1818
439 19.1772 20.7421
836 19.9355 21.2475
643 20.6665 21.7346
915 21.3957 22.2205
899 22.0376 22.6483
829 22.7002 23.0899
626 23.2154 23.4333
246 23.6728 23.7381
943 24.1314 24.0438
121 24.6149 24.366
702 25.0621 24.664
284 25.5554 24.9928
602 26.0622 25.3305
549 26.5844 25.6785
824 27.0327 25.9773
709 27.4861 26.2795
221 27.9353 26.5788
486 28.3871 26.88
902 28.8247 27.1716
529 29.4448 27.5848
205 29.95 27.9215
7 30.5188 28.3005
664 30.5188 28.3005
787 31.0805 27.4356
191 31.6384 26.5765
869 32.2558 25.6259
278 33.2529 24.0909
351 34.7232 21.8279
26 34.9915 21.4147
407 35.2631 20.9964
573 35.4728 20.6734
287 35.6777 20.3579
883 35.8475 20.0962
822 36.0225 19.8267
363 36.217 19.5271
307 36.3903 19.2602
669 36.6064 18.9274
379 37.0016 18.7853
289 37.4523 18.6234
834 37.5941 18.5724
64 37.7632 18.5116
653 37.971 18.4369
934 38.1469 18.3737
337 38.3194 18.3117
310 38.4948 18.2486
111 38.6663 18.187
704 38.8483 18.1215
160 39.0306 18.056
518 40.3095 17.5963
261 44.6875 21.1775
419 49.5773 25.1772
45 54.814 29.4605
935 54.814 29.4605
821 56.2666 29.7787
959 57.4037 30.0278
675 58.358 30.237
555 58.3905 30.1825
27 58.4209 30.1315
209 58.4521 30.0792
751 58.4832 30.0271
873 58.5159 29.9723
865 58.5466 29.9208
831 58.5791 29.8664
164 58.6099 29.8148
681 58.639 29.766
6 58.6713 29.7118
828 58.7012 29.6617
55 58.7327 29.609
458 58.7615 29.5607
314 58.7921 29.5094
250 58.9859 29.1846
358 59.5265 28.2787
781 60.4057 26.8058
24 61.4505 25.0555
598 62.2986 23.6348
819 63.0504 22.375
295 63.8244 21.0783
504 64.5979 19.7823
777 65.3591 18.5068
721 66.0834 17.2934
581 66.4685 16.6479
176 66.8761 15.9649
103 67.2569 15.3267
