0,979,598,24,176,581,721,777,504,295,103,959,819,751,458,675,555,781,358,250,55,828,6,681,164,831,43,217,314,865,594,357,821,45,853,419,586,289,27,785,421,935,19,209,355,873,634,377,66,870,930,862,480,194,844,692,566,356,945,875,342,906,472,843,492,63,257,716,101,155,276,186,597,989,917,210,452,197,790,793,35,396,471,848,512,69,810,978,282,577,262,286,743,188,942,647,478,519,798,538,623,70,625,907,85,117,644,964,109,393,515,617,238,484,340,923,440,668,216,161,676,791,498,485,769,84,583,975,110,650,385,900,51,293,579,744,595,962,468,208,605,67,931,71,671,481,818,18,727,201,832,383,395,847,465,378,654,904,837,867,173,68,152,290,297,782,460,509,112,83,987,762,91,513,582,800,802,755,857,662,163,986,921,406,235,976,280,9,215,179,82,350,226,855,94,894,564,840,562,294,292,241,193,315,335,432,632,523,453,779,968,715,804,558,410,80,171,614,587,134,144,225,21,540,724,910,175,404,281,839,533,54,459,127,522,49,79,89,735,756,922,370,545,929,621,264,461,104,603,147,876,788,640,705,645,683,137,390,733,269,596,291,359,576,901,382,180,237,56,912,891,365,30,765,732,809,308,493,778,151,619,688,508,510,233,324,687,38,599,679,956,37,11,391,771,403,633,397,543,706,748,438,302,414,535,783,413,797,664,655,388,121,529,869,379,205,191,307,787,7,278,709,221,486,64,160,612,902,943,602,439,549,829,915,899,354,643,824,467,834,811,653,934,337,310,111,704,261,573,287,883,822,407,626,518,363,246,26,351,474,669,284,702,836,682,673,412,741,588,211,8,674,348,254,572,187,812,61,646,722,629,402,881,362,963,331,366,661,641,488,154,299,700,86,710,74,258,4,283,514,455,65,898,794,958,133,328,499,123,731,87,663,46,268,616,341,841,312,125,542,78,423,990,373,463,352,770,222,47,936,909,212,228,496,10,749,182,100,985,330,476,858,652,128,908,863,32,384,565,772,279,981,525,677,913,949,758,723,142,938,196,451,698,475,336,527,589,157,174,489,925,166,57,708,505,534,148,192,703,347,303,422,764,972,77,218,214,760,122,805,116,849,939,691,531,734,298,224,890,234,381,255,524,371,879,517,14,272,346,457,860,657,667,966,665,376,325,615,991,905,728,570,630,560,445,747,784,948,739,482,3,944,556,503,717,321,694,502,639,487,31,433,203,892,955,326,207,131,97,680,338,500,219,799,796,400,398,168,427,607,686,277,429,81,93,361,162,757,114,329,897,220,970,132,924,267,720,971,957,507,729,59,411,34,130,846,903,552,349,927,418,697,88,965,60,730,296,872,266,339,333,825,270,571,252,124,608,550,726,658,578,327,537,479,99,591,878,501,604,701,490,454,223,946,551,443,288,76,950,113,119,601,184,689,789,574,526,635,275,888,600,554,106,803,447,953,914,678,39,1,585,736,304,969,386,178,95,546,399,815,199,444,628,792,247,90,169,436,469,718,780,316,699,830,916,495,75,301,108,426,240,759,557,364,719,405,300,401,374,827,711,138,153,446,973,568,982,693,213,547,868,263,988,244,637,58,13,200,435,380,236,750,761,431,227,442,44,456,768,17,712,249,50,73,610,714,491,885,430,786,672,306,409,115,593,651,521,776,753,462,183,933,441,871,48,2,886,611,36,15,96,833,695,28,806,253,773,41,172,631,696,392,918,428,368,360,424,271,16,954,877,416,150,256,795,638,141,752,859,960,20,22,139,569,389,449,974,613,120,808,231,470,707,230,448,265,167,394,92,72,408,563,126,814,140,539,659,919,189,248,146,763,343,181,738,53,375,532,309,320,239,437,866,713,559,874,766,541,980,105,129,952,313,245,961,536,5,649,206,548,807,561,856,62,861,319,530,816,618,851,367,737,754,887,636,940,690,118,895,434,896,624,477,511,305,23,984,516,12,369,575,947,156,826,40,746,642,415,165,774,911,584,185,882,344,317,880,259,202,229,775,992,567,273,464,620,937,622,801,864,666,52,817,177,544,845,813,145,823,42,318,159,742,158,893,725,494,854,149,580,251,928,983,740,648,417,285,353,820,135,332,450,889,528,311,660,685,25,322,473,204,372,497,977,170,242,506,684,198,107,852,387,884,838,932,136,951,102,420,656,850,767,941,334,967,190,842,920,609,29,232,745,274,466,323,592,606,195,143,926,425,670,553,590,33,835,520,98,627,243,345,483,260,
value : 457.809 running time : 138.974770
0 80 20
979 78.9278 18.9279
598 74.425 17.4329
24 72.6938 16.8581
176 71.4622 16.4492
581 70.5909 16.1599
721 69.9287 15.94
777 69.2426 15.7122
504 68.7307 15.5422
295 68.1928 15.3636
103 67.6448 15.1817
959 65.221 19.6157
819 63.052 23.5837
751 61.029 27.2847
458 59.89 29.3686
675 59.2833 30.4787
555 59.1113 30.7934
781 58.9349 31.1161
358 58.759 31.438
250 58.5986 31.7316
55 58.4716 31.9639
828 58.3409 32.2031
6 58.2145 32.4344
681 58.0799 32.6807
164 57.9535 32.912
831 57.8184 33.1593
43 57.6665 33.4372
217 57.5331 33.6814
314 57.419 33.8901
865 57.3093 34.0908
594 57.1926 34.3043
357 57.085 34.5012
821 55.7856 34.5537
45 54.2181 34.6172
853 51.351 34.7333
419 51.351 34.7333
586 51.3247 34.9618
289 51.2971 35.202
27 51.2676 35.458
785 51.2387 35.709
421 51.2097 35.961
935 51.1802 36.2176
19 51.1502 36.4783
209 51.1201 36.7394
355 51.0891 37.0091
873 51.0582 37.278
634 51.0207 37.6031
377 50.9833 37.9277
66 50.9462 38.2499
870 50.9089 38.5744
930 50.8715 38.8989
862 50.835 39.2162
480 50.8019 39.5034
194 50.7847 39.6529
844 50.7699 39.7815
692 50.7552 39.9097
566 50.748 40.1905
356 50.7431 40.3817
945 50.7382 40.5704
875 50.734 40.734
342 50.7298 40.8977
906 50.726 41.0466
472 50.722 41.204
843 50.7181 41.3538
492 50.7146 41.4929
63 50.7112 41.6226
257 50.7079 41.7515
716 50.6744 43.0602
101 50.6392 44.4399
155 50.6339 44.6453
276 50.6285 44.8553
186 50.6229 45.073
597 50.6179 45.2669
989 50.6179 45.2669
917 50.6284 45.3029
210 50.6407 45.3453
452 50.6515 45.3828
197 50.6628 45.4218
790 50.6754 45.4654
793 51.4997 48.3092
35 52.0759 50.2972
396 52.3893 51.3788
471 52.6828 52.3917
848 52.8314 52.5671
512 53.0014 52.7676
69 53.2188 53.0241
810 53.4599 53.3085
978 53.6877 53.5774
282 53.948 53.8845
577 54.1915 54.1717
262 54.4319 54.4554
286 54.6745 54.7416
743 54.9129 55.0229
188 55.1333 55.2829
942 55.3529 55.542
647 55.3566 55.5464
478 55.36 55.5504
519 55.36 55.5504
798 55.36 55.5504
538 55.36 55.5504
623 55.36 55.5504
70 55.36 55.5504
625 55.36 55.5504
907 55.36 55.5504
85 55.36 55.5504
117 55.36 55.5504
644 55.36 55.5504
964 55.2135 58.4137
109 55.1078 60.4818
393 55.0777 61.0692
515 55.0552 61.5091
617 55.0331 61.941
238 55.0123 62.3493
484 54.9915 62.7561
340 55.1907 62.792
923 55.3481 62.8203
440 55.5392 62.8547
668 55.7188 62.887
216 55.8817 62.9164
161 56.0558 62.9477
676 56.2299 62.9791
791 56.5925 63.0444
498 56.9624 63.111
485 57.6871 63.2415
769 58.2976 63.3515
84 60.9312 63.8258
583 65.7231 64.689
975 66.1409 65.4516
110 66.4647 66.0425
650 66.7719 66.6032
385 67.0912 67.1859
900 66.9202 67.3164
51 66.7436 67.4513
293 66.5709 67.5831
579 66.3858 67.7244
744 66.1858 67.8771
595 65.9805 68.0338
962 65.7821 68.1853
468 65.5657 68.3504
208 65.8473 69.1057
605 66.1512 69.9211
67 66.4764 70.7934
931 66.8027 71.6688
71 66.8698 71.6457
671 66.9306 71.6248
481 67.0021 71.6002
818 67.0731 71.5758
18 67.1339 71.5548
727 67.2029 71.5311
201 67.2733 71.5068
832 67.323 71.4897
383 67.3874 71.4675
395 66.4215 72.0327
847 65.833 72.3771
465 65.2867 72.6967
378 65.0588 72.7234
654 64.8527 72.7476
904 64.6387 72.7726
837 64.4293 72.7971
867 64.2013 72.8238
173 63.958 72.8523
68 63.7267 72.8794
152 63.4926 72.9068
290 63.0514 72.9585
297 62.5615 73.0158
782 62.0301 73.0781
460 61.7115 73.1154
509 61.3921 73.1528
112 61.0658 73.191
83 60.7766 73.2248
987 59.0682 73.4249
762 57.3753 73.6231
91 55.3483 73.8604
513 53.7827 74.0438
582 52.6974 74.1708
800 51.5381 74.3066
802 50.1128 74.4735
755 48.762 74.6316
857 47.6484 74.762
662 46.2139 74.93
163 46.1745 74.9346
986 46.1406 74.9386
921 46.104 74.9429
406 46.0646 74.9475
235 46.0247 74.9522
976 45.9834 74.957
280 45.9498 74.9609
9 45.9116 74.9654
215 45.8625 74.9712
179 45.8236 74.9757
82 45.7795 74.9809
350 45.7373 74.9858
226 45.6968 74.9906
855 45.6648 74.9943
94 45.6284 74.9986
894 45.5856 75.0036
564 45.5444 75.0084
840 45.5027 75.0133
562 45.4664 75.0175
294 45.4282 75.022
292 45.3891 75.0266
241 45.3548 75.0306
193 45.3548 75.0306
315 45.3548 75.0306
335 45.3548 75.0306
432 45.0418 74.5681
632 44.59 73.9005
523 44.1137 73.1966
453 43.6401 72.4968
779 43.1785 71.8147
968 42.7242 71.1433
715 42.2139 70.3892
804 41.7168 69.6546
558 41.2545 68.9715
410 40.8104 68.3152
80 40.3726 67.6682
171 39.9265 67.009
614 39.4725 66.3381
587 37.445 63.3429
134 37.445 63.3429
144 37.445 63.3429
225 37.445 63.3429
21 37.445 63.3429
540 37.445 63.3429
724 37.3245 63.1193
910 37.1802 62.8516
175 37.0289 62.5711
404 36.8741 62.2839
281 36.71 61.9795
839 36.5436 61.6709
533 36.3819 61.371
54 36.2203 61.0712
459 36.0574 60.7692
127 35.889 60.4568
522 35.7255 60.1535
49 35.6329 59.9818
79 35.5521 59.8318
89 35.4763 59.6913
735 35.4022 59.5538
756 35.3383 59.4355
922 35.2768 59.3213
370 35.2147 59.2061
545 35.1509 59.0879
929 35.0925 58.9796
621 35.0345 58.872
264 34.9735 58.7588
461 34.9085 58.6384
104 34.846 58.5225
603 34.779 58.3982
147 34.7158 58.281
876 34.655 58.1681
788 34.5993 58.065
640 34.5417 57.9581
705 34.484 57.851
645 34.4336 57.7577
683 34.382 57.6619
137 34.3228 57.5522
390 34.2637 57.4426
733 34.2027 57.3294
269 34.1428 57.2184
596 34.0884 57.1175
291 34.0295 57.0082
359 33.9672 56.8927
576 33.9014 56.7707
901 33.8315 56.641
382 33.7636 56.5152
180 33.697 56.3917
237 33.633 56.2731
56 33.5702 56.1565
912 33.4878 56.0037
891 33.4043 55.8489
365 33.3242 55.7003
30 33.2347 55.5344
765 33.1442 55.3664
732 33.0481 55.1883
809 32.9414 54.9904
308 32.8315 54.7864
493 32.2484 53.7044
778 31.6679 52.6273
151 31.0792 51.5348
619 31.0792 51.5348
688 31.0792 51.5348
508 31.0792 51.5348
510 31.0792 51.5348
233 31.0791 51.5348
324 31.0791 51.5348
687 31.0791 51.5348
38 31.0791 51.5348
599 31.0791 51.5348
679 30.8724 50.0026
956 30.8471 49.8146
37 30.6554 48.3939
11 30.4949 47.2036
391 30.3512 46.1384
771 30.1967 44.9929
403 30.2017 44.8514
633 30.2067 44.7093
397 30.2122 44.5508
543 30.2177 44.3958
706 30.2233 44.2365
748 30.2287 44.0814
438 30.2342 43.9274
302 30.2396 43.7737
414 30.2453 43.6119
535 30.2508 43.455
783 30.2564 43.2958
413 30.2619 43.1386
797 30.2677 42.9749
664 30.3134 41.6748
655 30.356 40.4613
388 30.4031 39.122
121 30.459 37.5299
529 30.488 36.7066
869 30.5164 35.8975
379 30.5433 35.134
205 30.562 34.6001
191 30.5818 34.0393
307 30.6015 33.4763
787 30.6167 33.0462
7 30.6304 32.6549
278 30.6475 32.1706
709 30.6645 31.6863
221 30.679 31.2733
486 30.6931 30.8729
64 30.7083 30.4409
160 30.7186 30.1469
612 30.729 29.852
902 30.7415 29.4962
943 30.7415 29.4962
602 30.7969 29.2017
439 30.8522 28.9077
549 30.8929 28.6917
829 30.9382 28.4508
915 30.9911 28.1695
899 31.0431 27.8933
354 31.0913 27.6369
643 31.141 27.373
824 31.1652 27.2441
467 31.1893 27.1163
834 31.2143 26.9834
811 31.24 26.8468
653 32.6917 19.1238
934 32.7354 18.8914
337 32.8038 18.5275
310 32.8717 18.1668
111 32.9373 17.8181
704 33.0052 17.4572
261 33.0713 17.1057
573 33.151 16.682
287 33.2292 16.2668
883 33.3001 15.8896
822 33.3745 15.4945
407 33.4658 15.009
626 33.5506 14.5581
518 33.6481 14.0398
363 32.6368 14.178
246 31.5836 14.3219
26 30.6854 14.4446
351 28.2267 14.7805
474 24.9618 15.2264
669 23.6887 15.4003
284 21.8739 15.6482
702 19.6703 15.9492
836 16.9942 16.3147
682 16.3982 16.2096
673 15.8953 16.1209
412 15.4444 16.0413
741 15.0822 15.9774
588 14.7292 15.9151
211 14.3858 15.8545
8 14.0484 15.795
674 13.681 15.7301
348 13.3282 15.6679
254 12.9779 15.606
572 12.5721 15.5344
187 12.2949 15.4255
812 12.1943 15.386
61 12.1867 15.4911
646 12.1795 15.5897
722 12.1725 15.6848
629 12.1647 15.7923
402 12.1558 15.9138
881 12.1483 16.0177
362 12.139 16.1451
963 12.1298 16.2709
331 12.122 16.3782
366 12.1149 16.4755
661 12.1067 16.5877
641 12.099 16.6936
488 12.0921 16.7882
154 10.7916 34.6232
299 10.7916 34.6232
700 10.7916 34.6232
86 10.7916 34.6232
710 10.7916 34.6232
74 10.7916 34.6232
258 10.7916 34.6232
4 10.7916 34.6232
283 10.7916 34.6232
514 10.7916 34.6232
455 10.7916 34.6232
65 10.8303 34.7631
898 10.8644 34.8867
794 10.9639 35.2475
958 11.1433 35.8979
133 11.3311 36.5788
328 11.5282 37.2931
499 11.736 38.0465
123 11.7991 38.2478
731 11.8597 38.4408
87 11.9185 38.6286
663 11.9801 38.8248
46 12.0372 39.0069
268 12.0947 39.1903
616 12.1954 39.5112
341 12.2939 39.8255
841 12.3836 40.1115
312 12.467 40.3774
125 12.5511 40.6453
542 12.6373 40.9204
78 12.7124 41.1597
423 12.786 41.3943
990 12.8598 41.6297
373 12.935 41.8694
463 13.0065 42.0974
352 13.0763 42.3199
770 13.1403 42.5239
222 13.2062 42.7343
47 13.271 42.9408
936 13.271 42.9408
909 13.271 42.9408
212 13.271 42.9408
228 13.271 42.9408
496 13.271 42.9408
10 13.271 42.9408
749 13.271 42.9408
182 13.271 42.9408
100 13.271 42.9408
985 13.271 42.9408
330 13.271 42.9408
476 13.271 42.9408
858 13.271 42.9408
652 13.271 42.9408
128 13.271 42.9408
908 13.9312 44.2281
863 14.4318 45.2041
32 14.9592 46.2325
384 15.5502 47.3847
565 15.9985 48.2587
772 16.7405 49.7055
279 16.7405 49.7055
981 16.7405 49.7055
525 16.7405 49.7055
677 16.7405 49.7055
913 16.7405 49.7055
949 16.5004 49.919
758 16.2559 50.1365
723 16.0078 50.3571
142 15.7266 50.6071
938 15.4406 50.8614
196 15.1535 51.1168
451 14.8834 51.3569
698 14.6189 51.5921
475 14.3518 51.8296
336 13.8059 52.3148
527 13.2445 52.814
589 12.6808 53.3151
157 12.1294 53.8053
174 12.1294 53.8053
489 12.1294 53.8053
925 12.1294 53.8053
166 12.1294 53.8053
57 12.1294 53.8053
708 12.1294 53.8053
505 12.1294 53.8053
534 12.1294 53.8053
148 12.1294 53.8053
192 11.6948 54.4446
703 11.2525 55.0951
347 10.8261 55.7223
303 10.7031 55.9031
422 10.5809 56.0828
764 10.4511 56.2737
972 10.3197 56.4668
77 10.1857 56.6639
218 10.1857 56.6639
214 10.1857 56.6639
760 10.1857 56.6639
122 10.1857 56.6639
805 10.1857 56.6639
116 10.1857 56.6639
849 10.2665 58.1489
939 10.4031 60.6568
691 10.479 62.0513
531 10.5744 63.8033
734 10.6951 66.0207
298 10.8149 68.2207
224 10.8706 69.2439
890 10.9001 69.7848
234 10.9052 69.8794
381 10.912 70.0045
255 10.9186 70.1258
524 10.9254 70.2489
371 10.9325 70.3808
879 10.9399 70.5164
517 10.9473 70.6524
14 10.9548 70.7896
272 10.9624 70.9287
346 10.9705 71.0783
457 10.9782 71.2182
860 10.9853 71.3487
657 10.992 71.4727
667 10.9986 71.5939
966 11.0054 71.7176
665 11.0129 71.8551
376 11.0205 71.9958
325 11.0299 72.1672
615 11.0376 72.308
991 11.0443 72.4312
905 11.0512 72.5579
728 11.0554 72.6361
570 11.0597 72.7137
630 11.0632 72.7786
560 11.0675 72.8576
445 11.0712 72.9257
747 11.0748 72.992
784 11.0806 73.0985
948 11.0874 73.2229
739 11.0937 73.3381
482 11.1007 73.4662
3 11.1081 73.602
944 11.1166 73.7595
556 11.1629 73.7767
503 11.2097 73.7941
717 11.2523 73.81
321 11.3012 73.8282
694 11.3461 73.8449
502 11.3995 73.8648
639 11.4463 73.8822
487 11.502 73.9029
31 11.5467 73.9196
433 11.5901 73.9357
203 11.6375 73.9534
892 11.6868 73.9717
955 11.7347 73.9895
326 11.7811 74.0068
207 11.82 74.0213
131 11.8719 74.0406
97 11.9277 74.0614
680 11.9831 74.082
338 12.0359 74.1016
500 12.0913 74.1223
219 12.1411 74.1408
799 12.1941 74.1605
796 12.3108 74.204
400 12.4149 74.2427
398 12.5175 74.2809
168 12.6182 74.3184
427 12.7052 74.3508
607 12.8003 74.3862
686 12.909 74.4266
277 13.0267 74.4704
429 13.1572 74.519
81 13.279 74.5643
93 13.4042 74.6109
361 14.8113 73.5769
162 16.1606 72.5854
757 17.5554 71.5603
114 18.2105 71.0752
329 18.858 70.5957
897 19.4109 70.1863
220 19.8424 69.8667
970 20.3015 69.5268
132 20.9361 69.0568
924 21.5594 68.5952
267 22.2266 68.1011
720 22.2303 68.0983
971 22.2339 68.0957
957 22.2377 68.0929
507 22.241 68.0904
729 22.2441 68.0881
59 22.2471 68.0859
411 22.4539 68.6385
34 22.677 69.2351
130 22.9031 69.8396
846 23.1465 70.4902
903 23.3934 71.1504
552 23.6393 71.8077
349 23.8957 72.4932
927 24.1426 73.1533
418 24.377 73.7799
697 24.3838 73.7983
88 24.3903 73.8156
965 24.3963 73.8316
60 24.4038 73.8516
730 24.4103 73.8691
296 24.4172 73.8875
872 24.4232 73.9035
266 24.4287 73.9182
339 24.4347 73.9343
333 24.441 73.9512
825 24.4471 73.9673
270 24.4534 73.9843
571 24.3621 74.0519
252 24.2633 74.1252
124 24.1469 74.2114
608 24.0233 74.303
550 23.9141 74.384
726 23.8088 74.462
658 23.7077 74.5369
578 23.6059 74.6124
327 23.5108 74.6829
537 23.4064 74.7603
479 23.3001 74.839
99 23.2054 74.9092
591 23.1145 74.9766
878 23.0097 75.0543
501 22.8194 75.1953
604 22.5957 75.3612
701 22.3616 75.5346
490 22.141 75.6981
454 21.9471 75.8418
223 21.7302 76.0026
946 21.4661 76.1983
551 21.2006 76.3951
443 20.9694 76.5665
288 20.7295 76.7443
76 20.6763 76.7837
950 20.6262 76.8209
113 20.5723 76.8608
119 20.5184 76.9008
601 20.5184 76.9008
184 20.5184 76.9008
689 20.5184 76.9008
789 20.2518 77.1493
574 19.9716 77.4105
526 19.5951 77.7615
635 19.168 78.1597
275 18.6957 78.6001
888 17.8788 79.3617
600 16.6575 80.5003
554 11.3883 85.4136
106 11.3661 85.5598
803 11.3484 85.677
447 11.3308 85.7934
953 11.3136 85.907
914 11.2962 86.0225
678 11.2789 86.1363
39 11.2618 86.2494
1 11.2469 86.348
585 11.2325 86.4436
736 11.2312 86.4523
304 11.2297 86.4618
969 11.2284 86.4707
386 11.2271 86.4792
178 11.2259 86.4871
95 11.2245 86.4962
546 11.2232 86.5048
399 11.2218 86.5143
815 11.2204 86.5237
199 11.219 86.5331
444 11.2177 86.5414
628 11.2164 86.5502
792 11.215 86.559
247 11.2137 86.5681
90 11.2124 86.5763
169 11.2111 86.5853
436 11.2097 86.594
469 11.2084 86.6031
718 11.207 86.6124
780 11.2057 86.6211
316 11.2042 86.6307
699 11.2028 86.6398
830 11.2015 86.6483
916 11.186 86.7511
495 11.1704 86.8541
75 11.1553 86.9541
301 11.1384 87.0663
108 11.1227 87.1698
426 11.1075 87.2701
240 11.0917 87.3751
759 11.0747 87.4871
557 11.0568 87.6058
364 11.0394 87.7212
719 11.0225 87.8324
405 11.0048 87.9494
300 10.9897 88.0497
401 10.9737 88.1554
374 10.958 88.2594
827 10.9175 88.5273
711 10.886 88.7358
138 10.857 88.9274
153 10.8289 89.1137
446 10.8002 89.3033
973 10.771 89.4966
568 10.7427 89.6834
982 10.7152 89.8653
693 10.6863 90.0568
213 10.6568 90.2522
547 10.6562 90.256
868 10.6556 90.2602
263 10.655 90.264
988 10.6544 90.2679
244 11.1135 90.2556
637 11.4863 90.2456
58 11.88 90.235
13 12.2031 90.2263
200 12.5077 90.2182
435 12.8287 90.2096
380 13.2449 90.1984
236 13.8497 90.1821
750 14.4832 90.1651
761 15.2316 90.1449
431 15.6921 90.1326
227 16.0817 90.1221
442 16.455 90.1121
44 16.8407 90.1017
456 17.1988 90.0921
768 17.5355 90.0831
17 17.7796 90.0765
712 18.0293 90.0698
249 18.2811 90.063
50 18.5326 90.0563
73 18.785 90.0495
610 18.9939 90.0439
714 19.1903 90.0386
491 19.3827 90.0335
885 19.5738 90.0284
430 19.7648 90.0232
786 19.9411 90.0185
672 20.0862 90.0146
306 20.205 90.0114
409 20.3207 90.0083
115 20.4314 90.0054
593 20.5512 90.0022
651 20.6702 89.999
521 20.788 89.9958
776 20.9007 89.9928
753 21.0173 89.9897
462 21.134 89.9865
183 21.2565 89.9833
933 21.3793 89.98
441 21.5046 89.9766
871 21.6245 89.9734
48 21.7414 89.9703
2 23.2678 89.9291
886 23.5127 89.9225
611 23.7853 89.9152
36 24.0347 89.9085
15 24.2801 89.9019
96 24.5706 89.8941
833 24.8411 89.8869
695 25.1199 89.8794
28 25.4232 89.8713
806 25.7174 89.8634
253 25.9315 89.8576
773 26.1434 89.8519
41 26.3471 89.8465
172 26.5601 89.8408
631 26.7335 89.8361
696 26.9103 89.8314
392 27.0963 89.8264
918 27.2633 89.8219
428 27.4262 89.8175
368 27.586 89.8133
360 27.7535 89.8088
424 28.1682 89.7976
271 28.6153 89.7856
16 29.0309 89.7744
954 29.5003 89.7618
877 29.9783 89.749
416 30.3996 89.7377
150 30.7096 89.7294
256 31.026 89.7209
795 31.3325 89.7126
638 31.6385 89.7044
141 31.9421 89.6963
752 32.2445 89.6882
859 32.5234 89.6807
960 32.831 89.6724
20 33.1462 89.664
22 33.5271 89.6537
139 33.8949 89.6439
569 34.2364 89.6347
389 34.5567 89.6261
449 34.8208 89.619
974 35.0691 89.6124
613 35.3093 89.6059
120 35.5479 89.5995
808 35.8012 89.5927
231 36.0628 89.5857
470 36.3291 89.5786
707 36.5987 89.5713
230 36.8693 89.5641
448 37.1422 89.5567
265 37.4098 89.5496
167 37.6724 89.5425
394 38.7301 89.514
92 39.8166 89.4847
72 41.1133 89.4498
408 42.5769 89.4103
563 43.8277 89.3766
126 43.8277 89.3766
814 43.8277 89.3766
140 43.8277 89.3766
539 43.8278 89.3766
659 43.8278 89.3766
919 43.8278 89.3766
189 43.8278 89.3766
248 43.9256 89.3743
146 44.0109 89.3723
763 44.1057 89.37
343 44.1993 89.3678
181 44.2876 89.3657
738 44.381 89.3635
53 44.4833 89.3611
375 44.5891 89.3586
532 44.6937 89.3561
309 44.7912 89.3538
320 44.8961 89.3513
239 44.9932 89.349
437 45.0895 89.3467
866 45.1895 89.3443
713 45.2905 89.3419
559 45.3888 89.3396
874 45.4883 89.3373
766 45.5902 89.3348
541 45.7008 89.3322
980 45.8087 89.3297
105 45.9032 89.3274
129 45.9987 89.3252
952 46.1068 89.3226
313 46.2071 89.3202
245 46.3008 89.318
961 46.3907 89.3159
536 46.4802 89.3138
5 46.5671 89.3117
649 46.6539 89.3096
206 46.99 89.3017
548 47.3385 89.2935
807 47.9087 89.28
561 48.6294 89.263
856 49.484 89.2429
62 49.6551 89.2389
861 49.8236 89.2349
319 49.9877 89.231
530 50.1589 89.227
816 50.3376 89.2227
618 50.4965 89.219
851 50.6562 89.2152
367 50.8155 89.2114
737 50.974 89.2077
754 51.1235 89.2041
887 51.2722 89.2006
636 51.415 89.1972
940 51.5629 89.1937
690 51.7135 89.1902
118 51.8593 89.1867
895 52.0003 89.1834
434 52.1447 89.18
896 52.293 89.1764
624 52.4407 89.1729
477 52.5939 89.1693
511 52.717 89.1664
305 52.846 89.1633
23 52.9865 89.16
984 53.1276 89.1567
516 53.2531 89.1537
12 53.3879 89.1505
369 53.5195 89.1474
575 53.6469 89.1444
947 53.7662 89.1415
156 53.8873 89.1387
826 54.017 89.1356
40 54.1566 89.1323
746 54.2915 89.1291
642 54.4346 89.1257
415 54.582 89.1222
165 54.7242 89.1188
774 55.0876 89.1103
911 55.4592 89.1015
584 55.8171 89.093
185 56.1671 89.0848
882 56.4992 89.0769
344 57.1292 89.0621
317 58.0451 89.0405
880 58.9065 89.0202
259 59.8763 88.9973
202 60.9205 88.9727
229 62.0169 88.9469
775 63.4528 88.9132
992 63.8595 88.9036
567 64.2707 88.8939
273 64.6883 88.8841
464 65.1094 88.8741
620 65.5338 88.8641
937 65.9557 88.8541
622 66.3517 88.8448
801 66.748 88.8354
864 67.2175 88.8243
666 67.626 88.8147
52 68.0158 88.8055
817 68.4112 88.7961
177 68.8225 88.7864
544 69.2645 88.776
845 69.7151 88.7653
813 70.1705 88.7546
145 70.6183 88.744
823 71.0752 88.7332
42 71.5444 88.7221
318 72.0634 88.7099
159 72.604 88.6971
742 73.1139 88.6851
158 73.6055 88.6735
893 74.1036 88.6617
725 74.5558 88.6511
494 74.9613 88.6415
854 75.3611 88.632
149 75.7688 88.6224
580 76.7091 88.6002
251 78.1413 88.5666
928 80.6012 88.509
983 80.6213 88.4791
740 80.6455 88.4429
648 80.6653 88.4134
417 80.683 88.387
285 80.6987 88.3635
353 80.7264 88.3222
820 80.758 88.275
135 80.7946 88.2205
332 85.0119 81.9273
450 85.1958 81.6528
889 85.2983 81.4998
528 85.4241 81.3121
311 85.5392 81.1404
660 85.6444 80.9833
685 85.7334 80.8505
25 85.8274 80.7103
322 85.9193 80.5732
473 86.0471 80.3825
204 86.1974 80.1582
372 86.35 79.9304
497 84.5486 61.9167
977 84.1872 61.4123
170 83.8348 60.9204
242 83.4822 60.4282
506 83.1375 59.9471
684 82.788 59.4594
198 82.4357 58.9676
107 82.0876 58.4818
852 81.7094 57.954
387 81.327 57.4202
884 80.9514 56.896
838 80.5663 56.3586
932 80.1849 55.8261
136 79.816 55.3112
951 79.4446 54.793
102 79.0561 54.2507
420 78.7545 53.8298
656 78.4364 53.3858
850 78.1206 52.9451
767 77.8076 52.5081
941 77.6406 52.2752
334 77.472 52.0398
967 77.2965 51.7949
190 77.1144 51.5408
842 76.6719 48.4866
920 76.64 48.1546
609 76.6075 47.8177
29 76.5762 47.4919
232 76.5457 47.1741
745 76.5163 46.8694
274 76.4885 46.5803
466 76.4617 46.3009
323 76.4356 46.0301
592 76.411 45.7742
606 76.3861 45.5155
195 76.4891 45.2204
143 76.5896 44.9322
926 76.7114 44.5834
425 76.9535 43.8894
670 77.232 43.0913
553 77.5382 42.214
590 79.4815 36.6446
33 80.1596 34.7011
835 80.6927 33.1734
520 81.5419 30.7398
98 82.9503 26.7034
627 85.2849 20.0121
243 85.7643 18.638
345 85.9635 18.0674
483 86.1638 17.4933
260 85.9864 17.5655
