0,831,295,959,24,176,103,777,581,598,819,504,721,653,407,287,518,261,379,467,160,354,310,702,902,915,709,254,221,439,64,351,822,669,704,573,626,363,111,284,337,883,824,643,682,246,474,362,211,366,673,348,661,402,674,741,8,710,641,836,812,187,646,722,61,881,488,588,74,268,331,963,629,794,258,299,87,4,412,455,572,133,898,514,499,863,616,283,384,86,958,157,128,749,312,909,328,841,154,142,403,655,123,330,46,222,770,423,985,10,700,534,336,341,100,784,925,565,218,463,57,531,936,805,214,47,708,489,182,212,373,677,527,122,542,166,116,981,956,496,771,482,524,303,279,691,972,162,680,927,329,327,796,168,411,764,970,196,772,376,400,897,81,130,114,272,487,131,339,739,505,277,849,747,665,77,694,192,939,760,97,589,948,630,657,347,667,381,255,14,207,502,445,860,113,717,371,728,219,607,234,686,799,361,3,427,830,517,554,224,75,966,90,444,178,298,119,734,457,203,905,556,546,635,879,360,639,88,184,886,825,551,429,426,338,479,326,991,550,436,263,48,892,955,780,321,944,405,1,560,503,346,31,433,213,969,301,678,300,693,153,868,364,628,401,240,982,736,914,953,304,719,108,585,200,988,759,570,95,615,890,374,792,568,637,815,39,753,435,106,803,138,547,462,199,169,827,13,236,469,973,386,447,380,399,916,17,244,183,885,288,446,695,247,325,50,93,699,718,557,711,442,249,714,750,58,409,424,833,933,495,712,227,521,871,115,441,776,859,491,15,316,41,167,950,220,443,537,526,16,604,846,946,600,601,431,726,500,275,703,132,34,324,398,701,599,269,949,422,391,359,137,451,552,720,545,507,729,79,839,104,382,733,705,858,901,233,175,924,922,957,349,913,687,510,127,603,929,809,413,533,89,493,267,59,797,891,237,11,302,525,862,414,147,688,508,522,783,869,7,706,748,151,438,49,811,529,191,853,194,908,663,78,174,352,735,876,535,228,32,612,397,633,723,731,938,543,652,990,664,698,476,475,148,758,602,388,278,829,121,307,943,787,205,549,65,37,899,486,125,679,619,790,38,26,844,828,681,209,55,421,555,250,935,785,419,934,289,834,358,781,377,821,873,978,751,6,19,355,930,43,217,875,164,27,66,257,716,197,458,865,586,356,281,945,210,276,342,512,452,917,262,848,870,906,155,692,989,472,480,69,566,810,923,186,63,461,282,519,188,498,370,101,485,538,492,85,625,623,843,597,393,112,216,440,855,235,453,515,968,70,35,286,907,762,468,798,161,577,190,293,647,650,208,743,84,9,793,632,605,668,621,800,109,894,964,987,880,319,248,779,769,715,804,976,676,540,513,940,986,225,642,683,350,126,91,563,94,171,582,484,56,558,134,471,523,912,791,308,180,778,756,571,30,596,264,291,410,459,788,765,144,163,724,576,54,878,732,689,270,591,390,640,99,587,965,501,365,888,454,872,21,662,645,910,697,578,903,971,658,404,608,806,418,919,730,649,757,141,2,76,333,574,266,124,789,306,808,651,456,638,490,223,96,696,253,672,368,296,548,256,795,761,610,20,960,271,72,430,593,28,768,73,150,44,611,139,786,631,974,541,918,707,877,752,92,22,36,428,146,231,470,120,613,60,189,773,292,614,80,954,129,755,562,564,226,636,826,215,294,252,807,840,241,866,389,738,416,437,539,448,62,952,406,713,690,313,305,659,561,105,392,193,947,206,763,230,569,766,449,309,156,172,265,181,5,375,624,874,53,239,394,165,814,343,434,415,980,584,516,82,536,618,530,40,511,737,532,851,887,367,856,754,12,567,369,774,185,746,23,896,961,559,344,882,320,140,118,315,179,575,861,245,432,802,921,238,617,816,832,847,51,727,317,904,857,229,259,782,465,931,984,395,378,895,280,408,42,297,177,159,845,817,544,937,285,318,251,477,52,464,992,820,580,620,911,149,983,893,135,854,202,666,273,744,290,71,145,509,801,481,622,460,335,671,18,595,201,173,852,340,818,68,383,152,900,417,867,67,837,110,962,654,975,684,385,660,204,332,450,311,579,528,740,322,742,158,83,494,353,648,864,775,813,725,823,928,473,685,889,372,25,497,977,242,951,506,107,170,884,553,838,198,583,102,767,420,656,425,941,942,334,478,967,609,932,195,136,920,745,670,387,850,592,926,675,45,232,606,842,143,396,644,117,323,634,594,314,835,466,29,274,357,590,520,98,33,483,627,243,345,260,979,
value : 555.497 running time : 32.538787
0 80 20
831 65.4623 16.6943
295 64.8032 16.5444
959 64.1773 16.4022
24 63.5849 16.2675
176 62.9704 16.1278
103 62.3184 15.9795
777 62.3132 15.9799
581 62.3083 15.9802
598 62.3034 15.9806
819 62.2982 15.9809
504 62.2932 15.9812
721 62.2879 15.9816
653 48.398 16.917
407 43.8664 17.2223
287 42.8293 17.2921
518 41.9113 17.354
261 40.464 17.4515
379 39.0409 17.5473
467 38.0184 17.6162
160 36.6947 17.7054
354 31.5872 17.4267
310 31.3366 17.4131
702 31.0138 17.3955
902 30.7245 17.3797
915 30.4734 17.366
709 30.236 17.353
254 29.9721 17.3386
221 29.7392 17.3259
439 29.5238 17.3142
64 29.326 17.3034
351 29.1285 17.2926
822 28.9195 17.2812
669 28.6899 17.2687
704 28.4793 17.2572
573 28.2527 17.2449
626 28.0031 17.2313
363 27.7694 17.2185
111 27.5303 17.2055
284 27.2602 17.1907
337 27.0361 17.1785
883 26.0857 17.1267
824 24.1179 17.0194
643 21.5944 16.8817
682 18.7026 16.724
246 18.3176 16.703
474 17.7749 16.6734
362 17.2019 16.6422
211 16.9426 16.628
366 16.6857 16.614
673 16.4159 16.5993
348 16.1674 16.5857
661 15.9271 16.5726
402 15.6605 16.5581
674 15.3832 16.543
741 15.1369 16.5295
8 14.9085 16.5171
710 14.6357 16.5022
641 14.6357 16.5022
836 14.6357 16.5022
812 12.1795 15.3953
187 12.1738 15.6096
646 12.1689 15.7936
722 12.1641 15.9742
61 12.158 16.2045
881 12.1525 16.41
488 12.1463 16.6428
588 12.1207 17.6054
74 12.0946 18.5827
268 12.0838 18.9892
331 12.0751 19.3155
963 12.0665 19.6381
629 12.0586 19.9362
794 12.0025 22.0421
258 11.9726 23.1671
299 11.9434 24.2623
87 11.9142 25.3584
4 11.896 26.0444
412 11.8785 26.7021
455 11.8475 27.8686
572 11.813 29.1628
133 11.7782 30.4718
898 11.7436 31.7724
514 11.6784 34.2187
499 11.5887 37.5813
863 11.5887 37.5813
616 11.5887 37.5813
283 11.5887 37.5813
384 11.5887 37.5813
86 11.5887 37.5813
958 11.6314 40.136
157 11.6767 42.8504
128 11.6772 42.8794
749 11.6777 42.9083
312 11.6782 42.9367
909 11.6787 42.9669
328 11.6792 42.9958
841 11.6836 43.2603
154 11.6879 43.5149
142 11.692 43.7619
403 11.6955 43.9728
655 11.6989 44.1715
123 11.7023 44.3794
330 11.7058 44.5887
46 11.7097 44.8183
222 11.7139 45.0676
770 11.7175 45.2844
423 11.7211 45.5008
985 11.7247 45.7135
10 11.7357 46.3673
700 11.7481 47.1078
534 11.7638 48.0389
336 11.779 48.9393
341 11.7915 49.6832
100 11.8053 50.5041
784 11.8195 51.3499
925 11.8211 51.4407
565 11.8225 51.528
218 11.8239 51.6126
463 11.8253 51.6952
57 11.8269 51.7903
531 11.8286 51.8933
936 11.8295 51.9458
805 11.8305 52.0027
214 11.8314 52.0613
47 11.8324 52.1168
708 11.8333 52.1735
489 11.8342 52.2255
182 11.8351 52.279
212 11.836 52.3318
373 11.837 52.391
677 11.838 52.4522
527 11.8389 52.5067
122 11.8398 52.56
542 11.8398 52.56
166 11.8398 52.56
116 11.8398 52.56
981 11.9196 53.2343
956 11.9874 53.8075
496 12.0519 54.3524
771 12.133 55.0377
482 12.3407 56.7919
524 12.4567 57.7725
303 12.5454 58.5224
279 12.6486 59.3939
691 12.7723 60.4395
972 12.9038 61.5501
162 13.0696 62.9511
680 13.1898 63.9667
927 13.2957 64.8617
329 13.3441 65.2706
327 13.3998 65.7412
796 13.445 66.1235
168 13.481 66.4276
411 13.4833 66.4473
764 13.4857 66.4676
970 13.4885 66.4911
196 13.4912 66.5139
772 13.4942 66.5393
376 13.4973 66.5655
400 13.5007 66.5937
897 13.5034 66.6172
81 13.5064 66.6425
130 13.5094 66.6676
114 13.5124 66.6928
272 13.5157 66.7204
487 13.519 66.749
131 13.5197 66.7542
339 13.5204 66.7607
739 11.569 64.833
505 9.36599 62.6567
277 9.36599 62.6567
849 9.36599 62.6567
747 9.4159 63.0142
665 9.466 63.3729
77 9.51002 63.6882
694 9.55544 64.0135
192 9.59407 64.2901
939 9.63237 64.5643
760 9.67238 64.8508
97 9.71739 65.1731
589 9.7564 65.4524
948 9.80228 65.781
630 9.84349 66.0761
657 9.88317 66.3602
347 9.91672 66.6005
667 9.95854 66.9
381 9.99765 67.18
255 10.0366 67.4588
14 10.078 67.7551
207 10.1206 68.0606
502 10.1583 68.3302
445 10.1949 68.5923
860 10.2337 68.8705
113 10.2677 69.1137
717 10.2982 69.3319
371 10.3322 69.5757
728 10.3713 69.8555
219 10.4024 70.0784
607 10.4354 70.3144
234 10.4666 70.5384
686 10.521 70.9275
799 10.5709 71.2849
361 10.6264 71.6823
3 10.6743 72.025
427 10.7298 72.4225
830 10.7881 72.8405
517 10.832 73.1544
554 10.8862 73.5428
224 10.9032 73.6643
75 10.9212 73.7935
966 10.9353 73.8941
90 11.0084 74.4181
444 11.0084 74.4181
178 11.0084 74.4181
298 11.0084 74.4181
119 11.0084 74.4181
734 11.0084 74.4181
457 11.0084 74.4181
203 11.0084 74.4181
905 11.0084 74.4181
556 11.0084 74.4181
546 11.0084 74.4181
635 11.0084 74.4181
879 11.0081 74.7027
360 11.0077 75.0463
639 11.0074 75.3001
88 11.0071 75.5831
184 11.0068 75.839
886 11.0065 76.09
825 11.0063 76.323
551 11.0061 76.5549
429 11.0058 76.7826
426 11.0056 77.0318
338 11.0054 77.2431
479 11.0051 77.4967
326 11.0048 77.75
991 11.0045 77.9977
550 11.0042 78.2636
436 10.8598 79.1438
263 10.7159 80.0203
48 10.6274 80.5589
892 10.5391 81.097
955 10.4539 81.6162
780 10.3672 82.1439
321 10.2798 82.6768
944 10.1823 83.2705
405 10.0732 83.9352
1 10.0702 83.9535
560 10.0676 83.9694
503 10.0648 83.9863
346 9.92615 84.8306
31 9.74541 85.9312
433 9.56308 87.0416
213 9.29613 88.6671
969 9.29415 88.6792
301 9.29226 88.6907
678 9.29028 88.7027
300 9.28845 88.7138
693 9.28653 88.7256
153 9.28457 88.7375
868 9.28249 88.7501
364 9.2807 88.761
628 9.2789 88.772
401 9.27696 88.7838
240 9.27511 88.7951
982 9.27305 88.8076
736 9.27093 88.8205
914 9.26878 88.8336
953 9.26672 88.8461
304 9.26476 88.858
719 9.2628 88.8699
108 9.26071 88.8827
585 9.25841 88.8967
200 9.25633 88.9093
988 9.25436 88.9213
759 9.25436 88.9213
570 9.25436 88.9213
95 9.25436 88.9213
615 9.25436 88.9213
890 9.25436 88.9213
374 10.4588 88.5835
792 10.5574 88.5924
568 10.6669 88.6024
637 10.7734 88.612
815 10.8821 88.6219
39 10.9832 88.631
753 11.1065 88.6422
435 11.1993 88.6506
106 11.3093 88.6606
803 11.4302 88.6716
138 11.5579 88.6831
547 11.6749 88.6938
462 11.8159 88.7065
199 11.9288 88.7168
169 12.0468 88.7275
827 12.179 88.7395
13 12.3314 88.7533
236 12.4592 88.7649
469 12.5941 88.7771
973 12.7128 88.7879
386 12.829 88.7984
447 12.9428 88.8087
380 13.072 88.8204
399 13.2691 88.8383
916 13.4744 88.8569
17 13.6728 88.8749
244 13.864 88.8922
183 14.0619 88.9102
885 14.251 88.9273
288 14.4129 88.942
446 14.5587 88.9552
695 14.7355 88.9713
247 14.8928 88.9855
325 15.0657 89.0012
50 15.2612 89.0189
93 15.4233 89.0336
699 15.5822 89.0481
718 15.7439 89.0627
557 15.9339 89.0799
711 16.1163 89.0965
442 16.3282 89.1157
249 16.5431 89.1352
714 16.7414 89.1532
750 16.7414 89.1532
58 16.9939 89.1282
409 17.239 89.1039
424 17.2422 89.0867
833 17.2449 89.0719
933 17.2477 89.0571
495 17.2505 89.0415
712 17.253 89.0281
227 17.2554 89.0152
521 17.258 89.0014
871 17.2815 88.8743
115 17.3052 88.7457
441 17.3277 88.6241
776 17.3516 88.4947
859 17.3773 88.356
491 17.3995 88.2358
15 17.5357 87.4988
316 17.8663 85.711
41 18.2238 83.7771
167 18.5294 82.124
950 18.8191 80.5572
220 19.0405 79.3597
443 19.2315 78.3264
537 19.4266 77.2713
526 19.6146 76.2542
16 19.7765 75.3783
604 19.9617 74.3767
846 20.1458 73.3808
946 20.2696 72.7114
600 20.4121 71.9406
601 20.5558 71.1633
431 20.6711 70.5396
726 20.8588 69.5242
500 21.071 68.3762
275 21.335 66.9485
703 21.6002 65.5137
132 21.7466 64.722
34 21.9065 63.857
324 22.0522 63.0689
398 22.1509 62.535
701 22.2747 61.8656
599 22.6559 59.8034
269 23.0768 57.5272
949 23.2595 56.5389
422 23.7169 56.8009
391 24.1962 57.0755
359 24.7857 57.4131
137 24.9739 57.5209
451 25.1351 57.6133
552 25.3192 57.7187
720 25.4944 57.8191
545 25.6561 57.9117
507 25.8331 58.0132
729 26.0143 58.1169
79 26.1979 58.2221
839 26.3939 58.3344
104 26.5798 58.4409
382 26.7208 58.5217
733 26.8678 58.6058
705 27.0085 58.6864
858 27.1556 58.7707
901 27.4289 58.9273
233 27.6791 59.0706
175 27.9786 59.2422
924 27.9786 59.2422
922 28.2045 57.9807
957 28.3964 56.9089
349 28.6054 55.7416
913 28.9047 54.0704
687 29.1571 52.6609
510 29.1701 52.588
127 29.1844 52.508
603 29.1989 52.4275
929 29.2126 52.3506
809 29.2273 52.2689
413 29.2435 52.178
533 29.257 52.103
89 29.3248 51.7242
493 29.3898 51.3614
267 29.4641 50.9463
59 29.5464 50.487
797 29.6386 49.972
891 29.7189 49.5236
237 29.8053 49.0416
11 29.8983 48.5221
302 29.979 48.0715
525 30.0632 47.6012
862 30.1499 47.1172
414 30.2077 46.7947
147 30.2606 46.4993
688 30.3193 46.1713
508 30.3874 45.7909
522 30.4555 45.411
783 30.5286 45.0027
869 30.6022 44.5918
7 30.6308 44.4323
706 30.6579 44.2806
748 30.6858 44.1252
151 30.7155 43.9594
438 30.7429 43.8065
49 30.772 43.6435
811 30.8074 43.4462
529 30.8411 43.2578
191 30.8724 43.0832
853 30.8724 43.0832
194 30.8724 43.0832
908 28.5015 44.2961
663 26.7791 45.1773
78 25.5954 45.783
174 24.4348 46.3768
352 23.5318 46.8388
735 23.5318 46.8388
876 23.3284 46.6027
535 22.9604 46.1755
228 22.5806 45.7345
32 22.2849 45.3912
612 22.0219 45.0857
397 21.7983 44.8262
633 21.5608 44.5505
723 21.2693 44.212
731 20.9777 43.8735
938 20.9777 43.8735
543 20.9777 43.8735
652 20.9777 43.8735
990 21.3308 43.3338
664 21.6824 42.7964
698 21.9533 42.3824
476 22.3349 41.7991
475 22.7281 41.198
148 23.1171 40.6034
758 23.5377 39.9605
602 24.4467 38.5711
388 24.7787 38.0635
278 25.159 37.4822
829 25.4596 37.0228
121 25.7759 36.5392
307 26.1045 36.0371
943 26.2594 35.8003
787 26.4236 35.5493
205 26.5624 35.3371
549 26.7134 35.1063
65 26.862 34.8791
37 27.0163 34.6432
899 27.2195 34.3326
486 27.9086 34.2279
125 28.5699 34.1273
679 29.6203 33.9677
619 30.6111 33.817
790 32.7339 33.4943
38 33.9401 33.3109
26 38.8107 32.5705
844 43.9219 33.5834
828 46.2317 34.0412
681 46.3032 34.0554
209 46.3721 34.069
55 46.4468 34.0838
421 46.5144 34.0972
555 46.5916 34.1125
250 46.6638 34.1269
935 46.7384 34.1416
785 46.8178 34.1574
419 46.8908 34.1718
934 47.1471 34.2899
289 47.4667 34.4371
834 47.8007 34.5909
358 49.9304 35.5719
781 50.5168 35.842
377 51.0281 36.0775
821 51.4916 36.2909
873 51.4916 36.2909
978 51.4916 36.2909
751 51.4916 36.2909
6 51.4916 36.2909
19 51.4916 36.2909
355 51.4916 36.2909
930 51.4916 36.2909
43 51.4916 36.2909
217 51.4916 36.2909
875 51.4916 36.2909
164 51.4916 36.2909
27 51.4916 36.2909
66 51.4916 36.2909
257 51.4916 36.2909
716 51.4916 36.2909
197 51.4916 36.2909
458 51.4916 36.2909
865 51.4916 36.2909
586 51.4916 36.2909
356 50.0505 41.4599
281 48.9301 45.4776
945 48.9301 45.4776
210 48.9301 45.4776
276 48.9301 45.4776
342 48.9301 45.4776
512 48.9301 45.4776
452 48.9301 45.4776
917 48.9301 45.4776
262 48.9301 45.4776
848 48.9301 45.4776
870 48.9301 45.4776
906 48.9301 45.4776
155 48.9301 45.4776
692 48.9301 45.4776
989 48.9606 45.5615
472 48.9925 45.6491
480 49.0198 45.7244
69 49.396 46.7592
566 49.7732 47.7967
810 50.7206 50.4025
923 50.7463 50.4733
186 50.7713 50.5419
63 50.7946 50.6061
461 50.8224 50.6826
282 50.8522 50.7645
519 50.8522 50.7645
188 50.8522 50.7645
498 50.8522 50.7645
370 50.8522 50.7645
101 51.5908 52.0699
485 52.3252 53.368
538 52.7629 54.1417
492 53.0694 54.6834
85 53.4658 55.384
625 53.856 56.0738
623 54.177 56.6411
843 54.536 57.2758
597 55.0462 58.1775
393 55.7118 59.3538
112 56.0341 59.9233
216 56.0341 59.9233
440 56.0341 59.9233
855 56.0341 59.9233
235 56.0341 59.9233
453 56.0341 59.9233
515 56.0341 59.9233
968 56.0341 59.9233
70 56.0341 59.9233
35 56.0483 60.0167
286 56.0627 60.1113
907 56.0783 60.2134
762 56.0933 60.3113
468 56.107 60.401
798 56.12 60.4867
161 56.134 60.5782
577 56.1478 60.6682
190 56.1624 60.764
293 56.1779 60.8656
647 56.1943 60.9732
650 56.2102 61.0775
208 55.6096 61.9108
743 55.1086 62.6058
84 54.6317 63.2672
9 54.1324 63.9598
793 53.867 64.3281
632 53.5207 64.8084
605 53.2537 65.1787
668 52.9873 65.5483
621 52.7059 65.9387
800 51.8501 67.1259
109 51.2175 68.0034
894 50.5774 68.8913
964 50.0729 69.5911
987 49.3136 70.6445
880 48.3216 72.0206
319 48.3216 72.0206
248 48.2137 71.8927
779 48.0991 71.7567
769 48.0043 71.6443
715 47.8904 71.5093
804 47.7913 71.3917
976 47.7124 71.2981
676 47.6242 71.1935
540 47.5492 71.1045
513 47.473 71.0141
940 47.3952 70.922
986 47.2896 70.7967
225 47.1874 70.6754
642 47.1014 70.5734
683 46.8704 70.2994
350 46.6962 70.0929
126 46.5316 69.8976
91 46.2612 69.5769
563 45.9822 69.2459
94 45.6773 68.8844
171 45.3096 68.4482
582 45.0237 68.1091
484 44.5089 67.4986
56 43.9772 66.8679
558 43.5284 66.3357
134 43.0896 65.8152
471 42.5783 65.2087
523 42.1598 64.7123
912 41.6717 64.1335
791 41.2896 63.6802
308 40.3778 62.5988
180 39.3992 61.4382
778 39.3992 61.4382
756 38.6299 62.4009
571 38.4769 62.8189
30 38.3771 63.0917
596 38.2668 63.3929
264 38.1668 63.6662
291 38.054 63.9746
410 37.946 64.2698
459 37.839 64.562
788 37.7347 64.847
765 37.6259 65.1444
144 37.5046 65.4759
163 37.4041 65.7505
724 37.3025 66.0282
576 37.2171 66.2614
54 37.1176 66.5332
878 37.007 66.8354
732 36.9091 67.1031
689 36.7877 67.4347
270 36.6869 67.7102
591 36.6059 67.9315
390 36.5275 68.1459
640 36.4441 68.3736
99 34.6034 73.4004
587 34.5685 73.4957
965 34.5326 73.5937
501 34.496 73.6938
365 34.4592 73.7944
888 34.4143 73.917
454 34.3748 74.025
872 34.3381 74.1253
21 34.305 74.2157
662 34.2675 74.3182
645 34.2336 74.4108
910 34.1902 74.5294
697 34.1409 74.664
578 34.1007 74.7738
903 34.1007 74.7738
971 34.0834 74.8859
658 33.8459 76.4222
404 33.6463 77.7131
608 33.3741 79.4729
806 33.3509 79.6233
418 33.3274 79.775
919 33.3066 79.9093
730 33.2872 80.0348
649 33.2644 80.1827
757 33.2414 80.3313
141 33.2182 80.4811
2 33.1969 80.619
76 33.1757 80.756
333 33.1573 80.8749
574 33.1385 80.9964
266 33.1163 81.1398
124 32.9959 81.9186
789 32.8656 82.7606
306 31.9459 88.7084
808 31.8614 89.2545
651 31.7826 89.7638
456 31.7138 90.2086
638 31.708 90.2464
490 31.7013 90.2898
223 31.6947 90.3325
96 31.6863 90.3863
696 31.6785 90.4367
253 31.6716 90.4815
672 31.6643 90.5288
368 31.6567 90.5777
296 31.6502 90.6199
548 31.6429 90.6671
256 31.6356 90.7146
795 31.6273 90.7681
761 31.6186 90.8244
610 31.6105 90.8768
20 31.6026 90.9275
960 31.5953 90.9746
271 31.5883 91.0202
72 31.5806 91.0697
430 31.5718 91.1266
593 31.5637 91.1794
28 31.808 91.2431
768 32.0428 91.3044
73 32.5065 91.4254
150 32.9793 91.5487
44 33.4295 91.6662
611 34.0551 91.8295
139 34.7538 92.0118
786 35.3233 92.1604
631 35.9563 92.3256
974 37.0747 92.6174
541 38.0918 92.8828
918 37.9613 92.7429
707 37.8576 92.6318
877 37.7543 92.5212
752 37.6491 92.4085
92 37.5336 92.2847
22 37.4266 92.17
36 37.3075 92.0425
428 37.5599 91.2744
146 37.7833 90.5944
231 38.0089 89.9079
470 38.2315 89.2304
120 38.4705 88.5033
613 38.7486 87.6568
60 39.2106 86.2507
189 39.3958 85.687
773 39.5605 85.1858
292 39.7443 84.6265
614 39.9334 84.0511
80 40.1114 83.5094
954 40.1114 83.5094
129 40.2764 83.7519
755 40.4077 83.9448
562 40.543 84.1436
564 40.6781 84.3421
226 40.8091 84.5346
636 40.9655 84.7644
826 41.1053 84.9698
215 41.2395 85.1671
294 41.3739 85.3646
252 41.5069 85.5599
807 41.7099 85.8583
840 41.9129 86.1565
241 42.1332 86.4802
866 42.3716 86.8304
389 42.5693 87.1209
738 42.7455 87.3799
416 42.8912 87.594
437 43.0482 87.8247
539 43.2211 88.0788
448 43.4019 88.3443
62 43.5641 88.5827
952 43.7151 88.8045
406 43.851 89.0044
713 44.0108 89.2391
690 44.1558 89.4521
313 44.1558 89.4521
305 44.1558 89.4521
659 44.1558 89.4521
561 44.1558 89.4521
105 44.1558 89.4521
392 44.1558 89.4521
193 44.1558 89.4521
947 44.1558 89.4521
206 44.1558 89.4521
763 44.1558 89.4521
230 44.1558 89.4521
569 44.1558 89.4521
766 44.1558 89.4521
449 44.1558 89.4521
309 44.1558 89.4521
156 44.1558 89.4521
172 44.1558 89.4521
265 44.1558 89.4521
181 44.5316 89.4073
5 44.9549 89.3567
375 45.3616 89.3082
624 45.777 89.2586
874 46.0404 89.2272
53 46.3274 89.193
239 46.6619 89.153
394 46.9741 89.1158
165 47.3453 89.0715
814 47.7173 89.0271
343 48.0852 88.9832
434 48.4826 88.9358
415 48.8237 88.8951
980 49.1511 88.856
584 49.4585 88.8193
516 49.5379 88.8098
82 49.6194 88.8001
536 49.7153 88.7887
618 49.8129 88.777
530 49.9019 88.7664
40 50.0026 88.7544
511 50.0968 88.7432
737 50.1971 88.7312
532 50.2833 88.7209
851 50.3783 88.7096
887 50.4754 88.698
367 50.5711 88.6866
856 50.6689 88.6749
754 50.7559 88.6645
12 50.8474 88.6536
567 50.9441 88.6421
369 51.0232 88.6326
774 51.1031 88.6231
185 51.1919 88.6125
746 51.1919 88.6125
23 51.1919 88.6125
896 51.1919 88.6125
961 51.1919 88.6125
559 51.1919 88.6125
344 51.2772 88.4797
882 51.4567 88.2002
320 52.157 87.1098
140 52.9054 85.9444
118 53.5844 84.8872
315 54.3303 83.7259
179 54.8139 82.9729
575 55.3441 82.1474
861 55.8354 81.3824
245 56.3787 80.5363
432 57.0613 79.4735
802 57.6149 78.6116
921 58.2632 77.602
238 59.0137 76.4335
617 59.0348 76.5957
816 59.1002 77.0976
832 59.144 77.4342
847 59.1878 77.771
51 59.2356 78.138
727 59.2841 78.5105
317 59.3396 78.937
904 59.3853 79.2877
857 59.4363 79.6796
229 59.4959 80.1373
259 59.5551 80.5923
782 59.6049 80.9747
465 59.661 81.4055
931 59.714 81.8127
984 59.7689 82.2343
395 59.8107 82.5554
378 59.8552 82.8977
895 59.9009 83.2485
280 59.9663 83.7507
408 60.0381 84.3025
42 62.2129 86.6091
297 63.6437 88.1265
177 65.343 89.9288
159 67.0051 91.6915
845 67.0952 91.7871
817 67.1872 91.8847
544 67.28 91.9831
937 67.3675 92.0759
285 67.4714 92.1861
318 67.573 92.2938
251 67.6692 92.3958
477 67.759 92.491
52 67.8632 92.6015
464 67.9648 92.7093
992 68.071 92.8219
820 68.1938 92.9521
580 68.1938 92.9521
620 68.1938 92.9521
911 68.1938 92.9521
149 69.5932 93.0167
983 71.0302 93.083
893 70.7983 92.5197
135 70.5431 91.8998
854 69.7937 90.0794
202 68.9447 88.0173
666 68.7459 87.2015
273 68.5136 86.2481
744 68.2371 85.1135
290 68.0291 84.2603
71 67.9752 84.0392
145 67.9224 83.8224
509 67.8571 83.5545
801 67.8136 83.3758
481 67.7713 83.2024
622 67.728 83.0246
460 67.6744 82.8048
335 67.629 82.6186
671 68.6433 80.7604
18 70.2525 77.8126
595 72.5221 73.6549
201 72.5719 73.5638
173 72.6194 73.4767
852 72.6692 73.3854
340 72.7156 73.3005
818 72.7613 73.2167
68 72.8194 73.1102
383 73.2907 72.9772
152 73.6707 72.8699
900 74.0456 72.764
417 74.4118 72.6606
867 74.7725 72.5588
67 75.1531 72.4513
837 75.7486 72.2831
110 76.3822 72.1042
962 76.9736 71.9373
654 77.618 71.7553
975 78.614 71.4741
684 79.7063 71.1656
385 80.474 73.2568
660 81.3174 75.5539
204 81.2091 76.016
332 81.1041 76.464
450 80.9995 76.91
311 80.8169 77.6893
579 80.5726 78.7314
528 80.309 79.8558
740 79.9653 81.3222
322 79.6185 82.8019
742 79.4309 83.602
158 79.2462 84.3901
83 79.2084 84.5513
494 79.1617 84.7504
353 79.1197 84.9298
648 79.1029 85.0014
864 79.083 85.0863
775 79.0629 85.172
813 79.0415 85.2634
725 79.0221 85.346
823 79.0006 85.4378
928 82.7976 87.5746
473 83.5785 85.9701
685 84.3806 84.3221
889 85.0739 82.8976
372 86.2093 80.5649
25 86.1223 79.3342
497 84.959 62.8763
977 84.1131 62.0944
242 83.3634 61.4015
951 82.6989 60.7874
506 82.2402 60.3634
107 81.7552 59.9151
170 81.1705 59.3747
884 80.4498 58.7086
553 79.6241 57.9454
838 79.1721 57.5276
198 78.6927 57.0845
583 78.1553 56.5878
102 77.6547 56.1252
767 77.2207 55.7241
420 76.882 55.411
656 76.5319 55.0874
425 76.1817 54.7637
941 75.8383 54.4463
942 75.4826 54.1176
334 75.1701 53.8288
478 74.8015 53.488
967 74.6248 53.3248
609 74.4311 53.1458
932 74.2733 52.9999
195 74.1053 52.8446
136 73.9459 52.6974
920 73.0167 51.8386
745 72.0011 50.8999
670 71.6384 50.5647
387 71.3235 50.2736
850 70.9024 49.8845
592 70.452 49.4683
926 69.9658 49.0189
675 69.4734 48.5638
45 69.0878 48.2075
232 69.0878 48.2075
606 69.0878 48.2075
842 69.0878 48.2075
143 69.0878 48.2075
396 69.0878 48.2075
644 69.1833 47.0405
117 69.2753 45.9153
323 69.3892 44.523
634 69.4912 43.2755
594 69.4912 43.2755
314 71.0559 41.2394
835 73.0135 38.6922
466 73.0868 38.5967
29 73.1628 38.4979
274 73.2426 38.394
357 73.3166 38.2977
590 78.7693 31.2025
520 80.5359 28.9037
98 83.6128 24.9
33 84.0492 23.6375
483 86.1709 17.5001
627 86.0857 17.5346
243 85.998 17.5701
345 85.9036 17.6084
260 85.8162 17.6438
979 83.7047 18.4992
