0,260,483,243,345,979,33,627,98,590,835,274,520,592,967,466,323,920,232,609,926,425,670,553,745,195,977,583,656,850,29,951,136,932,838,334,198,852,884,387,684,420,242,450,170,497,201,107,332,506,383,311,685,25,372,528,889,204,660,928,473,322,494,893,648,983,864,666,854,83,42,823,813,177,845,464,159,251,725,297,149,622,318,775,742,817,740,135,417,353,820,52,580,620,158,145,832,579,68,385,987,290,931,465,818,71,110,837,481,744,67,440,962,975,727,937,18,801,904,395,285,317,816,369,575,185,229,378,544,737,273,992,690,477,62,861,118,911,9,826,415,562,564,248,782,179,280,406,921,800,335,94,193,567,980,887,851,12,952,313,961,530,367,618,434,259,624,896,584,344,880,202,165,882,40,754,126,814,140,539,659,856,511,305,23,984,516,947,156,319,774,940,541,231,636,265,766,389,874,105,129,245,536,5,649,206,548,807,408,72,738,146,763,343,181,292,746,642,416,561,375,532,309,320,239,437,866,713,559,613,394,448,230,707,470,569,454,449,270,614,253,271,631,22,20,859,139,960,752,92,167,974,256,795,638,141,172,918,53,877,611,773,241,424,786,44,885,672,76,36,28,808,96,954,150,120,2,593,368,392,441,761,871,409,768,753,651,431,469,428,919,806,430,93,15,456,17,712,249,50,73,610,491,115,696,306,41,521,776,462,183,933,714,227,288,750,444,988,547,868,263,380,244,637,58,13,200,435,695,833,213,247,792,203,628,360,236,31,827,711,138,153,446,973,568,982,693,90,106,803,447,953,914,678,39,1,585,736,304,969,386,178,95,546,399,815,199,401,169,436,718,780,316,699,916,495,301,108,426,240,759,557,364,719,405,300,442,796,556,892,321,75,326,944,615,479,554,445,88,630,570,728,905,991,886,77,939,325,376,665,966,667,657,860,457,346,272,14,517,277,97,427,374,207,371,482,48,686,948,890,830,607,224,298,734,381,524,398,551,443,113,946,500,255,680,131,799,3,739,338,184,81,168,694,429,639,487,433,955,717,400,219,879,503,114,502,361,119,970,130,162,275,747,784,924,560,132,600,418,846,903,552,349,927,689,950,490,501,604,701,339,220,825,697,757,574,526,635,537,124,550,726,658,333,296,223,608,789,16,965,60,730,578,872,266,601,971,99,640,733,291,327,888,729,587,878,662,507,571,80,56,788,901,533,645,359,144,404,558,175,676,410,683,910,226,294,802,779,715,134,109,986,513,857,632,91,540,769,82,484,523,563,235,894,840,895,163,215,724,459,189,591,252,225,171,308,264,743,576,596,350,315,617,791,582,968,453,855,432,468,755,281,804,976,595,509,671,112,51,460,900,478,654,668,173,867,152,964,847,286,396,538,485,216,605,208,293,190,650,842,767,102,941,262,577,282,810,188,942,623,117,85,907,625,340,238,393,519,70,492,945,498,101,217,161,843,472,798,69,762,923,84,793,35,515,647,597,43,197,63,356,906,848,342,875,357,186,194,522,989,452,155,606,675,644,314,143,66,594,751,45,421,458,978,681,55,289,935,419,785,250,276,844,870,781,6,831,27,828,716,873,164,930,358,821,355,790,865,257,634,377,209,19,555,692,853,566,480,586,549,748,834,811,467,307,787,7,278,709,221,486,64,160,612,205,943,602,191,388,414,664,917,783,706,147,508,876,778,397,619,413,525,543,535,603,438,391,913,38,679,11,633,687,324,59,151,210,862,461,512,34,720,267,621,471,89,735,756,922,370,545,929,365,809,732,765,30,705,54,839,79,912,382,599,390,49,493,127,104,302,688,180,891,237,21,269,137,957,174,279,908,797,403,758,510,451,677,897,329,489,663,565,411,956,128,234,531,347,496,182,731,100,708,925,142,760,214,218,122,303,422,703,192,849,764,981,196,772,909,47,222,691,233,938,698,341,154,589,527,336,312,990,228,771,78,476,858,936,652,330,542,373,352,499,972,749,423,770,116,805,534,505,157,57,166,328,46,212,616,384,10,123,283,863,958,700,32,723,949,37,463,148,841,475,655,86,514,4,65,985,87,794,74,710,133,898,836,299,125,354,474,258,348,455,412,331,268,963,572,61,629,881,211,362,741,187,722,8,702,674,646,812,643,661,402,673,682,254,641,588,488,366,379,869,121,529,829,915,899,284,439,902,669,824,518,310,111,704,261,573,287,883,822,407,626,653,363,246,26,351,337,934,103,598,24,581,504,777,959,176,295,819,721,
value : 453.894 running time : 211.552425
0 80 20
260 86.2684 17.5916
483 86.2684 17.5916
243 86.1571 18.089
345 85.9942 18.8169
979 85.8291 19.5542
33 85.2857 21.9824
627 85.1988 22.3707
98 84.0463 27.521
590 83.1968 31.3167
835 82.4583 34.6165
274 81.951 36.8834
520 81.5366 38.735
592 81.0008 41.1286
967 80.5921 42.9546
466 80.4028 43.8005
323 80.199 44.711
920 79.9199 45.9579
232 79.6927 46.9726
609 79.4375 48.1129
926 79.106 49.594
425 79.1585 49.795
670 79.2074 49.9819
553 79.2625 50.1929
745 79.3143 50.391
195 79.4221 50.8036
977 79.5405 51.2567
583 79.6229 51.5718
656 79.7051 51.8865
850 79.7733 52.1474
29 79.8375 52.3931
951 79.9332 52.7594
136 80.0297 53.1284
932 80.1247 53.4921
838 80.2251 53.8762
334 80.326 54.2623
198 80.4171 54.6108
852 80.512 54.974
884 80.5686 55.1907
387 80.6292 55.4223
684 80.6957 55.677
420 80.7558 55.907
242 82.6777 59.0787
450 84.89 62.7301
170 84.89 62.7301
497 84.89 62.7301
201 84.95 63.4251
107 85.0074 64.0913
332 85.175 66.0355
506 85.3031 67.5204
383 85.5397 70.2654
311 85.9251 74.737
685 86.2442 78.4402
25 86.3204 79.3237
372 86.367 79.8635
528 85.9717 80.4562
889 85.5294 81.1193
204 85.249 81.5398
660 84.9237 82.0275
928 80.6007 88.5093
473 80.2423 88.5169
322 79.8425 88.5254
494 79.388 88.5351
893 78.9753 88.5438
648 78.5562 88.5527
983 78.137 88.5616
864 77.3056 88.5793
666 76.5183 88.596
854 75.8027 88.6112
83 75.1215 88.6257
42 74.624 88.6362
823 74.3159 88.6428
813 74.0279 88.6489
177 73.7122 88.6556
845 73.7122 88.6556
464 73.7122 88.6556
159 73.7122 88.6556
251 73.7122 88.6556
725 73.7122 88.6556
297 73.7122 88.6556
149 73.7122 88.6556
622 73.7122 88.6556
318 73.7122 88.6556
775 73.7122 88.6556
742 73.7122 88.6556
817 73.7122 88.6556
740 73.7122 88.6556
135 73.7122 88.6556
417 73.6636 88.537
353 73.6266 88.4468
820 73.5875 88.3513
52 73.5411 88.2382
580 73.4916 88.1173
620 73.3479 87.7665
158 72.5394 85.7931
145 71.2424 82.6276
832 69.3308 77.9623
579 68.8056 76.6803
68 68.2667 75.3651
385 68.2667 75.3651
987 68.0929 75.4052
290 67.9577 75.4364
931 67.8154 75.4693
465 67.6959 75.4969
818 67.5775 75.5242
71 67.4443 75.5549
110 67.3133 75.5852
837 67.1373 75.6258
481 66.9552 75.6678
744 66.7753 75.7094
67 66.592 75.7517
440 66.4065 75.7945
962 66.2208 76.1599
975 66.0114 76.5719
727 65.5431 77.4935
937 65.003 78.5563
18 64.5033 79.5396
801 64.0185 80.4937
904 63.5794 81.3579
395 62.8789 82.7363
285 62.1686 84.134
317 62.0506 84.3662
816 61.9254 84.6126
369 61.8079 84.8439
575 61.6843 85.0871
185 61.5531 85.3452
229 61.4551 85.5381
378 61.3408 85.7632
544 61.2067 86.027
737 60.6414 86.096
273 60.1257 86.1589
992 59.571 86.2266
690 58.9795 86.2988
477 58.4287 86.366
62 57.8061 86.4421
861 57.2732 86.5071
118 56.7915 86.5659
911 56.3035 86.6254
9 55.9378 86.6591
826 55.2864 86.7192
415 54.7883 86.7651
562 54.2794 86.812
564 54.2794 86.812
248 54.2794 86.812
782 54.2794 86.812
179 54.2794 86.812
280 54.2794 86.812
406 54.2794 86.812
921 54.2794 86.812
800 54.2794 86.812
335 54.2794 86.812
94 54.2794 86.812
193 54.02 86.9417
567 53.8191 87.0421
980 53.5656 87.1689
887 53.3166 87.2934
851 53.0559 87.4237
12 52.8035 87.5499
952 52.5323 87.6855
313 52.264 87.8197
961 51.9849 87.9592
530 51.92 87.9917
367 51.858 88.0227
618 51.7926 88.0553
434 51.7265 88.0884
259 51.6673 88.118
624 51.6011 88.151
896 51.5399 88.1816
584 51.4796 88.2118
344 51.4158 88.2437
880 51.3509 88.245
202 51.2912 88.2462
165 51.2307 88.2474
882 51.1707 88.2487
40 51.1072 88.2499
754 51.0449 88.2512
126 50.9815 88.2525
814 50.922 88.2537
140 50.8626 88.2549
539 50.8043 88.2561
659 50.7468 88.2573
856 50.6901 88.2584
511 50.6245 88.2598
305 50.5576 88.2611
23 50.492 88.2625
984 50.1617 88.2694
516 49.3976 88.2858
947 48.6141 88.3027
156 47.8492 88.3191
319 47.0516 88.3362
774 46.27 88.353
940 45.4678 88.3702
541 44.6556 88.3876
231 43.7848 88.4064
636 42.9551 88.4242
265 42.0947 88.4427
766 42.0947 88.4427
389 42.0947 88.4427
874 42.0947 88.4427
105 42.0947 88.4427
129 42.0947 88.4427
245 42.0947 88.4427
536 42.0947 88.4427
5 42.0947 88.4427
649 42.0947 88.4427
206 42.0946 88.4427
548 42.0946 88.4427
807 42.0946 88.4427
408 42.0946 88.4427
72 42.0946 88.4427
738 42.0946 88.4427
146 42.0946 88.4427
763 42.0946 88.4427
343 42.0946 88.4427
181 42.0946 88.4427
292 42.0946 88.4427
746 42.0945 88.4427
642 42.0945 88.4427
416 42.0945 88.4427
561 42.0945 88.4427
375 42.0945 88.4427
532 42.0945 88.4427
309 41.6777 88.4383
320 41.2619 88.4339
239 40.8265 88.4293
437 40.3895 88.4247
866 39.9334 88.4199
713 39.4754 88.4151
559 38.9936 88.41
613 38.2845 88.4024
394 37.5691 88.3948
448 36.8307 88.3869
230 36.0984 88.379
707 35.3529 88.3711
470 34.6017 88.3631
569 33.8364 88.3549
454 33.0072 88.3461
449 32.9785 88.3636
270 32.9505 88.3806
614 32.9196 88.3995
253 32.8794 88.424
271 32.8394 88.4485
631 32.8 88.4725
22 32.8 88.4725
20 32.8 88.4725
859 32.8 88.4725
139 32.8 88.4725
960 32.8 88.4725
752 32.8 88.4725
92 32.8 88.4725
167 32.8 88.4725
974 32.8 88.4725
256 32.5993 88.4809
795 32.3915 88.4895
638 32.1882 88.498
141 31.9882 88.5063
172 31.7961 88.5143
918 31.5834 88.5231
53 31.3911 88.5311
877 31.0824 88.5439
611 30.7216 88.5589
773 30.4942 88.5684
241 30.2641 88.5779
424 29.9619 88.5905
786 29.7239 88.6004
44 29.468 88.611
885 29.2465 88.6202
672 29.0458 88.6286
76 28.824 88.6378
36 28.6121 88.6466
28 28.4126 88.6549
808 28.2209 88.6628
96 28.0142 88.6714
954 27.8025 88.6802
150 27.5862 88.6892
120 27.3602 88.6986
2 27.126 88.7083
593 26.8571 88.7195
368 26.6351 88.7287
392 26.4425 88.7367
441 26.1802 88.7476
761 25.9522 88.7571
871 25.7195 88.7668
409 25.5167 88.7752
768 25.3061 88.784
753 25.1048 88.7923
651 24.9247 88.7998
431 24.7493 88.8071
469 24.5787 88.8142
428 24.4282 88.8204
919 24.2643 88.8273
806 24.0545 88.836
430 23.6969 88.8508
93 23.2873 88.8679
15 22.9784 88.8807
456 22.7091 88.8919
17 22.4273 88.9036
712 22.1738 88.9141
249 21.9355 88.924
50 21.705 88.9336
73 21.4859 88.9427
610 21.2281 88.9534
491 20.9449 88.9652
115 20.6594 88.9771
696 20.4113 88.9874
306 20.1445 88.9985
41 19.8269 89.0117
521 19.4791 89.0261
776 19.0549 89.0437
462 18.661 89.0601
183 18.3022 89.075
933 17.93 89.0905
714 17.5609 89.1058
227 16.3042 89.158
288 14.8909 89.2168
750 12.7025 89.3077
444 11.1441 89.3725
988 9.8343 89.4269
547 9.83383 89.412
868 9.83338 89.3978
263 9.83288 89.3822
380 9.8324 89.3671
244 9.83183 89.349
637 9.83137 89.3344
58 9.83089 89.3193
13 9.83047 89.3062
200 9.83004 89.293
435 9.82958 89.2784
695 9.82903 89.2609
833 9.82856 89.2462
213 9.82814 89.233
247 9.8247 89.1238
792 9.82136 89.0176
203 9.81815 88.9158
628 9.81526 88.8241
360 9.81243 88.7345
236 9.80993 88.6554
31 9.80704 88.5639
827 9.80464 88.4881
711 9.80183 88.3992
138 9.79877 88.3023
153 9.7956 88.2016
446 9.7926 88.1066
973 9.78971 88.0149
568 9.78661 87.9168
982 9.78339 87.8145
693 9.78034 87.7178
90 9.77721 87.6185
106 9.77467 87.5382
803 9.77178 87.4466
447 9.76893 87.3565
953 9.76606 87.2656
914 9.76321 87.1751
678 9.76036 87.085
39 9.75743 86.9922
1 9.75424 86.8908
585 9.75114 86.7927
736 9.74772 86.6839
304 9.74454 86.5831
969 9.74119 86.4769
386 9.73769 86.3658
178 9.73395 86.2467
95 9.73067 86.1429
546 9.72731 86.0362
399 9.7242 85.9378
815 9.72114 85.8408
199 9.71809 85.744
401 9.71471 85.6368
169 9.71131 85.529
436 9.70797 85.4231
718 9.70484 85.3239
780 9.70157 85.2202
316 9.6986 85.126
699 9.69554 85.0291
916 9.69237 84.9289
495 9.68926 84.8304
301 9.68618 84.7327
108 9.68288 84.6282
426 9.67948 84.5203
240 9.67623 84.4171
759 9.67315 84.3196
557 9.67025 84.2279
364 9.66715 84.1298
719 9.6639 84.0267
405 9.66076 83.9271
300 9.64522 83.4308
442 9.6305 82.9612
796 9.61055 82.323
556 9.5933 81.7724
892 9.57812 81.288
321 9.56183 80.7682
75 9.54634 80.2738
326 9.53064 79.7728
944 9.51607 79.3084
615 9.50097 78.8266
479 9.48533 78.3275
554 9.47077 77.8633
445 9.45522 77.3668
88 9.4424 76.9585
630 9.4271 76.4701
570 9.41719 76.1551
728 9.40606 75.8004
905 9.39497 75.4473
991 9.38201 75.0337
886 9.36924 74.6262
77 9.34803 73.9484
939 9.3321 73.44
325 9.35064 73.4404
376 9.36548 73.4407
665 9.38093 73.441
966 9.39667 73.4413
667 9.41425 73.4416
657 9.43326 73.442
860 9.45172 73.4423
457 9.46924 73.4426
346 9.48606 73.4429
272 9.50186 73.4432
14 9.51669 73.4435
517 9.5327 73.4438
277 9.55017 73.4442
97 9.56802 73.4445
427 9.58449 73.4448
374 9.6016 73.4451
207 9.61709 73.4454
371 9.63421 73.4458
482 9.65375 73.4461
48 9.67135 73.4465
686 9.68635 73.4467
948 9.70267 73.4471
890 9.71841 73.4473
830 9.7343 73.4477
607 9.75012 73.448
224 9.76674 73.4483
298 9.78397 73.4486
734 9.80109 73.4489
381 9.81996 73.4493
524 9.84179 73.4497
398 9.86192 73.4501
551 9.88102 73.4504
443 9.89969 73.4508
113 9.91501 73.4511
946 9.93025 73.4514
500 9.94305 73.4516
255 9.95535 73.4518
680 9.97007 73.4521
131 9.98378 73.4524
799 9.99762 73.4526
3 10.0136 73.4529
739 10.03 73.4532
338 10.0457 73.4535
184 10.0626 73.4539
81 10.077 73.4541
168 10.0915 73.4544
694 10.104 73.4547
429 10.1193 73.4549
639 10.1328 73.4552
487 10.1486 73.4555
433 10.1617 73.4557
955 10.1757 73.456
717 10.1884 73.4562
400 10.2033 73.4565
219 10.2168 73.4568
879 10.2312 73.4571
503 10.2462 73.4573
114 10.2608 73.4576
502 10.2759 73.4579
361 10.2907 73.4582
119 10.304 73.4584
970 10.318 73.4587
130 10.333 73.459
162 10.3476 73.4593
275 10.3625 73.4595
747 10.3625 73.4595
784 11.8127 73.52
924 14.1225 73.6163
560 16.2442 73.7047
132 18.4178 73.7953
600 20.4454 73.8798
418 22.4505 73.9633
846 22.5896 73.8987
903 22.7192 73.8385
552 22.8347 73.7848
349 22.9534 73.7297
927 23.062 73.6792
689 23.1701 73.629
950 23.2725 73.5814
490 23.3775 73.5326
501 23.5084 73.4718
604 23.6249 73.4176
701 23.7375 73.3653
339 23.8526 73.3118
220 23.9744 73.2552
825 24.0952 73.1991
697 24.2266 73.138
757 24.3589 73.0766
574 24.4976 73.0121
526 24.6257 72.9526
635 24.7526 72.8937
537 24.8807 72.8342
124 25.0086 72.7747
550 25.129 72.7188
726 25.2548 72.6603
658 25.3864 72.5992
333 25.5189 72.5376
296 25.6534 72.4751
223 25.7877 72.4127
608 25.9142 72.354
789 26.0548 72.2886
16 26.1939 72.224
965 26.3351 72.1585
60 26.4689 72.0963
730 26.6032 72.0339
578 26.7333 71.9735
872 26.8759 71.9072
266 27.0113 71.8443
601 27.1501 71.7798
971 27.2923 71.7137
99 27.4337 71.6481
640 27.5874 71.5767
733 27.6133 71.5646
291 27.6399 71.5523
327 27.6528 71.5463
888 27.6673 71.5396
729 27.6844 71.5316
587 27.7007 71.5241
878 27.7178 71.5161
662 27.734 71.5086
507 27.7498 71.5013
571 29.0462 71.3728
80 30.3374 71.2448
56 31.1376 71.1656
788 31.7844 71.1016
901 32.5004 71.0307
533 36.6538 70.6186
645 36.9895 70.5855
359 37.3423 70.5506
144 37.717 70.5135
404 38.0827 70.4773
558 38.4637 70.4397
175 38.7836 70.408
676 39.1118 70.3756
410 39.411 70.346
683 39.6983 70.3176
910 39.9753 70.2902
226 40.2564 70.2625
294 40.5625 70.2322
802 40.8759 70.2012
779 41.1377 70.1753
715 41.3897 70.1504
134 41.6505 70.1246
109 41.9176 70.0982
986 42.0323 70.0869
513 42.1436 70.0759
857 42.2583 70.0646
632 42.363 70.0542
91 42.4592 70.0447
540 42.5486 70.0359
769 42.65 70.0259
82 42.65 70.0259
484 42.65 70.0259
523 42.65 70.0259
563 42.65 70.0259
235 42.65 70.0259
894 42.65 70.0259
840 42.65 70.0259
895 42.65 70.0259
163 42.65 70.0259
215 42.65 70.0259
724 42.65 70.0259
459 42.65 70.0259
189 42.65 70.0259
591 42.8566 69.969
252 43.1456 69.8893
225 43.5036 69.7907
171 43.8448 69.6966
308 44.1974 69.5995
264 44.6954 69.4622
743 45.1646 69.3329
576 45.5417 69.229
596 45.938 69.1198
350 46.4803 68.9703
315 47.1522 68.7851
617 47.4013 68.7165
791 47.6357 68.6519
582 47.8518 68.5923
968 48.0595 68.5351
453 48.2589 68.4802
855 48.4579 68.4253
432 48.6652 68.3682
468 48.8508 68.317
755 49.0178 68.2711
281 49.2836 68.1978
804 49.5935 68.1124
976 49.9428 68.0161
595 55.4372 66.5014
509 56.7454 66.1409
671 57.8534 65.8355
112 59.5409 65.3704
51 61.9543 64.7051
460 61.9543 64.7051
900 61.9543 64.7051
478 61.8853 64.5541
654 61.8234 64.4185
668 61.7486 64.2549
173 61.6794 64.1034
867 61.6091 63.9497
152 61.5285 63.7732
964 61.4126 63.5195
847 61.3113 63.2979
286 61.1838 63.0188
396 61.0768 62.7846
538 60.9868 62.5877
485 60.8967 62.3905
216 60.8117 62.2044
605 60.7349 62.0365
208 60.6489 61.8484
293 60.557 61.6471
190 60.4717 61.4605
650 60.3876 61.2764
842 60.2874 61.0572
767 60.2874 61.0572
102 60.2874 61.0572
941 60.2874 61.0572
262 59.8301 60.3699
577 59.6968 60.1697
282 59.5697 59.9786
810 59.4379 59.7805
188 59.3004 59.5739
942 59.1774 59.3891
623 59.0327 59.1718
117 58.9167 58.9974
85 58.8098 58.8367
907 58.7121 58.6899
625 58.6056 58.5299
340 58.5033 58.3762
238 58.2986 58.0686
393 58.0656 57.7185
519 57.6374 57.075
70 57.2933 56.5579
492 56.9375 56.0232
945 56.6794 55.6353
498 56.5135 55.386
101 56.3457 55.1339
217 56.1831 54.8896
161 56.1078 54.7765
843 56.0134 54.6346
472 55.9305 54.51
798 55.8665 54.4139
69 55.7925 54.3027
762 55.7436 54.2292
923 55.668 54.1156
84 55.602 54.0164
793 55.5243 53.8997
35 55.4497 53.7875
515 55.3723 53.6713
647 55.1956 53.4057
597 54.1823 51.8828
43 53.3123 50.5754
197 52.6154 49.528
63 52.3782 49.1716
356 52.1442 48.8199
906 52.1442 48.8199
848 52.1442 48.8199
342 52.1442 48.8199
875 52.1442 48.8199
357 52.1442 48.8198
186 51.7015 48.209
194 51.1814 47.4913
522 50.7399 46.8822
989 50.4032 46.4176
452 51.1514 46.0309
155 52.0516 45.5654
606 53.5792 44.7757
675 54.1661 44.4723
644 54.6056 44.2451
314 54.9896 44.0466
143 55.3045 43.8838
66 54.8031 42.8015
594 54.3652 41.8562
751 53.9017 40.8557
45 53.5403 40.0758
421 53.1103 39.1476
458 52.819 38.519
978 52.5257 37.8861
681 52.1584 37.0932
55 51.8 36.3197
289 51.4804 35.63
935 51.2782 35.1937
419 51.0715 34.7477
785 51.0715 34.7477
250 51.0715 34.7477
276 51.0715 34.7477
844 51.0715 34.7477
870 51.0715 34.7477
781 51.0715 34.7477
6 51.0715 34.7477
831 51.0715 34.7477
27 51.0715 34.7477
828 51.0715 34.7477
716 51.0715 34.7477
873 51.0715 34.7477
164 51.0715 34.7477
930 51.0715 34.7477
358 51.0715 34.7477
821 51.0715 34.7477
355 50.5247 34.6673
790 49.9007 34.5755
865 49.4671 34.5118
257 49.0385 34.4487
634 48.7096 34.4003
377 48.1575 34.3192
209 47.025 34.1526
19 45.9425 33.9934
555 44.6941 33.8098
692 42.8357 33.5366
853 41.2647 33.3055
566 39.8373 33.0956
480 38.158 32.8487
586 36.3343 32.5805
549 34.0825 32.2494
748 32.8082 32.062
834 32.7407 32.052
811 32.6659 32.041
467 32.5982 32.0311
307 32.5184 32.0193
787 32.4436 32.0083
7 32.3715 31.9977
278 32.2933 31.9862
709 32.2147 31.9746
221 32.1358 31.963
486 32.0609 31.9519
64 31.99 31.9415
160 31.5011 32.337
612 30.8742 32.8441
205 30.3731 33.2493
943 29.9505 33.5912
602 30.0704 34.3355
191 30.2482 35.4399
388 30.4311 36.575
414 30.5877 37.5474
664 30.7284 38.4209
917 30.8703 39.3019
783 30.9972 40.0899
706 31.1148 40.8202
147 31.2332 41.555
508 31.3098 42.0305
876 31.3851 42.4979
778 31.4536 42.9227
397 31.5108 43.2776
619 31.5734 43.6663
413 31.6354 44.0509
525 31.6941 44.4152
543 31.7532 44.7823
535 31.8125 45.1499
603 31.876 45.544
438 31.9287 45.8714
391 31.9873 46.2353
913 32.0412 46.5696
38 32.0916 46.8822
679 32.1442 47.2088
11 32.2103 47.6185
633 32.2841 48.0769
687 32.3487 48.4777
324 32.4289 48.9754
59 32.4971 49.3991
151 32.549 49.7212
210 32.6286 50.2151
862 32.6989 50.6513
461 32.8439 51.5517
512 32.973 52.3533
34 33.2675 54.182
720 33.2867 54.3014
267 33.2867 54.3014
621 33.2867 54.3014
471 33.1881 54.3835
89 33.0778 54.4753
735 32.9643 54.5699
756 32.8746 54.6446
922 32.7921 54.7133
370 32.7026 54.7878
545 32.5992 54.8739
929 32.5076 54.9503
365 32.4147 55.0276
809 32.3288 55.0991
732 32.2395 55.1735
765 32.1393 55.2569
30 32.0395 55.34
705 31.9351 55.427
54 31.8457 55.5014
839 31.7499 55.5812
79 31.6497 55.6647
912 31.5623 55.7374
382 31.4671 55.8167
599 31.3815 55.888
390 31.3055 55.9512
49 31.2405 56.0054
493 31.1599 56.0725
127 31.0866 56.1336
104 30.9994 56.2061
302 30.9209 56.2716
688 30.8343 56.3436
180 30.7516 56.4125
891 30.6291 56.5145
237 30.506 56.6171
21 30.3652 56.7343
269 29.1351 56.6063
137 27.811 56.4686
957 26.1859 56.2994
174 24.3625 56.1097
279 23.4489 56.0146
908 22.7306 55.9399
797 21.9871 55.8625
403 21.3431 55.7956
758 20.6809 55.7267
510 20.1023 55.6665
451 19.3601 55.5893
677 18.54 55.504
897 17.8991 55.4373
329 17.1428 55.3586
489 16.2927 55.2702
663 15.8945 55.2288
565 15.4739 55.185
411 15.0634 55.1423
956 13.2898 54.9578
128 10.4619 54.6634
234 10.4619 54.6634
531 10.4619 54.6634
347 10.4619 54.6634
496 10.4632 54.6491
182 10.4644 54.6354
731 10.4657 54.6216
100 10.4667 54.6108
708 10.4677 54.6
925 10.4687 54.5892
142 10.4697 54.5781
760 10.4707 54.5674
214 10.4717 54.5558
218 10.4728 54.5446
122 10.4738 54.5335
303 10.4748 54.5229
422 10.4757 54.5128
703 10.4767 54.5023
192 10.4777 54.4913
849 10.4788 54.4792
764 10.4797 54.4688
981 10.4807 54.4578
196 10.4818 54.4463
772 10.4829 54.4343
909 10.4841 54.4209
47 10.4852 54.4091
222 10.4862 54.3978
691 10.4872 54.3875
233 10.4882 54.3766
938 10.5372 53.8415
698 10.5825 53.3468
341 10.6249 52.8837
154 10.6663 52.4318
589 10.7038 52.022
527 10.7482 51.5371
336 10.7988 50.984
312 10.851 50.4149
990 10.8998 49.8818
228 10.9396 49.4474
771 10.9759 49.0506
78 11.0107 48.6703
476 11.0374 48.3793
858 11.0618 48.1123
936 11.0865 47.8426
652 11.1133 47.5501
330 11.1399 47.2589
542 11.1636 47
373 11.1883 46.7308
352 11.2136 46.4545
499 11.2395 46.1716
972 11.2404 46.161
749 11.2416 46.1482
423 11.2428 46.135
770 11.2439 46.1237
116 11.2448 46.1136
805 11.2459 46.1019
534 11.247 46.089
505 11.2482 46.0766
157 11.2493 46.0638
57 11.2505 46.0507
166 11.2518 46.0371
328 11.4599 43.7655
46 11.5908 43.5575
212 11.7185 43.3546
616 11.8458 43.1525
384 11.9682 42.958
10 12.0931 42.7596
123 12.2102 42.5736
283 12.3314 42.3812
863 12.4494 42.1936
958 12.5717 41.9993
700 12.6992 41.7969
32 12.8219 41.602
723 12.9353 41.4219
949 13.0402 41.2553
37 13.1476 41.0847
463 13.1333 40.8622
148 13.1179 40.622
841 13.1024 40.38
475 13.0856 40.1175
655 12.9531 38.0447
86 12.7115 34.2658
514 12.6703 33.6211
4 12.6358 33.0838
65 12.6109 32.6946
985 12.5835 32.2666
87 12.5551 31.8239
794 12.5242 31.3406
74 12.4979 30.9309
710 12.4748 30.5702
133 12.4524 30.2203
898 12.4299 29.8695
836 12.5345 29.1164
299 12.6371 28.3778
125 12.7312 27.6999
354 12.8926 26.5379
474 12.8514 25.6232
258 12.8153 24.8207
348 12.777 23.9685
455 12.7492 23.3502
412 12.7195 22.6899
331 12.6948 22.1402
268 12.6697 21.5818
963 12.6388 20.8947
572 12.6054 20.1522
61 12.5599 19.1412
629 12.5261 18.3882
881 12.5046 17.9104
211 12.4902 17.591
362 12.4765 17.2848
741 12.4624 16.9725
187 12.4465 16.6175
722 12.4288 16.2246
8 12.4228 16.0923
702 12.4173 15.9702
674 12.4064 15.727
646 12.3957 15.4885
812 12.3855 15.2631
643 13.7847 15.9461
661 14.3878 16.2405
402 14.9032 16.4922
673 15.3943 16.7319
682 15.8962 16.977
254 16.5821 17.3119
641 17.1828 17.6051
588 17.6852 17.8504
488 18.2878 18.1446
366 20.8607 19.4005
379 26.9548 22.3747
869 27.9574 22.8642
121 28.6988 23.2261
529 29.5832 23.6579
829 29.5832 23.6579
915 30.0003 23.3797
899 30.4351 23.0897
284 31.041 22.6855
439 31.6635 22.2703
902 32.3797 21.7925
669 35.6527 19.6093
824 36.1297 19.3133
518 39.2637 17.368
310 39.2637 17.368
111 39.2637 17.368
704 39.2637 17.368
261 39.2637 17.368
573 39.2637 17.368
287 39.2637 17.368
883 39.2637 17.368
822 39.2637 17.368
407 39.2637 17.368
626 39.2637 17.368
653 39.2637 17.368
363 39.2637 17.368
246 39.2637 17.368
26 40.0296 17.3216
351 40.7574 17.2776
337 43.154 17.1325
934 46.6847 16.9189
103 62.2736 15.976
598 63.3941 16.2303
24 64.263 16.4276
581 65.0183 16.599
504 65.8181 16.7806
777 66.5255 16.9412
959 67.3952 17.1386
176 68.3088 17.346
295 69.3673 17.5863
819 70.5394 17.8524
721 73.3502 18.4905
