0,61,60,120,119,14,13,118,117,12,59,11,36,116,58,88,89,115,56,57,87,35,55,34,86,85,83,53,84,54,32,33,30,31,52,82,80,81,51,50,29,1,49,79,78,77,37,104,103,38,39,105,2,3,4,41,106,40,107,42,108,6,5,44,43,109,45,111,110,8,7,9,46,47,112,48,114,113,90,91,75,10,21,76,93,92,94,74,23,73,22,95,96,72,24,71,26,25,70,97,98,69,99,28,27,68,100,101,102,126,125,67,124,20,66,18,19,65,123,17,64,16,121,122,15,62,63,
value : 553 running time : 4.117687
0 100 100
61 134.995 87.0838
60 140.705 84.9751
120 153.2 87.668
119 152.816 84.8858
14 152.385 81.7687
13 151.83 77.7466
118 151.405 74.6662
117 150.288 66.5547
12 150.131 65.4227
59 149.976 64.3015
11 149.96 59.0457
36 149.951 55.9843
116 150.529 53.1386
58 151.706 47.3306
88 152.557 43.134
89 152.799 41.9391
115 151.618 42.1332
56 139.434 44.1331
57 138.761 44.2437
87 138.074 44.3568
35 129.745 45.7243
55 126.878 46.1956
34 125.217 46.4687
86 124.136 43.0999
85 118.533 43.138
83 105.688 43.2246
53 105.614 43.4178
84 105.543 43.602
54 104.947 45.1557
32 104.417 46.5378
33 104.33 46.7626
30 85.7143 46.7935
31 85.6144 46.5217
52 85.0347 44.9445
82 84.4328 43.307
80 75 43.6602
81 75 43.6602
51 73.4954 44.0053
50 71.0856 44.5578
29 68.8856 45.0623
1 60.9747 45.0476
49 59.4958 44.7572
79 57.9965 44.4628
78 50.729 43.0401
77 46.8552 42.2805
37 47.3349 45.848
104 47.8499 49.6778
103 47.9121 50.1406
38 48.592 55.1954
39 49.2956 60.4264
105 49.7041 63.4637
2 50.0797 66.2553
3 51.0547 74.5331
4 51.6419 79.5097
41 49.9638 80.0123
106 48.3556 80.4939
40 48.558 82.2177
107 48.9167 85.2782
42 49.5001 90.2627
108 49.86 93.3329
6 51.3397 100
5 51.3397 100
44 50.0722 105.714
43 49.9705 106.171
109 49.859 106.673
45 48.6399 117.089
111 48.356 119.507
110 48.5518 119.565
8 51.4619 120.436
7 51.6416 120.49
9 50.0816 133.728
46 49.8848 135.142
47 49.6858 136.572
112 49.5822 137.317
48 48.1417 147.706
114 47.8208 150.016
113 47.7516 150.514
90 46.7628 157.634
91 50.8479 156.706
75 60.947 154.415
10 62.2948 154.108
21 64.7969 153.54
76 65.1785 155.017
93 65.5653 156.515
92 65.6206 156.729
94 78.296 155.146
74 81.4353 154.45
23 85 153.66
73 85 153.66
22 85 153.66
95 91.0999 155.061
96 99.4213 155.017
72 100.343 154.914
24 101.264 154.811
71 108.231 154.04
26 114.49 153.345
25 114.548 153.536
70 115.022 155.107
97 115.485 156.638
98 119.858 156.128
69 125.095 155.518
99 128.335 155.14
28 135 153.66
27 135 153.66
68 138.753 154.49
100 142.149 155.24
101 148.978 156.731
102 153.212 157.657
126 152.741 154.263
125 151.968 148.683
67 151.745 147.081
124 150.35 137.006
20 150.257 136.338
66 149.977 134.324
18 149.985 130.944
19 149.99 128.896
65 149.999 125.097
123 150.001 124.921
17 149.961 119.122
64 149.94 116.093
16 150.867 112.058
121 151.34 110
122 151.34 110
15 145.654 104.006
62 139.353 103.454
63 133.49 102.941
