0,5,41,4,107,108,42,106,3,40,2,105,39,104,38,77,37,78,103,79,49,1,29,80,50,30,51,81,52,82,31,32,53,54,83,33,84,85,34,55,35,86,87,36,56,57,89,88,58,115,116,59,11,117,12,13,118,14,60,61,119,15,62,120,16,121,63,122,17,64,123,19,65,124,18,66,20,28,125,102,101,67,126,100,68,99,69,27,98,26,70,97,72,71,24,25,96,95,74,23,73,22,94,93,76,21,75,92,114,48,91,90,113,10,47,45,9,112,46,8,111,109,44,43,110,6,7,
value : 530.284 running time : 78.814598
0 100 100
5 65.0559 92.7177
41 56.0012 90.8307
4 53.6804 90.3471
107 48.5891 89.2861
108 48.1409 89.1927
42 48.3876 87.2471
106 49.7496 76.5019
3 50.02 74.3685
40 50.021 70.911
2 50.0225 65.6711
105 49.7257 63.4757
39 49.2579 60.0186
104 48.5 54.4163
38 47.889 49.9003
77 46.8578 42.2781
37 47.6412 42.432
78 48.3698 42.5751
103 49.0998 42.7185
79 57.115 44.2926
49 59.066 44.6758
1 60.9443 45.0447
29 69.9465 45.0006
80 70.0392 44.9998
50 73.9375 44.9999
30 79.9532 45.0003
51 80.0004 45
81 80.0475 44.9997
52 86.0659 44.9997
82 89.9686 44.9998
31 90.0247 45.0002
32 99.9636 45.0002
53 100.014 44.9999
54 100.062 44.9996
83 100.094 44.9993
33 109.972 45.0002
84 110.026 44.9998
85 119.975 44.9998
34 120.03 45.0002
55 123.947 45.0002
35 129.968 45.0002
86 130.037 44.9996
87 139.401 44.9821
36 139.611 45.0076
56 139.827 44.964
57 144.912 43.9406
89 153.148 42.2832
88 152.998 43.3646
58 152.655 45.8349
115 152.302 48.3826
116 151.47 54.3921
59 150 65
11 150 65
117 150 65.0674
12 150 68.0871
13 150 71.9206
118 150 74.9481
14 149.999 75.0697
60 149.999 75.1079
61 150 84.9727
119 150 85.0285
15 150 91.0452
62 150 94.9706
120 150 95.0271
16 150 101.08
121 150 104.969
63 150 105.026
122 150 114.956
17 150 115
64 150 115.044
123 150 124.978
19 150 125.055
65 149.999 125.099
124 150 134.909
18 150 134.947
66 149.999 135.055
20 149.973 140.517
28 149.955 144.056
125 150.617 147.426
102 152.722 158.142
101 152.136 158.063
67 151.569 157.986
126 151.037 157.914
100 142.897 156.813
68 138.111 156.165
99 131.939 155.33
69 130.625 155.152
27 129.34 154.978
98 120.026 155
26 119.993 155
70 116.354 155.024
97 111.093 155.06
72 108.088 154.37
71 106.672 154.044
24 105 153.66
25 105 153.66
96 98.9065 155.06
95 90.0594 155.001
74 89.9463 155
23 89.9047 154.999
73 86.0214 155
22 80.0331 155
94 79.9745 155
93 70.0516 155
76 70 155
21 70 155
75 65.4996 155.621
92 58.1064 156.64
114 49.0237 157.893
48 48.4643 157.97
91 47.874 158.052
90 47.2711 158.135
113 49.3684 147.488
10 50.0449 144.053
47 50.0269 140.395
45 50.0003 134.974
9 50.0002 134.958
112 49.9997 134.93
46 50.0077 131.061
8 50.0192 125.619
111 49.7336 123.366
109 48.141 110.807
44 48.3541 110.763
43 48.5804 110.716
110 48.8359 110.662
6 57.7976 108.795
7 63.3525 107.637
