0,64,17,65,122,123,18,124,19,28,66,20,125,102,67,126,101,100,68,27,69,70,98,99,26,25,71,97,24,72,96,95,22,74,23,94,73,93,21,10,75,91,76,92,48,114,90,47,113,46,112,8,9,111,110,45,7,6,44,109,43,5,108,107,41,42,4,3,106,105,40,2,1,38,104,39,37,77,103,78,79,29,50,49,80,30,81,52,82,31,51,32,83,84,53,33,54,34,85,56,55,86,35,36,87,57,89,88,58,115,116,117,11,59,12,60,118,13,61,119,120,15,14,121,63,62,16,
value : 532.996 running time : 22.090631
0 100 100
64 135.612 113.984
17 143.019 116.893
65 145.481 117.859
122 151.463 120.208
123 151.075 124.05
18 150.692 127.828
124 150.127 133.408
19 149.447 136.465
28 148.66 140
66 148.66 140
20 149.478 143.705
125 150.239 147.148
102 152.673 158.194
67 151.96 158.091
126 151.3 157.996
101 148.187 157.546
100 141.767 156.618
68 137.337 155.978
27 130.489 154.988
69 128.533 155.47
70 126.392 155.997
98 125 156.34
99 125 156.34
26 118.907 154.94
25 110.136 154.998
71 110.035 154.999
97 109.935 155
24 100.065 155
72 99.9647 155.001
96 99.8645 155.002
95 91.0928 155.06
22 85 153.66
74 85 153.66
23 85 153.66
94 80 155
73 80 155
93 70.0628 155
21 69.8945 154.999
10 61.0951 154.94
75 60.5769 155.059
91 55 156.34
76 55 156.34
92 54.9999 156.34
48 51.3823 156.989
114 48.0812 157.582
90 46.928 157.789
47 48.0637 149.595
113 48.6567 145.318
46 49.4181 139.827
112 49.8425 136.768
8 51.3397 130
9 51.3397 130
111 49.9401 123.907
110 49.9978 115.15
45 49.9985 115.067
7 50.0005 114.929
6 50.0009 105.093
44 50.0007 105.049
109 49.9996 104.956
43 49.9998 101.273
5 50.0004 95.0431
108 49.9995 94.9515
107 49.999 85.1187
41 49.9991 85.086
42 49.9992 85.0537
4 50.0004 84.9521
3 50.0005 75.0463
106 49.9995 74.951
105 49.9992 65.0927
40 49.9995 65.0456
2 50.0009 64.9325
1 50.0449 55.9469
38 49.9831 55.6336
104 49.9228 55.3275
39 49.9008 55.2163
37 48.4079 47.6341
77 47.2713 41.865
103 48.2843 42.0047
78 51.6595 42.4702
79 59.14 43.5019
29 69.9999 45
50 69.9999 45
49 69.9999 45
80 70.0696 44.9995
30 79.9559 45.0004
81 80.047 44.9995
52 86.3321 44.9994
82 89.908 44.9994
31 89.9607 45.0003
51 89.9701 45.0003
32 99.9559 45.0005
83 100.051 44.9994
84 109.907 44.9991
53 109.953 44.9993
33 110.055 45.0005
54 113.658 45.0005
34 119.953 45.0004
85 120.046 44.9995
56 124.027 44.9995
55 126.018 44.9995
86 129.947 44.9996
35 130.077 45.001
36 139.056 45.0447
87 141.685 44.528
57 145.54 43.7709
89 153.143 42.2784
88 153.022 43.1674
58 152.708 45.4875
115 152.39 47.8371
116 151.525 54.2337
117 150.338 63.0054
11 150.245 63.6891
59 149.978 65.6615
12 149.986 69.048
60 149.999 74.9445
118 150 75.0327
13 149.988 78.6059
61 149.969 84.2169
119 150.382 86.7689
120 151.246 92.1083
15 151.41 93.1188
14 151.565 94.0751
121 152.3 98.6195
63 145.87 98.789
62 144.365 98.8287
16 142.92 98.8668
