0,7,6,110,109,43,111,44,8,46,45,9,112,113,47,90,48,114,92,91,10,21,76,75,93,94,22,95,74,73,23,24,96,97,72,25,71,26,98,70,99,27,69,100,68,102,126,101,125,67,28,20,124,66,19,65,123,122,18,17,64,121,63,62,16,120,119,15,61,14,60,118,12,13,117,59,11,116,89,115,58,88,87,57,35,36,86,85,34,56,55,33,84,32,54,53,83,31,81,52,82,30,80,50,51,29,49,37,79,103,78,77,104,1,38,39,2,105,3,106,40,4,41,107,42,108,5,
value : 530.787 running time : 45.159458
0 100 100
7 63.1591 107.678
6 57.8985 108.774
110 48.6506 110.701
109 48.1411 110.807
43 48.4026 112.87
111 49.6691 122.862
44 49.7724 123.677
8 50.0199 125.631
46 50.0206 129.004
45 50.021 131.084
9 50.0216 134.342
112 49.7627 136.295
113 48.533 145.565
47 47.9122 150.246
90 46.9142 157.775
48 47.9404 157.593
114 48.8652 157.429
92 55 156.34
91 55 156.34
10 61.0939 154.94
21 69.8095 154.998
76 69.865 154.998
75 69.9576 154.999
93 70.0522 155
94 79.9487 155
22 80.0519 155
95 89.8817 155.001
74 89.9128 155.001
73 89.9799 155
23 90.0487 155
24 99.9507 155
96 100.055 155
97 109.892 155.001
72 109.932 155
25 110.068 155
71 113.859 155
26 119.95 155
98 120.062 155
70 123.818 155.004
99 129.591 155.008
27 129.734 154.996
69 134.054 155.587
100 140.67 156.491
68 145.23 157.114
102 152.726 158.138
126 152.53 157.144
101 152.336 156.159
125 150.738 148.035
67 150.513 146.889
28 149.955 144.055
20 149.972 140.703
124 150 135.021
66 150 134.94
19 150 131.178
65 150 125.048
123 150 124.943
122 150.001 115.097
18 150 115.068
17 150 115.008
64 150 114.947
121 150 105.056
63 150 104.951
62 149.999 95.108
16 150 95.0686
120 150 94.9546
119 150.001 85.1066
15 150 85.0677
61 150 84.9497
14 150 81.1244
60 150 75.0531
118 150 74.9401
12 150.004 71.125
13 150.006 68.9333
117 150.009 65.4195
59 149.996 65.2726
11 151.104 57.3647
116 151.857 51.9867
89 153.206 42.3379
115 152.059 42.5895
58 150.136 43.0112
88 148.255 43.4236
87 142.163 44.7603
57 138.858 45.4891
35 135 46.3397
36 135 46.3397
86 128.907 44.9401
85 120.121 44.999
34 120.032 45.0001
56 120.023 45.0001
55 116.293 45.0002
33 110.05 45.0003
84 109.947 44.9997
32 100.121 45.0009
54 100.091 45.0007
53 100.041 45.0003
83 99.9896 45
31 91.093 45.0599
81 85 43.6603
52 85 43.6603
82 85 43.6603
30 78.912 45.0594
80 70.3861 44.9925
50 70.3439 44.9961
51 70.3015 44.9997
29 70.2588 45.0033
49 62.4371 43.9341
37 57.3637 43.2406
79 55.4561 42.9798
103 48.8758 42.0804
78 48.0873 41.9726
77 47.2747 41.8614
104 49.4623 52.9848
1 50.0448 55.9452
38 50.0318 58.6067
39 50.0149 62.0462
2 50.001 64.8986
105 49.9998 65.0572
3 50.0005 74.9241
106 50 75.0046
40 50.0324 78.6018
4 50.0788 83.7474
41 49.6376 85.4042
107 49.1903 87.0842
42 48.8054 88.53
108 48.4897 89.7156
5 62.071 92.427
