0,7,6,110,43,109,111,44,8,46,45,9,112,114,47,113,90,48,91,92,76,10,21,75,93,22,94,95,73,74,23,24,96,97,72,25,71,98,70,26,27,68,99,100,69,102,101,126,125,67,28,20,124,66,19,65,18,17,123,122,64,121,63,62,16,120,119,15,61,14,60,118,12,117,59,13,11,115,116,89,88,58,87,36,57,35,86,85,56,34,33,55,84,54,32,83,53,52,31,51,82,81,30,50,29,80,79,49,78,103,77,37,104,1,39,38,2,105,106,40,3,107,42,108,4,41,5,
value : 529.958 running time : 98.131515
0 100 100
7 63.8256 107.541
6 57.6034 108.837
110 48.801 110.672
43 48.462 110.742
109 48.1397 110.809
111 49.6329 122.583
44 49.7566 123.557
8 50.0201 125.633
46 50.021 128.86
45 50.0216 131.043
9 50.0226 134.328
112 49.6802 136.856
114 47.9639 149.543
47 47.8745 150.203
113 47.7725 150.956
90 46.8581 157.722
48 49.4573 157.212
91 51.9528 156.722
92 56.9954 155.731
76 59.0021 155.337
10 60.9447 154.955
21 69.936 154.999
75 69.9878 155
93 70.0392 155
22 79.9711 155
94 80.0276 155
95 89.8912 155.001
73 89.9097 155.001
74 89.9295 155
23 90.0357 155
24 99.9703 155
96 100.028 155
97 109.904 155.001
72 109.926 155
25 110.035 155
71 114.002 155
98 119.967 155
70 120.005 155
26 120.044 155
27 129.337 154.978
68 131.344 155.25
99 132.33 155.383
100 137.523 156.086
69 139.319 156.329
102 152.722 158.142
101 152.45 156.754
126 151.879 153.85
125 150.78 148.253
67 150.518 146.924
28 149.955 144.057
20 149.973 140.521
124 150 135.006
66 150 134.971
19 150 131.025
65 150 125.035
18 150 124.98
17 150 124.926
123 150.001 124.906
122 150 115.028
64 150 114.971
121 150 105.029
63 150 104.973
62 149.999 95.0988
16 150 95.0746
120 150 94.9656
119 150.001 85.0924
15 150 85.0689
61 150 84.9667
14 150 80.9879
60 150 75.0311
118 150 74.965
12 150.005 69.2462
117 150.008 65.4117
59 149.996 65.2655
13 150.017 65.117
11 151.147 56.8468
115 152.057 50.1887
116 152.193 49.1908
89 153.138 42.2741
88 150.282 42.8359
58 146.775 43.5261
87 142.326 44.4012
36 139.055 45.0448
57 135.479 45.0272
35 130.056 45.0005
86 129.963 44.9999
85 120.102 44.9994
56 120.078 44.9996
34 119.965 45.0002
33 110.097 45.0006
55 110.074 45.0004
84 109.962 44.9998
54 105.967 45
32 100.028 45.0001
83 99.9702 44.9998
53 96.9023 44.9999
52 93.1081 45.0001
31 90.034 45.0002
51 89.9277 44.9996
82 89.9053 44.9994
81 80.0308 44.9998
30 79.958 45.0003
50 74.395 45.0132
29 70.6618 45.0219
80 68.2085 44.6899
79 60.7383 43.6791
49 56.8132 43.1479
78 51.751 42.4629
103 48.4602 42.0176
77 47.2784 41.8575
37 48.2211 46.6578
104 49.3597 52.4562
1 50.0446 55.9431
39 50.0293 59.0759
38 50.0183 61.3011
2 50.0005 64.9433
105 49.9998 65.035
106 49.9922 74.6048
40 49.9976 74.6776
3 50.0031 74.7519
107 48.8135 84.0067
42 48.3799 87.3792
108 48.1458 89.1995
4 53.4765 90.3097
41 56.212 90.8795
5 65.6047 92.8362
