0,63,64,18,17,122,65,123,124,66,20,19,125,102,67,126,101,100,27,68,69,28,26,70,98,99,97,25,71,96,24,73,72,23,95,22,94,74,93,21,76,75,92,91,48,114,90,112,47,113,46,9,10,8,111,45,7,44,109,110,6,43,5,42,41,108,107,4,3,2,39,106,40,105,104,38,1,37,77,103,79,78,50,49,80,29,51,81,30,31,52,32,53,83,82,84,54,33,34,55,85,86,57,56,36,35,87,89,58,88,115,11,116,117,59,60,12,118,13,14,15,61,119,121,120,62,16,
value : 542.656 running time : 11.144831
0 100 100
63 136.254 113.989
64 141.031 115.832
18 147.098 118.172
17 149.1 118.945
122 151.204 119.757
65 149.991 125.413
123 150.02 125.636
124 150.009 134.573
66 149.996 134.726
20 150.63 139.25
19 151.015 142.001
125 151.906 148.371
102 153.206 157.662
67 152.234 157.449
126 151.36 157.257
101 148.458 156.62
100 142.148 155.236
27 135 153.66
68 135 153.66
69 135 153.66
28 135 153.66
26 125.679 153.231
70 125.13 154.904
98 124.623 156.448
99 124.573 156.601
97 111.093 155.159
25 109.475 154.986
71 105.895 154.992
96 100.036 155
24 99.9516 155
73 95.8503 155
72 94.1379 155
23 90.0488 155
95 89.9511 155
22 80.0479 155
94 79.9475 155
74 76.6531 155.002
93 70.3542 155.006
21 70.2297 154.997
76 65.807 155.519
75 63.6405 155.775
92 58.6509 156.363
91 52.5237 157.086
48 50.2004 157.36
114 47.837 157.639
90 46.8889 157.751
112 48.0065 140.991
47 48.2963 140.885
113 48.5726 140.783
46 50.0367 140.244
9 51.4153 139.737
10 51.521 139.698
8 50.1447 126.075
111 49.9893 124.538
45 50.0173 121.161
7 50.0592 116.086
44 49.3994 113.216
109 48.6603 110
110 48.6603 110
6 50.06 103.906
43 50.0361 100.331
5 50.0012 95.1063
42 50.0003 95.0178
41 49.9994 94.9298
108 49.9993 94.916
107 49.9851 85.5451
4 50.1715 83.8667
3 51.131 75.2238
2 51.6544 70.5092
39 50.1128 70.0435
106 48.3612 69.5145
40 48.5628 67.7874
105 48.9819 64.1989
104 49.9168 56.1918
38 49.9626 55.7998
1 50.0083 55.4081
37 48.4942 47.8547
77 47.2894 41.8457
103 48.319 41.9857
79 54.5979 42.8391
78 55.0825 42.905
50 62.8598 43.9619
49 65.0161 44.255
80 68.5336 44.7331
29 70.6549 45.0215
51 76.3467 44.9985
81 79.469 44.9859
30 81.1443 45.1714
31 88.7584 46.0142
52 91.4843 46.316
32 94.4981 46.6496
53 94.9874 45.0414
83 95.4462 43.5336
82 95.502 43.3503
84 108.708 44.8117
54 109.632 44.914
33 110.543 45.0148
34 119.928 45.0005
55 120.018 44.9996
85 120.107 44.9987
86 128.906 44.94
57 131.95 45.639
56 133.377 45.9668
36 135 46.3397
35 135 46.3397
87 142.147 44.7645
89 153.21 42.3413
58 153.117 43.0099
88 153.031 43.6298
115 152.608 46.6875
11 151.886 51.8959
116 151.388 55.4933
117 150.283 63.4687
59 149.977 65.6761
60 149.999 74.9193
12 149.999 74.9343
118 150 75.0631
13 150 77.9712
14 150 82.1002
15 150 85
61 150 85
119 150.311 86.8561
121 152.284 98.6391
120 151.648 98.6556
62 145.975 98.8033
16 143.957 98.8558
