0,7,6,109,44,43,110,111,112,45,8,10,46,9,47,113,90,114,48,92,91,75,21,93,76,22,94,95,74,73,23,72,96,97,71,24,25,26,70,98,99,69,27,28,68,100,67,126,102,101,125,20,124,66,18,19,65,123,64,122,17,121,15,63,62,16,120,119,61,60,14,117,118,59,13,12,36,116,11,89,115,88,58,57,87,86,35,56,85,33,55,54,34,84,83,32,53,31,52,82,81,51,30,29,80,50,79,49,1,78,77,103,104,37,38,2,105,39,106,40,3,42,107,41,108,5,4,
value : 535.729 running time : 13.041636
0 100 100
7 62.5274 108.055
6 58.1616 108.993
109 47.8362 111.212
44 47.8565 112.322
43 47.8746 113.314
110 47.9318 116.436
111 48.0732 124.129
112 48.1669 129.229
45 49.7784 129.834
8 51.6796 130.547
10 51.3398 140
46 51.3398 140
9 51.3398 140
47 50.4851 143.87
113 49.759 147.159
90 47.3343 158.202
114 48.2337 158.075
48 51.2041 157.656
92 54.5778 157.179
91 55.0989 157.105
75 66.0261 155.561
21 69.9997 155
93 69.9997 155
76 69.9998 155
22 79.9388 154.999
94 80.065 155.001
95 89.6721 155.005
74 89.6965 155.004
73 89.7385 155.001
23 89.78 154.998
72 97.0776 155.815
96 100.789 156.231
97 104.502 156.647
71 105.066 154.791
24 105.504 153.349
25 110.072 153.855
26 118.923 154.835
70 119.735 154.925
98 120.544 155.015
99 129.923 155.001
69 130.014 155
27 130.106 154.999
28 139.057 154.955
68 140.519 155.243
100 142.031 155.54
67 147.938 156.7
126 151.987 157.495
102 153.142 157.722
101 152.992 156.609
125 151.696 147.03
20 151.146 142.966
124 150.246 136.316
66 149.978 134.339
18 149.986 130.84
19 149.99 129.072
65 149.999 125.064
123 150.001 124.946
64 149.999 115.054
122 150.001 114.946
17 150.001 111.679
121 150.001 105.065
15 149.999 104.933
63 149.999 104.906
62 149.999 95.0922
16 149.999 95.0654
120 150.001 94.9343
119 150.001 85.0616
61 149.998 84.9017
60 149.94 76.0933
14 150.025 75.722
117 151.34 70
118 151.34 70
59 150 65.0001
13 150 65.0001
12 149.984 61.7573
36 149.956 55.9421
116 150.463 53.3573
11 151.311 49.0405
89 152.722 41.8579
115 151.857 41.975
88 149.667 42.2715
58 146.819 42.6573
57 142.734 43.2104
87 139.961 43.5859
86 131.466 44.7364
35 129.374 45.0196
56 126.421 44.9916
85 121.08 44.9415
33 115 46.3397
55 115 46.3397
54 115 46.3397
34 115 46.3397
84 108.907 44.9401
83 100.101 44.9984
32 99.9382 45.0005
53 96.7094 45.0005
31 90.0738 45.0006
52 90.0011 45
82 89.9281 44.9994
81 80.0725 44.9994
51 80.0011 45
30 79.93 45.0006
29 70.0505 45.0005
80 69.9275 44.9992
50 66.7332 44.9934
79 60.5944 44.9823
49 60.49 44.995
1 60.3877 45.0075
78 50.2975 42.9802
77 46.8485 42.2868
103 47.2817 45.4414
104 48.0541 51.0671
37 48.2426 52.4398
38 48.8905 57.1582
2 50.0036 65.2681
105 49.9914 65.4138
39 49.9919 68.4287
106 49.9925 74.6129
40 49.9978 74.6806
3 50.0032 74.7482
42 48.5549 86.0178
107 48.4266 87.0152
41 48.2944 88.043
108 48.1457 89.1994
5 58.0119 91.2542
4 62.4127 92.1707
