0,5,4,41,107,42,108,106,40,3,2,105,39,38,103,104,77,37,79,49,78,1,29,80,81,50,51,52,30,82,53,31,32,83,54,84,33,55,34,85,56,35,86,87,57,89,88,58,115,116,11,36,117,13,59,12,118,60,14,61,15,119,62,120,16,121,63,64,17,18,123,122,19,65,124,20,28,66,125,101,126,67,102,69,100,68,99,27,26,71,98,97,70,25,24,72,96,95,23,22,73,94,74,93,75,21,76,10,92,48,91,114,90,47,113,112,9,46,45,8,111,44,110,43,109,6,7,
value : 530.616 running time : 57.802455
0 100 100
5 66.512 93.0207
4 59.4305 91.5446
41 52.9132 90.1863
107 48.7437 89.3175
42 48.4481 89.2559
108 48.1404 89.1919
106 49.6744 77.087
40 49.8495 75.7089
3 50.0202 74.3646
2 50.0219 65.6612
105 49.732 63.4797
39 49.2787 60.0637
38 48.6063 54.996
103 47.9493 50.0454
104 47.8455 49.263
77 46.9133 42.2253
37 50.8463 42.9232
79 55 43.6602
49 55 43.6602
78 55 43.6602
1 61.0938 45.06
29 69.8744 45.0016
80 70.067 44.9996
81 79.835 44.9984
50 79.8651 44.9987
51 79.9802 44.9996
52 80.0955 45.0006
30 80.1203 45.0009
82 89.9514 44.9997
53 90.1147 45.001
31 90.1503 45.0014
32 99.9315 45.0005
83 100.072 44.9995
54 105.934 44.9995
84 109.932 44.9995
33 110.069 45.0005
55 115.941 45.0005
34 119.932 45.0005
85 120.054 44.9997
56 125.637 45.0131
35 129.338 45.022
86 131.645 44.7092
87 140.04 43.5735
57 144.848 42.9231
89 152.722 41.8579
88 152.473 43.1244
58 152.055 45.2546
115 151.648 47.3295
116 150.702 52.1439
11 150.326 54.0614
36 149.955 55.9447
117 150 64.9738
13 149.999 65.1059
59 149.999 65.1447
12 149.999 69.1319
118 150 74.934
60 150 75.0665
14 150 80.9254
61 150 84.9441
15 150.001 85.108
119 150.001 85.1459
62 149.999 94.9315
120 150 95.0633
16 150 100.93
121 150 104.932
63 149.998 105.135
64 149.94 113.907
17 150.435 116.061
18 150.958 118.337
123 151.34 120
122 151.34 120
19 150.07 125.511
65 149.944 126.061
124 150.056 133.941
20 149.173 137.776
28 148.66 140
66 148.66 140
125 150.239 147.156
101 152.125 155.77
126 152.301 156.574
67 152.474 157.363
102 152.659 158.21
69 139.296 156.359
100 137.841 156.158
68 135.194 155.791
99 131.617 155.296
27 129.321 154.977
26 120.067 154.999
71 119.887 155.001
98 119.85 155.001
97 110.152 155.001
70 110.114 155.001
25 109.949 155
24 100.077 154.999
72 99.9999 155
96 99.9228 155.001
95 90.0727 155.001
23 89.9322 155
22 80.1519 154.999
73 80.1123 154.999
94 79.9441 155
74 75.9132 155
93 70.0858 155.001
75 69.9822 155
21 69.8784 154.999
76 64.4836 154.973
10 60.9439 154.955
92 57.8034 155.573
48 53.7308 156.372
91 50.5258 157.002
114 48.1738 157.463
90 46.8579 157.722
47 47.9251 149.831
113 48.5743 145.031
112 49.7099 136.635
9 50.0226 134.328
46 50.0218 131.618
45 50.0209 128.322
8 50.0201 125.633
111 49.7427 123.45
44 49.1263 118.584
110 48.6663 114.953
43 48.3359 112.345
109 48.141 110.807
6 57.546 108.847
7 63.6835 107.568
