0,63,64,16,62,15,121,120,119,61,13,14,118,12,59,60,11,117,116,115,89,88,58,87,57,56,36,35,34,55,85,86,84,83,54,33,53,52,31,32,82,51,81,30,29,80,79,50,78,49,77,103,104,38,1,37,105,106,40,39,2,3,41,4,42,107,5,108,43,6,110,109,44,7,45,8,111,112,9,10,46,47,114,48,113,90,91,76,21,93,92,75,74,94,23,73,22,95,96,72,24,25,97,71,98,26,70,68,27,99,100,69,101,102,126,67,66,20,28,125,123,19,124,65,122,18,17,
value : 547.876 running time : 10.195616
0 100 100
63 133.747 104.433
64 138.702 105.085
16 143.118 103.265
62 145.04 102.472
15 148.959 100.857
121 151.437 99.8358
120 150.971 94.9242
119 150.122 85.957
61 149.991 84.5683
13 150.019 81.1217
14 150.033 79.301
118 150.059 76.0872
12 149.104 71.9305
59 148.66 70
60 148.66 70
11 150.006 63.9159
117 150.16 63.2205
116 151.422 54.2763
115 152.544 46.3249
89 153.118 42.2553
88 150.387 42.7892
58 146.925 43.4659
87 142.253 44.3791
57 140.62 44.6985
56 138.999 45.0153
36 138.493 45.1142
35 130.277 46.0183
34 125.362 46.5594
55 124.825 44.9865
85 124.309 43.4744
86 124.195 43.1428
84 111.385 43.1803
83 105.728 43.1969
54 105.082 44.9458
33 104.437 46.69
53 100.575 46.5467
52 96.9026 46.4105
31 95 46.3397
32 95 46.3397
82 88.9069 44.9401
51 83.7639 44.9743
81 80.1106 44.9988
30 79.9296 45.0004
29 70.6657 45.0222
80 68.6183 44.7426
79 62.447 43.9
50 61.4025 43.7574
78 53.8809 42.7305
49 52.2944 42.5138
77 47.3021 41.8322
103 48.0416 45.4406
104 49.471 52.4195
38 49.7401 53.732
1 50 55
37 50 55
105 48.9395 64.3583
106 48.3552 69.5055
40 49.4575 69.8397
39 50.5387 70.1676
2 51.6518 70.5052
3 51.1636 74.9099
41 50.5512 80.4374
4 50.1651 83.9204
42 50.0048 85.3662
107 49.9853 85.5426
5 50.0002 94.9544
108 50 95.0028
43 50.0395 100.874
6 50.0599 103.907
110 48.6603 110
109 48.6603 110
44 49.4103 113.265
7 50.0599 116.093
45 50.025 121.339
8 50.0012 124.887
111 49.9997 125.06
112 49.9997 134.938
9 50.0013 135.113
10 50.06 143.906
46 49.9782 144.263
47 49.3384 147.048
114 48.6602 150
48 48.6602 150
113 48.6602 150
90 46.9833 157.842
91 50.747 156.939
76 58.4919 155.08
21 64.8291 153.559
93 65.5519 156.41
92 65.6353 156.739
75 70.4305 156.136
74 75.3116 155.522
94 78.2919 155.147
23 85 153.66
73 85 153.66
22 85 153.66
95 91.093 155.06
96 99.863 155.001
72 99.9622 155.001
24 100.061 155
25 109.939 155
97 110.052 155
71 113.561 155
98 119.942 155
26 120.056 155
70 123.878 155
68 130 155
27 130 155
99 131.519 155.216
100 137.594 156.078
69 138.595 156.22
101 148.321 157.601
102 152.653 158.216
126 151.968 155.165
67 150.938 150.574
66 148.591 140.118
20 148.632 140.106
28 148.671 140.095
125 151.858 139.194
123 151.34 130
19 151.34 130
124 151.34 130
65 149.999 124.85
122 151.174 119.701
18 148.544 118.688
17 143.693 116.821
