0,721,777,24,176,504,103,821,781,681,27,295,581,598,819,959,6,458,377,831,314,358,45,419,209,634,55,250,865,873,289,555,751,518,653,164,111,822,407,704,261,287,26,310,573,363,702,284,254,669,899,643,64,337,883,836,549,915,787,486,602,834,160,379,869,943,65,985,205,268,246,439,307,474,902,402,824,351,488,211,709,354,626,8,221,722,812,682,881,741,898,61,187,794,258,572,646,710,455,366,348,673,661,299,412,514,963,674,74,362,331,588,629,133,121,86,641,4,283,829,341,542,489,87,312,958,616,328,771,182,990,731,700,476,123,463,128,157,863,222,116,499,384,212,652,936,154,228,749,10,423,214,770,57,805,505,938,336,352,100,166,677,46,330,255,589,131,565,77,114,517,272,734,760,381,939,122,371,879,772,218,925,234,747,303,373,909,708,47,527,531,849,524,347,502,970,81,981,599,858,972,279,956,705,174,451,758,698,130,422,534,148,723,949,688,37,142,612,797,655,841,543,535,125,783,388,908,496,403,510,633,619,748,811,397,663,78,438,11,525,32,566,679,687,391,475,862,706,151,876,778,508,59,603,414,929,922,413,302,194,269,7,913,89,917,191,692,989,480,664,38,529,278,934,467,586,257,853,923,512,843,155,49,421,790,101,452,716,875,63,472,276,935,945,197,492,356,930,522,844,69,19,355,785,43,357,70,926,842,828,644,675,66,848,85,498,396,342,293,594,577,906,870,186,217,978,262,647,625,35,743,485,286,440,393,597,623,762,109,9,847,793,964,282,432,468,617,161,84,907,519,558,891,732,237,180,188,216,576,791,453,461,765,809,127,54,365,621,471,855,839,56,171,683,523,410,779,968,798,715,189,404,80,294,563,137,533,175,264,676,291,163,689,773,730,878,226,296,720,903,596,235,267,21,645,804,571,308,370,910,912,281,210,459,493,147,34,233,382,897,545,729,359,846,901,756,324,965,733,957,735,587,507,30,104,788,591,501,691,349,764,640,79,329,132,927,457,374,327,888,552,601,3,604,184,266,924,429,113,443,950,479,99,726,701,503,600,398,860,948,537,784,739,192,703,220,635,400,482,560,825,630,376,550,971,390,574,872,60,954,275,454,223,252,16,526,326,360,427,500,680,411,487,694,162,119,196,321,796,97,717,966,445,207,277,665,219,639,799,686,667,657,607,14,263,316,178,300,955,792,628,426,570,48,546,31,554,90,547,736,759,75,433,991,338,224,728,830,551,890,346,944,298,556,333,658,578,757,58,431,946,789,41,168,325,244,697,339,361,93,815,615,780,916,886,905,368,364,699,399,442,982,444,695,446,973,435,868,39,953,585,236,213,240,436,95,203,115,200,827,988,593,227,969,557,106,15,750,711,301,153,304,718,138,637,803,693,1,249,247,495,13,469,712,386,892,568,447,405,169,914,719,678,199,401,933,776,108,380,714,885,806,753,430,833,521,17,409,441,768,462,44,28,608,456,88,491,871,96,288,672,73,92,786,610,306,611,859,651,960,150,183,76,418,761,50,36,752,424,120,638,919,795,231,490,167,561,124,2,241,256,172,265,808,613,918,230,877,559,394,713,392,548,72,253,696,5,539,146,470,20,738,874,22,631,105,139,181,271,766,309,448,636,389,129,319,449,840,569,866,974,53,707,437,428,564,141,662,350,343,193,270,976,649,921,134,986,880,802,406,248,659,894,140,582,484,826,91,540,562,144,807,225,724,292,82,614,94,755,857,245,605,895,769,632,515,208,671,987,816,832,782,126,229,800,861,513,315,642,541,280,415,532,320,156,305,239,763,530,947,814,408,179,259,940,215,206,774,851,746,980,434,367,896,62,856,416,375,952,202,536,165,511,961,618,737,984,567,754,313,911,516,882,344,23,584,149,823,52,464,992,690,185,817,624,353,622,42,620,251,318,158,297,83,931,317,12,477,369,177,40,481,818,864,71,465,51,887,575,378,18,937,904,395,335,118,801,775,273,145,494,854,928,820,666,813,742,580,983,845,135,285,893,544,372,322,725,25,685,473,889,450,660,311,648,528,204,417,159,852,900,290,740,579,112,173,110,837,654,668,727,460,68,538,810,340,744,509,595,238,867,962,920,117,102,152,850,583,67,334,942,767,385,975,332,977,650,383,420,656,941,684,478,201,190,497,242,107,506,387,884,136,932,425,198,951,838,967,195,170,323,143,232,29,745,274,609,592,553,606,670,466,835,33,520,590,98,627,345,483,260,243,979,
value : 511.468 running time : 98.747422
0 80 20
721 75.2944 18.2089
777 71.72 16.8478
24 70.5859 16.4156
176 69.4931 15.9992
504 68.4873 15.6159
103 67.4972 15.2387
821 64.1122 21.6872
781 62.6641 24.4476
681 61.6679 26.3468
27 61.5529 26.5663
295 61.4466 26.7691
581 61.3353 26.9815
598 61.2086 27.2231
819 61.0704 27.4868
959 60.9274 27.7597
6 60.7782 28.0441
458 60.628 28.3307
377 60.5188 28.5391
831 60.4222 28.7233
314 60.3194 28.9194
358 59.8697 28.6472
45 59.3426 28.328
419 58.5438 27.8445
209 57.976 27.5007
634 57.5038 27.2148
55 56.1238 26.3795
250 54.7463 25.5458
865 53.612 24.8592
873 52.5049 24.1891
289 51.4165 23.5302
555 50.4019 22.9161
751 49.3103 22.2553
518 41.8804 17.761
653 41.8804 17.761
164 41.8804 17.761
111 41.1797 18.0077
822 40.4578 18.2619
407 39.7158 18.5231
704 39.0178 18.7689
261 38.3112 19.0177
287 37.6063 19.266
26 36.9102 19.5111
310 36.2187 19.7546
573 35.5401 19.9935
363 34.881 20.2256
702 34.2572 20.4452
284 33.7265 20.632
254 33.2164 20.8117
669 33.1721 20.8273
899 31.9953 21.2471
643 31.0278 21.5921
64 30.0548 21.9391
337 29.076 22.2881
883 28.1853 22.6058
836 27.4542 22.8666
549 27.4542 22.8666
915 27.4542 22.8666
787 27.4542 22.8666
486 27.4542 22.8666
602 27.4542 22.8666
834 27.4542 22.8666
160 27.1954 22.9525
379 26.1979 23.2833
869 24.3745 23.8879
943 22.5245 24.5014
65 20.7154 25.1013
985 19.2538 25.5861
205 19.4085 25.114
268 19.6896 24.2565
246 20.0372 23.1959
439 20.2913 22.4205
307 20.5254 21.7062
474 20.7603 20.9897
902 21.0122 20.2211
402 21.2691 19.4373
824 21.5781 18.4944
351 22.0259 17.1285
488 22.0258 17.1285
211 22.0258 17.1285
709 22.0258 17.1285
354 22.0258 17.1285
626 22.0257 17.1285
8 22.0257 17.1285
221 22.0257 17.1285
722 12.193 15.924
812 11.4272 15.8302
682 10.9849 16.6951
881 10.5584 17.5292
741 9.68353 19.2395
898 8.8506 20.8679
61 8.8506 20.8679
187 8.8506 20.8679
794 8.8506 20.8679
258 8.8506 20.8679
572 8.8506 20.8679
646 8.8506 20.8679
710 8.8506 20.8679
455 8.8506 20.8679
366 8.8506 20.8679
348 8.8506 20.8679
673 8.8506 20.8679
661 8.8506 20.8679
299 8.8506 20.8679
412 8.8506 20.8679
514 8.8506 20.8679
963 8.8506 20.8679
674 8.8506 20.8679
74 8.8506 20.8679
362 8.8506 20.8679
331 8.8506 20.8679
588 8.8506 20.8679
629 8.8506 20.8679
133 9.72596 27.3979
121 10.3465 32.027
86 10.3321 32.2581
641 10.3182 32.4787
4 10.2945 32.8574
283 10.2678 33.2852
829 10.2435 33.6726
341 9.92972 38.6894
542 9.86203 39.771
489 9.84032 40.1179
87 9.82397 40.379
312 9.80496 40.6829
958 9.78687 40.9717
616 9.76773 41.2776
328 9.74879 41.5802
771 9.72886 41.8987
182 9.70998 42.2004
990 9.69477 42.4434
731 9.6786 42.7017
700 9.66254 42.9584
476 9.64445 43.2474
123 9.62674 43.5304
463 9.60857 43.8207
128 9.5917 44.0903
157 9.5752 44.3539
863 9.56052 44.5885
222 9.54418 44.8496
116 9.52871 45.0967
499 9.51623 45.2961
384 9.50258 45.5142
212 9.48768 45.7523
652 9.47165 46.0085
936 9.45583 46.2613
154 9.44166 46.4877
228 9.42763 46.7118
749 9.41233 46.9564
10 9.39808 47.184
423 9.3799 47.4746
214 9.35891 47.81
770 9.3425 48.0722
57 9.3235 48.3759
805 9.3053 48.6667
505 9.28809 48.9418
938 9.27094 49.2159
336 9.25918 49.4038
352 9.24837 49.5764
100 9.23738 49.7521
166 9.22635 49.9284
677 9.2159 50.0953
46 9.20672 50.2419
330 9.19392 50.4464
255 8.80562 56.6546
589 8.77748 57.1042
131 8.74992 57.5447
565 8.72529 57.9382
77 8.69805 58.3735
114 8.67687 58.7119
517 8.65633 59.0402
272 8.64247 59.2617
734 8.63009 59.4595
760 8.61866 59.642
381 8.60624 59.8406
939 8.65056 59.8279
122 8.69761 59.8143
371 8.74622 59.8003
879 8.79944 59.7849
772 8.85145 59.7699
218 8.89461 59.7575
925 8.93917 59.7446
234 8.98495 59.7314
747 9.03439 59.7172
303 9.08301 59.7032
373 9.13094 59.6893
909 9.17629 59.6763
708 9.21829 59.6642
47 9.26306 59.6512
527 9.30706 59.6386
531 9.35142 59.6258
849 9.3986 59.6122
524 9.45014 59.5973
347 9.49596 59.5841
502 9.5494 59.5687
970 11.1974 58.5052
81 13.1961 57.2153
981 15.7196 55.5866
599 17.9681 54.1355
858 18.0134 54.0647
972 18.0594 53.993
279 18.1038 53.9238
956 18.1483 53.8543
705 18.193 53.7845
174 18.2385 53.7135
451 18.2841 53.6423
758 18.3293 53.5719
698 18.3752 53.5003
130 18.422 53.4272
422 18.8791 52.7154
534 19.3532 51.9771
148 19.7926 51.293
723 20.2296 50.6124
949 20.6691 49.9279
688 21.0939 49.2662
37 21.5016 48.6314
142 21.9139 47.9891
612 22.2955 47.3947
797 22.2955 47.3947
655 22.2955 47.3947
841 22.2955 47.3947
543 22.5383 47.3568
535 22.7843 47.3184
125 23.0324 47.2796
783 23.4452 47.215
388 23.7315 47.1703
908 24.0212 47.1251
496 24.304 47.0809
403 24.5824 47.0374
510 24.8648 46.9933
633 25.1405 46.9502
619 25.4103 46.9081
748 25.6822 46.8656
811 25.9541 46.8231
397 26.2256 46.7807
663 26.4983 46.7382
78 26.7759 46.6948
438 27.0601 46.6504
11 27.3471 46.6055
525 27.638 46.5601
32 27.9288 46.5146
566 28.3037 46.456
679 28.5069 46.4242
687 28.7094 46.3926
391 28.9165 46.3603
475 29.1138 46.3295
862 29.3063 46.2995
706 29.3485 46.2929
151 29.3904 46.2864
876 29.4328 46.2798
778 29.4746 46.2733
508 29.516 46.2669
59 29.5575 46.2605
603 29.6008 46.2537
414 29.6439 46.247
929 29.6883 46.2401
922 29.7036 46.2295
413 30.3121 45.7296
302 30.9331 45.2195
194 31.6004 44.6713
269 31.9595 44.3763
7 32.3628 44.045
913 32.7166 43.7543
89 33.1267 43.4174
917 34.1532 42.5742
191 34.9854 41.8906
692 35.5452 41.4307
989 36.0578 41.0095
480 36.5673 40.5909
664 37.0472 40.1966
38 37.652 39.6998
529 38.5214 38.9856
278 39.5195 38.1657
934 41.0218 36.9318
467 41.5611 37.6512
586 42.2858 38.618
257 43.1915 39.8261
853 44.245 41.2313
923 45.7275 43.2082
512 45.7275 43.2082
843 45.7275 43.2082
155 45.7275 43.2082
49 45.7275 43.2082
421 46.3643 43.3539
790 47.0355 43.5075
101 47.7829 43.6785
452 47.9054 43.6454
716 48.0246 43.6131
875 48.1436 43.581
63 48.2665 43.5478
472 48.3911 43.5141
276 48.5155 43.4805
935 48.6413 43.4465
945 48.7626 43.4137
197 48.8865 43.3803
492 49.0092 43.3471
356 49.1373 43.3125
930 49.2596 43.2795
522 49.389 43.2445
844 49.5358 43.2049
69 49.683 43.1651
19 49.8319 43.1249
355 49.9736 43.0866
785 50.1131 43.0489
43 52.6932 44.2761
357 54.4904 45.131
70 55.4666 45.5953
926 55.811 45.7592
842 55.811 45.7592
828 55.811 45.7592
644 55.7581 46.1854
675 55.7075 46.5927
66 55.6469 47.0809
848 55.5713 47.6898
85 55.4912 48.3354
498 55.4235 48.8805
396 55.3769 49.2557
342 55.333 49.6093
293 55.2886 49.9671
594 55.2532 50.2522
577 55.2071 50.6242
906 55.1705 50.9185
870 55.1222 51.3077
186 55.0578 51.8266
217 55.0017 52.2783
978 54.9182 52.9512
262 54.7515 54.2943
647 54.5572 55.8597
625 54.4566 56.6697
35 54.3679 57.3846
743 54.2802 58.0906
485 54.2115 58.6438
286 54.1267 59.3268
440 54.0352 60.0642
393 53.9625 60.6501
597 53.9301 60.911
623 53.8934 61.2066
762 53.7905 62.0354
109 53.6976 62.7835
9 53.6268 63.3544
847 53.6268 63.3544
793 53.2816 63.2235
964 52.9447 63.0957
282 52.6059 62.9673
432 52.2601 62.8361
468 51.7874 62.6569
617 51.3066 62.4746
161 50.8092 62.286
84 50.3023 62.0937
907 49.7775 61.8948
519 47.8346 61.1589
558 45.7941 60.3866
891 43.9481 59.6879
732 43.9481 59.6879
237 43.9481 59.6879
180 43.9481 59.6879
188 43.9481 59.6879
216 43.7998 59.9447
576 43.6571 60.1919
791 43.5228 60.4246
453 43.3792 60.6735
461 43.2501 60.8971
765 43.0964 61.1634
809 42.9548 61.4087
127 42.8163 61.6487
54 42.6556 61.927
365 42.5027 62.1919
621 42.3688 62.4238
471 42.2168 62.6872
855 42.0538 62.9697
839 41.8941 63.2462
56 41.7318 63.5275
171 41.5809 63.7889
683 41.4433 64.0273
523 41.3031 64.2702
410 41.171 64.499
779 41.0366 64.7318
968 40.9055 64.9591
798 40.5018 65.6584
715 39.5401 67.3241
189 38.5332 69.0681
404 38.3558 69.3755
80 38.1748 69.689
294 37.9911 70.0073
563 37.8543 70.2443
137 37.8543 70.2443
533 37.8543 70.2443
175 37.8543 70.2443
264 37.8543 70.2444
676 37.5222 70.6964
291 37.0304 71.366
163 36.4658 72.1345
689 35.837 72.9905
773 35.2515 73.7876
730 35.2966 73.3268
878 35.3427 72.8561
226 35.3889 72.3845
296 35.4351 71.9126
720 35.6006 70.2163
903 35.7032 69.1666
596 35.8001 68.1751
235 35.8933 67.2218
267 35.8534 66.6339
21 35.8231 66.1875
645 35.7919 65.7281
804 35.7617 65.2822
571 35.7328 64.857
308 35.701 64.3881
370 35.6681 63.9036
910 35.6417 63.5137
912 35.6123 63.0805
281 35.5836 62.6588
210 35.5644 62.3756
459 35.0253 62.6041
493 34.4837 62.8337
147 33.9346 63.0664
34 32.5768 63.6417
233 31.6639 64.0286
382 31.3298 64.1703
897 31.0086 64.3064
545 30.7253 64.4265
729 30.4421 64.5465
359 30.1639 64.6645
846 29.8913 64.78
901 29.6289 64.8913
756 29.369 65.0014
324 29.1059 65.113
965 28.8683 65.2137
733 28.6366 65.3119
957 28.409 65.4083
735 28.1743 65.5077
587 27.9459 65.6046
507 27.724 65.6986
30 27.5085 65.7899
104 27.0563 65.9815
788 26.1246 66.3763
591 25.0905 66.8144
501 23.8337 67.3468
691 22.3638 67.9695
349 21.9938 68.1447
764 21.6181 68.3226
640 21.2155 68.5132
79 20.6776 68.768
329 20.1222 69.0311
132 19.5392 69.3073
927 18.9485 69.5872
457 18.4137 69.8406
374 18.4137 69.8406
327 18.4137 69.8406
888 18.4137 69.8406
552 18.4137 69.8406
601 18.4137 69.8406
3 18.4137 69.8406
604 18.4137 69.8406
184 18.4137 69.8406
266 18.4137 69.8406
924 18.4137 69.8406
429 18.4137 69.8406
113 18.4137 69.8406
443 18.4137 69.8406
950 18.4137 69.8406
479 18.4137 69.8406
99 18.4137 69.8406
726 18.4137 69.8406
701 18.4137 69.8406
503 18.4137 69.8406
600 18.4137 69.8406
398 18.4137 69.8406
860 18.4137 69.8406
948 18.4137 69.8406
537 18.4137 69.8406
784 18.4137 69.8406
739 18.4685 69.872
192 18.5238 69.9036
703 18.5828 69.9374
220 18.6598 69.9814
635 18.7295 70.0213
400 18.792 70.057
482 18.8569 70.0941
560 18.9269 70.1342
825 18.9941 70.1726
630 19.0571 70.2086
376 19.1243 70.2471
550 20.0039 70.7506
971 20.6908 71.1438
390 21.3495 71.5208
574 21.8817 71.8255
872 22.3694 72.1046
60 22.618 72.2468
954 22.8252 72.3654
275 23.0119 72.4722
454 23.2169 72.5895
223 23.4076 72.6986
252 23.5673 72.79
16 22.4466 72.7036
526 21.1911 72.607
326 19.916 72.5088
360 18.6222 72.4092
427 17.2451 72.3032
500 16.5352 72.2484
680 15.8386 72.1946
411 15.1498 72.1414
487 14.4715 72.089
694 13.8019 72.0374
162 13.8019 72.0374
119 13.8019 72.0374
196 13.8019 72.0374
321 13.2226 72.4414
796 12.6516 72.8396
97 12.071 73.2445
717 11.4968 73.6449
966 10.9685 74.0133
445 10.9702 74.1654
207 10.9719 74.32
277 10.9736 74.4764
665 10.9754 74.6357
219 10.9772 74.7996
639 10.9791 74.9687
799 10.981 75.1362
686 10.9847 75.4811
667 10.9887 75.8403
657 10.9933 76.2651
607 10.998 76.6889
14 11.0035 77.1949
263 11.0225 78.9734
316 11.0225 78.9734
178 11.0225 78.9734
300 11.0225 78.9734
955 11.0305 78.975
792 11.0374 78.9765
628 11.0449 78.978
426 11.0522 78.9795
570 11.0598 78.9811
48 11.0679 78.9827
546 11.0748 78.9841
31 11.082 78.9856
554 11.0885 78.9869
90 11.0955 78.9884
547 11.1029 78.9899
736 11.1745 79.0046
759 11.2454 79.0191
75 11.3182 79.034
433 11.3945 79.0497
991 11.4713 79.0654
338 11.5493 79.0814
224 11.6266 79.0972
728 11.758 79.1241
830 11.8945 79.1521
551 12.0445 79.1829
890 12.1952 79.2137
346 12.3544 79.2464
944 12.5167 79.2796
298 12.7345 79.3243
556 13.162 79.412
333 13.6134 79.5047
658 13.84 79.5512
578 14.0472 79.5937
757 14.2371 79.6326
58 14.4001 79.666
431 14.5571 79.6982
946 14.7106 79.7296
789 14.8588 79.76
41 14.7421 80.0608
168 14.614 80.3912
325 14.49 80.711
244 14.3587 81.0495
697 14.2222 81.4014
339 14.0788 81.7712
361 13.9363 82.1386
93 13.8004 82.4893
815 13.653 82.8695
615 13.4955 83.2756
780 13.3391 83.6789
916 13.1887 84.0669
886 13.0334 84.4672
905 12.8869 84.845
368 12.739 85.2267
364 12.5906 85.6093
699 12.4389 86.0006
399 12.2881 86.3895
442 12.1447 86.7592
982 11.9943 87.1471
444 11.845 87.532
695 11.6981 87.9109
446 11.5614 88.2634
973 11.4281 88.6073
435 11.2946 88.9514
868 11.193 89.2134
39 11.098 89.4581
953 11.0052 89.6973
585 10.9173 89.9238
236 10.8308 90.1468
213 10.744 90.3705
240 10.744 90.3705
436 10.744 90.3705
95 10.744 90.3705
203 10.744 90.3705
115 10.744 90.3705
200 10.744 90.3705
827 10.744 90.3705
988 10.744 90.3705
593 12.2223 90.3341
227 12.2832 90.3326
969 12.3375 90.3313
557 12.3994 90.3299
106 12.4589 90.3284
15 12.526 90.3268
750 12.5849 90.3254
711 12.6429 90.324
301 12.7018 90.3226
153 12.763 90.3211
304 12.8276 90.3196
718 12.8898 90.3181
138 12.9549 90.3165
637 13.0177 90.315
803 13.0821 90.3135
693 13.1495 90.3119
1 13.2196 90.3102
249 13.2927 90.3084
247 13.3576 90.3069
495 13.426 90.3052
13 13.4941 90.3036
469 13.5594 90.302
712 13.6221 90.3005
386 13.6815 90.2991
892 13.7409 90.2977
568 13.8035 90.2962
447 13.8658 90.2947
405 13.9299 90.2931
169 13.996 90.2916
914 14.0684 90.2898
719 14.1426 90.288
678 14.2213 90.2861
199 14.3117 90.284
401 14.4032 90.2818
933 14.5405 90.2784
776 14.6655 90.2754
108 14.7829 90.2726
380 14.9126 90.2694
714 18.3144 90.1848
885 21.5522 90.1046
806 24.7742 90.0249
753 24.831 90.0235
430 24.8896 90.0222
833 24.9476 90.0208
521 25.0059 90.0194
17 25.0646 90.018
409 25.1258 90.0165
441 25.186 90.0151
768 25.247 90.0136
462 25.3081 90.0122
44 25.3742 90.0106
28 25.4403 90.009
608 25.5054 90.0074
456 25.5719 90.0059
88 25.6391 90.0043
491 25.8203 89.9999
871 26.0123 89.9952
96 26.2187 89.9902
288 26.4146 89.9855
672 26.6191 89.9805
73 26.8147 89.9758
92 27.0087 89.9711
786 27.194 89.9666
610 27.3766 89.9622
306 27.5612 89.9578
611 27.7506 89.9532
859 27.942 89.9486
651 28.1344 89.9439
960 28.3361 89.939
150 28.5282 89.9344
183 28.7161 89.9299
76 28.9207 89.9249
418 29.1246 89.92
761 29.3317 89.915
50 29.5439 89.9099
36 29.7752 89.9043
752 30.0148 89.8984
424 30.2215 89.8934
120 30.444 89.8881
638 30.6678 89.8826
919 30.8874 89.8773
795 31.1009 89.8722
231 31.3138 89.867
490 31.5245 89.8619
167 31.7491 89.8565
561 31.9822 89.8508
124 31.9822 89.8508
2 32.3476 89.9798
241 32.7325 90.1156
256 33.0787 90.2378
172 33.4393 90.3651
265 33.7835 90.4866
808 34.0601 90.5842
613 34.3515 90.6871
918 34.6209 90.7822
230 34.928 90.8906
877 35.2337 90.9985
559 35.5392 91.1063
394 35.6371 91.1409
713 35.7434 91.1784
392 35.8243 91.207
548 35.9101 91.2373
72 35.9953 91.2673
253 36.0766 91.296
696 36.1705 91.3292
5 36.3064 91.3771
539 36.3064 91.3771
146 36.3064 91.3771
470 36.3064 91.3771
20 36.3064 91.3771
738 36.3064 91.3771
874 36.3064 91.3771
22 36.3064 91.3771
631 36.3064 91.3771
105 38.989 89.4962
139 39.0552 89.4087
181 39.1324 89.3068
271 39.2132 89.2
766 39.2968 89.0896
309 39.3863 88.9714
448 39.4767 88.852
636 39.5726 88.7253
389 39.6275 88.6527
129 39.6854 88.5762
319 39.744 88.4989
449 39.7973 88.4284
840 39.8537 88.3539
569 39.906 88.2848
866 39.9614 88.2116
974 40.0168 88.1383
53 40.1609 87.948
707 40.3143 87.7454
437 40.4779 87.5294
428 40.6401 87.3152
564 41.3976 86.3156
141 42.056 85.4464
662 43.092 84.0793
350 43.4482 83.7668
343 43.753 83.4993
193 44.0712 83.2202
270 44.375 82.9535
976 44.7193 82.6515
649 45.0458 82.365
921 45.4145 82.0415
134 45.7185 81.7748
986 45.9212 81.5969
880 46.0825 81.4553
802 46.2393 81.3177
406 46.3893 81.186
248 46.541 81.053
659 46.6931 80.9195
894 46.8556 80.7769
140 47.0075 80.6436
582 47.1602 80.5095
484 47.2921 80.3938
826 47.4131 80.2876
91 47.538 80.178
540 47.65 80.0798
562 47.7666 79.9774
144 47.8864 79.8723
807 48.0039 79.7691
225 48.1327 79.6561
724 48.2315 79.5694
292 48.4317 79.3937
82 48.7308 79.1313
614 49.0463 78.8544
94 49.5613 78.4027
755 50.0226 77.9979
857 50.5336 77.5496
245 50.9988 77.1414
605 51.5888 76.6239
895 51.9727 76.287
769 52.3962 75.9155
632 52.8061 75.5558
515 53.2264 75.1871
208 53.1132 75.8331
671 52.9732 76.6317
987 52.8321 77.4366
816 52.6614 78.4109
832 52.5731 78.9146
782 52.4763 79.4668
126 52.3752 80.0435
229 52.2787 80.5941
800 52.1774 81.1723
861 52.0629 81.8252
513 51.9536 82.4488
315 51.8073 83.2838
642 51.474 85.186
541 51.0977 87.3346
280 51.0977 87.3346
415 51.0977 87.3346
532 51.0977 87.3346
320 51.0977 87.3346
156 51.0977 87.3346
305 51.0977 87.3346
239 51.0977 87.3346
763 51.0977 87.3346
530 51.0977 87.3346
947 51.0977 87.3346
814 51.0977 87.3346
408 51.0977 87.3346
179 51.0977 87.3346
259 51.0977 87.3346
940 51.0977 87.3346
215 51.0977 87.3346
206 51.1784 87.3721
774 51.2557 87.408
851 51.3396 87.447
746 51.4258 87.487
980 51.5081 87.5252
434 51.5934 87.5648
367 51.6145 87.5746
896 51.6351 87.5842
62 51.655 87.5934
856 51.6752 87.6028
416 51.6906 87.61
375 51.7115 87.6196
952 51.8566 87.6871
202 52.0059 87.7564
536 52.1681 87.8318
165 52.3267 87.9055
511 52.4863 87.9796
961 52.6463 88.054
618 53.1646 88.1628
737 53.6912 88.2734
984 54.1527 88.3703
567 54.5379 88.4511
754 54.8626 88.5193
313 55.2037 88.5909
911 55.556 88.6649
516 55.8529 88.7272
882 56.1969 88.7995
344 56.8963 88.9463
23 57.6638 89.1075
584 59.2276 89.4358
149 60.8279 89.7718
823 60.8279 89.7718
52 60.8279 89.7718
464 60.8279 89.7718
992 60.8279 89.7718
690 60.8279 89.7718
185 60.8279 89.7718
817 60.8279 89.7718
624 60.8279 89.7718
353 61.2767 89.3997
622 61.6118 89.1217
42 61.9276 88.8597
620 62.2476 88.5942
251 62.5902 88.31
318 62.9229 88.034
158 63.2554 87.7582
297 63.5682 87.4987
83 63.8693 87.2489
931 64.017 87.1263
317 64.1655 87.0031
12 64.3133 86.8804
477 64.4708 86.7497
369 64.6302 86.6175
177 64.7953 86.4805
40 64.9692 86.3362
481 65.2611 86.0941
818 65.5259 85.8745
864 65.6866 85.7411
71 65.8325 85.62
465 65.9671 85.5084
51 66.1016 85.3968
887 66.2177 85.3003
575 66.3569 85.1849
378 66.506 85.0612
18 66.6557 84.937
937 66.8033 84.8145
904 66.9447 84.6972
395 66.9781 84.7123
335 67.0117 84.7276
118 67.091 84.7635
801 68.221 85.2751
775 69.6232 85.9099
273 71.1836 86.6163
145 72.9726 87.4261
494 74.864 88.2822
854 76.7123 89.1188
928 78.5348 89.9437
820 78.5348 89.9437
666 78.5348 89.9437
813 78.5348 89.9437
742 78.5348 89.9437
580 78.5348 89.9437
983 78.5348 89.9437
845 78.5348 89.9437
135 78.5348 89.9437
285 78.5348 89.9437
893 78.5348 89.9437
544 78.5348 89.9437
372 85.9966 83.2262
322 85.8227 83.0886
725 85.6394 82.9437
25 85.4674 82.8077
685 85.2564 82.6408
473 85.0121 82.4476
889 84.7557 82.2447
450 84.3874 81.9534
660 84.0411 81.6795
311 83.2958 81.09
648 82.2322 80.2487
528 81.1243 79.3723
204 80.1347 78.5895
417 78.9213 77.6298
159 77.7795 76.7266
852 75.845 75.1962
900 75.2384 74.7165
290 74.7184 74.3052
740 74.2825 73.9604
579 71.4098 71.6879
112 67.1725 68.3357
173 67.2482 68.0863
110 67.3262 67.83
837 67.395 67.6036
654 67.467 67.3669
668 67.5423 67.1191
727 67.6196 66.8647
460 67.6995 66.6019
68 67.8631 66.0635
538 68.0151 65.5634
810 68.142 65.146
340 68.2108 65.0221
744 68.2818 64.8943
509 68.3793 64.7188
595 68.7625 64.0294
238 69.1649 63.3055
867 69.6386 62.4534
962 70.2222 61.4036
920 71.2173 59.6139
117 71.2173 59.6139
102 71.6663 59.6163
152 72.125 59.6187
850 72.5855 59.6211
583 73.0502 59.6236
67 73.5303 59.6261
334 74.0998 59.6291
942 74.6918 59.6323
767 75.3213 59.6357
385 76.057 59.6396
975 76.7273 59.6433
332 77.4223 59.647
977 77.4223 59.647
650 77.4223 59.647
383 77.4223 59.647
420 77.4223 59.647
656 77.4223 59.647
941 77.4223 59.647
684 77.4223 59.647
478 77.4223 59.647
201 77.4223 59.647
190 77.4223 59.647
497 84.04 55.182
242 83.8247 54.8374
107 83.6097 54.4931
506 83.3786 54.123
387 83.1264 53.719
884 82.8809 53.3258
136 82.623 52.9128
932 82.3619 52.4947
425 82.1098 52.0908
198 81.875 51.7148
951 81.6314 51.3247
838 81.3798 50.9219
967 81.119 50.5042
195 80.8614 50.0916
170 80.6183 49.7024
323 78.6085 46.4813
143 78.0517 45.5894
232 77.8226 45.2224
29 77.6118 44.8849
745 77.4067 44.5564
274 77.2108 44.2428
609 77.0155 43.9299
592 76.8245 43.6241
553 76.6284 43.3102
606 76.4218 42.9793
670 77.1279 41.1818
466 77.9783 39.0165
835 78.9976 36.4209
33 80.0112 33.8395
520 80.9158 31.5362
590 81.8858 29.066
98 82.9458 26.3666
627 84.9338 20.831
345 85.5607 19.0871
483 86.1413 17.4719
260 85.9762 17.5398
243 85.2364 17.8445
979 83.4945 18.5616
