0,103,721,504,176,24,777,355,785,828,598,634,209,419,250,873,865,821,295,27,681,781,581,831,377,458,6,959,819,55,289,751,555,883,363,573,310,26,287,261,704,407,822,111,164,653,337,518,626,467,278,354,934,8,221,246,709,211,488,351,824,402,902,474,307,439,702,64,643,899,669,254,284,722,741,881,682,812,629,133,646,588,331,362,74,674,963,514,412,299,661,673,348,366,455,710,898,572,258,794,187,61,86,4,641,87,328,616,958,312,663,78,283,829,985,268,32,836,65,943,869,379,160,834,602,121,486,787,915,549,438,11,706,397,811,748,566,687,679,7,913,525,205,862,876,151,917,778,403,586,853,194,89,529,38,664,480,989,692,191,257,597,623,923,19,69,844,522,930,356,492,197,945,935,276,472,63,875,716,452,101,790,421,49,155,843,512,314,358,848,85,342,262,978,217,186,870,906,577,594,293,498,396,793,45,66,675,644,606,466,670,43,842,926,70,143,357,745,323,232,29,656,767,942,334,583,850,152,102,117,201,485,904,605,867,509,727,51,68,810,962,744,340,67,290,650,837,654,832,460,668,393,440,286,762,847,9,109,282,907,84,161,617,468,432,647,743,35,625,538,671,595,238,173,987,515,208,964,800,582,315,112,782,91,986,235,519,558,180,54,127,809,765,461,453,791,576,216,188,621,163,291,676,264,175,365,715,798,968,779,410,523,683,171,56,533,855,471,459,891,237,732,210,147,493,839,484,281,912,910,370,308,571,804,645,21,390,564,137,189,294,80,404,965,326,526,16,252,223,454,275,954,60,872,574,360,604,398,600,503,701,726,99,479,950,443,113,429,924,266,184,3,34,507,587,735,957,733,267,324,756,901,846,359,729,545,897,382,233,720,596,903,30,927,132,329,79,640,764,349,691,501,591,788,104,327,601,552,888,730,878,59,603,619,269,414,302,413,922,929,783,723,496,908,388,391,475,148,655,797,612,142,37,688,949,508,841,125,535,543,510,633,990,123,476,700,731,499,100,352,336,938,505,805,57,770,214,423,10,749,228,154,936,652,212,384,46,330,341,489,542,463,116,222,863,157,128,373,527,47,708,909,771,182,599,534,422,130,698,758,451,174,705,956,279,972,858,531,981,81,970,502,347,524,849,122,303,747,234,925,218,772,879,371,166,677,255,939,381,760,734,272,517,114,77,565,131,589,411,14,607,657,667,686,799,639,219,665,277,207,445,966,717,97,796,321,196,119,162,694,487,860,948,537,971,550,376,630,825,560,482,400,635,220,703,192,739,784,333,578,658,457,374,263,556,298,944,346,890,551,830,728,224,338,991,433,75,759,736,547,90,554,31,546,48,570,426,628,792,955,300,178,316,697,905,886,916,780,615,815,93,361,339,427,680,500,325,244,988,444,973,435,868,39,953,585,213,240,436,95,203,827,933,288,776,227,446,301,568,236,711,750,15,115,200,380,969,557,106,153,304,718,138,637,803,693,1,249,247,495,13,469,386,892,447,405,169,914,719,678,199,401,108,368,982,442,399,699,364,88,946,431,58,76,17,44,608,757,2,789,168,41,36,253,638,256,490,418,761,548,696,610,141,707,611,306,120,172,859,430,150,651,871,92,183,50,167,753,695,714,424,885,712,833,631,960,96,808,20,593,470,919,28,491,456,409,441,768,462,521,73,22,231,786,672,437,840,448,428,265,569,918,795,270,806,124,146,766,392,613,305,72,738,139,763,53,539,449,226,296,689,773,614,193,752,415,880,530,156,5,181,343,866,408,861,536,851,309,271,230,974,206,713,874,877,807,563,662,179,976,826,248,319,225,350,724,755,540,134,561,394,659,513,562,144,241,292,215,649,82,894,632,94,802,754,857,895,921,245,931,769,746,774,636,126,320,642,947,389,416,129,406,814,375,335,516,165,559,367,62,887,280,259,344,618,737,105,511,541,42,12,239,40,532,118,961,624,313,584,911,856,434,575,369,229,140,940,23,896,882,980,273,464,285,149,185,817,378,317,395,465,318,477,202,177,952,690,567,52,622,992,816,854,864,83,71,481,845,984,975,801,297,937,742,620,544,251,18,145,818,775,983,135,494,353,820,893,158,322,725,928,823,813,666,159,580,25,204,660,417,528,450,473,685,648,889,311,372,385,332,852,110,579,740,977,383,478,900,190,420,684,941,920,609,553,592,274,497,170,195,967,838,951,198,425,932,136,884,387,506,107,242,835,98,590,520,33,627,345,483,979,243,260,
value : 480.367 running time : 167.736922
0 80 20
103 66.3883 15.5978
721 65.8295 16.2239
504 64.7591 17.4234
176 63.7729 18.5284
24 62.315 20.162
777 60.7341 21.9334
355 58.0237 24.9702
785 57.6572 25.3809
828 57.3647 25.7086
598 57.1109 25.9931
634 56.5203 26.6548
209 56.4197 26.5982
419 56.3257 26.5452
250 56.2434 26.4988
873 56.1625 26.4532
865 56.0863 26.4102
821 56.0131 26.369
295 55.9292 26.3217
27 55.8486 26.2763
681 55.7649 26.2291
781 55.6796 26.181
581 55.5884 26.1297
831 55.5064 26.0834
377 55.4261 26.0382
458 55.1321 25.8725
6 54.5902 25.5671
959 54.012 25.2413
819 53.2842 24.8312
55 52.3373 24.2976
289 51.2599 23.6904
751 50.2937 23.146
555 48.2312 21.9838
883 45.0919 20.2152
363 43.656 19.4061
573 43.4333 19.2806
310 43.2283 19.165
26 43.0277 19.052
287 42.8208 18.9354
261 42.6402 18.8336
704 42.4401 18.7208
407 42.2554 18.6167
822 42.1046 18.5318
111 41.9544 18.4471
164 41.8151 18.3686
653 41.3843 18.1258
337 40.9376 17.874
518 40.5001 17.6275
626 37.543 18.2413
467 36.1107 18.5386
278 31.8417 19.4246
354 31.8417 19.4246
934 31.8417 19.4246
8 26.474 18.2308
221 25.7936 18.0793
246 25.0033 17.9034
709 24.1794 17.72
211 23.1213 17.4845
488 22.8123 17.4157
351 22.6946 17.3895
824 22.4889 17.3437
402 22.2463 17.2897
902 22.0314 17.2419
474 21.8148 17.1937
307 21.6097 17.148
439 21.3622 17.0929
702 21.1134 17.0375
64 20.8651 16.9822
643 20.5859 16.9201
899 20.304 16.8573
669 20.0194 16.794
254 18.4565 16.4461
284 16.7743 16.0717
722 13.1242 15.26
741 12.9891 15.2299
881 12.8435 15.1975
682 12.7094 15.1677
812 12.5733 15.1374
629 12.2742 17.0802
133 12.104 18.1855
646 12.0169 18.7523
588 11.9256 19.3466
331 11.835 19.9363
362 11.746 20.5155
74 11.6561 21.1003
674 11.5739 21.6352
963 11.4897 22.1835
514 11.4069 22.7221
412 11.3846 22.8671
299 11.3613 23.0192
661 11.3385 23.1677
673 11.3159 23.3145
348 11.2937 23.4589
366 11.2704 23.6107
455 11.2448 23.7778
710 11.2192 23.9439
898 11.1944 24.1054
572 11.1944 24.1054
258 11.1944 24.1054
794 11.1944 24.1054
187 11.1944 24.1054
61 11.1944 24.1054
86 10.8922 26.2728
4 10.6642 27.9054
641 10.4357 29.5418
87 10.1891 31.3087
328 9.94436 33.0618
616 10.5933 33.2044
958 11.1508 33.327
312 11.7551 33.4598
663 13.9181 33.9353
78 14.8832 34.1474
283 15.588 34.3023
829 16.4517 34.4922
985 17.1569 34.6472
268 18.0404 34.8414
32 19.2003 35.0964
836 20.2314 35.323
65 21.6396 35.6325
943 23.1491 35.9644
869 26.2154 36.6384
379 29.1279 37.2786
160 29.1279 37.2786
834 29.1279 37.2786
602 29.1279 37.2786
121 29.1279 37.2786
486 29.1279 37.2786
787 29.1279 37.2786
915 29.1279 37.2786
549 29.3391 37.434
438 29.5586 37.5953
11 29.7745 37.7541
706 29.9911 37.9134
397 30.1817 38.0535
811 30.3801 38.1994
748 30.5869 38.3514
566 30.7921 38.5024
687 30.9519 38.6199
679 31.1133 38.7385
7 31.2838 38.8639
913 31.4454 38.9828
525 31.5956 39.0932
205 31.7435 39.202
862 31.9409 39.3471
876 32.102 39.4656
151 32.2444 39.5703
917 32.4036 39.6874
778 32.5469 39.7927
403 32.6612 39.8768
586 34.0049 40.8647
853 35.2456 41.7769
194 36.569 42.7499
89 37.5475 43.4694
529 37.8214 43.5173
38 38.1402 43.573
664 38.4967 43.6354
480 39.0503 43.7322
989 39.5863 43.826
692 40.1292 43.9209
191 40.6865 44.0184
257 42.4933 44.3345
597 44.9518 44.7646
623 45.2825 44.8225
923 45.3446 44.8333
19 45.404 44.8437
69 45.4644 44.8543
844 45.5245 44.8648
522 45.5817 44.8748
930 45.65 44.8868
356 45.7029 44.896
492 45.7651 44.9069
197 45.8222 44.9169
945 45.8791 44.9268
935 45.935 44.9366
276 45.9953 44.9471
472 46.0554 44.9577
63 46.1174 44.9685
875 46.1763 44.9788
716 46.229 44.988
452 46.2802 44.997
101 46.3359 45.0067
790 46.3857 45.0154
421 46.4409 45.0251
49 46.4945 45.0345
155 47.8532 45.2721
843 49.457 45.5527
512 50.9884 45.8205
314 53.3429 46.2324
358 53.5547 46.2695
848 53.716 46.2977
85 53.9092 46.3315
342 54.0831 46.3619
262 54.2902 46.3981
978 54.495 46.4339
217 54.6882 46.4677
186 54.8698 46.4995
870 55.0557 46.532
906 55.2501 46.566
577 55.4565 46.6021
594 55.6632 46.6382
293 55.8636 46.6733
498 55.8636 46.6733
396 56.6756 46.7338
793 57.3934 46.7872
45 58.4464 46.8656
66 59.0849 46.9131
675 60.2598 47.0006
644 61.3048 47.0784
606 62.3021 47.1527
466 63.2825 47.2257
670 63.6206 47.2509
43 63.9061 47.2721
842 64.244 47.2973
926 64.587 47.3228
70 64.9145 47.3472
143 65.2531 47.3724
357 65.5876 47.3973
745 65.9663 47.4255
323 65.9 48.0296
232 65.8205 48.7535
29 65.7305 49.5735
656 65.4455 52.1698
767 65.265 53.8141
942 65.101 55.3074
334 64.9458 56.7211
583 64.8664 57.4436
850 64.7754 58.273
152 64.6662 59.2674
102 64.6098 59.7806
117 64.5475 60.3483
201 64.4287 61.4298
485 64.1461 62.0991
904 63.8098 62.8957
605 63.5912 63.4133
867 63.4143 63.8323
509 63.232 64.2639
727 63.0948 64.5889
51 62.9655 64.8952
68 62.8823 65.0923
810 62.7896 65.3116
962 62.689 65.5498
744 62.5868 65.7919
340 62.5003 65.7855
67 62.4198 65.7795
290 62.3424 65.7737
650 62.2593 65.7675
837 62.1798 65.7616
654 61.953 65.7447
832 61.7035 65.7261
460 61.4834 65.7097
668 61.2672 65.6936
393 61.0543 65.6777
440 60.8249 65.6606
286 60.5993 65.6438
762 60.4025 65.6291
847 60.2096 65.6147
9 59.9975 65.5989
109 59.7896 65.5834
282 59.5988 65.5692
907 59.4243 65.5562
84 59.2255 65.5414
161 59.0359 65.5272
617 58.86 65.5141
468 58.6926 65.5016
432 58.5313 65.4896
647 58.3707 65.4776
743 58.1853 65.4638
35 58.0286 65.4521
625 57.872 65.4405
538 57.7225 65.4293
671 57.5676 65.4178
595 57.4107 65.4061
238 57.2342 65.3929
173 57.0559 65.3796
987 56.8609 65.3651
515 56.6669 65.3506
208 56.4685 65.3359
964 56.2724 65.3212
800 56.0799 65.3069
582 55.8817 65.2921
315 55.6907 65.2779
112 55.4862 65.2626
782 55.2724 65.2467
91 53.8568 64.6362
986 52.3154 63.9715
235 50.7165 63.2819
519 49.1501 62.6064
558 46.6721 61.5377
180 44.2979 60.5136
54 44.2979 60.5136
127 44.2979 60.5136
809 44.2979 60.5136
765 44.2979 60.5136
461 44.2979 60.5136
453 44.2979 60.5136
791 44.2979 60.5136
576 44.2979 60.5136
216 44.2979 60.5136
188 44.2979 60.5136
621 44.1459 60.5329
163 43.9991 60.5515
291 43.8581 60.5693
676 43.729 60.5857
264 43.593 60.6029
175 43.4551 60.6204
365 43.3239 60.637
715 43.2026 60.6523
798 43.0869 60.667
968 42.9638 60.6826
779 42.8136 60.7016
410 42.6647 60.7204
523 42.5184 60.739
683 42.3726 60.7574
171 42.2263 60.776
56 42.0848 60.7939
533 41.9497 60.811
855 41.8212 60.8272
471 41.6709 60.8463
459 41.5205 60.8653
891 41.3674 60.8847
237 41.2336 60.9016
732 41.1036 60.9181
210 40.9662 60.9355
147 40.8202 60.954
493 40.5529 61.6304
839 40.3139 62.2352
484 40.0742 62.842
281 39.8808 63.3313
912 39.625 63.9789
910 39.3565 64.6583
370 39.1339 65.2215
308 38.7696 66.1437
571 38.4342 66.9924
804 38.1911 67.6076
645 37.8923 68.3638
21 37.5661 69.1894
390 37.2498 69.9898
564 36.9072 70.8569
137 36.4031 70.9432
189 35.9828 71.0152
294 35.5717 71.0855
80 34.3338 71.2975
404 32.7317 71.5718
965 30.5724 71.9414
326 28.809 72.2433
526 28.4381 72.3068
16 28.0948 72.3656
252 27.7627 72.4225
223 27.3656 72.4905
454 26.9483 72.5619
275 26.5157 72.636
954 26.1303 72.702
60 25.7313 72.7703
872 25.3137 72.8418
574 24.8388 72.9231
360 24.308 73.014
604 24.0406 72.2237
398 23.7672 71.4158
600 23.5295 70.7134
503 23.292 70.0115
701 23.2518 69.8926
726 23.2118 69.7745
99 23.1701 69.6511
479 23.1282 69.5274
950 23.0856 69.4014
443 23.0428 69.2749
113 22.9958 69.1361
429 22.95 69.0007
924 22.9051 68.868
266 22.8625 68.742
184 22.8165 68.6063
3 22.2237 66.8547
34 22.4662 66.5272
507 22.6745 66.2459
587 22.8589 65.9969
735 23.0533 65.7343
957 23.2337 65.4906
733 23.4006 65.2652
267 23.5733 65.0321
324 23.7264 64.8253
756 23.8593 64.6458
901 23.9767 64.4872
846 24.0943 64.3284
359 24.224 64.1532
729 24.353 63.979
545 24.4829 63.8035
897 24.5919 63.6564
382 24.7111 63.4954
233 24.8293 63.3358
720 24.9422 63.1833
596 25.0611 63.0227
903 25.1273 62.9333
30 25.1982 62.8375
927 25.1982 62.8375
132 25.1982 62.8375
329 25.1982 62.8375
79 25.1982 62.8375
640 25.1982 62.8375
764 25.1982 62.8375
349 25.1982 62.8375
691 25.1982 62.8375
501 25.1982 62.8375
591 25.1982 62.8375
788 25.1982 62.8375
104 25.1982 62.8375
327 25.1982 62.8375
601 25.1982 62.8375
552 25.1982 62.8375
888 25.1982 62.8375
730 25.1982 62.8375
878 25.1986 62.4716
59 25.201 59.638
603 25.2035 56.885
619 25.2056 54.6054
269 25.2063 53.9262
414 25.2069 53.2711
302 25.2069 53.2711
413 25.2069 53.2711
922 25.2069 53.2711
929 24.9071 52.3739
783 24.3088 50.5842
723 23.794 50.1304
496 23.3236 49.7158
908 22.9075 49.349
388 22.4958 48.9861
391 22.0788 48.6186
475 21.6622 48.2513
148 21.2422 47.8811
655 20.8584 47.5428
797 20.4822 47.2112
612 20.114 46.8866
142 20.0479 46.8918
37 19.9852 46.8967
688 19.9205 46.9018
949 19.8452 46.9076
508 19.7792 46.9128
841 19.6917 46.9196
125 19.6265 46.9247
535 19.5638 46.9296
543 19.495 46.935
510 19.4208 46.9408
633 18.1583 47.0394
990 16.6877 47.1543
123 15.371 47.2571
476 14.3005 47.3407
700 13.1241 47.4326
731 11.7601 47.5392
499 10.4979 47.6377
100 10.5369 47.7282
352 10.5729 47.8119
336 10.6082 47.8939
938 10.6398 47.9672
505 10.6665 48.0293
805 10.6942 48.0936
57 10.7211 48.156
770 10.7481 48.2187
214 10.7779 48.2879
423 10.8049 48.3507
10 10.8328 48.4153
749 10.8639 48.4876
228 10.8945 48.5586
154 10.9257 48.6311
936 10.9564 48.7024
652 10.9843 48.7671
212 11.0117 48.8307
384 11.0405 48.8978
46 11.0708 48.9681
330 11.1036 49.0441
341 11.1939 49.2539
489 11.2782 49.4497
542 11.3615 49.6429
463 11.4371 49.8186
116 11.5128 49.9944
222 11.6076 50.2146
863 11.6989 50.4264
157 11.811 50.6868
128 11.9407 50.988
373 12.1744 51.5308
527 12.4181 52.0966
47 12.6592 52.6564
708 12.9166 53.254
909 13.1893 53.8873
771 13.5162 54.6465
182 14.1867 56.2034
599 15.1829 58.5168
534 15.0207 58.5988
422 14.8678 58.676
130 14.7033 58.759
698 14.5522 58.8353
758 14.3933 58.9156
451 14.2183 59.004
174 14.0343 59.0969
705 13.846 59.192
956 13.628 59.3021
279 13.3927 59.4209
972 13.1506 59.5432
858 12.9191 59.6601
531 12.5977 59.8224
981 12.3608 59.9421
81 12.0677 60.0901
970 11.7645 60.2432
502 11.477 60.3884
347 11.1902 60.5333
524 10.9704 60.6443
849 10.7125 60.7745
122 10.6296 60.8164
303 10.6514 61.03
747 10.6757 61.2685
234 10.698 61.4869
925 10.7197 61.6991
218 10.7425 61.9221
772 10.7695 62.1867
879 10.7947 62.4338
371 10.8164 62.6468
166 10.8365 62.8431
677 10.865 63.1223
255 10.8963 63.4292
939 10.9251 63.7108
381 10.9541 63.9951
760 10.9773 64.2229
734 11.0036 64.4805
272 11.0292 64.7315
517 11.0534 64.9679
114 11.076 65.1892
77 11.0991 65.4156
565 11.121 65.6305
131 11.1478 65.8926
589 11.1742 66.1515
411 11.2044 66.4474
14 11.2326 66.7237
607 11.2612 67.0037
657 11.2888 67.2742
667 11.3133 67.5142
686 11.3374 67.7507
799 11.3606 67.978
639 11.3861 68.2274
219 11.4081 68.4428
665 11.4317 68.6743
277 11.4554 68.9059
207 11.4798 69.1455
445 11.5872 69.312
966 11.696 69.4808
717 11.8495 69.7188
97 12.0181 69.9804
796 12.1884 70.2446
321 12.3363 70.4739
196 12.4703 70.6818
119 12.6479 70.9573
162 12.828 71.2367
694 13.0027 71.5076
487 13.2578 71.9033
860 13.4743 72.2392
948 13.6897 72.5732
537 13.9265 72.9406
971 13.9265 72.9406
550 13.9191 72.9644
376 13.9133 72.9835
630 13.9063 73.006
825 13.8985 73.0313
560 13.8916 73.0537
482 13.8858 73.0725
400 13.879 73.0945
635 13.8726 73.1153
220 13.8662 73.1359
703 13.8605 73.1545
192 13.827 73.2631
739 13.7918 73.3771
784 13.7546 73.4979
333 13.5204 74.2573
578 13.0662 75.4143
658 12.7368 76.2532
457 12.3179 77.3202
374 11.9043 78.3738
263 11.4888 79.4322
556 11.4854 79.4409
298 11.4818 79.4502
944 11.4779 79.4601
346 11.4745 79.4686
890 11.4707 79.4784
551 11.4672 79.4874
830 11.4632 79.4975
728 11.4596 79.5066
224 11.4561 79.5156
338 11.4527 79.5242
991 11.4484 79.5351
433 11.4441 79.546
75 11.4398 79.557
759 11.4357 79.5674
736 11.4317 79.5778
547 11.4278 79.5876
90 11.4244 79.5962
554 11.4211 79.6047
31 11.4179 79.6129
546 11.4143 79.6219
48 11.4109 79.6307
570 11.4071 79.6404
426 11.4033 79.6499
628 11.3997 79.6592
792 11.3961 79.6683
955 11.3928 79.6767
300 11.389 79.6863
178 11.7696 79.8098
316 12.1798 79.943
697 12.5868 80.0751
905 12.5868 80.0751
886 12.5868 80.0751
916 12.5868 80.0751
780 12.5868 80.0751
615 12.5868 80.0751
815 12.5868 80.0751
93 12.5868 80.0751
361 12.5868 80.0751
339 12.5868 80.0751
427 12.5868 80.0751
680 12.4782 80.4814
500 12.1056 81.8742
325 11.5029 84.128
244 10.8725 86.4855
988 10.035 89.6179
444 10.0471 89.6143
973 10.0583 89.611
435 10.0685 89.608
868 10.0797 89.6047
39 10.0916 89.6011
953 10.104 89.5975
585 10.1159 89.594
213 10.1286 89.5902
240 10.3446 89.5262
436 10.5514 89.465
95 10.7473 89.407
203 10.9379 89.3505
827 11.1235 89.2955
933 11.3468 89.2294
288 11.5578 89.1669
776 11.7368 89.1139
227 11.9117 89.0621
446 11.9684 89.0453
301 12.0269 89.028
568 12.0891 89.0096
236 12.1522 88.9909
711 12.2146 88.9724
750 12.2814 88.9526
15 12.3528 88.9315
115 12.4163 88.9127
200 12.4721 88.8961
380 12.5318 88.8785
969 12.6007 88.8581
557 12.678 88.8352
106 12.7448 88.8154
153 12.8202 88.7931
304 12.898 88.77
718 12.972 88.7481
138 13.0479 88.7256
637 13.1216 88.7038
803 13.1969 88.6815
693 13.2766 88.6579
1 13.3609 88.6329
249 13.451 88.6062
247 13.5246 88.5844
495 13.6047 88.5607
13 13.6819 88.5379
469 13.7582 88.5153
386 13.8242 88.4957
892 13.891 88.4759
447 13.9589 88.4558
405 14.0302 88.4347
169 14.1094 88.4112
914 14.1912 88.387
719 14.2758 88.362
678 14.3615 88.3366
199 14.539 88.284
401 14.7202 88.2303
108 15.0645 88.1284
368 15.4572 88.0121
982 15.782 87.9159
442 16.1342 87.8116
399 16.4899 87.7062
699 16.8508 87.5994
364 17.2271 87.4879
88 18.1385 87.218
946 19.0178 86.9577
431 19.4901 86.8178
58 19.9424 86.6838
76 20.3992 86.5486
17 20.8054 86.4283
44 21.2723 86.29
608 21.752 86.1479
757 22.2274 86.0071
2 22.6855 85.8715
789 23.0093 85.7756
168 23.2548 85.9773
41 23.5842 86.248
36 23.9229 86.5263
253 24.2016 86.7553
638 24.4725 86.978
256 24.7267 87.1868
490 24.9494 87.3699
418 25.1908 87.5682
761 25.454 87.7845
548 25.7115 87.9961
696 25.7551 88.032
610 25.8025 88.0709
141 25.8506 88.1104
707 25.9009 88.1517
611 25.9435 88.1868
306 25.9811 88.2177
120 26.0189 88.2487
172 26.057 88.28
859 26.0905 88.3076
430 26.1285 88.3388
150 26.1643 88.3682
651 26.1979 88.3958
871 26.2332 88.4248
92 26.2698 88.4549
183 26.3015 88.4809
50 26.3358 88.5091
167 26.3723 88.5392
753 26.4081 88.5686
695 26.4435 88.5977
714 26.4839 88.6309
424 26.4871 88.631
885 26.4901 88.6311
712 26.4931 88.6312
833 26.496 88.6314
631 26.4989 88.6315
960 26.5019 88.6316
96 26.5019 88.6316
808 26.5019 88.6316
20 26.5019 88.6316
593 26.5019 88.6316
470 26.5019 88.6316
919 26.5019 88.6316
28 26.5019 88.6316
491 26.5019 88.6316
456 26.5019 88.6316
409 26.5019 88.6316
441 26.5019 88.6316
768 26.5019 88.6316
462 26.5019 88.6316
521 27.0676 88.5868
73 28.056 88.5087
22 29.0343 88.4314
231 29.9173 88.3616
786 30.7771 88.2936
672 31.6355 88.2257
437 32.4864 88.1584
840 33.2863 88.0951
448 34.0372 88.0357
428 34.7417 87.98
265 35.4879 87.9209
569 35.4985 87.9201
918 35.5083 87.9193
795 35.5187 87.9185
270 35.5291 87.9177
806 35.5397 87.9169
124 35.5508 87.916
146 35.5624 87.9151
766 35.574 87.9142
392 35.5741 87.914
613 35.5742 87.9139
305 35.5743 87.9138
72 35.5744 87.9136
738 35.5745 87.9135
139 35.5746 87.9134
763 35.6885 87.7692
53 35.8084 87.6173
539 35.9276 87.4662
449 36.0506 87.3104
226 36.1804 87.1459
296 36.3002 86.9942
689 36.4122 86.8522
773 37.006 86.9897
614 37.6133 87.1303
193 38.2507 87.2779
752 38.8555 87.4179
415 41.5568 88.0429
880 42.2594 88.2055
530 42.246 88.233
156 42.2313 88.2634
5 42.2172 88.2923
181 42.2055 88.3166
343 42.1956 88.3369
866 42.1849 88.359
408 42.1754 88.3785
861 42.1654 88.399
536 42.1531 88.4243
851 42.1411 88.4492
309 42.1273 88.4776
271 42.1144 88.504
230 42.1031 88.5273
974 42.0913 88.5517
206 42.1566 88.378
713 42.22 88.2097
874 42.2844 88.0386
877 42.7628 86.7674
807 43.4701 84.888
563 44.0882 83.2455
662 44.5341 82.0608
179 44.5638 81.9817
976 44.5964 81.8952
826 44.6262 81.8161
248 44.6567 81.735
319 44.6871 81.6541
225 44.721 81.564
350 44.8067 81.627
724 44.8942 81.6913
755 44.9951 81.7655
540 45.0864 81.8327
134 45.1831 81.9038
561 45.2975 81.9879
394 45.4089 82.0698
659 45.516 82.1486
513 45.6151 82.2215
562 45.72 82.2986
144 45.8221 82.3737
241 45.9355 82.4571
292 46.0465 82.5387
215 46.1609 82.6228
649 46.2751 82.7068
82 46.3944 82.7946
894 46.5076 82.8778
632 46.875 83.148
94 47.256 83.4282
802 47.6395 83.7102
754 48.0509 84.0127
857 48.3731 84.2496
895 48.7564 84.5315
921 49.1606 84.8288
245 49.6132 85.1616
931 50.0499 85.4827
769 50.0499 85.4827
746 50.1341 85.6978
774 50.2101 85.8922
636 50.2832 86.0791
126 50.3577 86.2698
320 50.435 86.4673
642 50.5108 86.661
947 50.589 86.8609
389 50.6687 87.0648
416 50.7378 87.2416
129 50.8087 87.4228
406 50.8808 87.6071
814 50.9561 87.7995
375 51.0317 87.9929
335 51.0958 88.1569
516 51.1668 88.3385
165 51.2368 88.5174
559 51.3035 88.6879
367 51.5464 88.6882
62 51.7871 88.6885
887 52.0332 88.6888
280 52.2707 88.6891
259 52.4982 88.6894
344 52.7216 88.6897
618 52.9398 88.6899
737 53.1557 88.6902
105 53.3682 88.6904
511 53.6068 88.6907
541 53.851 88.691
42 54.1946 88.6915
12 54.1946 88.6915
239 54.1946 88.6915
40 54.1946 88.6915
532 54.1946 88.6915
118 54.1946 88.6915
961 54.1946 88.6915
624 54.3056 88.6769
313 54.4212 88.6617
584 54.5344 88.6469
911 54.6431 88.6326
856 54.7496 88.6186
434 54.8537 88.6049
575 54.9698 88.5896
369 55.0783 88.5754
229 55.1842 88.5614
140 55.2804 88.5488
940 55.3795 88.5357
23 55.478 88.5228
896 55.5903 88.508
882 55.7047 88.493
980 57.4931 88.2579
273 59.5924 87.9819
464 61.384 87.7464
285 62.9952 87.5346
149 64.1645 87.3808
185 64.1697 87.3759
817 64.1753 87.3704
378 64.1812 87.3647
317 64.1866 87.3594
395 64.1919 87.3543
465 64.1968 87.3496
318 64.2012 87.3453
477 64.2058 87.3408
202 64.2104 87.3365
177 64.2153 87.3317
952 64.22 87.3271
690 64.5282 87.0287
567 64.8549 86.7124
52 65.1925 86.3856
622 65.5578 86.0319
992 65.9363 85.6654
816 66.346 85.2688
854 66.7617 84.8663
864 67.2007 84.4413
83 67.6341 84.0216
71 68.0492 83.6198
481 68.4579 83.2241
845 68.869 82.8261
984 69.2909 82.4175
975 71.001 80.7624
801 71.2779 81.714
297 71.6485 82.9878
937 72.0349 84.3157
742 72.4329 85.6831
620 72.8336 87.06
544 72.8336 87.06
251 72.8336 87.06
18 72.8336 87.06
145 73.94 87.3722
818 75.1991 87.7275
775 76.52 88.1003
983 78.0381 88.5287
135 78.24 88.5856
494 78.4205 88.6365
353 78.6011 88.6875
820 78.8043 88.7448
893 78.9941 88.7983
158 79.1755 88.8495
322 79.3874 88.9093
725 79.5758 88.9625
928 79.7622 89.015
823 79.7622 89.015
813 79.7622 89.015
666 79.7622 89.015
159 79.7622 89.015
580 79.7622 89.015
25 83.7907 83.9612
204 84.4258 83.1645
660 84.9081 82.5594
417 85.0489 82.3827
528 85.2306 82.1548
450 85.393 81.9511
473 85.4955 81.8225
685 85.6157 81.6718
648 85.7305 81.5277
889 85.8587 81.3669
311 86.0024 81.1867
372 86.129 81.0278
385 83.8729 75.1915
332 83.1157 73.2326
852 82.4589 71.5336
110 82.2001 70.8642
579 82.0555 70.4901
740 81.9101 70.1139
977 80.0623 65.3339
383 79.0514 62.7187
478 77.61 58.9902
900 77.61 58.9902
190 77.61 58.9902
420 78.1689 58.0611
684 78.9675 56.7335
941 79.7483 55.4355
920 80.9463 53.4442
609 82.0596 51.5935
553 82.5054 51.4684
592 83.1793 51.2793
274 83.9368 51.0667
497 86.2188 50.4263
170 86.2191 50.2318
195 86.2194 50.0181
967 86.2197 49.8274
838 86.2199 49.6325
951 86.2202 49.4282
198 86.2205 49.2275
425 86.2208 49.0118
932 86.2211 48.8064
136 86.2214 48.5989
884 86.2217 48.3903
387 86.2221 48.173
506 86.2224 47.9485
107 86.2236 47.1225
242 86.2254 45.9018
835 86.2335 40.6727
98 86.2412 35.6137
590 86.2445 33.3768
520 86.2479 31.0702
33 86.2529 27.7512
627 86.262 21.8665
345 86.2652 19.7672
483 86.2684 17.5916
979 86.2684 17.5916
243 86.2684 17.5916
260 86.2684 17.5916
