0,483,243,260,979,777,103,176,504,24,598,581,295,721,819,865,959,821,377,681,6,634,458,27,19,785,355,781,875,831,751,828,43,217,606,232,314,358,594,190,357,274,45,583,29,656,926,425,920,195,670,117,466,553,609,745,323,767,485,850,334,810,143,942,35,675,519,85,964,293,102,842,791,498,70,440,647,762,798,538,743,625,286,216,282,396,844,180,188,917,262,793,512,54,732,492,127,790,906,210,269,522,706,63,623,716,945,452,848,342,194,978,186,370,276,935,644,577,870,930,843,155,69,472,923,66,862,989,356,197,250,853,164,653,209,55,289,873,421,419,160,555,467,363,351,883,310,111,379,287,337,407,704,573,26,518,278,934,915,626,307,221,64,822,284,824,702,439,643,899,902,664,586,486,834,257,261,687,619,566,692,388,480,191,508,709,783,787,324,397,748,7,891,38,679,735,723,11,913,858,510,37,59,182,475,633,908,413,691,403,142,705,87,65,32,990,535,148,496,985,549,612,958,811,476,391,943,205,151,655,758,78,121,616,869,529,663,438,125,543,414,741,254,246,354,641,602,268,829,488,211,669,812,258,673,362,588,710,474,366,402,661,963,682,299,629,348,412,187,331,881,8,455,722,61,86,646,674,4,328,514,312,572,836,133,794,898,74,283,700,352,770,157,499,708,863,423,212,46,731,384,10,749,373,534,228,154,936,652,489,123,505,330,925,122,116,222,336,341,542,805,589,972,677,303,214,128,849,47,218,527,166,100,909,841,463,57,771,279,797,747,949,174,451,114,79,329,422,938,680,903,376,764,34,233,640,733,981,565,349,970,525,729,897,382,267,599,365,308,137,493,571,698,327,788,688,56,89,545,30,922,501,507,587,839,390,765,603,302,237,957,910,778,471,461,597,912,147,49,101,756,359,901,876,617,621,804,104,929,563,161,171,84,715,281,683,523,676,558,779,291,724,21,645,591,134,540,235,410,533,596,163,404,755,80,809,855,459,225,264,576,350,175,802,878,292,253,270,954,223,124,144,552,638,927,806,697,60,256,689,502,132,99,846,950,113,888,971,574,730,333,454,275,400,429,326,479,757,658,946,789,604,16,550,956,965,272,739,635,524,703,196,630,338,556,772,162,398,601,825,796,81,720,347,14,503,966,784,219,531,131,371,939,234,799,734,255,760,717,381,554,178,546,3,665,991,445,607,277,457,694,728,890,639,207,830,224,517,860,240,615,570,77,879,427,482,192,667,628,657,298,431,718,97,424,701,526,487,411,168,374,316,924,266,184,339,130,500,58,948,73,469,44,95,726,699,360,88,31,76,780,325,436,916,600,48,608,886,833,712,885,578,368,50,93,41,537,346,490,288,560,815,220,695,443,933,892,446,167,955,551,361,321,462,17,75,686,119,90,868,236,300,213,988,401,153,247,444,973,435,568,200,115,405,719,736,199,944,433,759,678,969,750,380,711,827,953,905,803,693,301,585,426,447,169,106,982,203,263,39,547,914,1,364,108,792,753,776,399,442,637,593,495,557,386,430,491,183,138,304,244,871,15,28,761,456,651,470,13,714,521,36,227,631,808,696,409,795,249,610,672,181,271,120,613,437,786,150,20,96,441,859,960,265,394,92,707,918,768,306,611,252,807,141,294,418,428,241,872,2,296,343,172,146,773,72,231,561,569,448,874,752,877,392,738,449,139,129,22,230,548,539,53,309,974,840,636,649,763,245,659,305,814,193,976,614,919,189,280,259,416,562,880,248,861,406,642,947,226,564,319,662,769,94,530,894,940,857,754,40,179,82,826,887,320,215,513,575,921,369,229,126,140,895,632,12,559,408,118,766,375,239,105,961,746,896,156,618,516,389,367,882,737,774,536,206,866,980,713,165,5,911,584,344,624,23,532,541,42,335,851,62,856,313,415,511,434,690,952,177,202,145,477,984,847,9,986,453,91,782,112,315,432,582,800,109,968,208,515,484,51,290,393,904,481,468,837,18,173,509,110,238,595,907,654,668,605,727,460,68,987,340,744,478,823,937,962,867,671,273,159,742,71,845,832,83,931,465,395,317,801,378,817,185,149,285,52,620,318,567,251,816,544,992,353,464,297,580,725,158,494,417,775,818,622,648,813,854,666,864,322,983,820,889,135,893,473,928,660,311,685,25,450,528,372,204,579,852,975,900,740,332,385,201,932,383,967,67,420,977,941,152,650,387,592,170,684,884,506,242,136,838,951,497,107,198,835,520,590,33,627,345,98,
value : 518.717 running time : 66.472640
0 80 20
483 83.8017 14.364
243 83.2086 14.3566
260 81.138 14.3308
979 78.4304 14.2972
777 70.9882 14.2049
103 69.6154 14.1878
176 69.2226 15.0224
504 68.8161 15.886
24 68.4603 16.6419
598 68.1434 17.3152
581 67.854 17.9299
295 67.5675 18.5386
721 67.3096 19.0867
819 64.4757 25.1071
865 61.4757 31.4802
959 61.5525 31.7153
821 61.6283 31.9476
377 61.6961 32.1551
681 61.7582 32.3454
6 61.8228 32.5434
634 61.8911 32.7525
458 61.9518 32.9382
27 62.0105 33.1182
19 62.0696 33.2991
785 62.2272 33.7819
355 62.7034 35.2403
781 63.1745 36.6834
875 63.7566 38.4665
831 63.7566 38.4665
751 63.8778 38.6313
828 64.2754 39.1727
43 64.7165 39.7732
217 65.1564 40.3721
606 65.6216 41.0054
232 66.0672 41.612
314 66.4693 42.1595
358 66.8844 42.7246
594 67.356 43.3665
190 67.9581 44.1863
357 67.9581 44.1863
274 67.9581 44.1863
45 67.8521 44.8839
583 67.7297 45.6888
29 67.647 46.233
656 67.5452 46.9029
926 67.5189 47.0758
425 67.4935 47.2431
920 67.4673 47.4157
195 67.4452 47.5609
670 67.4222 47.7124
117 67.3975 47.8749
466 67.3758 48.0178
553 67.3503 48.1854
609 67.3285 48.3286
745 67.3044 48.4871
323 67.2047 49.1432
767 67.0716 50.0189
485 66.9609 50.7478
850 66.8582 51.4231
334 66.7579 52.0829
810 65.2276 52.516
143 64.8326 52.6277
942 64.3837 52.7547
35 63.8892 52.8947
675 63.5175 52.9998
519 62.7128 53.2275
85 62.0748 53.4081
964 61.492 53.573
293 61.0975 53.6846
102 60.717 53.7923
842 60.2321 53.9295
791 59.6411 54.0967
498 59.2865 54.197
70 59.0551 54.2625
440 58.7638 54.3449
647 58.1833 54.2065
762 57.4869 54.0404
798 56.2666 53.7493
538 55.4507 53.5547
743 54.3388 53.2895
625 53.637 53.1221
286 52.8398 52.9319
216 51.9707 52.7246
282 51.0626 52.508
396 49.8753 52.2248
844 47.7855 51.7263
180 47.05 51.648
188 46.4486 51.5839
917 45.6904 51.5032
262 45.4498 51.4776
793 45.1728 51.4481
512 44.8271 51.4113
54 44.5032 51.3768
732 44.3107 51.1484
492 44.098 50.8959
127 43.8724 50.6282
790 43.6406 50.353
906 43.5955 50.2996
210 43.5502 50.2458
269 43.4992 50.1852
522 43.4992 50.1852
706 43.4992 50.1852
63 44.3386 49.7378
623 44.9501 49.4118
716 45.3549 49.1961
945 45.7009 49.0117
452 46.061 48.8197
848 46.4366 48.6196
342 46.8075 48.4219
194 47.1936 48.2161
978 47.6429 47.9766
186 47.9319 47.8225
370 48.2097 47.6745
276 49.225 47.1333
935 50.2485 46.5877
644 51.2249 46.0674
577 51.2249 46.0674
870 51.0494 45.6093
930 50.8942 45.2043
843 50.7632 44.8624
155 50.6152 44.476
69 50.4781 44.1181
472 50.3431 43.7657
923 50.2053 43.4059
66 49.6248 41.8906
862 49.0958 40.5098
989 48.6153 39.2555
356 48.0793 37.8562
197 47.4295 36.16
250 46.6322 34.0788
853 45.9605 32.3254
164 45.29 30.5751
653 44.6729 28.9643
209 44.5047 28.5252
55 44.3203 28.0438
289 44.0717 27.395
873 43.8327 26.771
421 43.592 26.1427
419 43.2657 25.291
160 42.9704 24.5201
555 42.642 23.6627
467 42.0329 22.0728
363 41.1635 19.8035
351 40.7628 18.7574
883 40.7268 18.6635
310 40.6884 18.5633
111 40.651 18.4656
379 40.6128 18.366
287 40.5644 18.2395
337 40.5237 18.1335
407 40.478 18.0141
704 40.4388 17.9117
573 40.3996 17.8095
26 40.3616 17.7103
518 40.3186 17.5979
278 36.5516 22.0254
934 36.1008 22.5551
915 35.583 23.1638
626 35.3597 23.4262
307 35.1199 23.7081
221 34.8912 23.9768
64 34.705 24.1957
822 34.509 24.426
284 34.2959 24.6765
824 34.0912 24.9171
702 33.8994 25.1425
439 33.7268 25.3455
643 33.5565 25.5456
899 32.3992 27.0445
902 32.3992 27.0445
664 31.7434 29.471
586 31.598 30.0091
486 31.4335 30.6178
834 31.2878 31.1566
257 31.1305 31.7388
261 30.9768 32.3075
687 30.4558 34.2354
619 30.0502 35.7363
566 29.8232 36.5759
692 29.8232 36.5759
388 29.8232 36.5759
480 29.8232 36.5759
191 29.8232 36.5759
508 29.8232 36.5759
709 29.8232 36.5759
783 29.3077 37.4522
787 28.8481 38.2335
324 26.1008 42.9032
397 25.8055 43.4052
748 25.5204 43.8898
7 25.2277 44.3874
891 23.9035 46.6383
38 23.8642 46.7052
679 23.8258 46.7705
735 23.7905 46.8303
723 23.7905 46.8303
11 23.7905 46.8303
913 23.7905 46.8303
858 23.7905 46.8303
510 23.7905 46.8303
37 23.7905 46.8303
59 23.7905 46.8303
182 23.7905 46.8303
475 23.7905 46.8302
633 23.7905 46.8302
908 23.7905 46.8302
413 23.7905 46.8302
691 23.7905 46.8302
403 23.5303 46.4203
142 23.279 46.0244
705 23.0223 45.6197
87 20.6408 41.8655
65 20.4372 41.5447
32 20.2402 41.2344
990 20.0428 40.9233
535 19.8604 40.6359
148 19.6534 40.3098
496 19.4468 39.9842
985 19.2285 39.6403
549 19.051 39.3606
612 18.8635 39.0652
958 18.6688 38.7584
811 18.7418 38.6414
476 18.8001 38.5479
391 18.8656 38.443
943 18.9725 38.2716
205 19.0689 38.1169
151 19.1602 37.9705
655 19.2374 37.8468
758 19.3149 37.7225
78 19.4268 37.5431
121 19.5436 37.3558
616 19.6441 37.1946
869 19.7738 36.9868
529 19.8835 36.8109
663 19.8835 36.8109
438 19.8835 36.8109
125 19.8835 36.8109
543 19.8835 36.8109
414 19.8793 36.1369
741 19.8234 27.105
254 19.8176 26.1529
246 19.8131 25.4196
354 19.8096 24.8524
641 19.8059 24.25
602 19.8022 23.6327
268 19.7982 22.9895
829 19.7936 22.2374
488 19.7668 17.8797
211 19.764 17.4276
669 19.7613 16.982
812 12.434 15.2311
258 12.3244 15.8894
673 12.315 15.9463
362 12.3068 15.995
588 12.2982 16.0472
710 12.2883 16.1064
474 12.2806 16.1524
366 12.2734 16.1959
402 12.2647 16.248
661 12.2565 16.2976
963 12.249 16.3424
682 12.2421 16.3841
299 12.2341 16.4323
629 12.2278 16.4699
348 12.2198 16.5178
412 12.2119 16.5655
187 12.2041 16.6119
331 12.1967 16.6567
881 12.1906 16.6933
8 12.1833 16.7374
455 12.1771 16.7744
722 12.1718 16.806
61 11.7314 19.4519
86 10.9549 24.1168
646 10.9549 24.1168
674 10.9725 26.139
4 11.0146 30.9727
328 11.0498 35.022
514 11.0498 35.0224
312 11.0498 35.0228
572 11.0498 35.0231
836 11.0498 35.0235
133 11.0498 35.0239
794 11.0498 35.0242
898 11.0498 35.0246
74 11.0547 35.5723
283 11.0703 37.2744
700 11.0868 39.0936
352 11.1022 40.7705
770 11.1148 42.1708
157 11.1274 43.5629
499 11.1352 44.4233
708 11.1462 45.6374
863 11.1475 45.788
423 11.149 45.9502
212 11.1505 46.1232
46 11.1521 46.2982
731 11.1537 46.4793
384 11.1553 46.6575
10 11.1569 46.8412
749 11.1588 47.0515
373 11.1606 47.2463
534 11.1622 47.4308
228 11.1638 47.6109
154 11.1656 47.809
936 11.1674 48.0082
652 11.1691 48.1942
489 11.1708 48.3867
123 11.1724 48.5695
505 11.1742 48.7706
330 11.1759 48.9617
925 11.1833 49.7786
122 11.1895 50.4657
116 11.2637 50.5413
222 11.3524 50.6317
336 11.4416 50.7226
341 11.5155 50.7978
542 11.5959 50.8797
805 11.6751 50.9604
589 11.7576 51.0444
972 11.8348 51.1231
677 11.9077 51.1974
303 11.9751 51.2659
214 12.0425 51.3347
128 12.1109 51.4043
849 12.2021 51.4972
47 12.4322 51.7315
218 12.6655 51.9693
527 12.8912 52.1992
166 13.1271 52.4395
100 13.3767 52.6937
909 13.6222 52.9437
841 13.8821 53.2085
463 14.152 53.4834
57 14.448 53.7849
771 14.7718 54.1147
279 15.1087 54.458
797 15.4202 54.7752
747 15.7384 55.0994
949 16.0479 55.4147
174 16.4212 55.7949
451 16.8441 56.2256
114 17.203 56.5913
79 17.5606 56.9555
329 17.8715 57.2722
422 18.1583 57.5644
938 18.4589 57.8706
680 18.7923 58.2102
903 18.9017 58.2128
376 18.986 58.2148
764 19.1211 58.218
34 19.2651 58.2213
233 19.3992 58.2245
640 19.5343 58.2277
733 19.6505 58.2304
981 19.7592 58.233
565 19.8683 58.2355
349 19.9974 58.2386
970 20.1088 58.2412
525 26.2865 58.3865
729 26.4315 58.4097
897 26.5715 58.4321
382 26.7262 58.4568
267 26.8819 58.4817
599 27.0292 58.5052
365 27.1927 58.5313
308 27.291 58.547
137 27.382 58.5616
493 27.4731 58.5761
571 27.5602 58.5901
698 27.6335 58.6018
327 28.0782 58.6729
788 28.5535 58.7488
688 29.0124 58.8222
56 29.5268 58.9044
89 29.804 58.9487
545 30.0841 58.9935
30 30.4211 59.0473
922 30.7127 59.0939
501 30.9671 59.1346
507 31.2279 59.1763
587 31.5347 59.2253
839 31.8667 59.2784
390 32.1806 59.3285
765 32.5076 59.3808
603 32.7717 59.423
302 33.0641 59.4697
237 33.4858 59.5371
957 33.8529 59.5958
910 34.2963 59.6667
778 34.6385 59.7214
471 35.0459 59.7865
461 35.4012 59.8433
597 35.7462 59.8984
912 35.983 59.9362
147 36.2365 59.9768
49 36.5275 60.0233
101 36.8486 60.0746
756 36.8486 60.0746
359 36.8486 60.0746
901 36.8486 60.0746
876 36.8486 60.0746
617 41.1508 65.1745
621 41.3222 65.3776
804 41.5015 65.5901
104 41.6784 65.7999
929 41.8707 66.0279
563 42.5023 66.7764
161 42.5023 66.7764
171 42.5023 66.7764
84 42.5023 66.7764
715 42.4495 66.832
281 42.3995 66.8847
683 42.3457 66.9413
523 42.2926 66.9972
676 42.2412 67.0514
558 42.1888 67.1065
779 42.1353 67.1629
291 42.0815 67.2195
724 42.0275 67.2764
21 41.9749 67.3318
645 41.923 67.3864
591 41.8707 67.4415
134 41.8218 67.493
540 41.7716 67.5459
235 41.7237 67.5964
410 41.6735 67.6493
533 41.6225 67.7029
596 41.5698 67.7584
163 41.5179 67.813
404 41.4659 67.8678
755 41.415 67.9215
80 41.4149 67.9215
809 41.4149 67.9215
855 41.4149 67.9215
459 41.4149 67.9215
225 41.4149 67.9215
264 41.4149 67.9216
576 41.4149 67.9216
350 41.4149 67.9216
175 41.4148 67.9216
802 41.4148 67.9216
878 37.5496 70.4277
292 33.7211 72.9099
253 30.627 74.916
270 30.627 74.916
954 30.627 74.916
223 30.627 74.916
124 30.627 74.916
144 30.627 74.916
552 30.4151 74.783
638 30.2783 74.6972
927 30.0945 74.5818
806 29.9533 74.4932
697 29.7907 74.3912
60 29.6368 74.2946
256 29.4804 74.1965
689 27.8879 73.197
502 26.0776 72.061
132 25.8447 71.9149
99 25.6411 71.787
846 25.4232 71.6503
950 25.228 71.5278
113 25.0223 71.3987
888 24.8385 71.2834
971 24.6438 71.1612
574 24.4628 71.0476
730 24.2734 70.9287
333 24.0689 70.8003
454 23.8534 70.6651
275 23.5897 70.4996
400 23.3502 70.3493
429 23.1464 70.2214
326 22.9604 70.1047
479 22.7731 69.9871
757 22.5972 69.8767
658 22.3207 69.7032
946 22.0411 69.5278
789 21.7735 69.3598
604 21.4988 69.1874
16 21.1841 68.9899
550 20.4469 68.5272
956 18.8352 67.5158
965 18.4894 67.614
272 18.0697 67.7332
739 17.7125 67.8347
635 17.3766 67.9301
524 17.0144 68.033
703 16.6393 68.1396
196 16.2937 68.2377
630 15.9367 68.3392
338 15.5634 68.4452
556 15.2165 68.5438
772 15.2165 68.5438
162 15.2165 68.5438
398 15.2165 68.5438
601 15.2165 68.5438
825 15.2165 68.5438
796 15.2165 68.5438
81 15.2165 68.5438
720 15.2165 68.5438
347 10.9804 69.4605
14 10.982 69.4768
503 10.9837 69.4942
966 10.9851 69.5088
784 10.9867 69.5246
219 10.9883 69.5406
531 10.9897 69.5553
131 11.0075 69.7362
371 11.0237 69.9003
939 11.0401 70.0667
234 11.0587 70.2564
799 11.0921 70.5949
734 11.1253 70.933
255 11.1593 71.2778
760 11.1938 71.628
717 11.2717 72.4196
381 11.355 73.2656
554 11.4631 74.3639
178 11.4631 74.3639
546 11.4631 74.3639
3 11.4631 74.3639
665 11.4631 74.3639
991 11.4631 74.3639
445 11.4631 74.3639
607 11.4631 74.3639
277 11.4631 74.3639
457 11.4631 74.3639
694 11.4631 74.3639
728 11.4631 74.3639
890 11.4631 74.3639
639 11.4631 74.3639
207 11.4631 74.3639
830 11.4631 74.3639
224 11.4631 74.3639
517 11.4631 74.3639
860 11.4631 74.3639
240 11.4631 74.3639
615 11.4631 74.3639
570 11.4631 74.3639
77 11.4631 74.3639
879 11.5804 74.5369
427 11.7029 74.7175
482 11.8276 74.9013
192 11.9544 75.0883
667 12.1131 75.3223
628 12.3521 75.6746
657 12.5216 75.9244
298 12.7079 76.1991
431 12.9374 76.5375
718 13.1328 76.8255
97 13.7445 76.9267
424 14.36 77.0284
701 14.36 77.0284
526 14.36 77.0284
487 14.36 77.0284
411 14.36 77.0284
168 14.36 77.0284
374 14.36 77.0284
316 14.36 77.0284
924 14.36 77.0284
266 14.36 77.0284
184 14.36 77.0284
339 14.36 77.0284
130 14.36 77.0284
500 14.8511 77.6795
58 15.3897 78.3937
948 15.7977 78.9345
73 19.2756 83.5459
469 19.2066 83.5231
44 19.1421 83.5018
95 19.0618 83.4754
726 18.9935 83.4529
699 18.9273 83.4311
360 18.8641 83.4102
88 18.7971 83.3881
31 18.7289 83.3657
76 18.6732 83.3473
780 18.595 83.3215
325 18.5245 83.2983
436 18.4584 83.2765
916 18.4027 83.2581
600 18.3421 83.2382
48 18.2792 83.2174
608 18.223 83.1989
886 18.1635 83.1793
833 18.1084 83.1611
712 18.047 83.1409
885 17.9862 83.1209
578 17.9201 83.0991
368 17.8571 83.0783
50 17.7901 83.0562
93 17.7204 83.0332
41 17.6597 83.0132
537 17.5909 82.9906
346 17.5164 82.966
490 17.4637 82.9486
288 17.3999 82.9276
560 17.3249 82.9029
815 17.2583 82.8809
220 17.1984 82.8612
695 17.1408 82.8422
443 17.0774 82.8213
933 17.017 82.8014
892 16.9409 82.7763
446 16.8801 82.7563
167 16.8251 82.7382
955 16.7711 82.7204
551 16.7231 82.7045
361 16.6767 82.6892
321 16.6329 82.6748
462 16.595 82.6623
17 14.8364 82.0827
75 12.3327 81.2574
686 11.3438 80.9315
119 11.3438 80.9315
90 10.8324 83.7702
868 10.2385 87.0668
236 10.0906 87.8878
300 9.96926 88.5612
213 9.82866 89.3417
988 9.81633 89.4102
401 9.81633 89.4102
153 9.81633 89.4102
247 9.81633 89.4102
444 9.81633 89.4102
973 9.81633 89.4102
435 9.81633 89.4102
568 9.81633 89.4102
200 9.81633 89.4102
115 9.81633 89.4102
405 9.81633 89.4102
719 9.81633 89.4102
736 9.81633 89.4102
199 9.81633 89.4102
944 9.81633 89.4102
433 9.81633 89.4102
759 9.93848 89.4129
678 10.0617 89.4156
969 10.1936 89.4185
750 10.3333 89.4216
380 10.4589 89.4244
711 10.5892 89.4272
827 10.7134 89.43
953 10.8385 89.4327
905 10.9748 89.4357
803 11.1089 89.4387
693 11.2438 89.4417
301 11.3746 89.4445
585 11.5004 89.4473
426 11.6416 89.4504
447 11.7918 89.4537
169 11.9377 89.4569
106 12.0866 89.4602
982 12.2462 89.4637
203 12.3882 89.4669
263 12.5302 89.47
39 12.6812 89.4733
547 12.8467 89.477
914 13.0284 89.481
1 13.2146 89.4851
364 13.3895 89.4889
108 13.5703 89.4929
792 13.7589 89.4971
753 14.3345 89.5097
776 14.8351 89.5208
399 15.3015 89.531
442 15.7746 89.5415
637 16.244 89.5518
593 16.836 89.5649
495 17.3392 89.5759
557 17.8372 89.5869
386 18.3679 89.5986
430 18.9584 89.6116
491 19.2943 89.619
183 19.6022 89.6258
138 19.8885 89.6321
304 20.2576 89.6402
244 20.7337 89.6507
871 21.1812 89.6606
15 21.6284 89.6704
28 22.1361 89.6816
761 22.5602 89.6909
456 22.9604 89.6997
651 23.3849 89.7091
470 23.8321 89.7189
13 24.1053 89.725
714 24.4415 89.7324
521 24.7948 89.7401
36 25.1536 89.748
227 25.4909 89.7555
631 26.1085 89.7691
808 26.692 89.7819
696 27.1813 89.7927
409 27.705 89.8042
795 28.2575 89.8164
249 28.7321 89.8269
610 29.3568 89.8406
672 30.0278 89.8554
181 30.6903 89.87
271 30.7099 89.8704
120 30.7295 89.8709
613 30.7512 89.8713
437 30.7712 89.8718
786 30.7897 89.8722
150 30.8092 89.8726
20 30.8291 89.8731
96 30.8488 89.8735
441 30.8679 89.8739
859 30.8913 89.8744
960 30.9187 89.875
265 30.9446 89.8756
394 30.9446 89.8756
92 30.9446 89.8756
707 30.9446 89.8756
918 30.9446 89.8756
768 30.9446 89.8756
306 31.5432 89.6932
611 32.3211 89.4562
252 36.258 88.2567
807 36.3012 88.2607
141 36.3393 88.2642
294 36.3804 88.268
418 36.4114 88.2708
428 36.5746 88.2859
241 36.7537 88.3024
872 36.9077 88.3165
2 37.0869 88.333
296 37.2711 88.35
343 37.4948 88.3706
172 37.6691 88.3867
146 37.8443 88.4028
773 38.0169 88.4187
72 38.2148 88.4369
231 38.4073 88.4546
561 38.6163 88.4739
569 38.8064 88.4914
448 38.9946 88.5087
874 39.1908 88.5268
752 39.2184 88.4954
877 39.2494 88.4602
392 39.2779 88.4276
738 39.3045 88.3974
449 39.3332 88.3647
139 39.3607 88.3334
129 39.4139 88.2729
22 39.4606 88.2197
230 39.509 88.1647
548 39.5562 88.1109
539 39.605 88.0553
53 39.6489 88.0053
309 39.6971 87.9505
974 39.7459 87.8949
840 40.1006 87.4911
636 40.4077 87.1416
649 40.6543 86.8609
763 40.8846 86.5987
245 41.1561 86.2897
659 41.3743 86.0413
305 41.5798 85.8073
814 41.8054 85.5506
193 42.041 85.2823
976 42.265 85.0273
614 42.4583 84.8073
919 42.6434 84.5966
189 42.8596 84.3505
280 43.072 84.1087
259 43.2413 83.916
416 43.2413 83.916
562 43.2413 83.916
880 43.2413 83.916
248 43.2413 83.916
861 43.2413 83.916
406 43.2413 83.916
642 43.2413 83.916
947 43.2413 83.916
226 43.2413 83.916
564 43.2413 83.916
319 43.2413 83.916
662 43.2413 83.916
769 46.1055 83.2268
94 46.1055 83.2268
530 46.1055 83.2268
894 46.1055 83.2268
940 46.1746 83.3188
857 46.2369 83.4019
754 46.3111 83.5008
40 46.3708 83.5803
179 46.4226 83.6495
82 46.4742 83.7182
826 46.5324 83.7958
887 46.5963 83.8808
320 46.6516 83.9546
215 46.7004 84.0197
513 46.7546 84.0919
575 46.8203 84.1794
921 46.8707 84.2466
369 46.9291 84.3245
229 46.9816 84.3944
126 46.9945 84.4463
140 47.0074 84.4984
895 47.0195 84.5471
632 47.0322 84.5985
12 47.3934 86.0549
559 47.744 87.4684
408 47.8348 87.8345
118 47.9301 88.2185
766 48.0232 88.594
375 48.125 88.5811
239 48.2326 88.5674
105 48.3379 88.5541
961 48.4457 88.5404
746 48.5556 88.5265
896 48.665 88.5126
156 48.765 88.4999
618 48.8718 88.4864
516 48.9689 88.4741
389 49.0644 88.462
367 49.1781 88.4476
882 49.2784 88.4349
737 49.3791 88.4221
774 49.4648 88.4112
536 49.5486 88.4006
206 49.6301 88.3903
866 49.7216 88.3787
980 49.8236 88.3658
713 49.9087 88.355
165 49.9978 88.3437
5 50.0927 88.3316
911 52.0589 88.0825
584 52.321 88.0493
344 52.5483 88.0205
624 52.6131 88.0095
23 52.6797 87.9983
532 52.7496 87.9865
541 52.828 87.9733
42 54.7752 87.645
335 54.7752 87.645
851 54.7752 87.645
62 54.7752 87.645
856 54.7752 87.645
313 54.7752 87.645
415 54.7752 87.645
511 54.7752 87.645
434 54.7752 87.645
690 55.0688 87.1557
952 55.3431 86.6985
177 55.6469 86.192
202 55.9431 85.6983
145 56.2755 85.1443
477 56.2344 84.0816
984 56.1874 82.8646
847 56.1237 81.214
9 56.074 79.9262
986 56.0272 78.7141
453 55.99 77.7529
91 55.9851 77.6262
782 55.9802 77.5006
112 55.9751 77.3668
315 55.9701 77.2385
432 55.9649 77.1047
582 55.9598 76.9716
800 55.9546 76.8376
109 55.9489 76.6902
968 55.9433 76.5466
208 55.9386 76.4242
515 55.9338 76.2993
484 55.9338 76.2993
51 57.619 75.475
290 58.5918 74.9992
393 59.2375 74.6833
904 59.7909 74.4126
481 60.3154 74.156
468 60.7542 73.9414
837 61.2915 73.6786
18 61.7211 73.4685
173 62.1933 73.2375
509 62.6499 73.0141
110 63.1632 72.763
238 63.1632 72.763
595 63.1632 72.763
907 63.1632 72.763
654 63.1781 72.7984
668 63.1907 72.8283
605 63.2041 72.86
727 63.2178 72.8924
460 63.2308 72.9233
68 63.2423 72.9505
987 63.2563 72.9838
340 63.2693 73.0146
744 63.2836 73.0485
478 63.2962 73.0784
823 65.8397 79.1109
937 65.9886 79.464
962 66.12 79.7756
867 66.287 80.1718
671 66.5791 80.8646
273 67.0028 81.8694
159 67.1333 82.1788
742 67.2478 82.4503
71 67.3422 82.6744
845 67.4491 82.9279
832 67.5349 83.1314
83 67.6647 83.4391
931 67.7966 83.7519
465 67.9337 84.0772
395 68.0574 84.3706
317 68.1914 84.6884
801 68.3304 85.0181
378 68.4922 85.4016
817 68.6896 85.8699
185 68.8364 86.2182
149 69.2925 86.3252
285 69.4983 86.3734
52 69.6881 86.4179
620 69.8823 86.4635
318 70.0768 86.5091
567 70.2497 86.5496
251 70.4489 86.5963
816 70.6201 86.6365
544 70.9782 86.7205
992 71.3094 86.7981
353 71.9474 86.9478
464 72.5113 87.08
297 73.7015 87.3591
580 76.2315 87.9525
725 76.4766 87.9637
158 76.6714 87.9726
494 76.8903 87.9827
417 77.0911 87.9919
775 77.2947 88.0012
818 77.5134 88.0113
622 77.7249 88.021
648 78.0583 88.0363
813 78.3232 88.0484
854 78.6104 88.0616
666 78.918 88.0757
864 79.256 88.0912
322 79.619 88.1079
983 79.9174 88.1216
820 80.1131 88.1306
889 80.3232 88.1402
135 80.4903 88.1479
893 80.7342 88.1591
473 80.9893 88.1708
928 81.2413 88.1823
660 85.1326 82.9663
311 85.3066 82.7331
685 85.4596 82.5281
25 85.6229 82.3092
450 85.784 82.0933
528 85.9088 81.926
372 86.0408 81.7491
204 84.3222 78.2623
579 82.6783 74.927
852 81.6474 72.8356
975 81.2568 72.0433
900 80.9102 71.3403
740 80.6059 70.723
332 79.8083 69.1049
385 78.9612 67.3865
201 78.0869 65.6129
932 77.2598 63.9349
383 77.2598 63.9349
967 77.2598 63.9349
67 77.2598 63.9349
420 77.6259 63.4187
977 78.0228 62.8589
941 78.3473 62.4014
152 78.6794 61.9331
650 79.0496 61.4111
387 81.2587 58.2961
592 83.3358 55.3671
170 83.4493 55.2071
684 83.5562 55.0563
884 83.6775 54.8853
506 83.7876 54.7301
242 83.9048 54.5649
136 84.0289 54.3899
838 84.1476 54.2225
951 84.2751 54.0428
497 84.3988 53.8683
107 84.4679 51.5699
198 84.5629 48.4068
835 84.7451 42.3326
520 84.8824 37.7616
590 85.0005 33.8263
33 85.1198 29.8535
627 85.3074 23.6044
345 85.1363 23.4882
98 84.9575 23.3668
