0,260,627,345,979,243,483,33,520,98,590,684,977,506,107,951,884,387,920,198,425,170,838,497,334,835,136,932,242,232,553,767,842,117,29,323,606,942,850,941,274,745,609,143,190,357,314,102,70,656,967,195,670,583,592,396,45,466,926,485,844,519,358,644,85,69,19,821,63,681,781,675,978,716,197,342,217,27,250,945,843,930,623,55,262,785,865,594,870,458,209,828,355,43,935,492,377,472,906,356,751,276,875,66,421,634,278,876,748,535,913,210,692,848,269,480,586,655,512,778,38,388,688,543,155,679,811,529,989,664,11,438,397,37,508,191,917,522,790,853,257,194,723,414,302,180,783,862,7,687,869,549,545,403,413,619,237,151,566,475,706,452,49,525,89,59,603,233,147,633,324,461,891,705,720,493,104,574,382,599,501,788,957,846,591,175,127,510,897,733,507,809,929,21,878,308,971,349,34,735,729,266,537,927,327,454,137,604,689,171,390,54,30,587,526,976,252,922,267,226,56,765,903,404,676,901,640,910,756,730,291,596,789,80,662,724,912,888,359,839,79,533,571,645,965,225,576,540,484,410,715,144,264,471,163,459,804,370,779,597,964,134,350,216,523,365,894,281,9,235,91,161,793,498,577,621,186,238,293,762,515,468,315,558,800,432,810,513,440,617,84,282,453,188,907,769,732,986,968,109,112,857,101,798,683,855,921,782,923,94,509,647,671,173,743,68,35,632,286,625,582,987,420,290,867,67,832,538,208,847,791,478,605,668,962,393,18,579,332,460,378,852,385,71,297,727,937,818,83,481,654,383,201,395,904,340,975,650,744,900,110,595,837,152,51,204,311,25,473,685,528,322,889,660,450,740,372,928,725,580,666,622,820,893,864,135,983,159,52,648,775,742,417,817,801,494,158,318,823,620,845,854,813,145,251,285,465,149,544,477,273,353,42,931,992,464,816,280,856,940,882,541,156,532,584,319,947,193,369,408,185,880,343,961,713,82,320,305,659,624,851,40,636,826,530,105,895,774,62,511,952,690,434,415,245,754,984,755,406,746,536,259,335,23,911,642,177,516,126,367,887,229,861,575,618,118,375,313,567,248,539,980,344,317,179,165,896,140,12,737,202,562,563,5,874,559,802,564,294,954,416,239,206,807,309,752,241,613,53,814,707,866,448,72,215,256,561,189,877,614,181,22,172,449,265,548,394,470,974,270,389,766,919,129,296,223,428,271,738,649,139,763,231,392,768,2,292,146,806,73,437,418,230,872,840,569,773,124,696,757,41,490,672,16,430,712,611,697,786,96,859,960,167,28,638,92,918,885,631,871,795,916,93,462,776,17,227,491,44,610,306,714,431,761,58,550,808,141,253,521,593,456,409,150,441,424,368,833,36,333,651,76,183,753,20,60,120,578,608,304,15,386,933,469,444,380,695,249,399,495,247,628,568,719,736,447,557,678,914,1,364,108,106,199,138,953,169,405,203,301,827,236,982,401,547,213,50,288,637,442,973,153,699,815,780,750,115,969,988,433,944,792,426,570,316,88,718,75,711,759,693,446,360,436,803,300,13,905,200,435,263,892,39,585,244,868,830,325,90,890,48,546,615,95,955,443,860,726,560,178,825,400,728,554,255,950,658,886,168,240,298,132,970,879,184,479,517,607,657,665,376,445,81,99,77,734,635,31,321,429,97,326,346,113,14,275,234,482,487,411,939,589,764,130,219,701,601,784,799,207,717,502,427,639,374,686,747,772,371,457,398,381,162,524,739,3,131,119,667,796,338,694,500,946,703,339,224,630,220,272,192,551,556,114,948,924,552,680,600,361,991,196,503,966,760,277,166,373,341,352,849,347,981,451,531,329,422,925,122,527,148,384,330,958,78,805,10,909,770,797,677,222,57,116,534,708,972,698,47,771,463,391,279,542,336,691,303,758,565,496,218,938,142,423,841,949,990,174,212,908,731,154,228,46,476,663,956,123,652,157,505,749,936,858,283,214,128,863,312,182,489,100,499,700,87,328,710,74,673,836,4,794,299,602,32,616,268,205,612,121,258,943,486,741,125,899,133,572,474,455,331,898,514,86,65,985,829,963,641,661,187,366,348,682,722,8,254,402,211,412,881,674,812,61,588,362,646,629,488,902,354,221,915,702,643,822,111,307,669,284,787,573,467,626,824,934,834,363,26,64,246,351,310,160,261,653,379,287,704,439,709,337,518,289,407,873,883,419,164,6,555,103,598,504,295,777,959,176,581,24,831,819,721,
value : 393.685 running time : 3655.737646
0 80 20
260 86.1883 17.6085
627 86.2077 17.6077
345 86.2263 17.607
979 86.244 17.6063
243 86.2639 17.6055
483 86.2826 17.6048
33 86.6603 27.5004
520 86.817 31.6039
98 86.9235 34.3931
590 87.1005 39.0288
684 87.4711 48.7388
977 87.4721 48.7645
506 87.4729 48.7868
107 87.4737 48.8075
951 87.4745 48.8286
884 87.4754 48.851
387 87.4762 48.8732
920 87.477 48.895
198 87.4779 48.9181
425 87.4788 48.9404
170 87.4797 48.9641
838 87.4806 48.9873
497 87.4815 49.0109
334 77.9375 48.2219
835 77.6327 48.1332
136 77.286 48.0324
932 76.8652 47.91
242 76.4388 47.786
232 75.6048 47.5434
553 74.9196 47.3441
767 74.244 47.1476
842 73.989 47.0734
117 73.7632 47.0077
29 73.5779 46.9538
323 73.3766 46.8953
606 73.1844 46.8394
942 73.0185 46.7911
850 72.8701 46.7479
941 72.7155 46.703
274 72.5537 46.6559
745 72.3749 46.6039
609 72.1979 46.5524
143 72.0172 46.4999
190 71.8452 46.4498
357 71.6787 46.4014
314 71.5275 46.3574
102 71.3991 46.3201
70 71.2615 46.28
656 71.1364 46.2436
967 70.6776 46.1102
195 70.0769 45.9355
670 69.3548 45.7255
583 68.6552 45.5219
592 67.6304 45.2239
396 65.6694 44.6535
45 65.2936 44.5442
466 64.9477 44.4436
926 64.5339 44.3232
485 64.0838 44.1923
844 60.9375 43.2771
519 60.6976 43.2074
358 60.4851 43.1456
644 60.2646 43.0814
85 60.0214 43.0107
69 58.7064 42.55
19 58.1348 42.3497
821 57.7502 42.215
63 57.2888 42.0534
681 56.867 41.9056
781 56.4937 41.7748
675 56.124 41.6453
978 55.6869 41.4922
716 55.221 41.3289
197 54.7975 41.1806
342 54.4242 41.0498
217 54.2057 40.9732
27 53.9609 40.8874
250 53.7055 40.798
945 53.6874 40.7916
843 53.6689 40.7851
930 53.6504 40.7787
623 53.6317 40.7721
55 53.6116 40.7651
262 53.3035 40.7937
785 53.0222 40.8199
865 52.7372 40.8464
594 52.4759 40.8707
870 52.1911 40.8972
458 51.9211 40.9224
209 51.6412 40.9484
828 51.4108 40.9698
355 51.1449 40.9946
43 50.8661 41.0205
935 50.5378 41.0511
492 50.2585 41.077
377 49.9914 41.1019
472 49.6596 41.1328
906 49.3604 41.1606
356 49.0464 41.1898
751 48.7882 41.2138
276 48.471 41.2433
875 48.1738 41.271
66 47.8518 41.301
421 47.5154 41.3322
634 47.2058 41.3611
278 35.9785 42.4049
876 35.9785 42.4049
748 35.9785 42.4049
535 35.9785 42.4049
913 35.9785 42.405
210 35.9785 42.405
692 35.9785 42.405
848 35.9785 42.405
269 35.9784 42.405
480 35.9784 42.405
586 35.9784 42.405
655 34.7582 42.5793
512 34.7581 42.5793
778 34.758 42.5793
38 34.7579 42.5793
388 34.7578 42.5794
688 34.7577 42.5794
543 34.7577 42.5794
155 34.7576 42.5794
679 34.7575 42.5794
811 34.7574 42.5794
529 34.7573 42.5794
989 34.7572 42.5795
664 34.7571 42.5795
11 34.757 42.5795
438 34.757 42.5795
397 34.7569 42.5795
37 34.7568 42.5795
508 34.7567 42.5795
191 34.7566 42.5795
917 34.7566 42.5795
522 34.7565 42.5796
790 34.7564 42.5796
853 34.7563 42.5796
257 34.7562 42.5796
194 34.7561 42.5796
723 34.756 42.5796
414 34.756 42.5796
302 34.7559 42.5796
180 34.7558 42.5797
783 34.7557 42.5797
862 34.7556 42.5797
7 34.7555 42.5797
687 34.7555 42.5797
869 34.7554 42.5797
549 34.7553 42.5797
545 34.5152 45.8615
403 34.4794 46.3492
413 34.4509 46.7358
619 34.4228 47.1186
237 34.3941 47.5086
151 34.3675 47.8701
566 34.3368 48.2878
475 34.304 48.7338
706 34.2652 49.2608
452 34.2232 49.8323
49 34.1547 50.7647
525 34.0841 51.7259
89 34.0046 52.8081
59 33.9259 53.8793
603 33.8534 54.8667
233 33.7791 55.8776
147 33.7531 56.2308
633 33.7259 56.6004
324 33.6886 57.1081
461 33.649 57.6468
891 33.605 58.2446
705 33.5588 58.8725
720 33.5116 59.5148
493 33.4681 60.1057
104 33.4247 60.6959
574 33.3814 61.2852
382 33.3731 61.3976
599 33.3645 61.5142
501 33.3558 61.6322
788 33.3476 61.7432
957 33.3392 61.8572
846 33.3305 61.9754
591 33.3223 62.0869
175 33.3148 62.1882
127 33.3075 62.2872
510 33.2986 62.4086
897 33.2891 62.5375
733 33.2811 62.7671
507 33.2734 62.9894
809 33.2656 63.2148
929 33.2573 63.4548
21 33.248 63.7226
878 33.2394 63.9708
308 33.2316 64.1962
971 33.2238 64.4214
349 33.2165 64.633
34 33.2092 64.8447
735 33.1995 65.1232
729 33.1866 65.4974
266 33.1716 65.9306
537 33.1621 66.2045
927 33.1621 66.2045
327 33.1621 66.2045
454 33.1621 66.2045
137 33.1621 66.2045
604 33.1621 66.2045
689 33.1621 66.2045
171 33.1621 66.2045
390 33.1621 66.2045
54 33.1621 66.2045
30 33.1621 66.2045
587 33.1621 66.2045
526 33.1621 66.2045
976 33.1621 66.2045
252 33.1621 66.2045
922 33.1621 66.2045
267 33.1621 66.2045
226 33.1621 66.2045
56 33.1621 66.2045
765 33.1621 66.2045
903 33.1621 66.2045
404 33.1621 66.2045
676 33.1621 66.2045
901 33.1615 66.2071
640 33.161 66.2095
910 33.1605 66.212
756 33.16 66.2144
730 33.1594 66.2171
291 33.1589 66.2193
596 33.1584 66.2218
789 33.1578 66.2245
80 33.1573 66.2267
662 33.1568 66.2292
724 33.1563 66.2315
912 33.1558 66.2337
888 33.1552 66.2364
359 33.464 66.2325
839 33.7652 66.2286
79 34.0598 66.2248
533 34.644 66.2174
571 35.1219 66.2112
645 35.6489 66.2045
965 36.1934 66.1975
225 37.0018 66.1872
576 37.7013 66.1782
540 38.3535 66.1699
484 38.9686 66.162
410 39.4923 66.1553
715 39.9981 66.1488
144 40.526 66.1421
264 41.0212 66.1357
471 41.5018 66.1296
163 41.9782 66.1235
459 42.4728 66.1172
804 42.9749 66.1107
370 43.481 66.1043
779 44.1636 66.0955
597 44.8437 66.0868
964 45.4968 66.0785
134 45.8154 66.0744
350 46.1594 66.07
216 46.5522 66.065
523 46.8996 66.0605
365 47.2687 66.0558
894 47.8343 66.0486
281 48.4256 66.041
9 49.0811 66.0326
235 49.2804 66.03
91 49.4911 66.0273
161 49.6911 66.0248
793 49.8882 66.0223
498 50.076 66.0199
577 50.2763 66.0173
621 50.4622 66.0149
186 50.6879 66.012
238 50.8307 66.0608
293 50.9557 66.1036
762 50.986 66.1139
515 51.0157 66.1241
468 51.0446 66.134
315 51.0748 66.1443
558 51.1018 66.1535
800 51.1336 66.1644
432 51.1617 66.174
810 51.1881 66.183
513 51.216 66.1926
440 51.2441 66.2022
617 51.2709 66.2113
84 51.298 66.2206
282 51.3251 66.2299
453 51.3528 66.2394
188 51.3801 66.2487
907 51.4096 66.2588
769 51.4357 66.2677
732 51.4594 66.2758
986 51.4893 66.286
968 51.518 66.2958
109 51.547 66.3057
112 51.5752 66.3154
857 51.6015 66.3244
101 51.6258 66.3327
798 51.6536 66.3422
683 51.6816 66.3517
855 51.7119 66.3621
921 51.742 66.3724
782 51.77 66.382
923 51.7951 66.3906
94 52.9884 66.7985
509 54.1148 67.1835
647 54.7535 67.4019
671 55.3199 67.5955
173 55.8027 67.7606
743 56.2051 67.8981
68 56.7051 68.069
35 57.0901 68.2007
632 57.5149 68.3459
286 57.961 68.4984
625 58.7938 68.7831
582 59.8028 69.128
987 60.994 69.5352
420 62.202 69.9481
290 62.202 69.9481
867 62.202 69.9481
67 62.202 69.9481
832 62.202 69.9481
538 62.202 69.9481
208 62.202 69.9481
847 62.202 69.9481
791 62.202 69.9481
478 62.9735 70.3794
605 63.786 70.8336
668 64.7015 71.3453
962 65.7674 71.9411
393 66.7071 72.4664
18 67.848 73.1041
579 68.9895 73.7421
332 70.013 74.3143
460 70.0449 74.3321
378 70.0817 74.3526
852 70.1199 74.374
385 70.159 74.3959
71 70.1942 74.4156
297 70.2292 74.4351
727 70.2653 74.4553
937 70.3046 74.4772
818 70.3429 74.4987
83 70.3789 74.5188
481 70.415 74.5389
654 70.4502 74.5587
383 70.4879 74.5797
201 70.5232 74.5994
395 70.557 74.6183
904 70.5929 74.6384
340 70.6292 74.6587
975 70.669 74.6809
650 70.7053 74.7012
744 70.7462 74.7241
900 70.7851 74.7458
110 70.8224 74.7667
595 70.8591 74.7872
837 72.0899 75.4751
152 73.3929 76.2035
51 75.4664 77.3625
204 79.8359 79.8049
311 82.618 81.36
25 83.7451 81.99
473 83.9316 82.0943
685 84.1156 82.1971
528 84.2711 82.2841
322 84.4493 82.3836
889 84.6256 82.4822
660 84.7774 82.567
450 84.9122 82.6424
740 85.4087 83.0379
372 86.0094 83.5163
928 81.4157 88.1015
725 79.7323 88.2152
580 77.9897 88.3329
666 77.9897 88.3329
622 77.9897 88.3329
820 77.9897 88.3329
893 77.9897 88.3329
864 77.9897 88.3329
135 77.9897 88.3329
983 77.9897 88.3329
159 76.3735 88.3691
52 74.7268 88.4059
648 74.0197 88.4217
775 73.1203 88.4418
742 72.2387 88.4614
417 71.2877 88.4827
817 70.2005 88.507
801 69.285 88.5275
494 68.9996 88.5338
158 68.6665 88.5413
318 68.326 88.5489
823 67.9774 88.5567
620 67.6332 88.5643
845 67.2975 88.5718
854 66.965 88.5793
813 66.6046 88.5873
145 66.222 88.5959
251 65.8433 88.6043
285 65.4431 88.6133
465 65.0267 88.6226
149 64.5956 88.6322
544 64.0815 88.6437
477 63.534 88.6559
273 62.9946 88.668
353 62.4564 88.68
42 61.7242 88.6963
931 60.9576 88.7135
992 60.1801 88.7308
464 59.3758 88.7488
816 58.4607 88.7693
280 57.5385 88.7899
856 56.7049 88.8085
940 55.8565 88.8275
882 55.1149 88.844
541 54.5662 88.8563
156 54.4637 88.8586
532 54.3646 88.8608
584 54.2739 88.8628
319 54.1785 88.8649
947 54.0859 88.867
193 53.9917 88.8691
369 53.9119 88.8709
408 53.8245 88.8729
185 53.7434 88.8747
880 53.6546 88.8767
343 53.5607 88.8788
961 53.4741 88.8807
713 53.3951 88.8825
82 53.3206 88.8841
320 53.2686 88.8853
305 53.2154 88.8865
659 53.164 88.8876
624 53.1149 88.8887
851 53.0654 88.8898
40 53.0146 88.891
636 52.9618 88.8921
826 52.9093 88.8933
530 52.8575 88.8945
105 52.8069 88.8956
895 52.7597 88.8967
774 52.7115 88.8977
62 52.6626 88.8988
511 52.6133 88.8999
952 52.5662 88.901
690 52.5188 88.902
434 52.4686 88.9032
415 52.4212 88.9042
245 52.373 88.9053
754 52.3255 88.9064
984 52.2781 88.9074
755 52.2242 88.9086
406 52.1842 88.9095
746 52.144 88.9104
536 52.1054 88.9113
259 52.0684 88.9121
335 52.0296 88.913
23 51.9889 88.9139
911 51.9493 88.9148
642 51.908 88.9157
177 51.8692 88.9165
516 51.824 88.9176
126 51.7827 88.9185
367 51.7423 88.9194
887 51.7023 88.9203
229 51.6615 88.9212
861 51.6156 88.9222
575 51.5727 88.9232
618 51.5261 88.9242
118 51.4807 88.9252
375 51.432 88.9263
313 51.3911 88.9272
567 51.3496 88.9282
248 51.2992 88.9293
539 51.2521 88.9303
980 51.2113 88.9312
344 51.1684 88.9322
317 51.126 88.9331
179 50.8743 88.9388
165 50.6215 88.9444
896 50.3962 88.9494
140 50.1656 88.9546
12 49.9325 88.9598
737 49.6845 88.9653
202 49.4034 88.9716
562 49.1001 88.9784
563 48.8235 88.9846
5 48.5595 88.9905
874 48.3172 88.9959
559 48.1431 88.9997
802 47.983 89.0033
564 44.2201 89.0873
294 40.3699 89.1733
954 34.9114 89.2952
416 34.9039 89.2954
239 34.8961 89.2956
206 34.8873 89.2958
807 34.8782 89.296
309 34.8696 89.2962
752 34.8607 89.2964
241 34.8515 89.2966
613 34.8428 89.2968
53 34.8341 89.297
814 34.8252 89.2972
707 34.8157 89.2974
866 34.8068 89.2976
448 34.7971 89.2978
72 34.7873 89.298
215 34.7778 89.2982
256 34.7679 89.2984
561 34.7586 89.2986
189 34.7488 89.2989
877 34.7396 89.2991
614 34.73 89.2993
181 34.7208 89.2995
22 34.7106 89.2997
172 34.7005 89.2999
449 34.6909 89.3001
265 34.6807 89.3004
548 34.6703 89.3006
394 34.6599 89.3008
470 34.6497 89.3011
974 34.6398 89.3013
270 34.6294 89.3015
389 34.5204 89.3039
766 34.3971 89.3067
919 34.2341 89.3103
129 34.0815 89.3137
296 33.9144 89.3174
223 33.7609 89.3208
428 33.6168 89.324
271 33.4792 89.3271
738 33.338 89.3302
649 33.1866 89.3336
139 33.0391 89.3369
763 32.8799 89.3404
231 32.0203 89.3595
392 31.1442 89.3789
768 30.2445 89.3989
2 30.228 89.3992
292 30.2108 89.3996
146 30.1918 89.4
806 30.1726 89.4005
73 30.1531 89.4009
437 30.1353 89.4013
418 30.1148 89.4018
230 30.0971 89.4021
872 30.0787 89.4026
840 30.0607 89.403
569 29.9815 89.4047
773 29.8169 89.4084
124 29.6554 89.412
696 29.471 89.4161
757 29.2967 89.42
41 29.1297 89.4237
490 28.9663 89.4273
672 28.8083 89.4309
16 28.6406 89.4346
430 28.4754 89.4383
712 28.3113 89.4419
611 28.1754 89.4449
697 28.0368 89.448
786 27.9049 89.451
96 27.7677 89.454
859 27.6252 89.4572
960 27.4917 89.4602
167 27.3473 89.4634
28 27.2032 89.4666
638 27.0646 89.4697
92 26.9197 89.4729
918 26.7677 89.4763
885 26.6106 89.4798
631 26.4615 89.4831
871 26.3093 89.4865
795 26.1715 89.4896
916 26.012 89.4931
93 25.873 89.4962
462 25.7595 89.4988
776 25.6573 89.501
17 25.571 89.503
227 25.4876 89.5048
491 25.4192 89.5063
44 25.3513 89.5079
610 25.2828 89.5094
306 25.2113 89.511
714 25.1388 89.5126
431 25.0712 89.5141
761 25.004 89.5156
58 24.9358 89.5171
550 24.871 89.5186
808 24.8078 89.52
141 24.7411 89.5215
253 24.6694 89.5231
521 24.595 89.5247
593 24.5241 89.5263
456 24.4563 89.5278
409 24.3909 89.5293
150 24.3257 89.5307
441 24.2531 89.5323
424 24.1854 89.5338
368 24.1161 89.5354
833 24.0479 89.5369
36 23.9814 89.5384
333 23.915 89.5399
651 23.8432 89.5415
76 23.7746 89.543
183 23.7012 89.5446
753 23.6316 89.5462
20 23.5675 89.5476
60 23.5014 89.5491
120 22.626 89.5685
578 21.5594 89.5922
608 20.4094 89.6178
304 19.2056 89.6445
15 18.3305 89.664
386 17.4513 89.6835
933 16.6474 89.7014
469 15.8067 89.7201
444 14.907 89.7401
380 14.3027 89.7535
695 14.1597 89.7567
249 14.0056 89.7602
399 13.837 89.7639
495 13.6741 89.7675
247 13.5053 89.7713
628 13.339 89.775
568 13.1816 89.7785
719 13.0243 89.782
736 12.8771 89.7853
447 12.7363 89.7884
557 12.6004 89.7914
678 12.4528 89.7947
914 12.3196 89.7977
1 12.1915 89.8005
364 12.0605 89.8035
108 11.932 89.8063
106 11.8047 89.8092
199 11.6849 89.8118
138 11.5654 89.8145
953 11.4396 89.8173
169 11.3226 89.8199
405 11.2084 89.8224
203 11.0974 89.8249
301 10.9879 89.8274
827 10.8789 89.8298
236 10.775 89.8321
982 10.6664 89.8345
401 10.5525 89.8371
547 10.4451 89.8395
213 10.3448 89.8417
50 10.3396 89.8418
288 10.3335 89.8419
637 10.3262 89.8421
442 10.3197 89.8422
973 10.3131 89.8424
153 10.3064 89.8425
699 10.3003 89.8427
815 10.2939 89.8428
780 10.2877 89.843
750 10.281 89.8431
115 10.2746 89.8433
969 10.2674 89.8434
988 10.2607 89.8436
433 10.3014 89.0116
944 10.3068 88.8993
792 10.3084 88.8673
426 10.31 88.8344
570 10.3116 88.8021
316 10.3131 88.7713
88 10.3147 88.7386
718 10.3162 88.7083
75 10.3177 88.6765
711 10.3191 88.6485
759 10.3207 88.6152
693 10.3222 88.5856
446 10.3237 88.5544
360 10.3253 88.5217
436 10.3268 88.491
803 10.3282 88.4624
300 10.3296 88.4321
13 10.331 88.404
905 10.3326 88.372
200 10.3339 88.3445
435 10.3354 88.3144
263 10.3499 88.018
892 10.3637 87.7347
39 10.3762 87.4789
585 10.3908 87.1792
244 10.4095 86.7965
868 10.4262 86.456
830 10.4757 85.4437
325 10.5092 84.7565
90 10.5428 84.0705
890 10.5727 83.4573
48 10.5995 82.9104
546 10.6268 82.351
615 10.654 81.7933
95 10.6804 81.254
955 10.7097 80.6541
443 10.739 80.0548
860 10.764 79.5435
726 10.7876 79.0593
560 10.8091 78.6189
178 10.8311 78.1705
825 10.8543 77.695
400 10.8779 77.2124
728 10.8997 76.7649
554 10.9221 76.3074
255 10.9492 75.7518
950 10.9591 75.5495
658 10.9689 75.3501
886 10.9755 75.1372
168 10.983 74.8982
240 10.9904 74.6606
298 10.9991 74.3804
132 11.0078 74.1026
970 11.0123 73.9581
879 11.0165 73.8259
184 11.0203 73.7024
479 11.0247 73.5606
517 11.0292 73.4166
607 11.0335 73.2817
657 11.0376 73.1483
665 11.0421 73.0066
376 11.0465 72.8658
445 11.0504 72.7404
81 11.0544 72.6107
99 11.0582 72.4887
77 11.0623 72.3599
734 11.066 72.2405
635 11.0693 72.1331
31 11.0734 72.0032
321 11.0782 71.8492
429 11.0834 71.6842
97 11.0883 71.5252
326 11.0929 71.3791
346 11.0977 71.2249
113 11.1028 71.0618
14 11.1079 70.8987
275 11.113 70.7369
234 11.1178 70.5809
482 11.1189 70.5462
487 11.12 70.5123
411 11.1212 70.4713
939 11.1225 70.4319
589 11.1237 70.3944
764 11.1247 70.3602
130 11.1257 70.3293
219 11.1267 70.2979
701 11.1276 70.2666
601 11.1287 70.2317
784 11.1298 70.1984
799 11.1307 70.1676
207 11.1317 70.1372
717 11.1327 70.1042
502 11.1337 70.073
427 11.1347 70.0412
639 11.1357 70.0103
374 11.1366 69.9787
686 11.1377 69.9439
747 11.1388 69.9084
772 11.1398 69.8766
371 11.1408 69.8469
457 11.1416 69.8185
398 11.1427 69.786
381 11.1437 69.7539
162 11.1446 69.7229
524 11.1457 69.6898
739 11.1467 69.6575
3 11.1477 69.6257
131 11.1486 69.5944
119 11.1496 69.5649
667 11.1505 69.5348
796 11.1514 69.5053
338 11.1525 69.472
694 11.1535 69.4404
500 11.1544 69.4102
946 11.1554 69.3791
703 11.1586 69.2745
339 11.1613 69.188
224 11.1646 69.084
630 11.1682 68.9678
220 11.1716 68.8605
272 11.1752 68.7431
192 11.1788 68.6296
551 11.1819 68.5289
556 11.1856 68.4122
114 11.1897 68.2799
948 11.1934 68.1632
924 11.1971 68.0433
552 11.2008 67.9233
680 11.2045 67.8063
600 11.2081 67.6901
361 11.2185 67.3585
991 11.2294 67.0105
196 11.2518 66.2925
503 11.2701 65.7073
966 11.2905 65.0547
760 11.3361 63.595
277 11.3762 62.3096
166 11.4351 60.4249
373 11.474 59.1785
341 11.4929 58.575
352 11.5047 58.1949
849 11.5154 57.853
347 11.5241 57.5764
981 11.5364 57.1827
451 11.5491 56.7766
531 11.5627 56.3398
329 11.5778 55.8569
422 11.6002 55.1382
925 11.6216 54.4559
122 11.6458 53.6803
527 11.6928 52.1738
148 11.7472 50.4329
384 11.7817 49.3288
330 11.8048 48.5899
958 11.8056 48.565
78 11.8063 48.542
805 11.807 48.5185
10 11.8079 48.4916
909 11.8086 48.4679
770 11.8094 48.4428
797 11.8101 48.4198
677 11.8108 48.3965
222 11.8117 48.37
57 11.8125 48.3447
116 11.8132 48.3194
534 11.814 48.2937
708 11.8148 48.2683
972 11.8156 48.2428
698 11.8165 48.2156
47 11.8174 48.1874
771 11.8182 48.1598
463 11.8191 48.1329
391 11.8199 48.1077
279 11.8207 48.0815
542 11.8215 48.0543
336 11.8223 48.0285
691 11.8232 48.0019
303 11.8241 47.973
758 11.8249 47.9451
565 11.8258 47.9183
496 11.8267 47.889
218 11.8275 47.862
938 11.8284 47.8346
142 11.8293 47.8052
423 11.8303 47.7741
841 11.8311 47.7462
949 11.832 47.7177
990 11.833 47.6884
174 11.8338 47.6615
212 11.8347 47.6318
908 11.8356 47.6051
731 11.8365 47.5753
154 11.8374 47.5469
228 11.8383 47.5172
46 11.8392 47.488
476 11.84 47.4613
663 11.8409 47.4343
956 11.8417 47.4082
123 11.846 47.2719
652 11.85 47.1436
157 11.8539 47.018
505 11.8581 46.884
749 11.8624 46.7466
936 11.8666 46.6108
858 11.8711 46.4683
283 11.8756 46.323
214 11.8794 46.2022
128 11.895 45.7021
863 11.9111 45.1868
312 11.9253 44.7317
182 11.9387 44.3038
489 11.9536 43.8272
100 11.9701 43.2972
499 11.9934 42.5529
700 12.01 42.0193
87 12.0259 41.5107
328 12.0402 41.0526
710 12.8806 35.7979
74 13.1922 33.8499
673 13.2267 33.6338
836 13.2574 33.4419
4 13.2881 33.2502
794 13.3147 33.0837
299 13.3256 33.0158
602 13.3355 32.9536
32 13.3443 32.8986
616 13.3539 32.8386
268 13.365 32.7693
205 13.3747 32.7085
612 13.3848 32.6456
121 13.3953 32.58
258 13.4056 32.5157
943 13.4056 32.5157
486 13.4056 32.5157
741 13.1175 31.3242
125 13.0253 30.9431
899 12.9126 30.4769
133 12.8164 30.079
572 12.7188 29.6753
474 12.6227 29.2776
455 12.5355 28.9168
331 12.4559 28.5877
898 12.3845 28.2923
514 12.3962 28.05
86 12.4084 27.7967
65 12.4245 27.4626
985 12.4451 27.0368
829 12.468 26.5631
963 12.557 24.7177
641 12.6432 22.9315
661 12.7362 21.0029
187 12.8391 18.8694
366 12.9214 17.9456
348 12.9952 17.117
682 13.068 16.2989
722 13.1431 15.455
8 13.1514 15.362
254 13.1592 15.2745
402 13.1675 15.181
211 13.1768 15.0761
412 13.1857 14.9768
881 13.1952 14.8697
674 13.2039 14.7727
812 13.2132 14.6682
61 13.4253 14.7003
588 13.7833 14.7546
362 14.1206 14.8057
646 14.4984 14.863
629 15.814 15.0625
488 18.5273 15.4739
902 21.6247 15.9435
354 24.5054 16.3803
221 26.2981 16.6521
915 27.0171 16.7611
702 27.7628 16.8742
643 28.5956 17.0004
822 29.5641 17.1473
111 30.3001 17.2588
307 30.9223 17.3532
669 31.5732 17.4519
284 32.3046 17.5628
787 33.2134 17.7005
573 34.2232 17.8536
467 35.1719 17.9975
626 35.3189 18.0198
824 35.4781 18.0439
934 35.6936 18.0766
834 35.8767 18.1043
363 35.8767 18.1043
26 35.8767 18.1043
64 35.8767 18.1043
246 35.8767 18.1043
351 35.8767 18.1043
310 35.8767 18.1043
160 35.8767 18.1043
261 35.8767 18.1043
653 35.8767 18.1043
379 35.8767 18.1043
287 35.8767 18.1043
704 35.8767 18.1043
439 35.8767 18.1043
709 37.032 18.0119
337 39.5754 17.8085
518 42.2409 17.5953
289 43.055 17.5302
407 43.7687 17.4731
873 45.2708 17.353
883 46.04 17.2915
419 48.9318 17.0602
164 51.4899 16.8556
6 55.3258 16.5488
555 55.3864 16.544
103 62.384 15.9845
598 62.7981 16.0789
504 63.1735 16.1644
295 63.5214 16.2438
777 63.8566 16.3202
959 64.2178 16.4025
176 64.5698 16.4828
581 64.9187 16.5623
24 65.278 16.6442
831 65.6184 16.7218
819 68.0419 17.2743
721 72.3077 18.2467
