0,831,819,721,959,176,295,24,103,504,6,598,555,419,581,777,653,883,261,704,289,873,164,518,787,573,934,824,111,407,439,287,337,709,26,307,310,351,822,626,379,64,363,669,160,643,834,467,902,602,354,915,221,284,702,246,741,629,331,722,812,881,963,455,61,187,348,588,362,254,488,412,474,211,402,366,674,8,682,646,86,299,898,486,384,65,673,133,514,641,794,899,943,612,710,268,829,4,836,205,121,125,572,661,985,258,74,328,312,283,32,10,863,616,87,78,797,700,128,489,499,330,958,148,233,663,422,228,708,212,909,771,841,990,949,341,391,423,47,938,174,336,279,758,373,142,770,214,123,157,505,749,936,100,652,542,46,476,303,218,463,352,698,956,691,154,972,858,849,677,731,565,496,534,451,925,805,182,122,527,116,760,196,166,222,57,347,531,298,81,482,275,784,14,639,374,524,329,381,113,503,734,376,970,132,445,589,219,234,799,764,479,601,879,717,207,502,686,747,371,398,162,739,3,277,77,99,772,665,657,607,517,97,326,400,346,361,948,600,860,680,552,726,114,556,551,630,224,339,703,946,500,694,338,796,131,457,701,825,939,192,119,429,220,272,255,658,966,924,184,890,130,321,728,667,411,950,635,560,886,168,443,830,427,444,892,547,436,75,554,719,570,944,48,90,487,991,615,433,316,88,914,153,827,31,469,568,17,50,426,325,982,973,933,695,955,301,203,386,244,585,263,108,401,628,792,447,803,249,495,300,678,169,405,304,815,637,916,546,868,446,693,435,736,240,247,95,718,1,759,178,557,39,399,780,750,969,699,199,213,138,360,93,106,364,380,288,988,200,711,905,13,953,236,757,919,773,296,859,96,786,430,16,490,41,954,15,60,608,92,368,578,441,550,593,631,610,141,871,885,333,833,424,651,58,776,115,431,36,918,521,456,491,150,462,638,768,761,44,753,183,76,28,167,712,442,227,714,409,872,696,418,697,470,752,120,306,20,611,241,569,239,960,437,206,416,866,877,613,146,265,309,231,189,389,763,672,253,271,614,292,808,392,795,738,649,974,807,139,394,72,561,428,124,129,448,22,53,215,707,449,223,172,230,2,256,548,806,73,270,181,840,766,562,802,193,179,5,874,294,559,755,530,851,737,406,536,23,575,984,248,245,563,367,126,516,887,618,118,659,140,82,961,415,434,690,895,105,826,636,40,408,280,375,746,861,880,12,774,539,940,259,369,541,335,642,856,165,896,816,202,713,185,511,931,177,62,814,754,882,911,344,156,532,584,319,947,320,624,564,313,567,317,980,952,343,305,229,622,992,52,158,42,725,864,893,353,318,823,620,845,854,813,145,251,817,464,477,273,544,666,465,149,580,494,473,159,135,285,928,820,983,775,417,740,204,742,25,660,889,648,322,528,311,685,372,450,383,332,385,962,18,201,297,801,744,71,51,595,378,110,481,837,152,395,460,975,852,900,579,290,867,340,904,832,654,83,818,937,727,671,478,173,393,847,67,420,650,791,68,238,509,538,676,410,804,161,743,625,208,647,632,987,35,94,293,605,668,986,907,264,782,769,968,109,112,857,921,800,558,216,315,762,84,910,453,894,282,617,440,513,810,432,468,515,225,91,798,286,582,577,523,9,281,683,793,576,350,163,621,134,498,540,779,484,144,471,597,235,101,964,855,923,459,370,957,724,599,929,526,510,252,640,901,730,756,662,80,789,596,291,587,912,645,349,30,732,267,571,533,104,493,720,574,788,715,765,89,501,79,839,729,735,927,34,537,846,591,266,809,507,971,903,226,137,327,965,604,365,175,454,382,56,689,404,308,922,733,171,390,54,878,21,359,888,976,705,324,897,981,783,633,989,59,603,778,891,403,848,194,210,706,147,512,475,913,7,180,908,522,508,664,543,11,853,692,529,655,545,257,869,37,438,155,917,38,191,237,876,679,302,480,811,688,388,723,278,461,619,413,49,549,862,269,151,566,525,397,452,414,790,687,535,748,586,127,250,870,356,209,458,716,27,217,63,634,19,69,785,844,421,66,875,276,751,935,906,472,377,492,342,828,355,675,781,55,594,865,978,681,623,930,843,945,262,821,358,519,45,43,197,85,117,842,186,188,396,941,656,29,606,323,767,745,609,357,190,583,644,466,143,314,850,387,670,195,942,553,592,102,70,274,232,485,334,926,838,170,920,198,425,884,951,684,242,835,967,107,932,136,977,506,497,590,33,520,98,483,260,243,345,627,979,
value : 393.637 running time : 4423.434214
0 80 20
831 65.4672 16.6873
819 65.0061 16.5822
721 64.6379 16.4983
959 64.1717 16.392
176 63.7288 16.291
295 63.3015 16.1936
24 62.8617 16.0934
103 62.384 15.9845
504 60.9079 16.1025
6 58.8361 16.2682
598 57.9545 16.3387
555 53.9519 16.6587
419 53.2998 16.7109
581 52.7439 16.7553
777 51.6475 16.843
653 48.5135 17.0936
883 46.2568 17.274
261 45.7059 17.3181
704 45.2599 17.3537
289 44.9287 17.3802
873 44.5762 17.4084
164 44.0097 17.4537
518 43.0833 17.5278
787 36.8723 18.0247
573 36.6453 18.0429
934 36.4217 18.0607
824 36.1432 18.083
111 36.0604 18.0896
407 35.9736 18.0966
439 35.8767 18.1043
287 35.8767 18.1043
337 35.8767 18.1043
709 35.8767 18.1043
26 35.8767 18.1043
307 35.8767 18.1043
310 35.8767 18.1043
351 35.8767 18.1043
822 35.8767 18.1043
626 35.8767 18.1043
379 35.8767 18.1043
64 35.8767 18.1043
363 35.8767 18.1043
669 35.8767 18.1043
160 35.8767 18.1043
643 35.8767 18.1043
834 35.8767 18.1043
467 35.5475 18.0555
902 29.9972 17.2319
602 28.179 16.9622
354 27.5675 16.8715
915 26.9734 16.7833
221 26.3855 16.6961
284 24.6046 16.432
702 22.6523 16.1424
246 20.5783 15.8347
741 17.4053 15.3638
629 15.2806 15.0487
331 13.9904 14.8573
722 13.2747 14.7511
812 13.1335 14.7302
881 13.0646 15.3614
963 12.9826 16.1137
455 12.931 16.5871
61 12.8899 16.9635
187 12.8472 17.3549
348 12.8472 17.3549
588 12.8472 17.3549
362 12.8472 17.3549
254 12.8472 17.3549
488 12.8472 17.3549
412 12.8432 17.4491
474 12.8396 17.5341
211 12.8364 17.6077
402 12.8328 17.6929
366 12.8297 17.7655
674 12.8264 17.8428
8 12.8232 17.919
682 12.7779 18.9805
646 12.7292 20.1213
86 12.4166 27.453
299 12.3996 27.8494
898 12.3819 28.2653
486 13.4056 32.5157
384 13.4056 32.5157
65 13.4056 32.5157
673 13.4056 32.5157
133 13.4056 32.5157
514 13.4056 32.5157
641 13.4056 32.5157
794 13.4056 32.5157
899 13.4056 32.5157
943 13.4056 32.5157
612 13.4056 32.5157
710 13.4056 32.5157
268 13.4056 32.5157
829 13.4056 32.5157
4 13.4056 32.5157
836 13.4056 32.5157
205 13.4056 32.5157
121 13.4056 32.5157
125 13.4056 32.5157
572 13.4056 32.5157
661 13.4056 32.5157
985 13.4056 32.5157
258 13.4056 32.5158
74 13.2661 33.3658
328 12.0719 40.6465
312 12.0778 40.7892
283 12.0828 40.912
32 12.0879 41.0372
10 12.093 41.1638
863 12.0983 41.2943
616 12.1035 41.422
87 12.1084 41.5421
78 12.1141 41.6819
797 12.1197 41.8195
700 12.1245 41.9357
128 12.1298 42.0663
489 12.1348 42.1895
499 12.1391 42.2946
330 12.1974 43.7282
958 12.2703 45.5178
148 12.3634 47.8021
233 12.4656 50.305
663 12.4656 50.305
422 12.4656 50.305
228 12.4656 50.305
708 12.4656 50.305
212 12.4656 50.305
909 12.4656 50.305
771 12.4656 50.305
841 12.4656 50.305
990 12.4656 50.305
949 12.4656 50.305
341 12.4656 50.305
391 12.4656 50.305
423 12.4656 50.305
47 12.4656 50.305
938 12.4656 50.305
174 12.4656 50.305
336 12.4656 50.305
279 12.4656 50.305
758 12.4656 50.305
373 12.4656 50.305
142 12.4656 50.305
770 12.4656 50.305
214 12.4656 50.305
123 12.4656 50.305
157 12.4656 50.305
505 12.4656 50.305
749 12.4656 50.305
936 12.4656 50.305
100 12.4656 50.305
652 12.4656 50.305
542 12.4656 50.305
46 12.4656 50.305
476 12.422 50.4681
303 12.3689 50.6671
218 12.3222 50.8421
463 12.2827 50.9904
352 12.2411 51.1462
698 12.1997 51.3012
956 12.1555 51.467
691 12.1117 51.6308
154 12.072 51.7796
972 12.0269 51.9486
858 11.9854 52.1042
849 11.9387 52.2793
677 11.9012 52.4197
731 11.8675 52.5461
565 11.8259 52.7018
496 11.7896 52.8377
534 11.7473 52.9964
451 11.7012 53.1691
925 11.7012 53.1691
805 11.7012 53.1691
182 11.7012 53.1691
122 11.7012 53.1691
527 11.7012 53.1691
116 11.7012 53.1691
760 11.6674 54.4608
196 11.6413 55.4609
166 11.6194 56.2967
222 11.5971 57.1513
57 11.5605 58.5488
347 11.4852 61.4294
531 11.4311 63.4976
298 11.3544 66.4274
81 11.3524 66.5052
482 11.3502 66.5902
275 11.3479 66.6771
784 11.3457 66.7612
14 11.3432 66.8579
639 11.3407 66.9521
374 11.3386 67.0336
524 11.3368 67.1029
329 11.3346 67.1851
381 11.332 67.2845
113 11.3296 67.3752
503 11.3274 67.4619
734 11.3253 67.5411
376 11.3232 67.6206
970 11.321 67.7061
132 11.3187 67.7928
445 11.3163 67.8851
589 11.3143 67.9612
219 11.3119 68.0547
234 11.3096 68.1413
799 11.3072 68.2348
764 11.3051 68.3154
479 11.3023 68.4207
601 11.3 68.5068
879 11.2975 68.6025
717 11.295 68.6988
207 11.2924 68.7981
502 11.2911 68.849
686 11.2897 68.9027
747 11.2884 68.95
371 11.287 69.0064
398 11.2856 69.0584
162 11.2842 69.1136
739 11.2828 69.1642
3 11.2814 69.2202
277 11.2798 69.2799
77 11.2784 69.3352
99 11.277 69.3875
772 11.2759 69.4277
665 11.2747 69.4762
657 11.2734 69.5256
607 11.2722 69.5692
517 11.2711 69.6129
97 11.2699 69.6594
326 11.2686 69.7103
400 11.2674 69.7553
346 11.2662 69.801
361 11.2651 69.8435
948 11.264 69.8853
600 11.2628 69.9302
860 11.2616 69.9748
680 11.2606 70.0146
552 11.2595 70.0578
726 11.2582 70.105
114 11.2572 70.1446
556 11.2558 70.1962
551 11.2546 70.2431
630 11.2536 70.2824
224 11.2524 70.3295
339 11.2512 70.3746
703 11.2502 70.4118
946 11.2489 70.4637
500 11.2477 70.5071
694 11.2467 70.5479
338 11.2455 70.5915
796 11.2443 70.639
131 11.2432 70.6782
457 11.2419 70.7304
701 11.2407 70.7746
825 11.2396 70.8184
939 11.2387 70.8526
192 11.2293 71.209
119 11.2189 71.6078
429 11.2085 72.0027
220 11.1983 72.3911
272 11.1881 72.7816
255 11.1771 73.1978
658 11.1663 73.6109
966 11.1663 73.6109
924 11.1601 73.7237
184 11.1525 73.8614
890 11.146 73.9799
130 11.1405 74.0787
321 11.1332 74.2109
728 11.1269 74.3263
667 11.1214 74.4265
411 11.1161 74.5213
950 11.1095 74.6422
635 11.1027 74.7651
560 11.0671 75.4112
886 11.0345 76.0044
168 11.0059 76.5228
443 10.9774 77.0417
830 10.9498 77.5422
427 10.9222 78.0439
444 10.8836 78.7449
892 10.8509 79.3385
547 10.8204 79.8919
436 10.8011 80.2425
75 10.7819 80.5923
554 10.7621 80.9514
719 10.7408 81.3376
570 10.7223 81.6741
944 10.7033 82.0193
48 10.6841 82.3687
90 10.6653 82.7093
487 10.647 83.0428
991 10.6267 83.4109
615 10.6033 83.8358
433 10.58 84.2587
316 10.5535 84.74
88 10.5298 85.1708
914 10.5028 85.6612
153 10.479 86.0937
827 10.4547 86.5347
31 10.4521 86.5816
469 10.449 86.6386
568 10.4452 86.7063
17 10.4421 86.7632
50 10.4392 86.8158
426 10.4364 86.867
325 10.4332 86.9246
982 10.4296 86.9899
973 10.426 87.0553
933 10.423 87.1106
695 10.4203 87.1601
955 10.4174 87.2118
301 10.414 87.274
203 10.4109 87.3292
386 10.4074 87.3931
244 10.4043 87.449
585 10.4006 87.5162
263 10.3976 87.572
108 10.3945 87.6274
401 10.3914 87.6838
628 10.3883 87.7395
792 10.3851 87.7986
447 10.3816 87.8618
803 10.3785 87.9185
249 10.3756 87.9708
495 10.3724 88.0287
300 10.3692 88.0875
678 10.3656 88.1529
169 10.3625 88.209
405 10.3589 88.2742
304 10.3559 88.3283
815 10.3531 88.3796
637 10.35 88.4349
916 10.3471 88.4879
546 10.344 88.5452
868 10.3401 88.6159
446 10.337 88.6723
693 10.3337 88.732
435 10.3302 88.7941
736 10.3278 88.8394
240 10.3251 88.8877
247 10.3219 88.9458
95 10.3189 89.0009
718 10.3157 89.0574
1 10.3126 89.1141
759 10.3098 89.1649
178 10.3067 89.2214
557 10.3031 89.2861
39 10.2997 89.3488
399 10.297 89.3978
780 10.2939 89.4532
750 10.2898 89.5283
969 10.2868 89.5827
699 10.2839 89.6356
199 10.2806 89.6959
213 10.2773 89.7559
138 10.2767 89.7664
360 10.2761 89.7764
93 10.2754 89.7893
106 10.2746 89.804
364 10.2739 89.8165
380 10.2731 89.8297
288 10.2725 89.8406
988 10.2717 89.855
200 10.9353 89.8379
711 11.6064 89.8207
905 12.2873 89.8032
13 13.1379 89.7814
953 13.8493 89.7631
236 17.0078 89.6819
757 20.089 89.6027
919 22.9445 89.5293
773 23.0283 89.5272
296 23.1054 89.5252
859 23.1785 89.5233
96 23.2592 89.5212
786 23.3342 89.5193
430 23.4047 89.5175
16 23.478 89.5156
490 23.5496 89.5138
41 23.6238 89.5119
954 23.6986 89.51
15 23.7428 89.5088
60 23.802 89.5073
608 23.8508 89.506
92 23.9052 89.5046
368 23.9496 89.5035
578 24.0001 89.5022
441 24.0476 89.501
550 24.1012 89.4996
593 24.1503 89.4983
631 24.2077 89.4969
610 24.2634 89.4954
141 24.3192 89.494
871 24.3636 89.4929
885 24.4165 89.4915
333 24.4693 89.4901
833 24.5177 89.4889
424 24.5694 89.4876
651 24.6193 89.4863
58 24.6693 89.485
776 24.7174 89.4838
115 24.7716 89.4824
431 24.8321 89.4808
36 24.8918 89.4793
918 24.9502 89.4778
521 24.9959 89.4766
456 25.0457 89.4753
491 25.0992 89.474
150 25.1574 89.4725
462 25.204 89.4713
638 25.2659 89.4697
768 25.3121 89.4685
761 25.3624 89.4672
44 25.4105 89.466
753 25.4585 89.4647
183 25.5118 89.4634
76 25.5705 89.4619
28 25.6226 89.4605
167 25.6721 89.4592
712 25.7124 89.4582
442 25.7575 89.4571
227 25.8219 89.4554
714 26.4252 89.4399
409 27.3031 89.4174
872 28.186 89.3948
696 28.5682 89.385
418 28.9704 89.3747
697 29.3987 89.3637
470 29.9053 89.3507
752 30.3668 89.3389
120 30.7066 89.3301
306 31.0488 89.3214
20 31.4637 89.3107
611 31.9153 89.2991
241 32.741 89.278
569 33.5142 89.2582
239 34.1959 89.2407
960 34.2242 89.24
437 34.2569 89.2391
206 34.2911 89.2383
416 34.3224 89.2375
866 34.3547 89.2366
877 34.3834 89.2359
613 34.4137 89.2351
146 34.445 89.2343
265 34.4784 89.2335
309 34.5102 89.2327
231 34.5397 89.2319
189 34.5723 89.2311
389 34.6098 89.2301
763 34.6416 89.2293
672 34.6678 89.2286
253 34.6978 89.2279
271 34.7334 89.2269
614 34.7668 89.2261
292 34.7991 89.2253
808 34.8298 89.2245
392 34.8625 89.2236
795 34.8944 89.2228
738 34.9299 89.2219
649 34.9617 89.2211
974 34.9954 89.2202
807 35.027 89.2194
139 35.0588 89.2186
394 35.0895 89.2178
72 35.1209 89.217
561 35.1507 89.2163
428 35.1785 89.2155
124 35.2109 89.2147
129 35.4407 89.2088
448 35.6425 89.2036
22 35.8439 89.1985
53 36.0516 89.1931
215 36.243 89.1882
707 36.4201 89.1836
449 36.6111 89.1787
223 36.771 89.1746
172 36.9585 89.1698
230 37.1372 89.1652
2 37.3085 89.1608
256 37.4915 89.1561
548 37.678 89.1513
806 37.8518 89.1468
73 38.0303 89.1423
270 38.1871 89.1382
181 39.749 89.0981
840 41.3863 89.056
766 43.1174 89.0115
562 45.1331 88.9596
802 47.1402 88.9081
193 47.3063 88.9038
179 47.4723 88.8995
5 47.6195 88.8957
874 47.7824 88.8915
294 47.9718 88.8867
559 48.1615 88.8818
755 48.3736 88.8763
530 48.5857 88.8709
851 48.7994 88.8654
737 49.0062 88.86
406 49.1912 88.8553
536 49.3794 88.8504
23 49.5844 88.8452
575 49.7245 88.8415
984 49.8493 88.8383
248 49.8885 88.8373
245 49.9381 88.8361
563 49.9857 88.8348
367 50.0394 88.8335
126 50.0878 88.8322
516 50.139 88.8309
887 50.1951 88.8295
618 50.2448 88.8282
118 50.2941 88.8269
659 50.336 88.8258
140 50.3869 88.8245
82 50.4335 88.8233
961 50.4863 88.822
415 50.5424 88.8205
434 50.5952 88.8192
690 50.6463 88.8179
895 50.6903 88.8167
105 50.7368 88.8155
826 50.7853 88.8143
636 50.8379 88.8129
40 50.8921 88.8116
408 50.9405 88.8103
280 50.9914 88.809
375 51.036 88.8079
746 51.0886 88.8065
861 51.1413 88.8052
880 51.1948 88.8038
12 51.2466 88.8024
774 51.2917 88.8013
539 51.3348 88.8002
940 51.3901 88.7988
259 51.4472 88.7973
369 51.4991 88.796
541 51.5444 88.7948
335 51.5956 88.7935
642 51.6422 88.7923
856 51.6951 88.7909
165 51.74 88.7898
896 51.7973 88.7883
816 51.852 88.7869
202 51.9002 88.7857
713 51.9438 88.7845
185 52.0016 88.7831
511 52.0474 88.7819
931 52.1002 88.7805
177 52.1466 88.7793
62 52.1847 88.7783
814 52.2253 88.7773
754 52.2764 88.776
882 52.324 88.7748
911 52.3741 88.7735
344 52.4178 88.7724
156 52.4595 88.7713
532 52.5069 88.7701
584 52.5566 88.7688
319 52.5952 88.7678
947 52.643 88.7666
320 52.6906 88.7654
624 52.7425 88.764
564 52.7879 88.7629
313 53.3862 88.7475
567 53.9934 88.7319
317 54.4897 88.7191
980 54.8984 88.7086
952 55.3179 88.6978
343 55.7419 88.6869
305 56.5206 88.6668
229 58.6707 88.6117
622 60.984 88.5523
992 63.1089 88.4977
52 65.2314 88.4432
158 67.2159 88.3922
42 68.99 88.3466
725 70.9698 88.2957
864 71.1839 88.2902
893 71.3839 88.285
353 71.551 88.2807
318 71.7228 88.2763
823 71.8981 88.2718
620 72.0776 88.2672
845 72.2754 88.2621
854 72.4797 88.2568
813 72.6669 88.252
145 72.84 88.2476
251 73.0168 88.243
817 73.1876 88.2386
464 73.3814 88.2336
477 73.6061 88.2279
273 73.861 88.2213
544 74.1821 88.213
666 74.5213 88.2043
465 74.8346 88.1963
149 75.16 88.1879
580 75.7334 88.1731
494 76.6479 88.1496
473 77.5716 88.1259
159 78.1748 88.1104
135 78.8189 88.0938
285 79.6412 88.0727
928 81.5934 88.0226
820 81.5958 88.0202
983 81.5984 88.0175
775 81.9414 87.6687
417 82.7047 86.8925
740 83.5005 86.0832
204 84.2402 85.331
742 84.6342 84.9302
25 85.1715 84.3838
660 85.6311 83.9165
889 85.6754 83.8714
648 85.724 83.822
322 85.777 83.7681
528 85.8412 83.7028
311 85.8999 83.6431
685 85.9519 83.5901
372 86.0102 83.5309
450 84.9006 82.6346
383 75.6835 77.5371
332 74.9073 77.1079
385 74.0077 76.6103
962 73.0515 76.0815
18 72.2381 75.6317
201 71.6014 75.2795
297 71.162 75.0365
801 70.7188 74.7914
744 70.5305 74.6873
71 70.3367 74.5801
51 70.1172 74.4587
595 69.8934 74.335
378 69.7275 74.2432
110 69.5662 74.154
481 69.4032 74.0638
837 69.2219 73.9636
152 69.0318 73.8584
395 68.842 73.7535
460 68.6568 73.651
975 68.5039 73.5665
852 68.3324 73.4716
900 68.1558 73.374
579 67.976 73.2745
290 67.7729 73.1622
867 67.5711 73.0506
340 67.3679 72.9382
904 67.1906 72.8402
832 67.0114 72.7411
654 66.8569 72.6556
83 66.7048 72.5715
818 66.5379 72.4792
937 66.3463 72.3733
727 66.1351 72.2564
671 65.9263 72.141
478 65.7462 72.0414
173 65.5811 71.9501
393 65.4167 71.8591
847 65.2578 71.7712
67 65.1026 71.6854
420 64.9448 71.5982
650 62.8871 70.9379
791 60.1794 70.0691
68 59.4329 69.8296
238 58.5353 69.5416
509 57.6153 69.2464
538 56.4649 68.8773
676 54.141 68.1317
410 53.1452 67.8122
804 52.5955 67.6358
161 52.5955 67.6358
743 52.5955 67.6358
625 52.5955 67.6358
208 52.5955 67.6358
647 52.5955 67.6358
632 52.5955 67.6358
987 52.5955 67.6358
35 52.5955 67.6358
94 52.5955 67.6358
293 52.5955 67.6358
605 52.4786 67.6141
668 52.3545 67.591
986 52.2121 67.5646
907 52.0902 67.5419
264 51.9235 67.5109
782 51.8211 67.4919
769 51.707 67.4707
968 51.5847 67.4479
109 51.4702 67.4267
112 51.3549 67.4053
857 51.2304 67.3821
921 51.1072 67.3592
800 50.9869 67.3369
558 50.8472 67.3109
216 50.7345 67.2899
315 50.6318 67.2708
762 50.5101 67.2482
84 50.3713 67.2224
910 50.2256 67.1954
453 50.1499 67.1813
894 50.0684 67.1662
282 49.9981 67.1531
617 49.9253 67.1395
440 49.853 67.1261
513 49.768 67.1103
810 49.6947 67.0967
432 49.6185 67.0825
468 49.5341 67.0668
515 49.4513 67.0514
225 49.3533 67.0332
91 49.2785 67.0193
798 49.1984 67.0044
286 49.1247 66.9907
582 49.0488 66.9766
577 48.9604 66.9602
523 48.8718 66.9437
9 48.7991 66.9302
281 48.7215 66.9158
683 48.651 66.9027
793 48.5893 66.8912
576 48.5171 66.8778
350 48.4548 66.8662
163 48.3896 66.8541
621 48.3302 66.843
134 48.2716 66.8321
498 48.2121 66.8211
540 48.1511 66.8097
779 48.0916 66.7987
484 48.032 66.7876
144 47.9691 66.7759
471 47.9087 66.7646
597 47.8535 66.7544
235 47.7996 66.7444
101 47.7428 66.7338
964 47.6902 66.724
855 47.6345 66.7137
923 47.5751 66.7026
459 43.9579 66.5591
370 40.6129 66.4264
957 37.7582 66.3132
724 36.6788 66.2704
599 35.4282 66.2207
929 34.5821 66.1872
526 33.7294 66.1533
510 33.5304 66.1454
252 33.5189 66.145
640 33.5049 66.1444
901 33.4919 66.1439
730 33.4802 66.1434
756 33.4678 66.1429
662 33.4571 66.1425
80 33.4452 66.142
789 33.4308 66.1414
596 33.4184 66.1409
291 33.4049 66.1404
587 33.3898 66.1398
912 33.377 66.1393
645 33.3633 66.1387
349 33.3493 66.1382
30 33.3376 66.1377
732 33.3252 66.1372
267 33.3104 66.1366
571 33.2975 66.1361
533 33.2852 66.1356
104 33.2716 66.135
493 33.2568 66.1344
720 33.2421 66.1338
574 33.2292 66.1333
788 33.2165 66.1328
715 33.205 66.1323
765 33.1913 66.1318
89 33.1759 66.1312
501 33.1609 66.1306
79 33.1459 66.13
839 33.1326 66.1294
729 33.1173 66.1288
735 33.103 66.1282
927 33.0896 66.1277
34 33.076 66.1271
537 33.0643 66.1267
846 33.0643 66.1267
591 33.0643 66.1267
266 33.0643 66.1267
809 33.0643 66.1267
507 33.0643 66.1267
971 33.0643 66.1267
903 33.0643 66.1267
226 33.0643 66.1267
137 33.0643 66.1267
327 33.0643 66.1267
965 33.0643 66.1267
604 33.0643 66.1267
365 33.0643 66.1267
175 33.0643 66.1267
454 33.0643 66.1267
382 33.0643 66.1267
56 33.0643 66.1267
689 33.0643 66.1267
404 33.0643 66.1267
308 33.0643 66.1267
922 33.0643 66.1267
733 33.0643 66.1267
171 33.0643 66.1267
390 33.0643 66.1267
54 33.0643 66.1267
878 33.0643 66.1267
21 33.0643 66.1267
359 33.0643 66.1267
888 33.0643 66.1267
976 33.0623 65.9752
705 33.0121 62.2486
324 32.9969 61.124
897 32.9901 60.6202
981 32.9701 59.1412
783 33.4421 54.0372
633 33.53 53.0867
989 33.6187 52.1278
59 33.6745 51.5243
603 33.7493 50.7152
778 33.828 49.8636
891 33.9072 49.0079
403 34.0002 48.0017
848 34.0905 47.0256
194 34.0994 46.9287
210 34.1079 46.8366
706 34.117 46.7389
147 34.1253 46.649
512 34.1346 46.5484
475 34.143 46.4582
913 34.152 46.3608
7 34.162 46.252
180 34.1705 46.161
908 34.1788 46.0705
522 34.1887 45.9634
508 34.1986 45.8574
664 34.2088 45.7464
543 34.2182 45.6448
11 34.2289 45.5293
853 34.2402 45.4075
692 34.2493 45.3089
529 34.2579 45.2161
655 34.2655 45.1339
545 34.2655 45.1339
257 34.4059 43.8533
869 34.5036 42.9615
37 34.5042 42.9556
438 34.5049 42.9496
155 34.5055 42.9439
917 34.5062 42.9371
38 34.507 42.9304
191 34.5077 42.9236
237 34.5083 42.9182
876 34.509 42.9114
679 34.5099 42.9039
302 34.5105 42.8976
480 34.5113 42.8905
811 34.512 42.8838
688 34.5127 42.8779
388 34.5135 42.8708
723 34.5142 42.864
278 34.5149 42.8573
461 34.5155 42.8524
619 34.5161 42.846
413 34.5168 42.8398
49 34.5175 42.8333
549 34.5184 42.8257
862 34.8059 42.7916
269 35.0278 42.7652
151 35.2741 42.7359
566 35.5421 42.7041
525 35.7554 42.6787
397 36.0127 42.6482
452 36.3481 42.6083
414 36.587 42.5799
790 36.8772 42.5455
687 37.1086 42.518
535 37.3541 42.4888
748 38.3769 42.3673
586 39.7987 42.1983
127 40.8385 42.0748
250 44.7263 41.613
870 45.5741 41.5123
356 46.2647 41.4302
209 47.1109 41.3297
458 47.455 41.2888
716 47.7581 41.2528
27 48.0868 41.2137
217 48.2985 41.1886
63 48.4955 41.1651
634 48.7122 41.1394
19 48.8924 41.118
69 49.0757 41.0962
785 49.2838 41.0715
844 49.4734 41.0489
421 49.6652 41.0262
66 49.88 41.0006
875 50.0878 40.9759
276 50.2849 40.9525
751 50.5092 40.9259
935 50.696 40.9037
906 50.9047 40.8789
472 51.1089 40.8546
377 51.3549 40.8254
492 51.5445 40.8029
342 51.7561 40.7777
828 52.0304 40.7451
355 52.2635 40.7174
675 52.495 40.6899
781 52.6854 40.6673
55 52.8534 40.6473
594 53.2008 40.8328
865 53.4995 40.9923
978 53.9511 41.2333
681 54.3402 41.4411
623 54.7793 41.6755
930 55.1541 41.8756
843 55.5315 42.0771
945 55.9329 42.2914
262 56.4984 42.5933
821 57.0091 42.8659
358 57.1759 42.9622
519 57.3375 43.0554
45 57.4988 43.1485
43 57.6491 43.2352
197 57.7935 43.3185
85 57.9703 43.4206
117 58.1312 43.5134
842 58.2728 43.5951
186 58.3965 43.6665
188 59.3725 44.1854
396 63.8617 45.2267
941 68.8396 46.3818
656 69.0256 46.4249
29 69.1192 46.4466
606 69.2064 46.4669
323 69.3081 46.4905
767 69.4106 46.5142
745 69.5151 46.5385
609 69.6138 46.5614
357 69.7014 46.5817
190 69.8051 46.6058
583 69.914 46.631
644 70.0052 46.6522
466 70.1138 46.6774
143 70.2117 46.7001
314 70.3147 46.724
850 70.4397 46.753
387 70.5593 46.7807
670 70.5593 46.7807
195 70.5593 46.7807
942 70.5593 46.7807
553 70.5593 46.7807
592 70.5593 46.7807
102 70.5593 46.7807
70 70.5593 46.7807
274 70.5593 46.7807
232 70.5593 46.7807
485 70.5593 46.7807
334 77.4343 48.1399
926 77.9192 48.1814
838 79.8575 48.3472
170 81.5124 48.4889
920 81.9367 48.5252
198 82.416 48.5662
425 82.8556 48.6038
884 83.4044 48.6508
951 83.8721 48.6908
684 84.3248 48.7295
242 84.6292 48.7556
835 84.9241 48.7808
967 85.2466 48.8084
107 85.6318 48.8414
932 85.9448 48.8682
136 86.319 48.9002
977 86.6965 48.9325
506 87.1137 48.9682
497 87.4923 49.0006
590 87.1021 38.8708
33 86.9702 35.447
520 86.8673 32.777
98 86.7059 28.5877
483 86.2829 17.605
260 86.1868 17.6088
243 85.8275 17.7477
345 85.3852 17.9186
627 84.9139 18.1008
979 83.3535 18.7039
