0,777,959,24,176,819,598,295,721,504,581,103,518,873,419,111,407,822,26,934,669,787,834,246,883,221,354,915,573,337,704,467,653,287,261,310,160,602,379,64,643,351,284,626,363,824,709,307,902,278,8,588,366,362,629,702,682,348,661,812,722,412,61,402,211,488,187,646,881,674,741,254,439,65,963,268,32,985,836,829,121,74,455,514,125,794,641,205,331,673,258,4,899,572,710,87,943,133,474,486,86,299,898,863,10,328,499,849,463,218,423,384,771,663,841,182,228,78,542,909,652,128,958,708,46,972,100,47,489,565,496,148,330,797,770,700,616,731,990,758,949,57,749,936,341,858,283,222,677,157,122,373,691,956,534,123,476,938,174,279,805,312,698,116,154,336,527,166,212,214,196,925,352,505,303,734,114,950,97,502,703,500,630,192,524,220,457,680,77,657,939,966,234,747,275,398,772,665,445,130,589,272,760,482,427,361,338,607,517,347,326,346,131,219,879,277,255,207,224,381,780,376,784,970,487,639,686,717,796,321,739,162,694,860,948,667,371,799,531,658,924,888,764,897,537,411,88,946,240,551,75,556,168,325,3,81,503,726,14,429,113,991,431,436,443,119,339,728,433,600,546,298,90,890,374,184,830,615,400,479,825,701,554,39,115,916,695,95,803,637,138,304,93,199,31,48,570,364,711,969,236,718,712,944,560,360,973,442,868,585,178,301,203,263,988,955,213,446,905,106,557,719,914,169,750,953,982,316,827,153,399,678,200,736,58,300,444,699,628,426,815,792,759,693,249,247,495,13,469,386,892,568,447,401,244,380,435,547,1,108,405,776,223,593,490,424,44,36,859,50,885,333,462,608,886,17,15,227,697,714,757,96,491,753,521,871,183,651,768,933,167,430,253,368,409,141,441,761,954,550,833,456,20,611,610,696,139,288,808,578,60,41,631,76,28,418,120,92,306,16,124,146,806,470,672,614,189,918,773,795,296,2,256,638,271,960,428,569,974,53,752,786,613,181,807,150,73,394,231,392,738,707,241,375,559,215,129,172,919,874,539,319,877,265,22,766,309,563,292,416,548,343,840,814,561,72,448,305,449,649,437,82,564,940,320,713,408,746,961,530,659,826,636,40,511,105,335,294,248,866,947,5,230,369,802,896,202,584,280,856,642,165,763,179,126,562,406,984,193,755,911,389,344,567,624,156,516,23,239,206,532,229,118,618,575,861,882,541,774,952,754,895,62,367,880,477,12,536,816,140,313,992,317,434,887,851,259,690,737,464,622,273,185,245,395,980,931,415,465,666,52,42,937,813,817,71,742,854,845,544,251,285,149,318,378,177,620,823,158,353,648,820,775,159,864,135,928,983,494,893,580,372,740,204,725,528,450,473,660,25,889,685,311,322,145,417,962,579,201,852,727,900,383,18,654,67,509,975,51,152,818,837,385,332,297,173,340,867,481,290,110,460,68,83,800,393,671,650,605,904,595,238,420,801,440,744,769,987,432,782,647,478,112,519,286,538,793,810,798,577,857,315,632,186,832,515,907,293,847,625,282,968,109,35,9,762,668,582,208,986,921,94,453,791,161,484,101,964,923,84,912,468,558,662,54,576,743,308,804,724,365,523,596,281,91,732,226,617,235,216,225,976,855,459,540,894,144,80,350,252,171,779,513,270,533,134,498,264,175,163,410,683,676,715,291,30,471,127,597,621,404,872,756,493,59,705,267,599,929,788,89,635,604,545,79,266,640,526,927,789,349,552,34,137,645,56,720,957,104,901,765,809,903,878,571,21,891,733,971,846,451,730,587,454,574,501,689,910,359,370,329,132,324,981,922,382,965,839,591,327,735,729,390,99,507,391,601,422,233,664,723,397,438,11,783,510,461,403,633,142,908,237,876,147,811,522,475,151,512,480,989,414,778,49,869,566,655,748,913,7,180,679,688,543,388,529,706,508,302,269,612,535,525,619,413,603,687,38,549,155,917,862,37,66,586,844,472,210,342,197,853,906,935,790,692,356,194,191,716,945,865,848,870,843,452,257,289,217,634,681,781,785,358,250,27,209,377,594,276,421,164,45,751,19,492,458,55,875,355,828,555,930,69,978,831,6,821,262,85,43,63,188,926,396,323,553,942,485,623,357,143,583,941,592,609,232,466,675,644,314,117,767,842,745,656,190,102,70,670,334,606,850,932,425,684,242,195,136,107,977,967,387,838,198,170,920,951,506,274,29,884,497,98,520,590,835,33,243,979,627,345,483,260,
value : 403.802 running time : 1005.395251
0 80 20
777 70.8592 17.912
959 69.8147 17.6732
24 68.9854 17.4837
176 68.1712 17.2975
819 67.4417 17.1308
598 66.7876 16.9812
295 66.102 16.8245
721 65.4356 16.6722
504 64.536 16.4665
581 63.5054 16.231
103 62.4457 15.9888
518 43.7438 17.688
873 43.4245 17.7342
419 42.4749 17.8714
111 41.0843 18.0724
407 39.9303 18.2392
822 38.9091 18.3869
26 38.0194 18.5155
934 37.0984 18.6487
669 35.9786 18.8106
787 35.4992 18.8799
834 35.0847 18.9398
246 34.6215 19.0068
883 34.2212 19.0647
221 33.7651 19.1307
354 33.5999 19.1545
915 33.5066 19.168
573 33.4324 19.1788
337 33.3468 19.1911
704 33.2539 19.2046
467 33.1638 19.2176
653 33.053 19.2336
287 32.8926 19.2568
261 32.7193 19.2819
310 32.5448 19.3071
160 32.3512 19.3351
602 32.1441 19.365
379 32.1153 19.3692
64 32.0835 19.3738
643 32.052 19.3783
351 32.0239 19.3824
284 31.9903 19.3872
626 31.9608 19.3915
363 31.9308 19.3958
824 31.8947 19.4011
709 31.8616 19.4059
307 31.8275 19.4108
902 31.7926 19.4158
278 31.7608 19.4204
8 22.1363 17.0661
588 19.2554 16.3614
366 17.813 16.0085
362 16.435 15.6715
629 15.8526 15.529
702 15.4222 15.4237
682 14.7504 15.2594
348 14.2163 15.1287
661 13.6843 14.9986
812 13.0005 14.8313
722 12.9893 15.0874
412 12.971 15.5032
61 12.9546 15.8754
402 12.9388 16.2355
211 12.9256 16.5359
488 12.9117 16.8539
187 12.8662 17.888
646 12.8904 18.2284
881 12.9152 18.5788
674 12.9907 19.643
741 13.0739 20.8164
254 13.1539 21.944
439 13.2529 23.3406
65 13.4354 25.9157
963 13.4849 26.6139
268 13.5465 27.4826
32 13.6104 28.3831
985 13.6142 28.4371
836 13.618 28.4905
829 13.6221 28.5487
121 13.6258 28.6009
74 13.629 28.6459
455 13.6328 28.6987
514 13.6372 28.7614
125 13.6417 28.8245
794 13.6453 28.8744
641 13.6492 28.9296
205 13.6535 28.9903
331 13.6567 29.0351
673 13.6604 29.0881
258 13.6643 29.1428
4 13.6685 29.2015
899 13.6725 29.2586
572 13.6767 29.317
710 13.6809 29.3771
87 13.6854 29.4408
943 13.6893 29.495
133 13.693 29.5479
474 13.6968 29.6018
486 13.7014 29.6655
86 12.7165 31.398
299 12.3781 31.9934
898 11.9889 32.678
863 11.9015 35.3859
10 11.8144 38.0908
328 11.7317 40.6578
499 11.6374 43.585
849 11.4621 49.0017
463 11.4621 49.0017
218 11.4621 49.0017
423 11.4621 49.0017
384 11.4621 49.0018
771 11.4621 49.0018
663 11.4621 49.0018
841 11.4621 49.0018
182 11.4621 49.0018
228 11.4621 49.0018
78 11.4621 49.0018
542 11.4621 49.0018
909 11.4621 49.0018
652 11.4621 49.0018
128 11.4621 49.0018
958 11.4621 49.0018
708 11.4621 49.0018
46 11.4621 49.0018
972 11.4621 49.0018
100 11.4621 49.0018
47 11.4621 49.0018
489 11.4621 49.0018
565 11.4621 49.0018
496 11.4621 49.0018
148 11.4621 49.0018
330 11.4621 49.0018
797 11.4617 49.0636
770 11.4614 49.1217
700 11.461 49.1796
616 11.4607 49.246
731 11.4603 49.3127
990 11.4599 49.378
758 11.4594 49.4508
949 11.4591 49.5177
57 11.4586 49.5882
749 11.4583 49.6534
936 11.4579 49.7193
341 11.4575 49.7808
858 11.4571 49.8421
283 11.4568 49.899
222 11.4546 50.2753
677 11.4524 50.6616
157 11.4505 50.9865
122 11.4484 51.3391
373 11.448 51.4115
691 11.4475 51.4895
956 11.4471 51.5635
534 11.4466 51.6335
123 11.4462 51.7051
476 11.4458 51.7831
938 11.4452 51.8729
174 11.4447 51.9559
279 11.4442 52.0412
805 11.4437 52.1211
312 11.4433 52.1958
698 11.4428 52.2832
116 11.4422 52.3686
154 11.4417 52.4523
336 11.4412 52.5466
527 11.4406 52.636
166 11.4401 52.7207
212 11.4397 52.7967
214 11.4318 54.174
196 11.4239 55.5606
925 11.4155 57.0048
352 11.4072 58.4456
505 11.398 60.0392
303 11.3878 61.8718
734 11.3798 63.3633
114 11.3678 65.5052
950 11.3569 67.4899
97 11.3567 67.5203
502 11.3565 67.5516
703 11.3563 67.5806
500 11.3561 67.6158
630 11.3559 67.6461
192 11.3558 67.6767
524 11.3556 67.7109
220 11.3553 67.7476
457 11.3551 67.7782
680 11.355 67.8071
77 11.3548 67.8349
657 11.3546 67.8678
939 11.3544 67.8959
966 11.3543 67.9276
234 11.3541 67.9579
747 11.3539 67.992
275 11.3536 68.03
398 11.3534 68.0629
772 11.3533 68.0933
665 11.3531 68.1255
445 11.3529 68.1579
130 11.3527 68.189
589 11.3525 68.219
272 11.3523 68.2538
760 11.3521 68.2849
482 11.3519 68.3217
427 11.3517 68.3571
361 11.3515 68.3931
338 11.3513 68.4233
607 11.3511 68.4539
517 11.3509 68.4847
347 11.3507 68.5169
326 11.3505 68.5585
346 11.3503 68.5918
131 11.3501 68.6207
219 11.3499 68.6538
879 11.3497 68.6877
277 11.3495 68.721
255 11.3493 68.7541
207 11.3491 68.7905
224 11.3616 68.8041
381 11.374 68.8176
780 11.3886 68.8335
376 11.3983 68.8441
784 11.4093 68.856
970 11.4218 68.8696
487 11.4349 68.8839
639 11.4444 68.8942
686 11.4549 68.9056
717 11.4661 68.9179
796 11.48 68.9329
321 11.491 68.945
739 11.5012 68.9561
162 11.5121 68.9679
694 11.522 68.9786
860 11.5336 68.9913
948 11.5439 69.0024
667 11.5536 69.0131
371 11.564 69.0243
799 11.5752 69.0366
531 11.5874 69.0498
658 12.4769 70.018
924 12.4829 70.0244
888 12.4887 70.0308
764 12.4887 70.0308
897 12.4887 70.0308
537 13.673 74.6458
411 13.5576 74.9169
88 13.4012 75.2842
946 13.2755 75.5794
240 13.1395 75.8988
551 13.0274 76.162
75 12.9092 76.4396
556 12.9092 76.4396
168 12.9092 76.4396
325 12.9092 76.4396
3 12.9092 76.4396
81 12.9092 76.4396
503 12.9092 76.4396
726 12.9092 76.4396
14 12.9092 76.4396
429 12.8748 76.6537
113 12.8394 76.8735
991 12.802 77.1058
431 12.7659 77.33
436 12.7318 77.5414
443 12.7023 77.7248
119 12.6725 77.9098
339 12.6354 78.1405
728 12.6007 78.3564
433 12.5661 78.5713
600 12.5338 78.7718
546 12.487 79.0621
298 12.4456 79.3198
90 12.3963 79.626
890 12.3585 79.8604
374 12.3217 80.0892
184 12.2827 80.3317
830 12.244 80.5715
615 12.2066 80.8041
400 12.1731 81.0121
479 12.134 81.2549
825 12.0912 81.5207
701 12.0489 81.7839
554 11.8259 83.1686
39 11.3885 85.884
115 11.373 85.9801
916 11.3591 86.0668
695 11.3439 86.1608
95 11.3282 86.2584
803 11.3119 86.3597
637 11.296 86.4585
138 11.2798 86.5594
304 11.2651 86.6506
93 11.2514 86.736
199 11.2364 86.829
31 11.2234 86.9095
48 11.2086 87.0016
570 11.1926 87.1011
364 11.1739 87.2169
711 11.1558 87.3293
969 11.1406 87.4241
236 11.1256 87.5174
718 11.1123 87.5997
712 11.0981 87.6878
944 11.0856 87.7657
560 11.054 87.9618
360 11.0149 88.2048
973 10.9697 88.4856
442 10.932 88.7197
868 10.8954 88.947
585 10.8638 89.1432
178 10.8369 89.3098
301 10.7996 89.5419
203 10.7648 89.7581
263 10.7219 90.0245
988 10.6783 90.2951
955 10.6809 90.295
213 10.6831 90.2949
446 10.7103 90.2941
905 10.7345 90.2933
106 10.7592 90.2926
557 10.7862 90.2917
719 10.8087 90.2911
914 10.8328 90.2903
169 10.8577 90.2895
750 10.884 90.2887
953 10.9071 90.288
982 10.9338 90.2872
316 10.9588 90.2864
827 10.9822 90.2857
153 11.0068 90.285
399 11.033 90.2842
678 11.0558 90.2835
200 11.0818 90.2827
736 11.1066 90.2819
58 11.1347 90.281
300 11.1547 90.2804
444 11.2223 90.2783
699 11.2933 90.2762
628 11.3554 90.2742
426 11.4185 90.2723
815 11.4902 90.2701
792 11.5547 90.2681
759 11.6262 90.2659
693 11.7974 90.2607
249 11.9878 90.2548
247 12.1336 90.2503
495 12.2937 90.2454
13 12.4474 90.2407
469 12.595 90.2362
386 12.7202 90.2323
892 12.8473 90.2284
568 12.982 90.2243
447 13.1192 90.22
401 13.2659 90.2155
244 13.4441 90.21
380 13.5741 90.206
435 13.7234 90.2015
547 13.9238 90.1953
1 14.4362 90.1795
108 14.9522 90.1637
405 15.5712 90.1447
776 20.0705 90.0067
223 26.0893 89.8222
593 26.1043 89.8217
490 26.122 89.8212
424 26.1379 89.8207
44 26.1532 89.8202
36 26.1694 89.8197
859 26.1856 89.8192
50 26.2013 89.8188
885 26.2178 89.8182
333 26.2341 89.8177
462 26.2479 89.8173
608 26.2652 89.8168
886 26.2808 89.8163
17 26.2951 89.8159
15 26.3106 89.8154
227 26.3287 89.8148
697 26.4373 89.8115
714 26.5287 89.8087
757 26.6329 89.8055
96 26.7278 89.8025
491 26.8082 89.8
753 26.8968 89.7973
521 26.9925 89.7944
871 27.0868 89.7915
183 27.1858 89.7884
651 27.2882 89.7853
768 27.3892 89.7821
933 27.4893 89.7791
167 27.6068 89.7754
430 27.7072 89.7723
253 27.8132 89.7691
368 27.9077 89.7662
409 28.0135 89.7629
141 28.1241 89.7595
441 28.2155 89.7567
761 28.3211 89.7534
954 28.4274 89.7501
550 28.5222 89.7472
833 28.7325 89.7407
456 28.9612 89.7337
20 29.2297 89.7254
611 29.4863 89.7175
610 29.7444 89.7095
696 30.0098 89.7014
139 30.2995 89.6924
288 30.3906 89.6896
808 30.5064 89.686
578 30.6012 89.6831
60 30.7232 89.6794
41 30.8373 89.6758
631 30.9564 89.6722
76 31.0759 89.6685
28 31.199 89.6647
418 31.3181 89.661
120 31.4528 89.6569
92 31.5806 89.6529
306 31.695 89.6494
16 31.8163 89.6457
124 32.4031 89.6276
146 33.0953 89.6063
806 33.7071 89.5875
470 34.339 89.568
672 34.9531 89.5491
614 35.6282 89.5283
189 35.7705 89.5239
918 35.9013 89.5199
773 36.0449 89.5155
795 36.1935 89.5109
296 36.3433 89.5063
2 36.5067 89.5012
256 36.6662 89.4963
638 36.8185 89.4916
271 36.9693 89.487
960 37.1218 89.4822
428 37.3011 89.4767
569 37.5019 89.4705
974 37.6827 89.4649
53 37.865 89.4593
752 38.0301 89.4542
786 38.1965 89.4491
613 38.3951 89.443
181 38.5943 89.4368
807 38.7745 89.4313
150 38.9327 89.4264
73 39.1162 89.4207
394 39.3423 89.4137
231 39.5432 89.4076
392 39.7553 89.401
738 39.9703 89.3944
707 40.1855 89.3877
241 40.4168 89.3806
375 40.6521 89.3734
559 40.8664 89.3667
215 41.0569 89.3609
129 41.2539 89.3548
172 41.4484 89.3488
919 41.6547 89.3424
874 41.8987 89.3349
539 42.1223 89.328
319 42.3431 89.3212
877 42.5336 89.3153
265 42.7406 89.3089
22 42.9855 89.3014
766 43.2546 89.2931
309 43.5088 89.2852
563 43.7664 89.2773
292 43.8732 89.274
416 43.989 89.2704
548 44.1042 89.2669
343 44.2365 89.2628
840 44.3541 89.2591
814 44.4818 89.2552
561 44.5952 89.2517
72 44.7041 89.2483
448 44.8309 89.2444
305 44.9734 89.24
449 45.0964 89.2362
649 45.2206 89.2324
437 45.3612 89.2281
82 45.5136 89.2234
564 45.6597 89.2189
940 45.8072 89.2143
320 45.937 89.2103
713 46.0646 89.2064
408 46.2033 89.2021
746 46.3355 89.198
961 46.4681 89.1939
530 46.5969 89.1899
659 46.7288 89.1859
826 46.8698 89.1815
636 47.009 89.1772
40 47.145 89.173
511 47.2671 89.1693
105 47.3926 89.1654
335 47.5278 89.1612
294 47.6286 89.1581
248 47.7436 89.1546
866 47.8533 89.1512
947 47.981 89.1472
5 48.0895 89.1439
230 48.2065 89.1403
369 48.8698 89.1198
802 49.3392 89.1054
896 49.497 89.1049
202 49.6644 89.1044
584 49.8177 89.104
280 49.9509 89.1036
856 50.0833 89.1032
642 50.1916 89.1028
165 50.3064 89.1025
763 50.4351 89.1021
179 50.5801 89.1017
126 50.7129 89.1013
562 50.8429 89.1009
406 51.0003 89.1004
984 51.161 89.1
193 51.2767 89.0996
755 51.4127 89.0992
911 51.5725 89.0987
389 51.707 89.0983
344 51.8907 89.0978
567 52.0663 89.0973
624 52.1941 89.0969
156 52.3252 89.0965
516 52.471 89.0961
23 52.62 89.0956
239 52.7505 89.0953
206 52.8965 89.0948
532 53.0862 89.0943
229 53.2792 89.0937
118 53.4477 89.0932
618 53.606 89.0927
575 53.7705 89.0922
861 53.9131 89.0918
882 54.0598 89.0914
541 54.2126 89.0909
774 54.3991 89.0904
952 54.5858 89.0898
754 54.7671 89.0893
895 54.9374 89.0888
62 55.1905 89.088
367 55.4572 89.0872
880 55.7198 89.0864
477 56.0049 89.0856
12 56.2304 89.0849
536 56.4526 89.0843
816 56.7276 89.0835
140 56.9675 89.0827
313 57.2321 89.082
992 57.5234 89.0811
317 57.7722 89.0804
434 57.9882 89.0797
887 58.3193 89.0787
851 58.6552 89.0777
259 59.021 89.0766
690 59.4019 89.0755
737 59.8007 89.0743
464 60.2239 89.0731
622 60.5987 89.072
273 60.9274 89.071
185 61.2352 89.0701
245 61.528 89.0692
395 61.93 89.068
980 62.2928 89.0669
931 62.7201 89.0657
415 63.1253 89.0645
465 63.8314 89.0624
666 64.4124 89.0606
52 64.8649 89.0593
42 65.3266 89.0579
937 65.822 89.0565
813 66.2925 89.0551
817 66.7059 89.0538
71 67.1744 89.0524
742 67.6065 89.0512
854 67.946 89.0501
845 68.2675 89.0492
544 68.6065 89.0482
251 68.9638 89.0471
285 69.3139 89.0461
149 69.6568 89.0451
318 69.9923 89.0441
378 70.2968 89.0432
177 70.8615 89.0415
620 71.5861 89.0393
823 72.4023 89.0369
158 73.2808 89.0343
353 74.174 89.0316
648 75.1562 89.0287
820 75.8987 89.0265
775 76.5353 89.0246
159 77.3188 89.0223
864 78.0783 89.02
135 78.8703 89.0177
928 79.7622 89.015
983 79.7622 89.015
494 79.7622 89.015
893 79.7622 89.015
580 79.7622 89.015
372 86.003 83.3909
740 85.8832 83.3012
204 85.7782 83.2226
725 85.6778 83.1475
528 85.576 83.0713
450 85.4895 83.0065
473 85.2379 82.8923
660 84.9757 82.7733
25 84.6706 82.6348
889 84.2708 82.4533
685 83.7438 82.2141
311 82.9705 81.8631
322 81.9857 81.416
145 74.013 77.797
417 73.074 77.0936
962 72.1467 76.399
579 71.1431 75.6474
201 70.1502 74.9038
852 70.1502 74.9038
727 70.1502 74.9038
900 70.1502 74.9038
383 70.1502 74.9038
18 70.1501 74.9037
654 70.1501 74.9037
67 70.1501 74.9037
509 70.1501 74.9037
975 70.1501 74.9037
51 70.1501 74.9037
152 70.1501 74.9037
818 70.1501 74.9037
837 70.1501 74.9037
385 70.1501 74.9037
332 70.15 74.9037
297 69.6971 74.5775
173 69.187 74.2103
340 68.7435 73.8909
867 68.3527 73.6095
481 67.9752 73.3376
290 67.5381 73.0229
110 67.0992 72.7068
460 66.673 72.3999
68 66.2455 72.092
83 65.8821 71.8304
800 65.4396 71.5117
393 65.0748 71.249
671 64.7332 71.003
650 64.3878 70.7543
605 64.0473 70.509
904 63.7333 70.2829
595 63.387 70.0335
238 63.0533 69.7932
420 62.745 69.5712
801 62.4403 69.3517
440 61.9783 69.0191
744 61.5686 68.724
769 60.9877 68.3058
987 60.4469 67.9163
432 59.8883 67.5141
782 59.3292 67.1115
647 58.4796 66.4998
478 57.5866 65.8569
112 56.4312 65.0252
519 55.1559 64.1072
286 55.0375 64.2162
538 54.9172 64.327
793 54.7862 64.4477
810 54.6511 64.5722
798 54.5108 64.7013
577 54.3769 64.8247
857 54.2195 64.9697
315 54.0904 65.0886
632 53.9739 65.1959
186 53.8766 65.2856
832 53.7444 65.4073
515 53.5532 65.4321
907 53.3556 65.4576
293 53.1324 65.4864
847 52.8967 65.5169
625 52.6165 65.5531
282 52.3339 65.5896
968 52.0683 65.6239
109 51.8185 65.6562
35 51.58 65.687
9 51.3286 65.7195
762 51.0631 65.7538
668 50.7825 65.7901
582 50.4411 65.8342
208 50.1171 65.876
986 49.7513 65.9233
921 49.4223 65.9658
94 49.1101 66.0061
453 48.8018 66.046
791 48.494 66.0858
161 48.1592 66.129
484 47.7884 66.1769
101 47.4831 66.2164
964 47.1697 66.2569
923 46.7739 66.308
84 45.8464 66.4278
912 44.5043 66.6013
468 43.9753 66.6696
558 43.1195 66.7802
662 42.2208 66.8963
54 42.2103 66.8977
576 42.1996 66.8991
743 42.1886 66.9005
308 42.1747 66.9023
804 42.1632 66.9038
724 42.1504 66.9054
365 42.1391 66.9069
523 42.1282 66.9083
596 42.1171 66.9097
281 42.1072 66.911
91 42.0957 66.9125
732 42.0834 66.9141
226 42.0705 66.9158
617 42.0609 66.917
235 42.0493 66.9185
216 42.0376 66.92
225 42.0236 66.9218
976 42.0109 66.9234
855 42.0002 66.9248
459 41.9874 66.9265
540 41.9746 66.9282
894 41.9628 66.9297
144 41.9504 66.9313
80 41.9381 66.9329
350 41.926 66.9344
252 41.9136 66.936
171 41.9032 66.9374
779 41.8926 66.9387
513 41.8807 66.9403
270 41.868 66.9419
533 41.69 66.5357
134 41.5354 66.183
498 41.3681 65.8011
264 41.2528 65.7841
175 41.1388 65.7673
163 41.0342 65.7519
410 40.9319 65.7368
683 40.8258 65.7212
676 40.7202 65.7056
715 40.6038 65.6885
291 40.4886 65.6715
30 40.3802 65.6555
471 40.2816 65.641
127 40.1776 65.6256
597 39.7089 65.6827
621 38.7703 65.797
404 36.3924 66.0867
872 33.8428 66.3974
756 33.2286 66.0747
493 32.808 65.8537
59 32.3768 65.6272
705 32.101 65.4823
267 32.0984 65.4809
599 32.0956 65.4795
929 32.0929 65.478
788 32.09 65.4765
89 32.0872 65.475
635 32.0845 65.4736
604 32.0788 65.4565
545 32.071 65.4335
79 32.0661 65.4188
266 32.0618 65.406
640 32.0562 65.3896
526 32.0518 65.3764
927 32.0468 65.3616
789 32.0418 65.3467
349 32.0358 65.3288
552 32.0304 65.3128
34 32.0245 65.2954
137 32.0194 65.2801
645 32.0144 65.2652
56 32.0094 65.2504
720 32.004 65.2345
957 31.9986 65.2182
104 31.9934 65.2028
901 31.9882 65.1874
765 31.9832 65.1724
809 31.9781 65.1574
903 31.9737 65.1442
878 31.9692 65.1308
571 31.9641 65.1157
21 31.9584 65.0989
891 31.9521 65.0801
733 31.9475 65.0663
971 31.9429 65.0528
846 31.9379 65.0378
451 31.9329 65.0231
730 31.9289 65.0111
587 31.924 64.9967
454 31.9196 64.9837
574 31.8895 64.8942
501 31.8591 64.8036
689 31.8315 64.7217
910 31.7981 64.6224
359 31.7613 64.5133
370 31.7234 64.4006
329 31.1023 64.2457
132 31.0153 64.224
324 30.9453 64.2065
981 30.9453 64.2065
922 30.9453 64.2065
382 30.9453 64.2065
965 30.9453 64.2065
839 30.9453 64.2065
591 30.9453 64.2065
327 30.9453 64.2065
735 30.9453 64.2065
729 30.9453 64.2065
390 30.9453 64.2065
99 30.9453 64.2065
507 30.8298 61.0613
391 30.7182 58.0234
601 30.7182 58.0234
422 30.9446 56.5856
233 31.2357 54.7374
664 31.7748 51.3139
723 31.8291 50.9693
397 31.8741 50.6837
438 31.9168 50.4124
11 31.9575 50.154
783 31.9938 49.9234
510 32.0266 49.715
461 32.067 49.4585
403 32.1094 49.1897
633 32.1483 48.9425
142 32.1901 48.6768
908 32.2391 48.366
237 32.2847 48.0762
876 32.3396 47.7277
147 32.3934 47.3862
811 32.4551 46.9947
522 32.5015 46.6999
475 32.5548 46.3616
151 32.6081 46.0231
512 32.6528 45.739
480 32.7054 45.4049
989 32.7504 45.1196
414 32.7947 44.8383
778 32.8364 44.5731
49 32.8862 44.2572
869 32.9445 43.8867
566 32.9499 43.853
655 32.9556 43.8168
748 32.9609 43.7827
913 32.9663 43.7486
7 32.9723 43.7103
180 32.9776 43.6769
679 32.9839 43.6371
688 32.989 43.6044
543 32.9952 43.5648
388 33.0017 43.5235
529 33.008 43.4838
706 33.0132 43.4509
508 33.0184 43.4178
302 33.0239 43.383
269 33.0297 43.3459
612 33.0367 43.3015
535 33.1809 43.2549
525 33.3343 43.2053
619 33.4969 43.1528
413 33.6491 43.1036
603 33.8037 43.0536
687 33.9639 43.0019
38 34.1192 42.9517
549 34.2823 42.899
155 34.8408 42.7185
917 35.3142 42.5655
862 35.7508 42.4244
37 36.1487 42.2958
66 39.8284 41.1066
586 40.2342 40.9755
844 40.6093 40.8542
472 40.9151 40.7554
210 41.2137 40.6589
342 41.6179 40.5282
197 42.0173 40.3992
853 42.3649 40.2868
906 42.7591 40.1594
935 43.0837 40.0545
790 43.3911 39.9552
692 43.7137 39.8509
356 44.0621 39.7383
194 44.423 39.6217
191 44.8095 39.4968
716 45.2464 39.3556
945 45.6288 39.232
865 46.0536 39.0947
848 46.3997 38.9828
870 46.7921 38.856
843 47.1383 38.7441
452 47.4905 38.6303
257 47.885 38.5028
289 48.3656 38.3475
217 48.8559 38.3285
634 49.2405 38.3136
681 49.5591 38.3013
781 49.8936 38.2884
785 50.093 38.2806
358 50.3185 38.2719
250 50.486 38.2654
27 50.6911 38.2575
209 50.8756 38.2503
377 51.0856 38.2422
594 51.2686 38.2351
276 51.4288 38.2289
421 51.6063 38.222
164 51.827 38.2135
45 52.2381 38.1976
751 52.4416 38.1897
19 52.6386 38.1821
492 52.8433 38.1741
458 53.0934 38.1645
55 53.3336 38.1552
875 53.5483 38.1468
355 53.788 38.1376
828 54.0198 38.1286
555 54.23 38.1204
930 54.4402 38.1123
69 54.648 38.1043
978 54.9217 38.0937
831 55.1948 38.0831
6 55.674 38.638
821 57.0507 40.2323
262 58.7695 42.223
85 59.9475 43.5873
43 60.313 44.0105
63 60.7064 44.4662
188 61.2239 45.0655
926 62.1287 45.249
396 62.8661 45.3985
323 63.7493 45.5776
553 64.4699 45.7237
942 65.0322 45.8377
485 65.453 45.923
623 65.8815 46.0099
357 66.6141 46.1584
143 67.3856 46.3149
583 68.1664 46.4732
941 68.8084 46.6034
592 69.1303 46.6686
609 69.4166 46.7267
232 69.6881 46.7817
466 69.9687 46.8386
675 70.2189 46.8893
644 70.5132 46.949
314 70.8343 47.0141
117 71.1925 47.0867
767 71.5883 47.167
842 71.9931 47.249
745 72.4548 47.3426
656 72.8405 47.4208
190 73.2125 47.4963
102 73.7229 47.5997
70 74.2498 47.7066
670 75.0144 47.8616
334 75.8061 48.0221
606 75.8061 48.0221
850 77.3916 48.1556
932 79.3745 48.3224
425 81.3014 48.4846
684 83.4672 48.6669
242 83.5791 48.6763
195 83.6832 48.6851
136 83.8101 48.6958
107 83.9324 48.7061
977 84.0364 48.7148
967 84.137 48.7233
387 84.2527 48.733
838 84.3746 48.7433
198 84.4969 48.7536
170 84.619 48.7639
920 84.7217 48.7725
951 84.8432 48.7828
506 84.9608 48.7927
274 85.054 48.8005
29 85.1714 48.8104
884 86.4228 48.9157
497 87.4873 49.0054
98 87.0343 37.1952
520 86.971 35.5471
590 86.9062 33.8584
835 86.8426 32.2013
33 86.6995 28.4698
243 86.3725 19.946
979 86.3431 19.1789
627 86.3244 18.6915
345 86.3047 18.1796
483 86.2827 17.6049
260 86.1877 17.6086
