0,345,243,979,483,260,627,33,590,520,98,497,684,170,506,107,136,884,835,242,932,838,387,198,425,951,195,967,977,334,485,70,609,190,232,656,592,850,941,644,553,102,942,920,143,29,274,745,583,606,357,117,842,670,314,466,926,323,767,396,930,821,828,45,85,276,356,594,906,843,342,865,250,19,69,785,844,421,66,875,751,55,358,623,197,217,355,945,781,43,675,978,681,519,935,209,472,377,492,848,716,262,458,870,63,634,27,586,876,692,706,49,257,913,535,748,147,475,869,194,302,180,783,7,687,452,278,151,566,403,191,778,512,480,853,210,522,688,508,664,529,790,811,37,543,679,461,525,388,862,723,619,413,155,237,917,269,397,11,438,414,603,38,989,655,549,633,233,897,705,30,451,901,545,735,891,324,720,493,104,574,382,599,788,59,370,264,127,789,765,89,839,501,957,79,591,846,604,927,965,359,903,390,878,349,587,291,596,252,327,226,171,733,922,308,404,689,56,454,730,21,510,34,267,809,137,888,756,533,571,507,365,971,640,912,929,54,724,645,266,910,526,537,80,662,729,235,134,350,576,484,225,163,459,621,715,410,540,804,144,94,175,779,597,976,791,964,923,582,432,515,91,161,732,281,498,577,793,471,762,986,968,109,112,857,101,798,676,683,855,523,186,907,847,393,208,216,84,468,921,286,9,800,173,671,647,538,668,605,558,453,894,282,617,440,782,632,35,625,743,987,810,509,238,293,188,769,513,315,420,201,852,68,962,18,478,67,867,290,579,51,152,837,595,110,900,801,744,650,975,340,904,395,832,332,417,460,378,383,385,654,481,83,818,937,727,297,71,372,450,740,204,742,25,660,889,648,322,528,311,685,473,725,864,820,893,983,928,42,544,666,622,465,159,494,135,285,775,273,353,52,158,149,318,823,620,845,854,813,145,251,817,464,567,580,992,477,415,245,984,82,406,536,23,516,126,367,887,575,118,755,618,562,434,690,895,105,530,826,636,40,851,624,659,320,961,408,947,319,584,532,156,280,344,802,259,369,541,335,642,856,165,896,816,202,713,185,511,931,177,754,882,911,343,305,229,317,193,940,746,861,880,12,774,375,952,980,539,248,62,814,5,389,294,874,140,179,737,559,563,313,564,614,569,189,231,309,241,265,146,613,877,866,416,206,807,181,124,270,766,763,548,292,808,239,795,738,649,752,872,437,394,72,561,428,139,129,448,22,53,840,215,707,449,172,230,2,256,120,974,223,696,470,430,638,490,954,16,960,41,773,418,73,806,392,919,296,918,150,651,424,833,368,578,441,44,550,761,521,593,871,92,333,611,697,786,96,859,757,167,28,76,20,60,271,456,141,768,253,672,409,631,36,491,306,712,183,753,50,288,714,15,933,469,776,885,610,227,13,973,58,431,462,447,736,719,568,637,868,247,615,399,718,678,200,39,386,95,916,953,304,570,695,401,236,827,982,442,300,557,914,1,364,108,106,199,138,435,969,115,750,780,815,699,153,244,585,892,263,905,405,203,301,169,988,444,325,31,213,380,426,803,360,446,693,792,17,93,711,728,554,944,759,547,249,495,628,90,433,560,443,830,860,726,48,546,240,316,658,88,346,81,400,326,97,14,517,607,886,890,445,479,970,178,376,879,75,608,635,950,184,321,436,113,168,255,991,429,734,657,665,99,825,298,132,77,275,966,361,600,680,552,924,948,114,556,551,192,272,220,630,224,339,703,946,500,694,338,796,667,119,131,3,739,524,162,381,398,457,371,772,747,686,374,639,427,502,717,207,799,784,601,701,219,130,764,589,939,411,487,482,955,503,277,760,234,677,196,849,347,527,981,214,531,909,925,122,329,797,222,708,534,166,352,341,422,770,116,123,652,157,505,749,936,858,78,956,972,698,47,771,463,391,279,542,336,691,303,758,565,496,218,938,142,423,841,949,990,174,212,908,731,154,228,46,476,663,958,128,863,312,182,489,65,328,373,805,57,100,616,330,499,86,985,283,268,148,700,87,384,121,612,205,486,299,794,4,836,673,74,258,331,455,474,572,133,899,602,10,661,943,32,514,125,829,898,366,682,348,187,741,61,710,641,963,812,254,8,629,646,362,588,722,488,674,881,412,211,402,407,787,824,287,439,643,702,354,902,915,669,307,221,261,834,467,626,822,64,709,363,284,26,337,246,379,160,310,351,934,704,518,289,573,111,883,653,419,873,164,555,6,103,959,819,598,831,721,504,24,176,295,777,581,
value : 393.661 running time : 4239.410145
0 80 20
345 84.037 18.449
243 85.1687 18.0141
979 85.724 17.8008
483 86.2684 17.5916
260 86.2684 17.5916
627 86.3909 20.7528
33 86.6806 28.2283
590 86.8052 31.4432
520 86.9067 34.0637
98 86.9955 36.354
497 87.4857 49.0069
684 87.0993 48.9743
170 86.7346 48.9436
506 86.3452 48.9108
107 85.935 48.8763
136 85.4739 48.8374
884 85.0311 48.8001
835 84.5461 48.7593
242 84.1091 48.7225
932 83.6454 48.6834
838 83.2289 48.6483
387 82.7987 48.6121
198 82.3892 48.5776
425 81.9446 48.5401
951 81.5588 48.5076
195 81.1144 48.4702
967 80.7135 48.4364
977 80.3305 48.4042
334 77.7266 48.1849
485 69.8127 46.199
70 69.8127 46.199
609 69.8127 46.199
190 69.8127 46.199
232 69.8127 46.199
656 69.8127 46.199
592 69.7645 46.1833
850 69.7124 46.1664
941 69.6588 46.1489
644 69.5618 46.1173
553 69.4784 46.0902
102 69.39 46.0614
942 69.3025 46.0329
920 69.2199 46.006
143 69.1163 45.9723
29 69.0247 45.9424
274 68.9297 45.9115
745 68.6326 45.8148
583 68.33 45.7163
606 67.9376 45.5885
357 67.5852 45.4737
117 67.2627 45.3687
842 66.9499 45.2669
670 66.6441 45.1673
314 66.3036 45.0564
466 66.0036 44.9587
926 65.6708 44.8504
323 65.325 44.7378
767 64.9765 44.6243
396 63.4597 44.1304
930 62.3955 43.7839
821 61.6425 43.5387
828 61.0648 43.3506
45 60.6155 43.2043
85 60.1551 43.0544
276 55.4424 41.4475
356 53.3297 40.7271
594 53.3297 40.7271
906 53.3297 40.7271
843 53.3297 40.7271
342 53.3297 40.7271
865 53.3297 40.7271
250 53.3297 40.7271
19 53.3297 40.7271
69 53.3297 40.7271
785 53.3297 40.7271
844 53.3297 40.7271
421 53.3297 40.7271
66 53.3297 40.7271
875 53.3297 40.7271
751 53.3297 40.7271
55 53.3297 40.7271
358 53.1956 40.7427
623 53.0431 40.7605
197 52.8888 40.7785
217 52.7526 40.7944
355 52.6072 40.8113
945 52.453 40.8293
781 52.329 40.8438
43 52.1695 40.8624
675 52.0025 40.8818
978 51.7769 40.9082
681 51.5454 40.9352
519 51.3147 40.9621
935 51.0425 40.9938
209 50.7947 41.0227
472 50.5528 41.0509
377 50.3326 41.0766
492 50.0702 41.1072
848 49.8159 41.1369
716 49.5842 41.1639
262 49.3521 41.191
458 49.1148 41.2187
870 48.854 41.2491
63 48.5933 41.2795
634 48.3378 41.3093
27 48.0068 41.3479
586 44.0541 41.8096
876 42.0619 42.0421
692 40.8967 42.1781
706 39.7677 42.3099
49 38.7901 42.424
257 37.9143 42.5262
913 36.872 42.6478
535 36.199 42.7264
748 35.7279 42.7813
147 35.2773 42.8339
475 34.8261 42.8866
869 34.5754 42.9158
194 34.5754 42.9158
302 34.5754 42.9158
180 34.5754 42.9158
783 34.5754 42.9158
7 34.5754 42.9158
687 34.5754 42.9158
452 34.5754 42.9158
278 34.5754 42.9158
151 34.4639 42.9744
566 34.3141 43.0531
403 34.2534 43.085
191 34.2534 43.085
778 34.2534 43.085
512 34.2534 43.085
480 34.2534 43.085
853 34.2534 43.085
210 34.2534 43.085
522 34.2534 43.085
688 34.2534 43.085
508 34.2534 43.085
664 34.2534 43.085
529 34.2534 43.085
790 34.2534 43.085
811 34.2534 43.085
37 34.2534 43.085
543 34.2534 43.085
679 34.2534 43.085
461 34.2534 43.085
525 34.2534 43.085
388 34.2534 43.085
862 34.2534 43.085
723 34.2534 43.085
619 34.2534 43.085
413 34.2534 43.085
155 34.2534 43.085
237 34.2534 43.085
917 34.2534 43.085
269 34.2534 43.085
397 34.2534 43.085
11 34.2534 43.085
438 34.2534 43.085
414 34.2534 43.085
603 34.2534 43.085
38 34.2534 43.085
989 34.2534 43.085
655 34.2534 43.085
549 34.2534 43.085
633 33.8202 51.4792
233 33.4905 57.8687
897 33.2863 61.8244
705 33.2846 61.8559
30 33.283 61.8879
451 33.2813 61.9216
901 33.2793 61.9598
545 33.2773 61.9978
735 33.2753 62.0371
891 33.2733 62.0758
324 33.2712 62.1169
720 33.2663 62.2106
493 33.2616 62.3018
104 33.2568 62.3948
574 33.2518 62.4921
382 33.247 62.586
599 33.2421 62.6802
788 33.2373 62.7733
59 33.2325 62.8657
370 33.2277 62.959
264 33.2226 63.0583
127 33.2172 63.1627
789 33.1269 64.9153
765 33.1254 64.9443
89 33.1238 64.9745
839 33.1221 65.0085
501 33.1202 65.0448
957 33.1185 65.0774
79 33.1168 65.1112
591 33.1149 65.147
846 33.1132 65.1809
604 33.1114 65.2157
927 33.1098 65.247
965 33.1082 65.2769
359 33.1067 65.3069
903 33.1051 65.3379
390 33.1035 65.3691
878 33.1018 65.4011
349 33.1002 65.4322
587 33.0986 65.4634
291 33.0971 65.4928
596 33.0954 65.5251
252 33.0936 65.5601
327 33.092 65.5914
226 33.0904 65.6212
171 33.089 65.6488
733 33.0875 65.6773
922 33.0861 65.7051
308 33.0843 65.7392
404 33.0826 65.7728
689 33.0809 65.8065
56 33.0793 65.8363
454 33.0776 65.8698
730 33.0761 65.8986
21 33.0748 65.9249
510 33.0734 65.9513
34 33.0718 65.9818
267 33.0701 66.015
809 33.0683 66.0492
137 33.0664 66.0875
888 33.0643 66.1267
756 33.0643 66.1267
533 33.0643 66.1267
571 33.0643 66.1267
507 33.0643 66.1267
365 33.0643 66.1267
971 33.0643 66.1267
640 33.0643 66.1267
912 33.0643 66.1267
929 33.0643 66.1267
54 33.0643 66.1267
724 33.0643 66.1267
645 33.0643 66.1267
266 33.0643 66.1267
910 33.0643 66.1267
526 33.0643 66.1267
537 33.0643 66.1267
80 33.7864 66.1201
662 34.3516 66.1149
729 34.8951 66.11
235 37.303 66.088
134 38.0157 66.0815
350 38.6394 66.0758
576 39.2061 66.0707
484 39.7847 66.0654
225 40.286 66.0608
163 40.7868 66.0562
459 41.307 66.0515
621 41.8388 66.0466
715 42.3094 66.0424
410 42.8163 66.0377
540 43.3109 66.0332
804 43.8416 66.0284
144 44.397 66.0233
94 44.9923 66.0179
175 45.2389 66.0156
779 45.5346 66.0129
597 45.8288 66.0103
976 46.1247 66.0076
791 46.4895 66.0042
964 46.8229 66.0012
923 47.0924 65.9987
582 47.3502 65.9964
432 47.582 65.9943
515 47.7606 65.9926
91 47.8808 65.9916
161 47.9997 65.9905
732 48.1125 65.9894
281 48.2451 65.9882
498 48.3877 65.9869
577 48.5323 65.9856
793 48.6633 65.9844
471 48.7814 65.9833
762 48.9268 65.982
986 49.0481 65.9809
968 49.1792 65.9797
109 49.3079 65.9785
112 49.4337 65.9774
857 49.5486 65.9763
101 49.6597 65.9753
798 49.7775 65.9743
676 49.8914 65.9732
683 50.0115 65.9721
855 50.147 65.9709
523 50.2766 65.9697
186 50.4316 65.9683
907 51.3511 66.3238
847 51.6768 66.4498
393 51.8794 66.5281
208 51.9789 66.5666
216 52.0751 66.6037
84 52.1803 66.6444
468 52.2871 66.6857
921 52.3954 66.7276
286 52.4989 66.7676
9 52.6147 66.8124
800 52.7223 66.854
173 52.8248 66.8937
671 52.9146 66.9284
647 52.9923 66.9584
538 53.0699 66.9884
668 53.1132 67.0051
605 53.1536 67.0208
558 53.191 67.0352
453 53.2341 67.0519
894 53.2769 67.0684
282 53.3219 67.0859
617 53.3682 67.1038
440 53.4154 67.122
782 53.4596 67.1391
632 53.5012 67.1552
35 53.5411 67.1706
625 53.5834 67.187
743 53.6267 67.2037
987 53.675 67.2224
810 53.7167 67.2385
509 53.7627 67.2563
238 53.8018 67.2714
293 53.8394 67.286
188 53.8778 67.3008
769 55.091 67.7699
513 56.3462 68.2553
315 60.3625 69.8082
420 64.6506 71.4663
201 67.8424 73.2111
852 67.8425 73.2112
68 67.8425 73.2112
962 67.8425 73.2112
18 67.8425 73.2112
478 67.8425 73.2112
67 67.9699 73.2819
867 68.1042 73.3565
290 68.2367 73.43
579 68.3706 73.5043
51 68.4942 73.5729
152 68.6205 73.643
837 68.7443 73.7117
595 68.8633 73.7777
110 69.003 73.8553
900 69.1368 73.9295
801 69.2614 73.9987
744 69.4052 74.0785
650 69.543 74.155
975 69.6977 74.2409
340 69.8384 74.3189
904 69.9942 74.4054
395 70.1531 74.4936
832 70.3243 74.5886
332 70.8227 74.8653
417 71.083 75.0098
460 71.3131 75.1375
378 71.6224 75.3092
383 72.0166 75.5279
385 72.3812 75.7303
654 72.7113 75.9135
481 73.0772 76.1166
83 73.4514 76.3243
818 73.8305 76.5348
937 74.1916 76.7352
727 74.5571 76.938
297 75.0157 77.1926
71 78.5455 79.1524
372 85.9989 83.2914
450 85.9989 83.2914
740 85.9149 83.3804
204 85.8382 83.4616
742 85.7522 83.5527
25 85.6839 83.6249
660 85.6111 83.7021
889 85.4165 83.9082
648 85.2346 84.1008
322 85.0585 84.2873
528 84.9021 84.453
311 84.6645 84.7046
685 84.1926 85.2043
473 83.6591 85.7694
725 83.1334 86.3261
864 82.6243 86.8652
820 82.1351 87.3833
893 81.7977 87.7406
983 81.4995 88.0564
928 81.4873 88.0693
42 75.4026 88.2202
544 75.359 88.2213
666 75.3183 88.2223
622 75.276 88.2233
465 75.2372 88.2243
159 75.2007 88.2252
494 75.163 88.2261
135 75.1235 88.2271
285 74.7539 88.2362
775 74.4151 88.2446
273 74.0783 88.2529
353 73.8851 88.2577
52 73.686 88.2626
158 73.5119 88.2669
149 73.3345 88.2713
318 73.1676 88.2755
823 73.0017 88.2796
620 72.8403 88.2836
845 72.6995 88.287
854 72.563 88.2904
813 72.4194 88.294
145 72.269 88.2977
251 72.1243 88.3013
817 71.9754 88.3049
464 71.8382 88.3083
567 71.7101 88.3115
580 71.5947 88.3144
992 67.2577 88.4218
477 63.6693 88.5107
415 60.2637 88.5951
245 57.8256 88.6556
984 55.7481 88.707
82 53.5167 88.7623
406 53.409 88.765
536 53.3044 88.7676
23 53.204 88.77
516 53.0985 88.7727
126 52.998 88.7751
367 52.9011 88.7775
887 52.8025 88.78
575 52.7006 88.7825
118 52.5885 88.7853
755 52.469 88.7882
618 52.4187 88.7895
562 52.3637 88.7908
434 52.3365 88.7915
690 52.3065 88.7922
895 52.273 88.7931
105 52.2416 88.7938
530 52.2103 88.7946
826 52.1803 88.7953
636 52.1517 88.7961
40 52.1242 88.7967
851 52.0949 88.7975
624 52.0644 88.7982
659 52.0312 88.799
320 52.0017 88.7998
961 51.9728 88.8005
408 51.9435 88.8012
947 51.9145 88.8019
319 51.8847 88.8027
584 51.8585 88.8033
532 51.8271 88.8041
156 51.7972 88.8048
280 51.7694 88.8055
344 51.7406 88.8062
802 51.7106 88.807
259 51.6976 88.8073
369 51.6839 88.8076
541 51.6693 88.808
335 51.6558 88.8083
642 51.6412 88.8087
856 51.6284 88.809
165 51.6134 88.8094
896 51.6009 88.8097
816 51.5881 88.81
202 51.5741 88.8103
713 51.559 88.8107
185 51.5466 88.811
511 51.5322 88.8114
931 51.5197 88.8117
177 51.4762 88.8128
754 51.4264 88.814
882 51.3783 88.8152
911 51.3325 88.8163
343 51.2755 88.8177
305 51.2259 88.819
229 51.1826 88.82
317 51.1279 88.8214
193 50.9195 88.8266
940 50.7456 88.8309
746 50.5742 88.8351
861 50.4085 88.8392
880 50.2428 88.8433
12 50.0736 88.8475
774 49.8895 88.8521
375 49.6991 88.8568
952 49.5348 88.8609
980 49.3583 88.8653
539 49.1573 88.8702
248 48.985 88.8745
62 48.8239 88.8785
814 48.6437 88.883
5 48.4699 88.8873
389 48.3031 88.8914
294 48.1482 88.8952
874 48.006 88.8988
140 47.9064 88.9012
179 47.7979 88.9039
737 47.6866 88.9067
559 46.717 88.9307
563 45.9474 88.9498
313 44.9955 88.9734
564 43.4361 89.0121
614 41.7275 89.0544
569 41.2149 89.0671
189 40.7129 89.0796
231 40.2651 89.0907
309 39.8655 89.1006
241 39.449 89.1109
265 39.0346 89.1212
146 38.6236 89.1314
613 38.2242 89.1413
877 37.8527 89.1505
866 37.4876 89.1595
416 37.0678 89.17
206 36.6312 89.1808
807 36.1654 89.1923
181 35.6234 89.2058
124 35.0707 89.2195
270 35.0188 89.2208
766 34.9616 89.2222
763 34.8952 89.2238
548 34.8199 89.2257
292 34.7467 89.2275
808 34.6751 89.2293
239 34.6093 89.2309
795 34.5036 89.2335
738 34.4091 89.2359
649 34.3114 89.2383
752 34.2113 89.2408
872 34.1091 89.2433
437 34.0185 89.2456
394 33.9219 89.248
72 33.8234 89.2504
561 33.7242 89.2529
428 33.6133 89.2556
139 33.5191 89.2579
129 33.4191 89.2604
448 33.3133 89.263
22 33.2055 89.2657
53 33.0997 89.2683
840 32.9882 89.2711
215 32.8731 89.274
707 32.7436 89.2772
449 32.6176 89.2803
172 32.4745 89.2838
230 32.3306 89.2874
2 32.1829 89.2911
256 32.041 89.2946
120 31.8988 89.2981
974 31.7637 89.3015
223 31.4991 89.308
696 31.2301 89.3147
470 30.9956 89.3205
430 30.7331 89.327
638 30.5606 89.3313
490 30.3719 89.336
954 30.1989 89.3403
16 30.0227 89.3446
960 29.8607 89.3487
41 29.6844 89.353
773 29.5208 89.3571
418 29.3473 89.3614
73 29.1893 89.3653
806 29.0332 89.3692
392 28.8702 89.3732
919 28.6909 89.3777
296 28.5008 89.3824
918 28.3167 89.3869
150 28.1256 89.3917
651 27.9198 89.3968
424 27.7294 89.4015
833 27.5472 89.406
368 27.3725 89.4104
578 27.2045 89.4145
441 27.0409 89.4186
44 26.8819 89.4225
550 26.7247 89.4264
761 26.5786 89.43
521 26.427 89.4338
593 26.2782 89.4375
871 26.1391 89.4409
92 26.0158 89.444
333 25.8706 89.4476
611 25.7339 89.451
697 25.5918 89.4545
786 25.4583 89.4578
96 25.3151 89.4614
859 25.1609 89.4652
757 25.0145 89.4688
167 24.8749 89.4723
28 24.7324 89.4758
76 24.5854 89.4795
20 24.443 89.483
60 24.2925 89.4867
271 24.1108 89.4912
456 23.8561 89.4976
141 23.6333 89.5031
768 23.3795 89.5094
253 23.1422 89.5153
672 22.8944 89.5214
409 22.6204 89.5282
631 22.3467 89.535
36 22.0372 89.5427
491 21.7179 89.5506
306 21.4109 89.5582
712 21.0704 89.5666
183 20.7535 89.5745
753 20.439 89.5823
50 20.1333 89.5899
288 19.824 89.5976
714 19.5085 89.6054
15 19.1604 89.614
933 18.8324 89.6221
469 18.5107 89.6301
776 18.179 89.6383
885 17.8678 89.6461
610 17.5241 89.6546
227 17.0884 89.6654
13 16.6624 89.676
973 16.245 89.6863
58 15.8639 89.6958
431 15.4372 89.7063
462 14.9001 89.7197
447 14.3465 89.7334
736 13.8833 89.7449
719 13.485 89.7548
568 13.1456 89.7632
637 12.8051 89.7716
868 12.472 89.7799
247 12.272 89.7848
615 12.0588 89.7901
399 12.012 89.7913
718 11.9599 89.7926
678 11.9088 89.7938
200 11.8617 89.795
39 11.8134 89.7962
386 11.7704 89.7973
95 11.7244 89.7984
916 11.6773 89.7996
953 11.6226 89.8009
304 11.5758 89.8021
570 11.5275 89.8033
695 11.4866 89.8043
401 11.4353 89.8056
236 11.3911 89.8067
827 11.3442 89.8078
982 11.3013 89.8089
442 11.257 89.81
300 11.2068 89.8112
557 11.1722 89.8121
914 11.133 89.8131
1 11.0963 89.814
364 11.0583 89.8149
108 11.0211 89.8159
106 10.9841 89.8168
199 10.9492 89.8176
138 10.9144 89.8185
435 10.8778 89.8194
969 10.8422 89.8203
115 10.8108 89.8211
750 10.7743 89.822
780 10.7399 89.8228
815 10.7021 89.8238
699 10.6651 89.8247
153 10.6263 89.8256
244 10.5914 89.8265
585 10.5474 89.8276
892 10.5106 89.8285
263 10.4717 89.8295
905 10.4354 89.8304
405 10.3984 89.8313
203 10.3627 89.8322
301 10.3263 89.8331
169 10.2891 89.834
988 10.2522 89.8349
444 10.2532 89.8153
325 10.2541 89.7971
31 10.2549 89.7808
213 10.2556 89.767
380 10.2752 89.3707
426 10.2996 88.8768
803 10.3207 88.452
360 10.342 88.0212
446 10.362 87.6164
693 10.3824 87.2035
792 10.4034 86.7792
17 10.4232 86.3794
93 10.4448 85.9422
711 10.4664 85.505
728 10.4984 84.8595
554 10.5241 84.3404
944 10.5461 83.8949
759 10.567 83.4726
547 10.5874 83.06
249 10.6091 82.6205
495 10.6336 82.1264
628 10.6598 81.5965
90 10.6868 81.0503
433 10.7131 80.5181
560 10.7385 80.0052
443 10.7642 79.4861
830 10.7882 79.0016
860 10.8118 78.524
726 10.8347 78.0619
48 10.8566 77.6171
546 10.8799 77.1477
240 10.904 76.6604
316 10.9289 76.1555
658 10.9691 75.3448
88 10.9695 75.3312
346 10.97 75.3166
81 10.9704 75.3019
400 10.9709 75.2877
326 10.9713 75.2734
97 10.9718 75.2583
14 10.9723 75.2438
517 10.9727 75.2294
607 10.9732 75.2154
886 10.9736 75.2019
890 10.9741 75.1869
445 10.9746 75.1709
479 10.975 75.156
970 10.9755 75.1402
178 10.976 75.126
376 10.9765 75.1095
879 10.977 75.095
75 10.9774 75.0816
608 10.9778 75.0676
635 11.009 74.0736
950 11.0112 74.0021
184 11.0133 73.9349
321 11.0155 73.8644
436 11.0178 73.7918
113 11.0204 73.7086
168 11.0228 73.6315
255 11.0254 73.5514
991 11.0276 73.4799
429 11.0301 73.4013
734 11.0325 73.3233
657 11.0347 73.253
665 11.0371 73.1787
99 11.0393 73.1088
825 11.0414 73.039
298 11.0438 72.963
132 11.0464 72.88
77 11.0487 72.8071
275 11.0509 72.7378
966 11.053 72.6715
361 11.0549 72.6105
600 11.0569 72.5457
680 11.059 72.4785
552 11.0611 72.4124
924 11.0631 72.3495
948 11.065 72.2893
114 11.067 72.2259
556 11.0687 72.1714
551 11.0706 72.1097
192 11.0729 72.0381
272 11.0748 71.9767
220 11.0766 71.918
630 11.0786 71.8558
224 11.0803 71.7998
339 11.0823 71.7382
703 11.0845 71.6674
946 11.0863 71.611
500 11.0882 71.5491
694 11.0902 71.4864
338 11.0922 71.4215
796 11.0941 71.3604
667 11.0962 71.2933
119 11.0984 71.2236
131 11.1006 71.1534
3 11.1026 71.0893
739 11.1046 71.0267
524 11.1065 70.9666
162 11.1082 70.9108
381 11.1101 70.8521
398 11.112 70.7916
457 11.1138 70.7342
371 11.1159 70.666
772 11.118 70.5993
747 11.1198 70.5424
686 11.1214 70.4923
374 11.123 70.4396
639 11.1249 70.381
427 11.1268 70.3186
502 11.1287 70.2576
717 11.1306 70.1973
207 11.1325 70.1395
799 11.1345 70.0741
784 11.1365 70.0108
601 11.1383 69.9535
701 11.14 69.8989
219 11.1419 69.8384
130 11.1438 69.7768
764 11.1458 69.7157
589 11.1474 69.662
939 11.1489 69.6138
411 11.1504 69.5664
487 11.1518 69.5217
482 11.1535 69.4689
955 11.155 69.4225
503 11.2 67.9837
277 11.251 66.3569
760 11.3085 64.5225
234 11.3574 62.96
677 11.4047 61.4518
196 11.4448 60.1715
849 11.4846 58.9018
347 11.4947 58.5781
527 11.5077 58.1654
981 11.5192 57.7979
214 11.5314 57.4078
531 11.5431 57.037
909 11.5562 56.6191
925 11.567 56.2739
122 11.5785 55.9077
329 11.5888 55.5787
797 11.6063 55.022
222 11.618 54.6501
708 11.6283 54.3195
534 11.6394 53.9676
166 11.6494 53.6463
352 11.6603 53.3009
341 11.671 52.9587
422 11.6809 52.6431
770 11.6926 52.269
116 11.7018 51.9767
123 11.7099 51.7192
652 11.717 51.491
157 11.724 51.2707
505 11.7305 51.0615
749 11.7374 50.8414
936 11.7439 50.6338
858 11.7506 50.4228
78 11.7576 50.1982
956 11.762 50.0567
972 11.7672 49.8927
698 11.7728 49.7149
47 11.7783 49.5371
771 11.7841 49.3524
463 11.7894 49.1835
391 11.7945 49.0218
279 11.7996 48.8601
542 11.8049 48.6903
336 11.81 48.5265
691 11.8155 48.3532
303 11.8217 48.1533
758 11.8282 47.9463
565 11.8343 47.7538
496 11.8414 47.5257
218 11.8478 47.324
938 11.8551 47.0908
142 11.8633 46.8277
423 11.872 46.5515
841 11.8795 46.3104
949 11.8875 46.0556
990 11.8955 45.8022
174 11.9026 45.5742
212 11.9105 45.3229
908 11.9178 45.0907
731 11.9268 44.8049
154 11.9356 44.5246
228 11.945 44.2255
46 11.954 43.9378
476 11.9626 43.6633
663 11.9712 43.3898
958 11.9796 43.121
128 11.9874 42.8717
863 11.9968 42.572
312 12.0057 42.2908
182 12.0144 42.0132
489 12.0245 41.6886
65 12.0373 41.2832
328 12.0467 40.9825
373 12.0502 40.9588
805 12.0538 40.9342
57 12.0578 40.9073
100 12.0619 40.8796
616 12.0804 40.7543
330 12.0975 40.6386
499 12.1149 40.5211
86 13.1468 33.5373
985 13.1677 33.4461
283 13.1883 33.3564
268 13.21 33.2622
148 13.2295 33.1773
700 13.2535 33.0728
87 13.2779 32.9664
384 13.302 32.8615
121 13.3283 32.7471
612 13.3534 32.6378
205 13.3788 32.5273
486 13.4043 32.416
299 13.3219 32.0813
794 13.2504 31.7915
4 13.1975 31.5766
836 13.1509 31.3877
673 13.1017 31.1879
74 13.0546 30.9969
258 13.0108 30.8192
331 12.9718 30.6608
455 12.9357 30.5147
474 12.903 30.3819
572 12.87 30.2482
133 12.8378 30.1173
899 12.8065 29.9903
602 12.7757 29.8654
10 12.7444 29.7383
661 12.7093 29.5961
943 12.6775 29.4672
32 12.6458 29.3386
514 12.5834 29.0855
125 12.5261 28.8527
829 12.4603 28.5857
898 12.3823 28.2692
366 12.6294 23.1764
682 12.7174 21.364
348 12.7819 20.0361
187 12.837 18.8996
741 12.8725 18.5219
61 12.9089 18.1334
710 12.9416 17.7854
641 12.9897 17.2719
963 13.0528 16.5999
812 13.2357 14.6504
254 13.2929 14.6586
8 13.3378 14.6649
629 13.3781 14.6707
646 13.4214 14.6768
362 13.4701 14.6837
588 13.5203 14.6908
722 13.5669 14.6974
488 14.1812 14.7846
674 14.6887 14.8567
881 15.25 14.9363
412 15.9234 15.0319
211 17.74 15.2897
402 20.2649 15.648
407 26.3422 16.5105
787 27.2366 16.6375
824 27.6184 16.6917
287 27.9999 16.7458
439 28.1862 16.7722
643 28.3886 16.801
702 28.598 16.8307
354 28.8149 16.8615
902 29.0445 16.894
915 29.2985 16.9301
669 29.5654 16.968
307 29.8257 17.0049
221 30.0899 17.0424
261 34.5531 17.6759
834 37.1543 18.0451
467 37.1544 18.0451
626 37.1544 18.0451
822 37.1544 18.0451
64 37.1544 18.0451
709 37.1544 18.0451
363 37.1544 18.0451
284 37.1544 18.0451
26 37.3598 18.0283
337 37.5448 18.0132
246 37.7164 17.9992
379 37.9337 17.9815
160 38.1529 17.9636
310 38.8191 17.9092
351 39.478 17.8554
934 40.5369 17.769
704 41.4658 17.6932
518 42.621 17.5989
289 43.1956 17.552
573 43.7146 17.5096
111 44.3171 17.4605
883 45.1464 17.3928
653 46.6708 17.2684
419 48.2818 17.1369
873 49.7006 17.0211
164 51.0158 16.9137
555 52.553 16.7882
6 57.9486 16.3479
103 62.3933 15.9851
959 62.9896 16.1211
819 63.5531 16.2497
598 64.1164 16.3781
831 64.6311 16.4955
721 65.7363 16.7476
504 66.5556 16.9344
24 67.3444 17.1143
176 68.1242 17.2922
295 69.0019 17.4923
777 69.9338 17.7049
581 71.7766 18.1251
