0,103,24,721,598,176,295,777,581,831,6,819,504,959,55,873,164,573,555,704,289,287,934,518,626,834,653,467,160,379,261,310,419,883,337,824,439,246,111,351,915,822,407,307,669,284,64,26,363,709,787,221,643,354,812,348,366,902,702,682,646,362,588,629,488,674,881,412,211,402,254,8,722,187,61,86,898,963,943,486,985,710,673,836,455,572,258,331,32,641,65,514,87,661,121,205,268,700,612,899,133,474,74,4,794,299,602,829,125,741,423,616,330,958,46,148,499,78,212,10,949,328,100,938,283,384,677,214,476,990,505,123,174,489,312,222,142,218,496,565,749,652,805,936,182,57,154,228,403,157,663,863,841,731,128,691,303,858,909,527,770,116,341,352,373,166,534,708,972,698,47,771,463,542,279,391,797,758,336,956,347,897,451,981,531,122,422,849,764,130,329,925,970,361,234,277,99,601,784,799,207,717,502,427,639,374,686,747,772,371,457,398,381,162,524,739,3,131,119,667,796,338,694,500,946,703,339,224,630,220,272,192,551,556,114,948,924,552,680,600,991,196,503,966,760,860,546,939,411,487,482,589,429,734,657,665,701,825,298,132,77,219,635,955,275,376,433,560,443,950,830,255,168,113,321,184,944,879,75,726,658,88,346,81,400,326,97,14,517,607,886,890,445,479,728,90,554,988,169,405,203,301,637,615,868,568,719,736,447,711,570,300,462,93,792,426,446,360,803,386,200,678,213,759,695,914,153,827,953,368,115,240,48,17,933,249,436,442,973,815,444,401,364,108,106,138,628,547,916,435,316,13,236,380,199,699,969,750,780,399,39,557,178,905,1,718,95,247,693,304,469,431,892,585,244,263,325,982,495,31,776,227,60,761,753,183,76,28,859,96,786,697,611,490,954,15,58,521,593,631,610,141,714,696,92,885,124,833,424,651,491,167,871,50,578,441,253,306,288,150,333,712,41,550,409,430,768,757,36,16,456,608,20,872,470,795,230,808,548,418,672,918,840,73,392,960,44,223,773,638,120,241,181,139,146,292,2,806,319,449,561,72,866,707,239,613,437,752,766,428,874,738,814,296,919,416,215,294,189,231,309,22,172,569,649,271,394,877,265,763,448,53,614,256,129,270,193,82,559,974,807,563,5,389,940,861,880,12,375,980,539,248,567,562,140,179,737,755,305,177,62,564,642,343,259,754,882,931,23,105,536,851,320,961,947,532,156,280,344,802,369,541,335,856,896,816,202,713,624,911,659,245,415,434,690,952,511,774,895,530,826,126,984,165,408,406,584,746,313,185,229,40,636,516,206,460,367,887,575,618,118,317,992,801,71,378,42,465,620,622,666,544,273,477,464,817,251,145,813,854,845,52,823,318,149,158,580,353,159,775,285,820,494,135,983,928,893,864,725,660,372,25,685,311,528,322,648,889,473,450,742,204,740,332,395,18,385,417,383,904,340,975,650,744,832,852,201,478,297,727,937,818,83,481,654,962,68,867,290,579,51,152,837,595,110,900,420,67,238,907,647,671,173,800,9,286,921,468,84,208,393,847,538,769,188,293,987,509,810,676,632,894,216,668,791,515,432,112,109,968,582,94,315,101,144,732,523,855,683,471,743,186,625,35,782,440,617,282,453,558,605,923,513,762,986,857,264,964,577,498,281,793,161,91,235,715,597,779,621,798,459,163,225,484,576,350,134,540,21,574,80,730,454,404,689,56,537,104,756,804,510,888,809,507,571,533,365,789,729,662,976,308,922,733,171,226,327,252,903,965,720,291,493,349,765,839,390,878,359,957,596,587,137,175,927,971,640,912,929,54,724,645,266,910,526,604,901,735,79,545,59,788,599,382,34,891,410,233,846,591,30,705,267,89,501,324,127,370,783,38,688,180,633,908,210,989,194,723,388,525,461,475,748,655,603,535,151,7,452,848,706,522,549,853,155,413,619,237,679,543,37,913,811,687,566,790,302,529,664,508,49,147,278,692,876,414,438,11,397,269,917,869,862,778,480,512,586,191,257,843,19,209,785,751,276,875,66,421,844,250,69,63,472,935,492,377,356,634,865,342,945,519,396,355,217,781,594,906,930,716,623,681,978,27,85,828,143,197,821,262,458,870,675,358,43,45,323,606,70,920,117,274,842,942,926,466,583,29,767,314,592,967,195,850,670,190,232,609,644,553,102,357,745,485,656,941,838,334,497,835,884,932,170,506,684,107,977,951,425,198,387,242,136,33,98,520,590,243,979,260,627,345,483,
value : 393.219 running time : 4830.262079
0 80 20
103 62.5335 15.9943
24 62.4724 16.0008
721 62.4175 16.0067
598 61.8551 16.0665
176 61.2737 16.1284
295 60.6894 16.1905
777 60.0692 16.2565
581 59.4955 16.3175
831 58.9113 16.3797
6 58.3404 16.4404
819 57.8328 16.4944
504 57.297 16.5514
959 56.1996 16.6682
55 53.979 16.9044
873 51.6828 17.081
164 49.6828 17.2349
573 47.6707 17.3897
555 47.2338 17.4233
704 46.0147 17.5171
289 45.4048 17.564
287 44.7591 17.6137
934 44.1898 17.6575
518 43.6364 17.7001
626 40.6532 18.1177
834 39.4578 18.2847
653 39.4578 18.2847
467 39.4578 18.2847
160 39.4578 18.2847
379 39.4578 18.2847
261 39.4578 18.2847
310 39.4578 18.2847
419 39.4578 18.2847
883 37.7775 18.0512
337 36.2616 17.8406
824 34.554 17.6034
439 33.7813 17.4961
246 33.2595 17.4235
111 32.7928 17.3587
351 32.2406 17.282
915 31.7006 17.2069
822 31.3768 17.1619
407 31.0085 17.1108
307 30.5968 17.0536
669 30.2018 16.9987
284 29.8293 16.9469
64 29.4908 16.8999
26 29.1702 16.8554
363 28.7147 16.7921
709 28.2568 16.7284
787 27.7948 16.6642
221 27.0444 16.56
643 25.3033 16.3182
354 23.5607 16.0762
812 13.2432 14.6445
348 13.2388 14.6915
366 13.2343 14.7389
902 13.2295 14.7895
702 13.2253 14.8329
682 13.2218 14.8699
646 13.218 14.9105
362 13.2138 14.9547
588 13.2097 14.9974
629 13.2059 15.0376
488 13.2018 15.0816
674 13.1973 15.1284
881 13.1931 15.1724
412 13.1884 15.2228
211 13.1839 15.2696
402 13.1791 15.3202
254 13.175 15.3638
8 13.1713 15.4029
722 13.1675 15.443
187 12.8358 18.9162
61 12.7674 20.2922
86 12.4055 27.5647
898 12.3744 28.19
963 12.6527 29.2557
943 13.0217 30.6663
486 13.4054 32.1339
985 13.4054 32.1339
710 13.4054 32.1339
673 13.4054 32.1339
836 13.4054 32.1339
455 13.4054 32.1339
572 13.4054 32.1339
258 13.4054 32.1339
331 13.4054 32.1339
32 13.4054 32.1339
641 13.4054 32.1339
65 13.4054 32.1339
514 13.4054 32.1339
87 13.4054 32.1339
661 13.4054 32.1339
121 13.4054 32.1339
205 13.4054 32.1339
268 13.4054 32.1339
700 13.4054 32.1339
612 13.4054 32.1339
899 13.4054 32.1339
133 13.4054 32.1339
474 13.4054 32.1339
74 13.4054 32.1339
4 13.4054 32.1339
794 13.4054 32.1339
299 13.4054 32.1339
602 13.4054 32.1339
829 13.4054 32.1339
125 13.4054 32.1339
741 13.4054 32.1339
423 13.1084 34.0742
616 12.8592 35.7007
330 12.6628 36.9818
958 12.5248 37.8815
46 12.3858 38.7878
148 12.2518 39.6615
499 12.1237 40.4972
78 12.1088 40.5941
212 12.0927 40.6986
10 12.0771 40.8001
949 12.0599 40.9121
328 12.0432 41.0205
100 11.9579 43.6307
938 11.914 44.9678
283 11.905 45.2415
384 11.8931 45.6032
677 11.8782 46.0585
214 11.8684 46.3554
476 11.8642 46.4851
990 11.8593 46.6334
505 11.8534 46.8129
123 11.8484 46.9663
174 11.8426 47.1405
489 11.8373 47.3021
312 11.8323 47.4529
222 11.8267 47.6261
142 11.8209 47.8012
218 11.8152 47.975
496 11.8103 48.1226
565 11.8047 48.2955
749 11.8001 48.4338
652 11.7952 48.5829
805 11.7897 48.7501
936 11.7846 48.9042
182 11.7797 49.0533
57 11.7749 49.1998
154 11.7704 49.3375
228 11.7658 49.4775
403 11.7605 49.6381
157 11.7552 49.7993
663 11.7502 49.9517
863 11.7449 50.1118
841 11.7386 50.3033
731 11.7328 50.4797
128 11.7261 50.6828
691 11.7189 50.9049
303 11.7129 51.086
858 11.7074 51.2549
909 11.7018 51.4235
527 11.6959 51.6036
770 11.6908 51.7589
116 11.6843 51.9547
341 11.6777 52.1564
352 11.6707 52.3698
373 11.6638 52.5794
166 11.6563 52.8051
534 11.65 52.9981
708 11.6426 53.2222
972 11.636 53.4212
698 11.6299 53.6072
47 11.6235 53.8023
771 11.6176 53.9816
463 11.6102 54.2043
542 11.6026 54.436
279 11.5951 54.6632
391 11.5882 54.8748
797 11.5785 55.1694
758 11.565 55.5797
336 11.5495 56.051
956 11.5344 56.5113
347 11.5194 56.9674
897 11.5102 57.2444
451 11.5021 57.4932
981 11.4943 57.7295
531 11.4869 57.9525
122 11.4796 58.1761
422 11.467 58.5588
849 11.4536 58.9646
764 11.4135 60.1813
130 11.3715 61.4568
329 11.3353 62.5552
925 11.3001 63.6234
970 11.2536 65.0346
361 11.2093 66.38
234 11.1782 67.3237
277 11.1345 68.6513
99 11.0948 69.8561
601 11.0941 69.878
784 11.0935 69.8986
799 11.0928 69.9215
207 11.092 69.9468
717 11.0913 69.9715
502 11.0904 69.9979
427 11.0896 70.0255
639 11.0887 70.0544
374 11.0879 70.0797
686 11.0873 70.1007
747 11.0867 70.1202
772 11.0859 70.1438
371 11.0849 70.177
457 11.0839 70.211
398 11.0832 70.2342
381 11.0824 70.2601
162 11.0816 70.284
524 11.081 70.3059
739 11.0802 70.331
3 11.0793 70.3582
131 11.0785 70.3866
119 11.0774 70.4224
667 11.0763 70.4575
796 11.0754 70.4881
338 11.0746 70.5135
694 11.0737 70.5424
500 11.0729 70.5685
946 11.0721 70.5942
703 11.0714 70.6169
339 11.0702 70.6548
224 11.0694 70.6819
630 11.0687 70.7047
220 11.0678 70.7326
272 11.0671 70.7574
192 11.0662 70.7848
551 11.065 70.8253
556 11.0641 70.8526
114 11.0635 70.8741
948 11.0626 70.9028
924 11.0618 70.9282
552 11.061 70.9558
680 11.0601 70.9859
600 11.0591 71.0172
991 11.0582 71.045
196 11.0576 71.0663
503 11.0566 71.0997
966 11.0557 71.1265
760 11.0549 71.1531
860 11.0535 71.2001
546 11.0524 71.234
939 11.0524 71.234
411 11.0511 71.2995
487 11.0495 71.3784
482 11.0482 71.4392
589 11.0469 71.5042
429 11.0438 71.6551
734 11.0411 71.7865
657 11.038 71.9336
665 11.0354 72.0643
701 11.0326 72.1985
825 11.0297 72.34
298 11.0272 72.4605
132 11.025 72.5679
77 11.0224 72.6949
219 11.0195 72.8347
635 11.0164 72.9847
955 11.0134 73.1345
275 11.011 73.2492
376 11.0084 73.3793
433 11.0049 73.5516
560 11.0018 73.7014
443 10.9991 73.8359
950 10.9965 73.9647
830 10.9938 74.0937
255 10.9915 74.2095
168 10.9884 74.3573
113 10.9857 74.4927
321 10.9827 74.638
184 10.9799 74.7778
944 10.9773 74.9041
879 10.9751 75.0123
75 10.9722 75.1522
726 10.9699 75.2651
658 10.9675 75.3852
88 10.9578 75.5682
346 10.9499 75.7172
81 10.9419 75.8673
400 10.9315 76.0623
326 10.9212 76.2562
97 10.9126 76.4175
14 10.9035 76.5895
517 10.8927 76.7919
607 10.8674 77.268
886 10.8364 77.8491
890 10.8129 78.2913
445 10.7902 78.7164
479 10.7379 79.6974
728 10.6768 80.8406
90 10.6057 82.1718
554 10.5282 83.621
988 10.1973 89.7789
169 10.2015 89.7787
405 10.206 89.7785
203 10.2096 89.7784
301 10.2139 89.7782
637 10.2179 89.778
615 10.2215 89.7778
868 10.2256 89.7776
568 10.23 89.7774
719 10.2335 89.7773
736 10.2376 89.7771
447 10.2419 89.7769
711 10.2461 89.7767
570 10.249 89.7765
300 10.2532 89.7764
462 10.2588 89.7761
93 10.2623 89.776
792 10.2653 89.7758
426 10.2691 89.7756
446 10.2741 89.7754
360 10.2788 89.7752
803 10.2824 89.775
386 10.2866 89.7748
200 10.2903 89.7747
678 10.2935 89.7745
213 10.2971 89.7743
759 10.332 89.7729
695 10.3698 89.7713
914 10.3966 89.7702
153 10.4262 89.769
827 10.4564 89.7677
953 10.4904 89.7663
368 10.5328 89.7646
115 10.5635 89.7633
240 10.5911 89.7621
48 10.6249 89.7607
17 10.6573 89.7594
933 10.6887 89.7581
249 10.7185 89.7568
436 10.7436 89.7558
442 10.7721 89.7546
973 10.7997 89.7535
815 10.8261 89.7524
444 10.852 89.7513
401 10.8789 89.7502
364 10.9082 89.7489
108 10.9376 89.7477
106 10.9663 89.7465
138 10.9984 89.7452
628 11.0283 89.744
547 11.058 89.7427
916 11.0929 89.7413
435 11.12 89.7402
316 11.1514 89.7388
13 11.1824 89.7376
236 11.2089 89.7365
380 11.2354 89.7354
199 11.2646 89.7341
699 11.2953 89.7329
969 11.3226 89.7317
750 11.3548 89.7304
780 11.3858 89.7291
399 11.4139 89.7279
39 11.4394 89.7268
557 11.4702 89.7256
178 11.4965 89.7245
905 11.6174 89.7194
1 11.7424 89.7141
718 11.8658 89.7088
95 11.9978 89.7033
247 12.1221 89.698
693 12.2439 89.6929
304 12.3818 89.687
469 12.5295 89.6808
431 12.6509 89.6756
892 12.7304 89.6723
585 12.8174 89.6686
244 13.3746 89.645
263 13.8014 89.6269
325 14.6101 89.5926
982 15.4401 89.5575
495 16.367 89.5182
31 17.2381 89.4813
776 18.9452 89.409
227 20.8173 89.3298
60 23.1307 89.232
761 23.2831 89.2255
753 23.4307 89.2192
183 23.5978 89.2121
76 23.7811 89.2043
28 23.9441 89.1974
859 24.1077 89.1905
96 24.2792 89.1832
786 24.4354 89.1766
697 24.5812 89.1704
611 24.727 89.1642
490 24.8749 89.1579
954 25.0259 89.1515
15 25.1442 89.1464
58 25.3144 89.1392
521 25.4869 89.1319
593 25.667 89.1242
631 25.8665 89.1158
610 26.0547 89.1078
141 26.2449 89.0997
714 26.4033 89.093
696 26.6037 89.0845
92 26.8166 89.0754
885 26.9913 89.068
124 27.1862 89.0597
833 27.2577 89.0567
424 27.3386 89.0532
651 27.4203 89.0497
491 27.5062 89.0461
167 27.6036 89.0419
871 27.6842 89.0384
50 27.7762 89.0345
578 27.8749 89.0303
441 27.9677 89.0263
253 28.0745 89.0218
306 28.166 89.0179
288 28.2586 89.0139
150 28.3644 89.0094
333 28.4528 89.0056
712 28.5405 89.0018
41 28.6533 88.997
550 28.7567 88.9926
409 28.859 88.9882
430 28.9677 88.9836
768 29.0793 88.9788
757 29.2227 88.9727
36 29.3708 88.9664
16 29.5187 88.9601
456 29.6524 88.9544
608 29.8178 88.9473
20 30.0824 88.9361
872 30.3548 88.9245
470 30.5999 88.914
795 30.8315 88.9042
230 31.0668 88.8941
808 31.2726 88.8853
548 31.4923 88.876
418 31.6737 88.8682
672 31.9075 88.8582
918 32.1414 88.8483
840 32.3897 88.8377
73 32.5752 88.8298
392 32.7923 88.8205
960 32.9812 88.8124
44 33.1711 88.8043
223 33.4563 88.7922
773 33.7313 88.7805
638 34.0094 88.7686
120 34.2828 88.757
241 34.6031 88.7434
181 34.8755 88.7318
139 35.1255 88.7211
146 35.3714 88.7106
292 35.6179 88.7001
2 35.8517 88.6902
806 36.1196 88.6788
319 36.4334 88.6655
449 36.6685 88.6555
561 36.9065 88.6453
72 37.1207 88.6362
866 37.3707 88.6256
707 37.5837 88.6165
239 37.8334 88.6059
613 38.0319 88.5974
437 38.2599 88.5877
752 38.4723 88.5787
766 38.7123 88.5685
428 38.9155 88.5598
874 39.2064 88.5475
738 39.2393 88.5461
814 39.2724 88.5447
296 39.3001 88.5435
919 39.349 88.5415
416 39.4025 88.5392
215 39.4519 88.5371
294 39.5005 88.5351
189 39.545 88.5332
231 39.5919 88.5312
309 39.643 88.5291
22 39.691 88.5271
172 39.7396 88.525
569 39.7896 88.5229
649 39.8363 88.521
271 39.8835 88.519
394 39.9345 88.5168
877 39.985 88.5147
265 40.0363 88.5126
763 40.089 88.5103
448 40.1362 88.5083
53 40.1843 88.5063
614 40.2282 88.5045
256 40.2762 88.5024
129 40.3297 88.5002
270 40.3796 88.4981
193 40.7051 88.4842
82 40.987 88.4722
559 41.2256 88.462
974 41.4734 88.4515
807 42.444 88.4101
563 43.5757 88.362
5 44.2576 88.333
389 44.9636 88.3029
940 45.7713 88.2686
861 46.5043 88.2374
880 47.1763 88.2088
12 47.7585 88.1839
375 48.1743 88.1662
980 48.7562 88.1414
539 49.1896 88.1229
248 49.7806 88.0978
567 50.5058 88.067
562 50.5799 88.0638
140 50.674 88.0598
179 50.7644 88.0559
737 50.8545 88.0521
755 50.9282 88.049
305 51.0155 88.0453
177 51.1214 88.0408
62 51.1935 88.0377
564 51.2644 88.0347
642 51.3492 88.0311
343 51.434 88.0275
259 51.5365 88.0231
754 51.6257 88.0193
882 51.7103 88.0157
931 51.8044 88.0117
23 51.8786 88.0086
105 51.9462 88.0057
536 52.0257 88.0023
851 52.1093 87.9988
320 52.1852 87.9955
961 52.2647 87.9922
947 52.4102 87.986
532 52.5497 87.98
156 52.7028 87.9735
280 52.8697 87.9664
344 53.0309 87.9596
802 53.031 87.9596
369 53.0312 87.9595
541 53.0313 87.9595
335 53.0449 87.9585
856 53.0572 87.9575
896 53.0691 87.9566
816 53.0817 87.9556
202 53.0927 87.9547
713 53.1027 87.9539
624 53.115 87.9529
911 53.1274 87.952
659 53.1378 87.9511
245 53.1505 87.9501
415 53.1629 87.9492
434 53.1749 87.9482
690 53.1873 87.9472
952 53.1987 87.9463
511 53.2098 87.9455
774 53.2213 87.9446
895 53.2323 87.9437
530 53.2436 87.9428
826 53.2558 87.9418
126 53.2686 87.9408
984 53.2818 87.9398
165 53.2917 87.939
408 53.3037 87.9381
406 53.3163 87.9371
584 53.3294 87.936
746 53.3408 87.9351
313 53.3541 87.9341
185 53.3676 87.933
229 53.3789 87.9321
40 53.3895 87.9313
636 53.4002 87.9304
516 53.4118 87.9295
206 53.424 87.9286
460 61.0459 87.3311
367 61.3675 87.343
887 61.7124 87.3557
575 62.0695 87.3689
618 62.4083 87.3813
118 62.8551 87.3978
317 63.3419 87.4158
992 63.816 87.4333
801 64.2746 87.4502
71 64.7949 87.4694
378 65.1844 87.4837
42 65.6023 87.4991
465 66.0546 87.5158
620 66.4561 87.5306
622 66.8757 87.5461
666 67.3073 87.562
544 67.6716 87.5755
273 68.0309 87.5887
477 68.4204 87.6031
464 68.8379 87.6185
817 69.2839 87.6349
251 69.7694 87.6528
145 70.2223 87.6695
813 70.7019 87.6872
854 71.1454 87.7036
845 71.549 87.7185
52 71.9744 87.7341
823 72.4619 87.7521
318 72.9766 87.7711
149 73.504 87.7906
158 74.2065 87.8165
580 74.9455 87.8438
353 75.4464 87.8559
159 75.9901 87.8691
775 76.5005 87.8815
285 77.0771 87.8955
820 77.8193 87.9134
494 78.465 87.929
135 79.1552 87.9457
983 80.956 87.989
928 81.68 87.9854
893 82.3133 87.3351
864 83.2568 86.3663
725 84.4011 85.1914
660 85.813 83.7417
372 86.0106 83.5388
25 85.8865 83.4378
685 85.7525 83.3289
311 85.6055 83.2092
528 85.4647 83.0947
322 85.36 83.0096
648 85.2371 82.9095
889 85.1322 82.8242
473 85.0159 82.7296
450 84.8921 82.6289
742 82.6376 81.3859
204 80.8367 80.3929
740 78.6129 79.1668
332 75.7449 77.5855
395 72.347 75.712
18 71.9985 75.5199
385 71.7195 75.3661
417 71.3916 75.1853
383 71.0293 74.9855
904 70.5887 74.7426
340 70.2036 74.5303
975 69.8955 74.3604
650 69.5396 74.1642
744 69.2502 74.0047
832 68.9296 73.8279
852 68.6887 73.6951
201 68.4136 73.5434
478 67.5767 73.0819
297 67.4551 73.0148
727 67.3166 72.9384
937 67.1907 72.869
818 67.0534 72.7933
83 66.8942 72.7054
481 66.7301 72.6149
654 66.5582 72.5201
962 66.3949 72.43
68 66.2232 72.3353
867 66.0785 72.2555
290 65.933 72.1752
579 65.7889 72.0957
51 65.6265 72.0062
152 65.4673 71.9184
837 65.3046 71.8286
595 65.1257 71.7299
110 64.9749 71.6467
900 64.8147 71.5583
420 64.6331 71.4582
67 63.7402 71.1131
238 62.8367 70.764
907 62.0135 70.4459
647 61.3151 70.176
671 60.6693 69.9264
173 59.9875 69.6629
800 59.234 69.3717
9 58.4938 69.0857
286 57.7214 68.7872
921 57.2913 68.621
468 56.8783 68.4613
84 56.488 68.3105
208 56.1331 68.1733
393 55.7782 68.0361
847 55.3618 67.8752
538 54.8833 67.6903
769 54.3365 67.4789
188 53.7825 67.2648
293 53.676 67.2236
987 53.574 67.1841
509 53.456 67.1385
810 53.3015 67.0787
676 53.1558 67.0224
632 53.0371 66.9764
894 52.9019 66.9241
216 52.7813 66.8774
668 52.6709 66.8347
791 52.5392 66.7837
515 52.4223 66.7385
432 52.3013 66.6917
112 52.1697 66.6408
109 52.0314 66.5873
968 51.8929 66.5337
582 51.7659 66.4845
94 51.6283 66.4313
315 51.4852 66.3759
101 51.3035 66.3056
144 51.1598 66.25
732 51.0264 66.1984
523 50.9175 66.1562
855 50.8133 66.1159
683 50.6944 66.0699
471 50.5866 66.0282
743 50.5119 65.9992
186 50.4321 65.9684
625 50.2708 65.9699
35 50.0948 65.9715
782 49.9053 65.9732
440 49.7218 65.9749
617 49.5036 65.9769
282 49.2927 65.9788
453 49.0749 65.9808
558 48.8608 65.9828
605 48.6813 65.9844
923 48.4541 65.9865
513 48.2415 65.9884
762 48.0535 65.9901
986 47.8129 65.9924
857 47.589 65.9944
264 47.362 65.9965
964 47.1734 65.9982
577 46.9464 66.0003
498 46.6823 66.0027
281 46.4255 66.005
793 46.2031 66.007
161 45.7862 66.0108
91 45.33 66.015
235 44.7901 66.0199
715 44.2278 66.025
597 43.7656 66.0292
779 43.2739 66.0337
621 42.7778 66.0382
798 42.2829 66.0427
459 41.6786 66.0482
163 41.1153 66.0534
225 40.5851 66.0582
484 40.059 66.063
576 39.4504 66.0685
350 38.8925 66.0736
134 38.2806 66.0791
540 37.5876 66.0855
21 36.7847 66.0928
574 36.0586 66.0994
80 35.5375 66.1041
730 34.8925 66.11
454 34.3766 66.1147
404 34.0838 66.1174
689 33.7475 66.1204
56 33.4376 66.1233
537 33.0643 66.1267
104 33.0643 66.1267
756 33.0643 66.1267
804 33.0643 66.1267
510 33.0643 66.1267
888 33.0643 66.1267
809 33.0663 66.0963
507 33.0679 66.0715
571 33.0694 66.0475
533 33.0713 66.0192
365 33.0727 65.9962
789 33.0741 65.9749
729 33.0759 65.9474
662 33.0774 65.9244
976 33.0791 65.8972
308 33.0813 65.8635
922 33.0835 65.8299
733 33.0851 65.8047
171 33.0867 65.7791
226 33.0883 65.7546
327 33.0901 65.7271
252 33.0919 65.6984
903 33.094 65.6657
965 33.096 65.6351
720 33.0981 65.603
291 33.1001 65.571
493 33.1021 65.5399
349 33.1039 65.5117
765 33.1059 65.4807
839 33.1078 65.4518
390 33.1094 65.4264
878 33.1111 65.3999
359 33.113 65.3705
957 33.115 65.3404
596 33.1168 65.3123
587 33.1185 65.2853
137 33.1205 65.2552
175 33.1223 65.2271
927 33.1239 65.2015
971 33.1258 65.1714
640 33.128 65.1375
912 33.1301 65.1062
929 33.1319 65.0769
54 33.1336 65.0509
724 33.1351 65.0273
645 33.1369 65.0004
266 33.1384 64.9763
910 33.1471 64.8408
526 33.1551 64.716
604 33.1723 64.4476
901 33.204 63.9532
735 33.2324 63.5094
79 33.2573 63.1192
545 33.2821 62.7324
59 33.3021 62.4205
788 33.3199 62.1416
599 33.3387 61.8479
382 33.3586 61.5359
34 33.379 61.2175
891 33.3991 60.9042
410 33.4157 60.6443
233 33.4341 60.3563
846 33.4483 60.1339
591 33.4694 59.804
30 33.5025 59.2857
705 33.533 58.8081
267 33.5617 58.36
89 33.5907 57.9053
501 33.616 57.51
324 33.6917 56.3253
127 33.7562 55.3159
370 33.8199 54.319
783 33.8914 53.2002
38 33.9414 52.4181
688 33.9789 51.8305
180 34.0201 51.1861
633 34.0595 50.5689
908 34.1041 49.8714
210 34.1442 49.2435
989 34.1926 48.4867
194 34.2346 47.8289
723 34.2756 47.1874
388 34.3087 46.6694
525 34.338 46.2102
461 34.3673 45.7503
475 34.4051 45.1594
748 34.4431 44.5651
655 34.4796 43.9932
603 34.4871 43.8752
535 34.496 43.7329
151 34.505 43.5919
7 34.5132 43.4617
452 34.521 43.3385
848 34.5292 43.2094
706 34.5377 43.0753
522 34.5461 42.9423
549 34.5558 42.7877
853 34.5625 42.7872
155 34.5683 42.7867
413 34.5736 42.7863
619 34.5794 42.7859
237 34.5853 42.7854
679 34.5909 42.785
543 34.5965 42.7845
37 34.6025 42.7841
913 34.609 42.7836
811 34.6158 42.783
687 34.6226 42.7825
566 34.6297 42.7819
790 34.636 42.7814
302 34.6416 42.781
529 34.6477 42.7805
664 34.6536 42.7801
508 34.6597 42.7796
49 34.6662 42.7791
147 34.6725 42.7786
278 34.6789 42.7781
692 34.6851 42.7776
876 34.6906 42.7772
414 34.6961 42.7767
438 34.7017 42.7763
11 34.7077 42.7758
397 34.7139 42.7753
269 34.7207 42.7748
917 34.7283 42.7742
869 34.7345 42.7737
862 36.0784 42.6638
778 37.1671 42.5747
480 38.4958 42.4659
512 39.8127 42.3582
586 40.8793 42.2708
191 41.9635 42.182
257 43.56 42.0514
843 45.3152 41.908
19 46.8515 41.7823
209 48.191 41.6727
785 48.3985 41.7143
751 48.5974 41.7543
276 48.7685 41.7887
875 48.9518 41.8255
66 49.1119 41.8577
421 49.264 41.8883
844 49.4461 41.9249
250 49.6181 41.9594
69 49.8409 42.0042
63 50.0658 42.0494
472 50.2716 42.0907
935 50.4798 42.1325
492 50.7271 42.1822
377 50.9604 42.2291
356 51.1497 42.2671
634 51.405 42.3184
865 51.6066 42.3589
342 52.1953 42.4771
945 52.9249 42.6236
519 53.7871 42.7966
396 54.5622 42.9522
355 54.8888 43.0178
217 55.2546 43.0913
781 55.5999 43.1606
594 55.8459 43.21
906 56.0769 43.2563
930 56.3352 43.3082
716 56.5841 43.3582
623 56.8719 43.4159
681 57.1295 43.4676
978 57.425 43.5269
27 57.7017 43.5825
85 58.0108 43.6445
828 58.3059 43.7038
143 58.6292 43.7686
197 58.8605 43.8151
821 60.2835 44.1005
262 60.6696 44.1909
458 61.1182 44.296
870 61.6623 44.4235
675 62.4692 44.6125
358 63.1804 44.7791
43 63.9325 44.9554
45 64.7984 45.1582
323 65.7185 45.3738
606 66.499 45.5567
70 67.349 45.7558
920 68.3311 45.9859
117 68.5847 46.0454
274 68.8975 46.1186
842 68.9395 46.1285
942 68.9873 46.1397
926 69.0373 46.1514
466 69.0905 46.1638
583 69.14 46.1754
29 69.1879 46.1866
767 69.2314 46.1968
314 69.2786 46.2078
592 69.3374 46.2216
967 69.3886 46.2336
195 69.4349 46.2445
850 69.4768 46.2543
670 69.5197 46.2643
190 69.5621 46.2742
232 69.6091 46.2852
609 69.6565 46.2963
644 69.6978 46.306
553 69.7467 46.3174
102 69.7919 46.328
357 69.8373 46.3386
745 69.8883 46.3506
485 69.9299 46.3603
656 72.2001 46.8935
941 74.0965 47.3388
838 76.1547 47.8221
334 77.6385 48.1705
497 87.4885 49.0042
835 87.4867 48.9586
884 87.4854 48.9266
932 87.4841 48.8926
170 87.4829 48.8608
506 87.4816 48.8283
684 87.4803 48.7935
107 87.4753 48.6664
977 87.4706 48.5449
951 87.4505 48.0268
425 87.4317 47.5431
198 87.4132 47.0675
387 87.3921 46.5257
242 87.3596 45.6885
136 87.2721 43.4351
33 87.0389 37.4293
98 86.901 33.8807
520 86.8122 31.5976
590 86.6843 28.3065
243 86.3411 19.4636
979 86.2974 18.3382
260 86.2684 17.5916
627 86.2684 17.5916
345 86.2684 17.5916
483 86.2684 17.5916
