0,24,959,581,176,598,504,295,777,819,721,831,103,6,419,873,164,289,518,307,111,822,351,379,834,669,467,653,883,310,160,934,824,407,573,287,261,787,284,363,221,643,915,902,64,439,26,337,709,702,704,354,246,626,488,629,646,362,741,588,348,812,412,211,402,254,8,674,682,187,722,366,963,61,881,474,455,331,258,572,125,641,514,898,65,710,268,829,612,602,616,836,205,121,32,299,86,4,661,486,673,943,133,794,899,985,87,74,328,749,936,182,312,505,341,663,57,958,212,423,698,100,228,384,157,700,283,863,10,476,46,123,47,770,797,731,330,352,78,499,949,148,391,128,142,841,279,496,542,166,805,336,534,990,691,303,218,174,463,489,677,758,708,527,972,849,938,116,909,771,214,122,222,652,858,925,422,601,373,154,531,219,329,234,427,799,734,347,99,565,526,433,114,948,635,966,482,950,371,130,445,479,701,556,524,764,429,255,77,196,760,630,220,272,192,457,381,162,551,398,772,939,589,81,400,717,326,97,14,639,784,277,411,694,338,796,667,119,131,3,739,517,607,747,970,657,665,500,703,502,376,207,132,443,680,600,860,726,487,503,991,431,728,879,560,686,825,339,88,298,224,374,325,321,905,346,361,113,75,426,240,554,658,90,615,184,946,780,830,886,168,213,48,178,890,944,31,988,973,13,442,244,17,711,719,568,969,628,693,249,435,699,199,301,982,953,637,304,436,776,106,169,405,203,827,138,108,200,399,115,718,380,236,153,263,95,916,955,300,585,447,892,803,401,570,547,364,1,914,39,750,678,316,759,792,247,868,386,444,446,495,469,815,546,462,695,578,736,712,757,672,58,593,871,490,933,360,93,761,631,15,227,919,73,50,557,333,288,521,697,183,253,918,456,418,96,271,806,76,28,167,768,150,441,424,368,833,36,651,611,16,141,409,491,753,859,608,60,773,20,223,44,306,638,696,92,120,296,41,885,230,954,610,430,550,714,649,428,786,172,309,22,448,139,181,292,548,569,763,265,795,470,437,394,124,146,872,960,738,392,231,808,840,2,270,72,215,256,561,614,449,189,752,129,807,707,814,294,241,53,206,239,389,416,866,877,613,974,766,874,5,559,564,375,802,320,618,931,992,940,861,575,259,118,229,532,961,541,367,851,40,636,826,530,105,895,774,62,511,952,690,434,415,624,245,754,185,305,343,659,23,882,563,406,755,911,642,856,280,584,202,156,980,344,317,880,313,248,179,165,82,126,335,896,887,140,12,737,816,984,516,713,746,408,369,193,947,539,319,562,536,158,666,52,567,477,580,285,937,775,417,813,145,251,273,823,318,845,854,544,42,622,149,817,464,177,465,620,820,893,353,494,135,725,928,983,740,450,372,528,685,660,25,742,311,473,204,332,648,889,159,322,864,383,481,818,68,509,579,71,650,83,671,668,297,801,18,395,962,340,173,290,460,867,595,744,393,837,152,51,975,67,654,852,900,727,110,904,385,378,201,478,420,410,625,782,286,538,468,632,810,282,35,161,453,798,855,558,921,91,605,515,743,235,968,238,577,315,857,964,769,513,186,134,793,112,84,923,621,597,791,225,109,188,484,987,293,800,440,647,832,432,762,9,847,208,582,101,907,94,498,683,144,617,986,85,216,54,30,471,779,894,281,459,370,540,912,350,365,576,715,163,264,732,127,804,922,676,976,733,552,275,537,891,507,720,510,756,897,724,291,789,662,924,80,596,587,730,901,640,910,493,104,59,574,382,454,591,846,957,788,501,599,267,21,878,308,971,809,689,604,137,645,56,903,175,765,404,571,533,79,839,327,965,927,888,266,226,252,390,171,523,451,705,34,359,89,729,461,349,735,981,545,956,233,929,913,778,302,324,989,633,397,438,11,37,155,414,876,748,535,194,180,522,356,480,147,7,403,529,908,679,706,475,543,151,525,619,413,603,687,38,783,655,388,191,278,723,869,549,664,512,917,862,508,452,269,49,237,688,586,342,692,853,566,848,210,790,811,906,19,870,875,66,276,472,262,930,63,69,257,519,623,421,555,55,355,458,250,209,751,978,492,935,43,681,785,716,844,865,945,377,27,828,197,594,634,821,314,781,843,396,842,190,323,644,357,45,675,217,767,553,70,926,466,358,485,117,143,941,942,850,583,102,606,609,670,29,232,656,932,334,920,835,684,387,592,170,497,198,242,425,136,838,977,967,195,506,274,951,107,884,745,98,33,590,520,345,627,979,483,260,243,
value : 394.84 running time : 2575.906285
0 80 20
24 73.0867 18.4235
959 70.6601 17.87
581 69.5891 17.6257
176 68.7603 17.4367
598 68.0441 17.2733
504 67.299 17.1034
295 66.5174 16.9251
777 65.7261 16.7446
819 65.067 16.5942
721 64.4327 16.4496
831 63.285 16.1878
103 62.3979 15.9855
6 58.0899 16.3403
419 53.6602 16.7051
873 51.0259 16.9221
164 48.6784 17.1155
289 45.8646 17.3473
518 43.2001 17.5667
307 38.0932 17.9872
111 37.9331 18.0004
822 37.7765 18.0133
351 37.6281 18.0255
379 37.4923 18.0367
834 37.3537 18.0481
669 37.0342 18.0066
467 36.8654 17.9846
653 36.6619 17.9581
883 36.434 17.9285
310 36.2191 17.9005
160 36.0124 17.8736
934 35.4163 17.7961
824 34.5051 17.6776
407 34.0306 17.6159
573 33.5545 17.554
287 33.063 17.4901
261 32.5632 17.425
787 31.8249 17.329
284 31.0967 17.2343
363 30.4979 17.1565
221 29.843 17.0713
643 29.56 17.0345
915 29.3056 17.0014
902 29.0642 16.97
64 28.8597 16.9434
439 28.6455 16.9156
26 28.4636 16.8919
337 28.0954 16.8441
709 27.4104 16.755
702 26.6943 16.6619
704 26.0915 16.5835
354 25.1 16.4546
246 24.0073 16.3125
626 22.766 16.151
488 18.6863 15.6206
629 15.6794 15.2296
646 14.4582 15.0708
362 14.1289 15.028
741 13.844 14.991
588 13.551 14.9529
348 13.2574 14.9147
812 12.9435 14.8739
412 12.9122 15.0599
211 12.8847 15.2238
402 12.8543 15.4051
254 12.8291 15.5553
8 12.8061 15.6925
674 12.7786 15.856
682 12.7507 16.022
187 12.7225 16.19
722 12.7225 16.19
366 12.7057 16.7802
963 12.6878 17.409
61 12.6753 17.8466
881 12.662 18.3114
474 12.6117 20.0771
455 12.5669 21.6477
331 12.5279 23.0146
258 12.4887 24.3895
572 12.4507 25.7232
125 12.4141 27.0052
641 12.4032 27.3895
514 12.3906 27.8314
898 12.379 28.2359
65 12.5243 28.8647
710 12.6342 29.3403
268 12.7574 29.8737
829 12.8918 30.4556
612 13.01 30.967
602 13.0411 31.1018
616 13.0756 31.2509
836 13.1035 31.3716
205 13.136 31.5124
121 13.1642 31.6343
32 13.1911 31.7509
299 13.2121 31.8419
86 13.2382 31.955
4 13.2857 32.1605
661 13.3425 32.4063
486 13.4099 32.6982
673 13.3995 32.7611
943 13.3874 32.8343
133 13.3759 32.9039
794 13.3642 32.9749
899 13.34 33.1213
985 13.3021 33.3509
87 13.2664 33.5668
74 13.2329 33.7697
328 12.0531 40.9085
749 12.0525 41.06
936 12.052 41.2276
182 12.0514 41.3974
312 12.051 41.5654
505 12.0504 41.7294
341 12.05 41.8976
663 12.0495 42.0696
57 12.0491 42.2321
958 12.0487 42.3987
212 12.0482 42.5643
423 12.0477 42.7306
698 12.0472 42.8843
100 12.0468 43.0387
228 12.0464 43.1944
384 12.046 43.3479
157 12.0456 43.4993
700 12.0456 43.4994
283 12.0456 43.4995
863 12.0456 43.4997
10 12.0456 43.4998
476 12.0456 43.4999
46 12.0456 43.5
123 12.0456 43.5001
47 12.0456 43.5003
770 12.0456 43.5004
797 12.0456 43.5005
731 12.0456 43.5006
330 12.0456 43.5007
352 12.0456 43.5008
78 12.0456 43.5009
499 12.0456 43.501
949 12.0465 43.9589
148 12.0475 44.4205
391 12.0485 44.9292
128 12.0493 45.3107
142 12.0501 45.6971
841 12.0508 46.0529
279 12.0515 46.4209
496 12.0522 46.7389
542 12.0529 47.0887
166 12.0536 47.4361
805 12.054 47.6493
336 12.0544 47.8583
534 12.0548 48.0419
990 12.0551 48.2338
691 12.0557 48.4947
303 12.0561 48.6954
218 12.0564 48.8882
174 12.0568 49.0598
463 12.0571 49.2405
489 12.0575 49.4379
677 12.0579 49.6453
758 12.0583 49.821
708 12.0587 50.0129
527 12.059 50.1942
972 12.0594 50.3684
849 12.0597 50.5341
938 12.0598 50.5906
116 12.0599 50.6471
909 12.062 51.5362
771 12.0642 52.4427
214 12.067 53.5196
122 12.0696 54.5759
222 12.0709 55.1516
652 12.0723 55.7576
858 12.0741 56.4281
925 12.0759 57.1019
422 12.0778 57.8262
601 12.0798 58.5452
373 12.0798 58.5452
154 12.0798 58.5452
531 12.0171 59.7065
219 11.9561 60.8378
329 11.8984 61.9052
234 11.8393 63.0009
427 11.7815 64.0716
799 11.7305 65.0164
734 11.683 65.8947
347 11.6365 66.7567
99 11.5396 68.5537
565 11.5365 68.6111
526 11.4362 70.4707
433 11.4359 70.4738
114 11.4355 70.4773
948 11.4351 70.4816
635 11.4347 70.4856
966 11.4344 70.4885
482 11.4341 70.4916
950 11.4337 70.495
371 11.4334 70.4978
130 11.4331 70.501
445 11.4328 70.5045
479 11.4324 70.508
701 11.4321 70.5111
556 11.4318 70.514
524 11.4316 70.5165
764 11.4313 70.5192
429 11.431 70.5226
255 11.4307 70.5253
77 11.4304 70.5281
196 11.4301 70.5309
760 11.4298 70.534
630 11.4295 70.5376
220 11.4291 70.5412
272 11.4288 70.5442
192 11.4285 70.5472
457 11.4281 70.5509
381 11.4279 70.5538
162 11.4275 70.5568
551 11.4272 70.5599
398 11.427 70.5624
772 11.4267 70.5648
939 11.4265 70.5675
589 11.4199 70.6335
81 11.4118 70.7142
400 11.4032 70.8005
717 11.3956 70.8768
326 11.3878 70.955
97 11.3809 71.023
14 11.3738 71.0944
639 11.3664 71.1679
784 11.3603 71.2286
277 11.353 71.3018
411 11.3461 71.3707
694 11.3381 71.4513
338 11.3309 71.5234
796 11.3233 71.5992
667 11.3167 71.6649
119 11.3106 71.7261
131 11.3044 71.7871
3 11.2975 71.8566
739 11.2902 71.9291
517 11.2823 72.0085
607 11.2748 72.0834
747 11.2683 72.1479
970 11.2608 72.223
657 11.2526 72.3052
665 11.2456 72.3749
500 11.2389 72.4415
703 11.2327 72.5033
502 11.2256 72.5741
376 11.2188 72.6424
207 11.211 72.7198
132 11.2053 72.7774
443 11.1982 72.8481
680 11.1917 72.913
600 11.1847 72.9823
860 11.1773 73.0567
726 11.1707 73.1227
487 11.1638 73.191
503 11.1574 73.2551
991 11.1503 73.3255
431 11.1437 73.3911
728 11.1379 73.4497
879 11.1325 73.5034
560 11.1259 73.5689
686 11.12 73.6279
825 11.1138 73.6902
339 11.1075 73.7525
88 11.1011 73.8167
298 11.0954 73.873
224 11.0894 73.933
374 11.0833 73.994
325 11.0769 74.0576
321 11.0712 74.1146
905 11.0653 74.1733
346 11.0604 74.2224
361 11.0552 74.2739
113 11.0492 74.3332
75 11.0424 74.402
426 11.0364 74.4618
240 11.0311 74.5145
554 11.0261 74.564
658 11.0218 74.6067
90 10.866 76.0201
615 10.7624 76.9616
184 10.6626 77.8673
946 10.5678 78.7286
780 10.411 80.1513
830 10.2554 81.5635
886 10.0812 83.1446
168 9.89715 84.8138
213 9.45693 88.7976
48 9.45693 88.7976
178 9.45693 88.7976
890 9.45693 88.7976
944 9.46919 88.8898
31 9.48339 88.9966
988 9.5009 89.1283
973 9.56959 89.1272
13 9.63156 89.1263
442 9.68537 89.1255
244 9.73838 89.1247
17 9.78366 89.124
711 9.82292 89.1234
719 9.86594 89.1227
568 9.91479 89.122
969 9.96174 89.1213
628 10.0163 89.1205
693 10.0729 89.1196
249 10.1358 89.1186
435 10.1788 89.118
699 10.2283 89.1172
199 10.2736 89.1166
301 10.3216 89.1158
982 10.3725 89.1151
953 10.4188 89.1144
637 10.4736 89.1135
304 10.5297 89.1127
436 10.5825 89.1119
776 10.6363 89.1111
106 10.6768 89.1105
169 10.7233 89.1098
405 10.7736 89.109
203 10.8264 89.1082
827 10.8791 89.1074
138 10.9367 89.1065
108 10.9891 89.1057
200 11.0454 89.1049
399 11.1041 89.104
115 11.1584 89.1032
718 11.2012 89.1025
380 11.2482 89.1018
236 11.2995 89.101
153 11.345 89.1003
263 11.394 89.0996
95 11.4525 89.0987
916 11.5063 89.0979
955 11.5484 89.0973
300 11.5877 89.0967
585 11.647 89.0958
447 11.7159 89.0947
892 11.7827 89.0937
803 11.8441 89.0928
401 11.905 89.0919
570 11.9697 89.0909
547 12.036 89.0899
364 12.1083 89.0888
1 12.1792 89.0877
914 12.2435 89.0867
39 12.3097 89.0858
750 12.3852 89.0846
678 12.4479 89.0837
316 12.5188 89.0826
759 12.5814 89.0816
792 12.6791 89.0802
247 12.7875 89.0785
868 12.8824 89.0771
386 13.1718 89.0727
444 13.4276 89.0689
446 13.724 89.0644
495 14.034 89.0597
469 14.3216 89.0554
815 14.5624 89.0518
546 14.8247 89.0478
462 15.3407 89.04
695 15.8493 89.0324
578 16.3255 89.0252
736 16.6095 89.0209
712 17.6853 89.0047
757 18.7803 88.9882
672 19.5895 88.976
58 19.8323 88.9723
593 20.0792 88.9686
871 20.3377 88.9647
490 20.6087 88.9606
933 20.8474 88.9571
360 21.1033 88.9532
93 21.3653 88.9493
761 21.664 88.9448
631 21.9373 88.9406
15 22.1504 88.9374
227 22.4008 88.9337
919 22.6963 88.9292
73 22.7825 88.9279
50 22.8575 88.9268
557 22.9367 88.9256
333 23.0434 88.924
288 23.1345 88.9226
521 23.2298 88.9212
697 23.3293 88.9196
183 23.4226 88.9182
253 23.5341 88.9165
918 23.6322 88.9151
456 23.7157 88.9138
418 23.8171 88.9123
96 23.9235 88.9107
271 24.024 88.9091
806 24.1069 88.9079
76 24.1737 88.9069
28 24.2428 88.9058
167 24.3165 88.9047
768 24.3818 88.9037
150 24.4582 88.9026
441 24.5228 88.9016
424 24.5948 88.9005
368 24.668 88.8994
833 24.745 88.8983
36 24.8269 88.897
651 24.906 88.8958
611 24.9929 88.8945
16 25.0735 88.8933
141 25.1513 88.8921
409 25.2144 88.8912
491 25.2811 88.8901
753 25.3539 88.889
859 25.4372 88.8878
608 25.5184 88.8865
60 25.612 88.8851
773 25.6926 88.8839
20 25.764 88.8828
223 25.8402 88.8817
44 25.9023 88.8807
306 25.9764 88.8796
638 26.0587 88.8784
696 26.1288 88.8773
92 26.2101 88.8761
120 26.2816 88.875
296 26.3516 88.8739
41 26.4186 88.8729
885 26.489 88.8719
230 26.5731 88.8706
954 26.639 88.8696
610 26.6988 88.8687
430 26.7655 88.8677
550 26.8392 88.8666
714 26.9129 88.8655
649 29.8604 88.8213
428 30.3067 88.8147
786 30.7958 88.8074
172 31.3366 88.7994
309 31.8282 88.7921
22 32.2318 88.7861
448 32.627 88.7802
139 32.9959 88.7747
181 33.2516 88.7709
292 33.4548 88.7679
548 33.6728 88.7646
569 33.8981 88.7613
763 34.1105 88.7581
265 34.2778 88.7556
795 34.4217 88.7535
470 34.5873 88.751
437 34.7565 88.7485
394 34.9139 88.7462
124 35.0612 88.744
146 35.2338 88.7414
872 35.3945 88.7391
960 35.5647 88.7365
738 35.7803 88.7333
392 35.9744 88.7305
231 36.1661 88.7276
808 36.3635 88.7247
840 36.5703 88.7216
2 36.7638 88.7187
270 36.9788 88.7155
72 37.1942 88.7123
215 37.4193 88.709
256 37.621 88.706
561 37.8497 88.7026
614 38.0555 88.6995
449 38.2531 88.6966
189 38.4492 88.6937
752 38.6435 88.6908
129 38.8745 88.6874
807 39.0966 88.6841
707 39.3003 88.681
814 39.544 88.6774
294 39.7523 88.6743
241 39.9374 88.6716
53 40.1279 88.6687
206 40.3377 88.6656
239 40.5439 88.6626
389 40.7331 88.6597
416 40.9201 88.657
866 41.1072 88.6542
877 41.281 88.6516
613 41.4635 88.6489
974 41.671 88.6458
766 42.5264 88.6331
874 43.4577 88.6193
5 44.4333 88.6049
559 45.3456 88.5914
564 46.3278 88.5768
375 47.406 88.5608
802 48.6205 88.5428
320 49.665 88.5274
618 50.7479 88.5113
931 51.7895 88.4959
992 52.1196 88.491
940 52.1276 88.4909
861 52.1374 88.4907
575 52.1485 88.4906
259 52.1582 88.4904
118 52.1678 88.4903
229 52.1769 88.4902
532 52.1852 88.4901
961 52.1942 88.4899
541 52.2035 88.4898
367 52.2132 88.4897
851 52.2221 88.4895
40 52.2307 88.4894
636 52.2386 88.4893
826 52.2472 88.4892
530 52.2566 88.4891
105 52.2668 88.4889
895 52.2769 88.4888
774 52.2879 88.4886
62 52.2984 88.4885
511 52.3087 88.4883
952 52.3191 88.4882
690 52.3293 88.488
434 52.3388 88.4879
415 52.3477 88.4878
624 52.3573 88.4877
245 52.3663 88.4875
754 52.3762 88.4874
185 52.3859 88.4872
305 52.3931 88.4871
343 52.4013 88.487
659 52.4107 88.4869
23 52.4221 88.4867
882 52.4316 88.4866
563 52.4393 88.4865
406 52.4492 88.4863
755 52.4593 88.4862
911 52.4716 88.486
642 52.4812 88.4859
856 52.4932 88.4858
280 52.503 88.4856
584 52.5139 88.4855
202 52.5235 88.4853
156 52.5322 88.4852
980 52.5426 88.4851
344 52.5525 88.4849
317 52.5612 88.4848
880 52.5693 88.4847
313 52.578 88.4845
248 52.5856 88.4844
179 52.5951 88.4843
165 52.6043 88.4842
82 52.6134 88.484
126 52.6245 88.4839
335 52.6366 88.4837
896 52.6476 88.4836
887 52.6576 88.4834
140 52.6674 88.4833
12 52.6783 88.4831
737 52.6892 88.483
816 52.699 88.4829
984 52.7082 88.4827
516 52.7158 88.4826
713 52.724 88.4825
746 52.7331 88.4824
408 52.742 88.4822
369 52.7514 88.4821
193 52.7597 88.482
947 52.7699 88.4819
539 52.7793 88.4817
319 52.7894 88.4816
562 52.8009 88.4814
536 57.2633 88.4148
158 61.1476 88.3574
666 63.7702 88.3178
52 65.7033 88.2883
567 67.6688 88.2584
477 69.7362 88.2269
580 72.0244 88.1922
285 72.0923 88.1912
937 72.1589 88.1902
775 72.2298 88.1891
417 72.2998 88.1881
813 72.3618 88.1872
145 72.4214 88.1863
251 72.4839 88.1853
273 72.5451 88.1844
823 72.6157 88.1834
318 72.6864 88.1823
845 72.7548 88.1813
854 72.8258 88.1803
544 72.8887 88.1793
42 72.9529 88.1784
622 73.0233 88.1773
149 73.0956 88.1762
817 73.1646 88.1752
464 73.2399 88.1741
177 73.3225 88.1729
465 73.555 88.1694
620 73.7947 88.1658
820 74.9291 88.149
893 75.7849 88.1363
353 76.5491 88.125
494 77.4537 88.1116
135 78.3901 88.0977
725 79.9458 88.0747
928 81.528 88.0513
983 81.5411 88.0373
740 83.9087 85.5167
450 85.9989 83.2914
372 85.9989 83.2914
528 85.7618 83.1603
685 85.5863 83.0634
660 85.3798 82.9492
25 85.1567 82.8259
742 84.8589 82.6613
311 84.6362 82.5383
473 84.391 82.4027
204 84.1011 82.2425
332 83.8144 82.0841
648 83.638 81.9866
889 83.4672 81.8922
159 82.7915 81.5187
322 82.2065 81.1954
864 78.5154 79.1548
383 74.6209 77.0019
481 73.145 76.1861
818 71.7789 75.4311
68 70.1502 74.5309
509 70.0726 74.488
579 70.0065 74.4514
71 69.9318 74.4102
650 69.8466 74.3631
83 69.7773 74.3248
671 69.6919 74.2776
668 69.6267 74.2416
297 69.5767 74.2139
801 69.5181 74.1815
18 69.4622 74.1506
395 69.4055 74.1193
962 69.3521 74.0898
340 69.2894 74.0551
173 69.2324 74.0236
290 69.18 73.9946
460 69.1216 73.9624
867 69.0705 73.9342
595 69.0145 73.9032
744 68.9654 73.876
393 68.91 73.8454
837 68.8637 73.8198
152 68.8128 73.7917
51 68.7591 73.7621
975 68.7068 73.7331
67 68.6467 73.6999
654 68.5956 73.6717
852 68.5462 73.6444
900 68.4929 73.6149
727 68.4354 73.5831
110 68.3816 73.5534
904 68.3257 73.5225
385 68.2753 73.4947
378 68.2273 73.4681
201 68.1821 73.4431
478 65.7999 72.1251
420 64.3254 71.3093
410 54.6791 66.9523
625 54.6075 66.9199
782 54.5409 66.8899
286 54.4717 66.8586
538 54.4094 66.8304
468 54.3408 66.7995
632 54.2758 66.7701
810 54.2094 66.7401
282 54.1405 66.709
35 54.0759 66.6798
161 54.0095 66.6497
453 53.946 66.621
798 53.8807 66.5915
855 53.8226 66.5653
558 53.7639 66.5388
921 53.7164 66.5173
91 53.6635 66.4934
605 53.611 66.4697
515 53.5499 66.4421
743 53.4791 66.4101
235 53.4169 66.382
968 53.3628 66.3576
238 53.3107 66.334
577 53.2452 66.3044
315 53.1921 66.2804
857 53.1263 66.2507
964 53.0605 66.221
769 52.9945 66.1911
513 52.9183 66.1567
186 52.8482 66.125
134 52.8174 66.1111
793 52.7889 66.0982
112 52.7623 66.0861
84 52.7287 66.0709
923 52.6921 66.0543
621 52.6638 66.0415
597 52.6426 66.0319
791 52.6247 66.0238
225 52.6055 66.0151
109 52.6055 66.0151
188 52.6055 66.0151
484 52.6055 66.0151
987 52.6055 66.0151
293 52.6055 66.0151
800 52.6055 66.0151
440 52.6055 66.0151
647 52.6055 66.0151
832 52.6055 66.0151
432 52.4813 65.9552
762 52.3567 65.8952
9 52.2354 65.8367
847 52.1068 65.7747
208 51.9291 65.6891
582 51.7455 65.6006
101 51.5548 65.5085
907 51.4111 65.4393
94 51.2282 65.3512
498 51.0183 65.2499
683 50.8361 65.1621
144 50.6832 65.0884
617 50.6611 65.0515
986 50.6399 65.0159
85 50.6145 64.9734
216 48.8362 65.0317
54 46.843 65.0971
30 45.8572 65.1294
471 45.4228 65.1436
779 45.0067 65.1573
894 44.5751 65.1714
281 44.145 65.1855
459 43.6664 65.2012
370 43.2105 65.2161
540 42.8084 65.2293
912 42.3953 65.2429
350 42.0547 65.254
365 41.6927 65.2659
576 41.3653 65.2766
715 41.0225 65.2879
163 40.6875 65.2989
264 40.3666 65.3094
732 40.0118 65.321
127 39.6445 65.333
804 38.8075 65.3605
922 37.8893 65.3905
676 37.0502 65.418
976 35.9311 65.4547
733 33.8737 65.5221
552 32.6395 65.5625
275 32.4469 65.5688
537 32.3025 65.5736
891 32.3025 65.5736
507 32.3025 65.5736
720 32.3025 65.5736
510 32.3025 65.5736
756 32.3025 65.5736
897 32.3025 65.5736
724 32.3025 65.5736
291 32.3025 65.5736
789 32.3025 65.5736
662 32.3025 65.5736
924 32.3025 65.5736
80 32.3027 65.5669
596 32.3028 65.5599
587 32.303 65.5537
730 32.3031 65.5474
901 32.3033 65.5392
640 32.3035 65.5321
910 32.3036 65.526
493 32.3038 65.5189
104 32.3039 65.5125
59 32.3041 65.5067
574 32.3042 65.5018
382 32.3043 65.4957
454 32.3044 65.4906
591 32.3046 65.4839
846 32.3048 65.4766
957 32.3049 65.4695
788 32.3051 65.4632
501 32.3052 65.4573
599 32.3054 65.4507
267 32.3055 65.4444
21 32.3056 65.4391
878 32.3058 65.4334
308 32.3059 65.4271
971 32.3061 65.421
809 32.3062 65.4145
689 32.3063 65.4095
604 32.3065 65.4034
137 32.3067 65.3956
645 32.3068 65.3888
56 32.307 65.3825
903 32.3071 65.3762
175 32.3073 65.3699
765 32.3074 65.3635
404 32.3076 65.358
571 32.3077 65.3518
533 32.3079 65.3443
79 32.308 65.3384
839 32.3081 65.3327
327 32.3082 65.328
965 32.3084 65.3227
927 32.3085 65.3174
888 32.3086 65.312
266 32.3107 65.2126
226 32.3129 65.1111
252 32.3165 64.9403
390 32.3277 64.4057
171 32.3377 63.9265
523 32.3487 63.4046
451 32.3664 62.5573
705 32.3807 61.8775
34 32.392 61.335
359 32.4028 60.8196
89 32.4159 60.1938
729 32.4269 59.6702
461 32.4386 59.1122
349 32.4463 58.741
735 32.456 58.2797
981 32.4659 57.807
545 32.4787 57.193
956 32.4908 56.6164
233 32.571 56.0567
929 32.6685 55.3759
913 32.7761 54.6252
778 32.8682 53.9825
302 32.9553 53.3743
324 33.0339 52.8257
989 33.129 52.1618
633 33.191 51.7291
397 33.2654 51.2102
438 33.3252 50.7923
11 33.378 50.4241
37 33.4234 50.107
155 33.4636 49.8265
414 33.5019 49.5594
876 33.536 49.3208
748 33.5736 49.0585
535 33.6088 48.8127
194 33.6422 48.5797
180 33.6764 48.3415
522 33.7134 48.0829
356 33.7544 47.797
480 33.7908 47.5426
147 33.8198 47.3401
7 33.8569 47.0815
403 33.887 46.871
529 33.9248 46.6072
908 33.9481 46.4446
679 33.9805 46.2189
706 34.0077 46.0289
475 34.0342 45.844
543 34.0624 45.647
151 34.0934 45.4309
525 34.1197 45.2469
619 34.1477 45.052
413 34.1757 44.8563
603 34.2051 44.6508
687 34.243 44.387
38 34.2762 44.1551
783 34.3097 43.9213
655 34.3445 43.6784
388 34.381 43.4234
191 34.4191 43.158
278 34.4517 42.9305
723 34.4536 42.9167
869 34.456 42.9005
549 34.458 42.8862
664 34.642 42.8608
512 34.8505 42.832
917 35.0244 42.8079
862 35.1815 42.7862
508 35.3198 42.7671
452 35.4944 42.743
269 35.6269 42.7247
49 35.789 42.7023
237 35.9553 42.6793
688 36.1152 42.6572
586 37.5323 42.4614
342 38.0524 42.3896
692 38.4384 42.3362
853 38.8447 42.2801
566 39.2507 42.224
848 39.6807 42.1646
210 40.0493 42.1137
790 40.4154 42.0631
811 40.7859 42.0119
906 43.1265 41.6885
19 44.3905 41.5139
870 45.3032 41.3878
875 46.0695 41.2819
66 46.6774 41.198
276 47.2313 41.1215
472 47.8234 41.0397
262 48.4885 40.9478
930 48.995 40.8778
63 49.428 40.818
69 49.8471 40.7601
257 50.2822 40.7
519 51.1979 40.5735
623 51.6342 40.3845
421 52.0344 40.2112
555 52.5543 39.9859
55 52.695 40.0318
355 52.8316 40.0763
458 52.9541 40.1162
250 53.065 40.1523
209 53.2048 40.1978
751 53.3809 40.2552
978 53.5507 40.3105
492 53.6939 40.3571
935 53.8341 40.4028
43 54.0225 40.4641
681 54.1683 40.5116
785 54.3161 40.5597
716 54.4768 40.6121
844 54.6413 40.6657
865 54.8093 40.7204
945 55.0025 40.7833
377 55.3567 40.8987
27 55.6738 41.0019
828 55.9998 41.1081
197 56.3025 41.2067
594 56.6931 41.3339
634 57.0631 41.4544
821 57.4312 41.5743
314 57.7642 41.6827
781 58.0603 41.7791
843 58.3485 41.873
396 61.608 42.9348
842 63.6689 43.606
190 65.342 44.1509
323 65.4409 44.1831
644 65.5354 44.2139
357 65.632 44.2454
45 65.7291 44.277
675 65.8304 44.31
217 65.9328 44.3433
767 66.0552 44.3832
553 66.1442 44.4122
70 66.2208 44.4371
926 66.3 44.4629
466 66.3774 44.4882
358 66.4466 44.5107
485 66.5208 44.5348
117 68.0748 45.0339
143 69.7389 45.5681
941 71.475 46.1254
942 71.8035 46.231
850 72.2117 46.3622
583 72.6005 46.4871
102 72.9676 46.6051
606 73.3448 46.7264
609 73.8096 46.8758
670 74.2862 47.0289
29 74.78 47.1877
232 75.287 47.3506
656 75.864 47.536
932 76.9723 47.8919
334 78.0926 48.2516
920 80.3394 48.4343
835 82.6933 48.6257
684 84.7025 48.7891
387 85.2206 48.8312
592 85.809 48.8791
170 86.7182 48.953
497 87.4775 49.0148
198 87.4743 48.9327
242 87.4712 48.85
425 87.4678 48.7604
136 87.4647 48.6801
838 87.4617 48.6011
977 87.4587 48.5212
967 87.4496 48.2814
195 87.4402 48.0362
506 87.4325 47.8333
274 87.3939 46.818
951 87.373 46.2686
107 87.35 45.6634
884 87.3018 44.397
745 87.1125 39.4205
98 86.9614 35.4482
33 86.8848 33.4354
590 86.809 31.4468
520 86.7217 29.1529
345 86.5121 23.6394
627 86.3949 20.5604
979 86.3186 18.5552
483 86.2824 17.6045
260 86.1895 17.6082
243 85.3634 17.9275
