0,483,627,243,345,979,260,590,33,98,835,274,520,497,107,506,170,884,29,195,932,951,967,684,136,977,838,242,198,920,387,117,425,670,942,232,926,656,102,70,583,767,609,606,592,842,466,143,850,334,745,941,485,190,314,323,821,519,553,781,355,634,217,644,357,45,396,594,623,978,43,675,751,262,164,209,250,843,492,681,785,257,873,555,828,377,27,865,289,917,472,421,358,875,870,458,55,66,844,19,276,63,930,586,452,197,716,906,69,342,945,180,935,853,356,848,155,862,522,834,480,194,388,692,191,790,549,543,151,748,486,397,529,278,869,508,612,237,438,37,778,913,414,679,876,302,706,687,269,535,525,619,413,147,370,11,49,783,38,512,7,566,210,324,633,664,811,989,655,688,908,891,723,403,475,461,545,59,89,603,957,127,587,733,382,54,965,729,349,601,640,922,493,533,730,451,788,839,599,137,390,233,510,846,34,596,79,267,132,80,252,903,901,735,327,756,645,501,765,291,104,809,507,359,266,878,571,591,971,720,526,927,662,552,705,897,308,404,574,929,910,523,604,689,21,175,459,226,789,576,715,163,30,540,101,484,109,281,976,676,216,225,471,732,264,144,912,804,350,597,365,986,56,724,410,621,171,779,91,894,921,188,134,923,683,855,798,453,161,85,186,498,538,907,440,9,668,762,800,460,509,647,632,94,832,625,558,513,769,432,208,964,857,315,577,238,968,235,743,293,671,35,282,782,617,112,84,582,810,793,847,791,286,515,904,595,468,818,605,68,478,393,744,297,173,340,867,852,420,975,51,152,837,110,727,383,395,650,900,579,290,18,654,67,201,229,801,987,962,385,83,937,481,332,311,25,889,450,685,372,528,204,473,660,820,983,135,322,775,740,159,928,864,580,494,622,417,464,318,620,823,465,666,52,42,813,817,71,742,854,845,544,251,285,149,893,145,158,353,648,725,62,406,984,477,319,992,367,248,378,802,774,952,690,754,126,882,737,624,851,369,816,140,434,567,940,23,896,202,584,280,856,642,165,179,177,911,344,259,541,335,245,980,931,532,118,618,575,861,185,12,536,313,880,826,317,273,887,895,516,156,746,408,713,320,961,530,636,40,511,105,415,392,449,416,814,5,256,2,638,947,613,394,874,562,448,559,840,294,974,265,763,866,53,22,795,766,752,539,181,389,563,375,239,292,738,561,223,271,960,193,309,807,241,231,215,614,707,470,206,139,548,773,755,189,82,270,146,129,305,343,659,569,92,437,72,649,672,230,564,124,150,768,859,368,761,20,872,918,954,36,697,786,808,172,491,441,877,919,430,631,871,521,578,611,141,333,456,658,88,93,537,454,16,288,253,296,490,418,120,306,60,806,885,714,167,424,96,73,28,593,886,753,15,825,833,409,41,428,776,360,17,757,651,696,76,227,550,44,610,988,138,263,982,301,199,304,719,699,153,446,711,386,244,933,969,106,108,364,1,914,39,750,183,678,200,178,905,426,570,48,712,736,236,380,973,495,13,469,892,447,247,58,316,547,815,916,868,792,955,585,95,759,442,249,462,568,50,399,435,693,203,827,405,557,169,953,115,695,803,637,213,560,628,718,444,300,608,184,890,546,615,950,325,830,436,401,431,991,113,429,119,240,168,551,944,433,487,224,97,500,630,398,607,374,780,728,275,75,554,635,556,298,443,946,219,879,726,31,99,90,326,747,338,361,427,482,77,680,457,220,524,192,502,701,703,196,321,207,600,888,503,114,347,657,376,799,734,784,860,739,924,948,667,764,339,531,234,772,939,81,400,130,381,14,639,686,717,796,445,970,371,411,981,479,694,162,966,131,346,277,255,760,272,665,517,329,3,589,122,142,496,391,990,422,925,849,691,303,218,174,463,489,677,758,279,708,527,100,972,956,330,46,909,771,616,841,128,542,936,749,663,505,341,57,958,212,423,78,499,731,858,123,154,222,949,652,797,770,214,476,283,863,10,157,938,47,148,373,700,352,565,166,534,698,805,336,312,116,182,228,328,898,836,985,121,641,829,133,514,268,86,74,384,87,125,943,65,299,32,899,402,710,572,455,258,4,205,331,673,794,881,812,646,674,412,366,474,362,722,902,741,211,187,629,8,348,588,661,963,488,61,682,602,307,883,287,310,702,824,439,284,246,669,254,354,221,915,467,26,407,709,363,626,261,351,643,787,64,379,160,653,419,573,704,337,934,822,111,518,103,777,831,598,819,176,24,959,6,721,581,504,295,
value : 397.493 running time : 1618.598276
0 80 20
483 86.2684 17.5916
627 86.2684 17.5916
243 86.2684 17.5916
345 86.2684 17.5916
979 86.2684 17.5916
260 86.2684 17.5916
590 86.6599 27.7849
33 86.783 30.9876
98 86.8817 33.557
835 87.0193 37.1406
274 87.1259 39.9136
520 87.2305 42.6385
497 87.4755 49.0166
107 87.0338 48.9805
506 86.5512 48.9411
170 86.0307 48.8987
884 85.4423 48.8507
29 84.7785 48.7965
195 84.5417 48.7772
932 84.3263 48.7596
951 84.1188 48.7426
967 83.8958 48.7244
684 83.6967 48.7082
136 83.0345 48.6541
977 82.3401 48.5975
838 81.4542 48.5252
242 80.5409 48.4506
198 79.4962 48.3654
920 78.2119 48.2606
387 76.9243 48.1555
117 75.3658 48.0284
425 75.3658 48.0284
670 75.3658 48.0284
942 75.3658 48.0284
232 75.3658 48.0284
926 75.3658 48.0284
656 75.3658 48.0284
102 75.3658 48.0284
70 75.3658 48.0284
583 75.3658 48.0284
767 75.3658 48.0284
609 75.3658 48.0284
606 75.3658 48.0284
592 75.3658 48.0284
842 75.3658 48.0284
466 75.3658 48.0284
143 75.3658 48.0284
850 75.3658 48.0284
334 75.3658 48.0284
745 73.7919 47.4506
941 72.2343 46.8788
485 67.9757 45.3154
190 67.1253 45.0032
314 65.8355 44.5297
323 64.6364 44.0896
821 63.2328 43.5743
519 62.6102 43.3457
553 62.6102 43.3457
781 61.9018 43.078
355 61.5198 42.9337
634 61.1886 42.8085
217 60.871 42.6885
644 60.5684 42.5742
357 60.2457 42.4523
45 59.9066 42.3242
396 59.5599 42.1932
594 58.6641 41.8546
623 57.7748 41.5186
978 56.8744 41.1783
43 55.9595 40.8326
675 54.9896 40.466
751 53.7513 39.998
262 52.564 39.5493
164 49.3725 38.3427
209 49.3407 38.3307
250 49.3114 38.3196
843 49.2853 38.3098
492 49.2554 38.2985
681 49.2227 38.2861
785 49.1889 38.2733
257 49.1554 38.2607
873 49.1258 38.2495
555 49.1097 38.2434
828 49.0942 38.2375
377 49.0781 38.2314
27 49.0603 38.2247
865 49.0422 38.2179
289 49.0249 38.2113
917 49.0249 38.2113
472 49.0249 38.2113
421 49.0249 38.2113
358 49.0249 38.2113
875 48.8463 38.2401
870 48.6665 38.2691
458 48.4939 38.2969
55 48.312 38.3262
66 47.9621 38.3826
844 47.6109 38.4392
19 47.266 38.4948
276 46.9173 38.551
63 46.5865 38.6043
930 46.2362 38.6608
586 45.7831 38.7338
452 45.4152 38.7931
197 45.0727 38.8483
716 44.7208 38.905
906 44.3481 38.965
69 43.934 39.0318
342 43.5 39.1017
945 43.0691 39.1712
180 42.4917 39.2642
935 42.0637 39.3332
853 41.584 39.4105
356 41.1321 39.4833
848 40.6916 39.5543
155 40.1977 39.6339
862 39.6888 39.7159
522 39.1813 39.7977
834 38.7125 39.8733
480 38.2279 39.9514
194 37.7345 40.0309
388 37.1709 40.1217
692 36.7702 40.1863
191 36.3367 40.2562
790 35.8667 40.3319
549 35.296 40.4239
543 34.9337 40.4823
151 34.6497 40.528
748 34.3602 40.5747
486 34.0696 40.6215
397 34.0474 40.8106
529 34.028 40.9763
278 34.0079 41.1476
869 33.9844 41.3475
508 33.9566 41.5849
612 33.9334 41.7821
237 33.8308 42.6566
438 33.8089 42.8429
37 33.7862 43.0365
778 33.7627 43.2366
913 33.7418 43.4144
414 33.7228 43.5768
679 33.7026 43.7485
876 33.6792 43.9483
302 33.6577 44.1308
706 33.6379 44.2995
687 33.617 44.4776
269 33.5938 44.6758
535 33.5736 44.8481
525 33.5526 45.027
619 33.5317 45.2046
413 33.5101 45.3887
147 33.4884 45.5734
370 33.4681 45.7465
11 33.4571 45.8406
49 33.4444 45.9486
783 33.4326 46.0492
38 33.4202 46.1546
512 33.4074 46.2639
7 33.3954 46.3655
566 33.3816 46.4834
210 33.367 46.6079
324 33.3547 46.7129
633 33.3444 46.8007
664 33.3351 46.8799
811 33.3247 46.9686
989 33.3128 47.0693
655 33.3014 47.1669
688 33.2319 47.7588
908 33.1721 48.2685
891 33.115 48.7544
723 33.0655 49.1763
403 32.9935 49.7903
475 32.9076 50.5221
461 32.7919 51.507
545 32.6699 52.5472
59 32.5578 53.5017
89 32.4602 54.3337
603 32.3598 55.1886
957 32.2494 56.1289
127 32.1564 56.9219
587 32.0369 57.9395
733 31.9806 58.4195
382 31.9277 58.8697
54 31.8764 59.3066
965 31.8223 59.768
729 31.7767 60.1563
349 31.7293 60.5598
601 31.6846 60.9409
640 31.6534 61.2067
922 31.6215 61.4785
493 31.5838 61.7996
533 31.5456 62.1254
730 31.5013 62.503
451 31.497 62.5394
788 31.4925 62.5775
839 31.488 62.6155
599 31.4831 62.658
137 31.4783 62.6986
390 31.4735 62.7396
233 31.469 62.7775
510 31.4643 62.8179
846 31.4589 62.8638
34 31.4541 62.9047
596 31.4493 62.9457
79 31.4444 62.9871
267 31.4394 63.0295
132 31.4337 63.0782
80 32.263 64.0785
252 32.6595 64.5568
903 32.6595 64.5568
901 32.6595 64.5568
735 32.6595 64.5568
327 32.6595 64.5568
756 32.6595 64.5568
645 32.6595 64.5568
501 32.6595 64.5568
765 32.6595 64.5568
291 32.6595 64.5568
104 32.6595 64.5568
809 32.6595 64.5568
507 32.6595 64.5568
359 32.6595 64.5568
266 32.6595 64.5568
878 32.6595 64.5568
571 32.6595 64.5568
591 32.6595 64.5568
971 32.6595 64.5568
720 32.6595 64.5568
526 32.6595 64.5568
927 32.6595 64.5568
662 32.6595 64.5568
552 32.6595 64.5568
705 32.678 64.5647
897 32.6968 64.5728
308 32.7185 64.582
404 32.7388 64.5906
574 32.7565 64.5982
929 32.7743 64.6058
910 32.795 64.6146
523 32.8141 64.6228
604 32.8311 64.63
689 32.849 64.6377
21 32.8659 64.6449
175 32.8836 64.6524
459 32.9016 64.6601
226 32.9194 64.6677
789 32.9194 64.6677
576 34.8489 64.7992
715 36.4013 64.9051
163 37.801 65.0005
30 39.0936 65.0886
540 40.6639 65.1957
101 42.0208 65.2882
484 42.6324 65.3299
109 43.234 65.3709
281 43.3941 65.3818
976 43.5619 65.3932
676 43.7424 65.4055
216 43.9253 65.418
225 44.0853 65.4289
471 44.2504 65.4402
732 44.4251 65.4521
264 44.6057 65.4644
144 44.7831 65.4765
912 44.95 65.4879
804 45.1755 65.5033
350 45.4004 65.5186
597 45.6204 65.5336
365 45.8296 65.5479
986 46.0816 65.565
56 46.2879 65.5791
724 46.5229 65.5951
410 46.9235 65.6225
621 47.3286 65.6501
171 47.7437 65.6784
779 48.2513 65.713
91 48.7791 65.749
894 49.232 65.7798
921 49.7395 65.8145
188 50.1698 65.8438
134 50.4574 65.8634
923 50.7785 65.8853
683 51.1356 65.9097
855 51.5873 65.9405
798 52.0242 65.9702
453 52.4785 66.0012
161 52.9298 66.032
85 53.3804 66.0627
186 53.4169 66.0796
498 53.5324 66.1332
538 53.6804 66.2018
907 53.8138 66.2636
440 53.938 66.3212
9 54.06 66.3777
668 54.1775 66.4322
762 54.2903 66.4845
800 54.4084 66.5392
460 54.5259 66.5937
509 54.6301 66.642
647 54.7231 66.6851
632 54.8159 66.7281
94 54.915 66.774
832 55.0163 66.821
625 55.1007 66.8601
558 55.1899 66.9014
513 55.3013 66.9531
769 55.4211 67.0086
432 55.5337 67.0608
208 55.6387 67.1095
964 55.7411 67.1569
857 55.8505 67.2077
315 55.9593 67.2581
577 56.0527 67.3014
238 56.1659 67.3539
968 56.266 67.4003
235 56.3688 67.4479
743 56.4808 67.4998
293 56.6032 67.5565
671 56.7274 67.6141
35 56.8285 67.661
282 56.9384 67.7119
782 57.058 67.7674
617 57.1689 67.8188
112 57.2872 67.8736
84 57.3958 67.924
582 57.5133 67.9784
810 57.6188 68.0273
793 57.7301 68.0789
847 58.1023 68.2514
791 58.4059 68.3921
286 58.7618 68.5571
515 59.8109 69.0434
904 60.9197 69.5574
595 61.8288 69.9787
468 62.6854 70.3758
818 65.2565 71.5675
605 65.333 71.603
68 65.4203 71.6435
478 65.5095 71.6848
393 65.6024 71.7279
744 65.7014 71.7738
297 65.7905 71.8151
173 65.8701 71.852
340 65.9564 71.892
867 66.0503 71.9355
852 66.1414 71.9777
420 66.2226 72.0153
975 66.5265 72.1562
51 66.8012 72.2835
152 67.0882 72.4165
837 67.3644 72.5446
110 67.6361 72.6705
727 67.8979 72.7918
383 68.1822 72.9236
395 68.1823 72.9534
650 68.1823 72.9766
900 68.1823 73.002
579 68.1823 73.0291
290 68.1823 73.0571
18 68.1824 73.0852
654 68.1824 73.1096
67 68.1824 73.1339
201 68.1824 73.1591
229 68.1824 73.1928
801 68.7476 73.5121
987 69.4478 73.9076
962 70.9014 74.7288
385 72.5349 75.6515
83 73.8227 76.379
937 75.1919 77.1525
481 76.7339 78.0235
332 79.2094 79.422
311 82.9603 81.5408
25 84.2232 82.2543
889 84.6246 82.481
450 84.9225 82.6493
685 85.5311 83.1275
372 86.0086 83.5027
528 85.9268 83.5829
204 85.8397 83.6683
473 85.7462 83.7601
660 85.6611 83.8434
820 82.0962 87.3393
983 81.2982 88.1218
135 81.232 88.1867
322 81.232 88.1867
775 81.232 88.1867
740 81.232 88.1867
159 81.232 88.1867
928 81.232 88.1867
864 78.7843 88.2157
580 76.6088 88.2416
494 75.9606 88.2493
622 75.2823 88.2574
417 74.7265 88.2641
464 74.1437 88.271
318 73.9555 88.2733
620 73.7677 88.2756
823 73.6211 88.2773
465 73.4772 88.279
666 73.3314 88.2808
52 73.1745 88.2827
42 73.0305 88.2844
813 72.9019 88.286
817 72.7622 88.2876
71 72.6441 88.2891
742 72.5221 88.2905
854 72.3858 88.2922
845 72.2456 88.2938
544 72.1114 88.2955
251 71.9836 88.297
285 71.8573 88.2985
149 71.7318 88.3
893 71.6146 88.3014
145 71.4742 88.3031
158 71.3405 88.3047
353 71.2086 88.3063
648 71.0829 88.3078
725 70.8449 88.3107
62 61.8972 88.4159
406 59.3313 88.4463
984 58.2205 88.4596
477 57.0423 88.4736
319 55.6756 88.4899
992 55.0131 88.4978
367 54.1584 88.508
248 53.3151 88.5181
378 53.1973 88.5195
802 52.8255 88.524
774 52.824 88.524
952 52.8224 88.524
690 52.8207 88.524
754 52.8189 88.5241
126 52.8171 88.5241
882 52.8156 88.5241
737 52.814 88.5241
624 52.8123 88.5241
851 52.8105 88.5242
369 52.8088 88.5242
816 52.8072 88.5242
140 52.8054 88.5242
434 52.8038 88.5242
567 52.8022 88.5242
940 52.8003 88.5243
23 52.7987 88.5243
896 52.7971 88.5243
202 52.7954 88.5243
584 52.7937 88.5243
280 52.7918 88.5244
856 52.7901 88.5244
642 52.7882 88.5244
165 52.7864 88.5244
179 52.7849 88.5244
177 52.7834 88.5245
911 52.7818 88.5245
344 52.78 88.5245
259 52.7782 88.5245
541 52.7764 88.5245
335 52.7748 88.5246
245 52.7732 88.5246
980 52.7717 88.5246
931 52.7702 88.5246
532 52.7685 88.5246
118 52.7669 88.5246
618 52.7653 88.5247
575 52.7637 88.5247
861 52.762 88.5247
185 52.7606 88.5247
12 52.7588 88.5247
536 52.7571 88.5247
313 52.7555 88.5248
880 52.7539 88.5248
826 52.7523 88.5248
317 52.7509 88.5248
273 52.7493 88.5248
887 52.3129 88.53
895 51.8779 88.5352
516 51.4214 88.5406
156 50.9738 88.5459
746 50.5318 88.5511
408 50.0927 88.5563
713 49.6567 88.5614
320 49.2214 88.5666
961 48.7874 88.5717
530 48.35 88.5768
636 47.9157 88.5819
40 47.4743 88.5871
511 47.0285 88.5923
105 46.5746 88.5977
415 46.1065 88.6033
392 45.6884 88.6083
449 45.2714 88.6132
416 44.8619 88.618
814 44.4551 88.6228
5 44.053 88.6275
256 43.6501 88.6323
2 43.2863 88.6366
638 43.1693 88.6379
947 43.0744 88.639
613 42.9659 88.6403
394 42.8681 88.6414
874 42.774 88.6425
562 42.6758 88.6436
448 42.575 88.6448
559 42.479 88.6459
840 42.3773 88.6471
294 42.2797 88.6482
974 42.1802 88.6493
265 42.1473 88.6497
763 42.1177 88.6501
866 42.0858 88.6504
53 42.0518 88.6508
22 42.0181 88.6512
795 41.9852 88.6516
766 41.9554 88.6519
752 41.924 88.6523
539 41.9235 88.6514
181 41.9231 88.6505
389 41.9226 88.6496
563 41.922 88.6487
375 41.2999 88.749
239 40.6532 88.8533
292 39.9675 88.9638
738 39.3073 89.0703
561 38.6677 89.1734
223 37.997 89.2816
271 37.997 89.2816
960 37.997 89.2816
193 37.9814 89.2273
309 37.9684 89.1824
807 37.9534 89.1301
241 37.9404 89.085
231 37.9279 89.0414
215 37.9137 88.9919
614 37.9008 88.9472
707 37.8904 88.9112
470 37.8789 88.871
206 37.8667 88.8285
139 37.8544 88.786
548 37.8392 88.7331
773 37.8231 88.677
755 37.8076 88.6232
189 37.6976 88.6164
82 37.5973 88.6101
270 37.4795 88.6027
146 37.3766 88.5962
129 37.2793 88.5901
305 37.1834 88.5841
343 37.075 88.5773
659 36.9586 88.57
569 36.8304 88.562
92 36.7002 88.5538
437 36.5874 88.5468
72 36.4676 88.5393
649 36.3506 88.5319
672 36.2266 88.5242
230 36.1173 88.5173
564 36.0071 88.5104
124 32.5901 88.2961
150 29.8728 88.1257
768 27.095 87.9515
859 27.029 87.9474
368 26.9641 87.9433
761 26.9041 87.9396
20 26.8455 87.9359
872 26.7856 87.9321
918 26.7189 87.928
954 26.6501 87.9236
36 26.5801 87.9193
697 26.5126 87.915
786 26.4498 87.9111
808 26.385 87.907
172 26.3173 87.9028
491 26.2362 87.8977
441 26.2362 87.8977
877 26.2362 87.8977
919 26.2188 87.893
430 26.2014 87.8882
631 26.1838 87.8835
871 26.1652 87.8784
521 26.1481 87.8737
578 26.1312 87.8692
611 26.1151 87.8648
141 25.8742 87.7992
333 25.5915 87.7223
456 25.3152 87.6471
658 25.059 87.5774
88 24.9933 87.5596
93 24.9341 87.5434
537 24.8822 87.5293
454 24.8117 87.5392
16 24.6475 87.5623
288 24.4762 87.5863
253 24.3219 87.608
296 24.1568 87.6312
490 23.9789 87.6561
418 23.8085 87.6801
120 23.6469 87.7027
306 23.4692 87.7277
60 23.3026 87.7511
806 23.1151 87.7774
885 22.6651 87.8406
714 22.2366 87.9008
167 22.084 87.9222
424 21.9169 87.9456
96 21.7653 87.9669
73 21.5926 87.9912
28 21.4069 88.0172
593 21.1497 88.0534
886 20.9109 88.0869
753 20.674 88.1202
15 20.4431 88.1526
825 20.237 88.1815
833 20.0406 88.2091
409 19.8437 88.2367
41 19.6225 88.2678
428 19.382 88.3016
776 19.088 88.3428
360 18.8304 88.379
17 18.579 88.4143
757 18.3496 88.4465
651 18.0906 88.4829
696 17.828 88.5198
76 17.5463 88.5593
227 17.2175 88.6055
550 16.9184 88.6475
44 16.5678 88.6967
610 16.1784 88.7514
988 10.0312 89.6141
138 10.0314 89.6119
263 10.0317 89.6097
982 10.0319 89.6074
301 10.0322 89.6053
199 10.0324 89.6031
304 10.0327 89.6009
719 10.0329 89.5986
699 10.0332 89.5963
153 10.0334 89.5942
446 10.0337 89.592
711 10.0339 89.59
386 10.0342 89.5876
244 10.0345 89.5852
933 10.0347 89.5832
969 10.0349 89.5814
106 10.0351 89.5793
108 10.0354 89.577
364 10.0356 89.5749
1 10.0359 89.5728
914 10.0361 89.5707
39 10.0363 89.5687
750 10.0366 89.5665
183 10.0369 89.5641
678 10.0371 89.562
200 10.0373 89.5598
178 10.0376 89.5571
905 10.0379 89.5548
426 10.0382 89.5526
570 10.0384 89.5503
48 10.0387 89.5482
712 10.0389 89.5462
736 10.0391 89.5443
236 10.0393 89.5423
380 10.0395 89.5403
973 10.0398 89.5379
495 10.0401 89.5354
13 10.0404 89.5332
469 10.0406 89.5307
892 10.0409 89.5286
447 10.0411 89.5266
247 10.0413 89.5244
58 10.0416 89.5221
316 10.0418 89.52
547 10.0421 89.518
815 10.0423 89.5158
916 10.0426 89.5137
868 10.0428 89.5118
792 10.043 89.5094
955 10.0433 89.5072
585 10.0435 89.5052
95 10.0438 89.5028
759 10.044 89.5006
442 10.0443 89.4985
249 10.0445 89.4962
462 10.0448 89.4943
568 10.045 89.4922
50 10.0453 89.4899
399 10.0455 89.4878
435 10.0457 89.486
693 10.046 89.4838
203 10.0462 89.4815
827 10.0464 89.4796
405 10.0467 89.4774
557 10.047 89.4749
169 10.0472 89.4726
953 10.0475 89.4705
115 10.0477 89.4682
695 10.048 89.4659
803 10.0482 89.4639
637 10.0484 89.4617
213 10.0487 89.4596
560 10.2148 87.9822
628 10.3279 86.9752
718 10.438 85.996
444 10.551 84.9903
300 10.6634 83.9904
608 10.7831 82.9253
184 10.8705 82.1468
890 10.9544 81.4004
546 11.0321 80.7089
615 11.112 79.9974
950 11.1918 79.2879
325 11.2049 79.1705
830 11.219 79.0457
436 11.2332 78.9193
401 11.2476 78.7907
431 11.2667 78.6208
991 11.2856 78.4525
113 11.3046 78.2832
429 11.3221 78.1274
119 11.3385 77.9812
240 11.3526 77.8557
168 11.3688 77.7112
551 11.3845 77.572
944 11.3997 77.4365
433 11.4171 77.2816
487 11.4351 77.1216
224 11.453 76.9617
97 11.4714 76.798
500 11.4879 76.6509
630 11.505 76.4993
398 11.5197 76.3681
607 11.533 76.2493
374 11.5459 76.1344
780 11.5593 76.0151
728 11.574 75.8844
275 11.5895 75.7467
75 11.591 75.7334
554 11.5927 75.7176
635 11.5948 75.6998
556 11.5965 75.6845
298 11.5983 75.6681
443 11.6002 75.6512
946 11.6021 75.6342
219 11.604 75.6173
879 11.6058 75.6016
726 11.6074 75.587
31 11.609 75.5727
99 11.6109 75.5557
90 11.6125 75.5416
326 11.7564 74.2626
747 11.9058 72.934
338 11.9134 72.8661
361 11.9209 72.7995
427 11.9289 72.7278
482 11.9369 72.6564
77 11.9447 72.5878
680 11.9516 72.526
457 11.9585 72.4646
220 11.966 72.3973
524 11.9743 72.3235
192 11.9819 72.2559
502 11.9889 72.1942
701 11.9961 72.1298
703 12.0041 72.0585
196 12.011 71.9966
321 12.011 71.9966
207 12.011 71.9966
600 12.011 71.9966
888 12.011 71.9966
503 11.9737 70.636
114 11.9365 69.2802
347 11.8999 67.9478
657 11.8995 67.9328
376 11.899 67.9151
799 11.8986 67.8988
734 11.8981 67.8824
784 11.8977 67.8664
860 11.8973 67.8523
739 11.8968 67.835
924 11.8964 67.8192
948 11.8959 67.8032
667 11.8955 67.7863
764 11.895 67.7685
339 11.8946 67.7537
531 11.8914 67.6349
234 11.8886 67.5334
772 11.886 67.4393
939 11.8836 67.3514
81 11.8813 67.2665
400 11.879 67.1828
130 11.8764 67.0886
381 11.8741 67.0026
14 11.8717 66.9133
639 11.8693 66.8267
686 11.8666 66.7283
717 11.8639 66.6282
796 11.8614 66.5365
445 11.8584 66.4265
970 11.8553 66.3146
371 11.8524 66.2078
411 11.8496 66.1062
981 11.8468 66.0018
479 11.8448 65.9289
694 11.8416 65.8131
162 11.838 65.6799
966 11.8343 65.5453
131 11.8244 65.182
346 11.8157 64.8635
277 11.8024 64.3766
255 11.7884 63.8652
760 11.7741 63.3405
272 11.7616 62.8823
665 11.7482 62.3923
517 11.7316 61.7846
329 11.6985 60.5733
3 11.6607 59.1899
589 11.6136 57.4665
122 11.563 55.6171
142 11.5314 54.46
496 11.5061 53.537
391 11.4868 52.8309
990 11.4716 52.2717
422 11.4677 52.1285
925 11.4635 51.9742
849 11.4586 51.7955
691 11.4535 51.6097
303 11.4481 51.4115
218 11.4427 51.2129
174 11.4368 51
463 11.4314 50.8002
489 11.4263 50.614
677 11.4214 50.4351
758 11.4158 50.2304
279 11.4107 50.0434
708 11.4056 49.857
527 11.4001 49.6534
100 11.3942 49.4391
972 11.3884 49.2265
956 11.3821 48.9933
330 11.3737 48.6856
46 11.3692 48.5227
909 11.3654 48.3851
771 11.3614 48.237
616 11.3574 48.0894
841 11.3537 47.9561
128 11.35 47.8181
542 11.3463 47.6845
936 11.3425 47.5428
749 11.3383 47.3909
663 11.3342 47.239
505 11.3304 47.1015
341 11.3263 46.9509
57 11.3221 46.797
958 11.3173 46.6214
212 11.3132 46.4712
423 11.3092 46.3267
78 11.3054 46.1861
499 11.3017 46.0512
731 11.3017 46.0512
858 11.3017 46.0512
123 11.3017 46.0512
154 11.3017 46.0512
222 11.3017 46.0512
949 11.3017 46.0512
652 11.3017 46.0512
797 11.3017 46.0512
770 11.3017 46.0512
214 11.3017 46.0512
476 11.3017 46.0512
283 11.3017 46.0512
863 11.3017 46.0512
10 11.3017 46.0512
157 11.3017 46.0512
938 11.3017 46.0512
47 11.3017 46.0512
148 11.3017 46.0512
373 11.3017 46.0511
700 11.3017 46.0511
352 11.3017 46.0511
565 11.3017 46.0511
166 11.3017 46.0511
534 11.3021 46.0426
698 11.3024 46.0347
805 11.3027 46.0269
336 11.303 46.0189
312 11.3033 46.0106
116 11.3036 46.003
182 11.3725 44.2521
228 11.4669 41.8555
328 11.5623 39.4331
898 11.8129 33.0752
836 11.8163 32.9897
985 11.8197 32.9022
121 11.8231 32.8154
641 11.8268 32.7216
829 11.8303 32.6332
133 11.834 32.5383
514 11.8376 32.4463
268 11.8412 32.3566
86 11.8446 32.2676
74 11.8481 32.1798
384 11.8512 32.1018
87 11.8546 32.0148
125 11.858 31.9276
943 11.8618 31.8321
65 11.8654 31.7401
299 11.8694 31.6392
32 11.8728 31.5531
899 11.8769 31.4469
402 11.8805 31.3555
710 11.8838 31.2729
572 11.8871 31.1887
455 11.8905 31.1028
258 11.8936 31.0222
4 11.8966 30.946
205 11.8995 30.8731
331 12.0253 27.679
673 12.1206 25.2592
794 12.2092 23.01
881 12.4476 16.9677
812 12.5182 15.1748
646 12.5182 15.1748
674 12.5182 15.1748
412 12.5182 15.1748
366 12.5182 15.1748
474 12.5182 15.1748
362 12.5182 15.1748
722 12.5182 15.1748
902 12.5182 15.1748
741 12.5182 15.1748
211 12.5182 15.1748
187 12.5182 15.1748
629 12.6307 15.1865
8 12.7518 15.199
348 12.85 15.2092
588 12.9498 15.2195
661 13.0542 15.2304
963 13.1454 15.2398
488 13.462 15.2726
61 13.7278 15.3002
682 15.7576 15.5107
602 22.9819 16.2596
307 25.39 16.5093
883 27.0268 16.679
287 27.9085 16.7704
310 28.1189 16.7922
702 28.2839 16.8093
824 28.4716 16.8288
439 28.6595 16.8483
284 28.8592 16.869
246 29.0619 16.89
669 29.2616 16.9107
254 29.4469 16.9299
354 29.6504 16.951
221 29.8818 16.975
915 31.0341 17.0945
467 35.9095 17.5997
26 35.94 17.6029
407 35.9685 17.6058
709 35.9985 17.6089
363 36.0293 17.6121
626 36.061 17.6154
261 36.0939 17.6188
351 36.1221 17.6218
643 36.1519 17.6248
787 36.2902 17.6392
64 36.4995 17.6609
379 36.7217 17.6839
160 36.937 17.7063
653 39.0134 17.5488
419 40.6643 17.4237
573 41.0381 17.3953
704 41.4565 17.3636
337 41.9263 17.328
934 42.4156 17.2909
822 42.8759 17.256
111 43.747 17.1899
518 45.0374 17.0921
103 61.3108 15.8581
777 61.5099 15.9423
831 61.7069 16.0257
598 61.8806 16.0992
819 62.0428 16.1679
176 62.1986 16.2338
24 62.3656 16.3045
959 62.5253 16.3721
6 62.6794 16.4373
721 66.2025 17.162
581 67.8177 17.4943
504 69.9626 17.9355
295 72.3879 18.4344
