0,103,959,819,721,295,777,24,176,504,598,653,581,518,287,337,221,351,363,573,26,787,261,246,702,834,669,643,407,467,824,934,278,899,284,602,379,160,486,111,709,822,915,626,64,704,439,310,883,307,354,8,211,362,366,572,299,902,881,674,474,488,646,741,61,661,812,254,722,187,629,348,412,588,682,268,87,963,402,710,258,65,121,4,943,133,514,86,898,641,455,331,836,74,829,125,794,985,673,655,616,770,677,700,909,731,990,758,949,499,123,78,228,841,663,771,384,10,423,218,565,527,336,212,214,330,863,958,698,279,46,938,858,797,328,749,936,341,542,57,534,283,128,925,148,116,849,505,122,476,47,373,166,154,972,222,422,196,489,805,312,496,157,182,708,463,303,100,352,956,652,589,371,427,411,482,760,347,686,630,3,131,81,429,691,400,607,703,739,14,130,234,531,556,457,500,168,600,939,376,991,77,479,726,701,503,924,879,255,784,517,799,694,680,114,764,192,97,734,381,667,948,860,162,272,946,524,888,275,772,601,219,277,665,361,398,747,551,346,113,443,950,615,502,338,639,966,944,890,374,298,657,970,321,796,717,445,119,433,830,554,728,436,431,608,207,326,75,184,224,90,487,905,93,178,339,88,759,316,815,244,736,988,560,263,982,301,199,304,719,546,699,325,780,444,203,153,585,115,446,712,547,695,247,401,973,557,138,637,803,693,249,495,13,469,892,447,405,169,953,827,106,108,364,1,914,39,750,678,200,969,380,711,435,236,718,568,386,95,15,300,213,31,240,868,48,570,426,628,792,955,933,776,859,227,761,825,491,651,442,360,50,753,886,916,578,521,714,399,409,768,17,462,183,448,470,58,253,960,631,441,610,456,430,167,20,306,833,638,696,92,120,418,2,96,28,76,490,36,593,611,288,368,424,223,22,172,871,124,550,806,808,773,786,649,840,53,215,241,231,428,613,392,738,919,918,752,454,561,141,296,885,795,60,672,757,697,41,44,16,73,150,230,954,872,270,389,530,181,294,564,139,766,974,642,763,126,129,877,707,252,940,416,292,72,548,265,193,569,5,394,189,874,248,866,807,271,562,320,305,343,239,82,947,256,146,614,344,206,539,309,375,437,319,449,156,408,559,317,229,984,931,369,406,816,746,179,659,541,624,40,690,755,140,575,861,335,415,754,567,952,774,313,280,895,62,259,636,367,814,880,202,851,511,536,516,980,245,887,584,618,737,856,118,105,896,434,532,395,713,826,882,961,165,23,782,12,477,911,800,460,378,622,620,251,158,177,297,992,18,149,893,185,353,494,544,145,845,817,481,42,52,285,464,775,854,742,465,273,937,83,135,823,318,159,725,580,983,820,417,666,864,813,928,372,889,660,473,322,25,648,204,685,740,311,450,383,867,975,579,290,900,528,904,385,818,332,201,71,538,793,654,468,968,208,478,420,625,907,582,647,762,432,282,440,632,847,964,987,112,173,84,152,837,744,832,68,671,94,727,650,67,340,393,857,9,315,801,509,962,595,238,51,515,109,605,668,91,453,921,188,286,35,617,769,791,101,498,459,558,171,350,80,144,802,986,894,540,621,597,810,161,798,186,732,533,281,471,577,235,779,743,134,910,922,923,563,513,237,689,175,855,484,225,216,370,976,676,54,804,104,264,163,715,576,410,365,912,493,137,645,127,291,510,574,501,327,382,897,56,965,552,587,640,927,545,683,523,507,730,957,788,929,599,267,839,735,390,729,596,308,724,30,404,329,846,971,733,21,571,878,903,809,765,901,604,537,359,226,705,662,333,658,789,132,34,451,79,266,591,981,635,720,526,349,233,220,756,59,99,174,508,89,535,414,612,142,543,908,706,205,687,475,324,778,783,891,876,38,913,748,679,619,397,811,413,269,37,664,723,391,32,603,688,525,633,461,210,403,869,862,917,302,11,438,989,529,388,49,566,147,180,549,512,151,155,978,906,522,7,191,421,586,257,452,197,716,342,945,356,935,853,790,194,692,480,250,55,873,209,831,419,6,821,164,355,828,930,458,681,27,865,555,289,358,843,634,594,870,785,875,781,262,63,844,751,472,377,45,69,848,492,644,276,66,675,19,293,842,43,217,519,85,623,314,396,745,941,117,466,609,357,553,323,852,70,670,583,334,926,850,102,920,592,656,767,485,195,606,110,29,190,942,143,232,684,242,977,274,170,107,967,838,951,198,425,932,136,884,387,506,835,497,590,98,520,33,483,627,260,979,243,345,
value : 414.813 running time : 733.872113
0 80 20
103 62.4444 15.9887
959 62.4102 15.9918
819 62.3797 15.9945
721 62.3528 15.997
295 61.6927 16.0569
777 61.0263 16.1173
24 60.4146 16.1728
176 59.7305 16.2349
504 58.9557 16.3052
598 57.8817 16.4026
653 53.9082 16.7631
581 52.7109 16.8717
518 43.8397 17.6763
287 40.4586 18.2205
337 37.3154 18.7264
221 34.0675 19.2491
351 33.9714 19.2646
363 33.874 19.2803
573 33.7755 19.2961
26 33.6725 19.3127
787 33.5565 19.3314
261 33.4556 19.3476
246 33.3356 19.3669
702 33.2262 19.3845
834 33.1358 19.3991
669 33.033 19.4156
643 32.9271 19.4327
407 32.8405 19.4466
467 32.7476 19.4616
824 32.4538 19.5088
934 32.2189 19.5467
278 31.5404 19.6559
899 31.1069 19.7256
284 30.8589 19.7655
602 30.6142 19.8049
379 30.4196 19.8362
160 30.1894 19.8733
486 26.8607 20.4093
111 26.8607 20.4093
709 26.8607 20.4093
822 26.8607 20.4093
915 26.8607 20.4093
626 26.8607 20.4093
64 26.8607 20.4093
704 26.8607 20.4093
439 26.8607 20.4093
310 26.8607 20.4093
883 25.9407 20.0944
307 24.3225 19.5405
354 22.3215 18.8556
8 19.5396 17.9035
211 17.2936 17.1348
362 15.4768 16.5129
366 14.4748 16.1699
572 13.4794 15.8292
299 13.1671 15.7052
902 13.0912 15.675
881 12.9894 15.6346
674 12.9006 15.5994
474 12.8206 15.5676
488 12.7225 15.5287
646 12.6195 15.4877
741 12.5331 15.4534
61 12.4377 15.4155
661 12.3602 15.3847
812 12.2594 15.3447
254 12.2355 15.7693
722 12.2158 16.1195
187 12.1645 17.0326
629 12.1265 17.7073
348 12.0721 18.6735
412 12.0164 19.664
588 11.9619 20.6326
682 11.8999 21.7332
268 11.8179 23.1912
87 11.7476 24.4394
963 11.7173 24.9784
402 11.6852 25.5495
710 11.6481 26.2089
258 11.6122 26.8456
65 11.5741 27.5227
121 11.5487 27.9747
4 11.5285 28.3326
943 11.5066 28.7227
133 11.4849 29.1074
514 11.4629 29.4982
86 11.4414 29.8813
898 11.4216 30.2327
641 11.403 30.5628
455 11.3816 30.9437
331 11.3577 31.3676
836 11.3298 31.8643
74 11.301 32.3757
829 11.27 32.9266
125 11.2383 33.4894
794 11.211 33.9759
985 11.1739 34.6342
673 11.1387 35.2597
655 10.8206 40.9124
616 10.7453 42.2487
770 10.6696 43.5938
677 10.5926 44.9592
700 10.5908 44.9923
909 10.5885 45.0333
731 10.5864 45.0703
990 10.5842 45.1094
758 10.5817 45.1531
949 10.5796 45.191
499 10.5776 45.2265
123 10.5753 45.2663
78 10.5731 45.3059
228 10.5708 45.3469
841 10.5684 45.3897
663 10.5662 45.4285
771 10.564 45.4678
384 10.562 45.5038
10 10.5597 45.5432
423 10.5572 45.5886
218 10.5543 45.6392
565 10.5518 45.6833
527 10.5499 45.7181
336 10.548 45.7521
212 10.5463 45.7812
214 10.5443 45.8175
330 10.5427 45.8461
863 10.5408 45.879
958 10.5388 45.9146
698 10.5364 45.9567
279 10.5344 45.9932
46 10.5326 46.0239
938 10.5304 46.0632
858 10.4784 46.0858
797 10.4211 46.1107
328 10.3537 46.1399
749 10.3784 46.4887
936 10.4025 46.8295
341 10.4245 47.1404
542 10.447 47.4591
57 10.4682 47.7591
534 10.4884 48.0443
283 10.5075 48.3142
128 10.5334 48.6813
925 10.5615 49.0791
148 10.5799 49.3393
116 10.6015 49.6451
849 10.624 49.9627
505 10.6431 50.2332
122 10.6626 50.5091
476 10.6767 50.7081
47 10.6941 50.9545
373 10.7106 51.1881
166 10.7282 51.4361
154 10.7436 51.6544
972 10.7615 51.908
222 10.7776 52.1348
422 10.7963 52.399
196 10.8129 52.6343
489 10.8264 52.8254
805 10.8413 53.0365
312 10.8553 53.2345
496 10.8779 53.5533
157 10.9017 53.8902
182 10.9303 54.2952
708 10.9591 54.7015
463 10.9856 55.0774
303 11.0163 55.5118
100 11.0458 55.928
352 11.0759 56.3538
956 11.1086 56.8159
652 11.1386 57.2413
589 11.2327 58.5724
371 11.3225 59.8415
427 11.3719 60.5401
411 11.4024 60.9727
482 11.4315 61.3841
760 11.4584 61.7633
347 11.4884 62.1887
686 11.5216 62.6583
630 11.5416 62.9405
3 11.5614 63.2208
131 11.5815 63.505
81 11.603 63.8085
429 11.6245 64.1127
691 11.6416 64.355
400 11.6649 64.6842
607 11.6838 64.9524
703 11.7002 65.1845
739 11.7189 65.4489
14 11.738 65.7184
130 11.7555 65.9664
234 11.7729 66.2122
531 11.7929 66.4955
556 11.8191 66.8653
457 11.8381 67.1349
500 11.8542 67.3618
168 11.8705 67.5924
600 11.8783 67.7032
939 11.8853 67.8018
376 11.894 67.9248
991 11.9041 68.0679
77 11.9122 68.1824
479 11.9215 68.3144
726 11.9302 68.4366
701 11.9381 68.5484
503 11.9458 68.6579
924 11.9534 68.7651
879 11.9609 68.8709
255 11.9685 68.978
784 11.9763 69.0889
517 11.985 69.2127
799 11.9935 69.3326
694 12.0023 69.4568
680 12.0102 69.568
114 12.0176 69.6736
764 12.0255 69.7841
192 12.0346 69.9133
97 12.044 70.0471
734 12.0528 70.171
381 12.0622 70.304
667 12.0718 70.439
948 12.0811 70.5707
860 12.0907 70.7071
162 12.0991 70.8263
272 12.1077 70.9475
946 12.1171 71.0808
524 12.1251 71.1937
888 12.1345 71.3269
275 12.1184 71.3569
772 12.1022 71.3872
601 12.0845 71.4202
219 12.0649 71.4568
277 12.046 71.4919
665 12.0283 71.525
361 12.0121 71.5553
398 11.9954 71.5864
747 11.9776 71.6195
551 11.9583 71.6557
346 11.9399 71.69
113 11.9229 71.7217
443 11.905 71.7549
950 11.8865 71.7896
615 11.8655 71.8286
502 11.8501 71.8574
338 11.8332 71.889
639 11.8148 71.9233
966 11.7975 71.9556
944 11.5541 74.6845
890 11.5415 74.8266
374 11.5297 74.9597
298 11.5182 75.0892
657 11.5066 75.2195
970 11.4952 75.3472
321 11.4814 75.5024
796 11.4693 75.6389
717 11.4583 75.7622
445 11.4446 75.9161
119 11.4305 76.0751
433 11.4146 76.2533
830 11.3999 76.4187
554 11.3861 76.5741
728 11.3736 76.715
436 11.3606 76.8606
431 11.3487 76.9953
608 11.3367 77.1297
207 11.3258 77.2527
326 11.277 77.8016
75 11.2257 78.3781
184 11.1814 78.8763
224 11.1385 79.3591
90 11.0723 80.1026
487 11.0151 80.7465
905 10.9496 81.4831
93 10.8885 82.1693
178 10.8351 82.7707
339 10.7814 83.3739
88 10.7078 84.2023
759 10.6322 85.0516
316 10.5502 85.9738
815 10.4731 86.8406
244 10.399 87.674
736 10.3071 88.7071
988 10.2106 89.7925
560 10.2126 89.7923
263 10.2142 89.7922
982 10.2159 89.7921
301 10.2175 89.7919
199 10.2192 89.7918
304 10.221 89.7917
719 10.2227 89.7916
546 10.2245 89.7914
699 10.2263 89.7913
325 10.2281 89.7912
780 10.2298 89.791
444 10.2313 89.7909
203 10.233 89.7908
153 10.2346 89.7907
585 10.2362 89.7906
115 10.2382 89.7904
446 10.24 89.7903
712 10.2418 89.7901
547 10.2434 89.79
695 10.2454 89.7899
247 10.247 89.7897
401 10.2485 89.7896
973 10.2503 89.7895
557 10.2521 89.7894
138 10.2537 89.7892
637 10.2554 89.7891
803 10.2571 89.789
693 10.2589 89.7889
249 10.261 89.7887
495 10.2627 89.7886
13 10.2643 89.7885
469 10.2661 89.7883
892 10.2675 89.7882
447 10.269 89.7881
405 10.2705 89.788
169 10.2722 89.7879
953 10.2738 89.7878
827 10.2754 89.7876
106 10.2771 89.7875
108 10.2789 89.7874
364 10.2806 89.7872
1 10.2823 89.7871
914 10.2839 89.787
39 10.2855 89.7869
750 10.2873 89.7868
678 10.2889 89.7866
200 10.2907 89.7865
969 10.2924 89.7864
380 10.2941 89.7862
711 10.2959 89.7861
435 10.2977 89.786
236 10.2996 89.7858
718 10.3014 89.7857
568 10.3033 89.7856
386 10.3052 89.7854
95 10.307 89.7853
15 10.3087 89.7852
300 10.3103 89.785
213 10.312 89.7849
31 10.561 89.7665
240 10.7899 89.7495
868 11.0301 89.7317
48 11.3022 89.7115
570 11.5382 89.694
426 11.8825 89.6685
628 12.3494 89.6339
792 12.8285 89.5984
955 13.5373 89.5459
933 14.2624 89.4921
776 14.9574 89.4406
859 15.6546 89.389
227 16.2257 89.3466
761 16.8089 89.3034
825 17.3018 89.2669
491 17.7942 89.2304
651 18.2504 89.1966
442 18.6808 89.1647
360 19.1548 89.1296
50 19.6169 89.0953
753 20.0677 89.0619
886 20.5391 89.027
916 20.9952 88.9932
578 21.484 88.9569
521 21.9142 88.925
714 22.3521 88.8926
399 22.8041 88.8591
409 23.4699 88.8098
768 24.1071 88.7625
17 24.7589 88.7142
462 25.4892 88.6601
183 27.012 88.5473
448 28.6706 88.4244
470 28.6824 88.4236
58 28.6925 88.4228
253 28.705 88.4219
960 28.717 88.421
631 28.7278 88.4202
441 28.7385 88.4194
610 28.7503 88.4185
456 28.7617 88.4177
430 28.774 88.4168
167 28.7861 88.4159
20 28.7981 88.415
306 28.8093 88.4142
833 28.8204 88.4133
638 28.8333 88.4124
696 28.8449 88.4115
92 28.8575 88.4106
120 28.869 88.4097
418 28.8799 88.4089
2 28.8925 88.408
96 28.904 88.4071
28 28.9151 88.4063
76 28.926 88.4055
490 28.9372 88.4047
36 28.9488 88.4038
593 28.9601 88.403
611 28.9743 88.4019
288 28.9866 88.401
368 29.0002 88.4
424 29.0147 88.3989
223 29.031 88.3977
22 29.0468 88.3966
172 29.0603 88.3956
871 29.0719 88.3947
124 29.2801 88.3793
550 29.4911 88.3637
806 29.7405 88.3452
808 29.9823 88.3273
773 30.2057 88.3107
786 30.4375 88.2936
649 30.6673 88.2766
840 30.8844 88.2605
53 31.0898 88.2453
215 31.1986 88.2372
241 31.2861 88.2307
231 31.3712 88.2244
428 31.4573 88.2181
613 31.5557 88.2108
392 31.6473 88.204
738 31.7386 88.1972
919 31.8201 88.1912
918 31.9061 88.1848
752 31.9988 88.178
454 32.0763 88.1722
561 32.1673 88.1655
141 32.2415 88.16
296 32.3163 88.1544
885 32.3937 88.1487
795 32.4819 88.1422
60 32.5617 88.1363
672 32.6433 88.1302
757 32.7182 88.1247
697 32.7993 88.1187
41 32.9779 88.1054
44 33.1589 88.092
16 33.4028 88.074
73 33.6702 88.0542
150 33.9444 88.0339
230 34.2261 88.013
954 34.4892 87.9935
872 34.786 87.9715
270 35.0989 87.9484
389 35.3999 87.9261
530 35.6761 87.9056
181 35.6761 87.9056
294 35.6761 87.9056
564 35.6761 87.9056
139 35.6761 87.9056
766 36.5425 87.8011
974 37.1352 87.7296
642 38.3091 87.5879
763 38.9401 87.5117
126 39.5491 87.4383
129 39.5491 87.4383
877 39.5491 87.4383
707 39.5491 87.4383
252 39.5491 87.4383
940 39.9179 87.6164
416 40.082 87.6957
292 40.2422 87.7731
72 40.4183 87.8581
548 40.5951 87.9435
265 40.7793 88.0325
193 41.0677 88.0439
569 41.3117 88.0536
5 41.5774 88.0641
394 41.7199 88.0698
189 41.8738 88.0759
874 42.0501 88.0828
248 42.2031 88.0889
866 42.3446 88.0945
807 42.4789 88.0998
271 42.6166 88.1053
562 42.7933 88.1123
320 42.9642 88.119
305 43.1178 88.1251
343 43.2683 88.1311
239 43.4198 88.1371
82 43.5678 88.1429
947 43.7206 88.149
256 43.8407 88.1537
146 43.9926 88.1598
614 44.1641 88.1666
344 50.7544 88.4277
206 50.7544 88.4277
539 50.7544 88.4277
309 50.7544 88.4277
375 50.7694 88.4261
437 50.7837 88.4246
319 50.7993 88.4229
449 50.8136 88.4214
156 50.8296 88.4197
408 50.8453 88.418
559 50.8606 88.4164
317 51.0093 88.4006
229 51.103 88.3907
984 51.1899 88.3814
931 51.2715 88.3728
369 51.3024 88.3695
406 51.3324 88.3663
816 51.3664 88.3627
746 51.3953 88.3596
179 51.4286 88.3561
659 51.4595 88.3528
541 51.4921 88.3494
624 51.529 88.3454
40 51.5656 88.3415
690 51.6004 88.3378
755 51.6317 88.3345
140 51.6684 88.3306
575 51.7054 88.3267
861 51.7377 88.3233
335 51.7724 88.3196
415 51.8046 88.3162
754 51.8383 88.3126
567 51.8737 88.3088
952 51.903 88.3057
774 51.9343 88.3024
313 51.9679 88.2988
280 52.0014 88.2953
895 52.0331 88.2919
62 52.0648 88.2885
259 52.0991 88.2849
636 52.1304 88.2816
367 52.1627 88.2781
814 52.1937 88.2748
880 52.23 88.271
202 52.2635 88.2674
851 52.2943 88.2642
511 52.3241 88.261
536 52.3565 88.2576
516 52.3902 88.254
980 52.4261 88.2502
245 52.4605 88.2465
887 52.4956 88.2428
584 52.5277 88.2394
618 52.5597 88.236
737 52.5937 88.2324
856 52.626 88.229
118 52.6575 88.2256
105 52.6863 88.2226
896 52.7206 88.2189
434 52.7533 88.2154
532 52.7864 88.2119
395 52.8238 88.208
713 52.8504 88.2051
826 52.8816 88.2018
882 52.9113 88.1987
961 52.9411 88.1955
165 53.3188 88.1554
23 53.9714 88.0861
782 54.9202 87.9854
12 55.9891 87.8719
477 57.0718 87.757
911 58.0217 87.6561
800 59.1018 87.5415
460 61.0932 87.33
378 62.1841 87.3916
622 63.2692 87.4528
620 64.2807 87.5098
251 65.1589 87.5593
158 65.8594 87.5988
177 66.4572 87.6325
297 67.133 87.6706
992 67.8147 87.7091
18 68.5996 87.7533
149 69.5206 87.8053
893 70.4386 87.8571
185 70.4386 87.8571
353 70.6664 87.8608
494 70.8871 87.8644
544 71.0727 87.8675
145 71.268 87.8707
845 71.4695 87.874
817 71.6704 87.8773
481 71.8897 87.8809
42 72.1023 87.8844
52 72.336 87.8882
285 72.5822 87.8923
464 72.8177 87.8961
775 73.1119 87.901
854 73.4032 87.9057
742 73.6824 87.9103
465 73.9285 87.9144
273 74.1875 87.9186
937 74.793 87.9286
83 75.4437 87.9393
135 76.2295 87.9522
823 76.2296 87.9522
318 76.2296 87.9522
159 76.2296 87.9522
725 76.2296 87.9522
580 76.2296 87.9522
983 80.8507 87.9885
820 80.9771 87.9877
417 81.0983 87.9869
666 81.2356 87.986
864 81.3753 87.985
813 81.5239 87.9841
928 81.6857 87.983
372 86.0121 83.563
889 85.8761 83.4539
660 85.7338 83.3396
473 85.6006 83.2327
322 85.4657 83.1244
25 85.3323 83.0173
648 85.1778 82.8932
204 85.0443 82.7861
685 84.922 82.6879
740 84.7929 82.5842
311 84.6769 82.4912
450 84.5528 82.3916
383 76.9557 77.4251
867 75.9423 76.7627
975 75.3807 76.3955
579 74.865 76.0584
290 74.339 75.7145
900 73.8878 75.4195
528 73.4749 75.1496
904 72.7806 74.6958
385 72.2652 74.3588
818 71.7038 73.9918
332 71.0861 73.588
201 69.4989 72.5504
71 67.5373 71.268
538 62.418 67.9214
793 60.595 66.7296
654 60.6012 66.752
468 60.6057 66.768
968 60.6107 66.786
208 60.6162 66.8054
478 60.6212 66.8233
420 60.6262 66.8413
625 60.6309 66.858
907 60.6363 66.8774
582 60.642 66.8977
647 60.6469 66.9154
762 60.6521 66.934
432 60.6576 66.9534
282 60.6623 66.9702
440 60.6679 66.9905
632 60.6737 67.011
847 60.6792 67.0306
964 60.684 67.0479
987 60.6899 67.0692
112 60.6953 67.0882
173 60.7006 67.1071
84 60.7056 67.1251
152 60.7119 67.1476
837 60.6558 67.4256
744 60.5399 67.5108
832 60.3886 67.622
68 60.2645 67.7133
671 60.1046 67.8309
94 59.9684 67.931
727 59.8648 68.0072
650 59.7556 68.0875
67 59.6232 68.1849
340 59.4819 68.2888
393 59.3387 68.394
857 59.1749 68.5145
9 59.0411 68.6129
315 58.9131 68.707
801 58.7898 68.7977
509 58.7198 68.775
962 58.6518 68.7529
595 58.4641 68.6919
238 58.2784 68.6316
51 58.1094 68.5766
515 57.4697 68.3688
109 56.8704 68.174
605 56.3322 67.9992
668 55.7698 67.8164
91 55.131 67.6089
453 54.53 67.4136
921 53.9812 67.2353
188 53.4474 67.0618
286 53.0824 66.9432
35 52.7258 66.8273
617 52.3642 66.7098
769 52 66.5915
791 51.5732 66.4528
101 51.134 66.3101
498 50.7954 66.2001
459 50.4883 66.1003
558 50.2144 66.0113
171 49.9413 65.9225
350 49.7372 65.8562
80 49.5792 65.8049
144 49.4509 65.7632
802 49.3292 65.7236
986 49.1845 65.6766
894 49.0264 65.6252
540 48.8747 65.5759
621 48.8747 65.5759
597 48.8747 65.5759
810 48.8747 65.5759
161 48.8747 65.5759
798 48.8747 65.5759
186 48.8747 65.5759
732 48.2159 65.5842
533 47.6603 65.5912
281 47.2864 65.5958
471 46.9047 65.6006
577 46.5765 65.6047
235 46.1381 65.6102
779 45.6798 65.616
743 45.2484 65.6214
134 44.7502 65.6276
910 44.2509 65.6339
922 43.8126 65.6394
923 43.8126 65.6394
563 43.1297 66.5338
513 41.7808 66.2079
237 39.1678 65.5766
689 39.131 65.5677
175 39.1307 65.5676
855 39.1305 65.5676
484 39.1302 65.5675
225 39.13 65.5674
216 39.1297 65.5674
370 39.1294 65.5673
976 39.1292 65.5672
676 39.1289 65.5672
54 39.1286 65.5671
804 39.1284 65.567
104 39.1281 65.567
264 39.1278 65.5669
163 39.1276 65.5669
715 39.1273 65.5668
576 39.127 65.5667
410 39.1268 65.5667
365 39.1265 65.5666
912 39.1262 65.5665
493 39.1259 65.5665
137 39.1257 65.5664
645 39.1254 65.5663
127 39.1251 65.5663
291 36.4475 65.6753
510 33.7332 65.7858
574 33.4254 65.7983
501 33.118 65.8108
327 32.8051 65.8235
382 32.5189 65.8351
897 32.2425 65.8463
56 32.1122 65.8516
965 31.9426 65.8585
552 31.7773 65.8652
587 31.636 65.871
640 31.4956 65.8767
927 31.3528 65.8825
545 31.2236 65.8877
683 31.1841 65.9199
523 31.1392 65.9564
507 31.0929 65.9941
730 31.0443 66.0337
957 31.0056 66.0652
788 30.9647 66.0985
929 30.9244 66.1313
599 30.8778 66.1692
267 30.8356 66.2036
839 30.7921 66.239
735 30.744 66.2781
390 30.6974 66.3161
729 30.6529 66.3523
596 30.6096 66.3876
308 30.5639 66.4247
724 30.518 66.4621
30 30.477 66.4955
404 30.4264 66.5367
329 30.378 66.5761
846 30.333 66.6127
971 30.289 66.6485
733 30.248 66.6819
21 30.2053 66.7167
571 30.1605 66.7531
878 30.1185 66.7873
903 30.0782 66.8201
809 30.0406 66.8507
765 29.9946 66.8882
901 29.9414 66.9315
604 29.8865 66.9762
537 29.8389 67.0149
359 29.7988 67.0476
226 29.7536 67.0843
705 29.7116 67.1186
662 29.6595 67.161
333 29.6074 67.2034
658 29.6025 67.1344
789 29.597 67.0589
132 29.5913 66.9788
34 29.5854 66.8977
451 29.5802 66.8257
79 29.5755 66.7592
266 29.5712 66.7003
591 29.5662 66.6305
981 29.561 66.5579
635 29.557 66.5029
720 29.5523 66.437
526 29.548 66.3771
349 29.543 66.3074
233 29.5381 66.24
220 29.5343 66.1865
756 29.4556 65.0939
59 29.3968 64.2763
99 29.3503 63.6293
174 28.4155 50.6413
508 28.6715 49.7219
89 28.9382 48.764
535 29.2223 47.7436
414 29.5056 46.726
612 29.7704 45.7747
142 29.8139 45.6186
543 29.8674 45.4265
908 29.9215 45.2319
706 29.9832 45.0102
205 30.0409 44.8033
687 30.0409 44.8033
475 30.0409 44.8033
324 30.0409 44.8033
778 30.0409 44.8033
783 30.0409 44.8033
891 30.0409 44.8033
876 30.0409 44.8033
38 30.0409 44.8033
913 30.0409 44.8033
748 30.0409 44.8033
679 30.0409 44.8033
619 30.0409 44.8033
397 30.0409 44.8033
811 30.0409 44.8033
413 30.0409 44.8033
269 30.0409 44.8033
37 30.0409 44.8033
664 30.0409 44.8033
723 30.0409 44.8033
391 30.0409 44.8033
32 30.0409 44.8033
603 30.5205 44.638
688 30.997 44.4738
525 31.4962 44.3017
633 32.0022 44.1273
461 33.1008 43.7487
210 33.4096 43.6422
403 33.4259 43.6366
869 33.4455 43.6299
862 33.4707 43.6212
917 33.4924 43.6137
302 33.5118 43.607
11 33.5318 43.6001
438 33.5536 43.5926
989 33.5782 43.5841
529 33.5992 43.5769
388 33.6208 43.5695
49 33.6449 43.5611
566 33.6685 43.553
147 33.6901 43.5456
180 33.7128 43.5378
549 33.7328 43.5309
512 36.6351 42.5305
151 38.6864 41.8235
155 42.37 40.5538
978 46.2285 39.2239
906 46.2285 39.2239
522 46.2285 39.2239
7 46.3339 39.1199
191 46.4614 38.9941
421 46.5875 38.8697
586 46.7054 38.7533
257 46.8153 38.6449
452 46.9222 38.5394
197 47.043 38.4201
716 47.1558 38.3088
342 47.2599 38.206
945 47.3811 38.0864
356 47.5577 37.9121
935 47.749 37.7234
853 47.9225 37.5522
790 48.0942 37.3826
194 48.2677 37.2115
692 48.5603 36.9227
480 48.8988 36.5886
250 49.3372 36.1561
55 49.751 35.7477
873 50.1057 35.3977
209 50.4235 35.084
831 50.7558 34.7561
419 50.7558 34.7561
6 51.0789 35.0593
821 51.3825 35.344
164 51.4905 35.4453
355 51.6243 35.5708
828 51.7505 35.6892
930 51.8718 35.803
458 51.987 35.911
681 52.0996 36.0166
27 52.2139 36.1239
865 52.3219 36.2252
555 52.4396 36.3355
289 52.5621 36.4505
358 53.9492 37.7518
843 55.1551 38.883
634 55.1782 38.9046
594 55.2007 38.9257
870 55.2216 38.9453
785 55.2424 38.9649
875 55.267 38.9879
781 55.2897 39.0093
262 55.3127 39.0308
63 55.3127 39.0308
844 55.3127 39.0308
751 55.3127 39.0308
472 55.3127 39.0308
377 55.5367 39.2165
45 55.7541 39.3967
69 55.9316 39.5438
848 56.1278 39.7065
492 56.6461 40.1362
644 57.1443 40.5492
276 57.5054 40.8485
66 58.0001 41.2586
675 58.5902 41.7477
19 59.0924 42.1641
293 65.4922 47.4695
842 65.4922 47.4695
43 65.4922 47.4695
217 65.4922 47.4695
519 65.4922 47.4695
85 65.7657 47.6753
623 66.1629 47.9744
314 66.6624 48.3504
396 67.2321 48.7792
745 67.8446 49.2402
941 68.3343 49.6306
117 68.7199 49.9379
466 69.1361 50.2696
609 69.5731 50.618
357 70.0063 50.9633
553 70.5735 51.4154
323 71.1064 51.8401
852 72.5279 52.9734
70 72.5279 52.9734
670 72.5279 52.9734
583 72.5279 52.9734
334 72.5279 52.9734
926 72.5279 52.9734
850 72.5279 52.9734
102 72.5279 52.9734
920 72.5279 52.9734
592 72.5279 52.9734
656 72.5279 52.9734
767 72.5279 52.9734
485 72.5279 52.9734
195 72.5279 52.9734
606 72.5279 52.9734
110 74.0339 53.7298
29 74.4622 53.6128
190 74.8135 53.5169
942 75.2468 53.3986
143 75.7504 53.2611
232 76.4665 53.0655
684 77.9103 52.6712
242 78.8715 52.4087
977 79.7368 52.1724
274 80.5719 51.9444
170 81.0775 51.8063
107 81.4848 51.6951
967 81.7986 51.6094
838 82.1764 51.5062
951 82.5601 51.4014
198 82.9073 51.3066
425 83.2443 51.2146
932 83.6402 51.1065
136 84.083 50.9855
884 84.5004 50.8716
387 84.8739 50.7695
506 85.3256 50.6462
835 85.7692 50.5251
497 86.2419 50.396
590 86.2518 38.1274
98 86.2551 33.9805
520 86.257 31.6542
33 86.2599 28.0803
483 86.2684 17.5916
627 86.2684 17.5916
260 86.2684 17.5916
979 85.6984 17.8106
243 85.1281 18.0297
345 83.9834 18.4695
