0,103,598,24,295,721,504,959,819,176,581,777,831,518,379,261,653,287,310,289,419,246,407,160,26,934,111,822,573,337,704,307,278,702,824,915,354,602,883,669,787,709,64,643,351,284,626,363,221,211,812,629,8,348,254,488,682,366,902,741,881,61,588,402,673,362,722,187,412,646,661,674,963,439,87,899,486,898,299,836,572,829,268,985,331,514,710,74,794,4,258,125,133,474,86,455,641,121,65,205,32,943,328,148,496,312,805,116,279,858,700,849,78,909,423,10,212,505,749,936,341,542,57,128,841,499,352,476,157,770,797,731,283,708,166,527,652,534,949,222,154,123,565,391,336,958,182,330,47,422,46,100,698,771,373,384,863,663,703,218,174,463,489,677,691,758,990,616,228,925,303,972,938,122,214,956,950,639,686,717,796,445,114,196,589,347,329,517,665,272,760,981,482,427,361,338,607,825,701,502,97,500,630,192,524,220,457,680,411,255,657,321,398,747,234,772,939,81,503,726,3,924,600,219,879,277,694,162,371,799,966,734,948,376,667,99,131,764,77,531,479,400,830,168,119,615,374,890,184,658,14,429,113,991,443,556,298,207,224,381,130,326,346,487,784,970,635,860,739,886,431,433,728,339,90,551,946,300,1,108,905,436,554,50,988,213,944,568,399,75,39,759,495,249,693,401,247,815,914,17,178,792,628,426,570,546,699,780,444,153,115,240,386,325,547,88,736,955,446,557,719,169,750,953,982,316,827,106,364,447,244,380,435,93,442,360,885,462,13,585,678,200,969,236,718,712,973,199,711,916,868,304,95,405,263,203,301,714,31,138,637,803,695,550,560,892,227,48,15,776,469,608,146,441,456,430,768,933,167,253,368,761,76,593,918,28,41,697,578,808,16,954,44,394,872,256,638,183,672,73,124,96,2,859,786,223,60,424,36,92,919,611,20,418,490,296,288,491,757,871,521,651,753,150,610,409,833,696,58,649,306,333,631,120,707,470,614,53,806,141,960,231,241,215,548,270,874,840,814,292,437,561,305,343,659,319,569,428,309,72,392,449,866,766,22,539,172,129,877,416,752,271,230,139,516,415,5,239,206,738,562,448,181,389,265,974,807,189,773,795,559,613,294,344,532,82,563,947,375,690,940,746,408,713,320,826,530,961,541,636,511,105,564,816,763,642,165,126,193,317,887,259,755,895,156,434,40,624,774,952,406,931,202,245,851,62,896,367,477,335,992,980,984,395,882,911,23,185,618,737,856,118,584,280,567,179,536,369,754,575,177,140,313,12,861,880,937,378,285,864,353,52,622,845,42,273,823,145,297,251,817,620,544,465,666,158,464,417,71,149,820,854,813,494,318,983,740,159,775,893,580,135,725,928,372,204,528,311,685,742,473,889,25,322,660,450,648,481,904,727,393,801,595,867,340,654,383,987,900,110,201,852,51,68,837,744,83,173,18,385,818,975,67,332,478,962,650,290,152,579,229,558,91,605,538,907,440,9,668,762,800,460,509,647,632,248,94,832,683,459,515,769,432,208,964,857,315,577,238,968,235,743,293,671,35,282,782,617,112,84,986,582,810,793,847,791,286,144,802,498,921,161,453,798,101,468,109,484,855,188,281,923,625,264,163,134,513,216,56,912,533,976,779,894,804,621,540,171,350,597,724,676,54,471,104,732,576,715,410,365,788,809,599,839,662,454,596,404,965,382,929,888,226,537,507,252,689,901,359,349,59,291,390,604,735,523,225,175,308,80,789,601,927,878,21,571,591,971,720,526,552,132,910,729,266,34,897,451,903,730,275,756,733,603,574,137,765,267,493,501,645,957,79,846,510,705,30,640,327,233,587,147,480,324,862,142,461,922,127,370,688,748,388,38,545,89,438,633,655,989,783,723,913,508,908,543,37,7,522,778,664,811,529,151,535,414,679,237,475,302,706,891,403,269,525,619,413,549,869,11,687,612,397,512,356,155,566,472,180,834,692,49,848,191,853,194,210,790,69,876,467,355,586,945,917,342,906,716,197,452,935,257,930,785,681,63,6,358,821,209,865,27,377,828,555,55,250,458,421,873,164,842,519,43,844,66,19,492,843,594,634,675,978,262,276,781,751,357,314,644,217,875,870,45,623,85,485,396,117,186,29,606,656,190,102,70,583,941,143,926,232,420,767,466,323,850,609,942,670,553,334,951,107,136,592,684,977,425,932,967,170,884,198,920,387,242,506,835,497,745,195,274,838,98,520,590,33,483,243,345,979,627,260,
value : 398.977 running time : 1362.650147
0 80 20
103 62.4466 15.9888
598 62.422 15.9911
24 62.3993 15.9932
295 62.3777 15.9951
721 62.3578 15.9969
504 61.5214 16.0732
959 60.5915 16.158
819 59.6083 16.2476
176 58.5599 16.3432
581 57.2934 16.4585
777 55.899 16.5855
831 54.3815 16.7237
518 43.743 17.6881
379 42.3107 17.8949
261 41.941 17.9484
653 41.5963 17.9982
287 41.235 18.0505
310 40.8887 18.1006
289 40.556 18.1487
419 40.1751 18.2039
246 38.2088 18.4876
407 37.6389 18.5701
160 37.0709 18.6522
26 36.5816 18.723
934 36.075 18.7962
111 35.4895 18.8809
822 34.9045 18.9654
573 34.3344 19.0479
337 33.7343 19.1346
704 33.0852 19.2284
307 32.388 19.3292
278 31.7579 19.4203
702 31.1399 19.269
824 30.6367 19.1458
915 30.1441 19.0252
354 29.6979 18.916
602 29.2872 18.8154
883 28.9443 18.7314
669 28.5403 18.6325
787 28.1651 18.5406
709 27.7391 18.4363
64 27.2897 18.3263
643 26.828 18.2133
351 26.3983 18.108
284 25.9137 17.9894
626 25.4308 17.8712
363 24.8824 17.7369
221 23.9157 17.5003
211 16.7662 15.7521
812 13.0009 14.8311
629 12.9985 14.8854
8 12.9959 14.9447
348 12.9932 15.0067
254 12.9906 15.0669
488 12.9883 15.1194
682 12.9856 15.1796
366 12.9829 15.2425
902 12.98 15.3073
741 12.9777 15.3606
881 12.9755 15.4108
61 12.9729 15.4699
588 12.9702 15.5313
402 12.9674 15.5945
673 12.965 15.6507
362 12.9628 15.6999
722 12.9606 15.7501
187 12.8663 17.8944
412 12.9209 18.6776
646 12.9766 19.4758
661 13.0556 20.608
674 13.1334 21.7214
963 13.2188 22.9436
439 13.3061 24.1928
87 13.4638 26.4444
899 13.573 28.0062
486 13.692 29.7073
898 11.9419 32.8406
299 11.9419 32.8406
836 11.9419 32.8406
572 11.9419 32.8407
829 11.9419 32.8407
268 11.9419 32.8407
985 11.9419 32.8407
331 11.9419 32.8408
514 11.9418 32.8408
710 11.9418 32.8408
74 11.9418 32.8409
794 11.9418 32.8409
4 11.9418 32.8409
258 11.9418 32.8409
125 11.9418 32.841
133 11.9418 32.841
474 11.9418 32.841
86 11.9127 33.1559
455 11.8812 33.4953
641 11.8301 34.0472
121 11.7617 34.783
65 11.6864 35.5935
205 11.6086 36.4307
32 11.5174 37.4099
943 11.4184 38.4748
328 11.4115 38.5482
148 11.3124 39.6101
496 11.2059 40.7506
312 11.0601 42.314
805 10.949 43.5055
116 10.7985 45.1208
279 10.7392 45.76
858 10.684 46.3555
700 10.63 46.9378
849 10.5774 47.5041
78 10.5774 47.5041
909 10.5774 47.5041
423 10.5774 47.5041
10 10.5774 47.5041
212 10.5774 47.5041
505 10.5774 47.5041
749 10.5774 47.5041
936 10.5774 47.5041
341 10.5774 47.5041
542 10.5774 47.5041
57 10.5774 47.5041
128 10.5774 47.5041
841 10.5774 47.5041
499 10.5774 47.5041
352 10.5836 47.5923
476 10.5894 47.6756
157 10.5956 47.7635
770 10.6015 47.8471
797 10.6076 47.9344
731 10.6137 48.0208
283 10.62 48.1099
708 10.6273 48.2136
166 10.6339 48.307
527 10.64 48.3936
652 10.6457 48.4754
534 10.6517 48.5603
949 10.6576 48.645
222 10.6638 48.7331
154 10.67 48.8206
123 10.6762 48.9088
565 10.6829 49.0043
391 10.6889 49.0893
336 10.6949 49.1746
958 10.7004 49.2537
182 10.707 49.3469
330 10.7132 49.436
47 10.7243 49.5931
422 10.7349 49.7425
46 10.7437 49.8686
100 10.7539 50.0129
698 10.7636 50.1507
771 10.7732 50.2863
373 10.7831 50.4274
384 10.7928 50.565
863 10.8035 50.7165
663 10.8151 50.8815
703 10.828 51.0629
218 10.8387 51.215
174 10.849 51.3618
463 10.8596 51.5125
489 10.8705 51.6664
677 10.8815 51.822
691 10.892 51.9709
758 10.9021 52.1146
990 10.9123 52.2606
616 10.9452 52.7243
228 10.9865 53.3069
925 11.059 54.3244
303 11.1334 55.3704
972 11.209 56.4321
938 11.2861 57.5158
122 11.3726 58.732
214 11.5551 61.2839
956 11.7258 63.6689
950 11.9323 66.5521
639 11.9323 66.5521
686 11.9323 66.5521
717 11.9323 66.5521
796 11.9323 66.5521
445 11.9323 66.5521
114 11.9323 66.5521
196 11.9323 66.5521
589 11.9323 66.5521
347 11.9323 66.5521
329 11.9323 66.5521
517 11.9323 66.5521
665 11.9323 66.5521
272 11.9323 66.5521
760 11.9323 66.5521
981 11.9323 66.5521
482 11.9228 66.6574
427 11.9134 66.7615
361 11.904 66.8654
338 11.8953 66.9617
607 11.8864 67.0602
825 11.8773 67.1607
701 11.8735 67.2029
502 11.8698 67.2438
97 11.8661 67.285
500 11.8622 67.3281
630 11.8586 67.3678
192 11.8549 67.4087
524 11.8509 67.4536
220 11.8465 67.5023
457 11.8425 67.5457
680 11.839 67.5851
411 11.8354 67.6252
255 11.8317 67.666
657 11.8275 67.712
321 11.8237 67.7552
398 11.8203 67.7919
747 11.8171 67.8276
234 11.8136 67.8668
772 11.8097 67.9094
939 11.8058 67.9535
81 11.8016 67.9998
503 11.7973 68.0472
726 11.7933 68.0918
3 11.7898 68.1304
924 11.7859 68.1735
600 11.7821 68.2162
219 11.7786 68.254
879 11.775 68.2942
277 11.7713 68.335
694 11.7676 68.3765
162 11.7639 68.4174
371 11.7605 68.4551
799 11.7569 68.4949
966 11.7532 68.5359
734 11.7496 68.5764
948 11.7457 68.6187
376 11.7422 68.6583
667 11.7383 68.7016
99 11.7345 68.7429
131 11.7313 68.7786
764 11.7279 68.8169
77 11.7242 68.8579
531 11.7203 68.9009
479 11.6115 70.0929
400 11.5042 71.27
830 11.3961 72.4546
168 11.3863 72.5636
119 11.3761 72.6763
615 11.3651 72.798
374 11.3555 72.9042
890 11.3459 73.0106
184 11.3371 73.1073
658 11.3284 73.2045
14 11.3219 73.276
429 11.3149 73.3532
113 11.3078 73.4319
991 11.3005 73.5126
443 11.2935 73.5901
556 11.2867 73.6655
298 11.28 73.7396
207 11.2734 73.8134
224 11.2667 73.8872
381 11.2603 73.9579
130 11.2537 74.031
326 11.246 74.1164
346 11.2387 74.1978
487 11.2316 74.2758
784 11.2251 74.3483
970 11.2082 74.5348
635 11.1904 74.7318
860 11.1563 75.1074
739 11.1224 75.4803
886 11.0573 76.1953
431 10.9967 76.8621
433 10.9391 77.4957
728 10.8826 78.1177
339 10.825 78.7507
90 10.7677 79.3816
551 10.7126 79.9882
946 10.6575 80.5941
300 10.5454 81.8239
1 10.4592 82.7698
108 10.3799 83.6416
905 10.3028 84.49
436 10.2258 85.3361
554 10.1486 86.185
50 9.99528 87.8651
988 9.85134 89.4428
213 9.85134 89.4428
944 9.85134 89.4428
568 9.89845 89.442
399 9.94338 89.4413
75 9.98165 89.4406
39 10.0271 89.4399
759 10.0786 89.4391
495 10.137 89.4381
249 10.1874 89.4373
693 10.2267 89.4367
401 10.2694 89.436
247 10.3185 89.4352
815 10.3649 89.4344
914 10.4094 89.4337
17 10.4597 89.4329
178 10.5002 89.4322
792 10.5451 89.4315
628 10.5939 89.4307
426 10.6412 89.4299
570 10.6915 89.4291
546 10.7451 89.4282
699 10.8006 89.4273
780 10.8528 89.4265
444 10.8986 89.4257
153 10.9481 89.4249
115 11.0031 89.424
240 11.0497 89.4233
386 11.1018 89.4224
325 11.1515 89.4216
547 11.1983 89.4209
88 11.2559 89.4199
736 11.3013 89.4192
955 11.3527 89.4183
446 11.4014 89.4176
557 11.451 89.4167
719 11.4963 89.416
169 11.5447 89.4152
750 11.595 89.4144
953 11.6436 89.4136
982 11.699 89.4127
316 11.7503 89.4119
827 11.7973 89.4111
106 11.8486 89.4103
364 11.9048 89.4094
447 11.9623 89.4084
244 12.025 89.4074
380 12.0725 89.4066
435 12.1286 89.4057
93 12.1929 89.4047
442 12.2524 89.4037
360 12.3129 89.4027
885 12.3684 89.4018
462 12.4107 89.4011
13 12.4529 89.4005
585 12.4907 89.3998
678 12.5397 89.399
200 12.5943 89.3982
969 12.6479 89.3973
236 12.7085 89.3963
718 12.7658 89.3954
712 12.8286 89.3943
973 12.881 89.3935
199 12.9306 89.3927
711 12.9846 89.3918
916 13.042 89.3909
868 13.0897 89.3901
304 13.3111 89.3865
95 13.5243 89.383
405 13.7261 89.3797
263 13.957 89.376
203 14.2873 89.3706
301 15.2086 89.3556
714 16.6685 89.3319
31 16.7861 89.33
138 16.9189 89.3278
637 17.0539 89.3256
803 17.2095 89.3231
695 17.4701 89.3188
550 17.7091 89.3149
560 17.8802 89.3121
892 18.058 89.3092
227 18.6598 89.2994
48 19.2533 89.2898
15 20.0576 89.2767
776 20.9539 89.2621
469 22.0598 89.244
608 23.3199 89.2235
146 24.7431 89.2003
441 24.8409 89.1988
456 24.9462 89.197
430 25.0572 89.1952
768 25.1629 89.1935
933 25.2667 89.1918
167 25.3852 89.1899
253 25.498 89.1881
368 25.6014 89.1864
761 25.7147 89.1845
76 25.8264 89.1827
593 25.9358 89.1809
918 26.0573 89.179
28 26.167 89.1772
41 26.2691 89.1755
697 26.3769 89.1737
578 26.4918 89.1719
808 26.6185 89.1698
16 26.727 89.168
954 26.8403 89.1662
44 26.9499 89.1644
394 27.0794 89.1623
872 27.1729 89.1608
256 27.2423 89.1597
638 27.3062 89.1586
183 27.3658 89.1576
672 27.4418 89.1564
73 27.5128 89.1553
124 27.5846 89.1541
96 27.6369 89.1532
2 27.6903 89.1524
859 27.7384 89.1516
786 27.7934 89.1507
223 27.8476 89.1498
60 27.8978 89.149
424 27.9444 89.1482
36 27.9973 89.1474
92 28.0565 89.1464
919 28.1099 89.1455
611 28.1559 89.1448
20 28.2058 89.144
418 28.2546 89.1432
490 28.3057 89.1423
296 28.3581 89.1415
288 28.4036 89.1407
491 28.4528 89.1399
757 28.5311 89.1387
871 28.6068 89.1374
521 28.6923 89.136
651 28.7857 89.1345
753 28.8818 89.133
150 28.994 89.1311
610 29.0935 89.1295
409 29.192 89.1279
833 29.2882 89.1263
696 29.3944 89.1246
58 29.4996 89.1229
649 29.6291 89.1208
306 29.6831 89.1199
333 29.7381 89.119
631 30.5139 89.1063
120 31.5154 89.09
707 32.5456 89.0732
470 33.5087 89.0576
614 34.4785 89.0417
53 34.7932 89.0366
806 35.1006 89.0316
141 35.4051 89.0266
960 35.7129 89.0216
231 36.1241 89.0149
241 36.5517 89.0079
215 36.9589 89.0012
548 37.326 88.9952
270 37.7171 88.9889
874 38.3946 88.9778
840 38.4938 88.9762
814 38.5988 88.9745
292 38.6908 88.973
437 38.7893 88.9714
561 38.8916 88.9697
305 38.9942 88.968
343 39.0899 88.9665
659 39.1824 88.9649
319 39.2697 88.9635
569 39.3474 88.9623
428 39.4269 88.961
309 39.5283 88.9593
72 39.624 88.9577
392 39.724 88.9561
449 39.8312 88.9544
866 39.9348 88.9527
766 40.0296 88.9511
22 40.1223 88.9496
539 40.2223 88.948
172 40.3155 88.9464
129 40.4142 88.9448
877 40.5096 88.9433
416 40.6081 88.9417
752 40.7001 88.9402
271 40.8026 88.9385
230 40.9166 88.9366
139 41.0361 88.9347
516 41.2603 88.931
415 41.4487 88.9279
5 41.5025 88.9271
239 41.5567 88.9262
206 41.609 88.9253
738 41.6612 88.9245
562 41.7193 88.9235
448 41.7709 88.9227
181 41.827 88.9218
389 41.8849 88.9208
265 41.9383 88.9199
974 41.9958 88.919
807 42.0567 88.918
189 42.1158 88.917
773 42.1767 88.916
795 42.5435 88.9101
559 43.0398 88.902
613 43.5169 88.8942
294 46.1709 88.8511
344 49.9045 88.7904
532 49.9801 88.7892
82 50.0482 88.7881
563 50.127 88.7868
947 50.2106 88.7855
375 50.2879 88.7842
690 50.3753 88.7828
940 50.4501 88.7816
746 50.5264 88.7803
408 50.6032 88.7791
713 50.6792 88.7778
320 50.7576 88.7765
826 50.8354 88.7753
530 50.916 88.774
961 50.9992 88.7726
541 51.0827 88.7713
636 51.165 88.7699
511 51.2511 88.7685
105 51.3322 88.7672
564 51.4127 88.7659
816 51.514 88.7642
763 51.594 88.7629
642 51.6832 88.7615
165 51.7749 88.76
126 51.8708 88.7584
193 51.9692 88.7568
317 52.0874 88.7549
887 52.1807 88.7534
259 52.269 88.7519
755 52.3512 88.7506
895 52.5108 88.748
156 52.666 88.7455
434 52.8422 88.7426
40 53.0188 88.7397
624 53.1868 88.737
774 53.3573 88.7342
952 53.5319 88.7314
406 53.705 88.7286
931 53.9031 88.7253
202 54.0616 88.7227
245 54.2128 88.7203
851 54.3728 88.7177
62 54.5352 88.715
896 54.7084 88.7122
367 54.8864 88.7093
477 55.0743 88.7063
335 55.2313 88.7037
992 55.3959 88.701
980 55.5417 88.6987
984 55.703 88.696
395 55.8508 88.6936
882 55.9763 88.6916
911 56.1757 88.6883
23 56.3677 88.6852
185 56.5988 88.6814
618 56.8029 88.6781
737 57.0279 88.6745
856 57.2454 88.6709
118 57.4564 88.6675
584 57.6735 88.6639
280 57.8762 88.6606
567 58.1078 88.6569
179 58.3057 88.6536
536 58.5294 88.65
369 58.8011 88.6456
754 59.0685 88.6412
575 59.3494 88.6366
177 59.6251 88.6321
140 59.8684 88.6282
313 60.161 88.6234
12 60.4726 88.6183
861 60.7953 88.6131
880 61.5138 88.6014
937 62.9459 88.5781
378 63.7221 88.5654
285 64.5539 88.5519
864 65.276 88.5401
353 65.6439 88.5341
52 65.9813 88.5286
622 66.3281 88.523
845 66.6766 88.5173
42 67.0126 88.5118
273 67.3645 88.5061
823 67.7439 88.4999
145 68.1131 88.4939
297 68.4759 88.488
251 68.8579 88.4817
817 69.2237 88.4758
620 69.6287 88.4692
544 70.0656 88.4621
465 70.5157 88.4547
666 70.9779 88.4472
158 71.4102 88.4401
464 71.8363 88.4332
417 72.4198 88.4237
71 72.9346 88.4153
149 73.485 88.4063
820 74.2973 88.3931
854 74.8624 88.3839
813 75.4564 88.3742
494 76.0957 88.3638
318 76.7125 88.3537
983 77.9897 88.3329
740 77.9897 88.3329
159 77.9897 88.3329
775 77.9897 88.3329
893 77.9897 88.3329
580 77.9897 88.3329
135 78.9518 88.2684
725 80.1767 88.186
928 81.4127 88.1029
372 86.0089 83.5089
204 85.908 83.428
528 85.8129 83.3519
311 85.7299 83.2854
685 85.646 83.2182
742 85.5525 83.1433
473 85.4706 83.0777
889 85.3855 83.0096
25 85.2943 82.9365
322 85.1959 82.8577
660 85.0959 82.7776
450 84.9994 82.7004
648 81.0274 80.5796
481 77.5931 78.7455
904 74.6272 77.1622
727 72.82 76.1977
393 71.2859 75.379
801 70.8091 75.1248
595 70.497 74.9584
867 70.4612 74.9393
340 70.424 74.9195
654 70.3898 74.9013
383 70.3558 74.8832
987 70.3156 74.8618
900 70.2818 74.8437
110 70.246 74.8247
201 70.2102 74.8056
852 70.1727 74.7856
51 70.1346 74.7653
68 70.0956 74.7445
837 70.0956 74.7445
744 70.0956 74.7445
83 70.0956 74.7445
173 70.0956 74.7445
18 70.0956 74.7445
385 70.0956 74.7445
818 70.0956 74.7445
975 70.0956 74.7445
67 70.0956 74.7445
332 70.0956 74.7445
478 66.1329 73.2134
962 65.4518 72.9499
650 64.7547 72.6801
290 64.0404 72.4038
152 63.3019 72.118
579 62.2676 71.7179
229 58.8199 70.3857
558 56.225 69.3831
91 56.225 69.3831
605 56.225 69.3831
538 56.225 69.3831
907 55.9813 69.3683
440 55.7123 69.3519
9 55.4417 69.3354
668 55.1776 69.3193
762 54.8962 69.3021
800 54.6164 69.2851
460 54.346 69.2686
509 54.0467 69.2504
647 53.7051 69.2295
632 53.246 69.2015
248 52.8106 69.1749
94 52.6974 68.9399
832 52.5785 68.693
683 52.4352 68.3954
459 52.3249 68.1663
515 52.2846 68.0826
769 52.2448 68.0001
432 52.201 67.9089
208 52.1526 67.8086
964 52.1035 67.7066
857 52.0607 67.6176
315 52.0136 67.5199
577 51.9555 67.3992
238 51.9105 67.3057
968 51.8633 67.2078
235 51.8161 67.1098
743 51.769 67.0119
293 51.7246 66.9198
671 51.7246 66.9198
35 51.7246 66.9198
282 51.7246 66.9198
782 51.7246 66.9198
617 51.7246 66.9198
112 51.7246 66.9198
84 51.7246 66.9198
986 51.7246 66.9198
582 51.7246 66.9198
810 51.7246 66.9198
793 51.7246 66.9198
847 51.7246 66.9198
791 51.7246 66.9198
286 51.7246 66.9198
144 51.7246 66.9198
802 51.7246 66.9198
498 51.7246 66.9198
921 51.7246 66.9198
161 51.7246 66.9198
453 51.7246 66.9198
798 51.7246 66.9198
101 51.7246 66.9198
468 51.7246 66.9198
109 51.7246 66.9198
484 51.7245 66.9198
855 51.7245 66.9198
188 51.7245 66.9198
281 50.7006 66.852
923 49.263 66.7563
625 48.7024 66.7188
264 48.1677 66.6831
163 47.6152 66.6461
134 47.0536 66.6085
513 46.4936 66.571
216 45.9316 66.5334
56 45.4279 66.4997
912 44.9065 66.4649
533 44.5071 66.4381
976 44.1134 66.4116
779 43.7244 66.3855
894 43.345 66.36
804 42.96 66.3342
621 42.5794 66.3086
540 42.2051 66.2835
171 41.8291 66.2582
350 41.4438 66.2324
597 41.0362 66.205
724 40.6204 66.1771
676 40.1681 66.1468
54 39.7324 66.1176
471 39.2894 66.0879
104 38.8601 66.0591
732 38.4132 66.0291
576 37.9734 65.9996
715 37.5357 65.9703
410 37.0915 65.9405
365 36.6631 65.9118
788 36.2322 65.883
809 35.7857 65.8531
599 35.3678 65.8251
839 34.9413 65.7965
662 34.5143 65.7678
454 34.106 65.7404
596 33.8322 65.722
404 33.5694 65.7043
965 33.3105 65.6869
382 33.0478 65.6693
929 32.788 65.6518
888 32.5342 65.6347
226 32.458 65.6295
537 32.3775 65.624
507 32.352 65.5706
252 32.3327 65.5302
689 32.3087 65.48
901 32.2796 65.4191
359 32.2556 65.3688
349 32.2301 65.3154
59 32.2056 65.2641
291 32.1856 65.2223
390 32.1644 65.1777
604 32.1438 65.1347
735 32.1189 65.0826
523 32.0999 65.0428
225 32.0784 64.9978
175 32.0545 64.9477
308 32.0315 64.8996
80 32.0097 64.8539
789 31.9857 64.8037
601 31.9589 64.7474
927 31.9357 64.6989
878 31.9133 64.6521
21 31.8893 64.6018
571 31.8651 64.551
591 31.8403 64.4993
971 31.8137 64.4435
720 31.7881 64.3898
526 31.7646 64.3406
552 31.7392 64.2875
132 31.7147 64.2361
910 31.7205 64.152
729 31.7262 64.069
266 31.7314 63.9938
34 31.74 63.8694
897 31.7478 63.756
451 31.7554 63.6453
903 31.7624 63.5438
730 31.7694 63.4435
275 31.7778 63.3208
756 31.7927 63.1047
733 31.8057 62.9165
603 31.8189 62.7247
574 31.8294 62.5727
137 31.8423 62.3852
765 31.8552 62.1992
267 31.8678 62.016
493 31.8799 61.8411
501 31.8915 61.6726
645 31.9043 61.4868
957 31.9172 61.2997
79 31.93 61.1148
846 31.9425 60.9333
510 31.9563 60.7323
705 31.9692 60.5457
30 31.9816 60.3665
640 31.9938 60.1901
327 32.0058 60.0162
233 32.0792 58.9458
587 32.1497 57.9202
147 32.433 53.7756
480 32.7094 49.7333
324 32.7094 49.7331
862 32.7094 49.7329
142 32.7094 49.7326
461 32.7215 49.5649
922 32.7334 49.399
127 32.7453 49.2338
370 32.7574 49.0652
688 32.7701 48.8893
748 32.7824 48.7185
388 32.7947 48.5469
38 32.8071 48.3751
545 32.8197 48.1992
89 32.832 48.0276
438 32.8444 47.8553
633 32.8568 47.6827
655 32.8691 47.5126
989 32.8791 47.3736
783 32.8891 47.2337
723 32.8994 47.0912
913 32.9093 46.9531
508 32.9191 46.8152
908 32.9292 46.6758
543 32.9391 46.5371
37 32.949 46.3989
7 32.9589 46.2613
522 32.9688 46.1236
778 32.9788 45.9837
664 32.989 45.8419
811 32.999 45.7038
529 33.0088 45.5675
151 33.0182 45.4353
535 33.0277 45.3032
414 33.037 45.1733
679 33.0463 45.0437
237 33.0557 44.9127
475 33.0654 44.7767
302 33.0749 44.6443
706 33.0844 44.5117
891 33.0941 44.3765
403 33.1042 44.2362
269 33.1141 44.0973
525 33.1243 43.9562
619 33.1344 43.816
413 33.1446 43.6739
549 33.1549 43.53
869 33.1634 43.4121
11 33.1702 43.3171
687 33.177 43.2225
612 33.1839 43.126
397 34.0376 42.8925
512 35.0141 42.6253
356 35.7781 42.4164
155 36.5044 42.2178
566 37.186 42.0316
472 37.8484 41.8505
180 38.2863 41.7309
834 38.7321 41.6091
692 39.0833 41.5132
49 39.4347 41.4172
848 39.8078 41.3153
191 40.1739 41.2154
853 40.5356 41.1166
194 40.8998 41.0171
210 41.2614 40.9184
790 41.6696 40.8069
69 42.0777 40.6954
876 42.4736 40.5873
467 43.0202 40.4379
355 45.4827 39.8538
586 45.8082 39.7767
945 46.1702 39.6909
917 46.5458 39.6018
342 46.984 39.4979
906 47.4681 39.3832
716 47.9114 39.2781
197 48.3366 39.1773
452 48.7564 39.0778
935 49.2338 38.9646
257 49.7418 38.8442
930 50.4578 38.6744
785 51.0676 38.5298
681 51.6549 38.3906
63 52.2131 38.2582
6 52.8231 38.1136
358 52.8231 38.1136
821 52.8231 38.1136
209 52.8231 38.1136
865 52.8231 38.1136
27 52.8231 38.1136
377 52.8231 38.1136
828 52.8231 38.1136
555 52.8231 38.1136
55 52.8231 38.1136
250 52.8231 38.1136
458 52.8231 38.1136
421 52.8231 38.1136
873 52.8231 38.1136
164 52.8231 38.1136
842 56.5024 41.5461
519 56.6048 41.6417
43 56.6968 41.7277
844 56.7849 41.81
66 56.8798 41.8987
19 56.9774 41.9898
492 57.0895 42.0945
843 57.197 42.1949
594 57.3019 42.2929
634 57.4062 42.3904
675 57.515 42.492
978 57.618 42.5882
262 57.7202 42.6836
276 57.8154 42.7726
781 57.9171 42.8676
751 58.0355 42.9782
357 58.2038 43.1354
314 58.3557 43.2773
644 58.5055 43.4172
217 58.6443 43.5468
875 58.7854 43.6787
870 58.9301 43.8138
45 59.0875 43.9609
623 59.2483 44.111
85 59.409 44.2611
485 59.5578 44.4
396 59.5578 44.4
117 59.5578 44.4
186 59.5578 44.4
29 62.8596 45.5706
606 64.889 46.291
656 66.8789 46.9973
190 67.4815 47.2115
102 68.0665 47.4194
70 68.6436 47.6245
583 69.2088 47.8253
941 69.7692 48.0245
143 70.3062 48.2154
926 70.8353 48.4035
232 71.3653 48.5919
420 71.9178 48.7882
767 72.3611 48.8012
466 72.866 48.816
323 73.3555 48.8304
850 73.878 48.8457
609 74.4176 48.8616
942 74.9483 48.8771
670 75.9253 48.906
553 76.9844 48.9372
334 78.1481 48.9716
951 80.0634 49.0285
107 81.5928 49.0738
136 82.0124 49.0861
592 82.4161 49.0979
684 82.8575 49.1108
977 83.1603 49.1197
425 83.4533 49.1282
932 83.7733 49.1376
967 84.1089 49.1474
170 84.4762 49.1582
884 84.8022 49.1677
198 85.114 49.1768
920 85.4272 49.186
387 85.767 49.1959
242 86.1334 49.2066
506 86.5059 49.2176
835 86.8633 49.228
497 87.2491 49.2393
745 86.9632 42.0946
195 86.9632 42.0945
274 86.9632 42.0945
838 86.9632 42.0945
98 86.7993 36.2615
520 86.688 32.3132
590 86.5655 27.963
33 86.4237 22.9257
483 86.2747 17.5975
243 86.2667 17.5978
345 86.258 17.5983
979 86.2488 17.5987
627 86.2403 17.5991
260 86.2311 17.5995
