0,295,959,819,721,24,777,831,176,504,581,598,103,6,55,419,164,873,555,518,289,307,64,337,834,822,284,111,363,883,573,934,824,787,261,704,467,287,26,351,310,160,379,246,653,439,669,626,709,407,354,221,915,643,812,682,348,366,902,488,629,8,646,362,588,702,674,881,412,211,402,254,722,187,61,710,641,963,898,486,384,700,87,958,985,10,661,943,32,514,125,829,794,299,268,205,121,741,612,4,836,673,74,258,331,455,474,572,133,899,602,86,46,78,283,328,616,330,65,499,489,770,476,863,312,182,100,663,128,228,423,166,527,422,708,212,909,771,841,990,949,341,391,908,47,938,174,336,279,758,373,142,214,123,157,505,749,936,652,542,222,196,797,57,148,981,303,218,463,352,698,956,691,154,972,858,849,677,731,565,496,534,925,805,122,760,531,116,347,764,234,939,589,219,799,329,255,272,220,429,119,192,966,784,991,487,479,825,701,457,131,796,338,694,500,946,703,339,224,630,551,556,114,726,552,680,860,600,948,361,346,400,326,97,517,607,657,665,772,99,77,277,3,739,162,398,371,747,686,502,207,717,601,178,924,482,130,524,667,411,427,374,298,639,728,14,81,275,433,132,635,445,879,970,503,113,381,658,376,734,950,75,830,184,168,443,554,447,736,719,560,944,890,90,608,48,153,568,436,547,364,325,557,401,108,138,628,803,759,249,13,969,240,88,988,106,444,546,792,815,695,933,462,973,442,905,982,263,426,300,446,495,955,868,916,95,386,39,200,678,718,399,615,247,236,115,304,585,780,750,244,699,380,213,711,570,892,435,914,1,199,169,405,203,301,827,637,17,469,31,316,953,360,693,321,93,886,431,120,20,753,183,76,28,167,768,859,96,786,697,227,16,15,714,776,550,409,521,871,593,631,441,368,578,44,610,885,430,60,58,712,696,150,41,141,456,36,757,638,92,491,288,918,253,306,50,651,424,833,761,490,672,418,808,333,611,872,649,738,271,428,223,954,124,773,960,840,795,230,139,470,129,919,766,389,614,974,239,437,73,806,146,292,2,181,449,172,22,548,270,877,189,561,256,215,72,448,866,707,814,53,613,241,752,309,807,206,296,416,265,392,231,763,874,193,5,394,294,569,559,882,82,305,856,564,826,530,895,774,62,511,952,690,434,415,245,185,584,562,369,563,105,636,40,851,624,961,880,713,320,802,541,280,202,343,659,532,408,319,947,940,156,737,12,140,896,165,179,317,344,980,539,248,567,313,375,118,618,575,861,229,887,367,126,516,177,642,911,23,335,259,536,746,406,755,984,754,801,42,464,816,725,622,817,893,992,477,273,465,52,666,864,149,845,854,813,145,251,285,494,417,775,620,353,544,318,823,158,580,928,820,159,135,983,372,740,25,473,685,528,322,648,889,660,204,742,311,450,340,509,201,385,962,975,937,383,71,297,852,395,904,332,931,900,110,832,654,650,83,818,290,579,51,152,837,744,595,481,18,460,867,208,378,67,68,478,420,727,968,109,112,857,986,907,769,286,453,605,668,987,743,582,94,782,632,538,791,35,800,432,810,513,440,617,84,282,216,847,647,671,173,393,625,188,459,798,964,779,597,293,238,894,9,762,515,468,315,923,264,676,683,855,523,921,732,144,101,186,804,577,715,235,91,161,793,281,498,484,621,134,350,576,540,252,226,526,266,30,971,365,788,599,574,104,493,507,720,327,903,454,137,604,689,510,349,645,912,587,291,596,789,80,662,756,730,901,640,910,976,888,79,56,537,809,34,225,54,929,533,171,878,390,965,846,591,501,729,404,267,897,927,410,724,359,21,571,89,765,163,175,558,127,839,957,471,451,233,308,922,733,633,705,545,735,891,324,382,59,370,403,194,876,414,438,11,397,269,917,237,155,413,619,723,862,388,525,278,603,535,655,989,151,7,38,549,257,688,475,869,692,679,543,37,913,811,687,566,790,302,529,664,508,49,783,147,472,461,586,906,356,748,706,522,210,853,480,512,778,191,180,63,930,865,342,843,209,27,197,716,262,458,870,675,69,785,844,421,66,875,276,751,828,19,250,43,492,377,452,935,217,355,945,623,781,978,681,519,358,634,848,821,85,594,396,485,670,190,70,609,232,942,941,357,606,583,745,274,29,143,926,767,553,644,314,842,117,466,656,850,592,45,334,102,920,323,497,884,684,170,506,107,977,967,195,951,425,198,387,838,932,242,136,835,590,98,33,520,627,345,243,979,483,260,
value : 393.248 running time : 4756.624005
0 80 20
295 72.6549 18.3156
959 70.3423 17.7852
819 69.0115 17.48
721 68.0326 17.2555
24 66.9244 17.0013
777 65.7514 16.7323
831 64.8034 16.5149
176 64.3919 16.4205
504 63.9779 16.3256
581 63.5112 16.2185
598 63.0639 16.1159
103 62.5337 15.9943
6 57.6162 16.5179
55 54.0207 16.9007
419 52.5782 17.0012
164 51.3044 17.0899
873 50.1875 17.1677
555 49.0356 17.2479
518 43.2965 17.6477
289 41.526 17.771
307 38.1519 18.006
64 37.9071 18.0231
337 37.7084 18.0369
834 37.4897 18.0521
822 37.1927 18.0104
284 36.8893 17.9678
111 36.7584 17.9494
363 36.6202 17.93
883 36.4912 17.9119
573 36.3595 17.8934
934 36.2334 17.8757
824 36.0808 17.8542
787 36.0275 17.8468
261 35.9792 17.84
704 35.9258 17.8325
467 35.8756 17.8254
287 35.8196 17.8175
26 35.7641 17.8097
351 35.7044 17.8014
310 35.6533 17.7942
160 35.6007 17.7868
379 34.8459 17.6808
246 33.9997 17.562
653 33.3403 17.4694
439 32.0695 17.291
669 31.2096 17.1703
626 30.4252 17.0602
709 29.6035 16.9448
407 28.7788 16.8291
354 27.8103 16.6931
221 26.9489 16.5722
915 24.5505 16.2355
643 20.6619 15.6896
812 13.2393 14.6476
682 13.2348 14.6949
348 13.2301 14.7445
366 13.2255 14.7933
902 13.2208 14.8434
488 13.2172 14.8811
629 13.2132 14.924
8 13.2084 14.9743
646 13.2038 15.0229
362 13.1987 15.0767
588 13.1938 15.1293
702 13.1888 15.1825
674 13.1848 15.2241
881 13.1807 15.2678
412 13.1755 15.3222
211 13.1706 15.3744
402 13.1652 15.4318
254 13.1606 15.48
722 13.1569 15.5198
187 12.8362 18.9112
61 12.7848 19.9435
710 12.6711 22.2284
641 12.5778 24.1038
963 12.479 26.0888
898 12.3745 28.1909
486 13.4054 32.1339
384 13.4054 32.1339
700 13.4054 32.1339
87 13.4054 32.1339
958 13.4054 32.1339
985 13.4054 32.1339
10 13.4054 32.1339
661 13.4054 32.1339
943 13.4054 32.1339
32 13.4054 32.1339
514 13.4054 32.1339
125 13.4054 32.1339
829 13.4054 32.1339
794 13.4054 32.1339
299 13.4054 32.1339
268 13.4054 32.1339
205 13.4054 32.1339
121 13.4054 32.1339
741 13.4054 32.1339
612 13.3947 32.1918
4 13.3859 32.2388
836 13.3769 32.2873
673 13.368 32.3353
74 13.3584 32.3872
258 13.349 32.4379
331 13.3352 32.5117
455 13.3196 32.5957
474 13.3016 32.6932
572 13.2786 32.8169
133 13.2566 32.9351
899 13.237 33.0409
602 13.2104 33.1843
86 13.1902 33.2931
46 12.8144 35.8211
78 12.5301 37.7334
283 12.2921 39.3343
328 12.0462 40.9878
616 12.0348 41.354
330 12.024 41.697
65 12.0134 42.0371
499 12.0004 42.4508
489 11.9858 42.9162
770 11.9741 43.2906
476 11.9619 43.6791
863 11.9496 44.0724
312 11.9361 44.5031
182 11.922 44.9524
100 11.9092 45.3587
663 11.8986 45.6991
128 11.8868 46.0751
228 11.8755 46.4336
423 11.8628 46.8386
166 11.8475 47.3268
527 11.8386 47.6114
422 11.831 47.8529
708 11.828 47.9512
212 11.8253 48.0363
909 11.822 48.1414
771 11.8189 48.2408
841 11.8156 48.3461
990 11.8125 48.4451
949 11.8088 48.5616
341 11.8051 48.6818
391 11.8014 48.7984
908 11.7978 48.9132
47 11.7942 49.0293
938 11.7906 49.1442
174 11.7872 49.2518
336 11.7836 49.3667
279 11.7804 49.4705
758 11.7773 49.5688
373 11.7742 49.6695
142 11.7708 49.7773
214 11.7676 49.8787
123 11.7647 49.9696
157 11.7613 50.0782
505 11.7579 50.1897
749 11.7545 50.2955
936 11.7511 50.4065
652 11.7478 50.5113
542 11.7442 50.6271
222 11.7406 50.7399
196 11.7367 50.8653
797 11.7337 50.9597
57 11.7304 51.0659
148 11.7271 51.1716
981 11.7229 51.3068
303 11.7203 51.3898
218 11.7176 51.4742
463 11.7151 51.5543
352 11.7123 51.6448
698 11.7094 51.7371
956 11.7064 51.8316
691 11.7038 51.9169
154 11.7015 51.9911
972 11.6986 52.0821
858 11.696 52.1652
849 11.6934 52.2472
677 11.6908 52.3323
731 11.6885 52.4054
565 11.6856 52.498
496 11.6832 52.5746
534 11.6805 52.6586
925 11.6777 52.7491
805 11.6751 52.8326
122 11.6724 52.9191
760 11.6695 53.0095
531 11.6671 53.0891
116 11.6648 53.1612
347 11.5371 57.2376
764 11.4963 58.5384
234 11.4528 59.9234
939 11.4121 61.2222
589 11.3893 61.9489
219 11.3644 62.7412
799 11.3408 63.4934
329 11.3204 64.1425
255 11.2971 64.8858
272 11.2761 65.553
220 11.2551 66.2233
429 11.2452 66.5365
119 11.2361 66.8258
192 11.2271 67.1127
966 11.217 67.436
784 11.2076 67.7338
991 11.1965 68.0897
487 11.1877 68.3678
479 11.1841 68.4841
825 11.1804 68.6006
701 11.1773 68.7012
457 11.174 68.8065
131 11.1711 68.8972
796 11.1674 69.016
338 11.1642 69.1166
694 11.1608 69.2258
500 11.1575 69.3318
946 11.1542 69.4356
703 11.1526 69.4866
339 11.1504 69.5572
224 11.1486 69.614
630 11.147 69.6676
551 11.1449 69.7328
556 11.1432 69.7885
114 11.1417 69.8368
726 11.1397 69.8984
552 11.138 69.9523
680 11.1362 70.0118
860 11.1342 70.0759
600 11.1324 70.1318
948 11.1307 70.1875
361 11.1288 70.2471
346 11.1269 70.3058
400 11.1252 70.3605
326 11.1235 70.4161
97 11.122 70.4644
517 11.1203 70.5164
607 11.1186 70.573
657 11.1168 70.6293
665 11.1152 70.6793
772 11.1137 70.7282
99 11.1117 70.7909
77 11.1101 70.8418
277 11.1084 70.898
3 11.1067 70.9518
739 11.1049 71.0094
162 11.1029 71.0722
398 11.1011 71.1286
371 11.0994 71.1828
747 11.0977 71.2393
686 11.0955 71.3079
502 11.0936 71.3702
207 11.0916 71.4315
717 11.0899 71.4861
601 11.0882 71.5428
178 11.0779 71.8716
924 11.0749 71.9667
482 11.0717 72.0685
130 11.0683 72.1765
524 11.0647 72.2927
667 11.0607 72.4192
411 11.057 72.5394
427 11.0528 72.6727
374 11.0484 72.8128
298 11.0446 72.9356
639 11.0408 73.056
728 11.0371 73.1746
14 11.0339 73.2761
81 11.0305 73.3845
275 11.0266 73.5105
433 11.0221 73.6523
132 11.0186 73.7652
635 11.0138 73.9174
445 11.0086 74.086
879 11.0029 74.2672
970 10.9969 74.4598
503 10.99 74.6782
113 10.9835 74.8871
381 10.9775 75.0786
658 10.9695 75.3351
376 10.9664 75.3966
734 10.9627 75.4732
950 10.932 76.098
75 10.8998 76.7539
830 10.8699 77.3642
184 10.8402 77.9671
168 10.8117 78.5483
443 10.783 79.1332
554 10.7529 79.7453
447 10.722 80.3753
736 10.704 80.7418
719 10.6871 81.0853
560 10.6712 81.4094
944 10.6548 81.7437
890 10.638 82.0855
90 10.6202 82.4486
608 10.6022 82.8163
48 10.5829 83.21
153 10.5633 83.6085
568 10.5442 83.997
436 10.5277 84.3333
547 10.5099 84.6971
364 10.4923 85.0542
325 10.4758 85.3907
557 10.4581 85.7524
401 10.4415 86.0897
108 10.4246 86.4354
138 10.4072 86.7886
628 10.3919 87.1
803 10.3757 87.4304
759 10.3603 87.7455
249 10.3426 88.1049
13 10.3245 88.4751
969 10.3093 88.7843
240 10.2946 89.0837
88 10.2772 89.4376
988 10.2574 89.8403
106 10.2597 89.8402
444 10.2621 89.8401
546 10.2646 89.8401
792 10.267 89.84
815 10.2697 89.84
695 10.2725 89.8399
933 10.2748 89.8398
462 10.2769 89.8398
973 10.279 89.8397
442 10.2811 89.8397
905 10.2831 89.8396
982 10.2852 89.8396
263 10.2872 89.8395
426 10.2894 89.8395
300 10.2916 89.8394
446 10.2942 89.8394
495 10.2967 89.8393
955 10.2989 89.8393
868 10.3009 89.8392
916 10.3036 89.8392
95 10.3057 89.8391
386 10.3078 89.8391
39 10.3098 89.839
200 10.312 89.839
678 10.3142 89.8389
718 10.3167 89.8388
399 10.3193 89.8388
615 10.3215 89.8387
247 10.3239 89.8387
236 10.3262 89.8386
115 10.3286 89.8386
304 10.3307 89.8385
585 10.3328 89.8385
780 10.3355 89.8384
750 10.3377 89.8383
244 10.3402 89.8383
699 10.3422 89.8382
380 10.344 89.8382
213 10.346 89.8381
711 10.3858 89.8372
570 10.422 89.8364
892 10.463 89.8355
435 10.5023 89.8346
914 10.5404 89.8337
1 10.5808 89.8328
199 10.6191 89.8319
169 10.6564 89.831
405 10.6965 89.8301
203 10.7364 89.8292
301 10.7783 89.8282
827 10.8205 89.8273
637 10.864 89.8263
17 10.9119 89.8252
469 10.9525 89.8242
31 10.9868 89.8234
316 11.0236 89.8226
953 11.0608 89.8217
360 11.1059 89.8207
693 11.1424 89.8199
321 11.1834 89.8189
93 13.726 89.7594
886 16.3165 89.6987
431 18.5742 89.6458
120 20.6473 89.5974
20 21.9778 89.5663
753 22.1 89.5635
183 22.2378 89.5602
76 22.3914 89.5566
28 22.5354 89.5533
167 22.67 89.5501
768 22.7941 89.5473
859 22.9269 89.5442
96 23.0671 89.5409
786 23.1905 89.538
697 23.2984 89.5355
227 23.408 89.5329
16 23.5379 89.5299
15 23.6351 89.5276
714 23.7514 89.5249
776 23.8669 89.5222
550 23.9984 89.5192
409 24.1237 89.5163
521 24.2426 89.5135
871 24.3614 89.5107
593 24.4892 89.5077
631 24.6233 89.5046
441 24.7403 89.5019
368 24.8595 89.4991
578 24.9854 89.4962
44 25.1148 89.4932
610 25.2479 89.4901
885 25.3726 89.4872
430 25.5023 89.4841
60 25.6251 89.4813
58 25.7325 89.4788
712 25.852 89.476
696 25.9945 89.4727
150 26.136 89.4694
41 26.2585 89.4665
141 26.3896 89.4634
456 26.5 89.4609
36 26.6275 89.4579
757 26.7545 89.4549
638 26.895 89.4517
92 27.0171 89.4488
491 27.1208 89.4464
288 27.2421 89.4436
918 27.3838 89.4403
253 27.5079 89.4374
306 27.6238 89.4347
50 27.7368 89.4321
651 27.8639 89.4291
424 27.9921 89.4261
833 28.1273 89.423
761 28.2728 89.4196
490 28.4138 89.4163
672 28.5646 89.4128
418 28.6976 89.4097
808 28.8465 89.4062
333 28.9731 89.4033
611 29.4007 89.3933
872 29.8595 89.3825
649 30.31 89.372
738 30.5766 89.3658
271 30.8136 89.3602
428 31.0411 89.3549
223 31.2905 89.3491
954 31.5395 89.3433
124 31.8107 89.337
773 32.0716 89.3309
960 32.3376 89.3247
840 32.645 89.3175
795 32.8912 89.3117
230 33.1593 89.3055
139 33.4158 89.2995
470 33.6677 89.2936
129 33.9375 89.2873
919 34.178 89.2817
766 34.4461 89.2754
389 34.6536 89.2706
614 34.8271 89.2665
974 34.9573 89.2635
239 35.0983 89.2602
437 35.204 89.2577
73 35.3036 89.2554
806 35.4254 89.2526
146 35.558 89.2495
292 35.6874 89.2465
2 35.8089 89.2436
181 35.9446 89.2405
449 36.074 89.2375
172 36.1902 89.2348
22 36.3101 89.232
548 36.4306 89.2292
270 36.5496 89.2264
877 36.6783 89.2234
189 36.8055 89.2204
561 36.9388 89.2173
256 37.0563 89.2146
215 37.1893 89.2115
72 37.3059 89.2087
448 37.434 89.2058
866 37.5698 89.2026
707 37.6873 89.1999
814 37.8238 89.1967
53 37.9345 89.1941
613 38.0453 89.1915
241 38.1661 89.1887
752 38.2852 89.1859
309 38.4146 89.1829
807 38.5383 89.18
206 38.6573 89.1772
296 38.761 89.1748
416 39.3721 89.1605
265 39.9275 89.1476
392 40.5722 89.1325
231 41.2612 89.1165
763 42.068 89.0976
874 42.8178 89.0801
193 43.5584 89.0628
5 44.2112 89.0476
394 44.8413 89.0329
294 45.5688 89.0159
569 46.2424 89.0002
559 47.1532 88.9789
882 48.1739 88.9551
82 48.6335 88.9444
305 49.1438 88.9325
856 49.6972 88.9196
564 49.779 88.9177
826 49.8801 88.9153
530 49.9852 88.9129
895 50.0966 88.9103
774 50.2064 88.9077
62 50.3137 88.9052
511 50.4194 88.9028
952 50.5288 88.9002
690 50.637 88.8977
434 50.7367 88.8954
415 50.834 88.8931
245 50.9366 88.8907
185 51.0485 88.8881
584 51.0685 88.8877
562 51.0847 88.8873
369 51.1072 88.8868
563 51.1267 88.8863
105 51.1493 88.8858
636 51.1725 88.8853
40 51.1974 88.8847
851 51.2207 88.8841
624 51.2432 88.8836
961 51.2644 88.8831
880 51.2855 88.8826
713 51.3062 88.8822
320 51.328 88.8817
802 51.3503 88.8811
541 51.3785 88.8805
280 51.4075 88.8798
202 51.4355 88.8792
343 51.4584 88.8786
659 51.4842 88.8781
532 51.5128 88.8774
408 51.5402 88.8768
319 51.5671 88.8761
947 51.5974 88.8754
940 51.6262 88.8748
156 51.6556 88.8741
737 51.6883 88.8733
12 51.7156 88.8727
140 51.7417 88.8721
896 51.769 88.8715
165 51.7941 88.8709
179 51.8238 88.8702
317 51.8559 88.8695
344 51.8814 88.8689
980 51.9057 88.8683
539 51.9276 88.8678
248 51.9555 88.8672
567 51.9907 88.8664
313 52.0169 88.8658
375 52.0421 88.8652
118 52.0703 88.8645
618 52.0961 88.8639
575 52.1213 88.8633
861 52.1449 88.8628
229 52.1715 88.8622
887 52.1965 88.8616
367 52.2208 88.861
126 52.2438 88.8605
516 52.2699 88.8599
177 52.2985 88.8593
642 52.3208 88.8587
911 52.348 88.8581
23 52.3717 88.8576
335 52.3928 88.8571
259 52.4155 88.8566
536 52.4375 88.8561
746 52.4605 88.8555
406 52.4828 88.855
755 52.5063 88.8545
984 55.0271 88.7959
754 57.3441 88.7421
801 59.8239 88.6845
42 62.3436 88.6259
464 64.748 88.57
816 67.2567 88.5117
725 70.683 88.4321
622 70.8256 88.4288
817 70.9762 88.4253
893 71.1526 88.4212
992 71.2774 88.4183
477 71.4285 88.4148
273 71.593 88.411
465 71.7757 88.4067
52 71.9446 88.4028
666 72.1349 88.3984
864 72.3136 88.3942
149 72.4667 88.3906
845 72.6348 88.3867
854 72.8158 88.3825
813 72.9874 88.3785
145 73.1508 88.3747
251 73.3259 88.3706
285 73.51 88.3664
494 73.7065 88.3618
417 73.8817 88.3577
775 74.0439 88.3539
620 74.1969 88.3504
353 74.5588 88.3419
544 74.9178 88.3336
318 75.3344 88.3239
823 75.7828 88.3135
158 76.2934 88.3016
580 76.843 88.2888
928 81.232 88.1867
820 81.232 88.1867
159 81.232 88.1867
135 81.232 88.1867
983 81.3053 88.1148
372 86.0084 83.4991
740 85.9264 83.4345
25 85.8608 83.3829
473 85.7827 83.3214
685 85.7052 83.2604
528 85.6137 83.1883
322 85.5417 83.1315
648 85.4624 83.0691
889 85.3945 83.0157
660 85.3144 82.9525
204 85.2251 82.8823
742 85.1412 82.8162
311 85.0653 82.7564
450 84.967 82.679
340 72.7409 75.9325
509 72.4372 75.7649
201 72.228 75.6495
385 72.0686 75.5615
962 71.8888 75.4623
975 71.7247 75.3718
937 71.5677 75.2851
383 71.3955 75.1901
71 71.2235 75.0952
297 71.0385 74.9931
852 70.8523 74.8903
395 70.677 74.7936
904 70.5114 74.7023
332 70.3672 74.6226
931 70.0523 74.4489
900 69.8106 74.3155
110 69.5532 74.1735
832 69.2977 74.0325
654 69.0938 73.9199
650 68.8863 73.8055
83 68.7147 73.7108
818 68.5238 73.6054
290 68.2913 73.4771
579 68.0793 73.3601
51 67.8466 73.2317
152 67.6207 73.1071
837 67.3998 72.9852
744 67.1647 72.8554
595 66.9097 72.7147
481 66.711 72.6051
18 66.4654 72.4696
460 66.2108 72.3291
867 65.978 72.2006
208 65.7175 72.0568
378 65.5146 71.9448
67 65.2911 71.8215
68 65.063 71.6957
478 64.8398 71.5725
420 64.6304 71.4569
727 63.5024 71.0209
968 62.06 70.4634
109 61.3455 70.1872
112 60.7115 69.9421
857 60.0686 69.6936
986 59.4963 69.4724
907 59.0914 69.3159
769 58.6352 69.1395
286 58.1767 68.9623
453 57.9873 68.8891
605 57.8207 68.8247
668 57.6412 68.7553
987 57.4471 68.6803
743 57.2212 68.5929
582 57.0427 68.5239
94 56.8538 68.4509
782 56.6665 68.3785
632 56.4787 68.3059
538 56.3031 68.238
791 56.0987 68.159
35 55.9183 68.0893
800 55.7521 68.025
432 55.5635 67.9521
810 55.3616 67.8741
513 55.1648 67.798
440 54.9963 67.7329
617 54.8025 67.658
84 54.6188 67.5869
282 54.4381 67.5171
216 54.269 67.4517
847 54.1278 67.3971
647 53.957 67.3311
671 53.7789 67.2622
173 53.5824 67.1863
393 53.3463 67.095
625 53.0514 66.981
188 52.7649 66.8703
459 52.5173 66.7745
798 52.4035 66.7305
964 52.2951 66.6886
779 52.168 66.6395
597 52.0551 66.5959
293 51.9902 66.5708
238 51.9153 66.5418
894 51.8262 66.5074
9 51.7504 66.4781
762 51.6598 66.4431
515 51.5659 66.4067
468 51.4653 66.3678
315 51.3685 66.3304
923 51.237 66.2796
264 51.1397 66.242
676 51.0578 66.2103
683 50.9772 66.1792
855 50.9047 66.1511
523 50.8247 66.1202
921 50.7517 66.092
732 50.6568 66.0553
144 50.5803 66.0257
101 50.5049 65.9965
186 50.4321 65.9684
804 49.8305 65.9738
577 49.3595 65.9781
715 48.7633 65.9836
235 48.3157 65.9876
91 47.8625 65.9918
161 47.3751 65.9962
793 46.828 66.0012
281 45.9217 66.0094
498 45.0949 66.017
484 44.1216 66.0258
621 43.0229 66.0358
134 41.9611 66.0455
350 40.7917 66.0561
576 39.4807 66.0681
540 38.2752 66.0791
252 36.7933 66.0926
226 35.5097 66.1042
526 34.0761 66.1173
266 34.0283 66.1177
30 33.9994 66.118
971 33.9612 66.1184
365 33.9307 66.1186
788 33.8936 66.119
599 33.8575 66.1193
574 33.8248 66.1196
104 33.7955 66.1199
493 33.7593 66.1202
507 33.7198 66.1206
720 33.6856 66.1209
327 33.6523 66.1212
903 33.6222 66.1215
454 33.5925 66.1218
137 33.5633 66.1221
604 33.5311 66.1224
689 33.5015 66.1226
510 33.4716 66.1229
349 33.4459 66.1232
645 33.4235 66.1234
912 33.3999 66.1236
587 33.373 66.1238
291 33.3508 66.124
596 33.3252 66.1243
789 33.2966 66.1245
80 33.2744 66.1247
662 33.2468 66.125
756 33.2189 66.1253
730 33.1922 66.1255
901 33.167 66.1257
640 33.144 66.1259
910 33.1227 66.1261
976 33.0976 66.1264
888 33.0643 66.1267
79 33.0643 66.1267
56 33.0643 66.1267
537 33.0643 66.1267
809 33.0682 65.9554
34 33.0714 65.8116
225 33.0738 65.7065
54 33.0768 65.5728
929 33.0797 65.4431
533 33.0821 65.3331
171 33.0843 65.2367
878 33.0867 65.1298
390 33.0894 65.0087
965 33.092 64.8931
846 33.0946 64.7742
591 33.0971 64.665
501 33.0999 64.5398
729 33.1028 64.4081
404 33.1053 64.2985
267 33.1083 64.1634
897 33.1108 64.0494
927 33.1599 63.9105
410 33.218 63.7457
724 33.2691 63.6009
359 33.3288 63.4317
21 33.389 63.2612
571 33.4513 63.0845
89 33.5271 62.8697
765 33.5875 62.6986
163 33.6449 62.5359
175 33.7079 62.3575
558 33.7753 62.1664
127 33.7196 61.5581
839 33.6796 61.1211
957 33.64 60.6892
471 33.5966 60.215
451 33.5598 59.8127
233 33.5974 59.172
308 33.6297 58.6212
922 33.6694 57.9444
733 33.702 57.3899
633 33.7439 56.6755
705 33.7705 56.2216
545 33.8001 55.7175
735 33.8281 55.2401
891 33.8625 54.654
324 33.8942 54.1132
382 33.9249 53.5905
59 33.9983 52.3387
370 34.0875 50.8202
403 34.1946 48.9936
194 34.2176 48.6013
876 34.2407 48.2083
414 34.2647 47.7988
438 34.2862 47.4329
11 34.3068 47.0808
397 34.3257 46.7579
269 34.3432 46.4598
917 34.3632 46.119
237 34.3806 45.823
155 34.4024 45.4504
413 34.4226 45.1056
619 34.4442 44.7379
723 34.466 44.3661
862 34.4875 43.9995
388 34.5086 43.6393
525 34.5291 43.2894
278 34.5524 42.8916
603 34.553 42.8816
535 34.5538 42.8684
655 34.5546 42.855
989 34.5553 42.8421
151 34.5562 42.8274
7 34.557 42.8136
38 34.5578 42.7998
549 34.5587 42.7848
257 34.5972 42.7818
688 34.626 42.7796
475 34.6557 42.7773
869 34.6877 42.7748
692 34.9136 42.7573
679 35.0887 42.7437
543 35.2604 42.7303
37 35.4574 42.715
913 35.7092 42.6955
811 35.9795 42.6745
687 36.2605 42.6526
566 36.5523 42.63
790 36.806 42.6103
302 37.0135 42.5942
529 37.2572 42.5752
664 37.5016 42.5562
508 37.7772 42.5348
49 38.0853 42.5109
783 38.3912 42.4871
147 38.7056 42.4627
472 39.0994 42.4321
461 39.3952 42.4091
586 39.6829 42.3868
906 39.9865 42.3632
356 40.1805 42.3481
748 40.3668 42.3337
706 40.617 42.3142
522 40.8951 42.2926
210 41.1676 42.2715
853 41.4184 42.252
480 41.6785 42.2318
512 41.9461 42.211
778 42.1864 42.1923
191 42.9546 42.1326
180 44.0297 42.0492
63 45.311 41.9496
930 46.3368 41.87
865 47.0333 41.8159
342 47.5431 41.7763
843 48.1158 41.7318
209 48.6472 41.6905
27 49.0919 41.7431
197 49.4311 41.7832
716 49.7886 41.8255
262 50.156 41.8689
458 50.4825 41.9075
870 50.8115 41.9464
675 51.1478 41.9862
69 51.1478 41.9862
785 51.1478 41.9862
844 51.1478 41.9862
421 51.1478 41.9862
66 51.1478 41.9862
875 51.1478 41.9862
276 51.1478 41.9862
751 51.1478 41.9862
828 51.1478 41.9862
19 51.1479 41.9862
250 51.1479 41.9862
43 51.5647 42.0827
492 51.8961 42.1595
377 52.2567 42.243
452 52.5504 42.311
935 52.9274 42.3983
217 53.4316 42.515
355 53.8547 42.613
945 54.2376 42.7016
623 54.7298 42.8156
781 55.1737 42.9184
978 55.5362 43.0023
681 55.8846 43.083
519 56.2619 43.1703
358 56.664 43.2634
634 57.0178 43.3453
848 57.3465 43.4214
821 60.1029 44.0597
85 60.9208 44.2514
594 61.9405 44.4905
396 63.0006 44.739
485 64.2181 45.0244
670 65.2172 45.2586
190 66.0349 45.4503
70 66.7445 45.6167
609 67.4977 45.7932
232 68.1314 45.9418
942 68.7457 46.0858
941 69.3394 46.2249
357 69.4276 46.2456
606 69.5339 46.2705
583 69.6601 46.3001
745 69.763 46.3243
274 69.8704 46.3494
29 69.9629 46.3711
143 70.0497 46.3915
926 70.1452 46.4139
767 70.2445 46.4371
553 70.343 46.4603
644 70.4284 46.4803
314 70.5239 46.5027
842 70.6335 46.5284
117 70.7452 46.5546
466 70.868 46.5834
656 70.9847 46.6107
850 71.0904 46.6355
592 71.1875 46.6583
45 71.2759 46.679
334 77.6367 48.1702
102 77.7153 48.1769
920 78.1734 48.2156
323 78.5949 48.2513
497 87.489 49.0037
884 87.4872 48.9566
684 87.4854 48.9106
170 87.4823 48.8279
506 87.4791 48.7466
107 87.4756 48.6546
977 87.4722 48.5665
967 87.4586 48.2109
195 87.4444 47.8428
951 87.4325 47.5309
425 87.4203 47.2155
198 87.4084 46.904
387 87.395 46.5546
838 87.3778 46.1082
932 87.3589 45.6166
242 87.337 45.0448
136 87.2689 43.2739
835 87.1355 39.7998
590 87.0067 36.4473
98 86.8992 33.6486
33 86.815 31.4586
520 86.7235 29.0766
627 86.4773 22.6676
345 86.4094 20.9004
243 86.3416 19.1339
979 86.3083 18.2681
483 86.2828 17.605
260 86.1868 17.6088
