0,103,295,777,24,176,504,721,819,581,598,959,653,289,250,555,419,209,873,828,45,27,6,831,377,314,358,751,906,164,644,66,675,785,276,19,63,821,681,781,355,357,43,69,842,848,458,634,55,865,935,934,379,160,883,467,337,643,64,669,518,822,26,407,439,351,310,363,287,902,626,704,111,915,284,261,602,787,278,486,573,899,834,702,709,354,246,307,221,824,661,812,402,488,641,455,629,348,412,722,254,331,187,682,211,362,366,588,8,299,963,474,881,61,646,674,741,829,125,794,514,985,943,4,258,673,836,710,572,74,133,898,86,121,869,403,616,205,65,87,268,731,328,949,758,283,336,128,352,797,330,708,990,849,148,700,384,10,423,463,863,123,958,499,505,46,489,805,312,496,116,174,222,972,154,122,279,182,233,57,542,341,936,749,196,422,841,212,770,652,527,677,565,157,166,956,100,747,691,347,879,764,131,81,77,734,373,909,47,303,502,733,234,130,451,114,329,846,219,760,925,784,218,214,772,531,411,119,376,3,34,601,589,607,255,703,799,398,524,970,739,371,939,948,427,658,886,244,400,31,552,184,487,349,924,113,789,326,550,333,680,99,168,796,526,560,339,780,927,888,946,429,600,500,697,58,60,399,224,220,701,966,503,132,717,665,728,97,162,381,338,667,694,445,657,192,630,479,482,361,272,457,726,825,346,517,277,207,860,14,298,75,90,554,686,178,628,444,615,890,639,556,325,991,830,916,426,321,551,792,736,433,570,944,431,108,360,443,578,374,240,213,699,446,678,50,380,300,803,693,1,249,247,495,13,469,712,386,892,568,447,405,169,914,719,759,316,364,955,48,547,695,815,435,93,236,905,868,39,263,585,95,442,546,203,227,953,637,138,718,304,153,301,711,750,15,106,557,969,988,982,436,827,200,368,401,199,88,610,462,696,441,768,44,430,167,833,871,288,456,651,761,973,521,115,776,933,757,392,2,672,73,773,306,409,714,885,753,17,183,491,253,611,20,76,92,631,608,593,189,124,454,752,96,418,806,230,150,638,231,141,271,859,786,960,146,795,416,808,41,120,428,296,424,36,292,28,309,448,918,490,689,919,5,343,437,738,394,206,614,564,53,265,139,172,256,241,215,539,866,22,181,613,72,974,766,707,548,470,840,649,659,530,375,156,129,449,516,389,569,872,642,562,861,294,802,877,662,561,724,857,94,632,91,986,807,270,350,826,636,229,895,126,755,874,105,319,82,193,559,541,532,763,239,305,961,536,165,511,940,259,408,814,947,320,882,880,774,624,406,952,313,754,140,477,40,23,62,896,367,434,980,746,851,344,248,584,118,713,856,737,618,185,911,179,245,297,273,984,937,813,42,464,690,622,317,931,18,378,12,864,415,285,83,251,395,465,71,202,816,992,567,887,177,575,817,52,893,620,544,149,983,725,159,494,353,318,845,158,145,823,666,417,854,820,135,580,928,322,473,372,742,818,740,25,889,685,204,648,450,528,775,311,660,332,385,852,152,837,744,727,867,904,290,393,340,654,650,68,383,481,975,900,579,315,987,238,286,35,617,468,810,161,767,67,582,907,595,51,485,668,962,605,112,440,515,509,432,762,109,9,847,208,460,832,800,671,478,84,369,335,782,769,173,280,921,801,225,540,80,134,743,715,404,976,563,894,484,513,732,137,163,291,676,264,175,533,493,235,878,507,370,912,910,839,56,252,901,587,640,226,954,223,30,308,571,804,645,21,267,171,779,410,523,683,720,596,903,730,144,971,574,591,501,327,729,756,604,965,390,537,275,266,735,79,382,635,359,950,16,788,599,957,981,897,705,938,698,391,534,89,535,414,706,508,929,59,545,858,142,529,543,510,603,688,525,633,32,11,612,388,324,78,549,438,476,655,663,771,723,664,38,269,748,876,679,228,397,811,619,908,37,913,586,191,413,302,7,237,180,922,151,475,687,257,356,197,945,522,843,853,790,862,194,692,492,147,155,917,778,49,472,452,512,989,783,480,566,421,716,891,54,127,809,765,461,281,459,210,453,558,104,101,498,923,798,964,793,365,855,471,621,188,791,576,216,519,282,625,968,597,623,930,844,875,293,342,577,594,396,870,186,262,978,217,85,538,942,606,647,323,592,553,670,466,941,201,70,420,656,110,190,117,920,102,850,926,334,583,143,195,609,232,29,745,274,170,835,497,684,977,242,107,506,387,884,136,932,425,198,951,838,967,98,33,520,590,345,243,979,260,627,483,
value : 470.009 running time : 211.661315
0 80 20
103 65.239 15.8496
295 64.9003 16.0848
777 64.6222 16.278
24 64.3689 16.454
176 64.1352 16.6162
504 63.8838 16.7909
721 63.6459 16.9561
819 62.1603 17.9877
581 60.9394 18.8356
598 59.631 19.7442
959 57.7554 21.0467
653 55.4881 22.6212
289 55.6573 23.6859
250 55.8244 24.737
555 55.9625 25.6051
419 56.0945 26.4347
209 56.2397 27.3476
873 56.3823 28.2446
828 56.5364 29.2135
45 56.6773 30.0995
27 56.7736 30.7041
6 56.8698 31.3084
831 56.9726 31.9548
377 57.0858 32.6662
314 57.1921 33.3345
358 57.2755 33.8586
751 57.3527 34.3437
906 57.4374 34.8756
164 57.5098 35.3307
644 57.7371 36.7642
66 57.8557 37.5095
675 57.9773 38.2739
785 58.0817 38.9301
276 58.2284 39.853
19 58.2284 39.853
63 58.2284 39.853
821 58.2284 39.853
681 58.2284 39.853
781 58.2284 39.853
355 58.2284 39.853
357 58.2284 39.853
43 58.2284 39.853
69 58.2284 39.853
842 58.2284 39.853
848 54.1489 36.7463
458 53.1804 35.6345
634 52.1624 34.466
55 50.6204 32.6965
865 49.0575 30.9029
935 47.4663 29.0769
934 45.6772 27.0247
379 43.8994 24.9847
160 42.5168 23.3978
883 41.0337 21.6956
467 39.8622 20.3509
337 37.9672 18.1767
643 36.0688 15.9988
64 36.0688 15.9988
669 36.0688 15.9988
518 36.0688 15.9988
822 35.5571 16.3698
26 35.1093 16.6946
407 34.6817 17.0047
439 34.226 17.3351
351 33.8784 17.5873
310 33.5027 17.8598
363 33.1263 18.1328
287 32.7318 18.4189
902 32.304 18.729
626 31.9913 18.9559
704 31.6903 19.1743
111 31.3541 19.4181
915 31.0071 19.6697
284 30.7049 19.8889
261 30.4114 20.1019
602 30.0786 20.3432
787 29.7885 20.5536
278 29.5005 20.7625
486 29.2413 20.9506
573 29.2413 20.9506
899 29.2413 20.9506
834 29.2413 20.9506
702 28.2879 20.6176
709 27.5232 20.3505
354 26.6706 20.0527
246 25.8237 19.7568
307 24.9739 19.46
221 23.9562 19.1044
824 22.4257 18.5698
661 18.1722 17.084
812 12.5821 15.1313
402 12.5773 15.2733
488 12.5733 15.3911
641 12.5679 15.5497
455 12.564 15.6628
629 12.5607 15.7615
348 12.5565 15.885
412 12.5524 16.0043
722 12.5486 16.1167
254 12.5422 16.3042
331 12.5361 16.486
187 12.5308 16.6412
682 12.5258 16.7858
211 12.5208 16.9336
362 12.5152 17.0977
366 12.5101 17.2486
588 12.5047 17.4086
8 12.4993 17.5647
299 12.485 17.9857
963 12.4737 18.3182
474 12.4639 18.6072
881 12.4552 18.8634
61 12.4321 19.5422
646 12.4033 20.3878
674 12.3502 21.9485
741 12.2801 24.0091
829 12.2033 26.2711
125 12.2014 26.3272
794 12.1999 26.3708
514 12.1982 26.4199
985 12.1966 26.468
943 12.1951 26.511
4 12.1937 26.5541
258 12.1922 26.5982
673 12.1906 26.6445
836 12.1889 26.6944
710 12.1873 26.7436
572 12.1856 26.793
74 12.1839 26.8436
133 12.1821 26.897
898 12.1802 26.951
86 12.5025 27.6193
121 14.5821 31.9327
869 15.4362 33.7042
403 13.3898 38.8643
616 13.3267 39.0234
205 13.2719 39.1614
65 13.209 39.3201
87 13.1429 39.4867
268 13.0768 39.6532
731 12.2468 41.7445
328 11.5321 43.5454
949 11.4303 43.9675
758 11.3309 44.3797
283 11.2413 44.7511
336 11.1339 45.1962
128 11.0528 45.5325
352 10.9686 45.8817
797 10.8913 46.2024
330 10.8158 46.5155
708 10.7247 46.8931
990 10.6572 47.1733
849 10.5774 47.5041
148 10.5774 47.5041
700 10.5774 47.5041
384 10.5774 47.5041
10 10.5774 47.5041
423 10.5774 47.5041
463 10.5774 47.5041
863 10.5774 47.5041
123 10.5774 47.5041
958 10.5774 47.5041
499 10.5774 47.5041
505 10.6418 47.8355
46 10.6945 48.1064
489 10.7604 48.4458
805 10.8215 48.7598
312 10.874 49.0303
496 10.9355 49.3466
116 10.9968 49.662
174 11.0587 49.98
222 11.1199 50.2949
972 11.1864 50.6371
154 11.2432 50.9295
122 11.3089 51.2675
279 11.3586 51.5229
182 11.4081 51.7778
233 11.4614 52.052
57 11.4745 52.1194
542 11.4891 52.1945
341 11.5037 52.2696
936 11.5196 52.3512
749 11.5353 52.4321
196 11.5538 52.527
422 11.5685 52.6026
841 11.5806 52.6652
212 11.5935 52.7315
770 11.6294 52.9158
652 11.6715 53.1326
527 11.7169 53.366
677 11.7621 53.5984
565 11.8021 53.8042
157 11.8367 53.9821
166 12.0072 54.8594
956 12.1819 55.7578
100 12.3407 56.5748
747 12.5336 57.567
691 12.7038 58.4422
347 12.8753 59.3242
879 12.8936 59.4189
764 12.9098 59.5025
131 12.9273 59.5924
81 12.9446 59.6819
77 12.9607 59.765
734 12.9607 59.765
373 12.9607 59.765
909 12.9607 59.765
47 13.0876 60.042
303 13.285 60.4733
502 13.5266 61.0011
733 13.6956 61.37
234 13.6956 61.37
130 13.6956 61.37
451 13.6956 61.37
114 13.6956 61.37
329 13.6956 61.37
846 13.6956 61.37
219 13.6956 61.37
760 13.6956 61.37
925 13.6956 61.37
784 13.6956 61.37
218 13.6956 61.37
214 13.6956 61.37
772 13.6016 61.6262
531 13.5136 61.8666
411 13.4205 62.1204
119 13.3311 62.3644
376 13.2275 62.6469
3 13.1256 62.9248
34 13.0225 63.2057
601 12.9291 63.4606
589 12.8246 63.7459
607 12.7477 63.956
255 12.7477 63.956
703 12.7477 63.956
799 12.7477 63.956
398 12.7477 63.956
524 12.7477 63.956
970 12.7477 63.956
739 12.7477 63.956
371 12.7477 63.956
939 12.7477 63.956
948 13.9689 65.8614
427 15.1187 67.6555
658 16.4831 69.7844
886 17.2737 71.0178
244 17.7732 71.7972
400 18.1247 72.3455
31 18.5148 72.9541
552 18.5343 72.9846
184 18.5577 73.0212
487 18.5783 73.0533
349 18.5967 73.082
924 18.6186 73.1163
113 18.6419 73.1526
789 18.6663 73.1907
326 18.6891 73.2264
550 18.7125 73.263
333 18.7336 73.296
680 18.7523 73.3251
99 18.7754 73.3612
168 18.7981 73.3967
796 18.8198 73.4306
526 18.8419 73.4651
560 18.8648 73.5009
339 18.8872 73.5358
780 18.9089 73.5697
927 18.9292 73.6015
888 18.9521 73.6372
946 18.9742 73.6717
429 18.9951 73.7044
600 19.0181 73.7404
500 19.0414 73.7768
697 19.0686 73.8192
58 19.0934 73.858
60 19.11 73.884
399 14.7724 74.0985
224 12.4048 74.2163
220 11.9549 74.2387
701 11.4303 74.2649
966 10.8184 74.2954
503 10.8184 74.2954
132 10.8184 74.2954
717 10.8275 74.3732
665 10.8379 74.4626
728 10.8489 74.5577
97 10.8585 74.6404
162 10.8685 74.7261
381 10.8776 74.8042
338 10.8878 74.8921
667 10.8978 74.9785
694 10.9082 75.0675
445 10.9186 75.1577
657 10.9293 75.2493
192 10.9388 75.3309
630 10.9507 75.4332
479 10.9635 75.5435
482 10.9741 75.6348
361 10.9863 75.7397
272 10.9974 75.8347
457 11.01 75.9434
726 11.0221 76.0478
825 11.0334 76.1447
346 11.0431 76.2282
517 11.0523 76.3076
277 11.0645 76.4124
207 11.0777 76.526
860 11.092 76.6491
14 11.1046 76.7577
298 11.1209 76.8979
75 11.1379 77.0443
90 11.1532 77.1761
554 11.1676 77.2993
686 11.1812 77.4167
178 11.1985 77.5656
628 11.2151 77.7087
444 11.2297 77.8342
615 11.2429 77.9478
890 11.2561 78.0607
639 11.2694 78.1751
556 11.2847 78.3067
325 11.3011 78.4481
991 11.3154 78.5708
830 11.3313 78.7079
916 11.3479 78.851
426 11.3621 78.973
321 11.3761 79.093
551 11.3912 79.2234
792 11.4073 79.3619
736 11.4226 79.4938
433 11.4359 79.6081
570 11.4508 79.7361
944 11.4658 79.8647
431 11.4805 79.9918
108 11.4967 80.1311
360 11.5106 80.2501
443 11.524 80.3659
578 11.5396 80.5002
374 11.1788 83.7545
240 10.8314 86.8881
213 10.4852 90.0096
699 10.485 90.0109
446 10.4848 90.0123
678 10.4847 90.0138
50 10.4845 90.0151
380 10.4844 90.0167
300 10.4842 90.018
803 10.484 90.0194
693 10.4839 90.0208
1 10.4837 90.0221
249 10.4836 90.0233
247 10.4834 90.0248
495 10.4833 90.0261
13 10.4831 90.0276
469 10.483 90.0289
712 10.4828 90.0305
386 10.4826 90.032
892 10.4824 90.0335
568 10.4823 90.0351
447 10.4821 90.0367
405 10.4819 90.0382
169 10.4818 90.0395
914 10.4816 90.0409
719 10.4814 90.0423
759 10.4813 90.0436
316 10.4811 90.045
364 10.481 90.0465
955 10.4808 90.0478
48 10.4807 90.0492
547 10.4805 90.0508
695 10.4803 90.0521
815 10.4802 90.0537
435 10.48 90.0554
93 10.4798 90.0567
236 10.4796 90.0583
905 10.4795 90.0598
868 10.4793 90.0615
39 10.4791 90.063
263 10.479 90.0643
585 10.4788 90.0658
95 10.4787 90.067
442 10.4785 90.0683
546 10.4784 90.0697
203 10.4782 90.0712
227 10.478 90.0727
953 10.478 90.0727
637 10.478 90.0727
138 10.478 90.0727
718 10.478 90.0727
304 10.478 90.0727
153 10.478 90.0727
301 10.478 90.0727
711 10.478 90.0727
750 10.478 90.0727
15 10.478 90.0727
106 10.478 90.0727
557 10.478 90.0727
969 10.478 90.0727
988 10.478 90.0727
982 11.0025 90.0123
436 11.4956 89.9554
827 11.9835 89.8991
200 12.5864 89.8295
368 13.2584 89.752
401 13.7516 89.6951
199 14.6573 89.5907
88 15.783 89.4609
610 16.7883 89.345
462 17.3644 89.2785
696 18.0103 89.204
441 18.5659 89.1399
768 19.1115 89.077
44 19.538 89.0277
430 19.9619 88.9789
167 20.2483 88.9458
833 20.4913 88.9178
871 20.7422 88.8888
288 21.0108 88.8578
456 21.2761 88.8272
651 21.5464 88.7961
761 21.812 88.7654
973 22.0479 88.7382
521 22.3449 88.704
115 22.6197 88.6723
776 22.921 88.6375
933 23.2707 88.5972
757 23.6608 88.5522
392 24.0571 88.5065
2 24.2225 88.4874
672 24.3713 88.4703
73 24.5148 88.4537
773 24.6594 88.4371
306 24.7872 88.4223
409 24.9234 88.4066
714 25.0599 88.3909
885 25.2465 88.3693
753 25.4254 88.3487
17 25.6167 88.3267
183 25.836 88.3014
491 26.0652 88.275
253 26.3596 88.241
611 26.6233 88.2106
20 26.8925 88.1796
76 27.1456 88.1504
92 27.4169 88.1192
631 27.6524 88.092
608 27.8861 88.065
593 28.1657 88.0328
189 29.6765 87.8587
124 30.6968 87.7411
454 31.6472 87.6315
752 32.5411 87.5284
96 32.5411 87.5284
418 32.5411 87.5284
806 32.5411 87.5284
230 32.5411 87.5284
150 32.5412 87.5284
638 32.5412 87.5284
231 32.5412 87.5284
141 32.5412 87.5284
271 32.5412 87.5284
859 32.5412 87.5284
786 32.5412 87.5284
960 32.5412 87.5284
146 32.5412 87.5284
795 32.5413 87.5284
416 32.5413 87.5284
808 32.5413 87.5284
41 32.5413 87.5284
120 32.5413 87.5284
428 32.5413 87.5284
296 32.5413 87.5284
424 32.5413 87.5284
36 32.5413 87.5284
292 32.5414 87.5284
28 32.5414 87.5284
309 32.5414 87.5284
448 32.5414 87.5284
918 32.5414 87.5284
490 32.5414 87.5284
689 32.5414 87.5284
919 36.0194 88.1139
5 39.6291 88.7217
343 39.6427 88.6904
437 39.6561 88.6599
738 39.6679 88.6328
394 39.6827 88.5988
206 39.6963 88.5678
614 39.7119 88.5319
564 39.7242 88.504
53 39.7339 88.4816
265 39.7452 88.4558
139 39.7586 88.425
172 39.7822 88.371
256 39.8044 88.3202
241 39.8247 88.2736
215 39.8438 88.2301
539 39.8597 88.1936
866 39.8753 88.1578
22 39.8925 88.1185
181 39.9093 88.0801
613 39.9274 88.0385
72 39.9466 87.9946
974 39.9647 87.9532
766 40.0157 87.8363
707 40.0723 87.7067
548 40.1283 87.5784
470 40.1851 87.4484
840 40.2492 87.3017
649 40.3033 87.1777
659 40.3507 87.0691
530 40.3959 86.9656
375 40.4361 86.8736
156 40.4859 86.7596
129 40.5407 86.634
449 40.5917 86.5173
516 40.6468 86.3911
389 40.7009 86.2672
569 40.7608 86.13
872 40.8364 85.9568
642 40.9084 85.91
562 40.9705 85.8696
861 41.0318 85.8297
294 41.085 85.7952
802 41.1402 85.7593
877 41.1789 85.7341
662 41.226 85.7035
561 42.361 84.9647
724 43.5313 84.2031
857 45.1411 83.6254
94 45.4092 83.5292
632 45.6356 83.4479
91 45.7966 83.3902
986 45.9347 83.3406
807 46.0023 83.4307
270 46.0678 83.5181
350 46.3722 83.9239
826 46.8227 84.5246
636 47.2711 85.1223
229 47.7046 85.7003
895 48.0636 86.3698
126 48.476 87.1388
755 48.9235 87.9733
874 49.6229 89.2775
105 49.6967 89.2751
319 49.7701 89.2726
82 49.8424 89.2702
193 49.9135 89.2679
559 49.9798 89.2657
541 50.0546 89.2632
532 50.128 89.2608
763 50.1977 89.2585
239 50.2723 89.256
305 50.3488 89.2535
961 50.4256 89.2509
536 50.5009 89.2484
165 50.5735 89.246
511 50.6543 89.2433
940 50.73 89.2408
259 50.8079 89.2382
408 50.8758 89.236
814 50.9457 89.2337
947 51.0232 89.2311
320 51.0963 89.2287
882 51.1729 89.2262
880 51.2483 89.2237
774 51.3207 89.2213
624 51.3938 89.2188
406 51.4651 89.2165
952 51.5422 89.2139
313 51.6185 89.2114
754 51.6936 89.2089
140 51.768 89.2064
477 51.8493 89.2037
40 51.9118 89.2017
23 51.9762 89.1995
62 52.0427 89.1973
896 52.1126 89.195
367 52.1814 89.1927
434 52.2486 89.1905
980 52.3165 89.1883
746 52.3806 89.1861
851 52.4518 89.1838
344 52.5216 89.1815
248 52.5844 89.1794
584 53.2016 89.1588
118 53.7545 89.1403
713 54.2563 89.1236
856 54.9208 89.1014
737 55.5338 89.0809
618 56.1067 89.0618
185 56.7331 89.0409
911 57.2821 89.0226
179 57.8112 89.0049
245 58.4486 88.9836
297 59.2078 88.9583
273 59.8392 88.9372
984 60.4479 88.9169
937 61.0997 88.8952
813 61.4517 88.8834
42 61.6978 88.8752
464 61.9496 88.8668
690 62.1934 88.8586
622 62.4903 88.8487
317 62.7522 88.84
931 63.0259 88.8308
18 63.3067 88.8215
378 63.5757 88.8125
12 63.8443 88.8035
864 64.1835 88.7922
415 64.2592 88.7897
285 64.8472 88.7701
83 65.3948 88.7518
251 65.5451 88.7468
395 65.6949 88.7418
465 65.8609 88.7362
71 66.0136 88.7311
202 66.1356 88.727
816 66.2829 88.7221
992 66.4381 88.7169
567 66.5963 88.7116
887 66.749 88.7065
177 67.2914 88.6884
575 67.8666 88.6692
817 69.0464 88.6299
52 70.3461 88.5866
893 71.7303 88.5406
620 72.6499 88.5099
544 73.8938 88.4684
149 75.3245 88.4208
983 77.9897 88.3329
725 77.9897 88.3329
159 77.9897 88.3329
494 77.9897 88.3329
353 77.9897 88.3329
318 77.9897 88.3329
845 77.9897 88.3329
158 77.9897 88.3329
145 77.9897 88.3329
823 77.9897 88.3329
666 77.9897 88.3329
417 77.9897 88.3329
854 77.9897 88.3329
820 77.9897 88.3329
135 77.9898 88.3329
580 77.9898 88.3329
928 81.4242 88.0976
322 82.8294 86.7013
473 84.356 85.1842
372 86.0107 83.5399
742 85.7119 83.3049
818 85.4676 83.1129
740 85.3524 83.0223
25 85.2466 82.9391
889 85.118 82.838
685 84.9749 82.7255
204 84.8098 82.5956
648 84.6559 82.4747
450 84.517 82.3654
528 84.1761 82.1339
775 83.8534 81.9147
311 83.7311 81.8317
660 83.5887 81.735
332 80.0088 79.3044
385 77.0243 77.2775
852 74.6912 75.6928
152 73.9907 75.2169
837 73.4042 74.8184
744 72.8152 74.4183
727 72.2141 74.0099
867 71.6623 73.635
904 71.1418 73.2814
290 70.6495 72.9469
393 70.137 72.5988
340 69.7157 72.3125
654 69.3401 72.0573
650 68.9398 71.7853
68 68.5776 71.5393
383 68.2775 71.3354
481 67.8049 71.0143
975 67.1911 70.5972
900 66.529 70.1474
579 65.818 69.6644
315 64.878 69.0259
987 64.0514 68.4643
238 63.2202 67.8997
286 62.4132 67.3514
35 62.4132 67.3514
617 62.4132 67.3514
468 62.4132 67.3514
810 62.4132 67.3514
161 62.4132 67.3514
767 62.4132 67.3514
67 62.2621 67.4151
582 62.0926 67.4864
907 61.9732 67.5367
595 61.8446 67.5908
51 61.7056 67.6493
485 61.5716 67.7057
668 61.3262 67.809
962 61.101 67.9038
605 60.8171 68.0233
112 60.5562 68.1331
440 60.3294 68.2286
515 60.0965 68.3267
509 59.8555 68.4281
432 59.6023 68.5347
762 59.3739 68.6308
109 59.1276 68.7345
9 58.906 68.8278
847 58.6957 68.9164
208 58.4679 69.0123
460 58.2454 69.1059
832 58.0124 69.204
800 57.7823 69.3009
671 57.5763 69.3876
478 57.386 69.4677
84 56.345 69.9059
369 55.3753 70.3141
335 55.3041 70.3007
782 55.2289 70.2865
769 55.1583 70.2731
173 55.0915 70.2605
280 55.0188 70.2468
921 54.9431 70.2325
801 54.8727 70.2191
225 50.3454 69.3645
540 48.9983 69.1102
80 48.1248 68.9453
134 47.4565 68.8191
743 46.8188 68.6987
715 46.0644 68.5563
404 45.4225 68.4351
976 44.8998 68.3364
563 44.4076 68.2434
894 43.7981 68.1283
484 43.1857 68.0127
513 42.5371 67.8903
732 41.7577 67.7431
137 40.9696 67.5943
163 40.4923 67.5042
291 40.002 67.4117
676 39.5526 67.3268
264 39.0349 67.2291
175 38.4666 67.1218
533 37.9146 67.0176
493 37.3641 66.9136
235 36.9268 66.8311
878 35.7808 66.6147
507 34.6849 66.4078
370 34.6849 66.4078
912 34.4785 66.5005
910 34.2741 66.5923
839 34.0553 66.6906
56 33.8445 66.7852
252 33.614 66.8888
901 33.3756 66.9959
587 33.1564 67.0944
640 32.9577 67.1836
226 32.7694 67.2681
954 32.5534 67.3652
223 32.5534 67.3652
30 32.5534 67.3652
308 32.5534 67.3652
571 32.5534 67.3652
804 32.5534 67.3652
645 32.5534 67.3652
21 32.5534 67.3652
267 32.5534 67.3652
171 32.5534 67.3652
779 32.5534 67.3652
410 32.5534 67.3652
523 32.5534 67.3652
683 32.5534 67.3652
720 32.5534 67.3652
596 32.5534 67.3652
903 32.5534 67.3652
730 32.5534 67.3652
144 32.5534 67.3652
971 32.5115 67.3669
574 32.473 67.3686
591 32.437 67.3701
501 32.3992 67.3717
327 32.3607 67.3734
729 32.3261 67.3748
756 32.2907 67.3764
604 32.2523 67.378
965 32.2152 67.3796
390 32.1782 67.3812
537 32.1367 67.383
275 32.0984 67.3846
266 32.063 67.3861
735 32.0307 67.3875
79 31.9964 67.389
382 31.9608 67.3905
635 31.9236 67.3921
359 31.8908 67.3935
950 31.8504 67.3952
16 31.8504 67.3952
788 31.0836 65.5475
599 30.2511 63.5424
957 29.441 61.5913
981 28.6279 59.6332
897 27.9212 57.9319
705 27.1803 56.1478
938 26.4448 54.3767
698 25.7706 52.7534
391 25.1984 51.3762
534 24.6482 50.0519
89 24.6482 50.0519
535 24.6482 50.0519
414 24.6482 50.0519
706 24.6482 50.0519
508 24.6482 50.0519
929 24.6482 50.0519
59 24.7195 49.2869
545 24.8016 48.4056
858 24.8929 47.4263
142 24.9861 46.427
529 25.0828 45.3899
543 25.0828 45.3899
510 25.0828 45.3899
603 25.0828 45.3899
688 25.0828 45.3899
525 25.0828 45.3899
633 25.0828 45.3899
32 25.0828 45.3899
11 25.0828 45.3899
612 25.0828 45.3899
388 25.0828 45.3899
324 25.0828 45.3899
78 25.0828 45.3899
549 25.0828 45.3899
438 25.0828 45.3899
476 25.0828 45.3899
655 25.0828 45.3899
663 25.0828 45.3899
771 25.0828 45.3899
723 25.0828 45.3899
664 25.0828 45.3899
38 25.0828 45.3899
269 25.0828 45.3899
748 25.0828 45.3899
876 25.0828 45.3899
679 25.0828 45.3899
228 25.0828 45.3899
397 26.4681 44.9197
811 27.8774 44.4412
619 29.1439 44.0112
908 30.3968 43.5857
37 32.2072 42.9713
913 34.1568 42.3102
586 35.0904 41.9939
191 35.1685 42.2512
413 35.2677 42.5777
302 35.3522 42.856
7 35.4262 43.0995
237 35.517 43.3982
180 35.5892 43.6361
922 35.6611 43.8728
151 35.6611 43.8728
475 35.6611 43.8728
687 36.1888 44.0814
257 36.7573 44.3062
356 37.3078 44.5239
197 37.8478 44.7375
945 38.0738 44.8268
522 38.2662 44.9029
843 38.4765 44.986
853 38.5329 45.0083
790 38.5991 45.0345
862 38.6674 45.0615
194 38.7374 45.0892
692 38.8044 45.1156
492 38.8796 45.1454
147 38.8796 45.1454
155 38.8796 45.1454
917 38.8796 45.1454
778 38.8796 45.1454
49 38.8796 45.1454
472 38.8796 45.1454
452 38.8796 45.1454
512 38.8796 45.1454
989 38.8796 45.1454
783 38.8796 45.1454
480 38.8796 45.1454
566 38.8796 45.1454
421 38.8796 45.1454
716 39.8494 46.817
891 41.3468 49.3989
54 42.6142 51.5845
127 43.0277 52.2969
809 43.4472 53.0196
765 43.8476 53.7096
461 44.1771 54.2771
281 44.544 54.9094
459 44.8953 55.5145
210 45.1626 55.975
453 45.4923 56.5431
558 45.5356 56.6177
104 45.5762 56.6878
101 45.6193 56.762
498 45.6648 56.8405
923 45.7115 56.921
798 45.7625 57.0088
964 45.8121 57.0944
793 45.8121 57.0944
365 45.8121 57.0944
855 46.0777 56.9022
471 46.3744 56.6875
621 46.6741 56.4705
188 46.9688 56.2573
791 47.2204 56.0751
576 47.4749 55.8909
216 47.761 55.6838
519 48.0715 55.4591
282 48.3271 55.274
625 48.5977 55.0782
968 48.8542 54.8925
597 50.544 53.6697
623 52.325 52.3813
930 54.0644 51.1228
844 54.0644 51.1228
875 54.5586 51.1754
293 55.0592 51.2287
342 55.4534 51.2708
577 56.0217 51.3313
594 56.559 51.3885
396 57.1011 51.4463
870 57.5821 51.4975
186 58.2308 51.5666
262 58.9376 51.6419
978 59.7236 51.7257
217 60.5716 51.816
85 61.5421 51.9194
538 62.6824 52.0408
942 63.8164 52.1616
606 64.7704 52.2633
647 65.8044 52.3734
323 67.5918 52.5638
592 68.8261 52.8706
553 69.3966 53.0125
670 69.9449 53.1489
466 70.512 53.29
941 71 53.4114
201 71.4844 53.5319
70 71.6241 53.5666
420 71.7957 53.6093
656 71.9623 53.6507
110 72.1276 53.6919
190 72.462 53.5648
117 72.8333 53.4238
920 73.2787 53.2546
102 73.6312 53.1207
850 74.0241 52.9714
926 74.4152 52.8229
334 74.841 52.6611
583 75.2627 52.5009
143 75.6917 52.338
195 76.231 52.1331
609 76.7154 51.9491
232 77.1687 51.7769
29 77.7407 51.5596
745 78.321 51.3392
274 80.9274 50.9062
170 83.5977 50.4629
835 85.2125 50.1951
497 86.5851 49.9675
684 86.5832 49.773
977 86.5808 49.5285
242 86.5779 49.2364
107 86.575 48.9461
506 86.5722 48.6592
387 86.5685 48.289
884 86.5648 47.9048
136 86.5609 47.5113
932 86.5571 47.124
425 86.553 46.712
198 86.549 46.3041
951 86.5443 45.8291
838 86.5395 45.3412
967 86.5337 44.7556
98 86.459 37.0151
33 86.4355 34.634
520 86.4132 32.3762
590 86.3812 29.1295
345 86.3177 22.5965
243 86.2831 19.0829
979 86.2746 18.2165
260 86.2684 17.5916
627 86.2684 17.5916
483 86.2684 17.5916
