0,243,627,345,483,260,979,33,835,98,590,520,170,274,592,609,553,195,497,920,852,967,838,951,198,425,932,136,884,387,506,107,242,977,684,941,670,143,70,466,357,745,850,583,334,942,767,656,29,232,323,926,152,485,201,117,102,478,420,538,383,975,579,110,743,964,208,515,987,173,238,595,671,190,625,35,286,647,432,468,617,161,84,907,282,109,9,847,762,810,832,654,837,650,290,67,340,744,962,460,440,393,668,904,68,51,727,509,867,605,395,71,83,900,385,528,450,660,332,685,417,818,864,25,648,889,473,372,322,311,204,775,740,725,159,158,820,666,813,742,580,983,845,135,285,893,928,494,145,273,149,817,481,318,353,622,42,620,317,378,18,937,544,854,251,823,52,464,992,690,185,465,584,624,801,816,62,259,980,406,636,367,814,880,202,851,179,536,165,511,961,618,737,984,567,754,313,40,931,12,477,369,177,23,344,575,887,746,516,375,129,416,389,947,642,320,126,774,911,755,193,826,248,343,952,882,896,940,140,229,434,856,118,335,559,532,239,541,105,319,297,800,968,986,91,782,112,315,582,894,769,245,921,895,857,802,94,632,189,404,80,294,513,144,350,540,225,724,134,562,561,563,976,861,280,124,394,662,659,874,807,877,305,5,415,713,408,437,156,530,763,53,614,206,241,82,649,215,292,22,569,449,866,840,470,548,707,766,974,72,613,181,265,139,539,256,172,960,752,96,392,2,672,230,73,918,231,448,309,271,786,689,761,306,146,795,141,808,41,150,120,428,270,296,424,418,36,773,919,738,253,806,288,167,696,50,859,833,44,521,611,768,714,409,631,430,20,76,638,92,28,490,31,399,58,757,885,753,17,183,610,651,871,441,462,608,456,88,593,491,240,227,953,637,138,718,304,153,301,711,750,15,106,557,969,973,115,108,368,380,300,803,693,1,249,247,495,13,469,712,386,892,568,447,405,169,914,719,678,199,401,933,776,988,699,446,213,982,436,827,200,759,316,364,955,48,547,695,815,435,93,236,905,868,39,585,95,442,546,203,90,75,554,178,628,444,615,890,325,991,830,916,426,551,792,736,433,570,321,578,944,119,686,639,263,400,531,556,298,14,860,207,277,517,346,825,457,272,361,482,630,192,657,966,694,667,338,381,162,97,728,665,717,589,371,739,970,524,799,703,255,607,939,427,948,224,220,503,950,479,99,726,701,411,376,445,971,635,537,764,349,965,16,526,326,443,34,3,184,266,924,429,113,680,658,374,431,244,886,697,487,500,946,780,339,560,796,168,226,333,550,789,360,600,398,604,599,788,591,587,252,574,872,60,954,275,454,223,507,267,733,957,735,501,324,640,79,329,132,927,30,903,596,720,233,382,897,545,729,359,846,901,756,104,878,730,888,552,601,327,571,390,21,645,804,564,137,163,459,471,855,533,56,171,683,523,410,779,235,798,715,365,175,264,676,291,929,308,370,910,912,281,484,839,493,891,210,732,89,519,621,188,216,576,791,453,461,765,809,127,54,180,558,597,923,623,848,793,396,498,293,594,577,906,870,186,217,978,262,342,69,85,45,644,675,66,43,842,19,844,606,522,452,716,875,63,472,276,935,945,197,492,356,930,101,512,843,155,49,421,790,278,586,194,853,237,257,191,692,989,480,664,38,529,205,403,778,917,151,876,862,147,723,783,59,922,413,302,414,269,619,603,549,525,913,7,679,687,566,748,811,397,706,11,438,663,78,496,508,949,688,37,142,612,797,655,148,475,391,388,908,841,990,633,510,543,535,125,771,534,422,691,698,758,451,174,705,956,879,81,981,502,972,77,114,734,760,279,130,565,925,219,772,218,234,747,303,373,909,708,47,527,849,347,131,677,166,196,858,784,542,341,336,770,57,805,505,938,122,489,214,116,423,10,749,228,154,936,652,212,384,46,330,463,182,222,863,157,128,123,352,100,499,731,700,476,328,312,958,616,283,963,65,836,32,268,985,829,602,4,221,741,133,86,87,641,121,898,211,682,514,794,258,572,646,710,455,366,348,673,661,299,187,61,74,943,629,812,362,331,588,412,881,722,674,902,488,8,709,354,626,351,246,439,307,474,402,822,486,915,787,407,363,310,704,111,573,702,284,254,899,26,379,869,834,160,824,289,643,669,518,64,467,934,883,337,287,261,785,653,164,873,209,419,555,377,865,55,250,634,27,831,6,458,828,355,781,681,821,751,581,24,777,295,959,819,598,314,358,176,721,504,103,
value : 455.147 running time : 292.134737
0 80 20
243 84.8078 18.153
627 85.4329 17.9128
345 85.8622 17.7477
483 86.2684 17.5916
260 86.2684 17.5916
979 86.1351 19.3305
33 85.7325 24.5913
835 85.2911 30.3548
98 85.0959 32.9022
590 84.8261 36.4243
520 84.513 40.5102
170 84.0884 46.0569
274 84.0434 46.6429
592 83.9929 47.3022
609 83.9412 47.9767
553 83.8614 49.0185
195 84.4805 50.5776
497 85.1149 52.1752
920 82.1413 52.9004
852 79.2871 53.5966
967 79.2871 53.5966
838 79.2871 53.5966
951 79.2871 53.5966
198 79.2871 53.5966
425 79.2871 53.5966
932 79.2871 53.5966
136 79.2871 53.5966
884 79.2871 53.5966
387 79.2871 53.5966
506 79.2871 53.5966
107 79.2871 53.5966
242 78.7562 53.4208
977 78.2007 53.2369
684 77.5819 53.032
941 76.661 52.7273
670 75.7293 52.4189
143 74.9306 52.1545
70 74.2764 51.9379
466 73.727 51.756
357 73.2342 51.5928
745 73.2342 51.5928
850 73.1798 51.6847
583 73.1309 51.7671
334 73.0829 51.848
942 73.0398 51.9209
767 72.9983 51.9909
656 72.9589 52.0574
29 72.9245 52.1154
232 72.8851 52.1819
323 72.8427 52.2535
926 71.8043 54.0052
152 70.6848 55.8937
485 70.3172 56.5139
201 69.976 57.0897
117 69.6705 57.6052
102 69.3237 58.1904
478 68.9613 58.8019
420 68.6257 59.3682
538 68.2883 59.9375
383 67.9659 60.4816
975 66.8005 62.4469
579 65.7987 64.1366
110 64.3399 64.7789
743 62.1823 65.729
964 62.2463 65.7819
208 62.3169 65.8403
515 62.3883 65.8993
987 62.4625 65.9607
173 62.534 66.0199
238 62.6001 66.0745
595 62.6685 66.1311
671 62.7326 66.1842
190 62.7887 66.2306
625 62.8446 66.2768
35 62.9057 66.3274
286 62.971 66.3814
647 63.0531 66.4493
432 63.1253 66.5091
468 63.1922 66.5643
617 63.2626 66.6226
161 63.3358 66.6831
84 63.4597 66.7856
907 63.5917 66.8948
282 63.7129 66.995
109 63.8957 67.1463
9 64.1007 67.3158
847 64.2943 67.476
762 64.4679 67.6196
810 64.6575 67.7764
832 64.9176 67.9916
654 65.1664 68.1974
837 65.3919 68.3839
650 65.5832 68.5422
290 65.7915 68.7144
67 65.9813 68.8714
340 66.1831 69.0383
744 66.4027 69.22
962 66.5921 69.3766
460 66.7661 69.5205
440 66.9396 69.664
393 67.1445 69.8335
668 67.354 70.0068
904 67.5878 70.2001
68 67.8032 70.3783
51 68.0461 70.5792
727 68.2632 70.7588
509 68.4743 70.9334
867 68.6972 71.1178
605 68.9106 71.2943
395 69.3234 71.6357
71 71.4425 73.1325
83 73.4926 74.5806
900 75.6067 76.074
385 78.1714 77.8854
528 81.2632 80.0691
450 84.6122 82.4344
660 84.6369 82.4523
332 84.6581 82.4676
685 84.7998 82.5706
417 84.9043 82.6464
818 85.0275 82.7359
864 85.1934 82.8564
25 85.3892 82.9986
648 85.5393 83.1076
889 85.7091 83.2309
473 85.8576 83.3388
372 86.0056 83.4462
322 85.5576 83.8459
311 85.2016 84.1634
204 84.4614 84.8235
775 82.503 86.5704
740 82.1453 86.8895
725 81.7466 87.2451
159 81.3389 87.6087
158 80.9228 87.9798
820 80.6639 88.2108
666 80.4228 88.4258
813 80.2025 88.6223
742 79.9946 88.8077
580 79.7622 89.015
983 79.7622 89.015
845 79.7622 89.015
135 79.7622 89.015
285 79.7622 89.015
893 79.7622 89.015
928 79.7622 89.015
494 77.0458 89.0352
145 74.4797 89.0542
273 72.9674 89.0654
149 72.1796 89.0713
817 71.4617 89.0767
481 70.8933 89.0809
318 70.3324 89.0851
353 69.7623 89.0894
622 69.1523 89.0939
42 68.5644 89.0983
620 68.0202 89.1023
317 67.4863 89.1063
378 67.0249 89.1097
18 66.6174 89.1128
937 66.2527 89.1155
544 65.8599 89.1184
854 65.4542 89.1215
251 64.9566 89.1252
823 64.3976 89.1293
52 63.813 89.1337
464 63.1929 89.1383
992 62.5566 89.143
690 61.9184 89.1478
185 61.3845 89.1518
465 60.8587 89.1557
584 60.0666 89.1616
624 59.3419 89.167
801 59.0179 89.1694
816 58.6483 89.1722
62 58.2549 89.1751
259 57.914 89.1776
980 57.568 89.1802
406 57.2196 89.1828
636 56.9089 89.1851
367 56.644 89.1871
814 56.3586 89.1892
880 56.1374 89.1908
202 55.9147 89.1925
851 55.664 89.1944
179 55.4114 89.1962
536 55.1632 89.1981
165 54.9263 89.1998
511 54.7906 89.2008
961 54.6548 89.2018
618 54.5533 89.2026
737 54.4521 89.2033
984 54.3476 89.2041
567 54.2323 89.205
754 54.0992 89.206
313 53.9752 89.2069
40 53.861 89.2077
931 53.7557 89.2085
12 53.633 89.2094
477 53.5175 89.2103
369 53.3858 89.2113
177 53.2588 89.2122
23 53.1132 89.2133
344 52.9816 89.2142
575 52.8623 89.2151
887 52.7204 89.2162
746 52.5637 89.2173
516 52.42 89.2184
375 52.2716 89.2195
129 52.1415 89.2205
416 52.1279 89.2206
389 52.1156 89.2207
947 52.1044 89.2207
642 52.0914 89.2208
320 52.0783 89.2209
126 52.0655 89.221
774 52.0527 89.2211
911 52.0396 89.2212
755 52.0246 89.2213
193 52.0246 89.2213
826 52.0246 89.2213
248 52.0246 89.2213
343 52.0246 89.2213
952 52.0246 89.2213
882 52.0246 89.2213
896 52.0246 89.2213
940 52.0246 89.2213
140 52.0246 89.2213
229 52.0246 89.2213
434 52.0246 89.2213
856 52.0246 89.2213
118 52.0246 89.2213
335 52.0246 89.2213
559 52.0246 89.2213
532 52.0741 89.0008
239 52.1321 88.7429
541 52.1909 88.4812
105 52.2941 88.0216
319 52.6726 86.3371
297 53.0226 84.7797
800 50.7046 80.7726
968 48.8916 77.6385
986 48.6877 77.7354
91 48.4912 77.8287
782 48.2969 77.921
112 48.1095 78.01
315 47.9011 78.109
582 47.6685 78.2195
894 47.4236 78.3358
769 47.2049 78.4397
245 46.9619 78.5551
921 46.731 78.6648
895 46.493 78.7778
857 46.2619 78.8876
802 46.0112 79.0067
94 45.7655 79.1234
632 45.4944 79.2522
189 45.1737 79.4045
404 44.9205 79.5248
80 44.7884 79.6925
294 44.6501 79.8679
513 44.5231 80.029
144 44.3841 80.2055
350 44.2431 80.3844
540 44.103 80.5622
225 43.9663 80.7356
724 43.802 80.9441
134 43.6445 81.144
562 43.4524 81.3878
561 43.2611 81.6306
563 43.0905 81.847
976 42.9032 82.0847
861 42.7157 82.3226
280 42.5095 82.5843
124 42.1997 82.9775
394 42.0575 83.6374
662 41.9275 84.2408
659 41.5494 85.9955
874 41.1259 87.96
807 41.1219 87.9788
877 41.1168 88.0025
305 41.1121 88.0245
5 41.1073 88.0468
415 41.1073 88.0468
713 40.9811 88.042
408 40.853 88.0371
437 40.7134 88.0318
156 40.5945 88.0273
530 40.4593 88.0222
763 40.3223 88.017
53 40.1784 88.0115
614 40.0359 88.0061
206 39.9083 88.0013
241 39.7688 87.996
82 39.6382 87.991
649 39.4955 87.9856
215 39.3617 87.9805
292 39.2274 87.9754
22 39.1019 87.9706
569 38.9774 87.9659
449 38.848 87.961
866 38.7137 87.9559
840 38.5611 87.9501
470 38.4192 87.9447
548 38.2856 87.9396
707 38.1536 87.9346
766 38.0288 87.9299
974 37.8878 87.9245
72 37.7478 87.9192
613 37.613 87.9141
181 37.4832 87.9091
265 37.3457 87.9039
139 37.1998 87.8983
539 36.3026 87.8264
256 35.2442 87.7416
172 34.2683 87.6634
960 33.25 87.5817
752 33.2053 87.5782
96 33.1572 87.5743
392 33.1118 87.5707
2 33.0644 87.5669
672 33.0157 87.563
230 32.9689 87.5592
73 32.9184 87.5552
918 32.8715 87.5514
231 32.826 87.5478
448 32.7805 87.5441
309 32.7327 87.5403
271 32.6799 87.5361
786 32.6279 87.5319
689 32.5797 87.528
761 31.8165 87.6071
306 31.0667 87.6849
146 31.0177 87.6899
795 30.9609 87.6958
141 30.9032 87.7018
808 30.8442 87.7079
41 30.7834 87.7143
150 30.7287 87.7199
120 30.6725 87.7258
428 30.6167 87.7316
270 30.5634 87.7371
296 30.4936 87.7443
424 30.4234 87.7516
418 30.3619 87.758
36 30.304 87.764
773 30.2483 87.7698
919 30.1914 87.7757
738 30.1324 87.7818
253 29.6625 87.8306
806 29.2092 87.8776
288 28.689 87.9316
167 28.2591 87.9762
696 27.8006 88.0238
50 27.3525 88.0703
859 26.9526 88.1118
833 26.547 88.1539
44 26.1686 88.1932
521 25.8025 88.2312
611 25.5156 88.261
768 25.1638 88.2975
714 24.8498 88.3301
409 24.6882 88.3468
631 24.5253 88.3638
430 24.3553 88.3814
20 24.1913 88.3984
76 23.7385 88.4454
638 23.2574 88.4953
92 22.6601 88.5573
28 21.8034 88.6461
490 20.5405 88.7771
31 19.195 88.9165
399 18.9978 88.937
58 18.8262 88.9548
757 18.6507 88.973
885 18.45 88.9939
753 18.2348 89.0162
17 18.0286 89.0376
183 17.8384 89.0573
610 17.6509 89.0768
651 17.4332 89.0994
871 17.2085 89.1227
441 16.9886 89.1455
462 16.7594 89.1693
608 16.5532 89.1907
456 16.3165 89.2152
88 16.0721 89.2406
593 15.8232 89.2664
491 15.5513 89.2947
240 13.7789 89.4784
227 13.6543 89.4913
953 13.5048 89.5068
637 13.3825 89.5195
138 13.2644 89.5317
718 13.1429 89.5444
304 13.026 89.5565
153 12.9029 89.5693
301 12.7866 89.5813
711 12.6754 89.5929
750 12.568 89.604
15 12.4608 89.6151
106 12.3315 89.6286
557 12.224 89.6397
969 12.1029 89.6523
973 12.0024 89.6627
115 11.8954 89.6738
108 11.7741 89.6864
368 11.6682 89.6974
380 11.5243 89.7123
300 11.4013 89.7251
803 11.3532 89.7301
693 11.3069 89.7349
1 11.2627 89.7395
249 11.2214 89.7438
247 11.1702 89.7491
495 11.124 89.7539
13 11.0769 89.7588
469 11.0291 89.7637
712 10.9762 89.7692
386 10.9185 89.7752
892 10.8616 89.7811
568 10.8075 89.7867
447 10.7529 89.7924
405 10.6998 89.7979
169 10.6497 89.8031
914 10.5999 89.8082
719 10.5505 89.8134
678 10.5013 89.8185
199 10.4558 89.8232
401 10.4097 89.828
933 10.3698 89.8321
776 10.3203 89.8373
988 10.2606 89.8435
699 10.2639 89.8178
446 10.2668 89.7961
213 10.2693 89.7762
982 10.2845 89.6602
436 10.2984 89.5537
827 10.3094 89.4696
200 10.323 89.3654
759 10.3396 89.2386
316 10.3532 89.1343
364 10.3667 89.0312
955 10.3816 88.9169
48 10.3947 88.8167
547 10.4066 88.726
695 10.4191 88.6301
815 10.431 88.5387
435 10.4421 88.4539
93 10.4737 88.2125
236 10.5007 88.0058
905 10.5317 87.768
868 10.5573 87.5727
39 10.5891 87.3288
585 10.6266 87.0422
95 10.6766 86.6588
442 10.7236 86.2992
546 10.7767 85.8926
203 10.8253 85.5211
90 10.8714 85.168
75 10.9133 84.8469
554 10.9538 84.5374
178 10.9888 84.2694
628 11.0225 84.0116
444 11.0587 83.7345
615 11.0971 83.4401
890 11.1345 83.1543
325 11.1687 82.8923
991 11.2055 82.6105
830 11.2378 82.3629
916 11.2682 82.1309
426 11.3024 81.8692
551 11.3372 81.6023
792 11.3682 81.3649
736 11.4021 81.1057
433 11.4414 80.8045
570 11.4775 80.5283
321 11.5145 80.2451
578 11.5499 79.9741
944 11.5456 79.8824
119 11.5406 79.7769
686 11.5365 79.6899
639 11.5328 79.6101
263 11.5291 79.532
400 11.2816 74.2786
531 11.0589 69.5512
556 11.0802 69.5562
298 11.1 69.5609
14 11.1204 69.5657
860 11.1426 69.5709
207 11.1614 69.5753
277 11.1829 69.5804
517 11.2047 69.5855
346 11.2305 69.5916
825 11.255 69.5974
457 11.2745 69.602
272 11.2948 69.6068
361 11.3164 69.6119
482 11.335 69.6163
630 11.3541 69.6208
192 11.3722 69.625
657 11.3902 69.6293
966 11.4074 69.6333
694 11.4274 69.638
667 11.4483 69.643
338 11.4707 69.6482
381 11.4906 69.6529
162 11.5144 69.6586
97 11.5345 69.6633
728 11.5529 69.6676
665 11.5712 69.6719
717 11.59 69.6764
589 11.61 69.6811
371 11.63 69.6858
739 11.6532 69.6913
970 11.6737 69.6961
524 11.6937 69.7008
799 11.7104 69.7048
703 11.7298 69.7093
255 11.748 69.7136
607 11.7674 69.7182
939 11.787 69.7228
427 11.856 69.7391
948 11.9248 69.7553
224 11.9905 69.7708
220 12.3419 69.8537
503 12.6259 69.9206
950 12.9365 69.9939
479 13.202 70.0565
99 13.4571 70.1166
726 13.6818 70.1696
701 13.8924 70.2193
411 14.0918 70.2663
376 14.2852 70.3119
445 14.514 70.3659
971 15.4106 70.5773
635 16.1031 70.7405
537 16.7055 70.8826
764 17.1364 70.9842
349 17.6932 71.1155
965 18.1673 71.2273
16 18.5847 71.3257
526 18.8304 71.3836
326 19.0747 71.4412
443 19.3257 71.5004
34 19.555 71.5545
3 19.6161 71.5751
184 19.6964 71.602
266 19.7734 71.6279
924 19.8422 71.6511
429 19.91 71.6739
113 19.9813 71.6978
680 20.0529 71.7219
658 20.1323 71.7486
374 20.2004 71.7715
431 20.3497 71.8217
244 20.4879 71.8682
886 20.6257 71.9145
697 20.7619 71.9603
487 20.8842 72.0014
500 21.0078 72.043
946 21.1448 72.089
780 21.2735 72.1323
339 21.8865 72.3383
560 22.5232 72.5522
796 23.2437 72.7943
168 24.0117 73.0523
226 24.7802 73.3105
333 24.7802 73.3105
550 24.7802 73.3105
789 24.7802 73.3105
360 24.7802 73.3105
600 24.9652 72.951
398 25.1487 72.5947
604 25.3276 72.2471
599 25.5148 71.8834
788 25.6801 71.5623
591 25.8185 71.2934
587 25.9568 71.0247
252 26.0894 70.7669
574 26.2272 70.4992
872 26.363 70.2353
60 26.5078 69.954
954 26.6688 69.6411
275 26.8473 69.2944
454 27.0214 68.9562
223 27.2079 68.5938
507 27.5197 67.9883
267 27.7963 67.4511
733 28.0429 66.9722
957 28.2822 66.5072
735 28.5136 66.0577
501 28.7307 65.636
324 28.9556 65.1992
640 29.0722 65.2425
79 29.1821 65.2833
329 29.2939 65.3248
132 29.4191 65.3713
927 29.5537 65.4213
30 29.6828 65.4692
903 29.8016 65.5133
596 29.9251 65.5592
720 30.0277 65.5973
233 30.1307 65.6356
382 30.2642 65.6851
897 30.395 65.7337
545 30.5368 65.7864
729 30.7269 65.857
359 30.9289 65.932
846 31.1047 65.9973
901 31.2998 66.0697
756 31.5046 66.1458
104 31.738 66.2324
878 31.9437 66.3088
730 32.1341 66.3796
888 32.3184 66.448
552 32.5309 66.5269
601 32.8686 66.6523
327 33.5207 66.8944
571 34.3458 67.2007
390 35.2234 67.5264
21 36.2133 67.8939
645 37.2526 68.2797
804 38.438 68.7196
564 39.668 69.1761
137 39.8241 68.7985
163 39.9647 68.4583
459 40.1123 68.1013
471 40.2593 67.7458
855 40.3726 67.4714
533 40.488 67.1923
56 40.5878 66.9508
171 40.6926 66.6974
683 40.8062 66.4225
523 40.9144 66.1607
410 41.0305 65.8799
779 41.1415 65.6112
235 41.2565 65.3332
798 41.3738 65.0493
715 41.47 64.8165
365 41.5744 64.564
175 41.6842 64.2982
264 41.8016 64.0142
676 41.9054 63.7631
291 42.0075 63.5163
929 42.1178 63.2494
308 42.2169 63.0096
370 42.3345 62.725
910 42.4306 62.4926
912 42.5497 62.2045
281 42.6661 61.9228
484 42.765 61.6836
839 42.8846 61.3943
493 43.0054 61.1019
891 43.1437 60.7674
210 43.2044 60.6206
732 43.2586 60.4894
89 43.3187 60.3441
519 44.7262 58.3897
621 44.8927 58.1585
188 45.0645 57.92
216 45.201 57.7304
576 45.3465 57.5284
791 45.505 57.3083
453 45.6578 57.0961
461 45.8437 56.8379
765 46.0143 56.6011
809 46.2217 56.3131
127 46.4598 55.9824
54 46.6832 55.6722
180 46.9936 55.2413
558 47.2652 54.8641
597 47.625 54.3644
923 47.999 53.8451
623 48.3789 53.3176
848 48.6865 52.8904
793 48.9558 52.5165
396 49.2491 52.1092
498 49.5054 51.7533
293 49.802 51.3415
594 50.5867 50.0783
577 50.868 49.6255
906 51.2391 49.0282
870 51.5543 48.5207
186 51.8279 48.0803
217 52.1677 47.5334
978 52.4482 47.0819
262 52.6893 46.6937
342 52.9524 46.2702
69 53.2667 45.7643
85 53.5899 45.2439
45 54.0526 44.4992
644 54.0526 44.4992
675 54.0526 44.4992
66 54.0526 44.4992
43 54.0526 44.4992
842 54.0526 44.4992
19 53.637 44.4511
844 53.2732 44.4089
606 52.9391 44.3703
522 50.4293 44.0792
452 50.2023 44.053
716 49.997 44.0292
875 49.7899 44.0053
63 49.5665 43.9794
472 49.3345 43.9526
276 49.1096 43.9266
935 48.8858 43.9007
945 48.6781 43.8767
197 48.4693 43.8525
492 48.2607 43.8284
356 48.0385 43.8027
930 47.8445 43.7802
101 47.6286 43.7553
512 46.1567 43.5847
843 44.7013 43.416
155 43.0015 43.219
49 41.2711 43.0184
421 39.763 42.8437
790 37.9241 42.6305
278 35.9784 42.405
586 35.9784 42.405
194 35.6775 42.5047
853 35.367 42.6077
237 35.0252 42.721
257 34.7406 42.8154
191 34.3794 42.9352
692 33.9544 43.0761
989 33.5 43.2267
480 33.0275 43.3834
664 32.477 43.566
38 31.9793 43.731
529 31.5078 43.8873
205 30.9742 44.0643
403 30.8787 44.2607
778 30.7948 44.4335
917 30.7218 44.5836
151 30.6411 44.7499
876 30.5508 44.9357
862 30.4685 45.1051
147 30.3749 45.2978
723 30.2934 45.4654
783 30.2044 45.6486
59 30.1037 45.8559
922 30.0418 45.9832
413 29.7678 46.0122
302 29.4987 46.0408
414 29.2343 46.0688
269 28.9749 46.0963
619 28.7091 46.1246
603 28.4314 46.154
549 28.1511 46.1837
525 28.1153 46.1931
913 28.0816 46.2019
7 28.0506 46.21
679 28.0151 46.2192
687 27.9803 46.2283
566 27.9461 46.2373
748 27.6938 46.3031
811 27.4528 46.366
397 27.2025 46.4313
706 26.9769 46.4902
11 26.7061 46.5609
438 26.4338 46.632
663 26.1525 46.7054
78 25.9157 46.7672
496 25.6923 46.8255
508 25.4991 46.8759
949 25.2613 46.938
688 25.0606 46.9904
37 24.8371 47.0487
142 24.6038 47.1096
612 24.3949 47.1641
797 24.123 47.2351
655 23.8734 47.3002
148 23.6117 47.3685
475 23.3765 47.4299
391 23.1299 47.4943
388 22.891 47.5566
908 22.6055 47.6311
841 22.3031 47.7101
990 22.3031 47.7101
633 22.3031 47.7101
510 22.3031 47.7101
543 22.3031 47.7101
535 22.3031 47.7101
125 22.3031 47.7101
771 21.2696 48.8385
534 20.2185 49.9861
422 19.4049 50.8744
691 18.6845 51.661
698 18.0811 52.3197
758 17.464 52.9935
451 16.7767 53.7439
174 16.1371 54.4422
705 15.4106 55.2353
956 14.4942 56.236
879 13.2981 57.5419
81 12.9409 57.9319
981 12.6249 58.2769
502 12.2262 58.7122
972 12.2262 58.7122
77 12.2262 58.7122
114 12.2241 58.651
734 12.2222 58.5939
760 12.2198 58.5212
279 12.2174 58.4477
130 12.2154 58.3891
565 12.2133 58.3246
925 12.2113 58.2669
219 12.2094 58.2084
772 12.2071 58.1388
218 12.2049 58.0747
234 12.2029 58.0147
747 12.2007 57.9469
303 12.1982 57.872
373 12.1958 57.8005
909 12.1937 57.7375
708 12.1918 57.6817
47 12.1898 57.6218
527 12.1879 57.565
849 12.1861 57.5091
347 12.1845 57.4624
131 12.1753 57.1857
677 12.1644 56.8599
166 12.1537 56.5401
196 12.1441 56.2507
858 12.1331 55.9231
784 12.1237 55.6398
542 12.1116 55.276
341 12.1005 54.9435
336 12.0907 54.6524
770 12.0796 54.3185
57 12.0796 54.3185
805 12.0796 54.3185
505 12.0796 54.3185
938 12.0796 54.3185
122 12.0796 54.3185
489 12.0735 52.9538
214 12.0677 51.6586
116 12.0615 50.2607
423 12.0588 49.6564
10 12.0563 49.1023
749 12.0546 48.7553
228 12.053 48.4082
154 12.0515 48.0721
936 12.0499 47.7364
652 12.0483 47.3859
212 12.0467 47.0342
384 12.0451 46.697
46 12.0436 46.3746
330 12.0422 46.0704
463 12.0409 45.8029
182 12.0396 45.5293
222 12.0383 45.236
863 12.0369 44.9347
157 12.0356 44.6493
128 12.0339 44.2863
123 12.0321 43.9134
352 12.0304 43.54
100 12.0285 43.1314
499 12.0263 42.6416
731 12.0248 42.3071
700 12.0232 41.969
476 12.0216 41.6252
328 12.0199 41.2493
312 12.3677 39.7459
958 12.7712 38.0021
616 13.2135 36.0904
283 13.7344 33.8387
963 14.3467 31.1912
65 14.3679 31.0997
836 14.3908 31.0006
32 14.4113 30.9122
268 14.4352 30.809
985 14.4567 30.716
829 14.48 30.6153
602 14.5043 30.5104
4 14.5258 30.4176
221 14.5485 30.3195
741 13.5542 28.7465
133 13.0158 27.8947
86 12.4978 27.075
87 12.406 26.9298
641 12.3066 26.7727
121 12.2012 26.6059
898 12.0358 26.3442
211 12.1179 24.488
682 12.1292 24.2335
514 12.1381 24.0309
794 12.1552 23.6422
258 12.1752 23.1908
572 12.1955 22.7312
646 12.218 22.222
710 12.2285 21.9826
455 12.2408 21.7052
366 12.2539 21.4095
348 12.2651 21.1552
673 12.2751 20.9276
661 12.286 20.6812
299 12.2971 20.429
187 12.3097 20.1434
61 12.3206 19.8974
74 12.3299 19.6868
943 12.3417 19.4192
629 12.4678 16.5734
812 12.53 15.1668
362 12.6245 15.1998
331 12.7216 15.2338
588 12.8137 15.266
412 12.9009 15.2964
881 12.9892 15.3273
722 13.0817 15.3596
674 14.5472 15.8715
902 16.3432 16.4987
488 17.689 16.9689
8 19.5581 17.6217
709 21.8371 18.4176
354 22.8657 18.7769
626 23.7138 19.0732
351 24.4062 19.3152
246 24.7467 19.4342
439 25.0813 19.5511
307 25.4293 19.6727
474 25.7407 19.7815
402 26.0966 19.9059
822 27.5945 20.429
486 28.6412 20.7947
915 28.9917 20.9171
787 29.3319 21.0359
407 29.6555 21.149
363 29.6963 21.1837
310 29.741 21.2218
704 29.783 21.2575
111 29.8261 21.2943
573 29.8658 21.328
702 29.9051 21.3615
284 29.9475 21.3976
254 29.989 21.4329
899 30.0365 21.4734
26 30.0853 21.5149
379 30.1349 21.5571
869 30.1807 21.5961
834 31.87 21.1782
160 33.0569 20.8847
824 34.1847 20.6058
289 36.1215 20.1266
643 36.0788 19.9183
669 36.693 18.8582
518 40.5059 17.6284
64 40.5059 17.6284
467 41.4587 18.1178
934 42.1102 18.4525
883 42.6936 18.7521
337 43.3641 19.0965
287 44.0936 19.4711
261 45.8128 20.3544
785 48.1313 21.5456
653 49.1316 22.0594
164 50.3881 22.7049
873 51.5728 23.3134
209 52.7126 23.8989
419 53.8883 24.5028
555 55.2202 25.187
377 56.631 25.9118
865 56.88 26.0397
55 57.1576 26.1822
250 57.4334 26.3239
634 57.8004 26.5124
27 57.8004 26.5124
831 57.8004 26.5124
6 57.8004 26.5124
458 57.8004 26.5124
828 57.8004 26.5124
355 57.8004 26.5124
781 57.8004 26.5124
681 57.8004 26.5124
821 57.8004 26.5124
751 57.8004 26.5124
581 57.8004 26.5124
24 57.8004 26.5124
777 57.8004 26.5124
295 58.4295 26.9895
959 59.0265 27.4422
819 59.6118 27.8861
598 60.2166 28.3448
314 60.809 28.7941
358 61.5136 27.3812
176 65.0548 20.2807
721 66.5003 17.382
504 67.0274 16.325
103 67.5862 15.2046
