0,6,598,504,295,777,959,176,581,24,831,819,721,103,555,289,407,873,883,419,164,518,626,824,934,834,363,26,64,246,351,310,160,261,653,379,287,704,439,709,337,467,221,915,354,643,822,111,307,669,284,787,573,702,366,348,682,963,641,722,8,254,402,211,412,881,674,812,187,588,741,362,646,629,488,902,61,65,86,514,898,661,985,125,899,133,572,474,455,331,486,74,673,836,4,794,299,602,32,616,268,205,612,121,258,943,710,829,312,182,489,100,499,700,87,863,328,384,330,958,78,805,10,909,770,797,677,222,57,116,534,708,972,698,47,771,463,391,279,542,336,691,303,758,565,496,218,938,142,423,841,949,990,174,212,908,731,154,228,46,476,663,956,123,652,157,505,749,936,858,283,214,128,148,373,341,352,849,347,981,451,531,329,422,925,122,527,166,411,277,589,764,130,219,701,601,784,799,207,717,502,427,639,374,686,747,772,371,457,398,381,162,524,739,3,131,119,667,796,338,694,500,946,703,339,224,630,220,272,192,551,556,114,948,924,726,552,680,860,600,361,991,487,503,825,298,966,760,939,196,482,234,950,734,376,658,113,886,665,657,607,517,14,97,326,400,81,346,275,132,479,445,99,178,970,570,75,429,255,77,443,168,184,830,321,879,728,431,635,615,90,719,608,560,890,469,736,48,554,436,944,568,203,300,426,495,718,399,31,263,678,433,153,115,249,88,304,405,447,892,169,585,780,301,1,236,803,39,711,364,982,905,325,380,628,240,914,759,200,750,827,969,699,199,244,17,213,776,138,462,360,93,106,933,444,386,95,637,247,316,695,815,916,546,868,792,955,446,693,557,401,547,988,15,227,953,108,973,13,442,435,58,696,651,424,833,368,578,441,44,550,761,521,593,871,631,885,610,141,409,714,150,36,456,50,306,253,918,288,491,92,638,795,808,333,120,60,20,753,183,76,28,167,960,859,96,786,697,611,712,430,16,672,490,41,757,768,124,773,569,840,872,230,418,437,73,806,146,292,2,181,449,172,22,954,614,877,189,561,256,215,72,448,866,707,814,53,613,241,752,309,807,206,239,416,265,392,231,763,139,649,738,271,428,223,296,129,919,766,389,270,974,470,394,548,802,294,564,5,559,874,202,563,562,816,737,12,140,896,165,179,317,344,980,539,248,567,313,375,118,618,575,861,229,887,367,126,516,177,642,911,23,335,259,536,746,406,755,984,754,245,415,434,690,952,511,62,774,895,105,530,826,636,40,851,624,659,305,320,82,713,961,343,880,185,408,369,193,947,319,584,532,156,541,882,940,856,280,544,353,273,477,725,864,893,820,622,666,580,42,464,992,931,983,135,159,817,465,52,158,149,318,823,620,845,854,813,145,251,285,494,417,775,928,372,740,450,473,685,528,322,648,889,660,25,742,311,204,332,460,378,852,385,71,297,727,937,818,83,481,654,383,201,395,904,340,975,650,744,801,900,110,595,837,152,51,579,290,867,67,832,420,393,18,962,68,35,632,286,625,582,987,743,208,847,791,478,605,668,538,647,671,173,509,238,293,762,515,468,315,558,800,432,810,513,440,617,84,282,216,894,453,188,907,769,732,225,986,968,109,112,857,101,798,676,683,855,523,921,782,923,94,186,235,91,161,793,281,498,577,471,9,779,597,964,134,350,576,484,175,163,459,621,715,410,540,804,264,144,724,537,382,56,689,404,308,922,733,171,390,54,878,888,349,645,912,587,291,596,789,80,662,756,730,901,640,910,252,510,526,266,30,971,365,788,599,574,104,493,507,720,327,903,454,137,604,226,809,267,976,34,897,359,21,370,233,545,965,705,571,591,846,957,501,735,729,839,89,765,927,79,324,891,127,59,533,388,603,989,151,49,413,619,302,461,633,237,778,929,38,848,790,7,913,403,869,37,191,549,452,194,525,655,853,876,414,155,438,11,397,269,917,566,723,529,687,535,748,475,862,783,180,257,508,664,811,679,543,688,147,706,522,512,278,586,210,480,692,865,716,262,594,55,623,930,843,945,250,27,217,342,197,870,458,209,828,355,43,935,492,377,472,906,356,751,276,875,66,421,844,785,69,19,85,519,358,634,396,63,821,781,675,978,681,592,644,583,466,926,143,45,190,357,314,102,70,656,967,195,670,485,553,767,842,117,29,323,606,942,850,941,274,745,609,232,835,136,334,497,977,506,107,951,884,387,920,198,425,170,838,684,242,932,520,98,590,33,483,627,345,260,243,979,
value : 393.764 running time : 3406.734338
0 80 20
6 62.7077 16.4462
598 62.696 16.4412
504 62.6847 16.4363
295 62.6732 16.4314
777 62.6614 16.4263
959 62.6509 16.4218
176 62.6398 16.417
581 62.629 16.4124
24 62.6186 16.4079
831 62.6075 16.4032
819 62.5965 16.3985
721 62.5856 16.3938
103 61.3527 15.8649
555 51.4793 16.7343
289 47.6225 17.0739
407 45.0841 17.2975
873 44.7254 17.3291
883 44.1785 17.3772
419 43.7752 17.4127
164 43.2821 17.4562
518 42.2714 17.5452
626 38.4433 17.8822
824 36.3547 18.0662
934 36.3547 18.0662
834 36.3547 18.0662
363 36.2752 18.0553
26 36.2037 18.0455
64 36.1235 18.0346
246 36.048 18.0243
351 35.9786 18.0148
310 35.9158 18.0062
160 35.8518 17.9975
261 35.7801 17.9877
653 35.7061 17.9776
379 35.6263 17.9666
287 35.5441 17.9554
704 35.4647 17.9446
439 35.3852 17.9337
709 35.324 17.9253
337 35.2642 17.9172
467 35.2018 17.9086
221 30.4324 17.257
915 29.9344 17.189
354 29.5171 17.1319
643 29.1674 17.0842
822 28.8578 17.0419
111 28.4836 16.9907
307 28.0356 16.9295
669 27.6071 16.871
284 27.1814 16.8128
787 26.784 16.7585
573 25.9011 16.6379
702 22.6566 16.1946
366 19.0292 15.6989
348 16.4494 15.3464
682 14.3781 15.0634
963 12.9508 14.8684
641 12.9508 14.8684
722 12.9508 14.8684
8 12.9508 14.8684
254 12.9508 14.8684
402 12.9508 14.8684
211 12.9508 14.8684
412 12.9508 14.8684
881 12.9508 14.8684
674 12.9508 14.8684
812 12.9508 14.8684
187 12.8457 17.3402
588 12.8456 17.3419
741 12.8456 17.3437
362 12.8455 17.3453
646 12.8454 17.3469
629 12.8454 17.3484
488 12.8453 17.35
902 12.7773 18.9516
61 12.7189 20.3262
65 12.4606 26.4086
86 12.4178 27.4161
514 12.3991 27.8551
898 12.3818 28.2639
661 12.4675 28.62
985 12.566 29.029
125 12.6562 29.4035
899 12.7322 29.7193
133 12.8171 30.072
572 12.902 30.4242
474 12.9879 30.7813
455 13.0843 31.1816
331 13.2088 31.6987
486 13.4056 32.5157
74 13.4056 32.5157
673 13.4056 32.5157
836 13.4056 32.5157
4 13.4056 32.5157
794 13.4056 32.5157
299 13.4056 32.5157
602 13.4056 32.5157
32 13.4056 32.5157
616 13.4056 32.5157
268 13.4056 32.5157
205 13.4056 32.5157
612 13.4056 32.5157
121 13.4056 32.5158
258 13.4056 32.5158
943 13.2434 33.5291
710 13.0595 34.679
829 12.8241 36.1502
312 12.4986 38.1851
182 12.2545 39.7112
489 12.1446 40.3982
100 12.0687 40.8721
499 12.0635 40.9051
700 12.0584 40.9369
87 12.0529 40.9713
863 12.0467 41.0096
328 12.0408 41.0469
384 12.0241 41.5994
330 12.0075 42.1488
958 11.9904 42.7158
78 11.9726 43.3051
805 11.9554 43.8743
10 11.9391 44.4146
909 11.9225 44.9639
770 11.9059 45.5119
797 11.8891 46.0708
677 11.8729 46.6069
222 11.8594 47.054
57 11.8459 47.4993
116 11.8326 47.9386
534 11.8312 47.9873
708 11.8295 48.0412
972 11.8281 48.089
698 11.8267 48.1345
47 11.8253 48.1816
771 11.824 48.2252
463 11.8225 48.2748
391 11.821 48.3242
279 11.8194 48.3756
542 11.818 48.4247
336 11.8164 48.4763
691 11.8149 48.5259
303 11.8136 48.5704
758 11.8122 48.6141
565 11.8108 48.6631
496 11.8095 48.7059
218 11.808 48.7557
938 11.8066 48.8002
142 11.8053 48.8431
423 11.8041 48.8841
841 11.8026 48.9321
949 11.8013 48.9772
990 11.7999 49.0218
174 11.7984 49.0721
212 11.7971 49.1163
908 11.7956 49.165
731 11.7943 49.2089
154 11.7929 49.2558
228 11.7915 49.2996
46 11.7902 49.3447
476 11.7887 49.3938
663 11.7872 49.4437
956 11.7856 49.4971
123 11.7843 49.5386
652 11.7829 49.5855
157 11.7814 49.6338
505 11.78 49.6822
749 11.7786 49.7282
936 11.7772 49.7758
858 11.7758 49.8208
283 11.7745 49.862
214 11.7561 50.4744
128 11.7416 50.9533
148 11.7237 51.5454
373 11.6972 52.4227
341 11.6699 53.3261
352 11.639 54.3489
849 11.606 55.4434
347 11.5693 56.6572
981 11.5621 56.8967
451 11.5544 57.152
531 11.547 57.3959
329 11.5397 57.6363
422 11.5333 57.8495
925 11.5267 58.0691
122 11.52 58.2899
527 11.4977 59.0271
166 11.4711 59.9087
411 11.4379 61.0079
277 11.4103 61.9232
589 11.3894 62.614
764 11.3664 63.3748
130 11.3405 64.2345
219 11.315 65.078
701 11.2906 65.8869
601 11.2722 66.4937
784 11.2536 67.1102
799 11.2323 67.8155
207 11.2097 68.564
717 11.2085 68.6033
502 11.2073 68.6432
427 11.206 68.6865
639 11.2047 68.7305
374 11.2034 68.7718
686 11.2022 68.8109
747 11.2011 68.8477
772 11.1999 68.8878
371 11.1985 68.936
457 11.1971 68.982
398 11.1959 69.0218
381 11.1945 69.0659
162 11.1933 69.1057
524 11.1922 69.1446
739 11.1909 69.1868
3 11.1896 69.2305
131 11.1883 69.274
119 11.1868 69.3209
667 11.1854 69.3681
796 11.1841 69.4107
338 11.1829 69.4526
694 11.1815 69.497
500 11.1803 69.5373
946 11.1791 69.5783
703 11.1781 69.61
339 11.1769 69.6501
224 11.1758 69.6849
630 11.1749 69.716
220 11.1738 69.751
272 11.1729 69.784
192 11.1718 69.8185
551 11.1706 69.859
556 11.1695 69.8936
114 11.1686 69.9236
948 11.1676 69.9592
924 11.1665 69.9928
726 11.1655 70.0291
552 11.1645 70.0618
680 11.1634 70.0973
860 11.1623 70.1351
600 11.1612 70.1687
361 11.1602 70.2042
991 11.1591 70.2409
487 11.158 70.2757
503 11.157 70.3088
825 11.1559 70.3443
298 11.155 70.3763
966 11.1541 70.4064
760 11.1532 70.4362
939 11.1521 70.4705
196 11.1511 70.5034
482 11.15 70.5408
234 11.1489 70.5769
950 11.1213 71.4916
734 11.0906 72.5065
376 11.0602 73.5138
658 11.0294 74.5348
113 11.0294 74.5348
886 11.0294 74.5348
665 11.0294 74.5348
657 11.0294 74.5348
607 11.0294 74.5348
517 11.0294 74.5348
14 11.0294 74.5348
97 11.0294 74.5348
326 11.0294 74.5348
400 11.0294 74.5348
81 11.0294 74.5348
346 11.0294 74.5348
275 11.0294 74.5348
132 11.0294 74.5349
479 11.0292 74.5381
445 11.0291 74.5411
99 11.0289 74.5442
178 11.0288 74.5473
970 11.0286 74.5501
570 11.0285 74.5535
75 11.0283 74.5565
429 11.0282 74.5591
255 11.0281 74.5618
77 11.0279 74.5648
443 11.0278 74.5671
168 11.0277 74.5695
184 11.0276 74.5719
830 11.0274 74.5743
321 11.0273 74.5764
879 11.0272 74.5785
728 11.0271 74.581
431 11.027 74.5832
635 11.0269 74.5854
615 10.9795 75.5474
90 10.9359 76.4316
719 10.901 77.1408
608 10.8757 77.6536
560 10.8529 78.1155
890 10.8303 78.5747
469 10.8061 79.0664
736 10.7843 79.508
48 10.7646 79.9068
554 10.7456 80.293
436 10.7255 80.7013
944 10.7057 81.1033
568 10.6847 81.5289
203 10.6704 81.8191
300 10.6554 82.1236
426 10.641 82.4153
495 10.6261 82.7189
718 10.6119 83.0069
399 10.5981 83.286
31 10.5846 83.5611
263 10.5701 83.8554
678 10.5562 84.1376
433 10.5452 84.359
153 10.5323 84.6219
115 10.5197 84.878
249 10.5105 85.0637
88 10.5012 85.2521
304 10.4908 85.4643
405 10.481 85.663
447 10.4726 85.8329
892 10.4645 85.9967
169 10.4558 86.1749
585 10.4464 86.3643
780 10.4395 86.504
301 10.4314 86.6692
1 10.4235 86.8305
236 10.4154 86.9931
803 10.4083 87.1387
39 10.4006 87.2941
711 10.3935 87.4378
364 10.3872 87.5664
982 10.3807 87.6975
905 10.3742 87.8296
325 10.3671 87.9741
380 10.3591 88.1363
628 10.3535 88.2499
240 10.3476 88.3707
914 10.3407 88.5096
759 10.3344 88.6377
200 10.3267 88.7938
750 10.3198 88.9333
827 10.3142 89.0484
969 10.309 89.1536
699 10.3037 89.2602
199 10.298 89.3757
244 10.2927 89.4834
17 10.2862 89.6164
213 10.2797 89.7478
776 10.2795 89.7518
138 10.2793 89.7558
462 10.2791 89.7597
360 10.2789 89.7634
93 10.2787 89.7678
106 10.2785 89.7727
933 10.2783 89.7767
444 10.2781 89.7808
386 10.2779 89.7851
95 10.2777 89.7892
637 10.2775 89.7935
247 10.2772 89.7976
316 10.2771 89.8017
695 10.2769 89.8056
815 10.2766 89.8099
916 10.2764 89.814
546 10.2762 89.8185
868 10.276 89.8233
792 10.2758 89.8272
955 10.2756 89.8311
446 10.2754 89.8355
693 10.2752 89.8399
557 10.275 89.844
401 10.2747 89.8484
547 10.2745 89.8529
988 10.2743 89.8576
15 11.1281 89.8411
227 11.629 89.8315
953 11.8838 89.8265
108 12.2041 89.8204
973 12.5648 89.8134
13 12.9072 89.8068
442 13.2144 89.8009
435 13.5205 89.795
58 14.473 89.7766
696 15.3373 89.7599
651 15.9471 89.7482
424 16.4939 89.7376
833 17.0175 89.7276
368 17.5269 89.7177
578 18.0266 89.7081
441 18.4502 89.6999
44 18.8643 89.6919
550 19.2626 89.6843
761 19.6228 89.6773
521 19.9604 89.6708
593 20.2865 89.6645
871 20.6199 89.6581
631 20.9776 89.6512
885 21.2568 89.6458
610 21.5507 89.6401
141 21.8405 89.6346
409 22.0655 89.6302
714 22.2938 89.6258
150 22.5424 89.621
36 22.7605 89.6168
456 22.9755 89.6127
50 23.1994 89.6084
306 23.4488 89.6035
253 23.6853 89.599
918 23.9125 89.5946
288 24.1152 89.5907
491 24.3452 89.5863
92 24.5993 89.5814
638 24.8243 89.577
795 25.0404 89.5729
808 25.2444 89.5689
333 25.4268 89.5654
120 25.6381 89.5613
60 25.8365 89.5575
20 26.0169 89.554
753 26.1853 89.5508
183 26.3774 89.5471
76 26.5926 89.5429
28 26.802 89.5389
167 27.0041 89.535
960 27.2081 89.5311
859 27.3861 89.5276
96 27.5846 89.5238
786 27.7704 89.5202
697 27.9419 89.5169
611 28.131 89.5133
712 28.308 89.5099
430 28.5328 89.5055
16 28.7449 89.5014
672 28.9715 89.4971
490 29.1737 89.4932
41 29.3866 89.4891
757 29.6071 89.4848
768 29.8411 89.4803
124 30.2365 89.4727
773 30.5981 89.4657
569 30.975 89.4584
840 31.2495 89.4531
872 31.47 89.4489
230 31.7062 89.4443
418 31.919 89.4402
437 32.1845 89.4351
73 32.4034 89.4309
806 32.6427 89.4263
146 32.8936 89.4214
292 33.1307 89.4169
2 33.3542 89.4125
181 33.5997 89.4078
449 33.8234 89.4035
172 34.0214 89.3997
22 34.2215 89.3958
954 34.4085 89.3922
614 34.9025 89.3827
877 34.9624 89.3815
189 35.021 89.3804
561 35.0819 89.3792
256 35.1372 89.3782
215 35.1979 89.377
72 35.2532 89.3759
448 35.3121 89.3748
866 35.3732 89.3736
707 35.427 89.3726
814 35.4874 89.3714
53 35.5388 89.3704
613 35.5899 89.3694
241 35.6438 89.3684
752 35.6979 89.3674
309 35.7548 89.3663
807 35.8103 89.3652
206 35.8667 89.3641
239 35.9218 89.363
416 35.971 89.3621
265 36.0205 89.3611
392 36.0701 89.3602
231 36.1226 89.3592
763 36.1808 89.3581
139 36.2306 89.3571
649 36.2802 89.3561
738 36.3315 89.3552
271 36.3795 89.3542
428 36.4259 89.3533
223 36.4762 89.3524
296 36.531 89.3513
129 36.5938 89.3501
919 36.6494 89.349
766 36.709 89.3479
389 36.7649 89.3468
270 36.8145 89.3458
974 38.2807 89.3176
470 39.9742 89.2849
394 42.1313 89.2433
548 44.5918 89.1958
802 49.2009 89.1069
294 49.2119 89.107
564 49.2228 89.1071
5 49.2331 89.1072
559 49.2441 89.1073
874 49.2557 89.1074
202 49.4464 89.109
563 49.5965 89.1103
562 49.7781 89.1118
816 50.003 89.1138
737 50.1908 89.1154
12 50.3597 89.1168
140 50.5205 89.1182
896 50.6847 89.1196
165 50.8415 89.1209
179 51.029 89.1225
317 51.225 89.1242
344 51.2541 89.1244
980 51.2839 89.1247
539 51.3114 89.1249
248 51.3453 89.1252
567 51.3832 89.1255
313 51.4126 89.1258
375 51.4414 89.126
118 51.4775 89.1264
618 51.5103 89.1266
575 51.5441 89.1269
861 51.5748 89.1272
229 51.6088 89.1275
887 51.6387 89.1277
367 51.6678 89.128
126 51.6971 89.1282
516 51.728 89.1285
177 51.7631 89.1288
642 51.7915 89.129
911 51.8235 89.1293
23 51.8536 89.1296
335 51.8845 89.1298
259 51.914 89.1301
536 51.9417 89.1303
746 51.9712 89.1306
406 52.0022 89.1308
755 52.0335 89.1311
984 52.0947 89.1316
754 52.1449 89.1321
245 52.1949 89.1325
415 52.2464 89.1329
434 52.2971 89.1334
690 52.3512 89.1338
952 52.4011 89.1342
511 52.4504 89.1347
62 52.5025 89.1351
774 52.554 89.1356
895 52.6039 89.136
105 52.6528 89.1364
530 52.7051 89.1368
826 52.7596 89.1373
636 52.8151 89.1378
40 52.871 89.1383
851 52.9233 89.1387
624 52.9731 89.1391
659 53.021 89.1395
305 53.0726 89.14
320 53.1262 89.1404
82 53.1776 89.1409
713 53.2858 89.1418
961 53.4026 89.1428
343 53.526 89.1439
880 53.6647 89.145
185 53.7924 89.1461
408 53.9025 89.1471
369 54.0251 89.1481
193 54.1316 89.149
947 54.2766 89.1503
319 54.4171 89.1515
584 54.5627 89.1527
532 54.6974 89.1539
156 54.846 89.1551
541 55.0003 89.1565
882 55.7417 89.1628
940 56.7692 89.1716
856 58.2339 89.1841
280 59.7225 89.1968
544 63.1075 89.2258
353 65.2701 89.2442
273 66.8236 89.2575
477 68.5517 89.2723
725 70.6869 89.2905
864 70.7727 89.2913
893 70.8597 89.292
820 70.9416 89.2927
622 71.0076 89.2933
666 71.0858 89.294
580 71.1611 89.2946
42 71.2277 89.2952
464 71.3004 89.2958
992 71.3763 89.2964
931 71.46 89.2972
983 75.3304 89.3303
135 75.3304 89.3303
159 75.3304 89.3303
817 75.3304 89.3303
465 75.3675 89.3236
52 75.4032 89.3173
158 75.443 89.3102
149 75.4805 89.3035
318 75.5191 89.2966
823 75.557 89.2899
620 75.5952 89.283
845 75.941 89.2214
854 76.32 89.1539
813 76.6844 89.0889
145 77.0466 89.0244
251 77.4676 88.9493
285 77.9993 88.8545
494 78.6311 88.7419
417 79.2413 88.6332
775 79.9167 88.5128
928 80.9391 88.3306
372 86.0073 83.4782
740 85.4624 83.057
450 85.011 82.708
473 84.8774 82.6342
685 84.7405 82.5587
528 84.5796 82.4698
322 84.4474 82.3969
648 84.304 82.3177
889 84.1806 82.2496
660 84.0355 82.1695
25 83.7976 82.0381
742 82.8507 81.5154
311 82.1157 81.1097
204 80.0565 79.9729
332 76.6082 78.0693
460 72.429 75.7622
378 72.164 75.6159
852 71.9672 75.5073
385 71.7752 75.4013
71 71.5593 75.2821
297 71.3346 75.158
727 71.1193 75.0392
937 70.9266 74.9328
818 70.7262 74.8222
83 70.5025 74.6987
481 70.2773 74.5744
654 70.0533 74.4507
383 69.8521 74.3396
201 69.5814 74.1902
395 69.2879 74.0282
904 69.0018 73.8702
340 68.7261 73.718
975 68.4881 73.5866
650 68.2121 73.4343
744 67.9749 73.3033
801 67.7148 73.1597
900 67.4832 73.0319
110 67.2265 72.8902
595 66.9554 72.7405
837 66.7329 72.6177
152 66.4895 72.4833
51 66.2439 72.3477
579 65.9991 72.2126
290 65.7196 72.0583
867 65.4397 71.9038
67 65.1515 71.7447
832 64.8812 71.5955
420 64.6293 71.4564
393 63.778 71.1274
18 62.9951 70.8247
962 62.1412 70.4946
68 60.9747 70.0437
35 59.6828 69.5443
632 59.0173 69.287
286 58.418 69.0554
625 58.2652 68.9963
582 58.122 68.941
987 57.9717 68.8829
743 57.7977 68.8156
208 57.6551 68.7605
847 57.5094 68.7041
791 57.3397 68.6386
478 57.2006 68.5848
605 57.0301 68.5189
668 56.8599 68.4531
538 56.6845 68.3853
647 56.5177 68.3208
671 56.3558 68.2582
173 56.1831 68.1915
509 55.9993 68.1204
238 55.7987 68.0429
293 55.5939 67.9637
762 55.404 67.8903
515 55.2131 67.8165
468 55.0161 67.7404
315 54.8343 67.6701
558 54.6164 67.5859
800 54.4562 67.5239
432 54.2718 67.4526
810 54.0722 67.3755
513 53.8801 67.3012
440 53.7047 67.2334
617 53.5068 67.1569
84 53.314 67.0824
282 53.119 67.007
216 52.9253 66.9321
894 52.7383 66.8599
453 52.5693 66.7945
188 52.3986 66.7285
907 52.2431 66.6684
769 52.0571 66.5965
732 51.8266 66.5074
225 51.7409 66.4743
986 51.6659 66.4453
968 51.5867 66.4147
109 51.5078 66.3842
112 51.4251 66.3522
857 51.3327 66.3165
101 51.2318 66.2775
798 51.1465 66.2445
676 51.0613 66.2116
683 50.9792 66.1799
855 50.9058 66.1515
523 50.8267 66.1209
921 50.7575 66.0942
782 50.6793 66.064
923 50.5894 66.0292
94 50.5166 66.001
186 50.4321 65.9684
235 50.2678 65.9699
91 50.1107 65.9713
161 49.9451 65.9728
793 49.7747 65.9744
281 49.5924 65.976
498 49.4305 65.9775
577 49.2738 65.9789
471 49.1026 65.9805
9 48.9672 65.9817
779 48.2241 65.9885
597 47.556 65.9946
964 46.941 66.0002
134 46.0782 66.008
350 45.2555 66.0155
576 44.5006 66.0224
484 43.8101 66.0287
175 43.0554 66.0356
163 42.376 66.0418
459 41.7187 66.0478
621 41.0704 66.0537
715 40.3281 66.0605
410 39.603 66.0671
540 38.8463 66.074
804 38.0304 66.0814
264 37.1875 66.0891
144 36.2088 66.098
724 34.7469 66.1113
537 33.0643 66.1267
382 33.0643 66.1267
56 33.0643 66.1267
689 33.0643 66.1267
404 33.0643 66.1267
308 33.0643 66.1267
922 33.0643 66.1267
733 33.0643 66.1267
171 33.0643 66.1267
390 33.0643 66.1267
54 33.0643 66.1267
878 33.0643 66.1267
888 33.0643 66.1267
349 33.065 66.1143
645 33.0657 66.1024
912 33.0663 66.0909
587 33.0669 66.0811
291 33.0675 66.0701
596 33.0681 66.0599
789 33.0686 66.0505
80 33.0692 66.0395
662 33.0698 66.0287
756 33.0705 66.0159
730 33.0711 66.0063
901 33.0718 65.9941
640 33.0724 65.983
910 33.0729 65.9734
252 33.0735 65.9635
510 33.0741 65.9514
526 33.0746 65.9428
266 33.0752 65.9329
30 33.0758 65.921
971 33.0764 65.9114
365 33.077 65.9009
788 33.0775 65.8905
599 33.0781 65.8807
574 33.0786 65.8714
104 33.0793 65.8599
493 33.0799 65.8492
507 33.0804 65.8393
720 33.0809 65.8301
327 33.0814 65.8209
903 33.082 65.811
454 33.0825 65.802
137 33.0831 65.7907
604 33.0836 65.7815
226 33.0842 65.7709
809 33.085 65.7581
267 33.0855 65.7478
976 33.086 65.739
34 33.1627 64.369
897 33.2323 63.123
359 33.2538 62.7397
21 33.2744 62.3716
370 33.2939 62.0226
233 33.3126 61.6883
545 33.3126 61.6883
965 33.3126 61.6883
705 33.3126 61.6883
571 33.3126 61.6883
591 33.3126 61.6883
846 33.3126 61.6883
957 33.3126 61.6883
501 33.3126 61.6883
735 33.3126 61.6883
729 33.3126 61.6883
839 33.3126 61.6883
89 33.3126 61.6883
765 33.3126 61.6883
927 33.3126 61.6883
79 33.43 59.9991
324 33.5501 58.2721
891 33.6411 56.9631
127 33.7261 55.7415
59 33.8058 54.5949
533 33.8934 53.3339
388 34.0064 51.7096
603 34.0408 51.2143
989 34.0791 50.6644
151 34.1135 50.1692
49 34.1338 49.8768
413 34.1558 49.5608
619 34.1779 49.2428
302 34.1986 48.9444
461 34.2188 48.6535
633 34.2407 48.3394
237 34.2643 48.0001
778 34.29 47.6295
929 34.3154 47.2652
38 34.3499 46.7682
848 34.3801 46.3343
790 34.4079 45.9347
7 34.4308 45.6044
913 34.4515 45.3076
403 34.4755 44.9625
869 34.6245 42.819
37 34.6269 42.7838
191 34.6296 42.7462
549 34.6321 42.7094
452 34.6526 42.7072
194 34.669 42.7054
525 34.6827 42.704
655 34.6978 42.7024
853 34.7216 42.6999
876 34.7437 42.6975
414 34.7645 42.6953
155 34.7875 42.6929
438 34.8065 42.6909
11 34.8273 42.6887
397 34.8493 42.6863
269 34.8734 42.6838
917 34.8962 42.6814
566 34.9173 42.6791
723 34.9361 42.6771
529 34.9578 42.6748
687 34.9801 42.6725
535 35.0017 42.6702
748 35.0242 42.6678
475 35.0463 42.6654
862 35.0718 42.6627
783 35.0948 42.6603
180 35.1186 42.6578
257 35.1398 42.6555
508 35.161 42.6533
664 35.182 42.6511
811 35.204 42.6487
679 35.2267 42.6463
543 35.2497 42.6439
688 35.2733 42.6414
147 35.2998 42.6386
706 35.3246 42.6359
522 35.3514 42.6331
512 35.3759 42.6305
278 35.3979 42.6282
586 39.111 42.2345
210 40.8297 42.0523
480 42.5837 41.8663
692 44.6397 41.6484
865 47.5528 41.3395
716 49.0959 41.1759
262 50.6168 41.0147
594 52.0894 40.8586
55 53.3297 40.7271
623 53.3297 40.7271
930 53.3297 40.7271
843 53.3297 40.7271
945 53.3297 40.7271
250 53.3297 40.7271
27 53.3297 40.7271
217 53.3297 40.7271
342 53.3297 40.7271
197 53.3297 40.7271
870 53.3297 40.7271
458 53.3297 40.7271
209 53.3297 40.7271
828 53.3297 40.7271
355 53.3297 40.7271
43 53.3297 40.7271
935 53.3297 40.7271
492 53.3297 40.7271
377 53.3297 40.7271
472 53.3297 40.7271
906 53.3297 40.7271
356 53.3297 40.7271
751 53.4754 40.7768
276 53.6145 40.8242
875 53.7598 40.8737
66 53.8879 40.9174
421 54.0112 40.9595
844 54.6039 41.1616
785 55.2035 41.366
69 56.1933 41.7035
19 57.4664 42.1376
85 60.1549 43.0543
519 60.2669 43.0908
358 60.3767 43.1265
634 60.488 43.1628
396 60.6039 43.2005
63 60.7064 43.2339
821 60.8197 43.2708
781 60.9349 43.3083
675 61.0672 43.3514
978 61.1891 43.3911
681 61.3163 43.4325
592 65.801 44.8928
644 66.2633 45.0433
583 66.797 45.2171
466 67.0848 45.3108
926 67.3528 45.3981
143 67.6246 45.4865
45 67.8945 45.5744
190 68.2022 45.6746
357 68.4876 45.7676
314 68.7957 45.8679
102 69.1403 45.9801
70 69.4564 46.083
656 69.8127 46.199
967 69.8127 46.199
195 69.8127 46.199
670 69.8127 46.199
485 69.8127 46.199
553 70.1963 46.2953
767 70.5505 46.3842
842 70.9103 46.4744
117 71.2969 46.5715
29 71.7245 46.6788
323 72.1181 46.7775
606 72.5271 46.8802
942 73.0027 46.9995
850 73.6041 47.1504
941 74.1781 47.2945
274 74.7148 47.4291
745 75.2371 47.5602
609 75.7848 47.6976
232 76.3483 47.839
835 76.9829 47.9983
136 77.3843 48.099
334 77.726 48.1847
497 87.4869 49.0057
977 87.4861 48.9834
506 87.4852 48.96
107 87.4842 48.9353
951 87.4833 48.9111
884 87.4824 48.8891
387 87.4816 48.8671
920 87.4807 48.8442
198 87.4799 48.8228
425 87.479 48.8003
170 87.4783 48.7802
838 87.4775 48.7596
684 87.4767 48.7399
242 87.4308 47.542
932 87.3638 45.7952
520 87.1125 39.2425
98 86.9182 34.1756
590 86.7908 30.8537
33 86.634 26.7641
483 86.2828 17.6049
627 86.2524 17.6061
345 86.22 17.6074
260 86.1874 17.6087
243 85.363 17.9273
979 83.6427 18.5921
