0,483,260,979,243,345,627,33,98,590,520,107,951,920,170,198,838,387,967,884,977,506,425,242,497,232,684,835,136,592,466,334,195,274,29,932,942,670,143,941,583,70,102,190,656,745,842,926,767,675,117,314,644,217,485,606,357,609,850,553,323,538,519,396,492,870,821,250,594,377,358,45,63,27,844,66,875,164,681,19,751,458,55,930,555,828,355,634,289,781,873,6,785,209,935,191,342,716,197,452,472,257,586,421,43,623,978,865,69,843,180,480,906,7,262,276,945,848,356,486,549,876,679,692,414,913,508,612,853,869,461,388,155,778,512,49,566,147,664,210,543,475,706,403,790,529,908,688,655,989,811,522,391,302,151,862,917,510,783,38,687,603,413,619,525,535,237,269,142,633,397,438,11,723,37,748,194,981,507,545,640,591,689,789,971,34,137,645,56,720,957,104,901,765,809,903,878,571,21,891,733,349,897,233,729,390,735,327,839,910,382,965,574,501,59,756,493,705,730,587,451,79,266,846,888,927,552,604,537,454,270,267,599,929,788,89,127,922,291,715,676,523,683,410,732,912,804,54,163,365,175,264,226,252,533,596,281,359,370,576,30,724,308,662,134,540,216,235,779,459,976,404,471,597,621,91,171,617,350,80,144,894,225,802,453,791,161,986,968,582,188,923,186,513,855,498,798,484,101,85,286,647,769,558,964,793,810,515,35,847,762,632,282,440,509,577,743,94,84,468,668,832,315,9,857,625,921,229,293,432,987,478,208,112,238,68,595,904,605,650,671,393,907,800,109,900,383,290,975,51,460,962,152,837,83,867,67,654,18,744,340,201,579,110,420,727,385,481,173,852,297,740,332,450,372,322,725,889,204,311,159,25,660,473,528,983,648,928,685,494,465,580,893,775,417,820,742,864,135,395,544,353,845,464,666,318,149,42,285,251,813,52,854,937,817,622,317,177,818,71,823,992,620,145,158,567,62,861,280,816,895,801,931,911,378,273,477,23,248,82,369,624,156,516,882,856,947,755,814,185,12,434,896,202,584,126,536,851,259,690,389,344,984,206,940,320,880,541,408,952,746,774,367,532,980,961,530,659,754,335,118,415,618,737,782,140,313,826,245,575,636,887,40,511,105,713,215,292,139,707,294,840,5,437,738,72,375,172,874,239,649,773,189,449,193,752,181,309,766,807,795,129,53,265,22,877,548,974,559,562,406,642,416,539,563,179,564,561,448,305,343,569,614,165,763,319,866,428,231,394,73,150,230,960,806,392,918,919,41,613,241,124,872,146,470,167,44,954,16,456,271,578,697,424,2,96,786,296,223,521,871,333,441,141,306,418,60,409,76,885,368,253,757,183,651,859,593,833,430,36,611,610,20,28,256,638,696,490,92,120,714,227,15,58,916,288,776,933,768,360,672,808,631,491,761,753,399,304,17,213,300,31,955,868,95,568,718,236,435,711,380,969,200,678,750,39,914,364,108,106,827,953,169,405,447,712,301,263,719,982,546,699,325,780,444,203,153,585,115,446,547,1,386,892,469,13,495,249,693,803,637,138,557,973,401,247,695,759,462,316,199,988,442,736,244,815,88,944,240,50,825,445,326,90,608,431,436,728,554,487,178,93,905,890,792,628,426,570,48,75,433,119,207,924,224,966,376,946,686,3,429,371,639,338,502,886,99,400,830,950,184,550,658,275,339,443,796,321,970,657,298,374,717,220,615,560,526,81,680,500,427,860,939,607,739,131,192,734,381,531,630,97,799,764,347,703,14,130,234,556,457,601,113,346,551,747,398,361,665,277,219,168,77,479,726,701,503,879,255,694,517,784,948,991,772,524,667,272,162,132,411,482,600,635,329,114,324,760,196,925,652,534,422,849,542,154,303,116,841,157,214,771,122,698,100,128,565,527,166,589,972,805,708,489,218,174,463,330,956,691,858,758,990,616,700,770,797,731,283,78,228,279,496,958,336,938,352,222,46,47,749,936,182,312,505,341,663,863,57,677,423,909,373,384,205,10,123,499,212,476,32,328,949,148,514,87,331,836,572,710,268,985,943,602,121,641,455,898,65,133,125,258,4,794,86,74,829,812,412,474,682,963,881,402,61,588,366,299,629,211,362,488,254,348,8,646,722,899,661,741,187,673,674,702,111,822,573,407,307,160,337,834,439,26,643,379,363,626,284,787,915,221,354,278,467,246,310,883,64,934,704,287,902,669,824,351,709,419,261,653,518,24,176,819,959,831,504,777,581,295,103,721,598,
value : 403.47 running time : 1021.709710
0 80 20
483 86.2684 17.5916
260 86.2684 17.5916
979 86.2837 18.1359
243 86.3048 18.8856
345 86.3528 20.5917
627 86.3983 22.2107
33 86.5746 28.4825
98 86.6589 31.4804
590 86.7554 34.9125
520 86.8658 38.8365
107 87.0326 44.7717
951 87.05 45.3897
920 87.0656 45.9448
170 87.0805 46.4751
198 87.0926 46.9051
838 87.1037 47.2972
387 87.1142 47.6729
967 87.1237 48.0112
884 87.1331 48.3452
977 87.1427 48.6842
506 87.1475 48.857
425 87.1516 49.0009
242 87.1563 49.1705
497 87.1608 49.3295
232 80.6718 49.3483
684 80.6718 49.3483
835 80.168 49.2837
136 79.5532 49.205
592 78.7924 49.1076
466 78.0853 49.017
334 77.5357 48.9466
195 76.9851 48.8761
274 76.4171 48.8034
29 75.7944 48.7237
932 75.2175 48.6498
942 74.5248 48.5611
670 74.0579 48.5013
143 73.5904 48.4414
941 73.1933 48.3906
583 72.7651 48.3357
70 72.2931 48.2753
102 71.8976 48.2246
190 71.5031 48.1741
656 71.155 48.1295
745 70.7982 48.0838
842 70.3411 48.0253
926 69.9373 47.9736
767 69.5337 47.9219
675 69.1392 47.8714
117 68.772 47.8243
314 68.4206 47.7793
644 68.0782 47.7355
217 67.7355 47.6916
485 67.5374 47.6662
606 67.343 47.6413
357 67.1489 47.6165
609 66.9735 47.594
850 66.7605 47.5667
553 66.5131 47.5351
323 66.2366 47.4997
538 65.9368 47.4613
519 62.3459 44.9044
396 61.18 44.0742
492 58.4411 42.124
870 57.1829 41.2282
821 56.1146 40.4675
250 54.8212 39.5465
594 54.6516 39.4258
377 54.462 39.2907
358 54.2713 39.155
45 54.0667 39.0093
63 53.8228 38.8356
27 53.5775 38.6609
844 53.3472 38.497
66 53.127 38.3402
875 52.9064 38.1831
164 52.6446 37.9967
681 52.5563 37.9338
19 52.4649 37.8688
751 52.3761 37.8055
458 52.2894 37.7438
55 52.1948 37.6764
930 52.1091 37.6154
555 52.009 37.5442
828 51.926 37.485
355 51.8369 37.4216
634 51.7423 37.3542
289 51.6248 37.2706
781 51.6248 37.2706
873 51.6248 37.2706
6 51.6248 37.2706
785 50.7576 37.7482
209 49.8265 38.2611
935 48.7219 38.8695
191 47.7078 39.4282
342 47.6978 39.6481
716 47.6901 39.8163
197 47.6828 39.9783
452 47.6752 40.145
472 47.6678 40.3067
257 47.6619 40.4384
586 47.655 40.5889
421 47.6419 40.8765
43 47.6269 41.2071
623 47.6121 41.5339
978 47.4315 41.5298
865 47.2167 41.525
69 47.0321 41.5209
843 46.8412 41.5166
180 46.6242 41.5117
480 46.4363 41.5075
906 46.2787 41.504
7 46.0943 41.4999
262 45.9732 41.4972
276 44.6538 41.4676
945 43.1894 41.4349
848 41.0413 41.3868
356 37.906 41.3166
486 33.4571 41.217
549 33.4445 41.38
876 33.429 41.5811
679 33.417 41.7357
692 33.4038 41.907
414 33.3902 42.083
913 33.3761 42.2663
508 33.3641 42.4209
612 33.3537 42.5564
853 33.3361 42.7838
869 33.3147 43.0609
461 33.2732 43.5988
388 33.2596 43.7751
155 33.2447 43.9686
778 33.2291 44.1698
512 33.2152 44.35
49 33.2019 44.523
566 33.1892 44.687
147 33.1754 44.8657
664 33.1635 45.0199
210 33.1483 45.2168
543 33.137 45.3637
475 33.1252 45.516
706 33.1131 45.6733
403 33.1006 45.8352
790 33.0891 45.984
529 33.0762 46.1506
908 33.0591 46.3725
688 33.0437 46.5721
655 33.0312 46.7333
989 33.0164 46.9261
811 33.0013 47.1214
522 32.9824 47.3657
391 32.9665 47.5725
302 32.9521 47.7579
151 32.939 47.9285
862 32.9234 48.1299
917 32.9066 48.348
510 32.8872 48.5989
783 32.8728 48.7862
38 32.8572 48.9876
687 32.8407 49.202
603 32.8209 49.4576
413 32.8045 49.6707
619 32.7881 49.8823
525 32.7711 50.1037
535 32.7533 50.3335
237 32.7333 50.5928
269 32.7163 50.8135
142 32.7001 51.0235
633 32.6986 51.0561
397 32.6972 51.0863
438 32.6958 51.1181
11 32.6943 51.1503
723 32.6928 51.1835
37 32.6736 51.6089
748 32.6475 52.1866
194 32.615 52.9048
981 32.4052 57.5446
507 32.3519 58.7236
545 32.3036 59.7933
640 32.2397 61.206
591 32.169 62.7698
689 32.1189 63.8777
789 32.1102 64.0704
971 32.1102 64.0704
34 32.1102 64.0704
137 32.1102 64.0704
645 32.1102 64.0704
56 32.1102 64.0704
720 32.1102 64.0704
957 32.1102 64.0704
104 32.1102 64.0704
901 32.1102 64.0704
765 32.1102 64.0704
809 32.1102 64.0704
903 32.1102 64.0704
878 32.1102 64.0704
571 32.1102 64.0704
21 32.1102 64.0704
891 32.1102 64.0704
733 32.1102 64.0704
349 32.1102 64.0704
897 32.1102 64.0704
233 32.1102 64.0704
729 32.127 64.1248
390 32.1444 64.1813
735 32.1598 64.2313
327 32.1781 64.2906
839 32.1933 64.3399
910 32.2116 64.3994
382 32.2264 64.4472
965 32.2438 64.5039
574 32.2609 64.5593
501 32.275 64.6049
59 32.2875 64.6458
756 32.3028 64.6952
493 32.3201 64.7515
705 32.3371 64.8066
730 32.3608 64.8834
587 32.3778 64.9386
451 32.3938 64.9905
79 32.4412 65.1443
266 32.4988 65.3313
846 32.5434 65.4762
888 32.5958 65.6459
927 32.608 65.6856
552 32.6206 65.7265
604 32.634 65.7702
537 32.6471 65.8125
454 33.1125 65.801
270 34.1888 65.7747
267 34.5571 65.7656
599 34.9833 65.7551
929 35.4911 65.7427
788 36.0092 65.7299
89 36.5815 65.7159
127 40.2442 65.6263
922 40.2525 65.6266
291 40.2608 65.6269
715 40.2695 65.6272
676 40.2787 65.6276
523 40.2871 65.6279
683 40.2958 65.6282
410 40.3044 65.6285
732 40.3128 65.6289
912 40.3209 65.6292
804 40.3299 65.6295
54 40.3384 65.6298
163 40.3469 65.6301
365 40.3555 65.6305
175 40.3645 65.6308
264 40.3737 65.6311
226 40.3814 65.6314
252 40.39 65.6317
533 40.4009 65.6322
596 40.4116 65.6326
281 40.4229 65.633
359 40.4324 65.6333
370 40.4437 65.6338
576 40.4544 65.6342
30 40.4642 65.6345
724 40.4739 65.6349
308 40.4841 65.6353
662 40.4947 65.6357
134 40.9721 65.6536
540 41.4012 65.6697
216 41.8378 65.6861
235 42.1951 65.6995
779 42.5162 65.7115
459 42.8309 65.7233
976 43.1658 65.7359
404 43.5026 65.7485
471 43.8768 65.7626
597 44.287 65.778
621 44.6747 65.7925
91 45.0585 65.8069
171 45.3666 65.8185
617 45.7546 65.833
350 46.053 65.8442
80 46.3865 65.8567
144 46.778 65.8714
894 47.1912 65.8869
225 47.6112 65.9027
802 48.1163 65.9216
453 48.538 65.9375
791 48.9509 65.9529
161 49.3561 65.9681
986 49.7539 65.9831
968 50.1608 65.9983
582 50.5624 66.0134
188 50.8953 66.0259
923 51.1667 66.0361
186 51.5245 66.0495
513 51.7359 66.0574
855 51.9783 66.0665
498 52.2192 66.0756
798 52.4795 66.0853
484 52.7376 66.095
101 53.0343 66.1062
85 53.654 66.1294
286 53.8656 66.2233
647 54.0857 66.3209
769 54.2684 66.402
558 54.4322 66.4746
964 54.6368 66.5654
793 54.8292 66.6507
810 55.0512 66.7492
515 55.2735 66.8478
35 55.4795 66.9392
847 55.7064 67.0398
762 55.8966 67.1242
632 56.0858 67.2081
282 56.2777 67.2932
440 56.4993 67.3915
509 56.7099 67.4849
577 56.8762 67.5587
743 57.0768 67.6477
94 57.3073 67.7499
84 57.5254 67.8466
468 57.7599 67.9507
668 58.0165 68.0645
832 58.255 68.1702
315 58.4719 68.2665
9 58.6822 68.3597
857 58.8821 68.4484
625 59.0918 68.5414
921 59.3323 68.6481
229 59.6401 68.7846
293 59.8883 68.8947
432 60.2074 69.0362
987 60.5233 69.1764
478 60.816 69.3062
208 61.1055 69.4346
112 61.4103 69.5698
238 61.7215 69.7078
68 62.0463 69.8519
595 62.3683 69.9947
904 62.6919 70.1382
605 62.9797 70.2659
650 63.2962 70.4063
671 63.5971 70.5398
393 63.895 70.6719
907 64.1926 70.8039
800 64.5516 70.9631
109 64.9653 71.1466
900 66.529 71.8402
383 67.8915 72.4446
290 67.8915 72.4446
975 67.8915 72.4446
51 67.8915 72.4446
460 67.8915 72.4446
962 67.8915 72.4446
152 67.8915 72.4446
837 67.8915 72.4446
83 67.8915 72.4446
867 67.8915 72.4446
67 67.8915 72.4446
654 67.8915 72.4446
18 67.8915 72.4446
744 67.8915 72.4446
340 67.8915 72.4446
201 67.8915 72.4446
579 67.8915 72.4446
110 67.8915 72.4446
420 67.8915 72.4446
727 68.7805 72.9765
385 69.7649 73.5655
481 70.4302 73.9636
173 71.0745 74.3492
852 72.0762 74.9486
297 73.3594 75.7164
740 77.4695 78.1756
332 80.1884 79.8024
450 84.7512 82.5324
372 86.0108 83.5418
322 85.9513 83.6021
725 85.9011 83.6529
889 85.859 83.6956
204 85.8189 83.7362
311 85.7739 83.7817
159 85.7187 83.8377
25 85.6788 83.8781
660 85.6363 83.9211
473 85.2571 84.3051
528 84.9154 84.6512
983 81.589 88.0201
648 81.5854 88.0237
928 81.5814 88.0279
685 81.4093 88.033
494 79.5613 88.0884
465 77.8203 88.1406
580 76.7928 88.1714
893 76.5965 88.1773
775 76.388 88.1835
417 76.1918 88.1894
820 75.9999 88.1951
742 75.789 88.2015
864 75.5731 88.2079
135 75.3565 88.2144
395 71.3607 88.3342
544 71.1428 88.3407
353 70.9326 88.347
845 70.7114 88.3537
464 70.4918 88.3602
666 70.299 88.366
318 70.0843 88.3725
149 69.8673 88.379
42 69.6515 88.3854
285 69.4551 88.3913
251 69.2524 88.3974
813 69.0527 88.4034
52 68.8307 88.41
854 68.6326 88.4159
937 68.4213 88.4223
817 68.1834 88.4294
622 67.9724 88.4357
317 67.7582 88.4421
177 67.5606 88.448
818 67.3919 88.4531
71 66.7343 88.4728
823 65.8932 88.498
992 65.0227 88.5241
620 64.2359 88.5476
145 63.3893 88.573
158 62.4521 88.6011
567 60.9025 88.6475
62 59.2869 88.6959
861 58.13 88.7305
280 57.261 88.7566
816 56.4773 88.78
895 55.6292 88.8055
801 55.4299 88.8114
931 55.2078 88.8181
911 54.9663 88.8253
378 54.722 88.8326
273 54.4178 88.8417
477 54.0135 88.8538
23 53.497 88.8693
248 53.0151 88.8838
82 52.951 88.8857
369 52.8987 88.8873
624 52.8428 88.8889
156 52.7797 88.8908
516 52.7208 88.8926
882 52.6652 88.8942
856 52.6085 88.8959
947 52.5437 88.8979
755 52.4779 88.8999
814 52.4777 88.8999
185 52.4775 88.8999
12 52.4773 88.8999
434 52.4771 88.8999
896 52.4769 88.8999
202 52.4767 88.8999
584 52.4765 88.8999
126 52.4763 88.8999
536 52.476 88.8999
851 52.4758 88.8999
259 52.4756 88.8999
690 52.4754 88.8999
389 52.4752 88.8999
344 52.475 88.9
984 52.4748 88.9
206 52.4746 88.9
940 52.4744 88.9
320 52.4741 88.9
880 52.4739 88.9
541 52.4737 88.9
408 52.4735 88.9
952 52.4733 88.9
746 52.4731 88.9
774 52.4729 88.9
367 52.4727 88.9
532 52.4725 88.9
980 52.4722 88.9
961 52.472 88.9
530 52.4718 88.9001
659 52.4716 88.9001
754 52.4714 88.9001
335 52.4712 88.9001
118 52.471 88.9001
415 52.4708 88.9001
618 52.4706 88.9001
737 52.4704 88.9001
782 52.4702 88.9001
140 51.9222 88.9189
313 51.3895 88.9372
826 50.8077 88.9572
245 50.2914 88.9749
575 49.7685 88.9928
636 49.0592 89.0172
887 48.3546 89.0413
40 47.5727 89.0681
511 46.7563 89.0961
105 45.8522 89.1271
713 44.8766 89.1605
215 43.8428 89.196
292 42.928 89.2273
139 42.0797 89.2564
707 42.0644 89.2324
294 42.0477 89.2062
840 42.0342 89.1851
5 42.0232 89.1679
437 42.0088 89.1453
738 41.9966 89.1263
72 41.9828 89.1047
375 41.9692 89.0834
172 41.9538 89.0593
874 41.9407 89.0387
239 41.9243 89.0131
649 41.9059 88.9843
773 41.8913 88.9615
189 41.8782 88.9409
449 41.8674 88.924
193 41.8543 88.9035
752 41.8441 88.8875
181 41.8317 88.8682
309 41.8178 88.8464
766 41.8041 88.825
807 41.7871 88.7984
795 41.7745 88.7787
129 41.7624 88.7597
53 41.7511 88.742
265 41.7388 88.7227
22 41.7244 88.7002
877 41.7106 88.6786
548 41.6975 88.6581
974 41.6852 88.6388
559 41.671 88.6167
562 41.6536 88.5894
406 41.6395 88.5673
642 41.6251 88.5448
416 41.6117 88.5238
539 41.5977 88.5019
563 41.5824 88.4779
179 41.3196 88.4881
564 40.9689 88.5018
561 40.622 88.5153
448 40.3062 88.5276
305 40.0191 88.5388
343 39.6922 88.5516
569 39.3328 88.5656
614 39.0011 88.5785
165 38.7088 88.5899
763 38.3688 88.6032
319 38.0081 88.6172
866 37.5764 88.6341
428 37.0376 88.6551
231 36.6409 88.6705
394 36.2605 88.6854
73 35.8333 88.702
150 35.47 88.7162
230 35.1376 88.7291
960 34.7719 88.7434
806 34.4727 88.755
392 34.1718 88.7668
918 33.8461 88.7795
919 33.541 88.7914
41 33.2162 88.804
613 32.9736 88.8135
241 32.7086 88.8238
124 32.3977 88.8359
872 32.1054 88.8473
146 31.8347 88.8579
470 31.5195 88.8702
167 31.17 88.8838
44 30.8398 88.8967
954 30.5636 88.9074
16 30.276 88.9186
456 30.0111 88.929
271 29.8334 88.9359
578 29.6146 88.9444
697 29.4191 88.952
424 29.2399 88.959
2 29.0838 88.9651
96 28.9096 88.9719
786 28.7231 88.9792
296 28.5285 88.9868
223 28.333 88.9944
521 28.1305 89.0023
871 27.9526 89.0092
333 27.804 89.015
441 27.6613 89.0206
141 27.5291 89.0257
306 27.3762 89.0317
418 27.2247 89.0376
60 27.082 89.0432
409 26.9329 89.049
76 26.7781 89.055
885 26.6202 89.0612
368 26.4668 89.0671
253 26.3267 89.0726
757 26.1667 89.0788
183 26.0136 89.0848
651 25.8733 89.0903
859 25.7316 89.0958
593 25.5872 89.1014
833 25.4469 89.1069
430 25.3191 89.1119
36 25.1851 89.1171
611 25.0528 89.1223
610 24.9128 89.1277
20 24.7781 89.133
28 24.6363 89.1385
256 24.5026 89.1437
638 24.3424 89.15
696 24.1673 89.1568
490 24.0068 89.163
92 23.8635 89.1686
120 23.6949 89.1752
714 23.5069 89.1825
227 23.3241 89.1896
15 23.1645 89.1959
58 23.0213 89.2015
916 22.8724 89.2073
288 22.7407 89.2124
776 22.6041 89.2177
933 22.4751 89.2227
768 22.354 89.2275
360 22.2261 89.2324
672 22.1184 89.2366
808 21.9961 89.2414
631 21.4677 89.262
491 20.2724 89.3086
761 19.0135 89.3577
753 17.2538 89.4263
399 15.3427 89.5007
304 13.6383 89.5672
17 12.1899 89.6236
213 10.2438 89.6995
300 10.2419 89.6995
31 10.2404 89.6996
955 10.2387 89.6997
868 10.2368 89.6997
95 10.2351 89.6998
568 10.2333 89.6999
718 10.2314 89.7
236 10.2295 89.7
435 10.2275 89.7001
711 10.2256 89.7002
380 10.2237 89.7002
969 10.2218 89.7003
200 10.2199 89.7004
678 10.218 89.7005
750 10.2162 89.7005
39 10.2142 89.7006
914 10.2124 89.7007
364 10.2106 89.7008
108 10.2086 89.7008
106 10.2066 89.7009
827 10.2046 89.701
953 10.2027 89.7011
169 10.2008 89.7011
405 10.1989 89.7012
447 10.1971 89.7013
712 10.1954 89.7013
301 10.1932 89.7014
263 10.1911 89.7015
719 10.1892 89.7016
982 10.1874 89.7017
546 10.1855 89.7017
699 10.1836 89.7018
325 10.1817 89.7019
780 10.1797 89.7019
444 10.1774 89.702
203 10.1753 89.7021
153 10.1731 89.7022
585 10.171 89.7023
115 10.1693 89.7023
446 10.1673 89.7024
547 10.1651 89.7025
1 10.1633 89.7026
386 10.1615 89.7027
892 10.1597 89.7027
469 10.158 89.7028
13 10.1559 89.7029
495 10.154 89.7029
249 10.1519 89.703
693 10.1493 89.7031
803 10.1471 89.7032
637 10.1451 89.7033
138 10.1431 89.7034
557 10.1413 89.7034
973 10.1392 89.7035
401 10.1371 89.7036
247 10.1353 89.7037
695 10.1335 89.7037
759 10.1312 89.7038
462 10.1293 89.7039
316 10.1271 89.704
199 10.1249 89.7041
988 10.1227 89.7041
442 10.1512 88.8416
736 10.182 87.9106
244 10.2111 87.0323
815 10.2375 86.2343
88 10.2641 85.4311
944 10.2897 84.6586
240 10.3114 84.0038
50 10.3316 83.3912
825 10.3935 81.5194
445 10.4478 79.8795
326 10.4537 79.7023
90 10.4596 79.5244
608 10.4653 79.3516
431 10.4715 79.1625
436 10.4779 78.9702
728 10.4847 78.766
554 10.491 78.5757
487 10.4972 78.3893
178 10.5033 78.205
93 10.5093 78.0242
905 10.5163 77.8116
890 10.5236 77.5924
792 10.5302 77.3924
628 10.5377 77.1662
426 10.546 76.915
570 10.5545 76.6576
48 10.563 76.4002
75 10.5725 76.1152
433 10.5826 75.8089
119 10.5931 75.4913
207 10.6027 75.2013
924 10.6117 74.9296
224 10.6162 74.794
966 10.6213 74.6408
376 10.7447 74.5679
946 10.8577 74.5012
686 10.9426 74.4511
3 11.0468 74.3895
429 11.1447 74.3318
371 11.2274 74.2829
639 11.3251 74.2253
338 11.4442 74.1549
502 11.5605 74.0863
886 11.6687 74.0225
99 11.7763 73.9589
400 11.8605 73.9092
830 11.9445 73.8596
950 12.1051 73.7648
184 12.2345 73.6884
550 12.3709 73.6079
658 12.3631 73.4774
275 12.3552 73.3445
339 12.3487 73.2355
443 12.3418 73.1178
796 12.3347 72.999
321 12.3274 72.8771
970 12.319 72.7346
657 12.3123 72.6221
298 12.3053 72.505
374 12.2981 72.3831
717 12.2901 72.2485
220 12.2835 72.1384
615 12.2772 72.0316
560 12.2555 71.6661
526 12.229 71.2205
81 12.2027 70.7782
680 12.1805 70.4049
500 12.1593 70.0477
427 12.1369 69.6708
860 12.1145 69.2942
939 12.0868 68.8281
607 12.0816 68.7402
739 12.076 68.6455
131 12.0705 68.553
192 12.0653 68.4663
734 12.0604 68.3836
381 12.0554 68.2991
531 12.0498 68.2051
630 12.0451 68.1259
97 12.0399 68.0379
799 12.034 67.9391
764 12.0281 67.8399
347 12.0225 67.7457
703 12.0332 67.7386
14 12.043 67.7321
130 12.0544 67.7245
234 12.0635 67.7185
556 12.0736 67.7118
457 12.0849 67.7042
601 12.0975 67.6958
113 12.1075 67.6892
346 12.1169 67.683
551 12.1271 67.6762
747 12.1368 67.6697
398 12.1478 67.6624
361 12.1578 67.6558
665 12.1665 67.6499
277 12.1766 67.6432
219 12.1876 67.6359
168 12.199 67.6284
77 12.2086 67.622
479 12.221 67.6137
726 12.2322 67.6063
701 12.2422 67.5996
503 12.2511 67.5937
879 12.2602 67.5877
255 12.2691 67.5818
694 12.2788 67.5753
517 12.2895 67.5682
784 12.3012 67.5604
948 12.3121 67.5532
991 12.3228 67.546
772 12.3359 67.5373
524 12.3469 67.53
667 12.3566 67.5236
272 12.3695 67.515
162 12.3819 67.5067
132 12.3949 67.4981
411 12.4067 67.4902
482 12.418 67.4827
600 12.4305 67.4744
635 12.4425 67.4665
329 12.5234 63.9747
114 12.6003 60.6597
324 12.7183 55.5711
760 12.6388 55.2988
196 12.555 55.0115
925 12.4643 54.7005
652 12.3694 54.3754
534 12.2911 54.1069
422 12.2191 53.8601
849 12.1366 53.5775
542 12.0601 53.315
154 11.9835 53.0525
303 11.9144 52.8159
116 11.8398 52.56
841 11.8398 52.56
157 11.8398 52.56
214 11.8398 52.56
771 11.8398 52.56
122 11.8398 52.56
698 11.8434 52.2691
100 11.8469 51.9922
128 11.8505 51.7078
565 11.8531 51.4967
527 11.856 51.2626
166 11.859 51.025
589 11.8621 50.7831
972 11.8657 50.4948
805 11.8693 50.2047
708 11.8728 49.9294
489 11.8766 49.6225
218 11.8801 49.3398
174 11.8842 49.0152
463 11.8882 48.6985
330 11.8921 48.3882
956 11.8931 48.3101
691 11.8943 48.2093
858 11.8959 48.0849
758 11.8975 47.9571
990 11.8992 47.8215
616 11.9007 47.7027
700 11.9021 47.5867
770 11.9034 47.4857
797 11.9046 47.3864
731 11.9061 47.2734
283 11.9075 47.1601
78 11.9087 47.0633
228 11.9099 46.9689
279 11.911 46.8819
496 11.9123 46.7729
958 11.9137 46.6646
336 11.9147 46.5823
938 11.916 46.4819
352 11.9174 46.372
222 11.9188 46.2559
46 11.9203 46.1405
47 11.9214 46.0495
749 11.9227 45.9459
936 11.924 45.846
182 11.9253 45.7391
312 11.9267 45.6248
505 11.928 45.5273
341 11.9293 45.4188
663 11.9307 45.307
863 11.932 45.2032
57 11.9331 45.116
677 11.9343 45.0227
423 11.9469 44.0149
909 11.9575 43.1694
373 11.97 42.1711
384 11.987 40.8197
205 12.0028 39.5595
10 12.0036 39.4953
123 12.0044 39.4338
499 12.0052 39.3694
212 12.0068 39.2378
476 12.0085 39.107
32 12.0102 38.9686
328 12.0117 38.845
949 12.0212 38.0903
148 12.0361 36.908
514 12.0585 35.1216
87 12.0708 34.1407
331 12.0845 33.0516
836 12.0896 32.6454
572 12.0947 32.2386
710 12.0995 31.8583
268 12.104 31.5024
985 12.1083 31.1618
943 12.113 30.7847
602 12.1177 30.4081
121 12.1208 30.1651
641 12.1241 29.9038
455 12.1269 29.6769
898 12.1295 29.469
65 12.1322 29.2574
133 12.1352 29.0142
125 12.1382 28.7826
258 12.1415 28.5152
4 12.1445 28.2785
794 12.1474 28.0487
86 12.1502 27.8272
74 12.1538 27.5379
829 12.1572 27.2685
812 12.3073 15.314
412 12.3216 15.3203
474 12.3377 15.3273
682 12.3496 15.3325
963 12.3629 15.3383
881 12.3757 15.3439
402 12.3909 15.3506
61 12.4028 15.3558
588 12.4171 15.362
366 12.4311 15.3681
299 12.4438 15.3737
629 12.4555 15.3788
211 12.4693 15.3848
362 12.4826 15.3907
488 12.4972 15.397
254 12.5122 15.4036
348 12.5239 15.4087
8 12.536 15.414
646 12.5467 15.4187
722 12.5598 15.4244
899 12.5788 15.4327
661 12.5788 15.4327
741 12.5788 15.4327
187 12.5788 15.4327
673 14.5055 15.8364
674 16.8797 16.3339
702 21.9097 17.3879
111 26.593 18.3693
822 28.0507 18.6747
573 29.0183 18.8774
407 29.8071 19.0427
307 30.4602 19.1795
160 31.1959 19.3337
337 31.3686 19.3698
834 31.5344 19.4046
439 31.5372 19.4052
26 31.5405 19.4059
643 31.5435 19.4065
379 31.5471 19.4072
363 31.5501 19.4079
626 31.5533 19.4085
284 31.5565 19.4092
787 31.56 19.4099
915 31.5632 19.4106
221 31.5666 19.4113
354 31.57 19.412
278 31.5737 19.4128
467 32.9025 19.2247
246 32.956 19.2171
310 33.0221 19.2077
883 33.08 19.1995
64 33.1358 19.1916
934 33.2037 19.182
704 33.2573 19.1744
287 33.3112 19.1667
902 33.3573 19.1602
669 33.9867 19.0709
824 34.7231 18.9665
351 35.9892 18.787
709 37.4253 18.5833
419 40.8892 18.0924
261 41.7917 17.9644
653 42.7842 17.8237
518 43.7289 17.6897
24 56.951 16.488
176 57.8494 16.4064
819 58.4773 16.3493
959 59.0836 16.2942
831 59.6412 16.2436
504 60.2602 16.1873
777 60.7676 16.1412
581 61.3118 16.0918
295 61.8768 16.0404
103 62.4456 15.9888
721 69.0074 17.4882
598 72.2079 18.2195
