0,721,819,831,24,504,598,6,295,581,959,176,777,103,518,873,289,419,164,709,287,704,934,64,883,310,261,246,351,586,653,824,902,307,407,573,822,111,467,669,254,284,354,221,915,787,278,160,834,337,439,379,643,26,363,626,812,211,8,646,702,61,881,674,722,488,629,348,412,741,661,366,299,899,963,588,331,402,682,187,362,121,87,829,32,943,673,602,268,836,474,710,514,985,133,65,125,572,258,794,455,641,74,486,898,86,4,423,148,328,849,279,691,214,938,499,384,10,858,123,698,770,616,677,949,758,990,731,909,700,330,128,218,57,542,341,936,749,841,505,212,527,228,78,46,663,863,958,373,47,157,489,805,312,496,116,283,797,534,925,336,476,565,122,196,166,154,972,222,174,771,182,708,463,303,100,352,956,652,589,764,130,717,275,531,729,400,948,298,207,601,326,772,234,784,81,131,3,680,630,114,347,726,551,487,482,503,860,600,796,371,119,739,734,162,747,381,970,192,607,657,427,500,665,224,879,703,277,255,77,991,694,524,376,14,966,799,220,339,517,939,760,950,272,219,445,639,667,556,479,701,321,825,338,429,346,361,411,457,398,658,946,168,635,97,360,608,443,502,99,728,178,184,905,944,374,615,90,433,890,686,830,58,93,886,988,554,560,75,736,88,547,325,435,386,304,31,240,115,712,719,982,153,203,446,444,780,916,244,699,316,546,868,48,570,426,628,792,955,300,436,585,263,301,213,442,199,815,695,247,401,973,557,138,637,803,693,249,495,13,469,892,447,405,169,953,827,106,108,364,1,914,39,750,678,200,969,380,711,759,236,718,568,399,95,15,50,113,431,631,424,16,578,714,761,430,167,933,918,768,550,17,462,776,288,333,491,753,697,296,490,76,28,44,120,696,638,223,227,41,786,672,146,806,92,20,808,521,689,954,604,537,773,789,871,441,141,306,418,60,409,885,368,253,757,183,651,859,593,833,456,36,611,610,960,96,73,270,319,539,428,738,392,231,394,139,150,230,974,752,470,437,271,613,877,919,22,265,53,129,795,807,766,294,707,309,181,172,563,559,375,241,416,642,406,562,874,814,292,840,548,866,5,2,763,165,614,569,343,649,449,305,448,72,215,256,561,564,179,434,895,816,280,861,947,826,105,511,40,887,636,575,245,984,737,618,415,118,335,754,659,530,961,980,532,367,774,746,952,408,541,713,880,320,940,206,239,23,516,156,624,369,82,248,882,62,856,389,344,755,193,802,690,259,851,536,126,584,202,896,477,313,140,567,620,937,42,177,622,395,317,185,671,12,992,464,273,378,229,911,813,864,742,71,931,817,52,854,158,145,149,285,544,494,353,845,823,251,818,928,580,318,666,648,417,465,322,135,775,740,159,893,983,820,372,311,725,528,450,473,660,25,889,685,204,852,727,900,383,18,654,67,509,975,51,152,837,385,332,297,173,340,867,201,800,393,650,605,904,595,68,579,110,420,238,290,962,460,481,83,801,647,478,744,987,208,515,769,432,832,617,112,282,921,84,293,986,582,743,810,762,668,94,9,440,907,161,91,538,964,186,923,847,857,315,577,35,793,513,632,782,286,791,453,468,85,625,683,523,109,968,101,144,498,912,365,410,576,715,163,264,732,370,804,471,54,676,976,779,894,216,461,390,922,104,621,281,558,798,235,855,134,225,484,80,127,30,597,596,308,171,809,540,350,291,724,459,454,252,189,872,124,662,571,730,21,89,901,640,788,599,957,878,910,493,756,59,501,574,382,34,359,927,137,645,56,903,971,267,175,765,404,226,533,552,846,591,349,526,720,132,924,888,329,266,451,733,545,981,897,79,705,510,507,233,891,735,929,587,965,327,839,391,422,302,989,142,612,403,37,324,688,388,11,438,397,811,664,356,655,147,480,205,869,549,723,237,522,180,194,535,748,876,679,529,783,38,687,603,413,619,525,151,543,475,706,414,908,633,342,210,191,913,778,566,49,269,452,508,862,917,512,848,155,945,790,555,7,935,716,69,276,19,472,197,257,853,692,843,492,844,55,870,785,27,751,781,421,906,865,634,828,377,458,355,209,250,45,358,930,594,681,66,188,262,875,675,519,644,623,63,821,978,745,323,117,232,606,143,396,485,43,217,314,842,942,190,583,357,941,656,592,920,102,850,926,609,70,553,670,466,334,767,684,170,274,838,967,835,242,29,977,506,387,884,136,932,425,198,951,195,520,497,107,33,590,98,627,243,260,483,345,979,
value : 404.543 running time : 930.940479
0 80 20
721 72.3568 18.4307
819 68.0537 17.547
831 65.6722 17.0579
24 65.0114 16.9221
504 64.3191 16.7799
598 63.5707 16.6262
6 62.7324 16.454
295 62.5241 16.3634
581 62.3079 16.2694
959 62.0972 16.1778
176 61.8679 16.0781
777 61.6338 15.9764
103 61.3912 15.871
518 44.7771 17.5206
873 44.2647 17.6846
289 43.6019 17.8967
419 42.9683 18.0994
164 42.2035 18.3441
709 40.012 19.0451
287 39.8814 19.0869
704 39.7348 19.1338
934 39.5909 19.1799
64 39.4349 19.2298
883 39.308 19.2704
310 39.1805 19.3112
261 39.0421 19.3555
246 38.9001 19.4009
351 38.7992 19.4332
586 38.7002 19.4649
653 37.1948 19.4701
824 34.7315 19.4787
902 33.4419 19.4831
307 33.3836 19.4833
407 33.3292 19.4835
573 33.269 19.4837
822 33.2055 19.4839
111 33.142 19.4842
467 33.077 19.4844
669 32.9986 19.4847
254 32.9182 19.4849
284 32.8543 19.4852
354 32.7907 19.4854
221 32.7303 19.4856
915 32.6709 19.4858
787 32.6168 19.486
278 32.5615 19.4862
160 32.3591 19.4379
834 32.1151 19.3797
337 31.529 19.2398
439 30.8221 19.0712
379 30.2867 18.9435
643 29.4618 18.7467
26 28.8102 18.5913
363 27.0712 18.1764
626 24.0764 17.4619
812 13.0127 14.8222
211 13.0079 14.9249
8 13.003 15.0275
646 12.998 15.1348
702 12.9927 15.2465
61 12.9886 15.3321
881 12.9845 15.4186
674 12.9799 15.5164
722 12.9757 15.6051
488 12.9686 15.7565
629 12.9604 15.9283
348 12.9516 16.1163
412 12.943 16.2967
741 12.9348 16.4712
661 12.9268 16.639
366 12.9197 16.7903
299 12.9112 16.9692
899 12.9042 17.1179
963 12.8978 17.2533
588 12.8919 17.3784
331 12.8851 17.5211
402 12.879 17.6521
682 12.8731 17.7758
187 12.8665 17.9147
362 13.0651 20.7738
121 13.395 25.5245
87 13.4838 26.8038
829 13.5452 27.6886
32 13.5949 28.4042
943 13.5991 28.4647
673 13.6034 28.5267
602 13.6083 28.5972
268 13.6132 28.667
836 13.618 28.7368
474 13.6227 28.8039
710 13.6277 28.8767
514 13.633 28.9525
985 13.6384 29.0297
133 13.6433 29.1002
65 13.6485 29.176
125 13.6533 29.2455
572 13.6574 29.3039
258 13.6617 29.3664
794 13.6666 29.4362
455 13.6713 29.5047
641 13.6764 29.5774
74 13.6816 29.652
486 13.687 29.7298
898 11.9091 32.9489
86 11.8328 33.7841
4 11.7492 34.6978
423 11.4567 37.8943
148 11.2193 40.4892
328 11.0168 42.7035
849 10.5774 47.5041
279 10.5774 47.5041
691 10.5774 47.5041
214 10.5774 47.5041
938 10.5774 47.5041
499 10.5774 47.5041
384 10.5872 47.5551
10 10.598 47.6112
858 10.6108 47.678
123 10.6212 47.7324
698 10.6329 47.7933
770 10.6427 47.844
616 10.6537 47.9012
677 10.6663 47.9672
949 10.6762 48.0185
758 10.6865 48.0723
990 10.6958 48.1205
731 10.7061 48.1743
909 10.7171 48.2312
700 10.7268 48.2817
330 10.7375 48.3374
128 10.7501 48.403
218 10.7632 48.4717
57 10.7745 48.53
542 10.7856 48.5881
341 10.7964 48.6445
936 10.8077 48.7033
749 10.8184 48.759
841 10.8296 48.8169
505 10.8408 48.8754
212 10.851 48.9286
527 10.8632 48.9917
228 10.8731 49.0436
78 10.8838 49.0993
46 10.8947 49.1559
663 10.9069 49.2197
863 10.9182 49.2781
958 10.9302 49.3406
373 10.9448 49.4168
47 10.9583 49.487
157 10.9707 49.5515
489 10.9836 49.6186
805 10.9963 49.6849
312 11.0078 49.7445
496 11.0208 49.8124
116 11.0332 49.8767
283 11.0449 49.938
797 11.1117 50.2855
534 11.1762 50.6211
925 11.2431 50.9694
336 11.3 51.2659
476 11.3517 51.535
565 11.4181 51.8806
122 11.4758 52.1809
196 11.5338 52.4827
166 11.5817 52.7324
154 11.6292 52.9794
972 11.6853 53.2716
222 11.7349 53.5296
174 11.7895 53.8139
771 11.8439 54.0969
182 11.9084 54.4327
708 11.9714 54.7608
463 12.0337 55.0848
303 12.1052 55.4571
100 12.1745 55.8179
352 12.246 56.1902
956 12.3228 56.5899
652 12.3912 56.9459
589 12.5712 57.8828
764 12.7393 58.7577
130 12.9019 59.6046
717 13.0377 60.3115
275 13.0802 60.5326
531 13.0802 60.5326
729 13.0802 60.5326
400 12.4369 63.6913
948 11.9616 66.0248
298 11.546 68.0655
207 11.3813 68.8747
601 11.3813 68.8747
326 11.3813 68.8747
772 11.3813 68.8747
234 11.3813 68.8747
784 11.3813 68.8747
81 11.3813 68.8747
131 11.3813 68.8748
3 11.3813 68.8748
680 11.3813 68.8748
630 11.3813 68.8748
114 11.3813 68.8748
347 11.3813 68.8748
726 11.3777 68.9324
551 11.3742 68.9884
487 11.371 69.0386
482 11.3682 69.0838
503 11.3649 69.1367
860 11.3616 69.19
600 11.3586 69.2379
796 11.3555 69.2878
371 11.3527 69.3316
119 11.3497 69.3796
739 11.3468 69.4269
734 11.3436 69.4776
162 11.3404 69.5291
747 11.3375 69.5755
381 11.3341 69.6288
970 11.3311 69.6775
192 11.3279 69.7279
607 11.3245 69.7838
657 11.3211 69.8372
427 11.318 69.8864
500 11.3149 69.9368
665 11.3119 69.9854
224 11.3087 70.036
879 11.3059 70.08
703 11.3031 70.125
277 11.2998 70.1778
255 11.2967 70.2281
77 11.2934 70.2799
991 11.29 70.3356
694 11.287 70.3824
524 11.2843 70.4258
376 11.2813 70.4748
14 11.2779 70.528
966 11.2747 70.5799
799 11.2715 70.6304
220 11.2684 70.6811
339 11.2651 70.7333
517 11.2623 70.7777
939 11.2595 70.8233
760 11.2496 70.9818
950 11.2382 71.1648
272 11.2265 71.3522
219 11.2143 71.5476
445 11.2016 71.7522
639 11.1893 71.9495
667 11.1777 72.1356
556 11.1663 72.3178
479 11.1557 72.4874
701 11.1445 72.6679
321 11.1321 72.8674
825 11.1209 73.0465
338 11.11 73.2215
429 11.0987 73.4028
346 11.0869 73.5908
361 11.0762 73.7638
411 11.0652 73.9391
457 11.0513 74.1629
398 11.0392 74.3568
658 11.0263 74.5636
946 11.026 74.5657
168 11.0257 74.5677
635 11.0254 74.5697
97 10.9971 74.7573
360 10.9683 74.9478
608 10.9435 75.1126
443 10.9377 75.1508
502 10.932 75.1888
99 10.9256 75.2313
728 10.8346 75.8344
178 10.7389 76.4685
184 10.6509 77.0523
905 10.5687 77.5972
944 10.4936 78.0946
374 10.4227 78.565
615 10.3485 79.057
90 10.2773 79.5287
433 10.2102 79.9734
890 10.1426 80.4218
686 10.0756 80.8657
830 9.90226 82.0149
58 9.72303 83.203
93 9.55669 84.3056
886 9.39953 85.3474
988 8.90197 88.6443
554 8.90197 88.6443
560 8.91121 88.6415
75 8.91843 88.6393
736 8.92642 88.6368
88 8.93541 88.6341
547 8.94235 88.632
325 8.9506 88.6295
435 8.95763 88.6274
386 8.9662 88.6248
304 8.97426 88.6223
31 8.98257 88.6198
240 8.99033 88.6175
115 8.99825 88.6151
712 9.00615 88.6127
719 9.01316 88.6105
982 9.02102 88.6082
153 9.02863 88.6059
203 9.03677 88.6034
446 9.04481 88.6009
444 9.05306 88.5984
780 9.06215 88.5957
916 9.07045 88.5932
244 9.07846 88.5907
699 9.08548 88.5886
316 9.09273 88.5864
546 9.10004 88.5842
868 9.10723 88.582
48 9.11635 88.5792
570 9.12386 88.577
426 9.1316 88.5746
628 9.13956 88.5722
792 9.14736 88.5698
955 9.15577 88.5673
300 9.16294 88.5651
436 9.17097 88.5627
585 9.1778 88.5606
263 9.1858 88.5582
301 9.19382 88.5558
213 9.20132 88.5535
442 9.27689 88.5306
199 9.34063 88.5112
815 9.40975 88.4903
695 9.47981 88.469
247 9.53621 88.4519
401 9.59308 88.4347
973 9.65872 88.4148
557 9.72153 88.3957
138 9.78014 88.3779
637 9.83962 88.3599
803 9.90151 88.3411
693 9.96899 88.3207
249 10.0452 88.2975
495 10.1068 88.2789
13 10.1673 88.2605
469 10.2276 88.2422
892 10.2777 88.227
447 10.3297 88.2113
405 10.3849 88.1946
169 10.444 88.1766
953 10.5016 88.1592
827 10.5612 88.1411
106 10.6231 88.1223
108 10.688 88.1026
364 10.7502 88.0837
1 10.8121 88.065
914 10.8699 88.0475
39 10.9281 88.0298
750 10.9915 88.0106
678 11.0837 87.9826
200 11.1836 87.9523
969 11.2796 87.9232
380 11.3809 87.8925
711 11.5869 87.83
759 11.787 87.7693
236 12.0191 87.6989
718 12.2375 87.6327
568 12.4696 87.5623
399 12.7075 87.4902
95 12.942 87.419
15 13.1885 87.3443
50 15.3848 85.9998
113 17.2812 84.8389
431 20.0821 86.2644
631 23.0086 87.7539
424 23.0709 87.7856
16 23.1354 87.8185
578 23.2023 87.8525
714 23.2744 87.8892
761 23.2775 87.8907
430 23.2805 87.8923
167 23.2831 87.8936
933 23.2861 87.8951
918 23.2891 87.8967
768 23.2921 87.8982
550 23.2946 87.8995
17 23.2977 87.901
462 23.3009 87.9027
776 23.304 87.9042
288 23.3067 87.9056
333 23.3095 87.907
491 23.313 87.9088
753 23.3159 87.9103
697 23.3184 87.9116
296 23.3214 87.9131
490 23.3246 87.9147
76 23.328 87.9164
28 23.3315 87.9182
44 23.3344 87.9197
120 23.3374 87.9213
696 23.3403 87.9227
638 23.3431 87.9241
223 23.3459 87.9256
227 23.3459 87.9256
41 23.7281 87.9339
786 24.1538 87.9431
672 24.531 87.9513
146 24.9035 87.9594
806 24.9035 87.9594
92 24.9035 87.9594
20 24.9035 87.9594
808 25.0214 87.8132
521 25.1419 87.6636
689 26.5123 85.9627
954 26.5123 85.9627
604 26.5123 85.9627
537 26.5123 85.9627
773 26.5123 85.9627
789 26.5123 85.9627
871 27.3595 86.9702
441 27.4995 87.1368
141 27.5273 87.1698
306 27.5568 87.205
418 27.5819 87.2347
60 27.6091 87.2671
409 27.6409 87.3049
885 27.6674 87.3365
368 27.6948 87.3691
253 27.722 87.4014
757 27.7485 87.4329
183 27.7787 87.4688
651 27.8091 87.5049
859 27.8375 87.5387
593 27.8672 87.5741
833 28.1263 87.6376
456 28.4078 87.7067
36 28.7426 87.7888
611 29.0845 87.8727
610 30.0581 87.8964
960 31.1728 87.9236
96 32.0744 87.9456
73 33.0061 87.9684
270 34.0582 87.9941
319 35.0466 88.0182
539 35.2401 88.0229
428 35.4119 88.0271
738 35.6202 88.0322
392 35.8211 88.0371
231 36.0224 88.042
394 36.2344 88.0472
139 36.429 88.052
150 36.6142 88.0565
230 36.8269 88.0617
974 37.0322 88.0667
752 37.2277 88.0715
470 37.4236 88.0763
437 37.6314 88.0814
271 37.8246 88.0861
613 38.0319 88.0912
877 38.2386 88.0962
919 38.438 88.1011
22 38.6573 88.1064
265 38.8772 88.1118
53 39.1002 88.1173
129 39.3096 88.1224
795 39.5119 88.1273
807 39.7504 88.1332
766 39.9837 88.1389
294 40.1979 88.1441
707 40.4014 88.1491
309 40.6286 88.1546
181 40.8519 88.1601
172 41.0697 88.1654
563 41.3152 88.1714
559 41.4469 88.1747
375 41.5757 88.1778
241 41.6947 88.1807
416 41.831 88.184
642 41.9776 88.1876
406 42.1119 88.1909
562 42.2308 88.1938
874 42.3488 88.1967
814 42.4677 88.1996
292 42.5763 88.2023
840 42.6963 88.2052
548 42.8186 88.2082
866 42.956 88.2115
5 43.0832 88.2146
2 43.1911 88.2173
763 43.3529 88.2212
165 43.5022 88.2249
614 43.6349 88.2281
569 43.8075 88.2324
343 43.9934 88.2369
649 44.1605 88.241
449 44.3441 88.2455
305 44.5334 88.2501
448 44.6991 88.2542
72 44.883 88.2587
215 45.0889 88.2637
256 45.2949 88.2687
561 46.023 88.2865
564 46.8142 88.3058
179 47.6421 88.326
434 48.3674 88.3437
895 48.4892 88.3467
816 48.6264 88.35
280 48.7412 88.3528
861 48.8548 88.3556
947 48.9703 88.3584
826 49.0833 88.3612
105 49.2001 88.3641
511 49.328 88.3672
40 49.4505 88.3702
887 49.5697 88.3731
636 49.6822 88.3758
575 49.8106 88.379
245 49.9241 88.3818
984 50.0494 88.3848
737 50.1201 88.3865
618 50.1864 88.3882
415 50.2549 88.3898
118 50.3281 88.3916
335 50.3968 88.3933
754 50.4632 88.3949
659 50.525 88.3965
530 50.5956 88.3982
961 50.6695 88.4
980 50.7474 88.4019
532 50.8171 88.4036
367 50.891 88.4054
774 50.9603 88.4071
746 51.0288 88.4088
952 51.1011 88.4105
408 51.1685 88.4122
541 51.238 88.4139
713 51.3072 88.4156
880 51.3795 88.4173
320 51.4486 88.419
940 51.5188 88.4207
206 51.5859 88.4224
239 51.6631 88.4243
23 51.7464 88.4263
516 51.8172 88.428
156 51.8897 88.4298
624 51.9663 88.4317
369 52.034 88.4333
82 52.0969 88.4349
248 52.1719 88.4367
882 52.2542 88.4387
62 52.3337 88.4407
856 52.4129 88.4426
389 52.4779 88.4442
344 52.5777 88.4466
755 52.6573 88.4486
193 52.7656 88.4512
802 52.8861 88.4542
690 53.4101 88.467
259 53.8803 88.4785
851 54.3282 88.4894
536 54.7711 88.5002
126 55.2609 88.5122
584 55.8494 88.5266
202 56.3818 88.5396
896 56.8955 88.5521
477 57.45 88.5657
313 57.923 88.5772
140 58.4358 88.5898
567 59.0916 88.6058
620 59.7143 88.621
937 60.0732 88.6297
42 60.0733 88.6297
177 60.0734 88.6297
622 60.0734 88.6297
395 60.0735 88.6297
317 60.0735 88.6297
185 60.0736 88.6298
671 60.0737 88.6298
12 60.555 88.6436
992 61.0697 88.6584
464 61.5834 88.6732
273 62.0754 88.6874
378 62.5558 88.7012
229 63.0284 88.7148
911 63.6115 88.7316
813 65.0119 88.7722
864 66.1557 88.8053
742 66.923 88.8274
71 67.4759 88.8433
931 67.966 88.8573
817 68.5341 88.8736
52 69.1476 88.8913
854 69.797 88.91
158 70.4013 88.9274
145 70.9923 88.9444
149 71.5996 88.9619
285 72.2391 88.9803
544 72.8903 88.999
494 73.6123 89.0199
353 74.2764 89.039
845 74.9636 89.0587
823 75.7332 89.0809
251 76.6336 89.1069
818 77.8409 89.1418
928 79.5044 89.1901
580 79.5044 89.1901
318 79.5044 89.1901
666 79.5998 89.1055
648 79.7026 89.0142
417 79.7877 88.9386
465 79.8668 88.8685
322 79.9726 88.7746
135 80.0709 88.6873
775 80.199 88.5736
740 80.3317 88.4559
159 80.4429 88.3572
893 80.5502 88.2619
983 80.67 88.1556
820 81.7342 87.211
372 86.0044 83.4206
311 85.7794 83.2566
725 85.5535 83.0919
528 85.3343 82.932
450 85.1542 82.8006
473 84.9318 82.678
660 84.7007 82.5505
25 84.4318 82.4022
889 84.0455 82.1891
685 83.3826 81.8235
204 79.9305 79.9195
852 73.6884 76.4767
727 73.327 76.2773
900 73.0255 76.1111
383 72.7324 75.9494
18 72.4186 75.7763
654 72.1249 75.6144
67 71.8345 75.4542
509 71.6121 75.3316
975 71.425 75.2283
51 71.2201 75.1153
152 71.0197 75.0048
837 70.8265 74.8982
385 70.6376 74.794
332 70.4281 74.6785
297 69.9812 74.432
173 69.5086 74.1714
340 69.1174 73.9556
867 68.782 73.7707
201 68.4379 73.5809
800 66.6046 72.5697
393 66.324 72.415
650 66.0559 72.2671
605 65.7816 72.1158
904 65.5453 71.9855
595 65.2887 71.8439
68 65.049 71.7117
579 64.8351 71.5938
110 64.5614 71.4428
420 64.2535 71.273
238 64.0411 71.1733
290 63.8611 71.0887
962 63.6653 70.9968
460 63.4586 70.8997
481 63.2715 70.8118
83 63.0065 70.6873
801 62.6333 70.5121
647 62.2596 70.3366
478 61.9293 70.1815
744 61.6195 70.036
987 61.2024 69.8401
208 60.7909 69.6468
515 60.4103 69.4681
769 60.0525 69.3001
432 59.7097 69.1391
832 59.3681 68.9787
617 58.9792 68.796
112 58.6405 68.6369
282 58.283 68.4691
921 57.9707 68.3224
84 57.6712 68.1817
293 57.3838 68.0468
986 57.0988 67.9129
582 56.8324 67.7878
743 56.5435 67.6521
810 56.2935 67.5347
762 56.0481 67.4194
668 55.7985 67.3022
94 55.5285 67.1754
9 55.2687 67.0534
440 54.9919 66.9234
907 54.7047 66.7885
161 54.3897 66.6406
91 54.1118 66.5101
538 53.8391 66.382
964 53.5105 66.2277
186 53.167 66.0664
923 53.0643 66.0182
847 53.0512 66.012
857 53.0343 66.0041
315 53.0171 65.996
577 52.9971 65.9866
35 52.9793 65.9782
793 52.9616 65.97
513 52.9466 65.9629
632 52.9306 65.9554
782 52.9137 65.9474
286 52.8954 65.9389
791 52.8778 65.9306
453 52.8608 65.9226
468 52.8439 65.9147
85 52.826 65.9063
625 51.8469 65.7489
683 50.7953 65.5798
523 50.0533 65.4605
109 49.4421 65.3622
968 48.7551 65.2517
101 48.0202 65.1336
144 47.3494 65.0257
498 46.7245 64.9252
912 46.1003 64.8248
365 45.9078 64.7939
410 45.7296 64.7652
576 45.5412 64.7349
715 45.3596 64.7057
163 45.1786 64.6765
264 44.9982 64.6475
732 44.8138 64.6179
370 44.6295 64.5882
804 44.4638 64.5616
471 44.2935 64.5342
54 44.1281 64.5075
676 43.9746 64.4828
976 43.8161 64.4573
779 43.6553 64.4315
894 43.4922 64.4052
216 43.3242 64.3782
461 43.1236 64.3459
390 41.4441 65.3252
922 41.4121 65.3439
104 41.3785 65.3635
621 41.3483 65.3811
281 41.3151 65.4004
558 41.2798 65.421
798 41.2457 65.4409
235 41.2083 65.4627
855 41.1712 65.4844
134 41.1313 65.5076
225 41.0941 65.5293
484 41.0596 65.5494
80 41.0242 65.57
127 40.9941 65.5876
30 40.7206 65.747
597 40.466 65.8955
596 40.0806 66.1202
308 39.721 66.3298
171 39.3973 66.5186
809 39.0737 66.7073
540 38.743 66.9001
350 38.4113 67.0935
291 38.0763 67.2888
724 37.7387 67.4856
459 37.4128 67.6757
454 37.038 67.8942
252 36.827 68.0172
189 36.6179 68.1391
872 36.297 67.9189
124 35.9546 67.6841
662 35.586 67.4313
571 35.1745 67.149
730 34.7932 66.8874
21 34.4209 66.632
89 34.0179 66.3555
901 33.9198 66.2883
640 33.829 66.226
788 33.7425 66.1666
599 33.6561 66.1074
957 33.5752 66.0519
878 33.5012 66.0011
910 33.4184 65.9443
493 33.3169 65.8747
756 33.2181 65.8069
59 33.1329 65.7485
501 33.0835 65.7146
574 33.0295 65.6775
382 32.9674 65.635
34 32.9102 65.5957
359 32.8649 65.5646
927 32.8135 65.5294
137 32.7649 65.496
645 32.7159 65.4624
56 32.6674 65.4292
903 32.6102 65.3899
971 32.5572 65.3535
267 32.5082 65.32
175 32.465 65.2903
765 32.417 65.2574
404 32.37 65.2251
226 32.3189 65.1901
533 32.2473 65.141
552 32.1755 65.0917
846 32.1131 65.0489
591 32.0591 65.0119
349 31.9951 64.968
526 31.936 64.9274
720 31.8756 64.886
132 31.8144 64.844
924 31.8144 64.844
888 31.8144 64.844
329 31.2935 63.3032
266 31.2935 63.3032
451 31.3034 62.9909
733 31.3125 62.7059
545 31.3218 62.4165
981 31.3296 62.1712
897 31.337 61.9394
79 31.3449 61.6927
705 31.3528 61.4447
510 31.3604 61.2054
507 31.3676 60.9817
233 31.3751 60.7473
891 31.3825 60.5151
735 31.389 60.3109
929 31.3956 60.1028
587 31.4016 59.9155
965 31.4084 59.7022
327 31.4159 59.4672
839 31.4825 57.373
391 31.5504 55.2351
422 31.5813 54.2654
302 31.6636 51.6757
989 31.7346 49.4415
142 31.781 47.9843
612 31.8926 44.4687
403 31.8926 44.4687
37 31.8926 44.4687
324 31.8926 44.4687
688 31.9041 44.3475
388 31.9159 44.2231
11 31.9274 44.101
438 31.9389 43.9798
397 31.9505 43.858
811 31.9622 43.7344
664 31.9737 43.6139
356 31.9851 43.4939
655 31.9962 43.3772
147 32.0073 43.2595
480 32.0191 43.1357
205 32.0304 43.0165
869 32.0702 43.008
549 32.1095 42.9997
723 32.1486 42.9913
237 32.195 42.9815
522 32.195 42.9815
180 32.195 42.9815
194 32.195 42.9815
535 32.195 42.9815
748 32.195 42.9815
876 32.195 42.9815
679 32.195 42.9815
529 32.195 42.9815
783 32.195 42.9815
38 32.195 42.9815
687 32.195 42.9815
603 32.195 42.9815
413 32.195 42.9815
619 32.195 42.9815
525 32.195 42.9815
151 32.195 42.9815
543 32.195 42.9815
475 32.195 42.9815
706 32.195 42.9815
414 32.195 42.9815
908 32.195 42.9815
633 32.195 42.9815
342 36.1358 41.9286
210 36.415 41.8542
191 36.639 41.7945
913 36.8574 41.7363
778 37.1516 41.6578
566 37.4633 41.5747
49 37.7591 41.4958
269 38.0657 41.4141
452 38.7248 41.2382
508 39.3404 41.0741
862 40.2666 40.8269
917 41.2056 40.5764
512 42.1851 40.315
848 43.157 40.0557
155 44.1104 39.8013
945 45.0992 39.5375
790 46.0968 39.2713
555 47.1666 38.9858
7 47.1666 38.9858
935 47.4068 39.0567
716 47.6559 39.1303
69 47.8848 39.1979
276 48.1014 39.2619
19 48.3102 39.3236
472 48.5234 39.3865
197 48.7197 39.4445
257 48.9073 39.5
853 49.1249 39.5642
692 49.4096 39.6483
843 49.8 39.7636
492 50.1287 39.8607
844 50.4131 39.9447
55 50.7031 40.0304
870 50.8442 40.1
785 50.9703 40.1623
27 51.1119 40.2321
751 51.2485 40.2996
781 51.3879 40.3683
421 51.4967 40.4221
906 51.6316 40.4886
865 51.754 40.5491
634 51.9021 40.6221
828 52.0319 40.6862
377 52.1598 40.7493
458 52.2792 40.8082
355 52.3984 40.8671
209 52.5102 40.9223
250 52.7446 41.0379
45 54.1221 41.7178
358 54.8525 42.0782
930 55.4904 42.3931
594 56.1623 42.7247
681 56.7957 43.0373
66 57.5961 43.4323
188 58.5892 43.9224
262 58.8279 43.9513
875 59.082 43.982
675 59.3529 44.0147
519 59.5841 44.0426
644 59.846 44.0743
623 60.0764 44.1021
63 60.3178 44.1312
821 60.6062 44.1661
978 62.3607 44.6199
745 64.8084 45.253
323 65.0849 45.3246
117 65.3429 45.3913
232 65.6281 45.4651
606 65.8844 45.5313
143 66.1489 45.5998
396 66.3959 45.6637
485 66.7344 45.7512
43 67.0579 45.8349
217 67.4292 45.9309
314 67.9339 46.0615
842 68.4486 46.1946
942 68.9737 46.3304
190 69.4674 46.4581
583 69.9867 46.5924
357 70.4158 46.7034
941 70.9585 46.8438
656 71.3932 46.9562
592 71.7774 47.0556
920 72.1422 47.1499
102 72.4494 47.2294
850 72.7888 47.3172
926 73.1079 47.3997
609 73.466 47.4923
70 73.8001 47.5788
553 74.2285 47.6896
670 74.6392 47.7958
466 75.0726 47.9079
334 75.5226 48.0243
767 75.5226 48.0243
684 84.8012 48.4824
170 84.8853 48.4731
274 84.9525 48.4657
838 85.0256 48.4577
967 85.0973 48.4498
835 85.1776 48.441
242 85.2485 48.4332
29 85.318 48.4256
977 85.4473 48.4114
506 85.5859 48.3961
387 85.7139 48.3821
884 85.8581 48.3662
136 85.9881 48.3519
932 86.1127 48.3382
425 86.2485 48.3233
198 86.4062 48.306
951 86.5597 48.2891
195 86.7035 48.2733
520 86.8775 48.2542
497 88.0303 48.5173
107 87.9243 46.6568
33 87.3975 37.4097
590 87.1677 33.3767
98 86.9187 29.0063
627 86.4937 21.5454
243 86.3344 18.7503
260 86.2684 17.5916
483 86.2684 17.5916
345 85.086 18.0459
979 83.4191 18.6864
