0,483,979,243,345,627,260,33,590,98,520,497,932,684,835,136,242,977,838,170,425,198,920,387,884,951,107,506,334,609,745,274,195,842,967,323,29,767,670,656,553,941,45,143,926,466,583,644,592,485,117,942,232,606,850,70,102,314,357,190,821,675,396,43,355,828,85,623,197,870,458,781,63,69,250,844,421,66,875,276,751,785,19,634,681,27,716,262,594,865,978,935,843,945,342,930,358,519,356,472,377,492,217,906,586,452,848,257,191,778,512,480,853,210,522,706,194,783,49,508,664,529,302,790,566,687,811,913,37,543,679,278,535,603,655,748,475,461,525,388,862,723,619,413,155,237,917,269,397,11,438,414,876,869,549,324,688,180,147,692,38,7,151,989,403,633,545,809,137,34,901,30,705,267,89,501,79,233,59,788,599,382,621,891,735,127,897,54,929,912,640,971,365,507,571,533,451,454,493,720,574,927,965,359,903,390,878,349,587,291,596,252,327,226,171,733,922,308,404,689,56,510,730,21,591,846,724,526,910,266,645,537,789,729,662,80,888,804,957,410,976,756,604,471,104,540,839,370,186,134,175,765,513,515,762,432,791,986,857,112,109,968,582,94,923,101,144,732,523,855,683,676,264,315,350,577,498,281,793,161,91,235,715,597,779,964,798,459,163,225,484,576,617,769,188,293,238,509,810,987,743,625,35,632,782,440,907,282,894,453,558,605,668,538,647,671,173,800,9,286,921,468,84,216,208,393,847,420,478,18,395,904,340,975,650,744,801,900,110,595,837,152,51,579,290,867,67,332,71,378,460,417,832,383,297,727,937,818,83,481,654,385,68,962,201,852,372,685,311,528,322,648,889,660,25,742,204,740,450,820,983,893,864,725,473,928,135,775,285,465,494,159,580,622,666,544,185,477,464,817,251,145,813,854,845,620,823,318,149,158,52,353,42,992,273,562,313,567,248,539,980,952,375,774,12,880,861,746,940,193,317,229,305,343,911,882,754,814,62,177,931,511,344,713,202,816,896,165,856,642,335,541,369,259,802,23,280,156,532,584,319,947,408,961,320,659,624,851,40,636,826,530,105,895,690,434,415,245,984,82,406,536,5,564,755,559,737,179,140,563,516,126,367,887,575,618,118,874,569,120,974,840,189,294,389,239,231,309,241,265,146,613,877,866,416,206,807,181,124,270,766,763,548,292,808,392,614,795,738,649,752,872,437,394,72,561,428,139,129,448,22,53,449,215,707,960,223,172,230,2,256,470,608,115,697,806,431,776,918,859,16,757,73,550,761,786,773,430,296,41,638,490,954,919,521,871,167,28,76,20,60,58,271,456,141,593,768,631,253,672,696,92,611,15,714,227,418,96,409,333,150,441,424,368,833,578,36,491,44,610,306,712,183,753,651,885,988,213,678,200,39,386,95,916,399,803,360,446,693,759,426,792,17,93,462,780,153,288,380,699,750,300,570,316,711,447,736,719,568,637,868,247,615,718,469,827,301,203,405,169,199,1,914,435,236,547,969,13,249,628,50,138,106,108,364,401,444,557,815,695,933,973,442,982,495,31,325,244,585,892,263,905,304,240,953,658,88,90,554,955,75,546,48,890,445,479,970,178,376,879,886,635,944,443,560,433,275,950,830,184,321,436,113,168,255,601,728,77,132,298,825,99,665,657,734,429,946,81,400,326,97,14,517,607,346,726,860,482,487,411,939,764,277,760,966,503,196,991,361,600,680,552,924,948,114,556,551,192,272,220,630,224,339,703,207,500,694,338,796,667,119,131,3,739,524,162,381,398,457,371,772,747,686,374,639,427,502,717,701,799,784,589,234,219,130,347,214,925,422,122,531,981,329,57,805,222,797,142,938,218,496,565,758,303,691,336,542,279,166,489,182,312,863,128,956,463,771,47,698,391,663,534,708,373,352,341,116,770,527,909,858,154,731,78,212,174,990,949,841,476,228,936,749,505,908,652,123,157,972,283,10,423,849,677,46,499,958,330,616,100,328,700,384,148,331,612,899,133,572,474,455,32,268,205,121,74,673,836,4,794,299,602,829,125,514,486,898,943,661,87,86,65,985,258,741,187,402,211,412,881,674,61,254,963,641,710,629,8,702,902,366,348,488,722,682,588,362,646,812,221,626,709,363,26,64,284,669,307,407,822,915,354,643,834,246,883,111,573,934,824,787,261,704,287,439,467,351,160,379,518,164,289,310,337,653,209,55,555,873,6,419,103,721,831,819,176,581,24,777,959,598,504,295,
value : 393.052 running time : 4910.928835
0 80 20
483 86.2684 17.5916
979 86.2684 17.5916
243 86.2684 17.5916
345 86.2684 17.5916
627 86.2684 17.5916
260 86.2684 17.5916
33 86.6809 28.2193
590 86.8059 31.4408
98 86.9021 33.9206
520 87.0978 38.9636
497 87.4876 49.0051
932 87.0965 48.972
684 86.7744 48.9447
835 86.4489 48.9171
136 86.1679 48.8933
242 85.8813 48.869
977 85.5949 48.8447
838 85.3132 48.8209
170 85.0454 48.7982
425 84.7148 48.7702
198 84.4541 48.7481
920 84.1727 48.7242
387 83.9211 48.7029
884 83.6896 48.6833
951 83.4277 48.6611
107 83.162 48.6386
506 82.8495 48.6121
334 77.6391 48.1706
609 76.971 48.0138
745 76.3595 47.8703
274 75.7943 47.7376
195 75.1869 47.595
842 74.5207 47.4387
967 74.1002 47.34
323 73.5909 47.2204
29 73.1502 47.117
767 72.6915 47.0093
670 72.325 46.9233
656 71.966 46.839
553 71.539 46.7388
941 71.0958 46.6347
45 70.4688 46.4876
143 70.1569 46.4144
926 69.855 46.3435
466 69.5627 46.2749
583 69.2562 46.2029
644 68.8868 46.1162
592 68.584 46.0452
485 68.1965 45.9542
117 67.8862 45.8814
942 67.6035 45.815
232 67.2834 45.7399
606 66.9426 45.6599
850 66.6373 45.5882
70 66.1368 45.4707
102 65.6627 45.3595
314 64.981 45.1994
357 64.3295 45.0465
190 63.6949 44.8975
821 60.4408 44.1336
675 60.0191 44.0608
396 59.5816 43.9852
43 59.1457 43.9099
355 58.7055 43.8338
828 58.2768 43.7598
85 57.8484 43.6857
623 57.3627 43.6018
197 56.8861 43.5195
870 56.4666 43.447
458 56.0604 43.3768
781 55.654 43.3066
63 53.606 42.9527
69 51.6834 42.6205
250 49.8896 42.3106
844 49.8896 42.3106
421 49.8896 42.3106
66 49.8896 42.3106
875 49.8896 42.3106
276 49.8896 42.3106
751 49.8896 42.3106
785 49.8896 42.3106
19 49.8896 42.3106
634 49.8896 42.3106
681 49.8896 42.3106
27 49.8896 42.3106
716 49.8896 42.3106
262 49.8896 42.3106
594 49.8896 42.3106
865 49.8896 42.3106
978 49.8896 42.3106
935 49.8896 42.3106
843 49.8896 42.3106
945 49.8896 42.3106
342 49.8896 42.3106
930 49.8896 42.3106
358 49.8896 42.3106
519 49.4993 42.3264
356 49.0094 42.3462
472 48.6382 42.3613
377 48.3 42.375
492 47.6504 42.4013
217 47.0235 42.4267
906 45.6554 42.4821
586 44.0116 42.5487
452 43.5015 42.5694
848 42.9926 42.59
257 42.4364 42.6126
191 41.8892 42.6347
778 41.4287 42.6534
512 41.1167 42.666
480 40.7614 42.6804
853 40.4181 42.6943
210 40.0892 42.7077
522 39.7235 42.7225
706 39.3435 42.7379
194 39.0103 42.7514
783 38.6187 42.7673
49 38.2515 42.7821
508 37.8775 42.7973
664 37.541 42.8109
529 37.2506 42.8227
302 36.9714 42.834
790 36.7267 42.8439
566 36.4352 42.8557
687 36.1 42.8693
811 35.7783 42.8824
913 35.4742 42.8947
37 35.1827 42.9065
543 34.9488 42.916
679 34.7342 42.9247
278 34.5086 42.9338
535 34.5034 42.934
603 34.4981 42.9343
655 34.4924 42.9345
748 34.4888 42.9346
475 34.485 42.9348
461 34.4815 42.9349
525 34.477 42.9351
388 34.4728 42.9353
862 34.4689 42.9354
723 34.4643 42.9356
619 34.4604 42.9358
413 34.4565 42.936
155 34.4528 42.9361
237 34.4485 42.9363
917 34.4439 42.9365
269 34.4388 42.9367
397 34.4336 42.9369
11 34.4289 42.9371
438 34.4246 42.9372
414 34.4205 42.9374
876 34.4165 42.9376
869 34.4119 42.9378
549 34.4056 42.938
324 34.1508 47.3436
688 34.1369 47.5833
180 34.1242 47.8038
147 34.1113 48.0262
692 34.0998 48.2255
38 34.0853 48.4751
7 34.0709 48.7236
151 34.0543 49.0113
989 34.0338 49.3658
403 34.0122 49.7393
633 33.9276 51.2012
545 33.8496 52.5505
809 33.7775 53.7975
137 33.7129 54.9144
34 33.6625 55.785
901 33.6419 56.1406
30 33.6229 56.4697
705 33.6036 56.8033
267 33.5841 57.1408
89 33.5647 57.4758
501 33.5426 57.8582
79 33.5285 58.101
233 33.5146 58.3418
59 33.5 58.5952
788 33.4843 58.8656
599 33.4693 59.1251
382 33.4555 59.3644
621 33.4427 59.5849
891 33.4134 60.0914
735 33.38 60.6683
127 33.3473 61.2341
897 33.3001 62.0498
54 33.2969 62.1054
929 33.2938 62.1588
912 33.2906 62.2156
640 33.2873 62.2728
971 33.2838 62.3332
365 33.2806 62.3876
507 33.2776 62.4406
571 33.2742 62.4986
533 33.2713 62.5485
451 33.2681 62.6042
454 33.1133 65.2804
493 33.1118 65.3057
720 33.11 65.3368
574 33.1081 65.3692
927 33.1066 65.3964
965 33.1052 65.4209
359 33.1038 65.4449
903 33.1023 65.4695
390 33.1009 65.4945
878 33.0994 65.5204
349 33.098 65.5441
587 33.0966 65.5686
291 33.0953 65.591
596 33.0938 65.6167
252 33.0922 65.6454
327 33.0908 65.669
226 33.0895 65.6916
171 33.0884 65.711
733 33.0872 65.7307
922 33.0861 65.7511
308 33.0844 65.7797
404 33.0828 65.8079
689 33.0812 65.835
56 33.08 65.8562
510 33.0787 65.8784
730 33.0769 65.9097
21 33.0755 65.9342
591 33.074 65.9595
846 33.0726 65.9835
724 33.0711 66.0089
526 33.0697 66.0332
910 33.0685 66.0551
266 33.0671 66.0793
645 33.0659 66.1004
537 33.0643 66.1267
789 33.0643 66.1267
729 33.0643 66.1267
662 33.0643 66.1267
80 33.0643 66.1267
888 33.0643 66.1267
804 33.4215 66.1212
957 33.7187 66.1166
410 34.0785 66.111
976 34.376 66.1064
756 34.6113 66.1028
604 35.1402 66.0946
471 36.9845 66.0661
104 38.3577 66.0448
540 39.7735 66.023
839 41.1102 66.0023
370 44.0882 65.9563
186 49.9296 65.8659
134 49.9296 65.8659
175 49.9296 65.8659
765 49.9296 65.8659
513 49.9474 65.8726
515 49.9637 65.8788
762 49.9812 65.8855
432 49.9974 65.8917
791 50.0141 65.898
986 50.0315 65.9046
857 50.0498 65.9116
112 50.0677 65.9184
109 50.0843 65.9247
968 50.1004 65.9308
582 50.1171 65.9372
94 50.1324 65.943
923 50.146 65.9482
101 50.1613 65.954
144 50.1773 65.9601
732 50.1931 65.9661
523 50.2111 65.973
855 50.23 65.9801
683 50.2464 65.9864
676 50.2645 65.9933
264 50.2832 66.0004
315 50.3056 66.0089
350 50.3217 66.015
577 50.3796 66.037
498 50.4357 66.0584
281 50.4966 66.0816
793 50.5683 66.1089
161 50.6363 66.1347
91 50.7009 66.1593
235 50.7569 66.1806
715 50.8113 66.2013
597 50.8759 66.2259
779 50.9483 66.2534
964 51.0243 66.2823
798 51.0854 66.3056
459 51.1451 66.3283
163 51.2135 66.3543
225 51.2935 66.3848
484 51.3785 66.4171
576 51.4583 66.4474
617 51.7653 66.5643
769 52.0501 66.6726
188 52.2867 66.7626
293 52.5781 66.8735
238 52.8351 66.9712
509 53.0632 67.058
810 53.2326 67.1225
987 53.4167 67.1925
743 53.5723 67.2517
625 53.7547 67.3211
35 53.9386 67.391
632 54.1235 67.4614
782 54.3135 67.5337
440 54.4982 67.604
907 54.67 67.6693
282 54.8211 67.7268
894 54.9788 67.7868
453 55.2229 67.8796
558 55.4674 67.9727
605 55.8107 68.1033
668 56.1172 68.2199
538 56.3984 68.3269
647 56.6762 68.4325
671 56.9443 68.5346
173 57.203 68.633
800 57.4333 68.7206
9 57.6646 68.8086
286 57.8806 68.8908
921 58.2479 69.0305
468 58.6523 69.1843
84 59.0827 69.3481
216 59.5494 69.5256
208 60.7866 69.9963
393 62.1098 70.4997
847 63.3661 70.9776
420 64.6505 71.4663
478 64.9028 71.606
18 65.1831 71.7613
395 65.4467 71.9073
904 65.6992 72.0472
340 65.9513 72.1868
975 66.2226 72.3371
650 66.4705 72.4745
744 66.7424 72.625
801 66.9973 72.7662
900 67.2615 72.9126
110 67.5156 73.0533
595 67.7664 73.1923
837 68.0591 73.3544
152 68.3348 73.5071
51 68.6126 73.661
579 68.8927 73.8161
290 69.1548 73.9613
867 69.4221 74.1094
67 69.6972 74.2618
332 70.0196 74.4404
71 70.038 74.4506
378 70.0555 74.4602
460 70.0742 74.4706
417 70.0966 74.483
832 70.114 74.4926
383 70.1353 74.5045
297 70.1546 74.5151
727 70.1738 74.5258
937 70.1958 74.5379
818 70.2163 74.5493
83 70.235 74.5597
481 70.2536 74.57
654 70.2712 74.5797
385 70.2902 74.5903
68 70.3072 74.5997
962 70.8902 74.9226
201 71.4883 75.2539
852 72.5812 75.8593
372 85.9989 83.2914
685 85.9989 83.2914
311 85.9989 83.2914
528 85.9989 83.2914
322 85.9989 83.2914
648 85.9989 83.2914
889 85.9989 83.2914
660 85.9989 83.2914
25 85.9989 83.2914
742 85.9989 83.2914
204 85.9989 83.2914
740 85.9989 83.2914
450 85.9989 83.2914
820 82.4043 87.0981
983 81.5225 88.032
893 81.5154 88.0395
864 81.509 88.0463
725 81.5024 88.0533
473 81.4955 88.0607
928 81.4873 88.0693
135 79.2018 88.126
775 77.7708 88.1614
285 76.6815 88.1884
465 75.8139 88.2099
494 75.1041 88.2275
159 74.3509 88.2461
580 73.5505 88.2659
622 72.4558 88.2931
666 71.5194 88.3163
544 70.522 88.341
185 69.5671 88.3646
477 69.1728 88.3744
464 68.7993 88.3836
817 68.4424 88.3925
251 68.1033 88.4009
145 67.7464 88.4097
813 67.3962 88.4184
854 67.0199 88.4277
845 66.6021 88.4381
620 66.1905 88.4483
823 65.7891 88.4582
318 65.3855 88.4682
149 64.9356 88.4793
158 64.2977 88.4951
52 63.5408 88.5139
353 62.7446 88.5336
42 60.9819 88.5773
992 58.9243 88.6283
273 56.5077 88.6882
562 52.4399 88.789
313 52.4075 88.7898
567 52.3757 88.7906
248 52.3346 88.7916
539 52.3006 88.7925
980 52.2723 88.7932
952 52.2406 88.794
375 52.2068 88.7948
774 52.1734 88.7956
12 52.1402 88.7964
880 52.1026 88.7974
861 52.0645 88.7983
746 52.0275 88.7992
940 51.9931 88.8001
193 51.9595 88.8009
317 51.9325 88.8016
229 51.8967 88.8025
305 51.8569 88.8035
343 51.8224 88.8043
911 51.7944 88.805
882 51.7596 88.8059
754 51.7251 88.8067
814 51.6881 88.8076
62 51.6585 88.8084
177 51.6305 88.8091
931 51.5956 88.8099
511 51.543 88.8112
344 51.4949 88.8124
713 51.4441 88.8137
202 51.4043 88.8147
816 51.359 88.8158
896 51.3057 88.8171
165 51.2502 88.8185
856 51.2077 88.8195
642 51.1586 88.8208
335 51.1143 88.8219
541 51.0643 88.8231
369 51.0221 88.8241
259 50.973 88.8254
802 50.9201 88.8267
23 50.878 88.8277
280 50.8308 88.8289
156 50.7824 88.8301
532 50.7377 88.8312
584 50.6959 88.8322
319 50.6437 88.8335
947 50.5985 88.8346
408 50.5513 88.8358
961 50.5051 88.837
320 50.4597 88.8381
659 50.4149 88.8392
624 50.3758 88.8402
851 50.3341 88.8412
40 50.2896 88.8423
636 50.2411 88.8435
826 50.1935 88.8447
530 50.1481 88.8458
105 50.106 88.8469
895 50.0667 88.8478
690 50.0286 88.8488
434 49.9846 88.8499
415 49.9403 88.851
245 49.8948 88.8521
984 49.8503 88.8532
82 49.7284 88.8562
406 49.6275 88.8587
536 49.524 88.8613
5 49.4175 88.8639
564 49.3233 88.8662
755 49.2323 88.8685
559 49.1457 88.8706
737 49.0715 88.8725
179 48.9803 88.8747
140 48.8851 88.8771
563 48.7833 88.8796
516 48.689 88.882
126 48.5962 88.8843
367 48.5051 88.8865
887 48.4072 88.8889
575 48.2978 88.8917
618 47.4206 88.9134
118 46.4386 88.9377
874 43.6313 89.0073
569 42.0032 89.0476
120 40.6712 89.0806
974 40.3871 89.0877
840 40.1325 89.094
189 39.8659 89.1006
294 39.6249 89.1066
389 39.3574 89.1132
239 39.072 89.1203
231 38.7345 89.1286
309 38.4531 89.1356
241 38.1613 89.1428
265 37.8688 89.1501
146 37.5744 89.1574
613 37.2906 89.1644
877 37.0275 89.1709
866 36.7723 89.1772
416 36.4766 89.1846
206 36.1746 89.1921
807 35.853 89.2
181 35.4934 89.2089
124 35.1297 89.218
270 35.0675 89.2195
766 35.0049 89.221
763 34.9349 89.2228
548 34.8533 89.2248
292 34.7754 89.2267
808 34.6946 89.2287
392 34.6225 89.2305
614 34.551 89.2323
795 34.4 89.236
738 34.2626 89.2395
649 34.1185 89.243
752 33.9669 89.2468
872 33.8139 89.2506
437 33.6811 89.2539
394 33.5369 89.2575
72 33.3889 89.2611
561 33.2422 89.2648
428 33.0698 89.269
139 32.9289 89.2725
129 32.7801 89.2762
448 32.6186 89.2802
22 32.4542 89.2843
53 32.2937 89.2883
449 32.1216 89.2926
215 31.9293 89.2973
707 31.4953 89.3081
960 31.0562 89.319
223 30.6488 89.3291
172 30.2478 89.339
230 29.8095 89.3499
2 29.3332 89.3617
256 28.854 89.3736
470 28.3405 89.3863
608 27.7465 89.401
115 27.2881 89.4124
697 26.9965 89.4196
806 26.7108 89.4267
431 26.3469 89.4358
776 26.0532 89.443
918 25.9747 89.445
859 25.8821 89.4473
16 25.7946 89.4494
757 25.7019 89.4517
73 25.6145 89.4539
550 25.519 89.4563
761 25.4338 89.4584
786 25.3518 89.4604
773 25.2633 89.4626
430 25.1675 89.465
296 25.0801 89.4672
41 24.987 89.4695
638 24.9013 89.4716
490 24.8029 89.474
954 24.7138 89.4763
919 24.621 89.4786
521 24.5111 89.4813
871 24.4068 89.4839
167 24.3174 89.4861
28 24.2243 89.4884
76 24.1275 89.4908
20 24.0342 89.4931
60 23.9349 89.4956
58 23.8143 89.4986
271 23.717 89.501
456 23.585 89.5042
141 23.4702 89.5071
593 23.337 89.5104
768 23.2184 89.5133
631 23.1057 89.5161
253 22.9907 89.519
672 22.8714 89.5219
696 22.7402 89.5252
92 22.6203 89.5282
611 22.479 89.5317
15 22.315 89.5357
714 22.1778 89.5391
227 22.0425 89.5425
418 21.9268 89.5454
96 21.8074 89.5483
409 21.6706 89.5517
333 21.5396 89.555
150 21.2734 89.5616
441 20.961 89.5693
424 20.6603 89.5768
368 20.3673 89.584
833 20.0815 89.5911
578 19.802 89.5981
36 19.5276 89.6049
491 19.2307 89.6122
44 18.9311 89.6197
610 18.6312 89.6271
306 18.307 89.6351
712 17.4165 89.6572
183 16.5656 89.6783
753 15.6915 89.7
651 14.7766 89.7227
885 13.5782 89.7524
988 10.2521 89.8348
213 10.2537 89.8031
678 10.2553 89.77
200 10.2569 89.7383
39 10.2586 89.7032
386 10.2605 89.6653
95 10.2624 89.6271
916 10.2642 89.5917
399 10.2658 89.559
803 10.2673 89.5288
360 10.2689 89.4956
446 10.2703 89.4677
693 10.2718 89.438
759 10.2734 89.4052
426 10.2749 89.3743
792 10.2763 89.3458
17 10.2777 89.3189
93 10.2791 89.2887
462 10.2805 89.2607
780 10.2822 89.2263
153 10.2836 89.1996
288 10.2849 89.1726
380 10.2861 89.1481
699 10.2877 89.1154
750 10.2891 89.0871
300 10.291 89.0488
570 10.2928 89.013
316 10.2942 88.9837
711 10.2956 88.956
447 10.2973 88.9222
736 10.299 88.8871
719 10.3006 88.8543
568 10.3021 88.8244
637 10.3037 88.7918
868 10.3053 88.7605
247 10.3071 88.723
615 10.309 88.6847
718 10.3106 88.6537
469 10.3121 88.6228
827 10.3134 88.5969
301 10.3151 88.5623
203 10.3168 88.5275
405 10.3182 88.4997
169 10.3199 88.4657
199 10.3213 88.4363
1 10.3229 88.4052
914 10.3244 88.3749
435 10.3258 88.3461
236 10.3307 88.2461
547 10.3361 88.137
969 10.3408 88.0419
13 10.3455 87.9474
249 10.3511 87.8338
628 10.3562 87.7323
50 10.3607 87.6412
138 10.365 87.5544
106 10.3697 87.4589
108 10.3752 87.3464
364 10.3804 87.2426
401 10.3857 87.1355
444 10.3908 87.0314
557 10.3955 86.937
815 10.4005 86.8367
695 10.4052 86.7407
933 10.4096 86.6518
973 10.4144 86.5554
442 10.4198 86.4464
982 10.4255 86.3304
495 10.4312 86.2149
31 10.437 86.0984
325 10.4422 85.9938
244 10.4471 85.8942
585 10.4514 85.8083
892 10.4858 85.1119
263 10.518 84.4613
905 10.5527 83.7607
304 10.5851 83.1056
240 10.6268 82.262
953 10.6651 81.4887
658 10.9691 75.3444
88 10.971 75.2835
90 10.9728 75.2238
554 10.9751 75.1526
955 10.9774 75.0779
75 10.9797 75.0025
546 10.9822 74.9225
48 10.9849 74.8384
890 10.9877 74.7467
445 10.9907 74.6509
479 10.9934 74.5646
970 10.9963 74.471
178 10.9988 74.3899
376 11.0021 74.2852
879 11.0055 74.1767
886 11.0084 74.0842
635 11.012 73.968
944 11.0147 73.8822
443 11.0195 73.7274
560 11.0244 73.5716
433 11.0296 73.4034
275 11.0353 73.2216
950 11.0398 73.0758
830 11.044 72.9408
184 11.0492 72.7748
321 11.0548 72.5973
436 11.0604 72.416
113 11.0674 72.1909
168 11.0739 71.9852
255 11.0811 71.7541
601 11.0874 71.552
728 11.089 71.4992
77 11.0911 71.4315
132 11.093 71.3704
298 11.0947 71.3185
825 11.0964 71.2617
99 11.0985 71.1963
665 11.1004 71.1348
657 11.1023 71.0742
734 11.1044 71.0077
429 11.1062 70.9491
946 11.1081 70.8888
81 11.1102 70.821
400 11.112 70.7635
326 11.1138 70.7042
97 11.1158 70.6393
14 11.1177 70.5784
517 11.1196 70.518
607 11.1215 70.4595
346 11.1233 70.4012
726 11.1252 70.3379
860 11.1273 70.2725
482 11.1296 70.1977
487 11.1316 70.1342
411 11.134 70.0563
939 11.1361 69.9897
764 11.1383 69.9206
277 11.14 69.8642
760 11.142 69.8008
966 11.1437 69.7473
503 11.1454 69.6906
196 11.1474 69.6263
991 11.149 69.5774
361 11.1508 69.5181
600 11.1528 69.4555
680 11.1548 69.3904
552 11.1568 69.3267
924 11.1587 69.2669
948 11.1604 69.2102
114 11.1623 69.1495
556 11.1639 69.0994
551 11.1658 69.0391
192 11.168 68.9662
272 11.1699 68.9056
220 11.1717 68.8483
630 11.1736 68.7879
224 11.1752 68.735
339 11.1772 68.6726
703 11.1797 68.5908
207 11.1817 68.5269
500 11.186 68.3907
694 11.1904 68.2499
338 11.1949 68.1044
796 11.1991 67.9693
667 11.204 67.8124
119 11.2092 67.6467
131 11.2144 67.4789
3 11.2191 67.3297
739 11.2236 67.1849
524 11.2279 67.0474
162 11.2318 66.9214
381 11.2361 66.7855
398 11.2405 66.6433
457 11.2447 66.5084
371 11.2501 66.3364
772 11.2553 66.1681
747 11.2597 66.0267
686 11.2635 65.9053
374 11.2676 65.7744
639 11.2726 65.6128
427 11.2822 65.3048
502 11.2918 64.9976
717 11.3018 64.677
701 11.3116 64.3652
799 11.3291 63.8014
784 11.3481 63.1948
589 11.3663 62.611
234 11.3828 62.0824
219 11.3987 61.5706
130 11.4169 60.988
347 11.4365 60.3584
214 11.4586 59.6509
925 11.477 59.061
422 11.4953 58.4753
122 11.5127 57.9157
531 11.5227 57.5975
981 11.5331 57.2643
329 11.5441 56.9101
57 11.5582 56.4588
805 11.5704 56.0665
222 11.5825 55.6794
797 11.5931 55.3396
142 11.5995 55.1328
938 11.6057 54.936
218 11.6118 54.7383
496 11.6187 54.5185
565 11.6244 54.3373
758 11.6308 54.1294
303 11.6365 53.947
691 11.6424 53.7592
336 11.6488 53.5552
542 11.6553 53.3441
279 11.6615 53.1461
166 11.6676 52.9501
489 11.6746 52.7255
182 11.6815 52.506
312 11.6885 52.2797
863 11.6944 52.0905
128 11.6964 52.029
956 11.6981 51.9719
463 11.7003 51.9013
771 11.7025 51.8332
47 11.7044 51.7725
698 11.7064 51.7064
391 11.7086 51.6365
663 11.7108 51.5662
534 11.7127 51.5067
708 11.7145 51.4486
373 11.7166 51.3792
352 11.7187 51.3121
341 11.7209 51.2429
116 11.723 51.1761
770 11.7252 51.1041
527 11.7271 51.0447
909 11.7293 50.9742
858 11.7314 50.9047
154 11.7338 50.8292
731 11.7362 50.7532
78 11.7384 50.6821
212 11.74 50.6287
174 11.7416 50.5795
990 11.7433 50.5228
949 11.7449 50.4735
841 11.7464 50.4243
476 11.7481 50.3705
228 11.7496 50.3207
936 11.751 50.2765
749 11.7526 50.2264
505 11.7542 50.1757
908 11.7559 50.1204
652 11.7576 50.0665
123 11.7593 50.0119
157 11.7608 49.9619
972 11.7626 49.9051
283 11.7648 49.8334
10 11.7661 49.7932
423 11.7671 49.7603
849 11.768 49.7315
677 11.8208 48.04
46 11.892 45.7542
499 11.9565 43.6865
958 11.9713 43.2102
330 11.9857 42.7505
616 11.9996 42.3024
100 12.0137 41.8524
328 12.0378 41.0775
700 12.3064 39.4422
384 12.5554 37.9257
148 12.8381 36.2044
331 13.3598 33.028
612 13.3629 33.0089
899 13.3663 32.9881
133 13.37 32.9655
572 13.3739 32.9417
474 13.3778 32.9182
455 13.3812 32.8974
32 13.3829 32.8871
268 13.3851 32.874
205 13.387 32.862
121 13.3892 32.8489
74 13.3913 32.8361
673 13.3934 32.8229
836 13.3954 32.811
4 13.3973 32.7992
794 13.3993 32.7872
299 13.4013 32.7754
602 13.4031 32.7643
829 13.4048 32.7539
125 13.4066 32.743
514 13.4085 32.731
486 13.4106 32.7186
898 12.3887 28.3373
943 12.4001 28.0966
661 12.4112 27.864
87 12.4208 27.6627
86 12.4314 27.4397
65 12.4583 26.8741
985 12.5219 25.5391
258 12.6235 23.4034
741 12.7338 21.084
187 12.8394 18.8658
402 12.8536 18.7058
211 12.8692 18.5307
412 12.8834 18.3717
881 12.8988 18.1983
674 12.9144 18.0234
61 12.9298 17.8504
254 12.9445 17.6854
963 12.9592 17.5199
641 12.9757 17.3349
710 12.9951 17.1169
629 13.023 16.8037
8 13.0437 16.5709
702 13.0598 16.3901
902 13.0783 16.1823
366 13.1001 15.938
348 13.121 15.7035
488 13.1433 15.4524
722 13.161 15.2543
682 13.1708 15.1438
588 13.181 15.0292
362 13.1917 14.9098
646 13.2027 14.7855
812 13.2132 14.6682
221 25.8621 16.5859
626 26.7062 16.7139
709 27.4384 16.8249
363 28.1286 16.9296
26 28.7689 17.0267
64 29.0841 17.0745
284 29.4147 17.1246
669 29.7788 17.1798
307 30.1576 17.2372
407 30.5534 17.2972
822 30.8995 17.3497
915 31.1997 17.3952
354 31.5774 17.4525
643 33.0781 17.68
834 35.8767 18.1043
246 35.8767 18.1043
883 35.8767 18.1043
111 35.8767 18.1043
573 35.8767 18.1043
934 35.8767 18.1043
824 35.8767 18.1043
787 35.8767 18.1043
261 35.8767 18.1043
704 35.8767 18.1043
287 35.8767 18.1043
439 35.8767 18.1043
467 36.5942 18.0686
351 37.0916 18.0438
160 37.6462 18.0162
379 39.3862 17.9296
518 42.6945 17.7648
164 44.057 17.7528
289 44.7305 17.7469
310 45.3432 17.7415
337 46.0879 17.735
653 47.09 17.7262
209 48.1269 17.7171
55 53.1072 17.1257
555 53.7234 17.0525
873 54.7254 16.9336
6 56.673 16.7023
419 57.8721 16.5599
103 62.6022 15.9982
721 63.7344 16.2587
831 64.2138 16.3689
819 64.932 16.5341
176 65.6573 16.701
581 66.3954 16.8708
24 67.1886 17.0532
777 67.9286 17.2234
959 68.9147 17.4502
598 70.2201 17.7505
504 71.6122 18.0707
295 73.2489 18.4472
