0,260,483,627,243,979,345,520,33,835,590,98,745,506,951,107,884,274,198,242,425,136,838,977,967,195,497,387,920,684,170,592,334,932,656,767,553,70,926,941,942,850,583,102,606,609,670,29,232,323,485,117,143,466,842,190,85,188,262,623,634,519,396,217,644,357,45,675,821,314,781,472,55,751,978,492,935,43,681,785,716,844,865,945,377,27,828,197,355,594,421,250,358,209,790,566,906,989,458,870,875,66,276,356,843,555,930,63,848,69,452,257,19,342,692,853,783,586,191,210,723,869,811,155,549,612,529,11,388,37,7,438,403,194,180,480,147,913,908,748,876,679,688,522,38,687,603,413,619,525,151,543,475,706,414,655,633,237,49,269,508,862,917,512,664,535,324,302,778,397,981,729,89,359,34,891,929,461,733,545,233,956,79,705,382,574,59,104,493,910,640,901,99,526,924,537,888,587,266,510,720,507,662,756,30,454,809,971,308,878,21,267,599,501,788,957,846,645,56,349,922,390,576,596,291,171,732,137,839,604,591,927,965,735,459,365,730,689,903,175,765,404,571,533,327,370,226,912,789,897,724,252,410,163,976,54,683,540,161,743,894,453,986,471,350,216,144,804,264,715,127,779,676,80,621,597,101,484,791,921,225,109,281,923,208,857,782,513,810,432,617,515,800,238,558,315,94,468,84,35,987,632,282,647,186,523,235,855,134,605,847,625,907,538,668,91,793,9,832,173,440,293,762,964,112,286,582,577,769,968,498,798,420,727,395,152,837,481,68,110,378,595,867,51,297,340,744,83,650,509,478,975,460,801,385,67,654,18,818,290,579,900,393,383,71,937,852,904,962,201,450,332,372,740,685,528,204,473,311,725,889,25,660,928,322,135,159,893,983,580,820,417,742,775,864,648,464,42,149,353,544,465,285,251,145,813,854,845,620,823,318,666,158,52,494,622,817,671,737,273,320,713,408,746,82,12,165,992,532,177,536,896,375,140,816,369,541,335,516,126,367,887,229,861,575,618,118,802,940,563,313,567,477,931,642,856,280,584,202,156,980,344,317,880,911,193,984,562,343,305,659,624,851,40,636,826,530,105,895,774,62,511,952,690,434,415,245,754,185,23,882,961,259,179,755,448,294,807,241,752,309,206,239,389,416,866,877,613,974,874,129,814,707,5,539,319,840,248,947,564,406,559,53,292,270,960,786,139,766,271,428,738,392,231,394,181,172,437,470,795,265,763,614,189,561,256,215,72,449,649,569,223,2,548,22,124,859,808,146,60,631,651,28,167,430,918,288,491,773,872,696,638,306,44,141,92,120,296,41,20,885,230,954,610,753,16,333,456,418,96,409,919,150,441,424,368,833,36,76,184,608,714,73,50,360,15,462,712,521,697,183,253,611,757,672,58,593,871,490,933,93,806,761,768,227,827,699,444,153,776,973,13,442,244,17,711,719,568,399,115,718,236,380,200,678,750,39,914,1,364,108,106,988,31,199,304,138,637,803,560,953,169,405,203,301,213,435,695,585,547,969,386,868,495,247,628,693,249,892,446,557,982,447,263,426,546,615,890,570,178,300,792,944,759,316,815,401,916,95,578,955,75,168,886,48,90,207,433,686,429,325,946,905,830,346,825,321,701,479,556,469,88,374,780,728,658,298,443,436,431,113,240,736,554,550,939,119,667,717,339,639,326,97,991,77,482,635,772,398,81,132,966,427,445,457,192,272,665,381,255,764,220,524,277,879,114,950,502,703,500,657,970,329,739,600,860,503,487,726,680,3,131,275,552,601,224,565,630,760,196,799,14,734,784,589,376,234,948,531,347,517,607,338,361,400,551,694,162,796,371,747,130,411,219,451,542,849,938,391,303,154,128,758,691,677,489,463,174,218,222,422,534,652,708,805,972,166,527,925,122,116,214,496,279,990,858,336,841,142,123,328,228,100,698,771,384,373,909,423,10,212,958,57,863,663,341,505,312,182,936,749,47,157,148,949,499,78,352,330,283,731,797,770,46,476,700,899,829,268,710,661,602,121,205,836,32,616,486,87,985,354,794,133,943,673,258,514,641,74,572,299,125,4,65,898,86,812,254,402,211,412,8,682,674,187,331,455,474,881,61,722,366,963,629,348,588,741,362,646,488,26,64,902,915,643,221,363,284,787,669,439,307,287,379,351,822,111,702,626,246,704,261,709,337,834,278,467,573,407,824,934,160,310,883,653,873,164,518,289,419,6,295,504,598,176,581,959,831,777,24,103,721,819,
value : 396.033 running time : 2393.135878
0 80 20
260 86.1871 17.6087
483 86.2828 17.605
627 86.3037 18.1477
243 86.3233 18.6579
979 86.3509 19.3743
345 86.493 23.0679
520 86.7178 28.9151
33 86.8074 31.2456
835 86.8881 33.3409
590 86.9422 34.7487
98 86.999 36.2233
745 87.1226 39.4376
506 87.4325 47.4942
951 87.438 47.6365
107 87.4432 47.7717
884 87.4476 47.8848
274 87.4513 47.9822
198 87.457 48.1296
242 87.4619 48.2567
425 87.4661 48.3663
136 87.4707 48.4868
838 87.4754 48.6092
977 87.4801 48.7307
967 87.4833 48.8125
195 87.4865 48.8974
497 87.4906 49.0022
387 86.4637 48.9149
920 85.6819 48.8484
684 85.0601 48.7955
170 83.7523 48.6842
592 80.2328 48.3848
334 77.5472 48.1564
932 76.2463 47.8727
656 74.7639 47.5494
767 73.7489 47.328
553 73.2517 47.2196
70 72.724 47.1046
926 72.302 47.0125
941 71.917 46.9286
942 71.4447 46.8256
850 71.0318 46.7355
583 70.5807 46.6372
102 70.0707 46.526
606 69.5777 46.4185
609 69.1587 46.3271
670 68.6685 46.2202
29 68.1665 46.1107
232 67.5831 45.9835
323 66.9908 45.8543
485 66.3944 45.7243
117 65.8486 45.6052
143 65.3371 45.4937
466 64.8177 45.3804
842 64.1352 45.2316
190 63.4484 45.0818
85 60.9364 44.534
188 59.4199 44.2032
262 59.2246 44.0939
623 59.0482 43.9952
634 58.8727 43.897
519 58.7072 43.8044
396 58.5453 43.7138
217 58.3664 43.6137
644 58.2007 43.521
357 58.019 43.4193
45 57.8252 43.3109
675 57.6253 43.199
821 57.4136 43.0806
314 56.0764 42.4717
781 54.4327 41.7233
472 52.4945 40.8408
55 50.7797 40.06
751 50.7544 40.0521
978 50.731 40.0448
492 50.7034 40.0361
935 50.6751 40.0272
43 50.6526 40.0202
681 50.6243 40.0113
785 50.5959 40.0024
716 50.5699 39.9942
844 50.5434 39.9859
865 50.5171 39.9777
945 50.4937 39.9704
377 50.4711 39.9632
27 50.4449 39.955
828 50.4184 39.9467
197 50.3895 39.9377
355 50.3641 39.9297
594 50.3369 39.9212
421 50.3026 39.9104
250 50.2754 39.9019
358 50.252 39.8945
209 50.2184 39.884
790 50.1892 39.8748
566 50.1631 39.8667
906 50.1401 39.8594
989 50.1129 39.8509
458 50.1129 39.8509
870 50.1129 39.8509
875 50.1129 39.8509
66 50.1129 39.8509
276 50.1129 39.8509
356 50.1129 39.8509
843 50.1129 39.8509
555 50.1129 39.8509
930 49.3354 40.0082
63 48.4321 40.1909
848 47.479 40.3838
69 46.595 40.5626
452 45.6873 40.7462
257 44.8353 40.9185
19 44.0569 41.076
342 43.0589 41.2779
692 42.0105 41.49
853 41.0367 41.6869
783 40.068 41.8829
586 39.2385 42.0507
191 37.9751 42.3063
210 36.619 42.5807
723 34.4926 43.011
869 33.951 43.1206
811 33.7394 43.1634
155 33.5401 43.2037
549 33.2567 43.261
612 33.0326 43.3064
529 33.0254 43.468
11 33.0176 43.6428
388 33.0102 43.8093
37 33.0029 43.9753
7 32.9957 44.136
438 32.9881 44.3078
403 32.9803 44.4842
194 32.9728 44.6518
180 32.9656 44.8142
480 32.9593 44.9557
147 32.9519 45.1231
913 32.9454 45.2686
908 32.9391 45.411
748 32.9329 45.5503
876 32.9262 45.7012
679 32.9202 45.8373
688 32.9124 46.0124
522 32.9058 46.1612
38 32.9 46.2926
687 32.8936 46.4357
603 32.8862 46.6025
413 32.88 46.7417
619 32.874 46.878
525 32.8679 47.0145
151 32.862 47.1478
543 32.8552 47.3017
475 32.8487 47.4473
706 32.8422 47.5933
414 32.8356 47.7424
655 32.8285 47.901
633 32.8145 48.218
237 32.8025 48.4877
49 32.7919 48.7256
269 32.7814 48.9631
508 32.7716 49.1829
862 32.7619 49.4028
917 32.7505 49.6588
512 32.7358 49.9896
664 32.7214 50.3138
535 32.6982 50.8365
324 32.6714 51.4412
302 32.6471 51.9886
778 32.6217 52.5596
397 32.5976 53.1037
981 32.4879 55.5722
729 32.4808 55.732
89 32.4745 55.8745
359 32.4674 56.0327
34 32.462 56.155
891 32.4569 56.2709
929 32.4512 56.3985
461 32.4457 56.5226
733 32.4399 56.6533
545 32.4347 56.7706
233 32.4291 56.8962
956 32.4236 57.0217
79 32.3724 58.1732
705 32.3255 59.2305
382 32.2725 60.4239
574 32.2198 61.6095
59 32.2008 62.0387
104 32.1774 62.5659
493 32.1533 63.1075
910 32.1266 63.7093
640 32.1054 64.1869
901 32.0804 64.7495
99 32.0511 65.4102
526 32.0511 65.4102
924 32.0511 65.4102
537 32.0511 65.4102
888 32.0671 65.4078
587 32.0837 65.4052
266 32.0999 65.4028
510 32.1169 65.4002
720 32.133 65.3977
507 32.1495 65.3952
662 32.167 65.3926
756 32.1833 65.3901
30 32.2006 65.3875
454 32.2141 65.3854
809 32.2301 65.383
971 32.2426 65.3811
308 32.2588 65.3786
878 32.2736 65.3764
21 32.2879 65.3742
267 32.3011 65.3722
599 32.3143 65.3702
501 32.3288 65.368
788 32.3436 65.3657
957 32.3583 65.3635
846 32.3726 65.3613
645 32.3909 65.3585
56 32.4081 65.3559
349 32.422 65.3538
922 32.4402 65.3511
390 32.4551 65.3488
576 32.4736 65.346
596 32.4885 65.3437
291 32.5038 65.3414
171 32.5189 65.3391
732 32.5333 65.3369
137 32.5452 65.3351
839 32.5583 65.3331
604 32.57 65.3313
591 32.5839 65.3292
927 32.5968 65.3272
965 32.6122 65.3249
735 32.6286 65.3224
459 32.6483 65.3194
365 32.6628 65.3172
730 32.6754 65.3153
689 32.6904 65.313
903 32.7053 65.3107
175 32.7239 65.3079
765 32.7399 65.3055
404 32.7539 65.3033
571 32.7671 65.3013
533 32.783 65.2989
327 32.7956 65.297
370 32.8139 65.2942
226 32.8139 65.2942
912 32.8139 65.2942
789 32.8139 65.2942
897 32.8139 65.2942
724 34.077 65.3396
252 35.1494 65.3782
410 36.2009 65.416
163 37.1202 65.4491
976 38.0097 65.4812
54 38.797 65.5095
683 39.6057 65.5387
540 40.4033 65.5674
161 41.1865 65.5956
743 41.1866 65.5956
894 41.1866 65.5956
453 41.1866 65.5956
986 41.1867 65.5956
471 41.1867 65.5956
350 41.1868 65.5956
216 41.1868 65.5956
144 41.1868 65.5956
804 41.1869 65.5956
264 41.1869 65.5956
715 41.187 65.5956
127 41.187 65.5956
779 41.7484 65.6186
676 42.3088 65.6415
80 42.8537 65.6637
621 43.4579 65.6884
597 44.0313 65.7119
101 44.5759 65.7342
484 45.0651 65.7541
791 45.5795 65.7752
921 46.0437 65.7941
225 46.4077 65.809
109 46.8204 65.8258
281 47.1954 65.8411
923 47.5825 65.8569
208 47.9426 65.8716
857 48.2636 65.8847
782 48.5858 65.8979
513 48.8278 65.9078
810 49.1021 65.9189
432 49.3367 65.9285
617 49.5597 65.9376
515 49.7926 65.9471
800 49.9966 65.9554
238 50.0432 65.9573
558 50.0795 65.9588
315 50.1266 65.9607
94 50.1684 65.9624
468 50.2117 65.9642
84 50.2559 65.966
35 50.3015 65.9678
987 50.3448 65.9696
632 50.3825 65.9711
282 50.4228 65.9728
647 50.4663 65.9745
186 50.4663 65.9745
523 50.7338 66.0781
235 51.0304 66.1929
855 51.3304 66.309
134 51.6328 66.426
605 51.9617 66.5533
847 52.2604 66.669
625 52.4781 66.7532
907 52.7249 66.8488
538 52.9564 66.9384
668 52.994 66.9529
91 53.0279 66.966
793 53.0627 66.9795
9 53.1069 66.9966
832 53.1479 67.0125
173 53.1833 67.0262
440 53.2146 67.0383
293 53.246 67.0505
762 53.2805 67.0638
964 53.3142 67.0769
112 53.3498 67.0907
286 53.382 67.1031
582 53.4189 67.1174
577 53.4515 67.13
769 53.4899 67.1449
968 53.5234 67.1578
498 53.5572 67.1709
798 55.682 67.9934
420 64.6347 71.4589
727 64.8767 71.5921
395 65.0954 71.7124
152 65.2745 71.8109
837 65.4446 71.9045
481 65.6012 71.9906
68 65.7278 72.0602
110 65.8826 72.1454
378 66.0217 72.2219
595 66.1587 72.2973
867 66.3205 72.3863
51 66.4763 72.472
297 66.6252 72.5539
340 66.7574 72.6267
744 66.9172 72.7145
83 67.0633 72.7949
650 67.1839 72.8613
509 67.3197 72.936
478 67.4607 73.0135
975 67.7699 73.1836
460 68.0222 73.3224
801 68.314 73.4829
385 68.6209 73.6518
67 68.8394 73.772
654 69.1028 73.9169
18 69.3717 74.0648
818 69.6555 74.221
290 69.8836 74.3464
579 70.1307 74.4824
900 70.3579 74.6073
393 70.5807 74.7299
383 70.9004 74.9058
71 71.1617 75.0495
937 71.4116 75.187
852 71.635 75.3099
904 71.8795 75.4444
962 72.1515 75.5941
201 72.4385 75.7519
450 84.7038 82.4993
332 84.7038 82.4993
372 86.011 83.5458
740 85.9669 83.5905
685 85.9303 83.6277
528 85.893 83.6654
204 85.8536 83.7053
473 85.8109 83.7486
311 85.7739 83.7861
725 85.7259 83.8348
889 85.6879 83.8732
25 85.6514 83.9102
660 85.6111 83.951
928 81.5909 88.0237
322 80.9107 88.0428
135 80.2329 88.0619
159 80.0162 88.068
893 79.8256 88.0734
983 79.6328 88.0788
580 76.5061 88.1665
820 76.0382 88.1797
417 75.5299 88.1941
742 75.0255 88.2084
775 74.5052 88.223
864 74.0158 88.2369
648 73.5174 88.251
464 72.8726 88.2691
42 72.4254 88.2818
149 72.0485 88.2924
353 71.6893 88.3026
544 71.3196 88.313
465 70.9715 88.3229
285 70.6244 88.3327
251 70.2773 88.3425
145 69.9326 88.3522
813 69.6019 88.3616
854 69.2536 88.3714
845 68.8794 88.382
620 68.5158 88.3923
823 68.1748 88.4019
318 67.838 88.4114
666 67.4966 88.4211
158 67.1255 88.4316
52 66.7373 88.4425
494 66.375 88.4528
622 64.1677 88.5148
817 61.7688 88.5823
671 58.8971 88.663
737 57.9775 88.6889
273 57.0705 88.7145
320 55.9585 88.7458
713 55.0273 88.7721
408 54.4786 88.7876
746 53.9522 88.8024
82 53.4667 88.8161
12 53.3905 88.8183
165 53.3064 88.8207
992 53.2355 88.8227
532 53.1374 88.8254
177 53.0543 88.8278
536 52.9448 88.8309
896 52.8508 88.8335
375 52.7477 88.8364
140 52.6784 88.8384
816 52.6075 88.8404
369 52.5225 88.8428
541 52.4278 88.8454
335 52.3509 88.8476
516 52.2602 88.8501
126 52.1801 88.8524
367 52.1055 88.8545
887 52.0303 88.8566
229 51.9517 88.8588
861 51.8594 88.8614
575 51.7785 88.8637
618 51.6856 88.8663
118 51.597 88.8688
802 51.5019 88.8715
940 51.5013 88.8715
563 51.5006 88.8715
313 51.5001 88.8715
567 51.4996 88.8716
477 51.499 88.8716
931 51.4984 88.8716
642 51.482 88.8721
856 51.4703 88.8724
280 51.4564 88.8728
584 51.4446 88.8732
202 51.4309 88.8736
156 51.416 88.874
980 51.4036 88.8743
344 51.3908 88.8747
317 51.3782 88.8751
880 51.363 88.8755
911 51.3497 88.8759
193 51.3334 88.8764
984 51.3212 88.8767
562 51.3035 88.8773
343 51.2893 88.8777
305 51.276 88.8781
659 51.263 88.8784
624 51.2519 88.8788
851 51.2391 88.8791
40 51.2254 88.8795
636 51.2105 88.88
826 51.1962 88.8804
530 51.1831 88.8808
105 51.1712 88.8811
895 51.1586 88.8815
774 51.1473 88.8818
62 51.1352 88.8821
511 51.1228 88.8825
952 51.1104 88.8829
690 51.0978 88.8832
434 51.0844 88.8836
415 51.0708 88.884
245 51.0576 88.8844
754 51.0454 88.8848
185 51.0336 88.8851
23 50.5138 88.9002
882 49.8449 88.9196
961 49.043 88.9429
259 48.3441 88.9632
179 47.41 88.9904
755 46.2665 89.0236
448 45.1469 89.0561
294 44.4722 89.0757
807 43.77 89.0961
241 43.1091 89.1153
752 42.5238 89.1323
309 42.4003 89.1359
206 42.2796 89.1394
239 42.1562 89.143
389 42.0214 89.1469
416 41.8866 89.1508
866 41.7518 89.1547
877 41.6046 89.159
613 41.4647 89.1631
974 41.3397 89.1667
874 41.2277 89.1699
129 41.111 89.1733
814 40.9928 89.1768
707 40.8517 89.1809
5 40.7359 89.1842
539 40.6171 89.1877
319 40.4998 89.1911
840 40.3674 89.1949
248 40.2476 89.1984
947 40.0981 89.2027
564 39.824 89.2107
406 39.5453 89.2188
559 39.035 89.2336
53 38.4429 89.2508
292 37.9035 89.2665
270 37.3215 89.2834
960 37.2007 89.2869
786 37.0663 89.2908
139 36.9498 89.2942
766 36.8298 89.2976
271 36.6891 89.3017
428 36.5552 89.3056
738 36.4387 89.309
392 36.3159 89.3126
231 36.1921 89.3162
394 36.0759 89.3195
181 35.9522 89.3231
172 35.8251 89.3268
437 35.6981 89.3305
470 35.5565 89.3346
795 35.4258 89.3384
265 35.3092 89.3418
763 35.1976 89.345
614 35.0737 89.3486
189 34.8615 89.3548
561 34.6577 89.3607
256 34.4232 89.3675
215 34.2165 89.3735
72 33.9834 89.3803
449 33.7617 89.3867
649 33.5181 89.3938
569 33.2563 89.4014
223 32.9758 89.4095
2 32.7156 89.4171
548 32.4697 89.4242
22 32.202 89.432
124 31.9116 89.4404
859 31.6257 89.4487
808 31.3932 89.4555
146 31.1521 89.4625
60 30.8681 89.4707
631 30.5945 89.4787
651 30.3253 89.4865
28 30.0976 89.4931
167 29.8738 89.4996
430 29.637 89.5064
918 29.4238 89.5126
288 29.1767 89.5198
491 28.9655 89.5259
773 28.8617 89.529
872 28.7422 89.5324
696 28.5881 89.5369
638 28.4539 89.5408
306 28.2962 89.5454
44 28.156 89.5494
141 28.0384 89.5529
92 27.9049 89.5567
120 27.7591 89.561
296 27.6176 89.5651
41 27.4625 89.5696
20 27.317 89.5738
885 27.1756 89.5779
230 27.0517 89.5815
954 26.8973 89.586
610 26.7234 89.591
753 26.5573 89.5958
16 26.4301 89.5995
333 26.279 89.6039
456 26.1292 89.6083
418 25.9972 89.6121
96 25.8674 89.6159
409 25.7219 89.6201
919 25.5952 89.6238
150 25.4332 89.6285
441 25.2526 89.6337
424 25.1025 89.6381
368 24.9495 89.6425
833 24.804 89.6467
36 24.6665 89.6507
76 24.5281 89.6548
184 24.3725 89.6593
608 24.3687 89.6594
714 24.365 89.6595
73 24.3613 89.6596
50 24.3568 89.6597
360 24.3524 89.6599
15 24.3483 89.66
462 24.3442 89.6601
712 24.3406 89.6602
521 24.3371 89.6603
697 24.3336 89.6604
183 24.3297 89.6605
253 24.3262 89.6606
611 24.3223 89.6607
757 24.3184 89.6608
672 24.3145 89.6609
58 24.3097 89.6611
593 24.3054 89.6612
871 24.3012 89.6613
490 24.2973 89.6614
933 24.2927 89.6616
93 24.2886 89.6617
806 24.2851 89.6618
761 22.1236 89.7245
768 19.9592 89.7873
227 17.4448 89.8604
827 14.8783 89.935
699 14.6981 89.9402
444 14.512 89.9456
153 14.3516 89.9502
776 14.214 89.9542
973 14.0565 89.9587
13 13.9008 89.9632
442 13.7348 89.968
244 13.5721 89.9727
17 13.3958 89.9778
711 13.2001 89.9835
719 13.0192 89.9887
568 12.8632 89.9932
399 12.7114 89.9976
115 12.5556 90.0021
718 12.3697 90.0075
236 12.2058 90.0122
380 12.0317 90.0172
200 11.867 90.022
678 11.6987 90.0268
750 11.5498 90.0311
39 11.3809 90.036
914 11.2303 90.0404
1 11.0844 90.0446
364 10.9288 90.0491
108 10.7742 90.0535
106 10.6186 90.058
988 10.4684 90.0624
31 10.4691 90.0562
199 10.4696 90.0516
304 10.4701 90.0468
138 10.4706 90.042
637 10.4711 90.037
803 10.4717 90.032
560 10.4722 90.0265
953 10.4727 90.0225
169 10.4732 90.0178
405 10.4736 90.0135
203 10.4742 90.0083
301 10.4746 90.004
213 10.4751 90
435 10.4986 89.7783
695 10.5293 89.4892
585 10.5554 89.244
547 10.5849 88.9659
969 10.6119 88.7118
386 10.6395 88.4519
868 10.6676 88.1881
495 10.7007 87.8761
247 10.7323 87.5783
628 10.7647 87.2737
693 10.7947 86.9915
249 10.8263 86.6941
892 10.8575 86.3999
446 10.8863 86.1295
557 10.9164 85.846
982 10.9479 85.5495
447 10.9791 85.2559
263 11.0137 84.9299
426 11.0509 84.5801
546 11.0859 84.2506
615 11.1201 83.929
890 11.1531 83.6184
570 11.1831 83.3355
178 11.2128 83.0558
300 11.2415 82.7856
792 11.2734 82.4855
944 11.3071 82.1683
759 11.3387 81.8708
316 11.369 81.5856
815 11.4019 81.2762
401 11.4369 80.9462
916 11.4742 80.5954
95 11.5145 80.216
578 11.558 79.8064
955 11.5599 79.396
75 11.5618 78.9859
168 11.5638 78.5319
886 11.5659 78.084
48 11.5679 77.6375
90 11.5698 77.2046
207 11.5717 76.7962
433 11.5717 76.7908
686 11.5717 76.7849
429 11.5718 76.7799
325 11.5718 76.7753
946 11.5718 76.7698
905 11.5718 76.7647
830 11.5719 76.7589
346 11.5719 76.7532
825 11.5719 76.7478
321 11.5719 76.7422
701 11.572 76.7365
479 11.572 76.7312
556 11.572 76.7261
469 11.572 76.7213
88 11.572 76.7158
374 11.5721 76.71
780 11.5721 76.7046
728 11.5721 76.6988
658 11.5721 76.6932
298 11.5722 76.6878
443 11.5722 76.6828
436 11.5722 76.6779
431 11.5722 76.6725
113 11.5723 76.6668
240 11.5723 76.6621
736 11.5723 76.6571
554 11.5737 76.3514
550 11.5751 76.0399
939 11.6015 70.1803
119 11.6016 70.1527
667 11.6018 70.1256
717 11.6019 70.1001
339 11.602 70.0789
639 11.6021 70.0516
326 11.6022 70.0266
97 11.6023 69.996
991 11.6025 69.9684
77 11.6026 69.937
482 11.6027 69.9121
635 11.6028 69.888
772 11.603 69.8546
398 11.6031 69.8268
81 11.6032 69.7976
132 11.6034 69.7696
966 11.6035 69.7441
427 11.6036 69.7169
445 11.6037 69.6892
457 11.6038 69.6612
192 11.604 69.6256
272 11.6041 69.5958
665 11.6043 69.567
381 11.6044 69.5364
255 11.6045 69.5046
764 11.6047 69.4742
220 11.6048 69.449
524 11.6049 69.417
277 11.605 69.3885
879 11.6052 69.3584
114 11.6053 69.3283
950 11.6054 69.3022
502 11.6056 69.2715
703 11.6057 69.2389
500 11.6058 69.2131
657 11.606 69.1837
970 11.6061 69.1492
329 11.6062 69.1174
739 11.6064 69.0895
600 11.6065 69.0649
860 11.6066 69.0393
503 11.6067 69.0096
487 11.6068 68.981
726 11.607 68.9481
680 11.6072 68.9125
3 11.6073 68.8775
131 11.6075 68.8451
275 11.6076 68.8167
552 11.6077 68.7864
601 11.6078 68.7559
224 11.608 68.7293
565 11.6092 68.4546
630 11.6098 68.3259
760 11.6104 68.1843
196 11.611 68.0562
799 11.6114 67.9465
14 11.612 67.8264
734 11.6126 67.693
784 11.6132 67.5543
589 11.6138 67.421
376 11.6143 67.3047
234 11.6148 67.186
948 11.6153 67.079
531 11.6159 66.9472
347 11.6164 66.8373
517 11.6168 66.7418
607 11.6172 66.6432
338 11.6177 66.5403
361 11.6181 66.4403
400 11.6186 66.3302
551 11.6191 66.2181
694 11.6201 65.9948
162 11.6211 65.7666
796 11.6221 65.535
371 11.6264 64.5762
747 11.6308 63.5787
130 11.6346 62.7062
411 11.6388 61.7717
219 11.6437 60.6538
451 11.6504 59.1483
542 11.6575 57.5419
849 11.6626 56.3829
938 11.6665 55.4863
391 11.6703 54.6401
303 11.6725 54.1351
154 11.675 53.5683
128 11.6772 53.0679
758 11.6775 53.0133
691 11.6777 52.9615
677 11.678 52.9039
489 11.6782 52.839
463 11.6785 52.7763
174 11.6788 52.7181
218 11.679 52.6636
222 11.6793 52.6009
422 11.6795 52.5449
534 11.6798 52.482
652 11.6801 52.4239
708 11.6803 52.3725
805 11.6806 52.3153
972 11.6808 52.2598
166 11.681 52.204
527 11.6813 52.1457
925 11.6816 52.0881
122 11.6818 52.0247
116 11.6856 51.1773
214 11.6886 50.5051
496 11.692 49.7363
279 11.6951 49.0302
990 11.6987 48.2094
858 11.7015 47.5887
336 11.7045 46.9169
841 11.7084 46.0322
142 11.7123 45.155
123 11.7174 43.989
328 11.7224 42.8798
228 11.7224 42.8798
100 11.7224 42.8798
698 11.7224 42.8798
771 11.7224 42.8798
384 11.7224 42.8798
373 11.7224 42.8798
909 11.7224 42.8798
423 11.7224 42.8798
10 11.7224 42.8798
212 11.7224 42.8798
958 11.7224 42.8798
57 11.7224 42.8798
863 11.7224 42.8798
663 11.7224 42.8798
341 11.7224 42.8798
505 11.7224 42.8798
312 11.7224 42.8798
182 11.7224 42.8798
936 11.7224 42.8798
749 11.7224 42.8798
47 11.7224 42.8798
157 11.7224 42.8798
148 11.7803 42.5055
949 11.8369 42.1395
499 11.8959 41.7583
78 11.9641 41.3178
352 12.0308 40.8872
330 12.1243 40.2827
283 12.2141 39.7028
731 12.2974 39.1645
797 12.383 38.6115
770 12.5148 37.7604
46 12.6555 36.8515
476 12.8018 35.9065
700 12.995 34.6588
899 13.1998 33.3363
829 13.2214 33.1968
268 13.244 33.0506
710 13.2657 32.9102
661 13.2869 32.7734
602 13.3052 32.6554
121 13.3213 32.551
205 13.3377 32.4454
836 13.3551 32.3326
32 13.3705 32.2336
616 13.3872 32.1252
486 13.4086 31.9871
87 13.345 31.3403
985 13.2748 30.626
354 13.1974 29.8395
794 13.1167 29.627
133 13.0482 29.4469
943 12.9821 29.273
673 12.9064 29.0741
258 12.8365 28.8903
514 12.7753 28.7291
641 12.7154 28.5718
74 12.6504 28.4009
572 12.5915 28.246
299 12.5333 28.0928
125 12.4817 27.9572
4 12.4139 27.7787
65 12.3572 27.6297
898 12.2627 27.3812
86 12.2722 26.9289
812 12.5182 15.1748
254 12.5182 15.1748
402 12.5182 15.1748
211 12.5182 15.1748
412 12.5182 15.1748
8 12.5182 15.1748
682 12.5182 15.1748
674 12.5182 15.1748
187 12.5182 15.1748
331 12.6085 15.1948
455 12.6976 15.2146
474 12.7933 15.2358
881 12.8598 15.2506
61 12.9334 15.2669
722 13.0186 15.2858
366 13.146 15.314
963 13.2496 15.337
629 13.4693 15.3857
348 13.7173 15.4407
588 13.9535 15.4931
741 14.1953 15.5468
362 14.4329 15.5994
646 14.7167 15.6624
488 19.0307 16.6191
26 27.5793 18.515
64 27.764 18.556
902 27.9337 18.5936
915 28.1252 18.6361
643 28.3109 18.6773
221 28.5156 18.7227
363 28.7061 18.7649
284 28.8825 18.804
787 29.0733 18.8464
669 29.236 18.8824
439 29.4168 18.9225
307 29.6256 18.9688
287 29.83 19.0142
379 29.9959 19.051
351 30.1313 19.081
822 30.2842 19.1149
111 30.4235 19.1458
702 30.5465 19.1731
626 30.6997 19.2071
246 30.8484 19.24
704 31.0195 19.278
261 31.1836 19.3144
709 31.3172 19.344
337 31.4724 19.3784
834 31.6162 19.4103
278 31.6376 19.4151
467 34.0535 19.0703
573 34.5501 18.9995
407 35.0362 18.9301
824 35.4985 18.8642
934 36.5531 18.7137
160 37.3879 18.5947
310 38.7323 18.4028
883 40.1034 18.2072
653 41.6979 17.9796
873 43.2121 17.7636
164 43.4991 17.7226
518 43.7347 17.689
289 47.179 17.376
419 51.6431 16.9705
6 56.8076 16.5014
295 57.8507 16.4066
504 58.6467 16.3342
598 59.2244 16.2817
176 59.6924 16.2391
581 60.1139 16.2008
959 60.5346 16.1625
831 60.9483 16.1249
777 61.4334 16.0808
24 61.9573 16.0332
103 62.4458 15.9888
721 67.2718 17.0916
819 69.3124 17.5579
