0,103,176,504,598,819,581,295,24,721,959,777,653,821,250,19,831,289,209,55,419,6,873,518,915,26,407,287,310,363,704,337,160,669,278,626,354,467,379,883,934,111,822,573,702,439,787,261,284,221,643,64,307,246,709,351,824,834,869,602,488,902,899,812,362,629,741,661,299,588,61,402,881,963,674,722,348,254,641,8,682,211,412,646,187,366,673,121,474,455,943,133,514,87,985,268,710,572,836,829,258,125,331,74,86,794,4,65,898,330,949,499,655,384,373,909,423,10,212,858,700,565,731,797,770,328,222,214,157,841,283,166,123,972,805,708,958,652,534,279,496,336,116,100,698,148,352,46,47,749,936,182,312,505,341,863,57,78,616,990,758,476,677,489,463,174,956,218,527,938,128,196,925,849,303,154,542,228,122,422,663,391,771,347,764,77,338,429,346,361,411,457,760,879,703,277,255,691,451,981,3,600,589,114,747,772,601,219,665,939,234,560,427,500,680,81,966,400,371,784,517,799,531,630,207,381,734,192,131,739,796,607,130,946,398,950,97,658,502,168,298,948,825,955,326,433,119,224,717,374,445,728,639,667,556,479,701,321,272,657,970,162,570,526,113,443,635,991,694,524,376,14,339,329,220,860,726,551,487,482,503,686,924,888,99,537,890,554,944,830,90,886,360,431,325,184,304,247,249,1,693,803,712,108,115,973,557,106,39,426,442,547,48,759,585,868,546,95,93,815,695,827,364,75,776,31,628,444,240,399,568,300,446,380,780,244,711,203,905,236,435,718,988,178,88,914,982,153,213,953,169,405,447,892,469,13,495,637,138,301,792,615,736,719,750,699,263,17,316,50,462,916,401,436,678,200,969,386,199,608,491,36,456,833,578,859,651,183,757,253,368,76,409,60,418,306,441,871,521,954,753,227,15,72,470,20,611,714,593,610,223,768,58,933,631,808,167,430,44,28,120,92,490,696,638,41,424,697,288,296,333,550,960,919,96,795,146,806,230,761,141,885,16,270,2,241,124,872,454,215,807,713,530,126,292,193,294,840,564,437,189,252,614,672,562,82,129,53,319,449,766,73,375,389,755,309,416,974,5,265,763,866,165,559,22,448,139,752,707,428,613,392,918,773,548,150,231,539,256,271,786,394,738,181,877,569,882,659,343,305,320,156,408,649,239,874,172,961,105,561,532,280,940,206,406,746,624,541,12,118,202,851,313,140,415,947,40,335,259,880,248,826,344,861,895,754,369,584,690,229,952,273,575,567,177,477,992,185,511,62,816,245,856,911,23,378,642,516,980,636,367,814,536,896,887,737,618,434,774,563,580,984,931,145,317,318,845,158,666,823,494,620,465,854,464,622,71,817,544,353,937,149,42,285,251,813,52,135,983,818,159,893,928,820,685,417,775,648,725,864,740,372,450,311,528,742,473,889,25,660,332,204,322,68,297,18,579,340,744,595,727,201,290,383,671,385,900,852,173,481,83,975,393,904,650,654,67,867,837,152,962,460,51,110,179,801,395,782,538,509,91,286,35,810,582,468,769,617,832,9,625,134,802,282,791,964,632,857,647,94,515,921,577,84,847,605,453,432,315,907,238,987,112,208,668,800,440,762,109,968,281,171,459,910,732,894,986,498,743,161,855,471,533,410,683,523,621,923,127,291,216,715,235,576,597,798,404,513,264,365,163,912,225,484,226,144,558,689,308,804,724,596,779,976,350,540,175,676,662,730,59,756,266,789,327,56,267,574,901,275,720,599,640,733,729,591,137,382,359,510,89,552,349,390,132,604,104,54,809,965,846,79,897,587,971,507,929,21,493,735,34,922,705,927,571,501,80,765,839,957,30,878,903,645,788,233,370,210,49,414,706,508,908,403,687,603,413,302,619,525,535,151,811,612,664,633,269,37,723,475,778,324,891,11,543,438,545,388,147,529,688,142,566,913,748,679,862,237,917,38,32,397,522,180,461,989,155,7,205,486,549,906,257,692,194,853,512,480,876,783,191,421,586,356,716,452,978,355,828,930,458,681,27,865,555,945,342,935,164,790,844,358,781,785,519,197,751,69,472,45,85,485,188,293,396,870,634,377,594,217,63,101,848,843,66,492,276,875,793,186,262,767,623,644,675,43,314,334,745,553,195,606,842,117,190,942,670,29,232,609,323,850,656,420,941,466,357,478,102,583,70,143,926,198,977,107,835,884,170,242,506,684,136,425,274,951,838,497,387,967,932,920,592,33,98,520,590,483,345,243,627,979,260,
value : 407.907 running time : 871.804849
0 80 20
103 65.3189 15.8359
176 65.0772 16.0095
504 64.8269 16.1894
598 64.5883 16.3608
819 64.3557 16.528
581 64.1535 16.6732
295 63.9499 16.8196
24 63.7549 16.9597
721 63.5686 17.0935
959 60.9212 18.9957
777 58.5082 20.7296
653 55.3037 23.0322
821 55.3037 23.0322
250 53.3357 23.3791
19 52.1891 23.5813
831 51.7635 23.3567
289 51.2572 23.0895
209 50.811 22.854
55 50.365 22.6186
419 49.8494 22.3464
6 49.3666 22.0916
873 46.5201 20.5892
518 41.045 17.6995
915 34.5142 19.4986
26 34.3827 19.5348
407 34.2466 19.5723
287 34.1051 19.6113
310 33.9524 19.6534
363 33.795 19.6967
704 33.6413 19.7391
337 33.4873 19.7815
160 33.321 19.8273
669 33.1579 19.8723
278 32.9964 19.9167
626 32.8608 19.9541
354 32.7227 19.9922
467 32.6139 20.0221
379 32.4789 20.0593
883 32.3466 20.0958
934 32.2118 20.1329
111 32.0421 20.1797
822 31.8702 20.227
573 31.7043 20.2727
702 31.5058 20.3274
439 31.3357 20.3743
787 31.1836 20.4162
261 31.0367 20.4566
284 30.8547 20.5068
221 30.6844 20.5537
643 30.5317 20.5958
64 30.3828 20.6368
307 30.2278 20.6795
246 30.0776 20.7209
709 29.9283 20.762
351 29.7853 20.8014
824 29.6165 20.8479
834 29.4632 20.8901
869 28.0105 21.2903
602 24.3527 19.8891
488 18.3418 17.5864
902 17.1521 17.1306
899 15.6283 16.5468
812 12.3456 15.2892
362 12.3394 15.4099
629 12.3335 15.5247
741 12.3264 15.6629
661 12.3198 15.7917
299 12.3141 15.9024
588 12.3094 15.9935
61 12.3044 16.0904
402 12.2991 16.1946
881 12.2946 16.2825
963 12.2889 16.3928
674 12.2843 16.482
722 12.2797 16.572
348 12.2693 16.7751
254 12.2589 16.9764
641 12.2483 17.1832
8 12.2401 17.3433
682 12.2078 17.972
211 12.1744 18.6214
412 12.1377 19.3367
646 12.1021 20.0303
187 12.0584 20.8794
366 11.9902 22.2075
673 11.8823 24.3079
121 11.7813 26.2756
474 11.7642 26.6084
455 11.7458 26.9665
943 11.7253 27.3657
133 11.7064 27.7341
514 11.6872 28.107
87 11.6681 28.4797
985 11.651 28.8109
268 11.6355 29.1133
710 11.6192 29.4305
572 11.6022 29.762
836 11.5844 30.1082
829 11.5661 30.4643
258 11.5507 30.7648
125 11.5317 31.1354
331 11.5169 31.4227
74 11.4986 31.778
86 11.4787 32.1669
794 11.4597 32.5363
4 11.4388 32.9437
65 11.4152 33.4017
898 11.3934 33.8272
330 11.2534 36.5519
949 11.1619 38.3351
499 11.1059 39.4253
655 11.064 40.2412
384 11.0326 40.8524
373 10.9985 41.5156
909 10.9701 42.0683
423 10.9458 42.5423
10 10.9198 43.0475
212 10.8899 43.6307
858 10.8583 44.2445
700 10.8341 44.7159
565 10.8025 45.3316
731 10.8025 45.3316
797 10.8025 45.3316
770 10.8025 45.3316
328 10.8025 45.3316
222 10.8121 45.5452
214 10.8215 45.7525
157 10.8281 45.8987
841 10.8346 46.0428
283 10.841 46.1838
166 10.8493 46.3666
123 10.8552 46.497
972 10.8622 46.6527
805 10.8683 46.787
708 10.8741 46.9159
958 10.879 47.0238
652 10.8852 47.1616
534 10.8916 47.3024
279 10.898 47.4444
496 10.9038 47.573
336 10.9103 47.7165
116 10.916 47.842
100 10.9217 47.9695
698 10.9272 48.0899
148 10.9324 48.2048
352 10.9384 48.3373
46 10.9437 48.4559
47 10.9504 48.6043
749 10.9564 48.7353
936 10.9624 48.8695
182 10.9682 48.9961
312 10.9736 49.1168
505 10.9798 49.2543
341 10.9855 49.3793
863 10.9909 49.4994
57 10.9972 49.6386
78 11.0025 49.7568
616 11.0096 49.9136
990 11.0171 50.0794
758 11.0257 50.2688
476 11.0335 50.4424
677 11.0426 50.642
489 11.0499 50.8045
463 11.0575 50.9718
174 11.0655 51.1499
956 11.0741 51.3387
218 11.0816 51.5043
527 11.0889 51.6669
938 11.0961 51.8264
128 11.1031 51.9816
196 11.1121 52.1804
925 11.1197 52.3475
849 11.1266 52.5007
303 11.1334 52.6504
154 11.1399 52.794
542 11.1471 52.9547
228 11.1542 53.1105
122 11.1634 53.3157
422 11.1711 53.4844
663 11.178 53.6374
391 11.1961 54.0379
771 11.2229 54.6306
347 11.3837 58.1869
764 11.4547 59.7568
77 11.5243 61.2961
338 11.5785 62.4964
429 11.6256 63.5377
346 11.6589 64.2739
361 11.6758 64.6477
411 11.6903 64.9686
457 11.706 65.3164
760 11.71 65.4042
879 11.7148 65.5105
703 11.7193 65.6104
277 11.7243 65.7219
255 11.7289 65.8219
691 11.733 65.9126
451 11.7379 66.0211
981 11.7434 66.1424
3 11.7538 66.373
600 11.7643 66.6063
589 11.7694 66.7182
114 11.7753 66.8483
747 11.781 66.9753
772 11.7873 67.1136
601 11.7938 67.2572
219 11.7996 67.3863
665 11.8055 67.5167
939 11.8112 67.6426
234 11.8176 67.7852
560 11.8257 67.9641
427 11.8289 68.0345
500 11.8323 68.1096
680 11.8354 68.1784
81 11.8385 68.2468
966 11.8416 68.3162
400 11.845 68.3916
371 11.848 68.4564
784 11.8511 68.5248
517 11.8544 68.5985
799 11.8576 68.6694
531 11.8608 68.7391
630 11.9115 69.8626
207 11.9615 70.9669
381 11.9795 71.0225
734 11.9979 71.0789
192 12.017 71.1375
131 12.0368 71.1984
739 12.0581 71.2638
796 12.0807 71.3334
607 12.0994 71.3907
130 12.1191 71.4512
946 12.1414 71.5197
398 12.1603 71.5778
950 12.1809 71.641
97 12.1995 71.6983
658 12.2209 71.7641
502 12.2381 71.8168
168 12.2569 71.8746
298 12.2732 71.9246
948 12.2915 71.981
825 12.3124 72.045
955 12.3311 72.1025
326 12.3487 72.1565
433 12.3649 72.2065
119 12.3809 72.2557
224 12.3979 72.3079
717 12.4153 72.3614
374 12.4355 72.4234
445 12.4532 72.4776
728 12.4726 72.5373
639 12.4906 72.5926
667 12.5088 72.6485
556 12.5292 72.7111
479 12.5488 72.7713
701 12.5672 72.8279
321 12.5854 72.8839
272 12.6022 72.9354
657 12.6206 72.9921
970 12.6385 73.0469
162 12.6588 73.1095
570 12.6796 73.1734
526 12.6853 73.1909
113 12.6915 73.2097
443 12.6978 73.2291
635 12.7037 73.2472
991 12.7094 73.2649
694 12.7149 73.2817
524 12.7204 73.2985
376 12.7263 73.3166
14 12.7327 73.3364
339 12.7392 73.3563
329 12.7447 73.3733
220 12.8261 73.6235
860 12.8998 73.8498
726 12.9778 74.0893
551 13.0506 74.3131
487 13.1209 74.529
482 13.1826 74.7185
503 13.2537 74.937
686 13.3255 75.1578
924 13.4088 75.4137
888 13.4971 75.6849
99 13.5772 75.9309
537 13.6544 76.1681
890 13.1466 78.5258
554 12.6879 80.6557
944 12.6134 81.0016
830 12.5462 81.3135
90 12.48 81.6209
886 12.4266 81.8691
360 12.3669 82.1461
431 12.3081 82.419
325 12.2443 82.7153
184 12.1822 83.0035
304 12.1082 83.347
247 12.0473 83.6301
249 11.9897 83.8975
1 11.9275 84.1861
693 11.8683 84.4612
803 11.8112 84.7263
712 11.7559 84.9829
108 11.7031 85.2282
115 11.6463 85.4917
973 11.5938 85.7355
557 11.5459 85.9579
106 11.4946 86.1961
39 11.454 86.3848
426 11.427 86.51
442 11.3952 86.6576
547 11.3654 86.7959
48 11.3367 86.9292
759 11.3039 87.0816
585 11.2663 87.256
868 11.239 87.3829
546 11.2187 87.4772
95 11.1955 87.585
93 11.1719 87.6946
815 11.147 87.8103
695 11.122 87.9261
827 11.0937 88.0575
364 11.072 88.1583
75 11.0506 88.2577
776 11.0237 88.3826
31 11.0055 88.4669
628 10.9843 88.5654
444 10.9632 88.6636
240 10.942 88.762
399 10.9188 88.8697
568 10.8944 88.9831
300 10.8731 89.082
446 10.85 89.1889
380 10.8266 89.2976
780 10.8092 89.3784
244 10.7877 89.4785
711 10.762 89.5976
203 10.7421 89.6903
905 10.7187 89.7989
236 10.6916 89.9245
435 10.6671 90.0381
718 10.6475 90.1293
988 10.6248 90.2346
178 10.6273 90.2344
88 10.6299 90.2341
914 10.6319 90.2339
982 10.6341 90.2337
153 10.6362 90.2335
213 10.6382 90.2333
953 10.7152 90.2259
169 10.795 90.2182
405 10.8753 90.2104
447 10.9581 90.2024
892 11.0444 90.1941
469 11.1372 90.1851
13 11.2135 90.1777
495 11.2847 90.1708
637 11.3505 90.1645
138 11.4228 90.1575
301 11.4921 90.1508
792 11.5623 90.144
615 11.6385 90.1366
736 11.8314 90.118
719 12.0299 90.0988
750 12.2384 90.0786
699 12.4469 90.0585
263 12.6389 90.0399
17 12.8791 90.0167
316 13.0882 89.9965
50 13.3184 89.9742
462 13.5091 89.9558
916 13.6958 89.9377
401 13.8604 89.9218
436 14.0755 89.901
678 14.2829 89.881
200 14.5727 89.8529
969 14.8753 89.8237
386 15.4892 89.7643
199 16.0788 89.7073
608 16.8874 89.6292
491 17.4692 89.5729
36 18.0177 89.5199
456 18.4815 89.475
833 18.9451 89.4302
578 19.4151 89.3848
859 19.8388 89.3438
651 20.241 89.3049
183 20.6526 89.2652
757 21.1045 89.2215
253 21.5253 89.1808
368 21.8873 89.1458
76 22.2903 89.1068
409 22.6668 89.0704
60 23.0626 89.0322
418 23.2521 89.0138
306 23.4356 88.9961
441 23.6239 88.9779
871 23.8248 88.9585
521 24.0441 88.9373
954 24.273 88.9151
753 24.4442 88.8986
227 24.6338 88.8803
15 24.9672 88.848
72 25.7301 88.7743
470 25.8499 88.7627
20 25.9536 88.7527
611 26.0574 88.7426
714 26.1592 88.7328
593 26.3031 88.7189
610 26.4625 88.7035
223 26.618 88.6884
768 26.7507 88.6756
58 26.8934 88.6618
933 27.0492 88.6467
631 27.234 88.6289
808 27.4118 88.6117
167 27.5661 88.5968
430 27.7197 88.5819
44 27.882 88.5662
28 28.0614 88.5489
120 28.2376 88.5318
92 28.4064 88.5155
490 28.5567 88.501
696 28.7225 88.485
638 28.8954 88.4683
41 29.0471 88.4536
424 29.2049 88.4383
697 29.3735 88.422
288 29.5463 88.4053
296 29.736 88.387
333 29.9083 88.3703
550 30.099 88.3519
960 30.3429 88.3283
919 30.5829 88.3051
96 30.8065 88.2835
795 31.038 88.2611
146 31.2707 88.2386
806 31.4802 88.2184
230 31.6957 88.1975
761 31.8851 88.1792
141 32.1029 88.1582
885 32.3069 88.1384
16 32.5385 88.116
270 32.8049 88.0903
2 33.0277 88.0687
241 33.2557 88.0467
124 33.4557 88.0274
872 33.6707 88.0066
454 33.8966 87.9847
215 35.4652 87.8331
807 36.8003 87.704
713 38.0072 87.5873
530 38.8423 87.5066
126 39.5491 87.4383
292 39.5491 87.4383
193 39.5491 87.4383
294 39.5491 87.4383
840 39.5491 87.4383
564 39.5491 87.4383
437 39.5491 87.4383
189 39.5491 87.4383
252 39.5491 87.4383
614 39.6084 87.4963
672 39.6693 87.5558
562 39.7337 87.6188
82 39.7962 87.68
129 39.8578 87.7401
53 39.9201 87.8011
319 39.979 87.8587
449 40.0383 87.9167
766 40.0959 87.9731
73 40.1469 88.0229
375 40.2148 88.0894
389 40.2726 88.1459
755 40.3256 88.1977
309 40.3845 88.2553
416 40.443 88.3126
974 40.5055 88.3737
5 40.5648 88.4316
265 40.598 88.4642
763 40.6312 88.4967
866 40.6652 88.5299
165 40.6987 88.5626
559 40.7311 88.5943
22 40.7601 88.6227
448 40.7924 88.6542
139 40.8249 88.686
752 40.8249 88.686
707 40.8249 88.686
428 40.8249 88.686
613 40.8249 88.686
392 40.8249 88.686
918 40.8249 88.686
773 40.8249 88.686
548 40.8249 88.686
150 40.8249 88.686
231 40.8249 88.686
539 40.8249 88.686
256 40.8249 88.686
271 40.8249 88.686
786 40.8249 88.686
394 41.6664 88.7226
738 42.4602 88.757
181 43.3934 88.7975
877 44.4284 88.8425
569 45.6233 88.8944
882 47.1863 88.9622
659 47.1863 88.9622
343 47.1863 88.9622
305 47.1863 88.9622
320 47.1863 88.9622
156 47.1863 88.9622
408 47.1863 88.9622
649 47.1863 88.9622
239 47.3192 88.9495
874 47.4471 88.9373
172 47.5835 88.9242
961 47.7556 88.9077
105 47.9099 88.893
561 48.0552 88.8791
532 48.2282 88.8625
280 48.3911 88.8469
940 48.5382 88.8329
206 48.679 88.8194
406 48.8426 88.8037
746 48.9996 88.7887
624 49.1622 88.7731
541 49.3156 88.7585
12 49.4799 88.7427
118 49.638 88.7276
202 49.7895 88.7131
851 49.9294 88.6997
313 50.0729 88.686
140 50.2123 88.6727
415 50.3573 88.6588
947 50.5019 88.645
40 50.6518 88.6306
335 50.7986 88.6166
259 50.9381 88.6032
880 51.0708 88.5905
248 51.1991 88.5782
826 51.3447 88.5643
344 51.4967 88.5498
861 51.6352 88.5365
895 51.7777 88.5229
754 51.9316 88.5081
369 52.083 88.4937
584 52.2282 88.4798
690 52.3657 88.4666
229 52.5046 88.4533
952 52.6372 88.4406
273 52.7872 88.4263
575 52.7882 88.4262
567 52.7892 88.4261
177 52.7903 88.426
477 52.7913 88.4259
992 52.7922 88.4258
185 52.7932 88.4257
511 52.7941 88.4256
62 52.795 88.4255
816 52.7961 88.4254
245 52.797 88.4253
856 52.7981 88.4252
911 52.7991 88.4251
23 52.8001 88.4251
378 52.801 88.425
642 52.801 88.425
516 52.801 88.425
980 52.801 88.425
636 52.801 88.425
367 52.801 88.425
814 52.801 88.425
536 52.801 88.425
896 52.801 88.425
887 52.801 88.425
737 52.801 88.425
618 52.8011 88.425
434 52.8011 88.425
774 52.8011 88.425
563 52.8011 88.425
580 71.9238 88.1463
984 71.9343 88.1462
931 71.9456 88.146
145 71.9586 88.1458
317 71.9709 88.1456
318 72.0909 88.1439
845 72.2057 88.1422
158 72.3254 88.1405
666 72.4433 88.1387
823 72.5565 88.1371
494 72.6805 88.1353
620 72.7897 88.1337
465 72.9117 88.1319
854 73.0407 88.13
464 73.1581 88.1283
622 73.2937 88.1263
71 73.4358 88.1242
817 73.5734 88.1222
544 73.7464 88.1197
353 73.9237 88.1171
937 74.0924 88.1147
149 74.2653 88.1121
42 74.4512 88.1094
285 74.6931 88.1059
251 74.9369 88.1023
813 75.1887 88.0986
52 75.4419 88.0949
135 77.9456 88.0583
983 80.148 88.026
818 80.4569 88.0215
159 80.8332 88.016
893 81.24 88.0101
928 81.6359 88.0043
820 81.8584 87.7765
685 82.1346 87.4936
417 82.3202 87.3036
775 82.5149 87.1042
648 83.1441 86.46
725 83.7347 85.8553
864 84.3736 85.2012
740 85.1874 84.368
372 86.0099 83.5259
450 84.9857 82.6913
311 84.8371 82.6132
528 84.6769 82.529
742 84.5382 82.4561
473 84.4212 82.3946
889 84.297 82.3294
25 84.1563 82.2555
660 83.9719 82.1585
332 83.0416 81.6696
204 82.4767 81.3728
322 81.894 81.0666
68 69.9678 74.7989
297 69.9678 74.7989
18 69.9678 74.7989
579 69.9678 74.7989
340 69.9678 74.7989
744 69.9678 74.7989
595 69.9678 74.7989
727 69.9678 74.7989
201 69.9678 74.7989
290 69.8742 74.7844
383 69.7878 74.7711
671 69.4794 74.7235
385 69.304 74.6964
900 69.0725 74.6607
852 68.8352 74.6241
173 68.5294 74.5769
481 68.2775 74.538
83 68.0129 74.4972
975 67.7349 74.4543
393 67.4119 74.4044
904 67.1341 74.3616
650 66.8641 74.3199
654 66.5976 74.2788
67 66.3227 74.2364
867 66.0693 74.1973
837 65.8121 74.1576
152 65.5374 74.1152
962 65.2315 74.068
460 64.9078 74.018
51 64.6228 73.9741
110 64.3178 73.927
179 57.8467 72.9284
801 57.4945 72.423
395 57.0756 71.8219
782 55.8924 70.1241
538 54.7891 68.541
509 54.6845 68.5156
91 54.5726 68.4885
286 54.4824 68.4667
35 54.3918 68.4448
810 54.2998 68.4225
582 54.2068 68.4
468 54.1135 68.3774
769 54.0223 68.3553
617 53.9311 68.3332
832 53.8457 68.3126
9 53.7504 68.2895
625 53.6517 68.2656
134 53.5426 68.2392
802 53.4619 68.2196
282 53.386 68.2013
791 53.3064 68.182
964 53.2276 68.1629
632 53.1439 68.1426
857 53.0635 68.1232
647 52.9892 68.1052
94 52.9 68.0836
515 52.8188 68.0639
921 52.7276 68.0419
577 52.6468 68.0223
84 52.5666 68.0029
847 52.4903 67.9844
605 52.403 67.9633
453 52.3112 67.941
432 52.2311 67.9217
315 52.1512 67.9023
907 52.0733 67.8834
238 51.8849 67.8378
987 51.6804 67.7883
112 51.4617 67.7354
208 51.2522 67.6846
668 51.0461 67.6347
800 50.8172 67.5793
440 50.5858 67.5233
762 50.3331 67.4621
109 50.059 67.3958
968 49.7771 67.3275
281 49.4753 67.2545
171 49.2222 67.1932
459 49.0054 67.1407
910 48.8007 67.0911
732 48.6232 67.0482
894 48.4608 67.0088
986 48.2994 66.9698
498 48.1259 66.9277
743 47.9555 66.8865
161 47.7783 66.8436
855 47.5825 66.7962
471 47.3694 66.7446
533 47.1803 66.6988
410 47.034 66.6634
683 46.8841 66.6271
523 46.737 66.5915
621 46.5924 66.5565
923 46.447 66.5213
127 41.0031 65.5508
291 40.9002 65.5324
216 40.8026 65.515
715 40.689 65.4948
235 40.5808 65.4755
576 40.4579 65.4536
597 40.3452 65.4335
798 40.2347 65.4137
404 40.1157 65.3925
513 40.0017 65.3722
264 39.7343 65.3245
365 39.4805 65.2793
163 39.2431 65.2369
912 38.9947 65.1926
225 38.7835 65.155
484 38.5617 65.1154
226 38.3153 65.0715
144 38.0768 65.0289
558 37.812 64.9817
689 37.5325 64.9319
308 37.3209 64.8942
804 37.129 64.8599
724 36.9316 64.8247
596 36.7257 64.788
779 36.5386 64.7547
976 36.3357 64.7185
350 36.106 64.6775
540 35.7821 64.6198
175 35.309 64.5354
676 34.8542 64.4543
662 34.2742 64.3509
730 33.5495 64.2216
59 32.9311 64.1114
756 32.4334 64.0226
266 31.9864 63.9429
789 31.8913 63.926
327 31.8724 63.8984
56 31.8536 63.8712
267 31.8341 63.8428
574 31.8174 63.8186
901 31.798 63.7904
275 31.7804 63.765
720 31.7624 63.7387
599 31.7443 63.7125
640 31.7264 63.6865
733 31.7094 63.6617
729 31.6924 63.6372
591 31.6768 63.6145
137 31.6584 63.5878
382 31.6402 63.5612
359 31.623 63.5363
510 31.6034 63.5078
89 31.586 63.4826
552 31.5705 63.4601
349 31.5538 63.4359
390 31.5375 63.4121
132 31.5209 63.3881
604 31.5209 63.3881
104 31.5186 63.3616
54 31.5163 63.3357
809 31.5139 63.3095
965 31.5117 63.285
846 31.5094 63.2587
79 31.507 63.2324
897 31.5049 63.2079
587 31.5028 63.1846
971 31.5006 63.1597
507 31.4982 63.133
929 31.496 63.1087
21 31.494 63.0857
493 31.4915 63.0585
735 31.4891 63.0314
34 31.4869 63.0062
922 31.4847 62.982
705 31.4826 62.958
927 31.4807 62.937
571 31.4788 62.9153
501 31.4767 62.8922
80 31.4747 62.8699
765 31.4173 62.2267
839 31.3628 61.6157
957 31.3144 61.073
30 31.2672 60.5437
878 31.2244 60.0649
903 31.1526 59.2595
645 31.0741 58.3795
788 30.9885 57.4202
233 30.8944 56.3661
370 30.8056 55.3706
210 30.708 54.2766
49 30.622 53.3129
414 30.5397 52.3903
706 30.4853 51.7802
508 30.4418 51.2929
908 30.3989 50.8123
403 30.3539 50.3078
687 30.3111 49.8281
603 30.2765 49.4396
413 30.2359 48.9852
302 30.1957 48.5339
619 30.154 48.067
525 30.1135 47.6134
535 30.0717 47.1438
151 30.0284 46.6588
811 29.9889 46.2162
612 29.9528 45.8116
664 29.9507 45.7878
633 29.9486 45.765
269 29.9464 45.7394
37 29.9437 45.7101
723 29.9413 45.6825
475 29.939 45.6569
778 29.9369 45.6331
324 29.9345 45.607
891 29.9321 45.5794
11 29.9292 45.547
543 29.9267 45.5189
438 29.9242 45.4908
545 29.9219 45.4653
388 29.9192 45.4349
147 29.9168 45.4084
529 29.914 45.3767
688 29.9118 45.3517
142 29.9092 45.3231
566 29.9067 45.2949
913 29.9041 45.2659
748 29.9014 45.2351
679 29.8987 45.2052
862 29.8964 45.1795
237 29.8941 45.1537
917 29.891 45.119
38 29.8881 45.0864
32 29.8852 45.0535
397 30.5051 44.8314
522 31.1744 44.5916
180 31.7698 44.3783
461 32.3251 44.1793
989 32.5723 43.426
155 32.8043 42.7188
7 33.0231 42.0522
205 33.2319 41.4158
486 33.2319 41.4158
549 34.337 41.1677
906 39.6938 39.9651
257 40.0189 39.8921
692 40.3271 39.8229
194 40.6466 39.7511
853 40.9704 39.6784
512 41.2855 39.6077
480 41.5893 39.5395
876 41.8877 39.4725
783 42.3778 39.3625
191 42.9841 39.2264
421 43.6308 39.0812
586 44.2106 38.951
356 44.7911 38.8207
716 45.4648 38.6694
452 46.07 38.5336
978 46.8061 38.3683
355 46.9553 38.3348
828 47.0963 38.3031
930 47.1644 38.2879
458 47.2327 38.2725
681 47.3009 38.2572
27 47.3697 38.2418
865 47.4327 38.2276
555 47.4977 38.213
945 47.5537 38.2005
342 47.6197 38.1856
935 47.6923 38.1693
164 47.769 38.1521
790 48.5502 38.7217
844 49.555 39.4542
358 50.5597 40.1868
781 51.1643 40.6275
785 51.5662 41.1363
519 52.165 41.8944
197 52.5134 42.3354
751 52.902 42.8273
69 53.467 43.5425
472 54.035 44.2615
45 54.6063 44.9847
85 55.2433 45.791
485 55.7642 46.4504
188 55.8435 46.5509
293 55.9239 46.6527
396 55.9239 46.6527
870 55.9239 46.6527
634 55.9239 46.6527
377 55.9239 46.6527
594 55.9239 46.6527
217 55.9239 46.6527
63 55.9239 46.6527
101 55.9239 46.6527
848 56.2689 46.7361
843 56.6876 46.8373
66 57.1139 46.9403
492 57.5599 47.0481
276 58.0231 47.1601
875 58.6216 47.3048
793 59.213 47.4477
186 59.9526 47.6265
262 60.861 47.8461
767 62.0195 48.1261
623 62.7808 48.3101
644 63.7077 48.5342
675 64.6105 48.7524
43 65.5878 48.9886
314 67.066 49.3459
334 69.3238 49.8917
745 69.3238 49.8917
553 69.3238 49.8917
195 69.3238 49.8917
606 69.3238 49.8917
842 69.3238 49.8917
117 69.3238 49.8917
190 69.3238 49.8917
942 69.3238 49.8917
670 69.3238 49.8917
29 69.3238 49.8917
232 69.3238 49.8917
609 69.3238 49.8917
323 69.3238 49.8917
850 69.3238 49.8917
656 69.3238 49.8917
420 69.3238 49.8917
941 69.3238 49.8917
466 69.3238 49.8917
357 69.3238 49.8917
478 69.3238 49.8917
102 70.3901 49.8633
583 71.4911 49.8341
70 72.496 49.8073
143 73.7915 49.7729
926 75.4572 49.7286
198 78.1435 49.6571
977 80.0717 49.6058
107 81.4069 49.5703
835 81.9097 49.5569
884 82.4419 49.5428
170 82.9346 49.5296
242 83.3527 49.5185
506 83.7978 49.5067
684 84.1977 49.496
136 84.5734 49.4861
425 84.9373 49.4764
274 85.371 49.4648
951 85.9509 49.4494
838 86.4934 49.435
497 87.0744 49.4195
387 87.0552 48.657
967 87.0323 47.7498
932 87.0036 46.6121
920 86.9634 45.0184
592 86.8965 42.3647
33 86.7667 37.21
98 86.677 33.6528
520 86.6154 31.2081
590 86.5266 27.6823
483 86.2726 17.5955
345 86.2667 17.5958
243 86.2608 17.5961
627 86.2549 17.5964
979 86.2489 17.5967
260 86.2432 17.597
