0,103,598,721,176,819,959,831,504,777,581,295,24,261,287,653,518,419,246,310,834,883,467,26,934,111,822,573,337,704,702,407,902,899,160,278,307,439,824,379,669,787,709,64,643,351,284,626,363,221,915,354,661,673,187,674,741,211,722,646,8,348,254,488,362,812,629,299,366,588,61,402,881,963,682,474,412,514,87,985,268,710,572,836,331,943,602,829,74,86,794,4,258,125,133,65,898,455,641,121,205,148,949,328,32,476,212,499,123,10,489,463,174,218,330,384,373,909,423,677,57,863,663,341,505,312,182,936,749,47,46,222,352,938,336,958,496,279,228,78,283,731,797,770,700,616,990,758,858,691,956,122,708,805,972,589,166,527,565,128,100,698,114,391,925,771,214,157,841,116,303,154,542,849,422,534,652,939,196,635,329,860,162,272,667,524,772,991,948,784,517,694,255,879,503,701,726,479,77,168,219,277,665,361,398,747,551,346,113,601,457,556,234,130,14,703,347,764,799,97,630,531,381,734,192,131,739,607,760,886,224,950,830,400,99,966,502,338,639,371,429,3,686,946,376,132,600,482,411,443,220,717,374,298,657,970,321,796,615,427,500,680,81,924,560,658,339,275,550,207,445,119,433,75,48,570,426,628,792,890,905,93,178,487,554,728,436,431,608,90,326,537,184,442,360,399,240,944,88,815,244,736,213,988,199,316,462,759,695,247,401,973,557,138,637,803,693,249,495,13,469,892,386,1,547,446,115,585,153,203,444,780,325,699,546,982,719,263,301,712,447,405,169,953,827,106,108,364,914,39,750,678,200,969,380,711,435,236,718,568,95,868,955,31,300,714,50,933,776,288,916,58,15,227,304,17,825,768,753,761,491,631,808,167,960,613,41,919,918,392,806,28,120,92,490,696,638,256,241,20,610,611,36,430,833,593,859,651,183,757,253,368,885,76,409,60,418,306,141,441,333,871,521,223,296,786,96,2,424,697,578,271,456,16,954,44,672,470,146,872,124,713,292,215,428,230,150,73,394,231,5,649,239,874,172,375,72,738,437,139,840,294,707,773,193,449,189,807,548,974,389,416,181,309,755,539,562,752,766,795,448,22,53,559,165,866,763,265,877,82,129,569,319,408,659,343,305,320,156,561,642,563,564,782,614,921,624,814,737,618,896,367,536,887,105,12,118,202,851,313,140,415,947,40,335,259,880,248,826,541,532,280,940,206,406,746,961,882,861,895,754,369,584,690,229,952,511,62,816,245,378,636,980,516,273,23,575,774,931,395,911,177,185,984,801,856,434,530,126,344,317,477,622,567,179,145,992,817,937,854,52,813,251,620,285,42,149,318,666,464,845,158,353,544,580,818,864,742,820,417,775,823,893,494,135,465,648,928,983,322,725,889,204,311,159,25,372,473,685,660,740,450,528,332,71,297,383,290,975,51,460,962,152,837,83,867,67,654,18,744,340,201,579,110,420,727,385,481,173,852,900,432,987,478,208,112,238,68,595,904,605,650,671,393,907,800,582,293,225,216,235,779,134,769,558,964,793,810,515,35,847,762,632,282,440,509,577,743,94,84,468,668,832,315,9,857,625,647,453,791,161,986,109,968,802,976,404,471,597,621,91,171,617,350,80,144,894,540,459,855,498,798,484,101,513,689,922,291,715,676,523,683,410,732,912,804,54,163,365,175,264,226,252,533,596,281,359,370,576,30,724,308,662,127,34,137,645,56,720,957,104,901,765,809,903,878,571,21,891,733,971,846,545,267,599,929,788,89,270,454,552,888,591,507,604,981,897,233,729,390,735,327,839,910,382,965,789,574,501,59,756,493,705,730,587,451,79,266,640,526,927,349,302,151,862,917,510,783,38,687,603,413,619,525,535,237,269,142,633,397,438,11,723,37,324,543,475,706,210,388,155,778,512,49,566,147,180,461,869,853,790,529,908,688,655,989,811,664,612,403,549,876,679,692,414,913,508,486,935,356,748,522,480,906,7,843,194,342,716,197,452,472,257,586,421,191,781,873,6,785,209,289,681,19,751,458,55,930,555,828,355,875,164,250,594,377,358,45,63,27,844,66,870,821,69,865,276,945,848,262,923,186,188,396,519,623,978,43,286,85,634,492,767,675,117,314,644,217,485,538,835,592,466,136,195,274,29,334,926,670,143,941,583,70,102,190,656,745,842,932,357,609,850,553,323,942,606,684,232,977,497,425,242,884,506,951,920,170,198,838,387,967,107,98,33,520,590,260,979,243,345,627,483,
value : 404.225 running time : 946.883033
0 80 20
103 62.4458 15.9888
598 62.4044 15.9925
721 62.3674 15.9959
176 61.7478 16.0522
819 61.1298 16.1084
959 60.5426 16.1618
831 59.946 16.216
504 59.4186 16.2639
777 58.7594 16.3238
581 58.0999 16.3838
295 57.3932 16.448
24 56.4631 16.5325
261 46.7098 17.4186
287 45.4315 17.5348
653 44.5824 17.612
518 43.7344 17.6891
419 42.3751 17.883
246 38.4966 18.4365
310 38.0061 18.5064
834 37.5041 18.5781
883 37.1076 18.6347
467 36.7281 18.6888
26 36.3211 18.7469
934 35.9016 18.8068
111 35.415 18.8762
822 34.9423 18.9437
573 34.5024 19.0064
337 34.0357 19.073
704 33.5225 19.1463
702 32.9588 19.2267
407 32.5489 19.2852
902 32.0253 19.3599
899 31.6723 19.4103
160 31.6565 19.4125
278 31.6384 19.4151
307 31.1677 19.3107
439 30.7057 19.2083
824 30.3098 19.1204
379 29.9277 19.0357
669 29.3868 18.9157
787 28.9134 18.8107
709 28.3916 18.695
64 27.8492 18.5747
643 27.2991 18.4527
351 26.801 18.3422
284 26.2635 18.223
626 25.7379 18.1064
363 25.1634 17.979
221 24.3586 17.8005
915 23.134 17.5289
354 21.7022 17.2113
661 18.349 16.4678
673 14.9311 15.7099
187 12.5182 15.1748
674 12.5182 15.1748
741 12.5182 15.1748
211 12.5182 15.1748
722 12.5182 15.1748
646 12.5182 15.1748
8 12.5182 15.1748
348 12.5182 15.1748
254 12.5182 15.1748
488 12.5182 15.1748
362 12.5182 15.1748
812 12.5182 15.1748
629 12.5073 15.7744
299 12.4941 16.4992
366 12.4869 16.8991
588 12.4792 17.3236
61 12.4713 17.755
402 12.463 18.2128
881 12.4559 18.6062
963 12.4337 19.8275
682 12.4162 20.7923
474 12.3947 21.9754
412 12.3742 23.1103
514 12.347 24.6048
87 12.3379 25.1078
985 12.3309 25.4914
268 12.325 25.8193
710 12.3188 26.1579
572 12.3126 26.4998
836 12.3064 26.842
331 12.3003 27.1773
943 12.2937 27.5454
602 12.2872 27.9018
829 12.2804 28.2768
74 12.2751 28.57
86 12.2691 28.9
794 12.2638 29.1903
4 12.2583 29.4927
258 12.2527 29.8053
125 12.2462 30.1644
133 12.2407 30.4664
65 12.2349 30.7857
898 12.2298 31.0637
455 12.2192 31.6485
641 12.2042 32.476
121 12.1811 33.7521
205 12.1511 35.4022
148 12.1138 37.4566
949 12.0868 38.9436
328 12.0681 39.9734
32 12.0592 40.4661
476 12.0497 40.9931
212 12.041 41.4695
499 12.0322 41.9583
123 12.0225 42.4909
10 12.0131 43.0107
489 12.0019 43.6276
463 11.9923 44.1544
174 11.9831 44.6629
218 11.9746 45.1331
330 11.9724 45.2504
384 11.97 45.3874
373 11.9671 45.5462
909 11.9644 45.6921
423 11.9619 45.8296
677 11.9589 45.999
57 11.9565 46.1282
863 11.9544 46.2473
663 11.9518 46.3861
341 11.9491 46.5384
505 11.9464 46.685
312 11.944 46.8177
182 11.9413 46.9687
936 11.9386 47.1129
749 11.9362 47.2479
47 11.9337 47.3862
46 11.9315 47.5068
222 11.9288 47.6567
352 11.926 47.8068
938 11.9235 47.949
336 11.921 48.0828
958 11.919 48.1943
496 11.9164 48.3401
279 11.9137 48.4884
228 11.9115 48.6097
78 11.9091 48.7407
283 11.9066 48.8798
731 11.9035 49.0512
797 11.9004 49.2224
770 11.8975 49.378
700 11.8947 49.5369
616 11.8879 49.9106
990 11.8806 50.3091
758 11.8716 50.8055
858 11.8629 51.2869
691 11.8541 51.7718
956 11.8465 52.1882
122 11.8398 52.56
708 11.8398 52.56
805 11.8398 52.56
972 11.8398 52.56
589 11.8398 52.56
166 11.8398 52.56
527 11.8398 52.56
565 11.8398 52.56
128 11.8398 52.56
100 11.8398 52.56
698 11.8398 52.56
114 11.8398 52.56
391 11.8398 52.56
925 11.8398 52.56
771 11.8398 52.56
214 11.8398 52.56
157 11.8398 52.56
841 11.8398 52.5601
116 11.8398 52.5601
303 11.8543 53.1261
154 11.8683 53.67
542 11.884 54.2811
849 11.9005 54.9245
422 11.9174 55.5834
534 11.9345 56.2501
652 11.9542 57.0169
939 12.0873 62.1952
196 12.1586 64.9742
635 12.2327 67.8645
329 12.2213 67.8726
860 12.2084 67.8816
162 12.1971 67.8896
272 12.1855 67.8977
667 12.1732 67.9064
524 12.1632 67.9134
772 12.1519 67.9214
991 12.1385 67.9308
948 12.1265 67.9392
784 12.1144 67.9477
517 12.1016 67.9568
694 12.0897 67.9651
255 12.079 67.9726
879 12.0689 67.9797
503 12.0588 67.9868
701 12.0488 67.9939
726 12.0376 68.0017
479 12.0254 68.0103
77 12.0121 68.0197
168 12.0013 68.0273
219 11.9889 68.036
277 11.9767 68.0445
665 11.9654 68.0524
361 11.9554 68.0595
398 11.9442 68.0674
747 11.932 68.076
551 11.9208 68.0838
346 11.9093 68.0919
113 11.8985 68.0995
601 11.8871 68.1075
457 11.8729 68.1175
556 11.86 68.1266
234 11.8484 68.1347
130 11.8378 68.1422
14 11.825 68.1512
703 11.8138 68.1591
347 11.8017 68.1676
764 11.7968 68.2733
799 11.7913 68.3919
97 11.7861 68.5056
630 11.7813 68.6099
531 11.7767 68.7088
381 11.7602 69.0655
734 11.7458 69.3787
192 11.7318 69.6825
131 11.7165 70.0132
739 11.6998 70.3767
607 11.6812 70.7784
760 11.6652 71.1256
886 11.6371 71.7347
224 11.624 72.0183
950 11.6118 72.2832
830 11.599 72.5607
400 11.599 72.5607
99 11.599 72.5607
966 11.599 72.5607
502 11.6086 72.6317
338 11.6181 72.7015
639 11.628 72.7742
371 11.6369 72.8403
429 11.6471 72.9154
3 11.6564 72.9837
686 11.6671 73.0629
946 11.6775 73.1389
376 11.6861 73.2024
132 11.6962 73.2768
600 11.7071 73.3574
482 11.7168 73.4288
411 11.7275 73.5077
443 11.7397 73.5975
220 11.7498 73.6717
717 11.759 73.7395
374 11.7704 73.8239
298 11.7806 73.8989
657 11.7908 73.9738
970 11.8006 74.0464
321 11.8129 74.1366
796 11.8237 74.2168
615 11.8341 74.2927
427 11.8429 74.3578
500 11.8528 74.4311
680 11.8624 74.5014
81 11.8724 74.5755
924 11.884 74.6608
560 11.8968 74.7547
658 11.9077 74.835
339 11.9181 74.9122
275 11.9278 74.9833
550 11.9389 75.0653
207 11.9467 75.1227
445 11.9707 75.2998
119 11.9976 75.4978
433 12.029 75.7294
75 12.059 75.9503
48 12.0858 76.1477
570 12.1109 76.3326
426 12.136 76.5178
628 12.1605 76.6982
792 12.1828 76.862
890 12.1828 76.862
905 12.1828 76.862
93 12.1828 76.862
178 12.1828 76.862
487 12.1828 76.862
554 12.1828 76.862
728 12.1828 76.862
436 12.1828 76.862
431 12.1828 76.862
608 12.1828 76.862
90 12.1828 76.862
326 13.1289 77.7786
537 14.0509 78.6717
184 13.6667 80.0305
442 13.287 81.3735
360 13.0242 82.3032
399 12.767 83.2131
240 12.5125 84.1132
944 12.2536 85.0291
88 11.9624 86.0592
815 11.67 87.0933
244 11.3743 88.1396
736 11.0606 89.249
213 10.7437 90.3701
988 10.7437 90.3701
199 10.7516 90.3696
316 10.7596 90.369
462 10.7674 90.3685
759 10.7739 90.3681
695 10.7823 90.3675
247 10.7888 90.367
401 10.7953 90.3666
973 10.8032 90.3661
557 10.8104 90.3656
138 10.8171 90.3651
637 10.8238 90.3647
803 10.831 90.3642
693 10.839 90.3636
249 10.848 90.363
495 10.8554 90.3625
13 10.8626 90.362
469 10.8695 90.3616
892 10.8754 90.3612
386 10.8821 90.3607
1 10.8885 90.3603
547 10.8949 90.3598
446 10.9025 90.3593
115 10.91 90.3588
585 10.9159 90.3584
153 10.9229 90.3579
203 10.9301 90.3575
444 10.9377 90.3569
780 10.9457 90.3564
325 10.9529 90.3559
699 10.9598 90.3554
546 10.9663 90.355
982 10.9733 90.3545
719 10.9798 90.3541
263 10.9868 90.3536
301 10.9945 90.3531
712 11.0026 90.3525
447 11.0087 90.3521
405 11.0152 90.3517
169 11.0219 90.3512
953 11.0287 90.3508
827 11.0359 90.3503
106 11.0431 90.3498
108 11.0504 90.3493
364 11.0576 90.3488
914 11.0646 90.3483
39 11.0717 90.3478
750 11.0794 90.3473
678 11.0861 90.3469
200 11.0935 90.3464
969 11.1004 90.3459
380 11.1079 90.3454
711 11.1155 90.3449
435 11.1229 90.3444
236 11.1303 90.3439
718 11.137 90.3434
568 11.1443 90.3429
95 11.1515 90.3424
868 11.1581 90.342
955 11.1658 90.3414
31 11.1734 90.3409
300 11.1808 90.3404
714 15.4256 90.0523
50 15.6547 90.0368
933 15.8658 90.0225
776 16.0763 90.0082
288 16.2945 89.9934
916 16.499 89.9795
58 16.706 89.9655
15 16.8994 89.9523
227 17.0975 89.9389
304 17.294 89.9256
17 17.5108 89.9108
825 17.7289 89.896
768 19.0489 89.8111
753 20.2026 89.7368
761 21.3505 89.6629
491 22.4622 89.5913
631 23.5967 89.5183
808 24.6554 89.4501
167 25.5889 89.39
960 26.4311 89.3357
613 26.9681 89.3011
41 27.0274 89.2973
919 27.0985 89.2927
918 27.164 89.2885
392 27.2317 89.2841
806 27.2928 89.2802
28 27.3505 89.2765
120 27.4148 89.2723
92 27.4787 89.2682
490 27.5365 89.2645
696 27.6009 89.2604
638 27.6736 89.2557
256 27.7424 89.2512
241 27.8068 89.2471
20 27.8575 89.2438
610 27.9116 89.2403
611 27.9689 89.2366
36 28.0257 89.233
430 28.083 89.2293
833 28.1393 89.2257
593 28.1995 89.2218
859 28.2633 89.2177
651 28.3245 89.2137
183 28.3866 89.2097
757 28.455 89.2053
253 28.523 89.2009
368 28.5828 89.1971
885 28.6487 89.1928
76 28.7164 89.1885
409 28.7817 89.1843
60 28.8487 89.1799
418 28.9098 89.176
306 28.9737 89.1719
141 29.0407 89.1676
441 29.0975 89.1639
333 29.1612 89.1598
871 29.2263 89.1556
521 29.3073 89.1504
223 29.457 89.1407
296 29.5907 89.1321
786 29.7192 89.1238
96 29.8483 89.1155
2 29.9741 89.1074
424 30.0849 89.1003
697 30.2117 89.0921
578 30.3448 89.0835
271 30.4863 89.0744
456 30.6115 89.0663
16 31.0132 89.0405
954 31.4607 89.0116
44 31.8976 88.9835
672 32.4802 88.9459
470 33.0572 88.9087
146 33.6222 88.8723
872 34.1589 88.8377
124 34.7735 88.7981
713 36.4389 88.6909
292 36.8126 88.6668
215 37.1752 88.6434
428 37.4924 88.623
230 37.8699 88.5987
150 38.2348 88.5751
73 38.6509 88.5483
394 39.1675 88.515
231 39.6394 88.4846
5 40.1602 88.4511
649 40.1602 88.4511
239 40.1602 88.4511
874 40.1602 88.4511
172 40.1602 88.4511
375 40.1602 88.4511
72 40.1602 88.4511
738 40.1602 88.4511
437 40.1602 88.4511
139 40.1602 88.4511
840 40.1981 88.4419
294 40.2353 88.4328
707 40.2667 88.4252
773 40.3016 88.4167
193 40.3442 88.4064
449 40.3783 88.3981
189 40.413 88.3897
807 40.4491 88.3809
548 40.4809 88.3732
974 40.5154 88.3648
389 40.5556 88.355
416 40.5931 88.3459
181 40.6291 88.3372
309 40.668 88.3277
755 40.709 88.3178
539 40.7443 88.3092
562 40.7799 88.3005
752 40.8092 88.2934
766 40.8474 88.2841
795 40.8838 88.2753
448 40.9249 88.2653
22 40.9667 88.2551
53 41.0104 88.2445
559 41.0553 88.2336
165 41.0981 88.2232
866 41.1383 88.2134
763 41.1775 88.2039
265 41.2144 88.195
877 41.5041 88.1246
82 41.8167 88.0486
129 42.1104 87.9773
569 42.4163 87.9029
319 42.747 87.8226
408 43.0685 87.7444
659 43.3613 87.6733
343 43.6586 87.6011
305 43.9599 87.5278
320 44.2599 87.4549
156 44.5471 87.3852
561 44.8163 87.3197
642 45.1196 87.246
563 45.4077 87.176
564 45.6885 87.1078
782 45.9854 87.0357
614 45.9854 87.0357
921 47.4385 87.2056
624 48.5369 87.3339
814 48.639 87.3458
737 48.7531 87.3592
618 48.8241 87.3675
896 48.8951 87.3757
367 48.9639 87.3838
536 49.0296 87.3915
887 49.1021 87.3999
105 49.1682 87.4076
12 49.2441 87.4165
118 49.3164 87.4249
202 49.3859 87.4331
851 49.45 87.4405
313 49.5161 87.4483
140 49.5805 87.4558
415 49.6477 87.4636
947 49.7149 87.4715
40 49.7847 87.4796
335 49.8533 87.4876
259 49.9185 87.4952
880 49.9801 87.5024
248 50.0393 87.5093
826 50.1041 87.5169
541 50.1691 87.5245
532 50.2368 87.5324
280 50.3043 87.5403
940 50.3666 87.5475
206 50.4271 87.5546
406 50.4976 87.5628
746 50.5652 87.5707
961 50.6341 87.5788
882 53.0838 87.8639
861 53.131 87.8649
895 53.1787 87.8659
754 53.2283 87.867
369 53.2776 87.868
584 53.3241 87.869
690 53.3697 87.87
229 53.4153 87.871
952 53.4572 87.8718
511 53.5004 87.8728
62 53.5473 87.8738
816 53.5967 87.8748
245 53.6414 87.8758
378 53.6899 87.8768
636 53.7301 87.8777
980 53.7745 87.8786
516 53.8188 87.8796
273 53.8698 87.8806
23 53.9105 87.8815
575 53.9522 87.8824
774 53.9921 87.8832
931 54.0379 87.8842
395 54.0799 87.8851
911 54.118 87.8859
177 54.1591 87.8868
185 54.1981 87.8876
984 54.2363 87.8885
801 54.2729 87.8892
856 54.3073 87.89
434 54.3413 87.8907
530 54.3742 87.8914
126 54.4064 87.8921
344 54.4372 87.8927
317 55.9115 87.8992
477 57.1777 87.9048
622 58.2755 87.9097
567 59.1076 87.9134
179 59.8956 87.9169
145 61.1376 87.9224
992 62.1142 87.9268
817 63.1333 87.9313
937 64.1246 87.9357
854 64.9645 87.9394
52 65.5666 87.9421
813 66.2038 87.9449
251 66.7612 87.9474
620 67.2854 87.9497
285 67.8368 87.9522
42 68.361 87.9545
149 68.9467 87.9571
318 69.5172 87.9596
666 70.0744 87.9621
464 70.5833 87.9644
845 71.2038 87.9671
158 71.8601 87.97
353 72.5045 87.9729
544 73.1492 87.9758
580 73.921 87.9792
818 74.3486 87.9811
864 74.8059 87.9831
742 75.2654 87.9852
820 75.7185 87.9872
417 76.1029 87.9889
775 76.5028 87.9907
823 76.9377 87.9926
893 77.4873 87.995
494 77.9802 87.9972
135 78.4771 87.9994
465 79.0936 88.0021
648 80.337 88.0076
928 81.615 88.0133
983 81.615 88.0133
322 82.3499 87.2656
725 83.0713 86.5316
889 83.8335 85.7561
204 84.5617 85.0152
311 85.0541 84.5143
159 85.3307 84.2328
25 85.684 83.8734
372 86.0108 83.5409
473 85.7876 83.3611
685 85.5633 83.1805
660 85.3077 82.9746
740 85.0478 82.7652
450 84.804 82.5689
528 81.3288 80.5509
332 78.4476 78.8778
71 76.0579 77.4901
297 74.1964 76.4092
383 73.6721 76.1047
290 73.1279 75.7888
975 72.6459 75.5088
51 72.1525 75.2224
460 71.6684 74.9412
962 71.3576 74.7607
152 71.043 74.578
837 70.7311 74.3969
83 70.4094 74.2102
867 70.0531 74.0032
67 69.706 73.8017
654 69.4097 73.6296
18 69.1106 73.4559
744 68.819 73.2866
340 68.506 73.1048
201 68.2463 72.954
579 67.9062 72.7566
110 67.518 72.5311
420 67.1221 72.3012
727 67.1221 72.3012
385 67.1221 72.3012
481 66.7653 72.2093
173 66.3993 72.1151
852 66.0838 72.0339
900 65.502 71.8841
432 64.7763 71.6972
987 64.2354 71.5579
478 63.741 71.4306
208 63.2112 71.2942
112 62.7449 71.1741
238 62.3383 71.0694
68 61.9388 70.9666
595 61.5172 70.858
904 61.0838 70.7464
605 60.6013 70.6222
650 60.1715 70.5115
671 59.6471 70.3765
393 59.138 70.2454
907 58.586 70.1033
800 58.039 69.9625
582 57.4843 69.8196
293 56.9475 69.6814
225 53.1426 68.8175
216 53.085 68.8044
235 53.0258 68.791
779 52.9674 68.7777
134 52.9142 68.7657
769 52.8672 68.755
558 52.8134 68.7428
964 52.7676 68.7324
793 52.7167 68.7208
810 52.6688 68.7099
515 52.6195 68.6987
35 52.5665 68.6867
847 52.5166 68.6754
762 52.4586 68.6622
632 52.399 68.6487
282 52.3444 68.6363
440 52.2946 68.625
509 52.2412 68.6128
577 52.177 68.5983
743 52.1174 68.5847
94 52.0644 68.5727
84 52.0114 68.5607
468 51.9594 68.5489
668 51.9107 68.5378
832 51.8571 68.5256
315 51.7989 68.5124
9 51.7395 68.4989
857 51.6778 68.4849
625 51.6226 68.4724
647 51.5665 68.4596
453 51.1255 68.3595
791 50.71 68.2652
161 50.306 68.1734
986 49.9163 68.085
109 49.5259 67.9963
968 49.0971 67.899
802 48.6615 67.8001
976 48.1618 67.6866
404 47.734 67.5895
471 47.4181 67.5177
597 47.155 67.458
621 46.9103 67.4025
91 46.6976 67.3542
171 46.4309 67.2936
617 46.207 67.2428
350 45.9445 67.1831
80 45.6858 67.1244
144 45.4502 67.0709
894 45.2121 67.0169
540 44.967 66.9612
459 44.7296 66.9073
855 44.5159 66.8588
498 44.2779 66.8047
798 44.0208 66.7464
484 43.7539 66.6858
101 43.4728 66.6219
513 41.7827 66.2382
689 39.222 65.657
922 39.192 65.6502
291 39.1633 65.6437
715 39.1361 65.6375
676 39.1093 65.6314
523 39.08 65.6247
683 39.0504 65.618
410 39.0207 65.6113
732 38.9896 65.6042
912 38.9576 65.5969
804 38.9296 65.5906
54 38.8998 65.5838
163 38.8707 65.5772
365 38.8405 65.5703
175 38.8119 65.5638
264 38.7838 65.5575
226 38.7536 65.5506
252 38.7234 65.5437
533 38.6955 65.5374
596 38.6665 65.5308
281 38.6391 65.5246
359 38.6078 65.5175
370 38.581 65.5114
576 38.5535 65.5052
30 38.5241 65.4985
724 38.4965 65.4922
308 38.4661 65.4853
662 38.437 65.4787
127 38.4087 65.4723
34 33.7089 65.0112
137 33.6796 65.0083
645 33.6501 65.0054
56 33.6207 65.0025
720 33.5851 64.999
957 33.5542 64.996
104 33.526 64.9932
901 33.4937 64.9901
765 33.4668 64.9874
809 33.4361 64.9844
903 33.4034 64.9812
878 33.3749 64.9784
571 33.343 64.9753
21 33.3114 64.9722
891 33.2764 64.9687
733 33.2415 64.9653
971 33.2092 64.9622
846 33.1768 64.959
545 33.1469 64.9561
267 33.094 65.0839
599 33.0388 65.2173
929 32.9873 65.3416
788 32.9293 65.4819
89 32.8721 65.6199
270 32.7921 65.8132
454 32.7921 65.8132
552 32.7921 65.8132
888 32.7921 65.8132
591 32.5611 65.3615
507 32.3084 64.8674
604 32.1106 64.4805
981 31.7959 63.8652
897 31.7959 63.8652
233 31.7959 63.8652
729 31.7959 63.8652
390 31.7959 63.8652
735 31.7959 63.8652
327 31.7959 63.8652
839 31.7959 63.8652
910 31.7959 63.8652
382 31.7959 63.8652
965 31.7959 63.8652
789 31.7959 63.8652
574 31.7969 63.8511
501 31.798 63.8352
59 31.7992 63.8183
756 31.8002 63.8036
493 31.8012 63.7905
705 31.802 63.7783
730 31.8028 63.7673
587 31.8038 63.7534
451 31.8048 63.7385
79 31.8058 63.7248
266 31.8066 63.7125
640 31.8211 63.5069
526 31.8333 63.3332
927 31.9006 62.3757
349 32.0949 59.6093
302 32.4704 54.265
151 32.6922 51.1085
862 32.7005 50.9904
917 32.7073 50.8939
510 32.7073 50.8939
783 32.7073 50.8939
38 32.7073 50.8939
687 32.7073 50.8939
603 32.7073 50.8938
413 32.7073 50.8938
619 32.7073 50.8938
525 32.7073 50.8938
535 32.7073 50.8938
237 32.7073 50.8938
269 32.7073 50.8938
142 32.7073 50.8938
633 32.7572 50.507
397 32.8133 50.0729
438 32.8634 49.6851
11 32.9104 49.3204
723 32.9533 48.9884
37 32.992 48.6886
324 33.0275 48.4139
543 33.073 48.0612
475 33.1179 47.7139
706 33.16 47.3881
210 33.198 47.0935
388 33.2449 46.73
155 33.2852 46.4182
778 33.3233 46.1234
512 33.3654 45.7972
49 33.4072 45.4737
566 33.452 45.1265
147 33.4912 44.8225
180 33.5366 44.4715
461 33.585 44.0968
869 33.6578 43.5327
853 33.6578 43.5327
790 33.6578 43.5327
529 33.6578 43.5327
908 33.6578 43.5327
688 33.6869 43.3305
655 33.7234 43.0775
989 33.757 42.8444
811 33.7928 42.596
664 33.826 42.3649
612 33.8593 42.1337
403 33.8686 42.0693
549 33.8959 41.88
876 33.9184 41.7239
679 33.9456 41.5352
692 33.9706 41.3613
414 33.996 41.1851
913 34.0207 41.0141
508 34.0482 40.8227
486 34.0786 40.6122
935 36.1144 40.2244
356 37.126 40.0318
748 38.0237 39.8608
522 39.3791 39.6027
480 40.8692 39.3189
906 42.447 39.0184
7 43.4079 38.8354
843 44.8066 38.5691
194 45.0919 38.5147
342 45.4064 38.4549
716 45.7276 38.3937
197 46.0249 38.3371
452 46.3124 38.2823
472 46.6164 38.2244
257 46.8987 38.1707
586 47.2094 38.1115
421 47.5618 38.0444
191 47.9144 37.9772
781 50.2423 37.5338
873 50.9803 37.3933
6 51.6248 37.2706
785 51.6248 37.2706
209 51.6248 37.2706
289 51.6248 37.2706
681 51.6785 37.3468
19 51.7274 37.4164
751 51.7745 37.4832
458 51.823 37.5522
55 51.8666 37.6141
930 51.9165 37.685
555 51.9586 37.7448
828 52.0098 37.8175
355 52.0595 37.8881
875 52.1079 37.9569
164 52.1457 38.0106
250 52.1969 38.0833
594 52.2584 38.1707
377 52.3104 38.2446
358 52.362 38.318
45 52.412 38.3889
63 52.4559 38.4514
27 52.4981 38.5113
844 52.5443 38.577
66 52.5919 38.6445
870 52.6396 38.7123
821 52.685 38.7768
69 53.0939 39.5041
865 53.461 40.1572
276 54.1181 41.326
945 54.755 42.459
848 55.2573 43.3526
262 55.8773 44.4553
923 56.4143 45.4107
186 56.6445 45.4798
188 56.8758 45.5493
396 57.0978 45.616
519 57.2987 45.6763
623 57.5057 45.7385
978 57.713 45.8007
43 57.9227 45.8637
286 58.1237 45.9241
85 58.6632 46.0143
634 59.1967 46.1035
492 59.7511 46.1962
767 60.5684 46.3329
675 60.8701 46.3834
117 61.1801 46.4352
314 61.4723 46.4841
644 61.7683 46.5336
217 62.0567 46.5818
485 62.3831 46.6364
538 62.706 46.6904
835 75.2235 47.0047
592 75.1868 47.1382
466 75.1487 47.2765
136 75.1093 47.4193
195 75.071 47.5584
274 75.0331 47.6959
29 74.9871 47.8628
334 74.9355 48.0501
926 74.9355 48.0501
670 74.9355 48.0501
143 74.9355 48.0501
941 74.9355 48.0501
583 74.9355 48.0501
70 74.9355 48.0501
102 74.9355 48.0501
190 74.9355 48.0501
656 74.9355 48.0501
745 74.9355 48.0501
842 74.9355 48.0501
932 74.9355 48.0501
357 74.9355 48.0501
609 75.0259 48.0705
850 75.1088 48.0893
553 75.189 48.1075
323 75.2669 48.1251
942 75.3506 48.144
606 75.4824 48.1739
684 80.6718 49.3483
232 80.6718 49.3483
977 83.904 49.3389
497 87.1608 49.3295
425 87.1537 49.0772
242 87.1476 48.8597
884 87.1411 48.6275
506 87.1345 48.3954
951 87.1252 48.065
920 87.1165 47.7545
170 87.1083 47.4625
198 87.0991 47.1362
838 87.0892 46.7845
387 87.0787 46.41
967 87.0649 45.9187
107 87.0431 45.1443
98 86.7827 35.8816
33 86.7203 33.6652
520 86.6607 31.5419
590 86.5692 28.2903
260 86.2684 17.5916
979 86.2684 17.5916
243 86.2684 17.5916
345 86.2684 17.5916
627 86.2684 17.5916
483 86.2684 17.5916
