0,103,959,581,176,598,504,295,721,24,819,831,6,777,289,419,518,873,164,64,653,883,310,160,934,824,407,573,287,254,834,26,337,709,261,704,246,626,702,111,822,351,379,278,307,439,669,787,284,363,221,643,915,902,467,722,488,646,362,741,588,348,629,963,366,812,402,61,881,474,455,331,187,674,682,8,412,211,354,836,205,829,121,602,661,710,268,86,65,4,125,299,572,74,641,514,258,673,943,133,794,899,985,87,898,283,731,330,486,32,78,797,770,157,758,990,142,841,336,858,46,123,616,352,476,534,222,218,174,463,489,677,328,499,949,148,116,47,749,936,182,312,505,341,663,863,57,958,212,10,423,909,373,384,771,698,100,228,700,652,691,565,122,154,303,391,938,849,128,214,279,496,708,925,527,166,972,805,542,502,950,114,879,277,524,220,451,99,635,339,445,457,411,966,219,77,255,272,764,772,81,132,347,948,234,376,589,784,734,14,799,196,760,630,939,991,97,326,639,717,667,119,531,747,371,796,162,694,551,400,361,338,607,517,703,552,275,131,3,680,726,600,739,329,184,427,398,860,503,482,429,905,830,346,825,701,479,556,298,443,113,168,381,130,207,224,970,192,657,500,665,487,686,886,728,615,890,321,554,431,75,95,759,944,178,88,31,90,240,374,946,658,608,550,988,560,213,916,628,138,953,169,247,399,568,249,401,436,546,750,933,236,973,325,199,106,108,364,1,914,827,495,469,304,426,316,263,736,433,718,780,444,115,386,547,570,792,955,300,585,815,695,557,405,203,435,446,447,892,48,693,803,153,93,868,380,969,200,678,39,637,301,699,462,712,719,982,711,17,13,593,871,954,786,227,776,244,183,761,16,296,441,697,578,333,120,60,360,521,442,15,490,456,41,753,58,768,76,28,167,430,918,288,491,773,92,714,50,651,36,833,368,424,150,919,409,96,418,631,885,610,806,230,960,2,548,292,73,859,808,146,139,44,306,638,696,20,872,672,757,611,253,141,223,614,189,561,256,215,72,449,649,569,270,766,271,428,738,392,231,394,181,172,437,470,795,265,241,124,53,22,752,448,294,807,763,559,309,206,239,389,416,866,877,613,974,874,129,814,707,5,539,319,840,248,947,564,406,940,746,536,880,562,882,984,193,563,961,532,259,369,541,335,516,126,367,887,229,861,575,618,118,911,313,567,477,931,642,856,280,584,202,156,980,344,317,12,802,343,82,713,755,320,305,659,624,851,40,636,826,530,105,895,774,62,511,952,690,434,415,245,754,185,23,737,816,140,896,165,179,177,375,408,983,273,992,42,622,494,52,158,666,318,823,620,845,854,813,145,251,285,465,544,353,149,464,817,135,893,159,580,648,864,775,742,417,820,928,322,372,660,25,889,725,311,473,204,528,685,740,450,332,383,937,852,201,385,900,818,18,654,67,744,904,975,393,460,290,962,71,579,509,671,478,650,83,727,395,152,837,481,68,110,378,595,867,51,297,340,801,420,847,625,440,986,453,921,235,855,134,523,188,968,647,513,810,432,617,515,800,238,558,315,94,468,84,35,987,632,282,173,668,91,793,9,832,293,762,964,112,286,582,577,769,798,894,791,743,538,498,782,907,540,683,101,484,161,605,225,109,281,923,208,857,597,471,350,216,144,804,264,715,127,779,676,80,621,789,976,601,349,922,390,576,596,291,171,732,137,839,604,591,927,965,735,459,365,730,689,903,175,765,404,571,533,79,912,226,56,526,587,266,510,720,507,662,756,30,454,809,971,308,878,21,267,599,501,788,957,846,645,924,382,574,59,104,493,910,640,901,724,897,888,537,54,410,163,252,705,327,370,233,733,545,956,461,729,89,359,34,891,929,981,422,535,512,633,302,778,397,414,237,49,269,508,862,917,324,664,655,210,783,38,687,603,413,619,525,151,543,475,706,612,549,522,853,692,529,811,11,388,37,7,438,403,194,180,480,147,913,908,748,876,679,688,723,869,191,66,586,421,209,355,217,356,472,989,790,566,906,342,930,63,848,452,257,19,250,197,594,358,458,870,875,828,751,978,492,935,43,681,785,844,865,945,377,27,276,555,55,69,519,716,186,262,155,314,842,634,675,357,396,843,623,781,45,644,821,606,85,190,485,942,767,29,583,232,117,143,102,466,553,70,609,926,850,656,334,745,323,941,670,977,170,242,684,838,506,195,951,198,425,932,136,884,387,497,107,274,967,592,920,33,520,98,590,835,345,627,979,243,483,260,
value : 396.565 running time : 2322.386581
0 80 20
103 62.4449 15.9887
959 62.4258 15.9904
581 62.4087 15.992
176 62.3926 15.9935
598 62.3764 15.9949
504 62.3603 15.9964
295 62.344 15.9979
721 62.3284 15.9993
24 61.2856 16.0939
819 60.0536 16.2057
831 58.7448 16.3245
6 57.3834 16.448
777 54.5615 16.704
289 49.2879 17.1823
419 46.9104 17.3981
518 43.8296 17.6776
873 43.5529 17.7216
164 42.878 17.829
64 39.4548 18.374
653 38.8268 18.474
883 38.1064 18.5886
310 37.4224 18.6975
160 36.72 18.8092
934 36.1164 18.9053
824 35.3849 19.0217
407 34.9581 19.0896
573 34.5 19.1625
287 34.0197 19.2389
254 33.4515 19.3294
834 33.3929 19.3387
26 33.3294 19.3488
337 33.2611 19.3596
709 33.1882 19.3712
261 33.123 19.3816
704 33.0512 19.393
246 32.9753 19.4051
626 32.9059 19.4161
702 32.8358 19.4273
111 32.7756 19.4369
822 32.7106 19.4472
351 32.6433 19.4579
379 32.5774 19.4684
278 32.5055 19.4798
307 32.5055 19.4798
439 32.5055 19.4798
669 32.5055 19.4798
787 32.5055 19.4798
284 32.5055 19.4798
363 32.5055 19.4798
221 32.5055 19.4798
643 32.5055 19.4798
915 32.5055 19.4798
902 32.5055 19.4798
467 32.5055 19.4798
722 13.4048 14.9755
488 13.3406 14.9603
646 13.2774 14.9454
362 13.2213 14.9322
741 13.1689 14.9198
588 13.1144 14.907
348 13.06 14.8942
629 13.0031 14.8807
963 12.9508 14.8684
366 12.9508 14.8684
812 12.9508 14.8684
402 12.9374 15.3913
61 12.9258 15.8392
881 12.9147 16.2717
474 12.9003 16.8306
455 12.8874 17.3317
331 12.8767 17.7483
187 12.867 18.1255
674 12.867 18.1256
682 12.867 18.1257
8 12.867 18.1258
412 12.8756 19.7837
211 12.8845 21.51
354 12.9091 26.2542
836 12.6762 27.8431
205 12.438 29.4682
829 12.438 29.4682
121 12.438 29.4682
602 12.438 29.4682
661 12.438 29.4682
710 12.438 29.4682
268 12.438 29.4682
86 12.438 29.4682
65 12.438 29.4682
4 12.438 29.4682
125 12.438 29.4682
299 12.438 29.4682
572 12.438 29.4682
74 12.438 29.4682
641 12.438 29.4682
514 12.438 29.4682
258 12.438 29.4682
673 12.438 29.4682
943 12.438 29.4682
133 12.438 29.4682
794 12.438 29.4682
899 12.438 29.4682
985 12.438 29.4682
87 12.438 29.4682
898 12.438 29.4682
283 12.8619 31.6777
731 13.2456 33.6774
330 13.502 35.0141
486 13.7779 35.2927
32 13.2662 37.073
78 12.7512 38.8653
797 12.2582 40.5807
770 11.8951 41.8444
157 11.5406 43.0779
758 11.4904 43.2524
990 11.4404 43.4263
142 11.3874 43.6106
841 11.3418 43.7694
336 11.2972 43.9245
858 11.2759 43.9988
46 11.2554 44.0699
123 11.2333 44.1469
616 11.2107 44.2253
352 11.1867 44.3089
476 11.1648 44.385
534 11.1409 44.4682
222 11.1173 44.5504
218 11.0931 44.6345
174 11.0775 44.6887
463 11.0613 44.7451
489 11.0447 44.8029
677 11.0283 44.8598
328 11.0283 44.8598
499 11.0393 45.0812
949 11.053 45.3589
148 11.0665 45.634
116 11.0808 45.9226
47 11.0886 46.0807
749 11.0958 46.2263
936 11.1031 46.3755
182 11.1101 46.5171
312 11.1167 46.6518
505 11.1241 46.8014
341 11.1309 46.9391
663 11.1375 47.072
863 11.1443 47.2097
57 11.1517 47.3612
958 11.1582 47.4925
212 11.1656 47.6417
10 11.1731 47.7941
423 11.1816 47.9672
909 11.1907 48.151
373 11.1991 48.3208
384 11.2069 48.4786
771 11.2158 48.6586
698 11.2249 48.8446
100 11.2333 49.0138
228 11.2408 49.1674
700 11.2492 49.3357
652 11.279 49.9398
691 11.3116 50.602
565 11.3368 51.1129
122 11.3585 51.553
154 11.3684 51.7529
303 11.3794 51.9763
391 11.3898 52.1874
938 11.401 52.4135
849 11.4114 52.625
128 11.4215 52.8296
214 11.4501 53.408
279 11.4762 53.9386
496 11.5026 54.4733
708 11.5395 55.2219
925 11.5772 55.9858
527 11.6116 56.6825
166 11.6493 57.4465
972 11.6903 58.2777
805 11.7345 59.1735
542 11.791 60.3198
502 11.9856 64.2629
950 12.0984 66.5486
114 12.1031 66.6446
879 12.1082 66.747
277 12.1132 66.8493
524 12.1182 66.9504
220 12.1236 67.0585
451 12.1282 67.1535
99 12.1585 67.7664
635 12.1696 67.9918
339 12.1307 68.0192
445 12.092 68.0464
457 12.0585 68.0699
411 12.0275 68.0917
966 11.9905 68.1177
219 11.9613 68.1383
77 11.931 68.1595
255 11.9031 68.1792
272 11.8774 68.1972
764 11.851 68.2159
772 11.8226 68.2358
81 11.7923 68.2571
132 11.7613 68.2789
347 11.7257 68.3039
948 11.7234 68.3351
234 11.7214 68.3625
376 11.7193 68.3924
589 11.7171 68.4216
784 11.7149 68.4529
734 11.7126 68.4846
14 11.7103 68.5159
799 11.7082 68.5455
196 11.7061 68.5741
760 11.7039 68.6049
630 11.7015 68.6386
939 11.6991 68.6706
991 11.6966 68.7062
97 11.6943 68.7369
326 11.692 68.7694
639 11.6899 68.7981
717 11.6879 68.8258
667 11.6858 68.8552
119 11.6837 68.8836
531 11.6818 68.9109
747 11.6723 69.0417
371 11.6617 69.1882
796 11.651 69.3358
162 11.6414 69.4694
694 11.6315 69.6062
551 11.6218 69.7398
400 11.613 69.8615
361 11.6042 69.9836
338 11.5955 70.1039
607 11.5865 70.2277
517 11.578 70.3452
703 11.5699 70.4582
552 11.5607 70.5849
275 11.5513 70.7152
131 11.5419 70.8444
3 11.5318 70.9841
680 11.5213 71.1296
726 11.5109 71.2739
600 11.5014 71.405
739 11.4923 71.5313
329 11.4822 71.6698
184 11.4684 71.8615
427 11.4573 72.0147
398 11.4459 72.1729
860 11.4335 72.3431
503 11.4223 72.4989
482 11.411 72.6548
429 11.3981 72.8329
905 11.3848 73.0173
830 11.3761 73.1369
346 11.3691 73.2337
825 11.362 73.3324
701 11.3551 73.4278
479 11.3477 73.53
556 11.3403 73.6319
298 11.3332 73.7311
443 11.3261 73.8282
113 11.3193 73.9231
168 11.3122 74.0211
381 11.3057 74.1105
130 11.2986 74.2091
207 11.2904 74.323
224 11.2825 74.4319
970 11.2753 74.5307
192 11.2675 74.6392
657 11.2582 74.7679
500 11.2495 74.8876
665 11.2408 75.0077
487 11.2318 75.1331
686 11.223 75.2541
886 11.2138 75.3816
728 11.205 75.5026
615 11.1963 75.6233
890 11.1881 75.7368
321 11.1801 75.848
554 11.1718 75.9626
431 11.1643 76.0665
75 11.1563 76.1758
95 11.1488 76.2798
759 11.1422 76.3719
944 11.1357 76.461
178 11.1295 76.5466
88 11.1236 76.6288
31 11.1173 76.7151
90 11.1111 76.8008
240 11.1054 76.8799
374 11.1001 76.9536
946 11.0947 77.0276
658 11.089 77.1068
608 11.048 77.6747
550 11.0116 78.1784
988 9.81633 89.4102
560 9.81633 89.4102
213 9.81633 89.4102
916 9.81633 89.4102
628 9.81633 89.4102
138 9.81633 89.4102
953 9.81633 89.4102
169 9.81633 89.4102
247 9.81633 89.4102
399 9.81633 89.4102
568 9.81633 89.4102
249 9.81633 89.4102
401 9.81633 89.4102
436 9.81633 89.4102
546 9.81633 89.4102
750 9.81633 89.4102
933 9.81633 89.4102
236 9.81633 89.4102
973 9.81633 89.4102
325 9.81633 89.4102
199 9.81633 89.4102
106 9.81633 89.4102
108 9.81633 89.4102
364 9.81633 89.4102
1 9.81633 89.4102
914 9.81633 89.4102
827 9.81633 89.4102
495 9.81633 89.4102
469 9.81633 89.4102
304 9.81633 89.4102
426 9.81633 89.4102
316 9.81633 89.4102
263 9.81633 89.4102
736 9.81633 89.4102
433 9.81633 89.4102
718 9.91026 89.409
780 10.0081 89.4077
444 10.0951 89.4066
115 10.1897 89.4054
386 10.2726 89.4043
547 10.3505 89.4033
570 10.437 89.4022
792 10.528 89.401
955 10.6253 89.3998
300 10.7125 89.3986
585 10.8155 89.3973
815 10.9367 89.3958
695 11.0544 89.3942
557 11.1519 89.393
405 11.2445 89.3918
203 11.3471 89.3905
435 11.4508 89.3891
446 11.562 89.3877
447 11.6695 89.3863
892 11.7825 89.3848
48 11.8967 89.3834
693 12.0001 89.382
803 12.1073 89.3807
153 12.2196 89.3792
93 12.3372 89.3777
868 12.437 89.3764
380 12.5783 89.3746
969 12.7333 89.3726
200 12.9031 89.3704
678 13.0667 89.3683
39 13.2518 89.3659
637 13.5719 89.3618
301 13.906 89.3575
699 14.2729 89.3527
462 14.6385 89.348
712 14.9744 89.3437
719 15.2712 89.3399
982 15.8621 89.3323
711 16.5134 89.3239
17 17.8223 89.3071
13 19.1406 89.2901
593 20.5485 89.272
871 21.8675 89.2551
954 23.2531 89.2372
786 23.3416 89.2361
227 23.422 89.2351
776 23.5118 89.2339
244 23.6092 89.2326
183 23.7128 89.2313
761 23.8214 89.2299
16 23.9281 89.2285
296 24.0266 89.2273
441 24.1156 89.2261
697 24.2149 89.2248
578 24.3128 89.2236
333 24.4121 89.2223
120 24.5091 89.221
60 24.6034 89.2198
360 24.6845 89.2188
521 24.7703 89.2177
442 24.8591 89.2165
15 24.965 89.2152
490 25.0922 89.2135
456 25.2081 89.212
41 25.3304 89.2104
753 25.4416 89.209
58 25.5635 89.2074
768 25.6871 89.2058
76 25.8181 89.2041
28 25.9425 89.2025
167 26.0676 89.2009
430 26.1834 89.1994
918 26.3071 89.1978
288 26.4187 89.1964
491 26.5384 89.1949
773 26.6761 89.1931
92 26.8 89.1915
714 26.9091 89.1901
50 27.0726 89.188
651 27.2481 89.1857
36 27.4299 89.1834
833 27.6056 89.1811
368 27.7913 89.1787
424 27.9895 89.1761
150 28.2027 89.1734
919 28.4026 89.1708
409 28.5772 89.1686
96 28.769 89.1661
418 28.9494 89.1638
631 29.1395 89.1613
885 29.3341 89.1588
610 29.5459 89.1561
806 29.7708 89.1532
230 29.9842 89.1504
960 30.1766 89.1479
2 30.3713 89.1454
548 30.5683 89.1429
292 30.7505 89.1405
73 30.9078 89.1385
859 31.074 89.1364
808 31.2644 89.1339
146 31.4532 89.1315
139 31.6242 89.1293
44 31.7063 89.1282
306 31.8015 89.127
638 31.9056 89.1256
696 32.0055 89.1244
20 32.1139 89.123
872 32.2195 89.1216
672 32.3273 89.1202
757 32.4307 89.1189
611 32.5535 89.1173
253 32.9203 89.1125
141 33.3033 89.1076
223 33.6838 89.1027
614 34.0975 89.0974
189 34.1631 89.0965
561 34.2293 89.0957
256 34.2903 89.0949
215 34.3555 89.0941
72 34.4165 89.0933
449 34.48 89.0925
649 34.5397 89.0917
569 34.6001 89.0909
270 34.6582 89.0901
766 34.7151 89.0894
271 34.7665 89.0888
428 34.8191 89.0881
738 34.8784 89.0873
392 34.9343 89.0866
231 34.9903 89.0859
394 35.0488 89.0851
181 35.1061 89.0844
172 35.1599 89.0837
437 35.2147 89.083
470 35.2669 89.0823
795 35.3207 89.0816
265 35.3783 89.0809
241 35.4315 89.0802
124 35.4838 89.0795
53 35.9978 89.0728
22 36.4815 89.0666
752 36.9653 89.0603
448 37.4823 89.0536
294 38.0121 89.0468
807 38.4155 89.0416
763 38.7946 89.0367
559 39.1557 89.032
309 39.4486 89.0282
206 39.7508 89.0243
239 40.0475 89.0205
389 40.3236 89.0169
416 40.5947 89.0134
866 40.8648 89.0099
877 41.1198 89.0066
613 41.383 89.0032
974 41.6797 88.9994
874 42.1216 88.9937
129 42.5154 88.9886
814 42.9258 88.9833
707 43.3036 88.9784
5 43.7605 88.9725
539 44.1706 88.9672
319 44.5926 88.9618
840 44.9982 88.9565
248 45.5075 88.9499
947 46.0036 88.9435
564 46.4465 88.9378
406 46.9228 88.9316
940 47.3768 88.9258
746 47.8049 88.9202
536 48.2372 88.9146
880 48.6713 88.909
562 49.0667 88.9039
882 49.5388 88.8978
984 49.9286 88.8928
193 49.9976 88.8919
563 50.075 88.8909
961 50.1569 88.8898
532 50.2424 88.8887
259 50.3308 88.8876
369 50.4149 88.8865
541 50.4923 88.8855
335 50.5756 88.8844
516 50.6535 88.8834
126 50.7347 88.8823
367 50.8212 88.8812
887 50.9054 88.8801
229 50.9875 88.8791
861 51.0459 88.8783
575 51.1091 88.8775
618 51.1671 88.8768
118 51.2289 88.876
911 51.2901 88.8752
313 51.3475 88.8744
567 51.4095 88.8736
477 51.4652 88.8729
931 51.4979 88.8725
642 51.4979 88.8725
856 51.4979 88.8725
280 51.4979 88.8725
584 51.4979 88.8725
202 51.4979 88.8725
156 51.4979 88.8725
980 51.4979 88.8725
344 51.4979 88.8725
317 51.4979 88.8725
12 51.4979 88.8725
802 51.4979 88.8725
343 51.5381 88.8749
82 51.582 88.8775
713 51.627 88.8802
755 51.6747 88.883
320 51.7231 88.8859
305 51.7709 88.8887
659 51.821 88.8917
624 51.8723 88.8948
851 51.9241 88.8978
40 51.9737 88.9008
636 52.0208 88.9036
826 52.0676 88.9064
530 52.1138 88.9091
105 52.1602 88.9119
895 52.2122 88.915
774 52.2607 88.9179
62 52.3093 88.9208
511 52.3577 88.9236
952 52.4094 88.9267
690 52.4604 88.9297
434 52.5077 88.9326
415 52.5579 88.9355
245 52.6069 88.9385
754 52.6559 88.9414
185 52.7046 88.9443
23 52.7487 88.9469
737 52.7963 88.9497
816 52.8425 88.9525
140 52.8847 88.955
896 52.9264 88.9575
165 52.9681 88.9599
179 53.015 88.9627
177 53.0605 88.9654
375 53.099 88.9677
408 56.489 89.1694
983 73.8951 90.2053
273 73.8951 90.2053
992 73.8951 90.2053
42 73.9578 90.1894
622 74.0228 90.173
494 74.0889 90.1562
52 74.1469 90.1415
158 74.2103 90.1254
666 74.2725 90.1096
318 74.3316 90.0946
823 74.3914 90.0795
620 74.4524 90.064
845 74.5185 90.0472
854 74.5865 90.03
813 74.6515 90.0135
145 74.714 89.9976
251 74.7787 89.9812
285 74.8445 89.9645
465 74.9104 89.9478
544 74.9754 89.9313
353 75.0439 89.914
149 75.1103 89.8971
464 75.1784 89.8798
817 75.3012 89.8487
135 75.7449 89.7361
893 76.1652 89.6295
159 76.5616 89.529
580 76.9614 89.4275
648 77.4456 89.3047
864 77.8909 89.1918
775 78.3476 89.0759
742 78.8769 88.9416
417 79.4124 88.8058
820 79.9961 88.6577
928 80.6177 88.5
322 83.0621 86.2136
372 86.0063 83.4597
660 85.9196 83.3939
25 85.838 83.3319
889 85.7508 83.2656
725 85.6573 83.1946
311 85.5714 83.1294
473 85.4847 83.0635
204 85.3937 82.9944
528 85.3068 82.9283
685 85.2309 82.8707
740 85.1388 82.8008
450 85.0519 82.7348
332 79.1034 79.4478
383 74.9996 77.18
937 73.7344 76.4808
852 72.5139 75.8064
201 71.9249 75.4808
385 71.6601 75.3345
900 71.3693 75.1738
818 71.0896 75.0192
18 70.7733 74.8443
654 70.4716 74.6776
67 70.1769 74.5147
744 69.9247 74.3753
904 69.6579 74.2279
975 69.4026 74.0868
393 69.1269 73.9344
460 68.8894 73.8031
290 68.6676 73.6806
962 68.4427 73.5563
71 68.2187 73.4324
579 67.9721 73.2962
509 67.7006 73.1461
671 67.4466 73.0058
478 67.2211 72.8811
650 67.0832 72.8049
83 66.9549 72.734
727 66.809 72.6534
395 66.6671 72.5749
152 66.5255 72.4967
837 66.3837 72.4183
481 66.2361 72.3367
68 66.0711 72.2455
110 65.9272 72.166
378 65.781 72.0852
595 65.6262 71.9996
867 65.4872 71.9228
51 65.3477 71.8457
297 65.2028 71.7656
340 65.0342 71.6724
801 64.8755 71.5847
420 64.7146 71.4958
847 62.4056 70.6457
625 60.1876 69.829
440 58.9343 69.3676
986 57.7061 68.9154
453 56.7626 68.568
921 55.9281 68.2608
235 55.1414 67.9711
855 54.4557 67.7187
134 53.8055 67.4793
523 53.3842 67.3242
188 53.225 67.2656
968 53.225 67.2656
647 53.225 67.2656
513 53.225 67.2656
810 53.225 67.2656
432 53.225 67.2656
617 53.225 67.2656
515 53.225 67.2656
800 53.225 67.2656
238 53.225 67.2656
558 53.225 67.2656
315 53.225 67.2656
94 53.225 67.2656
468 53.225 67.2656
84 53.225 67.2656
35 53.225 67.2656
987 53.225 67.2656
632 53.225 67.2656
282 53.225 67.2656
173 53.225 67.2656
668 53.225 67.2656
91 53.225 67.2656
793 53.225 67.2656
9 53.225 67.2656
832 53.225 67.2656
293 53.225 67.2656
762 53.225 67.2656
964 53.225 67.2656
112 53.225 67.2656
286 53.225 67.2656
582 53.225 67.2656
577 53.225 67.2656
769 53.225 67.2656
798 53.225 67.2656
894 53.225 67.2656
791 53.225 67.2656
743 53.225 67.2656
538 53.225 67.2656
498 52.47 67.1737
782 52.1615 67.1361
907 51.8265 67.0953
540 49.6912 66.8353
683 49.3671 66.7958
101 49.0859 66.7616
484 48.8332 66.7308
161 48.59 66.7011
605 48.3376 66.6704
225 48.0031 66.6296
109 47.7233 66.5956
281 47.4066 66.557
923 47.126 66.5228
208 46.7349 66.4751
857 46.1211 66.4004
597 45.3416 66.3054
471 44.6017 66.2153
350 43.9632 66.1375
216 43.3341 66.0609
144 42.595 65.9709
804 41.8328 65.878
264 41.0918 65.7877
715 40.3317 65.6951
127 39.5756 65.603
779 39.1471 65.6013
676 38.6745 65.5994
80 38.1459 65.5973
621 37.6052 65.5951
789 33.7641 65.5794
976 33.6841 65.5791
601 33.5566 65.5786
349 33.5325 65.5785
922 33.5113 65.5784
390 33.4871 65.5783
576 33.4657 65.5782
596 33.4412 65.5781
291 33.4169 65.578
171 33.3925 65.5779
732 33.3674 65.5778
137 33.3383 65.5777
839 33.3112 65.5776
604 33.2835 65.5775
591 33.2576 65.5774
927 33.2303 65.5773
965 33.206 65.5772
735 33.1829 65.5771
459 33.1629 65.577
365 33.1388 65.5769
730 33.1126 65.5768
689 33.0886 65.5767
903 33.0649 65.5766
175 33.0438 65.5765
765 33.0207 65.5764
404 32.9958 65.5763
571 32.9694 65.5762
533 32.946 65.5761
79 32.9186 65.576
912 32.8959 65.5759
226 32.872 65.5758
56 32.8463 65.5757
526 32.8161 65.5756
587 32.7905 65.5755
266 32.7658 65.5754
510 32.7435 65.5753
720 32.7204 65.5752
507 32.6978 65.5751
662 32.6771 65.5751
756 32.6549 65.575
30 32.6337 65.5749
454 32.6098 65.5748
809 32.588 65.5747
971 32.5623 65.5746
308 32.5407 65.5745
878 32.5176 65.5744
21 32.4942 65.5743
267 32.4697 65.5742
599 32.4447 65.5741
501 32.4212 65.574
788 32.398 65.5739
957 32.3742 65.5738
846 32.3495 65.5737
645 32.3276 65.5737
924 32.3025 65.5736
382 32.3025 65.5736
574 32.3025 65.5736
59 32.3025 65.5736
104 32.3025 65.5736
493 32.3025 65.5736
910 32.3025 65.5736
640 32.3025 65.5736
901 32.3025 65.5736
724 32.3025 65.5736
897 32.3025 65.5736
888 32.3025 65.5736
537 32.3025 65.5736
54 32.2997 65.3937
410 32.2972 65.2284
163 32.2947 65.0664
252 32.2921 64.8995
705 32.2675 63.2867
327 32.2556 62.5104
370 32.2361 61.2346
233 32.2219 60.309
733 32.2105 59.5628
545 32.1978 58.7348
956 32.1864 57.9911
461 32.184 57.8377
729 32.1818 57.6898
89 32.1794 57.5357
359 32.1771 57.3896
34 32.1746 57.2223
891 32.172 57.0526
929 32.1694 56.8893
981 32.1669 56.7225
422 32.164 56.5368
535 32.3955 52.7334
512 32.488 51.2128
633 32.5072 50.8973
302 32.5279 50.5564
778 32.5481 50.2242
397 32.5692 49.8784
414 32.5881 49.5677
237 32.6043 49.3008
49 32.6227 48.9988
269 32.6412 48.6957
508 32.661 48.3703
862 32.6808 48.0447
917 32.6981 47.7602
324 32.7126 47.5223
664 32.7327 47.1907
655 32.7502 46.9045
210 32.7638 46.6808
783 32.7806 46.4049
38 32.7966 46.1415
687 32.8123 45.8843
603 32.8263 45.6535
413 32.8428 45.3829
619 32.8597 45.1038
525 32.8766 44.8273
151 32.8943 44.5353
543 32.9101 44.2762
475 32.9273 43.9942
706 32.9456 43.6926
612 32.9643 43.3854
549 32.9945 43.3793
522 33.0282 43.3726
853 33.0572 43.3667
692 33.0839 43.3613
529 33.1084 43.3564
811 33.1335 43.3514
11 33.159 43.3462
388 33.1857 43.3409
37 33.2127 43.3354
7 33.2426 43.3294
438 33.2688 43.3241
403 33.2973 43.3184
194 33.3322 43.3114
180 33.3611 43.3056
480 33.3877 43.3002
147 33.4124 43.2952
913 33.4369 43.2903
908 33.4623 43.2852
748 33.5553 43.2665
876 33.6495 43.2475
679 33.7368 43.2299
688 33.8274 43.2117
723 33.9179 43.1935
869 34.0238 43.1722
191 38.4609 42.2792
66 42.0722 41.5524
586 43.2105 41.3234
421 44.5005 41.0637
209 45.7755 40.8071
355 46.117 40.7384
217 46.3356 40.6944
356 46.4726 40.6668
472 46.6261 40.6359
989 46.7781 40.6053
790 46.9508 40.5706
566 47.1289 40.5348
906 47.3321 40.4939
342 47.5147 40.4571
930 47.7173 40.4163
63 47.8886 40.3818
848 48.0522 40.3489
452 48.2244 40.3143
257 48.4091 40.2771
19 48.6175 40.2352
250 48.8127 40.1959
197 49.0042 40.1573
594 49.2104 40.1158
358 49.4013 40.0774
458 49.4545 40.0667
870 49.5071 40.0561
875 49.563 40.0449
828 49.6214 40.0331
751 49.6738 40.0226
978 49.7243 40.0124
492 49.7725 40.0027
935 49.8248 39.9922
43 49.8841 39.9802
681 49.9364 39.9697
785 49.9872 39.9595
844 50.0368 39.9495
865 50.0887 39.9391
945 50.1384 39.9291
377 50.1976 39.9172
27 50.2498 39.9066
276 50.2969 39.8972
555 50.3511 39.8863
55 50.3511 39.8863
69 51.711 40.6427
519 53.149 41.4426
716 53.9592 41.8933
186 54.8227 42.3736
262 54.8227 42.3736
155 54.8227 42.3736
314 55.7819 42.6169
842 56.5063 42.8007
634 56.8739 42.8939
675 57.2605 42.992
357 57.6163 43.0822
396 57.937 43.1636
843 58.2219 43.2359
623 58.6089 43.334
781 58.9893 43.4305
45 59.5391 43.57
644 60.0463 43.6987
821 60.5238 43.8198
606 61.1829 43.987
85 61.7932 44.1418
190 65.1435 44.9917
485 66.1819 45.2551
942 67.3479 45.5509
767 68.0052 45.7176
29 68.6152 45.8724
583 69.1666 46.0122
232 69.6135 46.1256
117 70.0646 46.24
143 70.588 46.3728
102 71.149 46.5151
466 71.7011 46.6551
553 72.2469 46.7936
70 72.7678 46.9257
609 73.4552 47.1001
926 74.111 47.2664
850 74.9139 47.4701
656 75.7188 47.6743
334 77.7407 48.1872
745 77.9116 48.2016
323 78.0861 48.2162
941 78.3495 48.2384
670 79.5888 48.3425
977 81.8433 48.5319
170 82.8736 48.6184
242 83.5267 48.6733
684 84.1802 48.7282
838 84.4418 48.7502
506 84.7133 48.773
195 84.9474 48.7927
951 85.2268 48.8162
198 85.4943 48.8386
425 85.7539 48.8605
932 86.0699 48.887
136 86.4234 48.9167
884 86.7715 48.946
387 87.0981 48.9734
497 87.4866 49.0061
107 87.455 48.1834
274 87.4141 47.1164
967 87.3938 46.5865
592 87.347 45.3666
920 87.3043 44.2524
33 87.1096 39.1733
520 87.0195 36.8246
98 86.933 34.5666
590 86.8747 33.0475
835 86.8141 31.4653
345 86.5175 23.7288
627 86.4032 20.7459
979 86.3312 18.8682
243 86.3039 18.1566
483 86.2827 17.6049
260 86.1874 17.6087
