0,831,295,504,598,959,777,24,581,176,819,103,721,6,419,555,164,873,518,573,289,669,643,822,111,307,834,351,363,467,934,626,64,407,883,439,26,310,160,261,653,379,287,704,824,709,337,221,284,787,246,702,354,915,673,362,646,629,488,902,588,402,211,722,61,881,8,348,674,366,412,812,682,254,187,258,331,963,641,898,572,943,121,125,612,741,205,794,299,829,268,455,86,836,4,74,661,87,700,710,32,899,474,133,514,985,65,602,486,328,283,499,330,10,212,616,78,565,909,166,527,391,858,938,222,123,303,341,154,228,542,863,663,218,463,489,677,312,373,958,990,841,423,771,534,770,908,46,936,116,182,47,797,758,128,336,157,384,476,698,174,925,214,352,505,652,496,731,705,148,749,949,142,422,279,100,849,347,805,972,329,956,708,122,981,57,531,451,691,234,717,764,939,760,131,524,728,184,445,132,970,376,734,503,113,739,196,381,255,272,220,429,119,192,589,825,701,457,796,338,694,500,946,703,339,224,630,551,556,114,726,552,680,860,600,948,361,346,400,326,97,517,607,657,772,99,77,277,3,398,371,747,686,502,207,443,601,479,799,219,966,950,482,81,487,991,667,639,411,374,427,784,14,924,275,665,554,90,635,658,426,325,88,886,298,168,162,879,130,433,48,973,830,560,944,955,321,890,444,695,570,178,75,547,401,982,868,15,115,776,815,615,637,916,304,933,249,442,301,203,405,827,469,213,17,95,718,759,39,399,780,750,969,699,93,380,169,200,711,905,13,953,236,240,435,546,386,153,792,300,263,892,585,244,31,495,247,628,568,719,736,447,557,678,914,1,364,108,106,199,138,316,803,436,360,446,693,988,60,227,806,73,418,773,462,92,954,16,859,918,306,409,44,20,753,183,76,28,167,611,96,786,697,712,430,672,490,41,714,333,431,58,651,424,833,757,368,578,441,550,521,593,631,610,141,808,150,36,456,50,253,608,871,696,885,288,491,768,292,241,124,761,638,470,960,270,172,394,548,763,877,872,120,294,448,139,215,181,866,807,206,416,309,840,449,2,256,561,265,707,614,752,437,795,189,649,569,974,230,22,613,239,53,814,231,392,72,146,738,271,428,223,296,129,919,766,389,874,5,532,636,40,851,624,961,880,713,320,369,193,584,317,802,559,564,313,980,539,248,567,856,185,105,516,367,887,861,575,563,118,126,335,23,746,305,911,755,562,816,737,12,140,896,165,179,202,984,754,245,415,434,690,952,511,774,895,530,826,642,406,229,947,940,156,541,280,62,882,343,82,659,408,319,931,536,618,344,259,375,893,159,725,177,992,544,465,158,149,318,823,620,845,854,775,666,580,417,820,494,817,52,622,71,464,273,742,477,42,813,145,251,285,864,353,983,135,928,648,528,311,204,473,25,322,889,660,685,372,450,937,740,332,650,744,290,867,393,595,801,340,832,201,378,852,654,904,297,385,818,395,460,18,481,383,110,67,83,975,962,837,152,51,579,900,478,800,907,420,68,727,208,847,538,762,84,671,647,987,509,668,605,782,632,35,173,238,293,134,986,91,161,793,498,286,769,968,109,112,857,921,9,188,964,625,471,597,779,484,144,264,459,743,410,798,513,225,576,94,350,163,468,715,621,216,523,894,281,235,577,101,582,515,315,432,440,282,923,732,683,791,186,676,558,810,855,617,453,804,540,526,689,910,266,645,724,54,929,912,640,501,21,878,308,454,789,809,507,846,971,537,957,765,903,404,252,226,587,756,730,390,171,137,327,965,927,604,291,365,596,888,175,976,729,662,80,233,359,897,34,104,493,720,574,127,891,735,545,901,324,30,370,349,591,89,733,922,56,267,571,533,79,839,633,510,59,788,599,382,403,748,917,706,512,778,38,388,688,155,989,11,438,397,37,480,191,811,475,461,525,862,619,413,237,269,876,655,869,543,679,49,723,535,210,664,529,302,414,194,790,566,687,913,257,853,522,452,508,147,783,180,278,692,7,151,603,549,586,262,55,828,355,43,935,492,377,472,906,356,751,276,875,66,421,844,785,69,19,634,63,217,27,250,945,843,209,716,681,978,865,594,848,821,358,930,342,458,870,197,623,781,670,85,519,675,396,485,745,609,45,592,644,583,466,926,143,967,190,357,314,102,70,850,606,232,942,117,195,941,553,767,842,274,656,29,323,334,932,977,506,107,951,884,387,920,198,425,170,838,684,242,136,835,497,590,33,520,98,979,627,345,243,483,260,
value : 393.599 running time : 4455.310504
0 80 20
831 65.8908 16.7839
295 65.5157 16.6984
504 65.1691 16.6194
598 64.8168 16.5391
959 64.4496 16.4554
777 64.0934 16.3742
24 63.768 16.3
581 63.4173 16.2201
176 63.0789 16.1429
819 62.7262 16.0625
103 62.3836 15.9844
721 62.3486 15.9872
6 58.2287 16.3165
419 54.1146 16.6452
555 51.7765 16.8321
164 49.857 16.9855
873 47.8868 17.1429
518 43.3067 17.5088
573 41.7655 17.632
289 40.5211 17.7314
669 36.8049 18.0284
643 36.2346 18.0739
822 36.2346 18.0739
111 36.2346 18.0739
307 36.2346 18.0739
834 36.2346 18.0739
351 36.1186 18.0567
363 36.0169 18.0416
467 35.9258 18.0281
934 35.8159 18.0118
626 35.6857 17.9925
64 35.5661 17.9748
407 35.4569 17.9586
883 35.3502 17.9427
439 35.2346 17.9256
26 35.1472 17.9126
310 35.0517 17.8985
160 34.958 17.8846
261 34.485 17.8144
653 33.985 17.7403
379 33.3467 17.6457
287 32.6415 17.5411
704 31.9023 17.4315
824 31.1519 17.3203
709 30.4813 17.2209
337 29.833 17.1247
221 28.9912 16.9999
284 28.2838 16.895
787 27.6351 16.7989
246 26.4469 16.6227
702 25.2212 16.441
354 24.0639 16.2694
915 22.2525 16.0009
673 16.9084 15.2086
362 15.6867 15.0275
646 14.9432 14.9173
629 14.7743 14.8922
488 14.6181 14.8691
902 14.4493 14.844
588 14.2321 14.8118
402 14.0354 14.7827
211 13.8223 14.7511
722 13.5958 14.7175
61 13.5473 14.7103
881 13.5058 14.7041
8 13.4661 14.6983
348 13.4184 14.6912
674 13.3692 14.6839
366 13.323 14.677
412 13.2704 14.6692
812 13.2211 14.6619
682 13.0941 16.061
254 12.9694 17.4358
187 12.8387 18.8756
258 12.7272 21.2204
331 12.6448 22.9521
963 12.5628 24.6747
641 12.4806 26.4023
898 12.3886 28.3365
572 12.5028 28.8259
943 12.6214 29.334
121 12.7418 29.8498
125 12.8553 30.336
612 12.9546 30.7615
741 12.9688 30.8223
205 12.988 30.9046
794 13.0031 30.9693
299 13.0212 31.047
829 13.042 31.1359
268 13.0587 31.2075
455 13.0749 31.277
86 13.0939 31.3584
836 13.1135 31.4423
4 13.1313 31.5187
74 13.1506 31.6012
661 13.1713 31.69
87 13.1938 31.7865
700 13.2147 31.876
710 13.2326 31.9525
32 13.2536 32.0425
899 13.2702 32.1139
474 13.2882 32.1909
133 13.3071 32.2717
514 13.3269 32.3567
985 13.3488 32.4504
65 13.3699 32.5406
602 13.389 32.6228
486 13.4104 32.7145
328 12.0471 40.978
283 12.0389 41.5749
499 12.0307 42.1734
330 12.0228 42.7476
10 12.0148 43.3293
212 12.0062 43.9548
616 11.9974 44.5939
78 11.9883 45.2579
565 11.9781 45.999
909 11.9725 46.4066
166 11.9665 46.8408
527 11.965 46.9512
391 11.9637 47.0501
858 11.9622 47.1589
938 11.9606 47.2683
222 11.9593 47.3681
123 11.9578 47.4719
303 11.9562 47.5926
341 11.9547 47.6957
154 11.9533 47.7985
228 11.9519 47.9016
542 11.9503 48.0174
863 11.9489 48.1183
663 11.9473 48.2348
218 11.9456 48.3626
463 11.9441 48.4697
489 11.9425 48.5823
677 11.941 48.696
312 11.9397 48.7879
373 11.9382 48.8929
958 11.9369 48.9879
990 11.9353 49.1063
841 11.9335 49.2366
423 11.9319 49.3521
771 11.9302 49.4797
534 11.9284 49.6068
770 11.9268 49.7238
908 11.925 49.8511
46 11.9234 49.9675
936 11.9213 50.1238
116 11.9193 50.266
182 11.9175 50.4005
47 11.9156 50.5373
797 11.9139 50.6617
758 11.912 50.7984
128 11.9101 50.9337
336 11.9081 51.0823
157 11.9063 51.2108
384 11.9046 51.3345
476 11.9018 51.5373
698 11.8985 51.7733
174 11.8954 51.9984
925 11.8921 52.2377
214 11.8893 52.4402
352 11.8867 52.6259
505 11.8841 52.8179
652 11.8815 53.0052
496 11.8788 53.201
731 11.8759 53.4096
705 11.8725 53.6593
148 11.8725 53.6593
749 11.8591 53.9809
949 11.8454 54.3107
142 11.8283 54.7216
422 11.8103 55.1553
279 11.7939 55.5482
100 11.7777 55.9392
849 11.7603 56.3565
347 11.7412 56.816
805 11.7343 56.9811
972 11.7267 57.1655
329 11.7186 57.3589
956 11.7117 57.5237
708 11.7048 57.6904
122 11.6973 57.8698
981 11.671 58.5017
57 11.6438 59.1549
531 11.6087 59.9987
451 11.5763 60.7766
691 11.5415 61.612
234 11.5024 62.55
717 11.4642 63.4686
764 11.4309 64.2688
939 11.3932 65.172
760 11.3572 66.038
131 11.3184 66.9686
524 11.2778 67.9442
728 11.2333 69.0142
184 11.207 69.649
445 11.2057 69.6782
132 11.2045 69.7074
970 11.2032 69.7387
376 11.2019 69.771
734 11.2004 69.806
503 11.1989 69.8419
113 11.1976 69.8748
739 11.1963 69.9041
196 11.1951 69.9351
381 11.1935 69.9715
255 11.1921 70.0057
272 11.1907 70.0401
220 11.1892 70.076
429 11.1878 70.1092
119 11.1865 70.14
192 11.1853 70.1706
589 11.1839 70.2041
825 11.1821 70.2466
701 11.1806 70.2818
457 11.1791 70.3177
796 11.1778 70.351
338 11.1765 70.3816
694 11.1751 70.4155
500 11.1737 70.4494
946 11.1723 70.483
703 11.171 70.5128
339 11.1694 70.5523
224 11.168 70.5856
630 11.1667 70.6176
551 11.1651 70.6555
556 11.1637 70.6887
114 11.1625 70.7182
726 11.161 70.7545
552 11.1596 70.7869
680 11.1582 70.8218
860 11.1566 70.8592
600 11.1552 70.8924
948 11.1538 70.926
361 11.1524 70.9615
346 11.1509 70.997
400 11.1495 71.0306
326 11.1481 71.0648
97 11.1468 71.0954
517 11.1454 71.128
607 11.144 71.163
657 11.1426 71.197
772 11.1413 71.2269
99 11.1398 71.2637
77 11.1385 71.2951
277 11.1371 71.3291
3 11.1357 71.3617
398 11.1343 71.3964
371 11.1329 71.4291
747 11.1315 71.4621
686 11.1299 71.5002
502 11.1285 71.5351
207 11.127 71.5706
443 11.1257 71.6033
601 11.1244 71.633
479 11.119 71.7629
799 11.1145 71.8724
219 11.1093 71.9966
966 11.1039 72.1273
950 11.0985 72.2571
482 11.0935 72.3791
81 11.0879 72.5133
487 11.0815 72.6675
991 11.0761 72.7968
667 11.0711 72.9171
639 11.0658 73.0445
411 11.061 73.161
374 11.0551 73.3022
427 11.0501 73.4214
784 11.0452 73.5393
14 11.0395 73.677
924 11.0341 73.8083
275 11.0282 73.9499
665 11.0217 74.1046
554 11.0145 74.2791
90 11.0087 74.4193
635 11.0086 74.42
658 10.9714 75.291
426 10.9686 75.3462
325 10.966 75.398
88 10.9636 75.4462
886 10.9613 75.4934
298 10.9591 75.5387
168 10.9568 75.5852
162 10.9545 75.63
879 10.9522 75.6771
130 10.9497 75.7282
433 10.8216 78.3082
48 10.69 80.9621
973 10.5645 83.4927
830 10.5515 83.7549
560 10.5367 84.0534
944 10.5213 84.3633
955 10.5055 84.6823
321 10.4899 84.9965
890 10.4732 85.3353
444 10.4544 85.7138
695 10.4366 86.073
570 10.4204 86.3999
178 10.4029 86.7522
75 10.3841 87.1323
547 10.3625 87.5664
401 10.342 87.9805
982 10.3213 88.3989
868 10.2991 88.8446
15 10.28 89.2301
115 10.2786 89.2595
776 10.2772 89.2885
815 10.2759 89.3134
615 10.2746 89.3401
637 10.273 89.3731
916 10.2714 89.4048
304 10.2697 89.4387
933 10.2682 89.4708
249 10.2667 89.4996
442 10.2652 89.5297
301 10.2639 89.5576
203 10.2624 89.5863
405 10.2607 89.6221
827 10.2591 89.6547
469 10.2577 89.6829
213 10.2561 89.7153
17 10.256 89.7171
95 10.2559 89.7191
718 10.2558 89.7212
759 10.2557 89.7233
39 10.2556 89.7255
399 10.2555 89.7273
780 10.2554 89.7293
750 10.2553 89.7317
969 10.2551 89.7338
699 10.2551 89.7358
93 10.2549 89.7378
380 10.2548 89.7403
169 10.2547 89.7424
200 10.2546 89.7446
711 10.2545 89.7467
905 10.2544 89.7487
13 10.2543 89.7508
953 10.2542 89.753
236 10.2541 89.7552
240 10.254 89.7572
435 10.2539 89.7595
546 10.2538 89.7615
386 10.2537 89.7636
153 10.2536 89.7659
792 10.2535 89.768
300 10.2533 89.7703
263 10.2532 89.7724
892 10.2531 89.7745
585 10.253 89.7767
244 10.2529 89.7785
31 10.2528 89.7807
495 10.2527 89.7829
247 10.2526 89.7853
628 10.2525 89.7876
568 10.2524 89.79
719 10.2523 89.7922
736 10.2522 89.7945
447 10.2521 89.7967
557 10.2519 89.7989
678 10.2518 89.8013
914 10.2517 89.8035
1 10.2516 89.8056
364 10.2515 89.8079
108 10.2514 89.8101
106 10.2513 89.8125
199 10.2512 89.8147
138 10.2511 89.8168
316 10.251 89.819
803 10.2508 89.8212
436 10.2507 89.8233
360 10.2506 89.8254
446 10.2505 89.8281
693 10.2504 89.8306
988 10.2503 89.8329
60 23.6718 89.4926
227 23.9161 89.4864
806 24.1998 89.4792
73 24.2755 89.4773
418 24.3493 89.4754
773 24.4277 89.4734
462 24.4963 89.4717
92 24.5902 89.4693
954 24.6717 89.4672
16 24.7492 89.4653
859 24.8228 89.4634
918 24.9035 89.4614
306 24.975 89.4595
409 25.0512 89.4576
44 25.1288 89.4556
20 25.2101 89.4536
753 25.2828 89.4517
183 25.364 89.4497
76 25.4536 89.4474
28 25.538 89.4452
167 25.6222 89.4431
611 25.7018 89.4411
96 25.7852 89.439
786 25.8634 89.437
697 25.9357 89.4351
712 26.0085 89.4333
430 26.0962 89.4311
672 26.1843 89.4288
490 26.261 89.4269
41 26.3397 89.4249
714 26.4155 89.4229
333 26.4959 89.4209
431 26.5736 89.4189
58 26.6558 89.4168
651 26.7408 89.4147
424 26.8264 89.4125
833 26.9112 89.4104
757 26.9991 89.4081
368 27.0811 89.406
578 27.1674 89.4039
441 27.2485 89.4018
550 27.3357 89.3996
521 27.4178 89.3975
593 27.5057 89.3953
631 27.6026 89.3928
610 27.6965 89.3904
141 27.7941 89.3879
808 27.8829 89.3857
150 27.9667 89.3836
36 28.0452 89.3816
456 28.1256 89.3795
50 28.2118 89.3773
253 28.3068 89.3749
608 28.3893 89.3728
871 28.475 89.3707
696 28.571 89.3682
885 28.6629 89.3659
288 28.7533 89.3636
491 28.8483 89.3612
768 29.3441 89.3486
292 30.0981 89.3295
241 30.7319 89.3134
124 31.2806 89.2995
761 31.8311 89.2856
638 32.4464 89.27
470 33.0727 89.2541
960 33.6649 89.2391
270 34.2388 89.2246
172 34.4558 89.2191
394 34.6688 89.2137
548 34.878 89.2084
763 35.0928 89.2029
877 35.2786 89.1982
872 35.4584 89.1937
120 35.6827 89.188
294 35.9376 89.1815
448 35.9945 89.1801
139 36.0538 89.1786
215 36.1166 89.177
181 36.1771 89.1755
866 36.2404 89.1739
807 36.2985 89.1724
206 36.3586 89.1709
416 36.4166 89.1694
309 36.4747 89.1679
840 36.5325 89.1664
449 36.5911 89.1649
2 36.6448 89.1636
256 36.7054 89.162
561 36.7708 89.1604
265 36.8281 89.1589
707 36.8863 89.1575
614 36.9466 89.1559
752 37.0045 89.1545
437 37.0647 89.1529
795 37.1204 89.1515
189 37.1823 89.1499
649 37.2449 89.1483
569 37.3041 89.1468
974 37.3623 89.1454
230 37.4212 89.1439
22 37.482 89.1423
613 37.5442 89.1408
239 37.6119 89.139
53 37.6704 89.1376
814 37.7303 89.136
231 37.7813 89.1347
392 37.8387 89.1333
72 37.8979 89.1318
146 37.9568 89.1303
738 38.0153 89.1288
271 38.0695 89.1274
428 38.1222 89.1261
223 38.1788 89.1246
296 38.5144 89.1161
129 39.3851 89.094
919 40.2097 89.073
766 41.096 89.0504
389 42.0225 89.0269
874 42.9268 89.0039
5 43.8145 88.9813
532 44.668 88.9596
636 45.4024 88.9409
40 46.1143 88.9228
851 46.7349 88.907
624 47.3051 88.8925
961 47.7756 88.8805
880 48.2517 88.8684
713 48.6921 88.8572
320 49.1777 88.8448
369 49.6899 88.8318
193 50.111 88.8211
584 50.6215 88.8081
317 51.0055 88.7983
802 51.0311 88.7977
559 51.0564 88.797
564 51.0879 88.7962
313 51.1211 88.7954
980 51.152 88.7946
539 51.1802 88.7939
248 51.2146 88.793
567 51.2507 88.7921
856 51.2807 88.7913
185 51.3117 88.7905
105 51.3368 88.7899
516 51.3669 88.7891
367 51.3992 88.7883
887 51.4305 88.7875
861 51.4599 88.7867
575 51.4913 88.7859
563 51.5185 88.7853
118 51.5497 88.7845
126 51.5791 88.7837
335 51.6101 88.7829
23 51.6369 88.7822
746 51.6649 88.7815
305 51.6948 88.7808
911 51.7283 88.7799
755 51.7563 88.7792
562 51.7879 88.7784
816 51.8236 88.7775
737 51.8547 88.7767
12 51.8851 88.7759
140 51.9136 88.7752
896 51.9419 88.7745
165 51.9701 88.7738
179 52.0047 88.7729
202 52.0387 88.772
984 52.0714 88.7712
754 52.1 88.7705
245 52.1292 88.7697
415 52.1592 88.769
434 52.1885 88.7682
690 52.2205 88.7674
952 52.2498 88.7667
511 52.2787 88.7659
774 52.3094 88.7651
895 52.3393 88.7644
530 52.3687 88.7636
826 52.3997 88.7628
642 52.4308 88.762
406 52.4629 88.7612
229 52.4964 88.7604
947 52.5241 88.7597
940 52.5525 88.7589
156 52.5795 88.7583
541 52.6094 88.7575
280 52.6424 88.7567
62 52.6709 88.7559
882 52.699 88.7552
343 52.7264 88.7545
82 52.7558 88.7538
659 52.7848 88.753
408 52.814 88.7523
319 52.8439 88.7515
931 52.876 88.7507
536 52.9001 88.7501
618 52.9267 88.7494
344 52.9535 88.7487
259 52.9825 88.748
375 53.0095 88.7473
893 70.3996 88.3061
159 70.6515 88.2997
725 70.8824 88.2938
177 70.9806 88.2913
992 71.1016 88.2882
544 71.2436 88.2846
465 71.384 88.2811
158 71.5249 88.2775
149 71.6602 88.2741
318 71.7981 88.2706
823 71.933 88.2671
620 72.0728 88.2636
845 72.2222 88.2598
854 72.3808 88.2558
775 72.5295 88.252
666 72.6821 88.2481
580 72.8365 88.2442
417 72.9807 88.2406
820 73.1276 88.2368
494 73.2542 88.2336
817 73.3689 88.2307
52 73.5076 88.2272
622 73.6525 88.2235
71 73.8053 88.2196
464 73.9498 88.216
273 74.143 88.2111
742 74.3933 88.2047
477 74.5956 88.1996
42 74.8854 88.1923
813 75.4227 88.1786
145 75.9282 88.1658
251 76.4968 88.1514
285 77.1845 88.134
864 77.9737 88.114
353 78.7833 88.0934
983 79.8211 88.0672
135 80.1972 88.0576
928 81.5944 88.0222
648 83.1445 86.4454
528 84.6605 84.9034
311 84.8455 84.7152
204 84.9947 84.5634
473 85.1269 84.429
25 85.2811 84.2721
322 85.4235 84.1273
889 85.5937 83.9541
660 85.7806 83.7641
685 85.891 83.6517
372 86.0102 83.5306
450 84.9054 82.6378
937 79.0292 79.397
740 77.2988 78.4427
332 74.9096 77.1251
650 71.3964 75.1876
744 71.216 75.0881
290 71.0302 74.9856
867 70.8455 74.8838
393 70.657 74.7798
595 70.4909 74.6882
801 70.3812 74.6277
340 70.2676 74.565
832 70.1603 74.5059
201 70.0718 74.4571
378 69.9703 74.4011
852 69.8733 74.3476
654 69.7695 74.2904
904 69.6678 74.2343
297 69.575 74.1831
385 69.4842 74.133
818 69.3806 74.0759
395 69.2607 74.0098
460 69.1496 73.9485
18 69.0539 73.8957
481 68.9632 73.8457
383 68.8707 73.7946
110 68.5566 73.6214
67 68.2503 73.4525
83 67.9909 73.3094
975 67.7008 73.1494
962 67.4001 72.9835
837 67.1077 72.8222
152 66.8022 72.6538
51 66.5039 72.4892
579 66.2025 72.323
900 65.8612 72.1347
478 65.4839 71.9266
800 65.1682 71.7525
907 64.873 71.5897
420 64.6431 71.4628
68 64.0017 71.2165
727 63.379 70.9773
208 62.661 70.7016
847 62.0239 70.4569
538 61.3439 70.1958
762 60.8588 70.0094
84 60.3908 69.8297
671 60.0043 69.6812
647 59.577 69.5171
987 59.1627 69.3579
509 58.7357 69.1939
668 58.2647 69.013
605 57.7945 68.8324
782 57.325 68.6521
632 56.8681 68.4766
35 56.4465 68.3147
173 56.0672 68.169
238 55.6084 67.9928
293 55.1069 67.8002
134 54.6113 67.6098
986 54.3242 67.4995
91 54.0386 67.3898
161 53.7411 67.2756
793 53.4434 67.1612
498 53.1522 67.0494
286 52.9839 66.9847
769 52.8214 66.9223
968 52.6332 66.85
109 52.4555 66.7818
112 52.2747 66.7123
857 52.0819 66.6383
921 51.8898 66.5645
9 51.7014 66.4921
188 51.4857 66.4093
964 51.2825 66.3312
625 51.0639 66.2473
471 50.8235 66.155
597 50.7802 66.1383
779 50.741 66.1233
484 50.7005 66.1077
144 50.6571 66.0911
264 50.6121 66.0738
459 50.5708 66.0579
743 50.5324 66.0431
410 50.4901 66.0269
798 50.4507 66.0118
513 50.4121 65.9969
225 50.3672 65.9796
576 50.3247 65.9633
94 50.2897 65.9499
350 50.2455 65.9329
163 50.2455 65.9329
468 50.2455 65.9329
715 50.2455 65.9329
621 50.2455 65.9329
216 50.2455 65.9329
523 50.2455 65.9329
894 50.2455 65.9329
281 50.2455 65.9329
235 50.2455 65.9329
577 50.2455 65.9329
101 50.2455 65.9329
582 50.2455 65.9329
515 50.2455 65.9329
315 50.2455 65.9329
432 50.2455 65.9329
440 50.2455 65.9329
282 50.2455 65.9329
923 50.2455 65.9329
732 50.2455 65.9329
683 50.2455 65.9329
791 50.2455 65.9329
186 50.2455 65.9329
676 49.3797 65.9427
558 48.567 65.9518
810 47.8111 65.9602
855 46.361 65.9765
617 44.8005 65.994
453 42.7833 66.0167
804 40.12 66.0468
540 37.3028 66.0787
526 34.0939 66.115
689 34.0399 66.1156
910 33.9872 66.1162
266 33.9247 66.1169
645 33.8799 66.1174
724 33.8352 66.1179
54 33.7879 66.1185
929 33.7349 66.1191
912 33.6819 66.1197
640 33.6254 66.1203
501 33.5744 66.1209
21 33.5269 66.1214
878 33.477 66.122
308 33.4257 66.1226
454 33.3712 66.1232
789 33.3186 66.1238
809 33.2742 66.1243
507 33.2155 66.125
846 33.1613 66.1256
971 33.1119 66.1261
537 33.0643 66.1267
957 33.0643 66.1267
765 33.0643 66.1267
903 33.0643 66.1267
404 33.0643 66.1267
252 33.0643 66.1267
226 33.0643 66.1267
587 33.0643 66.1267
756 33.0643 66.1267
730 33.0643 66.1267
390 33.0643 66.1267
171 33.0643 66.1267
137 33.0643 66.1267
327 33.0643 66.1267
965 33.0643 66.1267
927 33.0643 66.1267
604 33.0643 66.1267
291 33.0643 66.1267
365 33.0643 66.1267
596 33.0643 66.1267
888 33.0643 66.1267
175 33.0712 66.0008
976 33.0774 65.887
729 33.11 65.2908
662 33.1423 64.6992
80 33.2167 63.3324
233 33.3051 61.7086
359 33.3051 61.7086
897 33.3051 61.7086
34 33.311 61.6228
104 33.3167 61.5423
493 33.3224 61.4607
720 33.3277 61.3841
574 33.3333 61.3046
127 33.3483 61.0901
891 33.3605 60.9153
735 33.3713 60.7605
545 33.3829 60.5939
901 33.3936 60.4408
324 33.4055 60.2702
30 33.4158 60.1224
370 33.4265 59.9687
349 33.4359 59.8352
591 33.4461 59.6884
89 33.4599 59.4909
733 33.4712 59.3287
922 33.4833 59.1554
56 33.4938 59.005
267 33.5057 58.8349
571 33.5165 58.6794
533 33.5595 58.0647
79 33.5985 57.505
839 33.6409 56.898
633 33.6837 56.2843
510 33.7166 55.8139
59 33.7492 55.3461
788 33.7815 54.8838
599 33.8188 54.3489
382 33.8844 53.4086
403 34.1555 49.5282
748 34.181 49.1625
917 34.2045 48.8252
706 34.2263 48.5126
512 34.2465 48.2233
778 34.2676 47.9209
38 34.2911 47.5849
388 34.313 47.2696
688 34.3326 46.9895
155 34.3549 46.6696
989 34.3774 46.3473
11 34.3991 46.036
438 34.4202 45.7337
397 34.4415 45.4287
37 34.463 45.1199
480 34.4848 44.8068
191 34.507 44.4886
811 34.5153 44.3699
475 34.523 44.2593
461 34.5309 44.1462
525 34.5407 44.0056
862 34.5505 43.8661
619 34.5594 43.7381
413 34.5681 43.6132
237 34.5767 43.4897
269 34.5869 43.3447
876 34.5977 43.189
655 34.6091 43.0254
869 34.6196 42.8756
543 34.6199 42.8705
679 34.6203 42.865
49 34.6207 42.86
723 34.6211 42.8541
535 34.6215 42.8487
210 34.6218 42.8437
664 34.6223 42.837
529 34.6227 42.831
302 34.6231 42.8258
414 34.6235 42.8202
194 34.6238 42.8151
790 34.6242 42.8091
566 34.6246 42.8034
687 34.625 42.7974
913 34.6254 42.7918
257 34.6258 42.786
853 34.6262 42.7804
522 34.6266 42.7755
452 34.627 42.7699
508 34.6274 42.7641
147 34.6277 42.7586
783 34.6282 42.7525
180 34.6286 42.7468
278 34.6291 42.7397
692 34.6294 42.7342
7 34.6298 42.7284
151 34.6302 42.7226
603 34.6306 42.7173
549 34.6311 42.7104
586 41.597 41.9716
262 48.7802 41.2098
55 53.3297 40.7271
828 53.3297 40.7271
355 53.3297 40.7271
43 53.3297 40.7271
935 53.3297 40.7271
492 53.3297 40.7271
377 53.3297 40.7271
472 53.3297 40.7271
906 53.3297 40.7271
356 53.3297 40.7271
751 53.3384 40.7301
276 53.3465 40.7328
875 53.3551 40.7358
66 53.3627 40.7384
421 53.37 40.7409
844 53.3785 40.7438
785 53.3867 40.7466
69 53.3948 40.7494
19 53.4032 40.7522
634 53.4122 40.7553
63 53.4201 40.758
217 53.4284 40.7608
27 53.4358 40.7634
250 53.4429 40.7658
945 53.4504 40.7684
843 53.4585 40.7711
209 53.4659 40.7736
716 53.6536 40.8377
681 53.842 40.902
978 54.0339 40.9675
865 54.1992 41.024
594 54.4172 41.0984
848 54.6108 41.1645
821 54.8385 41.2422
358 54.943 41.2779
930 55.0369 41.3099
342 55.1284 41.3412
458 55.77 41.5602
870 56.4076 41.7779
197 57.0691 42.0037
623 57.9733 42.3125
781 58.8247 42.6032
670 59.8986 42.9698
85 59.9767 42.9965
519 60.8008 43.2362
675 61.9994 43.5849
396 63.1567 43.9216
485 64.6294 44.35
745 65.3923 44.572
609 65.9125 44.7233
45 66.3435 44.8487
592 66.8865 45.0067
644 67.2707 45.1185
583 67.7384 45.2545
466 68.092 45.3574
926 68.4272 45.4549
143 68.7838 45.5587
967 69.1759 45.6727
190 69.4386 45.7491
357 69.7069 45.8272
314 70.0099 45.9154
102 70.3573 46.0164
70 70.6742 46.1086
850 71.0193 46.209
606 71.3077 46.2929
232 71.6458 46.3913
942 71.9763 46.4875
117 72.3222 46.5881
195 72.7478 46.7119
941 73.1139 46.8184
553 73.4477 46.9155
767 73.7766 47.0112
842 74.2471 47.1481
274 74.8515 47.324
656 75.4187 47.489
29 76.0982 47.6867
323 76.8223 47.8974
334 77.9377 48.2219
932 79.7463 48.3714
977 81.5868 48.5236
506 82.6381 48.6105
107 83.0129 48.6415
951 83.325 48.6673
884 83.6431 48.6936
387 83.9294 48.7173
920 84.2411 48.743
198 84.5905 48.7719
425 84.9166 48.7989
170 85.3277 48.8329
838 85.6687 48.8611
684 86.0335 48.8912
242 86.3807 48.9199
136 86.7275 48.9486
835 87.0666 48.9767
497 87.4814 49.011
590 87.0985 38.9793
33 86.9685 35.5712
520 86.8624 32.7913
98 86.7057 28.6858
979 86.3704 19.9018
627 86.3496 19.3576
345 86.3281 18.7928
243 86.3036 18.1517
483 86.2827 17.6049
260 86.1874 17.6087
