0,24,721,819,777,295,504,598,176,581,959,831,103,6,164,873,419,379,289,822,467,518,111,307,351,669,160,653,883,310,626,246,704,643,915,902,64,439,26,337,709,702,354,221,934,824,407,573,287,261,787,284,363,881,722,366,963,61,812,488,629,646,362,741,588,682,187,412,211,402,254,8,674,348,898,474,455,331,258,572,125,641,514,74,673,943,133,794,899,985,87,486,4,661,86,65,710,268,829,612,602,836,205,121,32,299,700,283,212,373,771,909,142,858,10,863,958,328,731,797,770,157,123,46,228,652,128,116,100,384,154,222,330,499,476,663,698,47,616,841,423,805,279,938,214,542,166,391,908,336,534,990,691,303,218,174,463,489,677,758,708,527,422,972,57,341,505,312,182,936,749,148,949,78,496,981,352,925,565,956,3,739,849,122,482,487,764,734,799,630,275,398,97,14,639,784,694,338,667,131,517,970,991,531,939,347,119,326,361,234,77,760,772,162,607,411,371,747,277,346,376,272,429,503,601,99,427,329,219,589,132,220,703,113,400,298,457,600,551,443,500,796,860,339,686,717,196,81,680,552,726,192,665,502,381,879,184,830,88,431,966,657,255,524,556,701,479,445,130,950,890,728,436,374,924,658,948,114,433,635,90,546,615,316,321,825,905,946,325,207,426,48,886,224,554,75,560,944,578,386,240,168,446,868,699,199,953,637,304,39,247,495,263,570,719,547,792,955,401,301,982,178,399,435,973,13,442,244,17,711,568,969,628,693,249,736,827,444,776,106,115,718,236,678,815,462,695,988,780,213,31,759,50,469,169,405,203,138,108,200,380,153,95,300,585,447,892,803,364,1,914,750,557,916,550,610,430,73,712,757,672,58,593,871,490,933,360,93,761,631,15,227,919,773,141,608,333,288,521,697,183,253,918,456,418,96,806,76,28,167,768,150,441,424,368,833,36,651,611,16,409,491,753,954,60,20,44,306,638,696,92,120,296,41,885,230,714,859,22,548,124,872,72,707,814,53,613,241,752,309,294,807,206,239,416,866,877,189,561,256,215,960,808,146,223,2,270,569,292,271,428,738,392,231,394,181,172,437,470,795,265,763,766,139,786,974,129,563,840,389,449,649,614,559,448,874,564,802,826,642,911,23,659,343,305,185,754,245,624,415,434,690,952,511,62,774,895,105,530,5,536,541,320,618,755,861,259,118,961,229,406,940,375,856,280,584,202,156,980,344,317,880,313,248,179,165,82,126,335,896,887,140,12,737,816,984,516,713,746,408,369,193,947,539,319,562,882,532,367,992,636,40,851,575,931,620,158,666,52,567,477,580,285,937,775,417,813,145,251,273,823,318,845,854,544,42,622,149,817,464,177,465,135,820,893,353,494,322,648,889,159,983,725,928,25,864,450,372,528,685,660,332,742,311,473,204,383,740,201,83,650,867,595,744,393,837,152,51,975,67,654,852,900,727,110,904,385,378,460,297,340,173,478,671,481,818,68,579,71,509,668,832,800,440,647,94,962,395,18,801,907,293,987,420,290,85,188,101,432,762,9,847,208,582,538,286,186,468,632,810,282,35,161,453,798,855,558,921,91,605,515,743,235,968,238,577,315,857,964,769,513,782,410,625,484,134,793,112,84,923,621,597,281,225,109,791,922,350,715,163,264,732,171,676,459,370,498,683,144,617,986,216,779,894,175,533,929,471,540,910,976,526,596,730,901,640,454,591,846,957,788,501,599,267,21,878,308,971,809,689,137,765,571,252,903,80,888,56,30,390,226,54,537,804,493,104,574,604,404,523,79,587,965,927,266,327,662,789,291,724,897,756,510,720,507,522,451,576,365,645,912,705,210,633,127,359,461,729,89,349,735,525,34,59,382,233,324,733,545,302,778,913,839,664,891,529,388,11,811,438,549,403,566,155,397,414,7,237,180,869,748,876,535,356,147,278,723,191,37,655,783,38,687,603,413,619,151,543,475,706,679,512,853,692,848,688,269,452,508,917,862,49,989,480,586,834,790,194,197,594,342,355,55,781,458,421,555,257,217,623,358,675,634,865,681,19,843,27,751,209,69,63,930,262,472,276,66,875,870,906,250,828,377,945,844,716,785,43,935,492,978,821,519,396,842,644,323,117,190,314,357,485,232,29,670,609,606,102,583,850,767,466,926,70,553,195,143,45,942,920,656,941,274,684,334,932,506,967,977,838,136,425,242,198,497,170,592,387,884,107,951,835,520,590,33,98,745,345,627,979,483,260,243,
value : 394.4 running time : 2826.880964
0 80 20
24 74.2319 18.6877
721 71.9885 18.1773
819 70.1248 17.7533
777 68.9473 17.4854
295 68.145 17.3029
504 67.3526 17.1226
598 66.5188 16.9329
176 65.6204 16.7285
581 64.7789 16.5371
959 63.9843 16.3563
831 63.115 16.1586
103 62.3332 15.9807
6 58.0322 16.286
164 51.9023 16.7212
873 49.4532 16.8951
419 46.5982 17.0978
379 41.9476 17.428
289 41.6038 17.4524
822 41.1982 17.4812
467 40.8662 17.5047
518 40.5916 17.5242
111 38.9346 17.6419
307 37.4013 17.7507
351 36.944 17.7832
669 36.4986 17.8148
160 36.19 17.8367
653 35.8966 17.8576
883 35.5067 17.8852
310 35.1274 17.9122
626 34.6978 17.9427
246 34.2993 17.971
704 33.9571 17.9953
643 33.5461 18.0245
915 33.2116 18.0482
902 33.0546 18.0594
64 33.0072 18.0627
439 32.958 18.0662
26 32.9168 18.0691
337 32.8655 18.0728
709 32.803 18.0772
702 32.7428 18.0815
354 32.6911 18.0852
221 32.6622 18.0872
934 32.6622 18.0872
824 32.1793 18.0084
407 31.8029 17.9469
573 31.3835 17.8784
287 30.929 17.8042
261 30.4275 17.7223
787 28.8146 17.4589
284 26.723 17.1174
363 24.8085 16.8047
881 15.3436 15.2591
722 13.2665 14.92
366 13.1207 14.8962
963 12.9508 14.8684
61 12.9508 14.8684
812 12.9508 14.8684
488 12.9388 15.1512
629 12.9248 15.4785
646 12.909 15.8479
362 12.8931 16.2193
741 12.8779 16.5756
588 12.8644 16.8933
682 12.8505 17.2169
187 12.8361 17.5554
412 12.8324 17.6418
211 12.8289 17.7229
402 12.825 17.8158
254 12.8215 17.8967
8 12.8181 17.977
674 12.7197 20.278
348 12.5889 23.3364
898 12.3794 28.2393
474 12.4318 28.453
455 12.4803 28.6504
331 12.5328 28.8642
258 12.59 29.097
572 12.6535 29.3557
125 12.7191 29.6226
641 12.7678 29.8211
514 12.8173 30.0225
74 12.8694 30.2347
673 12.9268 30.4687
943 12.9913 30.7311
133 13.0492 30.9668
794 13.1077 31.205
899 13.1766 31.4859
985 13.2598 31.8244
87 13.3358 32.134
486 13.4043 32.4131
4 13.342 32.6849
661 13.2699 32.9995
86 13.1479 33.5315
65 13.1455 33.548
710 13.1431 33.5643
268 13.1406 33.5809
829 13.1381 33.5979
612 13.1356 33.6152
602 13.1332 33.6313
836 13.081 33.9867
205 13.0247 34.3701
121 12.9696 34.745
32 12.9095 35.1539
299 12.8553 35.5233
700 12.6819 36.7037
283 12.5102 37.8733
212 12.3433 39.0095
373 12.1882 40.0663
771 12.0749 40.8376
909 11.9697 41.5539
142 11.8767 42.1871
858 11.8764 42.1891
10 11.8761 42.1909
863 11.8758 42.1929
958 11.8755 42.195
328 11.8751 42.1973
731 11.791 42.7734
797 11.71 43.3278
770 11.6483 43.7499
157 11.5818 44.2047
123 11.5359 44.5191
46 11.4908 44.8285
228 11.4469 45.129
652 11.4037 45.4245
128 11.3598 45.7254
116 11.3179 46.012
100 11.3179 46.012
384 11.3179 46.012
154 11.3179 46.012
222 11.3179 46.012
330 11.3179 46.012
499 11.3179 46.012
476 11.3188 46.1322
663 11.3197 46.2674
698 11.3208 46.4192
47 11.3218 46.5563
616 11.3226 46.672
841 11.3235 46.8075
423 11.3244 46.9359
805 11.3255 47.0949
279 11.3265 47.2355
938 11.3274 47.3707
214 11.3284 47.5018
542 11.3292 47.6161
166 11.33 47.7371
391 11.3307 47.8333
908 11.3314 47.9402
336 11.3322 48.0556
534 11.3329 48.1549
990 11.3336 48.2577
691 11.3346 48.3955
303 11.3354 48.5056
218 11.3361 48.6115
174 11.3368 48.706
463 11.3375 48.8074
489 11.3383 48.9173
677 11.3391 49.0317
758 11.3397 49.1295
708 11.3405 49.2401
527 11.3412 49.3431
422 11.3419 49.4393
972 11.3425 49.5292
57 11.3431 49.6128
341 11.3437 49.6979
505 11.3443 49.7878
312 11.3449 49.8732
182 11.3456 49.9711
936 11.3463 50.0672
749 11.3469 50.1562
148 11.3475 50.2408
949 11.3482 50.3402
78 11.3489 50.4449
496 11.3572 51.6287
981 11.3673 53.0618
352 11.372 53.7458
925 11.3775 54.521
565 11.3828 55.2743
956 11.3879 56.0163
3 11.3931 56.7531
739 11.3973 57.3554
849 11.4006 57.8265
122 11.405 58.4521
482 11.4425 63.8106
487 11.4713 67.9205
764 11.4715 67.9506
734 11.4717 67.985
799 11.472 68.0222
630 11.4723 68.0613
275 11.4726 68.1006
398 11.4728 68.1363
97 11.4731 68.1704
14 11.4733 68.2038
639 11.4735 68.24
784 11.4738 68.2723
694 11.474 68.3099
338 11.4743 68.3461
667 11.4745 68.381
131 11.4748 68.4144
517 11.475 68.4513
970 11.4753 68.4884
991 11.4756 68.5268
531 11.4758 68.5565
939 11.476 68.5937
347 11.4763 68.6322
119 11.4768 68.7091
326 11.4774 68.7858
361 11.4778 68.848
234 11.4782 68.9017
77 11.4786 68.9673
760 11.4791 69.0304
772 11.4796 69.1029
162 11.4802 69.1874
607 11.4807 69.2611
411 11.4812 69.3273
371 11.4816 69.3967
747 11.4821 69.4665
277 11.4827 69.5497
346 11.4833 69.6298
376 11.4837 69.6943
272 11.4842 69.7685
429 11.4848 69.8462
503 11.4853 69.9176
601 11.4857 69.9825
99 11.4863 70.0585
427 11.4867 70.1227
329 11.4872 70.1848
219 11.4876 70.2549
589 11.4881 70.3228
132 11.4887 70.4082
220 11.4893 70.4958
703 11.4898 70.567
113 11.4905 70.6609
400 11.4911 70.7458
298 11.4917 70.8282
457 11.4922 70.9101
600 11.4928 70.9842
551 11.4933 71.0647
443 11.4938 71.1383
500 11.4943 71.2049
796 11.4948 71.2754
860 11.4953 71.3415
339 11.4957 71.406
686 11.4961 71.4603
717 11.4965 71.5166
196 11.4969 71.5759
81 11.4975 71.663
680 11.4981 71.753
552 11.4987 71.8411
726 11.4994 71.9308
192 11.4999 72.0029
665 11.5005 72.089
502 11.5011 72.1797
381 11.5017 72.2655
879 11.5024 72.3621
184 11.5032 72.4746
830 11.5038 72.5667
88 11.5042 72.6262
431 11.5046 72.6771
966 11.5049 72.716
657 11.5057 72.8418
255 11.5066 72.9582
524 11.5075 73.0885
556 11.5086 73.2541
701 11.5096 73.3929
479 11.5106 73.5372
445 11.5115 73.6692
130 11.5125 73.804
950 11.5137 73.9778
890 11.5148 74.1441
728 11.5159 74.2975
436 11.5169 74.4464
374 11.5178 74.5697
924 11.5186 74.6868
658 11.5196 74.8342
948 11.5205 74.9621
114 11.5215 75.1006
433 11.5229 75.3079
635 11.5242 75.4934
90 11.5256 75.6852
546 11.5265 75.8203
615 11.5274 75.9478
316 11.5283 76.0772
321 11.529 76.1785
825 11.5298 76.2871
905 11.5305 76.3989
946 11.5313 76.5009
325 11.532 76.6074
207 11.5327 76.7012
426 11.5354 77.0916
48 11.5377 77.433
886 11.54 77.7551
224 11.5421 78.0637
554 11.5448 78.4557
75 11.5474 78.8262
560 11.5498 79.1662
944 11.5523 79.5355
578 11.5547 79.8707
386 11.3806 81.4886
240 11.2737 82.4827
168 11.1557 83.5803
446 10.995 85.0743
868 10.8513 86.4107
699 10.8397 86.5178
199 10.8274 86.6321
953 10.816 86.7386
637 10.8047 86.8437
304 10.7929 86.9529
39 10.7817 87.0575
247 10.7722 87.1456
495 10.7626 87.2352
263 10.7525 87.3287
570 10.7429 87.418
719 10.7317 87.5221
547 10.7206 87.6256
792 10.7102 87.7225
955 10.6997 87.8202
401 10.6873 87.9355
301 10.6754 88.0456
982 10.6644 88.1477
178 10.6535 88.2494
399 10.6407 88.3684
435 10.6256 88.5085
973 10.6186 88.574
13 10.6117 88.6378
442 10.6054 88.6967
244 10.5992 88.7538
17 10.5911 88.8292
711 10.5833 88.9024
568 10.5765 88.9657
969 10.5698 89.0273
628 10.5636 89.0855
693 10.5565 89.1515
249 10.5498 89.2139
736 10.5421 89.2852
827 10.5337 89.3636
444 10.5271 89.4249
776 10.5189 89.5006
106 10.512 89.5653
115 10.5056 89.6248
718 10.4994 89.6824
236 10.4921 89.7495
678 10.4857 89.8092
815 10.4797 89.8655
462 10.4728 89.9294
695 10.4667 89.9864
988 10.4595 90.0528
780 10.4754 90.0523
213 10.4888 90.0518
31 10.5459 90.05
759 10.6013 90.0482
50 10.673 90.0459
469 10.7254 90.0442
169 10.7662 90.0428
405 10.8139 90.0413
203 10.8659 90.0396
138 10.9205 90.0379
108 10.9711 90.0362
200 11.0237 90.0345
380 11.0752 90.0328
153 11.1268 90.0312
95 11.1813 90.0294
300 11.228 90.0279
585 11.572 90.0168
447 12.0329 90.0018
892 12.5042 89.9866
803 12.9641 89.9717
364 13.4696 89.9553
1 14.0246 89.9374
914 14.5874 89.9191
750 15.3229 89.8953
557 16.2248 89.8661
916 17.1896 89.8349
550 18.1936 89.8024
610 18.657 89.7874
430 19.0784 89.7737
73 19.4051 89.7631
712 19.665 89.7547
757 19.9722 89.7448
672 20.2601 89.7355
58 20.463 89.7289
593 20.6782 89.7219
871 20.904 89.7146
490 21.1409 89.707
933 21.3508 89.7002
360 21.5763 89.6929
93 21.8136 89.6852
761 22.094 89.6761
631 22.3488 89.6679
15 22.5681 89.6608
227 22.8282 89.6523
919 23.131 89.6425
773 23.2666 89.6381
141 23.3901 89.6341
608 23.4948 89.6307
333 23.6147 89.6269
288 23.7249 89.6233
521 23.8447 89.6194
697 23.9722 89.6153
183 24.093 89.6114
253 24.2363 89.6067
918 24.3643 89.6026
456 24.4747 89.599
418 24.6058 89.5948
96 24.7431 89.5903
806 24.8708 89.5862
76 24.9669 89.5831
28 25.0651 89.5799
167 25.1689 89.5765
768 25.2612 89.5736
150 25.3682 89.5701
441 25.4593 89.5671
424 25.5602 89.5639
368 25.6629 89.5606
833 25.7705 89.5571
36 25.8841 89.5534
651 25.9935 89.5499
611 26.1116 89.546
16 26.2216 89.5425
409 26.3203 89.5393
491 26.422 89.536
753 26.5334 89.5324
954 26.6633 89.5282
60 26.7812 89.5243
20 26.8797 89.5212
44 26.9814 89.5179
306 27.096 89.5142
638 27.2182 89.5102
696 27.3239 89.5068
92 27.4443 89.5029
120 27.5512 89.4994
296 27.6558 89.496
41 27.7563 89.4928
885 27.861 89.4894
230 27.981 89.4855
714 28.0739 89.4825
859 28.9582 89.4539
22 30.0083 89.4199
548 30.842 89.3929
124 31.5357 89.3704
872 32.2707 89.3467
72 33.0363 89.3219
707 33.7761 89.2979
814 34.5476 89.273
53 34.8124 89.2644
613 35.0649 89.2562
241 35.3289 89.2477
752 35.5975 89.239
309 35.8763 89.23
294 36.1389 89.2215
807 36.2454 89.218
206 36.3509 89.2146
239 36.4555 89.2112
416 36.548 89.2082
866 36.6433 89.2051
877 36.7271 89.2024
189 36.8146 89.1996
561 36.9103 89.1965
256 36.9953 89.1937
215 37.0898 89.1907
960 37.1693 89.1881
808 37.2707 89.1848
146 37.3793 89.1813
223 37.4791 89.1781
2 37.6061 89.174
270 37.7414 89.1696
569 37.8932 89.1647
292 38.0407 89.1599
271 38.1738 89.1556
428 38.3166 89.151
738 38.4871 89.1455
392 38.6506 89.1402
231 38.8144 89.1349
394 38.9911 89.1291
181 39.1567 89.1238
172 39.3167 89.1186
437 39.4802 89.1133
470 39.6283 89.1085
795 39.7895 89.1033
265 39.9717 89.0974
763 40.1641 89.0912
766 40.3272 89.0859
139 40.4791 89.081
786 40.6512 89.0754
974 41.2518 89.056
129 41.9881 89.0321
563 42.7421 89.0077
840 42.7421 89.0077
389 42.7421 89.0077
449 42.7422 89.0077
649 42.7422 89.0077
614 42.7422 89.0077
559 43.6833 88.985
448 44.6231 88.9622
874 45.6033 88.9386
564 46.9864 88.9051
802 48.1322 88.8774
826 48.9596 88.8574
642 49.806 88.8369
911 50.6828 88.8158
23 50.7564 88.814
659 50.8246 88.8123
343 50.8998 88.8105
305 50.9832 88.8085
185 51.0771 88.8062
754 51.0854 88.806
245 51.0935 88.8058
624 51.102 88.8056
415 51.1103 88.8054
434 51.1188 88.8052
690 51.1272 88.805
952 51.135 88.8048
511 51.1427 88.8046
62 51.1504 88.8044
774 51.158 88.8043
895 51.1651 88.8041
105 51.1728 88.8039
530 51.1806 88.8037
5 51.1888 88.8035
536 51.2174 88.8028
541 51.2461 88.8021
320 51.2728 88.8015
618 51.3014 88.8008
755 51.3257 88.8002
861 51.3574 88.7994
259 51.3899 88.7987
118 51.4203 88.7979
961 51.4477 88.7973
229 51.4751 88.7966
406 51.5007 88.796
940 51.5284 88.7953
375 51.557 88.7946
856 51.5918 88.7938
280 51.6198 88.7931
584 51.6509 88.7924
202 51.6782 88.7917
156 51.7033 88.7911
980 51.7323 88.7904
344 51.7602 88.7897
317 51.7848 88.7891
880 51.8073 88.7886
313 51.8315 88.788
248 51.8529 88.7875
179 51.8794 88.7868
165 51.9049 88.7862
82 51.9306 88.7856
126 51.9618 88.7848
335 51.995 88.784
896 52.0255 88.7833
887 52.054 88.7826
140 52.0816 88.782
12 52.112 88.7812
737 52.1421 88.7805
816 52.1697 88.7798
984 52.1959 88.7792
516 52.2176 88.7787
713 52.241 88.7781
746 52.2666 88.7775
408 52.2921 88.7769
369 52.3182 88.7762
193 52.3413 88.7757
947 52.3686 88.775
539 52.3935 88.7744
319 52.4219 88.7737
562 52.4519 88.773
882 53.0821 88.7577
532 53.8007 88.7403
367 54.8879 88.7138
992 55.9693 88.6876
636 56.8228 88.6668
40 58.0361 88.6374
851 59.3529 88.6054
575 60.919 88.5673
931 62.5182 88.5285
620 64.0843 88.4905
158 65.5119 88.4558
666 66.7352 88.4261
52 67.7534 88.4013
567 68.8191 88.3755
477 70.0488 88.3456
580 71.4792 88.3108
285 71.5743 88.3085
937 71.6676 88.3063
775 71.7686 88.3038
417 71.8694 88.3014
813 71.959 88.2992
145 72.0455 88.2971
251 72.1363 88.2949
273 72.2256 88.2928
823 72.329 88.2903
318 72.4328 88.2877
845 72.5338 88.2853
854 72.6391 88.2827
544 72.7333 88.2805
42 72.8297 88.2781
622 72.9362 88.2755
149 73.0465 88.2729
817 73.1527 88.2703
464 73.2708 88.2674
177 73.4042 88.2642
465 74.5782 88.2358
135 75.9923 88.2015
820 76.6125 88.1865
893 77.1654 88.1731
353 77.6778 88.1607
494 78.2924 88.1458
322 78.9244 88.1305
648 79.4589 88.1175
889 80.0522 88.1032
159 80.342 88.0961
983 80.6924 88.0877
725 81.078 88.0783
928 81.4894 88.0684
25 84.0281 85.3791
864 84.7417 84.6231
450 85.9989 83.2914
372 85.9989 83.2914
528 85.4663 82.9918
685 85.0612 82.7639
660 84.5654 82.485
332 83.3825 81.8195
742 82.7915 81.487
311 82.3015 81.2113
473 81.5102 80.7662
204 79.2396 79.4888
383 75.5501 77.4131
740 74.3694 76.7489
201 72.2559 75.5599
83 71.6661 75.228
650 71.0369 74.874
867 70.7229 74.6974
595 70.4085 74.5205
744 70.2287 74.4194
393 70.0224 74.3033
837 69.8585 74.2111
152 69.6776 74.1094
51 69.4983 74.0085
975 69.3155 73.9056
67 69.1134 73.7919
654 68.9438 73.6965
852 68.7738 73.6008
900 68.5981 73.502
727 68.4129 73.3978
110 68.2329 73.2965
904 68.0587 73.1986
385 67.8949 73.1064
378 67.6623 72.9755
460 67.4096 72.8334
297 67.1847 72.7069
340 66.9144 72.5548
173 66.6696 72.4171
478 66.4379 72.2867
671 66.2575 72.1852
481 66.0941 72.0933
818 65.8995 71.9838
68 65.5899 71.8097
579 65.3529 71.6763
71 65.0712 71.5178
509 64.7091 71.3141
668 64.3652 71.1206
832 64.0703 70.9547
800 63.7657 70.7834
440 63.4872 70.6267
647 63.2318 70.483
94 62.9979 70.3514
962 62.8742 70.2818
395 62.7245 70.1976
18 62.556 70.1028
801 62.372 69.9993
907 62.201 69.9031
293 62.0268 69.8051
987 62.0268 69.8051
420 62.0268 69.8051
290 59.811 68.8217
85 53.8358 66.1701
188 53.6624 66.169
101 53.4729 66.1678
432 53.38 66.1672
762 53.2849 66.1666
9 53.1857 66.166
847 53.0889 66.1654
208 52.9818 66.1647
582 52.8756 66.164
538 52.7842 66.1635
286 52.6586 66.1627
186 52.5296 66.1619
468 52.3997 66.1616
632 52.2685 66.1614
810 52.1459 66.1612
282 52.0099 66.1609
35 51.8793 66.1607
161 51.7356 66.1604
453 51.5942 66.1602
798 51.4546 66.1599
855 51.3221 66.1597
558 51.1906 66.1595
921 51.0785 66.1593
91 50.9635 66.1591
605 50.8541 66.1589
515 50.7293 66.1586
743 50.5809 66.1584
235 50.4446 66.1581
968 50.3267 66.1579
238 50.213 66.1577
577 50.0268 66.1574
315 49.854 66.1571
857 49.62 66.1567
964 49.4013 66.1563
769 49.1568 66.1558
513 48.8929 66.1554
782 48.661 66.155
410 48.3987 66.1545
625 48.1745 66.1541
484 47.8735 66.1536
134 47.6086 66.1531
793 47.3929 66.1527
112 47.1138 66.1522
84 46.7896 66.1516
923 46.4296 66.151
621 45.9431 66.1501
597 45.4909 66.1493
281 45.0387 66.1485
225 44.5994 66.1477
109 44.2211 66.147
791 43.669 66.146
922 42.8839 66.1446
350 42.7976 66.1445
715 42.7055 66.1443
163 42.6185 66.1442
264 42.5362 66.144
732 42.4496 66.1439
171 42.3645 66.1437
676 42.2856 66.1436
459 42.1995 66.1434
370 42.1174 66.1432
498 42.0445 66.1431
683 41.8163 66.1427
144 41.6016 66.1423
617 41.3895 66.1419
986 41.0179 66.1412
216 40.5674 66.1404
779 39.9863 66.1393
894 39.3943 66.1383
175 38.738 66.1371
533 38.1225 66.1359
929 37.5128 66.1348
471 37.0117 66.1339
540 36.4733 66.1329
910 35.7947 66.1317
976 35.0949 66.1304
526 34.0925 66.1285
596 34.0483 66.1285
730 33.9955 66.1284
901 33.9478 66.1283
640 33.9032 66.1282
454 33.8599 66.1281
591 33.817 66.128
846 33.7706 66.128
957 33.7325 66.1279
788 33.6931 66.1278
501 33.6533 66.1277
599 33.6141 66.1277
267 33.5781 66.1276
21 33.5426 66.1275
878 33.5044 66.1275
308 33.4649 66.1274
971 33.4219 66.1273
809 33.3883 66.1273
689 33.3481 66.1272
137 33.3094 66.1271
765 33.2722 66.1271
571 33.2282 66.127
252 33.1887 66.1269
903 33.1463 66.1268
80 33.1102 66.1268
888 33.0643 66.1267
56 33.0643 66.1267
30 33.0643 66.1267
390 33.0643 66.1267
226 33.0643 66.1267
54 33.0643 66.1267
537 33.0643 66.1267
804 33.069 66.0359
493 33.0729 65.9602
104 33.0764 65.893
574 33.0794 65.835
604 33.0828 65.7686
404 33.087 65.6878
523 33.0911 65.6079
79 33.0949 65.5358
587 33.0982 65.4703
965 33.1018 65.4022
927 33.1052 65.3352
266 33.1088 65.2658
327 33.1135 65.1754
662 33.118 65.0883
789 33.123 64.9906
291 33.1584 64.3065
724 33.1904 63.6872
897 33.2497 62.5376
756 33.2895 61.7682
510 33.3227 61.1243
720 33.3508 60.5792
507 33.3841 59.9353
522 33.4178 59.281
451 33.4255 59.1327
576 33.4363 58.9228
365 33.4472 58.7127
645 33.4593 58.4776
912 33.4726 58.2192
705 33.4858 57.9637
210 33.4998 57.6921
633 33.5112 57.4725
127 33.5201 57.299
359 33.5279 57.1479
461 33.5386 56.94
729 33.5467 56.7831
89 33.5564 56.5951
349 33.5648 56.4337
735 33.5767 56.2021
525 33.59 55.944
34 33.5979 55.7917
59 33.6087 55.5829
382 33.6192 55.3787
233 33.6313 55.1439
324 33.6543 54.6988
733 33.6754 54.2905
545 33.7289 53.2525
302 33.7842 52.1813
778 33.832 51.2532
913 33.8798 50.3269
839 33.9246 49.4585
664 33.9961 48.0732
891 34.0409 47.2049
529 34.1029 46.0025
388 34.1347 45.3862
11 34.1655 44.7883
811 34.1966 44.1869
438 34.2237 43.661
549 34.2534 43.085
403 34.2534 43.085
566 34.2835 43.0713
155 34.3092 43.0597
397 34.3293 43.0506
414 34.3531 43.0398
7 34.3787 43.0282
237 34.4032 43.0172
180 34.4259 43.0069
869 34.4453 42.9981
748 34.4919 42.977
876 34.5407 42.9549
535 34.5872 42.9339
356 34.6421 42.909
147 34.6863 42.889
278 34.7311 42.8687
723 34.7311 42.8687
191 34.7311 42.8687
37 34.7312 42.8687
655 34.7312 42.8687
783 34.8005 42.853
38 34.8616 42.8392
687 34.9241 42.8251
603 34.9819 42.8121
413 35.0449 42.7978
619 35.1097 42.7832
151 35.1725 42.769
543 35.2326 42.7555
475 35.3001 42.7402
706 35.4341 42.7099
679 35.5587 42.6818
512 35.6925 42.6516
853 35.8065 42.6258
692 35.9104 42.6024
848 36.0094 42.58
688 36.0867 42.5626
269 36.3935 42.4933
452 36.7618 42.4101
508 37.0512 42.3447
917 37.4082 42.2641
862 37.7409 42.189
49 38.0491 42.1194
989 38.3795 42.0448
480 38.7029 41.9717
586 39.0276 41.8984
834 39.3286 41.8304
790 41.2432 41.5282
194 43.2123 41.2175
197 45.5204 40.8532
594 47.609 40.5236
342 48.592 40.3685
355 49.8457 40.1706
55 50.8447 40.0129
781 50.9252 40.0002
458 50.9904 39.9899
421 51.054 39.9799
555 51.1293 39.968
257 51.2343 40.0005
217 51.3969 40.0509
623 51.5345 40.0936
358 51.6517 40.1299
675 51.7609 40.1637
634 51.8421 40.1889
865 51.9169 40.2121
681 52.0085 40.2405
19 52.0986 40.2684
843 52.1953 40.2984
27 52.2895 40.3276
751 52.3795 40.3555
209 52.4672 40.3827
69 52.568 40.4139
63 52.677 40.4477
930 52.785 40.4812
262 52.8835 40.5117
472 52.9734 40.5396
276 53.0708 40.5698
66 53.1744 40.6019
875 53.2811 40.635
870 53.378 40.665
906 53.4733 40.6945
250 53.5664 40.7234
828 53.8176 40.8013
377 54.0346 40.8685
945 54.2196 40.9259
844 54.4386 40.9937
716 54.671 41.0658
785 54.9132 41.1408
43 55.1973 41.2289
935 55.4239 41.2992
492 56.3711 41.5927
978 57.5541 41.9594
821 58.684 42.3096
519 59.5658 42.5829
396 60.7905 42.9626
842 61.8932 43.3044
644 62.8198 43.5916
323 63.7565 43.8819
117 64.5362 44.1236
190 65.3411 44.373
314 65.6641 44.4732
357 66.0283 44.5861
485 66.4199 44.7074
232 66.8234 44.8325
29 67.2273 44.9577
670 67.5831 45.068
609 67.9297 45.1754
606 68.231 45.2688
102 68.5922 45.3808
583 68.9439 45.4898
850 69.2386 45.5812
767 69.4962 45.661
466 69.7556 45.7414
926 70.0178 45.8227
70 70.295 45.9086
553 70.6071 46.0053
195 70.897 46.0952
143 71.1378 46.1699
45 71.4013 46.2515
942 72.3009 46.5304
920 73.7806 46.9891
656 74.8849 47.3314
941 76.3981 47.8004
274 78.4803 48.4458
684 80.992 49.2244
334 80.992 49.2244
932 81.7318 49.2313
506 82.5325 49.2388
967 83.0115 49.2432
977 83.5846 49.2486
838 84.1169 49.2535
136 84.6518 49.2585
425 85.1455 49.2631
242 85.821 49.2694
198 86.4903 49.2757
497 87.2067 49.2824
170 87.1882 48.651
592 87.1671 47.9355
387 87.151 47.3855
884 87.1308 46.7001
107 87.1071 45.8932
951 87.0675 44.5425
835 87.018 42.8573
520 86.9748 41.3894
590 86.938 40.1348
33 86.9067 39.0721
98 86.8783 38.1037
745 86.8601 37.4834
345 86.4803 24.5608
627 86.3765 21.0284
979 86.3087 18.7196
483 86.2757 17.5984
260 86.2251 17.6008
243 85.1092 18.0309
