0,721,103,504,176,24,777,821,959,819,598,581,295,27,681,781,314,45,831,43,164,458,357,323,644,828,19,66,785,355,6,377,634,850,583,606,670,592,553,967,195,745,926,29,232,143,358,842,70,466,538,920,152,102,117,810,962,867,238,595,509,744,340,801,68,460,727,668,654,837,110,173,440,857,140,83,931,671,832,816,987,513,245,315,109,847,9,782,861,800,229,126,605,642,769,895,968,235,798,515,208,793,432,282,964,826,755,94,614,82,292,724,225,564,144,562,540,91,454,596,163,291,676,264,175,533,137,563,294,80,404,370,281,912,910,791,779,410,523,683,171,56,839,855,471,621,365,54,127,809,765,461,453,891,923,237,732,188,576,216,468,84,161,617,907,558,35,262,286,485,743,519,625,647,112,762,623,597,393,848,978,217,186,870,906,577,594,293,342,396,498,85,675,935,69,844,522,930,356,492,197,945,101,276,472,63,875,716,452,853,917,155,843,512,180,751,261,209,555,289,873,865,250,55,518,419,653,351,363,287,883,573,310,26,278,934,111,704,407,822,643,221,337,64,669,899,191,692,467,257,586,787,869,379,160,834,602,486,836,915,549,133,205,246,254,284,121,488,824,402,902,474,307,439,741,702,8,626,354,709,722,211,881,682,812,514,629,588,331,362,74,674,963,898,412,299,661,673,348,366,455,710,646,572,258,794,187,61,86,4,641,328,330,489,958,312,87,943,65,985,268,612,125,535,543,841,655,797,32,46,505,283,829,616,123,476,700,731,990,182,858,972,525,142,496,633,510,403,534,723,148,664,748,38,619,11,438,78,663,397,811,529,566,706,862,475,391,687,679,949,37,688,783,908,388,989,480,421,790,151,7,269,194,302,413,922,929,414,603,59,508,778,876,104,788,210,493,459,913,49,89,591,501,715,308,571,804,645,21,267,691,349,147,30,507,587,390,957,733,965,324,756,901,846,359,729,545,897,382,233,34,764,329,79,640,758,422,130,698,341,451,174,705,956,279,771,463,677,166,100,352,336,938,542,805,57,770,214,423,10,749,228,154,936,652,212,384,499,116,222,863,157,128,122,849,531,527,47,708,909,373,303,747,234,925,218,772,879,371,381,939,657,607,799,667,686,347,760,734,272,694,119,162,207,639,219,665,277,77,517,966,445,14,196,97,556,503,717,948,255,630,338,224,886,608,924,526,487,411,168,321,500,565,131,589,361,114,427,482,192,376,701,784,635,81,796,825,601,720,524,703,739,970,327,599,981,552,680,220,971,927,735,479,266,878,124,223,954,270,730,872,689,638,2,16,550,326,757,658,946,789,604,296,275,132,903,574,333,600,400,48,888,99,726,31,443,560,495,374,113,815,955,551,885,244,364,905,304,446,41,50,183,695,442,982,360,288,88,502,346,429,950,398,431,178,108,554,3,184,325,780,298,339,546,628,991,830,890,728,457,240,860,433,435,827,711,973,39,380,200,750,106,944,803,426,988,792,719,263,615,570,436,736,169,759,401,693,405,93,90,300,718,236,138,868,213,585,153,386,568,399,699,75,247,969,914,1,953,637,557,547,203,678,115,712,199,933,892,95,444,301,447,316,28,424,578,916,859,58,167,60,17,753,469,249,92,697,537,806,253,610,490,918,150,761,795,773,72,470,960,593,833,871,227,15,456,441,776,44,768,521,491,368,714,462,651,13,631,430,409,306,271,613,437,707,141,73,76,611,20,786,392,146,265,172,36,696,808,96,418,877,569,241,256,428,919,215,659,181,120,807,5,516,389,874,559,448,738,752,139,129,22,672,548,539,53,309,974,231,662,319,252,248,880,305,189,230,649,416,226,561,814,449,408,335,840,193,976,239,921,947,802,887,415,343,636,763,986,406,394,484,280,632,134,582,350,894,856,202,344,367,940,259,179,618,320,532,434,774,62,206,866,980,713,165,766,375,105,961,746,896,156,536,12,530,177,477,318,185,313,23,952,690,541,882,737,584,624,511,851,273,251,353,464,42,580,911,369,904,395,317,575,297,51,465,567,52,817,544,620,984,40,754,118,378,992,417,854,864,648,937,818,775,290,481,159,845,18,893,322,725,145,71,149,158,813,666,622,494,285,823,742,820,983,135,473,928,685,889,660,25,311,372,204,450,332,740,420,650,900,975,67,977,941,201,334,383,385,579,852,528,387,425,656,170,506,136,951,107,478,190,942,767,684,932,884,497,838,198,242,274,609,835,33,627,345,520,98,590,260,979,243,483,
value : 535.245 running time : 53.349986
0 80 20
721 72.9542 17.145
103 67.8768 15.0875
504 67.276 16.5326
176 66.7696 17.7506
24 66.1425 19.2592
777 65.5741 20.6263
821 64.8619 22.3395
959 64.5497 23.0904
819 64.245 23.8232
598 63.9462 24.5421
581 63.621 25.3243
295 63.213 26.3056
27 62.7242 27.4814
681 62.3629 28.3504
781 62.1599 28.8386
314 61.9518 29.3393
45 61.8289 29.6348
831 61.7142 29.9108
43 61.5729 30.2507
164 61.5729 30.2507
458 61.8483 32.1309
357 62.079 33.7055
323 62.1632 34.2806
644 62.2339 34.7633
828 62.2526 34.8905
19 62.2733 35.0323
66 62.3473 35.5373
785 62.3473 35.5373
355 62.6356 36.3922
6 62.9273 37.2572
377 63.6582 39.4251
634 64.5285 42.0063
850 65.7917 45.7526
583 65.9772 46.3026
606 66.0877 46.6303
670 66.2119 46.9987
592 66.3418 47.3839
553 66.4698 47.7635
967 66.5895 48.1185
195 66.5895 48.1185
745 66.5895 48.1185
926 66.5988 48.1646
29 66.6078 48.2096
232 66.6167 48.2538
143 66.6258 48.2988
358 66.6343 48.3413
842 66.6945 48.6402
70 66.7527 48.9292
466 66.8094 49.2111
538 66.8745 49.5347
920 66.9352 49.8361
152 64.2515 58.6822
102 64.0126 59.4685
117 63.7532 60.3225
810 63.3319 61.7098
962 62.9203 63.0651
867 62.6242 64.0399
238 62.3531 64.9327
595 62.0799 65.8321
509 61.79 66.7867
744 61.54 67.6097
340 61.386 68.1166
801 61.2218 68.6574
68 61.2218 68.6575
460 61.2217 68.6576
727 61.2217 68.6577
668 61.2217 68.6577
654 61.2216 68.6578
837 61.2216 68.6579
110 61.2216 68.658
173 60.7737 70.1296
440 60.3284 71.5925
857 59.9532 72.8251
140 59.5905 74.0168
83 59.5905 74.0168
931 59.04 74.2922
671 58.4969 74.564
832 57.9639 74.8307
816 57.4298 75.098
987 57.4298 75.098
513 57.4298 75.098
245 57.4298 75.098
315 57.1201 74.8194
109 56.8075 74.5383
847 56.5365 74.2945
9 56.2558 74.042
782 55.9766 73.7909
861 55.708 73.5492
800 55.4145 73.2853
229 55.1257 73.0254
126 54.8037 72.7359
605 54.4792 72.444
642 54.1772 72.1723
769 53.6619 71.7087
895 53.1299 71.2303
968 52.5561 70.7142
235 52.0119 70.2246
798 51.5236 69.7854
515 51.1393 69.4397
208 50.6997 69.0443
793 50.1854 68.5817
432 49.5132 68.6987
282 48.7398 68.8332
964 47.9224 68.9755
826 46.5886 69.2076
755 45.3588 69.4216
94 44.3038 69.6052
614 42.5955 69.9025
82 41.4274 70.1057
292 39.9541 70.3621
724 39.9541 70.3621
225 39.954 70.3621
564 39.954 70.3621
144 39.954 70.3621
562 39.954 70.3621
540 39.954 70.3621
91 39.954 70.3621
454 39.954 70.3621
596 40.0142 70.1063
163 40.0677 69.8787
291 40.1221 69.647
676 40.1747 69.4234
264 40.2265 69.2028
175 40.2704 69.0158
533 40.3174 68.8162
137 40.3563 68.6504
563 40.3902 68.5061
294 40.4405 68.2922
80 40.5638 67.7676
404 40.6927 67.2191
370 40.8393 66.5955
281 40.932 66.201
912 41.0049 65.8907
910 41.0726 65.6028
791 41.1515 65.2669
779 41.1856 65.1219
410 41.2216 64.9688
523 41.2562 64.8215
683 41.2936 64.6624
171 41.329 64.5114
56 41.3679 64.346
839 41.4092 64.1702
855 41.445 64.0178
471 41.4861 63.8432
621 41.5233 63.6848
365 41.5556 63.5473
54 41.5932 63.3872
127 41.6333 63.2169
809 41.6667 63.0746
765 41.7007 62.9299
461 41.7386 62.7688
453 41.769 62.6393
891 41.8065 62.4798
923 43.0171 62.2361
237 43.7888 62.0807
732 44.9157 61.8538
188 46.2227 61.5907
576 46.7533 61.4839
216 47.4141 61.3508
468 48.06 61.2208
84 48.6489 61.1022
161 49.1981 60.9917
617 49.7426 60.8821
907 50.3145 60.7669
558 50.6287 60.7037
35 51.038 60.6212
262 51.4053 60.5473
286 51.7677 60.4744
485 52.1332 60.4008
743 52.3374 60.3596
519 52.5875 60.3093
625 52.8281 60.2609
647 53.0739 60.2114
112 53.2846 60.169
762 53.4037 60.1436
623 53.5123 60.1204
597 53.6258 60.0962
393 53.7676 60.066
848 53.0237 53.9818
978 52.9111 53.0612
217 52.8336 52.4269
186 52.776 51.9558
870 52.7056 51.3806
906 52.649 50.9178
577 52.6044 50.5528
594 52.5448 50.0652
293 52.5006 49.7038
342 52.4227 49.0664
396 52.3513 48.483
498 52.2708 47.8246
85 52.1657 46.9653
675 52.024 45.8061
935 51.5341 45.1714
69 51.2481 44.8008
844 50.9477 44.4116
522 50.6683 44.0497
930 50.6603 44.0393
356 50.6518 44.0282
492 50.6442 44.0183
197 50.6356 44.0073
945 50.6281 43.9975
101 50.6203 43.9874
276 50.4074 43.7116
472 50.1991 43.4418
63 49.9925 43.174
875 49.7831 42.9027
716 49.562 42.6162
452 49.3397 42.3282
853 49.1199 42.0435
917 49.1199 42.0435
155 49.1199 42.0435
843 49.1199 42.0435
512 49.1199 42.0435
180 49.1199 42.0435
751 47.2411 37.092
261 45.7883 33.263
209 45.4856 32.4654
555 45.184 31.6706
289 44.8845 30.8813
873 44.6154 30.172
865 44.3578 29.4932
250 44.0776 28.7546
55 43.7726 27.9509
518 39.8066 17.4987
419 39.8066 17.4987
653 39.2492 17.789
351 38.6666 18.0925
363 38.1406 18.3664
287 37.6463 18.6238
883 37.1065 18.9049
573 36.6005 19.1684
310 36.0894 19.4346
26 35.5492 19.7159
278 34.9663 20.0195
934 34.9663 20.0195
111 34.9663 20.0195
704 34.9663 20.0195
407 34.9663 20.0195
822 34.9663 20.0195
643 34.9663 20.0195
221 34.9663 20.0195
337 34.9663 20.0195
64 34.9663 20.0195
669 34.9663 20.0195
899 32.4632 26.7638
191 32.3838 27.9141
692 32.3114 28.9648
467 32.0017 28.8474
257 31.6833 28.7266
586 31.1175 28.5121
787 30.3719 28.2294
869 29.7147 27.9803
379 29.1141 27.7526
160 28.4407 27.4972
834 27.5984 27.1779
602 26.1836 26.6415
486 24.974 26.1828
836 23.626 25.6718
915 22.6086 25.286
549 21.5412 24.8813
133 18.7737 23.832
205 18.7737 23.832
246 18.8407 22.9486
254 18.8978 22.1968
284 18.9537 21.4606
121 19.0081 20.7441
488 19.1723 18.5809
824 19.1723 18.5809
402 19.1723 18.5809
902 19.1723 18.5809
474 19.1723 18.5809
307 19.1723 18.5809
439 19.1723 18.5809
741 19.1723 18.5809
702 19.1723 18.5809
8 19.1723 18.5809
626 19.1723 18.5809
354 19.1723 18.5809
709 19.1723 18.5809
722 12.2369 16.2689
211 11.9843 16.1847
881 11.7231 16.0976
682 11.4781 16.0159
812 11.2293 15.933
514 9.66436 20.8141
629 9.66436 20.8141
588 9.69271 21.0621
331 9.7212 21.3114
362 9.7469 21.5362
74 9.77518 21.7837
674 9.79969 21.9981
963 9.82813 22.247
898 9.85564 22.4877
412 9.87303 22.6399
299 9.89346 22.8186
661 9.91223 22.9829
673 9.93 23.1383
348 9.94639 23.2818
366 9.96473 23.4422
455 9.98544 23.6235
710 10.0054 23.7982
646 10.0222 23.9453
572 10.0457 24.1509
258 10.066 24.3281
794 10.086 24.5033
187 10.1039 24.6596
61 10.1266 24.8587
86 10.4057 27.3011
4 10.6057 29.0507
641 10.8375 31.0786
328 11.382 35.8429
330 12.6007 37.7082
489 14.0896 39.987
958 14.0896 39.987
312 14.0896 39.987
87 14.0896 39.987
943 14.0896 39.987
65 14.0896 39.987
985 14.0896 39.987
268 14.0896 39.987
612 14.6366 40.5604
125 15.0976 41.0436
535 15.6047 41.5751
543 15.9069 41.8919
841 16.0128 42.0028
655 16.1322 42.128
797 16.2485 42.2499
32 16.3528 42.3593
46 16.4563 42.4677
505 16.5889 42.6067
283 16.7002 42.7234
829 16.8279 42.8572
616 16.9607 42.9964
123 17.0949 43.1371
476 17.2359 43.2849
700 17.3622 43.4173
731 17.4976 43.5592
990 17.6461 43.7148
182 17.8125 43.8892
858 17.9688 44.053
972 18.1137 44.205
525 19.6574 44.2538
142 20.7153 44.2872
496 21.7752 44.3208
633 22.9699 44.3585
510 24.1067 44.3945
403 24.1067 44.3945
534 24.1067 44.3945
723 24.4331 44.3391
148 24.7363 44.2876
664 25.097 44.2263
748 25.419 44.1717
38 25.719 44.1207
619 26.0049 44.0722
11 26.2653 44.0279
438 26.5248 43.9839
78 26.7807 43.9404
663 27.0711 43.8911
397 27.4421 43.8281
811 27.8194 43.7641
529 28.1793 43.7029
566 28.5177 43.6455
706 28.7633 43.6038
862 29.0087 43.5621
475 29.1393 43.5399
391 29.2945 43.5136
687 29.4881 43.4807
679 29.6562 43.4522
949 29.8019 43.4274
37 30.3314 43.3375
688 30.8894 43.2428
783 31.4804 43.1424
908 31.9763 43.0582
388 32.8103 42.9166
989 33.759 42.7555
480 34.581 42.6159
421 35.3515 42.4851
790 35.1526 43.233
151 34.9351 44.0511
7 34.7162 44.8741
269 34.4663 45.8137
194 34.2622 46.5814
302 34.0356 47.4332
413 33.8195 48.2458
922 33.6008 49.0684
929 33.407 49.7968
414 33.2486 50.3928
603 33.0353 51.1946
59 32.8303 51.9656
508 32.6688 52.5729
778 32.4849 53.2641
876 32.2907 53.9947
104 32.0596 54.8637
788 31.8672 55.5869
210 31.7131 56.1665
493 31.4384 57.1994
459 31.1904 58.1318
913 31.1648 58.2283
49 31.1336 58.3457
89 31.0963 58.4856
591 31.0543 58.6437
501 31.0543 58.6437
715 31.0543 58.6437
308 30.9203 58.5883
571 30.7865 58.5329
804 30.657 58.4793
645 30.2876 58.3264
21 29.9307 58.1786
267 29.4655 57.9861
691 29.0077 57.7966
349 28.813 57.716
147 28.6182 57.6353
30 28.424 57.555
507 28.1934 57.4595
587 27.9907 57.3756
390 27.7807 57.2887
957 27.5537 57.1947
733 27.3262 57.1006
965 27.1071 57.0099
324 26.8668 56.9104
756 26.655 56.8227
901 26.4442 56.7355
846 26.2315 56.6474
359 26.0333 56.5654
729 25.5426 56.3623
545 25.0705 56.1669
897 24.6038 55.9737
382 24.1631 55.7913
233 23.6788 55.5908
34 23.2172 55.3998
764 22.734 55.1997
329 22.3216 55.029
79 21.9157 54.861
640 21.4732 54.6778
758 20.9007 54.4409
422 20.4226 54.243
130 19.9352 54.0412
698 19.2305 53.7495
341 18.5177 53.4545
451 18.1196 53.2897
174 17.6361 53.0896
705 17.2009 52.9094
956 16.6747 52.6916
279 16.0995 52.4535
771 15.5297 52.2177
463 14.9317 51.9702
677 14.4394 51.7664
166 13.9015 51.5437
100 13.5619 51.4032
352 13.2446 51.2718
336 12.9271 51.1404
938 12.5875 50.9998
542 12.1631 50.8241
805 11.7505 50.6534
57 11.345 50.4855
770 10.9672 50.3292
214 10.5957 50.1754
423 10.2761 50.0431
10 9.91688 49.8944
749 9.78013 49.8852
228 9.65546 49.8768
154 9.52064 49.8677
936 9.38397 49.8585
652 9.24404 49.8491
212 9.10218 49.8396
384 8.95925 49.8299
499 8.81023 49.8199
116 8.8533 50.2921
222 8.89343 50.7319
863 8.93111 51.145
157 8.97997 51.6806
128 9.03015 52.2306
122 9.08837 52.8689
849 9.14249 53.462
531 9.19656 54.0547
527 9.2417 54.5496
47 9.28735 55.0499
708 9.33496 55.5718
909 9.38149 56.0818
373 9.43398 56.6572
303 9.49406 57.3158
747 9.55673 58.0027
234 9.61285 58.6179
925 9.66593 59.1997
218 9.72093 59.8026
772 9.78486 60.5033
879 9.84527 61.1656
371 9.89817 61.7454
381 9.94965 62.3096
939 9.98769 62.7267
657 10.0289 63.1786
607 10.0589 63.5074
799 10.0864 63.8085
667 10.1155 64.1273
686 10.1414 64.411
347 10.1642 64.6612
760 10.1897 64.9407
734 10.2191 65.263
272 10.2482 65.5826
694 10.2775 65.9029
119 10.3044 66.1979
162 10.3323 66.5037
207 10.3593 66.7996
639 10.3593 66.7996
219 10.3593 66.7996
665 10.3593 66.7996
277 10.3593 66.7996
77 10.3593 66.7996
517 10.3593 66.7996
966 10.3593 66.7996
445 10.3593 66.7996
14 10.3593 66.7996
196 10.3593 66.7996
97 10.3593 66.7996
556 10.3593 66.7996
503 10.3593 66.7996
717 10.3593 66.7996
948 10.3593 66.7996
255 10.3593 66.7996
630 10.3593 66.7996
338 10.3593 66.7996
224 10.3593 66.7996
886 16.053 69.5243
608 16.6142 69.7929
924 16.6473 69.6788
526 16.6761 69.5795
487 16.7037 69.4844
411 16.735 69.3765
168 16.7611 69.2866
321 16.7901 69.1864
500 16.8827 68.8672
565 16.9828 68.5222
131 16.9828 68.5222
589 16.9828 68.5222
361 16.9828 68.5222
114 16.9828 68.5222
427 16.9828 68.5222
482 16.9828 68.5222
192 16.9828 68.5222
376 16.9828 68.5222
701 16.9828 68.5222
784 16.9828 68.5222
635 16.9828 68.5222
81 16.9828 68.5222
796 16.9828 68.5222
825 16.9828 68.5222
601 16.9828 68.5222
720 16.9828 68.5222
524 16.9828 68.5222
703 16.9828 68.5222
739 16.9828 68.5222
970 16.9828 68.5222
327 16.9828 68.5222
599 16.9828 68.5223
981 16.9828 68.5223
552 16.9828 68.5223
680 16.9828 68.5223
220 16.9828 68.5223
971 16.9829 68.5223
927 16.9829 68.5223
735 16.9829 68.5223
479 19.0819 70.8
266 20.8298 72.6966
878 22.4613 74.467
124 22.9034 74.9467
223 23.3179 75.3964
954 23.7025 75.8138
270 24.0826 76.2262
730 24.131 76.2788
872 24.1824 76.3345
689 24.2334 76.3898
638 24.2832 76.4438
2 24.2832 76.4438
16 24.2832 76.4438
550 24.2832 76.4438
326 24.2832 76.4438
757 24.2832 76.4438
658 24.2832 76.4438
946 24.2832 76.4438
789 24.2832 76.4438
604 24.2832 76.4438
296 24.2832 76.4438
275 24.2832 76.4438
132 24.2832 76.4438
903 24.2832 76.4438
574 23.761 76.6619
333 23.1811 76.9041
600 22.5767 77.1566
400 21.9513 77.4178
48 21.4275 77.6366
888 21.025 77.8047
99 20.5761 77.9922
726 20.0892 78.1956
31 19.5869 78.4054
443 19.2074 78.5639
560 18.7832 78.741
495 18.3721 78.9128
374 17.9705 79.0805
113 17.6199 79.2269
815 17.2388 79.3861
955 16.93 79.5151
551 16.6516 79.6314
885 16.3804 79.7446
244 15.4527 80.1322
364 14.4417 80.5544
905 14.3658 80.5861
304 14.2936 80.6163
446 14.2715 80.5773
41 14.2501 80.5395
50 14.2292 80.5026
183 14.2072 80.4638
695 14.135 80.3363
442 14.0655 80.2135
982 13.9769 80.0571
360 13.8914 79.9061
288 13.8088 79.7602
88 13.6322 79.4483
502 13.4466 79.1206
346 13.2951 78.853
429 13.148 78.5933
950 13.0078 78.3456
398 12.8616 78.0875
431 12.7413 77.875
178 12.6073 77.6385
108 12.4707 77.3972
554 12.275 77.0516
3 12.1667 76.8603
184 12.0228 77.5212
325 11.8856 78.1514
780 11.7648 78.7062
298 11.6506 79.2307
339 11.5184 79.8374
546 11.3773 80.4855
628 11.2443 81.0963
991 11.1307 81.6181
830 11.0029 82.205
890 10.8754 82.7903
728 10.7445 83.3916
457 10.6004 84.0534
240 10.434 84.8174
860 10.2723 85.5599
433 10.0392 86.6304
435 9.69074 88.2308
827 9.67313 88.3116
711 9.65694 88.386
973 9.64099 88.4592
39 9.62408 88.5369
380 9.60681 88.6162
200 9.59071 88.6901
750 9.57461 88.7641
106 9.56085 88.8272
944 9.54821 88.8853
803 9.53154 88.9618
426 9.51559 89.0351
988 9.49618 89.1242
792 9.49618 89.1242
719 9.49618 89.1242
263 9.49618 89.1242
615 9.49618 89.1242
570 9.49619 89.1242
436 9.49619 89.1242
736 9.49619 89.1242
169 9.49619 89.1242
759 9.49619 89.1242
401 9.49619 89.1242
693 9.49619 89.1242
405 9.49619 89.1242
93 9.49619 89.1242
90 9.49619 89.1242
300 9.5261 89.1199
718 9.55865 89.1152
236 9.58948 89.1108
138 9.6195 89.1065
868 9.64715 89.1025
213 9.67705 89.0982
585 9.81754 89.0781
153 9.97286 89.0558
386 10.1315 89.033
568 10.2722 89.0128
399 10.416 88.9921
699 10.5489 88.973
75 10.6701 88.9556
247 10.921 88.9196
969 11.1512 88.8865
914 11.4094 88.8495
1 11.6796 88.8107
953 11.9334 88.7742
637 12.2238 88.7325
557 12.516 88.6906
547 12.7717 88.6538
203 13.0794 88.6097
678 13.3889 88.5652
115 13.81 88.5047
712 14.1897 88.4502
199 14.5247 88.4021
933 14.922 88.345
892 15.2683 88.2953
95 15.6465 88.241
444 16.0164 88.1879
301 16.4909 88.1198
447 17.088 88.034
316 19.0205 87.7565
28 22.1286 87.3102
424 22.1767 87.3033
578 22.2236 87.2966
916 22.2687 87.2901
859 22.3203 87.2827
58 22.3681 87.2758
167 22.42 87.2684
60 22.4671 87.2616
17 22.5068 87.2559
753 22.5528 87.2493
469 22.6005 87.2425
249 22.652 87.2351
92 22.7088 87.2269
697 22.7543 87.2204
537 22.8031 87.2134
806 23.1453 87.4575
253 23.4158 87.6505
610 23.6768 87.8367
490 23.9228 88.0122
918 24.2022 88.2116
150 24.4646 88.3988
761 24.7069 88.5716
795 24.9653 88.756
773 25.2107 88.9311
72 25.4803 89.1234
470 25.5023 89.1391
960 25.523 89.1539
593 25.523 89.1539
833 25.523 89.1539
871 25.523 89.1539
227 25.523 89.1539
15 25.5782 89.1519
456 25.6432 89.1496
441 25.7054 89.1474
776 25.7658 89.1452
44 25.8885 89.1409
768 26.001 89.1369
521 26.1121 89.1329
491 26.2228 89.129
368 26.3366 89.1249
714 26.4443 89.1211
462 26.5566 89.1171
651 26.7607 89.1098
13 26.9514 89.1031
631 27.3542 89.0887
430 27.7241 89.0756
409 28.1091 89.0619
306 28.5164 89.0474
271 28.9758 89.031
613 29.3939 89.0161
437 29.7534 89.0033
707 30.0521 88.9927
141 30.3338 88.9827
73 30.6152 88.9727
76 30.9068 88.9623
611 31.2132 88.9514
20 31.6193 88.9369
786 32.0725 88.9208
392 32.5497 88.9038
146 32.9932 88.8881
265 33.4114 88.8732
172 33.6564 88.8645
36 33.8769 88.8566
696 34.1478 88.847
808 34.4779 88.8352
96 34.7878 88.8242
418 35.0984 88.8131
877 35.5458 88.7972
569 35.9443 88.783
241 36.289 88.7708
256 36.6163 88.7591
428 36.9541 88.7471
919 37.3641 88.7325
215 37.8064 88.7168
659 38.215 88.7022
181 38.5475 88.6904
120 38.8792 88.6786
807 39.3326 88.6625
5 39.7695 88.6469
516 39.7865 88.6241
389 39.802 88.6033
874 39.8175 88.5825
559 39.8343 88.56
448 39.8508 88.5379
738 39.8674 88.5156
752 39.8843 88.493
139 39.9026 88.4684
129 39.9517 88.4026
22 39.9933 88.3468
672 40.0356 88.2901
548 40.0778 88.2334
539 40.1211 88.1754
53 40.1589 88.1247
309 40.1996 88.0701
974 40.2394 88.0167
231 41.5032 86.3219
662 43.7354 83.3286
319 43.7548 83.3052
252 43.7748 83.2811
248 43.7938 83.2583
880 43.8121 83.2363
305 43.8302 83.2145
189 43.8504 83.1903
230 43.8692 83.1677
649 43.8908 83.1418
416 43.9107 83.1178
226 43.9326 83.0915
561 43.9519 83.0683
814 43.9704 83.0461
449 43.9895 83.0231
408 44.0361 82.9671
335 44.0854 82.9078
840 44.1213 82.8647
193 44.1599 82.8183
976 44.1983 82.7722
239 44.2322 82.7314
921 44.2772 82.6772
947 44.3144 82.6326
802 44.3549 82.5839
887 44.3911 82.5404
415 44.4249 82.4997
343 44.4577 82.4602
636 44.4964 82.4138
763 44.5312 82.3718
986 44.5767 82.3172
406 44.6108 82.2762
394 44.6454 82.2346
484 44.6903 82.1807
280 44.7126 82.2177
632 44.7323 82.2502
134 44.7521 82.283
582 44.7672 82.3079
350 44.9593 82.6259
894 45.1754 82.9833
856 49.0348 89.3693
202 49.0348 89.3693
344 49.0348 89.3693
367 49.0348 89.3693
940 49.0348 89.3693
259 49.0348 89.3693
179 49.0348 89.3693
618 49.0348 89.3693
320 49.0348 89.3693
532 49.0348 89.3693
434 49.0348 89.3693
774 49.0348 89.3693
62 49.0348 89.3693
206 49.0348 89.3693
866 49.0348 89.3693
980 49.0348 89.3693
713 49.0348 89.3693
165 49.0348 89.3693
766 49.0348 89.3693
375 49.6596 89.5941
105 50.3225 89.8326
961 50.9881 90.0721
746 51.6318 90.3037
896 52.298 90.5434
156 52.9254 90.7691
536 53.5689 91.0007
12 54.2399 91.2421
530 54.9359 91.4925
177 56.2446 91.9633
477 57.4925 92.4123
318 58.6812 92.84
185 58.6812 92.84
313 58.6812 92.84
23 58.6812 92.84
952 58.6812 92.84
690 58.6812 92.84
541 58.6812 92.84
882 59.0335 92.7932
737 59.4261 92.741
584 59.7879 92.693
624 60.1278 92.6478
511 60.5146 92.5965
851 61.226 92.502
273 62.1291 92.3821
251 62.9795 92.2691
353 63.6862 92.1753
464 64.2823 92.0961
42 64.9065 92.0132
580 65.557 91.9268
911 65.5581 90.7895
369 65.5618 87.0696
904 65.564 84.802
395 65.5667 84.8727
317 65.5693 84.9435
575 65.5718 85.0126
297 65.5743 85.0793
51 65.5767 85.1441
465 65.5796 85.2216
567 65.5826 85.3011
52 65.5855 85.3813
817 65.5881 85.4516
544 65.5906 85.5173
620 65.5929 85.5801
984 65.5929 85.5801
40 65.5929 85.5801
754 65.7159 85.5483
118 66.1328 85.4405
378 66.6977 85.2943
992 67.2266 85.1576
417 67.9236 84.9773
854 68.4672 84.8367
864 69.0252 84.6923
648 69.5504 84.5565
937 69.5504 84.5565
818 69.5504 84.5565
775 69.5504 84.5565
290 69.5504 84.5565
481 70.2323 84.9361
159 70.9774 85.351
845 71.5879 85.6909
18 72.2076 86.0359
893 73.9547 87.0086
322 74.7932 87.4755
725 74.7932 87.4755
145 74.7932 87.4755
71 74.7932 87.4755
149 74.7932 87.4755
158 75.2202 87.5153
813 75.6537 87.5557
666 76.082 87.5957
622 76.4961 87.6343
494 77.0376 87.6848
285 77.5112 87.7289
823 78.0579 87.7799
742 78.8574 87.8544
820 79.6396 87.9274
983 80.3882 87.9972
135 80.3883 87.9972
473 80.9158 88.0418
928 81.4483 88.0868
685 83.2347 85.6899
889 84.1802 84.4215
660 85.2739 82.954
25 85.5273 82.6141
311 85.7883 82.2638
372 86.0242 81.9473
204 84.5812 79.2463
450 83.3239 76.8932
332 82.0673 74.5413
740 80.9971 72.5381
420 78.3904 67.6592
650 78.1372 67.1852
900 77.9507 66.8363
975 77.755 66.4699
67 77.545 66.0768
977 77.7346 65.6361
941 77.8844 65.2877
201 78.0259 64.9588
334 78.1711 64.6213
383 78.307 64.3053
385 78.4432 63.9889
579 78.5825 63.6649
852 78.7754 63.2166
528 78.9722 62.7592
387 79.407 61.7484
425 79.7944 60.8478
656 79.8711 60.6696
170 79.9607 60.4612
506 80.0256 60.3104
136 80.0918 60.1566
951 80.1518 60.0171
107 80.2001 59.9048
478 77.61 58.9902
190 77.61 58.9902
942 77.8581 58.7716
767 78.1474 58.5167
684 80.0712 56.8217
932 81.7695 55.3254
884 83.5076 53.794
497 84.9366 52.5349
838 84.9917 51.0888
198 85.0495 49.5727
242 85.1178 47.7805
274 85.2547 44.1872
609 85.3575 41.4899
835 85.5293 36.982
33 85.7449 31.3268
627 86.0007 24.6153
345 86.0028 24.5598
520 86.0047 24.5119
98 86.0271 23.9243
590 86.0584 23.1008
260 86.2684 17.5916
979 86.2684 17.5916
243 86.2684 17.5916
483 86.2684 17.5916
