0,483,260,979,345,243,627,590,520,274,835,98,33,497,884,170,506,107,136,967,951,932,195,684,198,242,838,977,29,670,920,425,102,387,609,767,583,70,334,656,926,232,942,941,117,606,592,842,466,143,850,745,396,217,644,357,45,821,485,190,314,323,553,519,634,781,355,623,594,848,356,262,978,43,675,751,853,945,289,164,209,250,843,492,681,785,257,873,555,828,377,27,865,586,917,472,421,358,875,870,458,55,66,844,19,276,63,935,180,452,197,716,906,69,342,930,486,155,862,522,480,194,388,692,191,790,549,543,151,748,834,278,655,664,811,989,869,397,529,723,891,612,508,679,237,438,37,778,913,414,633,876,302,706,687,269,535,525,619,413,147,11,49,783,38,512,7,566,210,324,603,403,475,461,545,59,89,908,688,127,370,54,897,705,390,903,901,735,327,756,645,501,765,291,104,809,267,510,233,79,846,34,552,957,587,733,382,965,729,349,601,640,493,730,451,788,839,599,137,507,359,266,878,571,591,971,720,526,927,662,454,537,252,596,922,533,540,789,308,404,574,929,910,523,604,689,21,175,459,226,171,576,715,163,30,80,101,484,109,281,976,676,216,225,471,732,264,144,912,804,350,597,365,986,56,724,410,621,286,791,683,779,91,894,921,515,134,923,847,855,798,453,161,85,186,498,538,907,440,9,668,762,800,460,509,647,632,94,832,625,558,513,769,432,208,964,857,315,577,238,968,235,743,293,671,35,282,782,617,112,84,582,810,793,468,188,904,595,229,395,650,900,579,290,18,654,67,201,383,975,51,152,837,110,727,420,818,605,68,478,393,744,297,173,340,867,852,332,801,987,962,385,83,937,481,660,528,204,648,372,311,25,889,450,685,928,820,983,135,322,775,740,159,580,864,725,893,145,158,353,473,149,494,622,417,464,318,620,823,465,666,52,42,813,817,71,742,854,845,544,251,285,415,774,952,690,754,126,882,737,624,851,369,816,140,434,567,940,23,896,202,584,280,856,642,165,179,177,911,344,259,541,335,245,980,931,532,118,618,575,861,185,12,536,313,880,826,317,273,887,895,516,156,746,408,713,320,961,530,636,40,511,105,802,62,406,984,477,319,992,367,248,378,561,539,181,389,563,375,239,292,738,752,392,449,416,814,5,256,2,638,947,613,394,874,562,448,559,840,294,974,265,763,866,53,22,795,766,755,193,309,807,241,231,215,614,707,470,206,139,548,773,343,808,270,150,129,73,82,806,72,659,437,146,189,569,96,649,564,672,305,960,223,271,456,697,786,491,441,430,871,521,578,28,16,288,253,296,490,418,306,885,714,167,424,172,50,333,141,120,60,124,92,428,877,872,36,230,768,859,761,20,918,954,610,833,409,41,776,17,757,651,696,76,227,550,44,611,919,631,368,15,825,593,886,753,360,988,568,138,263,982,301,199,304,719,699,153,446,711,386,244,933,969,106,108,364,1,914,39,750,183,678,200,178,905,426,570,48,712,736,236,380,973,495,13,469,892,447,247,58,316,547,815,916,868,792,955,585,95,759,442,249,462,399,300,444,718,628,560,213,637,803,695,115,953,169,557,405,827,203,693,435,401,429,113,991,431,132,93,658,88,275,479,90,99,31,726,879,219,946,443,298,556,635,554,75,119,728,780,374,607,398,630,500,97,224,487,433,944,551,168,240,608,436,830,325,950,615,546,890,184,888,114,503,347,339,764,667,948,924,739,860,784,734,799,376,657,531,411,371,970,445,796,717,686,639,14,381,130,400,81,939,772,234,747,600,207,321,196,703,701,502,192,524,220,457,680,77,482,427,361,338,966,589,3,329,517,665,272,760,255,277,346,131,981,162,694,326,122,858,214,770,797,652,949,222,154,123,157,373,148,47,938,422,956,972,100,527,708,279,758,677,489,463,174,218,303,691,849,925,700,312,336,805,698,534,166,565,352,116,228,182,142,496,391,990,330,731,499,78,423,212,958,57,341,505,663,749,936,542,128,841,616,771,909,46,476,10,863,283,328,898,121,985,836,641,794,673,331,205,4,258,455,572,710,402,899,32,299,65,943,125,87,384,74,86,268,514,133,829,187,682,61,488,963,661,588,348,8,629,881,211,741,902,722,362,474,366,412,674,646,812,602,915,221,354,254,669,246,284,439,824,702,310,287,883,307,467,653,160,379,64,787,643,351,261,626,363,709,407,26,419,111,822,934,337,704,573,518,103,777,831,6,959,24,176,819,598,721,295,504,581,
value : 397.296 running time : 1695.567273
0 80 20
483 86.2684 17.5916
260 86.2684 17.5916
979 86.2883 18.1088
345 86.3149 18.7988
243 86.3395 19.4369
627 86.4275 21.7199
590 86.7043 28.9005
520 86.8348 32.2864
274 86.9275 34.6911
835 86.9792 36.0325
98 87.0228 37.1629
33 87.1345 40.063
497 87.4795 49.0128
884 87.1798 48.988
170 86.8704 48.9624
506 86.5321 48.9345
107 86.172 48.9047
136 85.7574 48.8704
967 85.3414 48.836
951 84.9963 48.8075
932 84.6171 48.7762
195 84.2725 48.7477
684 83.9854 48.7239
198 83.3815 48.674
242 82.7521 48.622
838 82.0851 48.5668
977 81.3848 48.5089
29 80.1571 48.4074
670 79.1622 48.3252
920 78.4328 48.2649
425 77.642 48.1995
102 76.8392 48.1331
387 76.4518 48.1011
609 75.9884 48.0628
767 75.5226 48.0243
583 75.5226 48.0243
70 75.5226 48.0243
334 75.5226 48.0243
656 74.7444 47.7367
926 73.9602 47.4469
232 73.2842 47.1971
942 72.6678 46.9693
941 72.1453 46.7762
117 71.4111 46.5049
606 70.8111 46.2831
592 70.302 46.095
842 69.6839 45.8665
466 69.126 45.6603
143 68.5339 45.4415
850 67.9706 45.2333
745 67.042 44.8902
396 65.7662 44.4188
217 65.6112 44.3615
644 65.4787 44.3126
357 65.3439 44.2627
45 65.2081 44.2125
821 65.0755 44.1635
485 65.0754 44.1634
190 64.9859 44.1303
314 64.4415 43.9284
323 63.9183 43.7345
553 63.3524 43.5247
519 61.126 42.6986
634 59.8409 42.222
781 58.5899 41.7581
355 57.4355 41.33
623 56.3092 40.9124
594 55.0809 40.4569
848 53.7814 39.975
356 52.7251 39.5833
262 52.5268 39.5098
978 52.2822 39.4192
43 52.0218 39.3226
675 51.7384 39.2175
751 50.8818 38.8999
853 49.9535 38.5556
945 49.518 38.3941
289 49.0249 38.2113
164 49.0249 38.2113
209 49.0249 38.2113
250 49.0249 38.2113
843 49.0249 38.2113
492 49.0249 38.2113
681 49.0249 38.2113
785 49.0249 38.2113
257 49.0249 38.2113
873 49.0249 38.2113
555 49.0249 38.2113
828 49.0249 38.2113
377 49.0249 38.2113
27 49.0249 38.2113
865 49.0249 38.2113
586 49.0249 38.2113
917 49.0249 38.2113
472 49.0249 38.2113
421 49.0249 38.2113
358 49.0249 38.2113
875 48.8304 38.2412
870 48.634 38.2714
458 48.4465 38.3002
55 48.2461 38.331
66 47.7942 38.4004
844 47.3362 38.4707
19 46.884 38.5402
276 46.4216 38.6113
63 45.973 38.6802
935 45.4565 38.7595
180 44.9677 38.8346
452 44.8283 38.856
197 44.6981 38.876
716 44.5618 38.897
906 44.4181 38.9191
69 44.2624 38.943
342 44.1064 38.9669
930 43.9648 38.9887
486 34.194 40.4897
155 34.1882 40.5625
862 34.1833 40.6248
522 34.1783 40.6876
480 34.1742 40.7394
194 34.1696 40.797
388 34.1659 40.8443
692 34.1617 40.8967
191 34.1576 40.948
790 34.153 41.0062
549 34.149 41.0568
543 34.1439 41.1213
151 34.1394 41.1772
748 34.1349 41.2343
834 34.131 41.284
278 34.1266 41.3392
655 34.1217 41.4004
664 34.117 41.4604
811 34.1123 41.5193
989 34.1074 41.5805
869 34.1034 41.631
397 34.0986 41.6916
529 34.0942 41.7477
723 34.0892 41.8108
891 34.084 41.8755
612 34.084 41.8755
508 34.0506 42.4087
679 34.0212 42.8786
237 33.9848 43.46
438 33.9627 43.8125
37 33.9388 44.1935
778 33.9132 44.6024
913 33.8908 44.9593
414 33.8701 45.2904
633 33.8459 45.6769
876 33.8321 45.8971
302 33.8185 46.1132
706 33.8058 46.3171
687 33.7919 46.5393
269 33.7758 46.7953
535 33.7621 47.0143
525 33.7476 47.2452
619 33.7333 47.4746
413 33.7183 47.7128
147 33.7037 47.9466
11 33.6908 48.1517
49 33.6763 48.3844
783 33.6629 48.5981
38 33.6486 48.826
512 33.6336 49.0648
7 33.6194 49.2924
566 33.6013 49.5805
210 33.5815 49.8974
324 33.565 50.1607
603 33.5494 50.41
403 33.535 50.6395
475 33.5123 51.0021
461 33.4779 51.5501
545 33.4453 52.0715
59 33.4144 52.5635
89 33.3874 52.995
908 33.3615 53.4082
688 33.2938 54.4881
127 33.2211 55.6485
370 33.1374 56.9852
54 33.0458 58.4465
897 32.9722 59.6213
705 32.9583 59.8434
390 32.9426 60.093
903 32.9285 60.3183
901 32.9155 60.5251
735 32.9023 60.736
327 32.8878 60.9681
756 32.8793 61.1027
645 32.8694 61.2613
501 32.8594 61.4205
765 32.8509 61.5563
291 32.8417 61.7032
104 32.8329 61.8434
809 32.8242 61.9829
267 32.8151 62.1284
510 32.8058 62.2769
233 32.7954 62.4416
79 32.7635 62.9514
846 32.7298 63.4898
34 32.6991 63.9793
552 32.6624 64.5656
957 32.6624 64.5656
587 32.6624 64.5656
733 32.6624 64.5656
382 32.6624 64.5656
965 32.6624 64.5656
729 32.6624 64.5656
349 32.6624 64.5656
601 32.6624 64.5656
640 32.6624 64.5656
493 32.6624 64.5656
730 32.6624 64.5656
451 32.6624 64.5656
788 32.6824 64.6468
839 32.7027 64.7295
599 32.7253 64.8211
137 32.748 64.9135
507 32.7707 65.0058
359 32.7977 65.1152
266 32.8241 65.2225
878 32.8465 65.3134
571 32.8681 65.4012
591 32.8894 65.4876
971 32.9094 65.5692
720 32.9304 65.6543
526 32.9547 65.753
927 32.9776 65.8461
662 33.0014 65.9428
454 33.0233 66.0315
537 33.0424 66.1095
252 33.2595 66.1096
596 33.4535 66.1096
922 33.6379 66.1097
533 33.815 66.1098
540 33.9671 66.1099
789 34.0917 66.1099
308 34.3629 66.11
404 34.6278 66.1101
574 34.8633 66.1102
929 35.1485 66.1103
910 35.4365 66.1105
523 35.703 66.1106
604 35.9191 66.1107
689 36.3885 66.1109
21 36.9188 66.1111
175 37.4909 66.1113
459 38.0516 66.1116
226 38.5655 66.1118
171 39.1221 66.112
576 39.6725 66.1122
715 40.2184 66.1125
163 40.7655 66.1127
30 41.3076 66.1129
80 41.9649 66.1132
101 42.6506 66.1135
484 42.9202 66.1136
109 43.196 66.1137
281 43.3689 66.1138
976 43.5428 66.1138
676 43.7403 66.1139
216 43.938 66.114
225 44.103 66.1141
471 44.2786 66.1141
732 44.4624 66.1142
264 44.6517 66.1143
144 44.8322 66.1144
912 45.008 66.1144
804 45.2731 66.1146
350 45.5339 66.1147
597 45.7998 66.1148
365 46.0374 66.1149
986 46.3349 66.115
56 46.5759 66.1151
724 46.8604 66.1152
410 47.3032 66.1154
621 47.767 66.1156
286 48.2851 66.1158
791 48.6141 66.1159
683 48.8996 66.1161
779 49.2417 66.1162
91 49.6185 66.1164
894 49.9616 66.1165
921 50.3711 66.1167
515 50.7589 66.1168
134 51.0538 66.1169
923 51.4255 66.1171
847 51.9466 66.1173
855 52.236 66.1174
798 52.5498 66.1176
453 52.8959 66.1177
161 53.248 66.1179
85 53.605 66.118
186 53.6051 66.118
498 53.6767 66.1497
538 53.7658 66.1892
907 53.8469 66.2251
440 53.9229 66.2588
9 53.9973 66.2917
668 54.068 66.323
762 54.1363 66.3532
800 54.2087 66.3853
460 54.2808 66.4173
509 54.3452 66.4458
647 54.4025 66.4711
632 54.461 66.4971
94 54.5237 66.5248
832 54.587 66.5528
625 54.6389 66.5758
558 54.6954 66.6008
513 54.7671 66.6326
769 54.842 66.6657
432 54.911 66.6963
208 54.974 66.7242
964 55.0354 66.7514
857 55.1029 66.7813
315 55.168 66.8101
577 55.2218 66.8339
238 55.2892 66.8638
968 55.3483 66.89
235 55.4092 66.9169
743 55.4747 66.9459
293 55.5464 66.9777
671 55.621 67.0107
35 55.6782 67.036
282 55.7416 67.0641
782 55.8117 67.0952
617 55.8741 67.1228
112 55.9413 67.1526
84 56.0014 67.1792
582 56.0677 67.2085
810 56.1236 67.2333
793 56.1838 67.2599
468 56.2538 67.2909
188 56.3248 67.3224
904 58.9525 68.486
595 60.3967 69.1256
229 61.6362 69.6745
395 62.8875 70.2286
650 63.6439 70.5636
900 64.4554 70.9229
579 65.0912 71.2045
290 65.5752 71.4188
18 66.0508 71.6295
654 66.5292 71.8413
67 66.9998 72.0497
201 67.5581 72.2969
383 67.8915 72.4446
975 67.8915 72.4446
51 67.8915 72.4446
152 67.8915 72.4446
837 67.8915 72.4446
110 67.8915 72.4446
727 67.8915 72.4446
420 67.8915 72.4446
818 68.0274 72.526
605 68.1293 72.587
68 68.2595 72.665
478 68.3991 72.7486
393 68.6148 72.8779
744 68.8529 73.0205
297 69.0693 73.1501
173 69.2668 73.2684
340 69.4878 73.4008
867 69.7401 73.5519
852 69.9945 73.7043
332 70.237 73.8496
801 70.3702 73.9294
987 70.5849 74.058
962 71.9012 74.8465
385 73.435 75.7653
83 74.758 76.5577
937 76.2355 77.4428
481 78.0673 78.5401
660 84.1958 82.2113
528 84.5821 82.4427
204 85.0248 82.7079
648 85.4723 82.9759
372 85.9989 83.2914
311 85.9989 83.2914
25 85.9989 83.2914
889 85.9989 83.2914
450 85.9989 83.2914
685 84.4446 84.945
928 81.5228 88.0536
820 80.8923 88.0636
983 80.2571 88.0738
135 79.3977 88.0875
322 78.9029 88.0954
775 78.2979 88.1051
740 77.8298 88.1126
159 77.3315 88.1206
580 76.8597 88.1281
864 76.724 88.1303
725 76.5974 88.1323
893 76.4513 88.1346
145 76.2854 88.1373
158 76.1517 88.1394
353 76.0267 88.1414
473 75.914 88.1432
149 74.4122 88.1672
494 73.7687 88.1775
622 73.0427 88.1891
417 72.4494 88.1985
464 71.7815 88.2092
318 71.2762 88.2173
620 70.7595 88.2255
823 70.3109 88.2327
465 69.8762 88.2396
666 69.4465 88.2465
52 68.9633 88.2542
42 68.5133 88.2614
813 68.1139 88.2678
817 67.6603 88.275
71 67.2677 88.2813
742 66.8368 88.2882
854 66.2156 88.2981
845 65.4531 88.3103
544 64.6935 88.3224
251 63.8677 88.3356
285 62.653 88.355
415 60.7809 88.3849
774 59.5798 88.4041
952 58.7084 88.418
690 57.9474 88.4302
754 57.1758 88.4425
126 56.4196 88.4546
882 55.9477 88.4621
737 55.8701 88.4634
624 55.7839 88.4648
851 55.7053 88.466
369 55.6294 88.4672
816 55.5482 88.4685
140 55.4575 88.47
434 55.3755 88.4713
567 55.2996 88.4725
940 55.2047 88.474
23 55.1228 88.4753
896 55.0415 88.4766
202 54.9628 88.4779
584 54.8786 88.4792
280 54.7917 88.4806
856 54.7031 88.482
642 54.6066 88.4836
165 54.5169 88.485
179 54.454 88.486
177 54.3917 88.487
911 54.3148 88.4883
344 54.235 88.4895
259 54.1627 88.4907
541 54.0813 88.492
335 54.0496 88.4925
245 54.0119 88.4931
980 53.9755 88.4937
931 53.9408 88.4943
532 53.896 88.495
118 53.8615 88.4955
618 53.8247 88.4961
575 53.7914 88.4967
861 53.7523 88.4973
185 53.7162 88.4979
12 53.6773 88.4985
536 53.6341 88.4992
313 53.5975 88.4998
880 53.5624 88.5003
826 53.5259 88.5009
317 53.4936 88.5014
273 53.4555 88.5021
887 53.4114 88.5028
895 53.3644 88.5035
516 53.3187 88.5043
156 53.2748 88.505
746 53.2344 88.5056
408 53.1957 88.5062
713 53.1556 88.5069
320 53.1195 88.5075
961 53.0822 88.5081
530 53.049 88.5086
636 53.0148 88.5091
40 52.9788 88.5097
511 52.9388 88.5104
105 52.9013 88.511
802 52.8704 88.5115
62 52.8704 88.5115
406 52.8704 88.5115
984 52.8703 88.5115
477 52.8703 88.5115
319 52.8703 88.5115
992 52.8703 88.5115
367 52.8703 88.5115
248 52.8703 88.5115
378 52.8703 88.5115
561 49.013 88.6397
539 47.3891 88.6937
181 45.9459 88.7416
389 45.4587 88.7578
563 44.9798 88.7737
375 44.4215 88.7922
239 43.8188 88.8122
292 43.1563 88.8342
738 42.6069 88.8524
752 42.1143 88.8688
392 42.0202 88.8719
449 41.9334 88.8748
416 41.8444 88.8777
814 41.7548 88.8807
5 41.6508 88.8842
256 41.5376 88.8879
2 41.4335 88.8914
638 41.3406 88.8945
947 41.2637 88.897
613 41.1516 88.9007
394 41.0562 88.9039
874 40.9657 88.9069
562 40.8717 88.91
448 40.7624 88.9137
559 40.6655 88.9169
840 40.5637 88.9203
294 40.4619 88.9237
974 40.3526 88.9273
265 40.2503 88.9307
763 40.1576 88.9338
866 40.0554 88.9372
53 39.9441 88.9409
22 39.8361 88.9444
795 39.7345 88.9478
766 39.6489 88.9507
755 39.5687 88.9533
193 39.4671 88.9567
309 39.3502 88.9606
807 39.243 88.9641
241 39.1268 88.968
231 39.0109 88.9719
215 38.9119 88.9751
614 38.8014 88.9788
707 38.6912 88.9825
470 38.5848 88.986
206 38.4883 88.9892
139 38.3754 88.993
548 38.2709 88.9964
773 38.1665 88.9999
343 38.0756 89.0029
808 37.9569 89.0069
270 37.8611 89.0101
150 37.7601 89.0134
129 37.6751 89.0162
73 37.5769 89.0195
82 37.501 89.022
806 37.3993 89.0254
72 37.312 89.0283
659 37.2305 89.031
437 37.1296 89.0343
146 37.0257 89.0378
189 36.928 89.041
569 36.8324 89.0442
96 36.7284 89.0477
649 36.6448 89.0504
564 36.5551 89.0534
672 35.955 89.0733
305 35.4351 89.0906
960 33.8051 89.1447
223 32.5214 89.1873
271 31.3811 89.2251
456 30.078 89.2684
697 29.5983 89.2843
786 29.2257 89.2967
491 28.8049 89.3106
441 28.7451 89.3126
430 28.689 89.3145
871 28.6316 89.3164
521 28.5799 89.3181
578 28.5336 89.3197
28 28.4824 89.3214
16 28.4336 89.323
288 28.3759 89.3249
253 28.3261 89.3265
296 28.2723 89.3283
490 28.2116 89.3303
418 28.1527 89.3323
306 28.0949 89.3342
885 28.0379 89.3361
714 27.9819 89.338
167 27.9694 89.3384
424 27.955 89.3389
172 27.9421 89.3393
50 27.9257 89.3399
333 27.9124 89.3403
141 27.8992 89.3407
120 27.8849 89.3412
60 27.8713 89.3417
124 27.8572 89.3421
92 27.7633 89.3452
428 27.6628 89.3486
877 27.5704 89.3517
872 27.4602 89.3553
36 27.2597 89.362
230 27.0745 89.3681
768 26.8445 89.3757
859 26.6377 89.3826
761 26.4459 89.389
20 26.2637 89.395
918 26.0755 89.4013
954 25.8694 89.4081
610 25.6548 89.4152
833 25.431 89.4226
409 25.2291 89.4293
41 25.0176 89.4364
776 24.7977 89.4437
17 24.6116 89.4498
757 24.4517 89.4551
651 24.2841 89.4607
696 24.1172 89.4662
76 23.9438 89.472
227 23.7572 89.4782
550 23.5982 89.4834
44 23.4448 89.4885
611 23.2948 89.4935
919 23.1331 89.4989
631 22.1775 89.5306
368 20.8203 89.5757
15 19.4719 89.6204
825 18.1857 89.6631
593 17.0741 89.7001
886 15.7276 89.7448
753 14.1764 89.7963
360 12.3812 89.856
988 10.3382 89.9239
568 10.3383 89.9224
138 10.3384 89.9209
263 10.3385 89.9194
982 10.3387 89.9178
301 10.3388 89.9163
199 10.3389 89.9148
304 10.339 89.9131
719 10.3392 89.9114
699 10.3393 89.9098
153 10.3394 89.9083
446 10.3395 89.9067
711 10.3397 89.9052
386 10.3398 89.9034
244 10.3399 89.9017
933 10.34 89.9003
969 10.3401 89.8991
106 10.3403 89.8977
108 10.3404 89.896
364 10.3405 89.8945
1 10.3406 89.893
914 10.3407 89.8915
39 10.3409 89.8901
750 10.341 89.8885
183 10.3411 89.8866
678 10.3412 89.8852
200 10.3414 89.8836
178 10.3415 89.8818
905 10.3416 89.8801
426 10.3418 89.8785
570 10.3419 89.8769
48 10.342 89.8754
712 10.3421 89.874
736 10.3422 89.8727
236 10.3423 89.8713
380 10.3424 89.8699
973 10.3426 89.8682
495 10.3427 89.8663
13 10.3429 89.8648
469 10.343 89.863
892 10.3431 89.8617
447 10.3432 89.8603
247 10.3433 89.8587
58 10.3435 89.857
316 10.3436 89.8557
547 10.3437 89.8544
815 10.3438 89.8528
916 10.3439 89.8513
868 10.344 89.8501
792 10.3441 89.8484
955 10.3443 89.8468
585 10.3444 89.8455
95 10.3445 89.8437
759 10.3446 89.8421
442 10.3448 89.8406
249 10.3449 89.8389
462 10.345 89.8376
399 10.3451 89.8361
300 10.3452 89.8347
444 10.3453 89.8332
718 10.3455 89.8317
628 10.3456 89.8302
560 10.3457 89.8286
213 10.3458 89.8275
637 10.3546 89.7155
803 10.3632 89.6061
695 10.3716 89.4986
115 10.3797 89.3958
953 10.3888 89.2796
169 10.3982 89.1611
557 10.4063 89.0578
405 10.4144 88.954
827 10.4235 88.8381
203 10.4346 88.6973
693 10.4433 88.5867
435 10.4522 88.4731
401 10.694 85.3955
429 10.9046 82.7145
113 11.0675 80.6425
991 11.2153 78.7635
431 11.3619 76.8978
132 11.5084 75.0345
93 11.5084 75.0345
658 11.4818 75.0266
88 11.4501 75.0171
275 11.4191 75.0079
479 11.3832 74.9973
90 11.3437 74.9856
99 11.3512 74.9586
31 11.3571 74.937
726 11.3647 74.9096
879 11.3716 74.8847
219 11.3782 74.861
946 11.3842 74.8391
443 11.3901 74.8179
298 11.3954 74.7987
556 11.4016 74.7762
635 11.4085 74.7514
554 11.4136 74.733
75 11.4201 74.7095
119 11.4283 74.6799
728 11.4346 74.6571
780 11.4416 74.6316
374 11.4493 74.604
607 11.4573 74.575
398 11.4656 74.5451
630 11.4728 74.519
500 11.479 74.4966
97 11.4852 74.4742
224 11.4906 74.4545
487 11.4967 74.4327
433 11.5023 74.4122
944 11.5084 74.3901
551 11.5262 74.3259
168 11.5433 74.2641
240 11.5586 74.2087
608 11.576 74.1459
436 11.6034 74.0469
830 11.6337 73.9374
325 11.6687 73.8108
950 11.708 73.6686
615 11.7366 73.5653
546 11.7704 73.4432
890 11.8099 73.3005
184 11.8536 73.1425
888 11.9001 72.9741
114 11.7462 71.7581
503 11.5563 70.2579
347 11.3813 68.8748
339 11.3813 68.8748
764 11.3813 68.8748
667 11.3813 68.8748
948 11.3813 68.8748
924 11.3813 68.8748
739 11.3813 68.8748
860 11.3813 68.8748
784 11.3813 68.8748
734 11.3813 68.8747
799 11.3813 68.8747
376 11.3813 68.8747
657 11.3813 68.8747
531 11.3813 68.8747
411 11.3813 68.8747
371 11.3813 68.8747
970 11.3813 68.8747
445 11.3813 68.8747
796 11.3813 68.8747
717 11.3813 68.8747
686 11.3813 68.8747
639 11.3813 68.8747
14 11.3813 68.8747
381 11.3813 68.8747
130 11.3813 68.8747
400 11.3813 68.8747
81 11.3813 68.8747
939 11.3813 68.8747
772 11.3813 68.8747
234 11.3813 68.8747
747 11.3813 68.8747
600 11.3813 68.8747
207 11.3813 68.8747
321 11.3918 68.7868
196 11.4038 68.6863
703 11.4146 68.5957
701 11.4241 68.5157
502 11.4351 68.4237
192 11.4467 68.3269
524 11.4571 68.2393
220 11.467 68.1566
457 11.4779 68.0648
680 11.4901 67.9628
77 11.5025 67.8595
482 11.5133 67.7686
427 11.5241 67.6778
361 11.5347 67.5893
338 11.5469 67.4869
966 11.5593 67.3831
589 11.5711 67.2847
3 11.5819 67.1942
329 11.5926 67.104
517 11.6036 67.012
665 11.6145 66.9204
272 11.6256 66.8277
760 11.6377 66.7267
255 11.6484 66.6371
277 11.6587 66.5505
346 11.6691 66.4637
131 11.681 66.3638
981 11.6924 66.268
162 11.6924 66.268
694 11.6924 66.268
326 11.6924 66.268
122 11.8412 56.5115
858 11.8556 55.5716
214 11.8675 54.7933
770 11.8804 53.9501
797 11.883 53.7832
652 11.8855 53.6216
949 11.8879 53.4638
222 11.8901 53.3183
154 11.8924 53.1707
123 11.8946 53.0257
157 11.8965 52.8988
373 11.8984 52.7738
148 11.9004 52.6463
47 11.902 52.543
938 11.9036 52.4343
422 11.9053 52.3228
956 11.9072 52.2028
972 11.909 52.0815
100 11.911 51.9555
527 11.9129 51.8312
708 11.9149 51.6997
279 11.917 51.5613
758 11.9191 51.4213
677 11.921 51.2984
489 11.9232 51.157
463 11.9253 51.0198
174 11.9272 50.8935
218 11.929 50.7786
303 11.9309 50.6517
691 11.9329 50.5234
849 11.9349 50.3897
925 11.9392 50.1113
700 11.945 49.7311
312 11.9466 49.6271
336 11.948 49.5387
805 11.9495 49.4366
698 11.9511 49.3313
534 11.9527 49.2264
166 11.9542 49.1314
565 11.9558 49.0265
352 11.9576 48.9061
116 11.9595 48.7876
228 11.9692 48.1522
182 11.9771 47.6352
142 11.9857 47.0719
496 11.9954 46.4338
391 12.0049 45.813
990 12.0163 45.07
330 12.0262 44.4249
731 12.0353 43.8294
499 12.0443 43.2352
78 12.0463 43.1046
423 12.0483 42.9744
212 12.0503 42.8491
958 12.0521 42.727
57 12.0538 42.6204
341 12.0556 42.4978
505 12.0576 42.3715
663 12.0597 42.2306
749 12.0616 42.1045
936 12.0636 41.9751
542 12.0658 41.8335
128 12.0681 41.6812
841 12.0704 41.5338
616 12.0727 41.3788
771 12.0749 41.2359
909 12.0771 41.0917
46 12.0796 40.9338
476 12.0818 40.789
10 12.0841 40.6382
863 12.0862 40.497
283 12.0885 40.3509
328 12.0907 40.2071
898 12.4303 29.8572
121 12.4311 29.8358
985 12.432 29.8116
836 12.4329 29.7861
641 12.4339 29.7605
794 12.4348 29.7364
673 12.4357 29.7121
331 12.4365 29.6892
205 12.4373 29.6688
4 12.4383 29.6411
258 12.4394 29.6133
455 12.4403 29.5869
572 12.4412 29.5624
710 12.4422 29.5375
402 12.4431 29.5125
899 12.4439 29.4897
32 12.4447 29.4686
299 12.4457 29.4413
65 12.4466 29.4179
943 12.4476 29.3919
125 12.4485 29.3679
87 12.4494 29.3425
384 12.4504 29.3164
74 12.4671 28.8668
86 12.4821 28.4625
268 12.5021 27.9265
514 12.5224 27.3814
133 12.5444 26.7905
829 12.5666 26.194
187 12.84 18.8566
682 12.9007 18.2367
61 12.9558 17.6736
488 13.0093 17.1267
963 13.0225 16.9914
661 13.039 16.8231
588 13.0588 16.6204
348 13.078 16.4244
8 13.0979 16.2215
629 13.1144 16.0522
881 13.1298 15.8949
211 13.1432 15.758
741 13.156 15.6269
902 13.1707 15.477
722 13.1876 15.3047
362 13.1962 15.2163
474 13.2048 15.1291
366 13.2152 15.0222
412 13.2248 14.9239
674 13.2347 14.8227
646 13.2443 14.7255
812 13.2529 14.6368
602 23.5205 16.0133
915 25.3969 16.2649
221 27.0118 16.4813
354 27.4977 16.5465
254 27.9872 16.6121
669 28.5618 16.6891
246 29.1275 16.7649
284 29.6905 16.8404
439 30.2835 16.9199
824 30.9714 17.0121
702 31.7019 17.11
310 32.7216 17.2467
287 33.542 17.3567
883 34.2613 17.4531
307 34.9428 17.5445
467 35.9199 17.6754
653 36.0857 17.6977
160 36.2319 17.7173
379 36.2319 17.7173
64 36.2319 17.7173
787 36.2319 17.7173
643 36.2319 17.7173
351 36.6303 17.6877
261 37.0424 17.6571
626 37.3923 17.6312
363 37.788 17.6018
709 38.1842 17.5724
407 39.0317 17.5095
26 39.9423 17.442
419 40.8709 17.3731
111 41.263 17.344
822 41.7132 17.3106
934 42.3219 17.2655
337 42.8821 17.2239
704 43.4815 17.1794
573 44.2386 17.1233
518 45.2287 17.0498
103 61.3048 15.8571
777 61.784 16.0595
831 62.2581 16.2597
6 62.6763 16.4364
959 63.7391 16.655
24 64.7342 16.8597
176 65.632 17.0444
819 66.5935 17.2422
598 67.7013 17.4701
721 68.7706 17.6901
295 69.7322 17.8879
504 70.8636 18.1206
581 72.1229 18.3797
