0,103,721,598,24,959,777,581,504,295,819,176,831,518,310,865,289,419,873,467,250,164,934,709,257,111,626,822,354,278,486,704,883,653,351,307,337,573,702,787,26,915,439,64,363,669,824,246,287,643,379,834,261,407,160,221,254,366,899,474,602,284,8,488,641,661,629,412,348,902,211,812,682,588,331,61,187,722,362,741,674,881,646,74,794,258,710,673,572,4,121,455,829,898,299,402,943,514,985,836,86,268,963,133,46,731,10,212,700,228,384,423,87,154,182,655,463,123,958,936,57,990,476,499,858,328,616,330,770,652,283,749,222,863,157,565,841,174,47,527,708,312,805,166,303,909,373,122,218,128,505,352,489,542,341,925,531,849,100,747,938,391,234,764,196,116,336,214,677,758,534,698,507,664,908,496,403,510,633,619,811,397,663,78,438,11,388,324,148,723,949,688,37,142,59,922,549,612,797,771,125,543,508,413,989,913,414,706,475,480,783,529,679,876,748,535,38,32,687,205,65,151,869,525,237,269,191,302,180,147,566,49,778,917,155,522,472,197,452,209,421,716,586,7,594,843,692,194,862,790,853,55,785,555,935,6,781,821,751,45,606,644,358,314,27,681,63,19,828,356,930,945,875,844,512,634,377,69,43,357,355,848,675,66,458,276,117,35,498,188,342,942,906,926,485,101,597,923,70,964,286,396,85,217,978,262,186,870,143,492,623,519,577,810,453,478,743,793,779,800,440,9,847,509,173,350,617,894,225,134,562,632,208,112,109,94,769,921,291,561,540,986,144,968,798,404,80,294,563,715,662,189,855,365,910,484,558,676,175,513,235,163,216,576,533,683,370,308,645,493,264,161,523,410,56,89,104,901,210,459,281,461,765,809,127,54,621,471,839,30,596,903,878,571,171,21,804,732,724,891,733,971,846,545,267,599,929,788,957,266,730,587,451,79,658,233,705,956,359,574,591,501,327,756,604,965,390,735,329,872,270,252,946,130,275,398,729,689,487,888,114,720,550,680,635,601,279,981,422,912,137,603,640,691,526,927,349,552,34,99,382,897,789,972,361,347,686,607,14,77,376,502,400,220,703,739,524,192,338,728,551,346,657,131,81,429,3,479,726,701,503,924,132,970,879,255,784,371,589,272,760,482,411,207,772,665,277,219,445,639,717,796,321,966,556,162,694,427,860,948,667,381,799,734,517,939,500,119,97,830,600,630,615,178,224,719,90,554,31,374,48,570,426,628,792,955,560,433,944,168,75,991,298,240,547,736,759,88,825,443,113,890,868,300,436,585,213,399,15,115,712,988,288,678,200,969,380,711,435,236,718,568,227,386,95,199,93,750,776,304,815,695,247,401,973,557,138,637,803,693,249,495,13,469,892,447,405,169,953,827,106,108,364,1,914,39,263,203,982,301,153,546,316,699,325,244,916,780,444,446,859,16,326,578,886,431,905,339,608,58,457,950,651,442,73,409,360,50,714,462,17,184,753,491,960,183,368,424,418,593,441,610,456,521,306,833,96,256,638,696,490,92,120,28,44,430,167,808,631,296,41,470,20,611,954,223,933,768,871,697,757,672,60,76,795,146,806,253,226,333,537,271,761,738,394,786,172,548,72,885,124,36,2,82,763,416,454,614,919,241,437,976,292,126,530,642,895,320,305,309,866,141,539,231,150,375,265,569,343,649,449,448,22,974,230,239,773,918,392,613,428,707,752,766,139,874,206,564,947,215,53,877,840,129,559,5,516,389,181,105,532,280,940,801,317,802,335,118,408,713,140,415,896,659,624,746,156,229,344,23,177,369,477,12,931,40,313,754,567,984,737,618,961,511,165,536,851,202,880,814,367,636,406,980,259,62,816,245,952,774,856,911,882,541,434,378,248,826,193,755,807,887,319,782,179,297,315,91,987,395,18,861,584,158,273,251,620,42,622,353,318,481,575,185,690,992,464,52,823,818,159,149,937,817,928,740,742,813,666,820,544,854,494,145,580,465,893,285,135,845,983,372,311,725,322,204,450,528,685,473,889,648,417,864,660,25,837,51,385,332,775,383,904,110,595,238,340,579,290,975,668,605,867,962,900,83,71,515,68,744,832,857,671,727,538,650,67,152,393,84,432,468,460,282,293,625,907,582,647,654,762,791,420,232,850,920,425,932,466,195,583,592,609,29,553,334,842,102,941,767,190,201,852,656,497,387,506,170,242,977,198,684,107,967,136,838,951,884,323,745,33,520,274,835,670,98,590,483,627,243,260,345,979,
value : 446.094 running time : 308.847357
0 80 20
103 62.2678 15.9755
721 62.2677 15.9755
598 61.7767 16.0027
24 61.2624 16.0311
959 60.7164 16.0613
777 60.1713 16.0915
581 59.6554 16.12
504 59.1416 16.1485
295 58.5066 16.1836
819 57.7888 16.2233
176 57.0383 16.2648
831 55.9862 16.3231
518 47.0257 16.8188
310 44.5118 19.144
865 42.5834 20.9277
289 42.2556 21.0992
419 41.939 21.2648
873 41.5684 21.4587
467 41.0727 21.7179
250 40.6593 21.9342
164 40.1979 22.1755
934 39.4226 22.581
709 38.5919 23.0155
257 37.9769 23.3372
111 37.1341 23.3742
626 36.2744 23.4118
822 35.5028 23.4456
354 34.6771 23.4818
278 34.1221 23.5061
486 33.5728 23.5302
704 33.5663 23.3106
883 33.5609 23.1285
653 33.5555 22.9444
351 33.0048 22.4465
307 32.8931 22.3455
337 32.7758 22.2395
573 32.6471 22.1231
702 32.5237 22.0115
787 32.4186 21.9165
26 32.3011 21.8103
915 32.1725 21.694
439 32.0421 21.5761
64 31.9245 21.4698
363 31.8032 21.3601
669 31.6818 21.2504
824 31.6818 21.2504
246 31.6818 21.2504
287 31.6818 21.2504
643 31.3755 21.1516
379 31.137 21.0747
834 30.8592 20.9852
261 30.5066 20.8715
407 30.0838 20.7352
160 29.6749 20.6034
221 27.7947 19.9972
254 25.7654 19.343
366 24.0727 18.7973
899 23.2794 18.5416
474 22.4589 18.277
602 21.7074 18.0347
284 20.7847 17.7373
8 19.6359 17.3669
488 18.6036 17.0341
641 17.8372 16.787
661 16.8973 16.484
629 15.8022 16.131
412 15.1345 15.9157
348 14.6269 15.7521
902 14.1336 15.593
211 13.3727 15.3477
812 12.6202 15.1051
682 12.6095 15.3184
588 12.599 15.5265
331 12.5889 15.7268
61 12.5804 15.8959
187 12.5716 16.0717
722 12.5653 16.197
362 12.5333 16.8324
741 12.5032 17.4314
674 12.4769 17.9555
881 12.45 18.49
646 12.3876 19.7321
74 12.2949 21.575
794 12.2352 22.7623
258 12.1972 23.5187
710 12.1596 24.2663
673 12.1239 24.9756
572 12.0857 25.7355
4 12.0481 26.4832
121 12.0131 27.1799
455 11.9875 27.6886
829 11.9577 28.2823
898 11.9363 28.7079
299 11.9171 29.0895
402 11.8971 29.4877
943 11.8727 29.9724
514 11.8494 30.4363
985 11.8263 30.8951
836 11.8058 31.3038
86 11.7839 31.7391
268 11.7631 32.1527
963 11.7411 32.5889
133 11.702 33.3676
46 11.6577 34.2475
731 11.6215 34.9684
10 11.5924 35.5473
212 11.5624 36.1446
700 11.5353 36.6835
228 11.5065 37.2553
384 11.48 37.7827
423 11.454 38.2993
87 11.4288 38.8007
154 11.3982 39.4094
182 11.3719 39.9329
655 11.355 40.2682
463 11.3374 40.6189
123 11.3215 40.9362
958 11.3051 41.2615
936 11.2855 41.6523
57 11.2697 41.9665
990 11.2564 42.2302
476 11.2415 42.5268
499 11.227 42.8153
858 11.2107 43.1385
328 11.1986 43.38
616 11.1822 43.706
330 11.1657 44.0333
770 11.1482 44.3817
652 11.1305 44.7342
283 11.1144 45.0547
749 11.0949 45.4426
222 11.0773 45.7931
863 11.0607 46.1224
157 11.0409 46.5168
565 11.0222 46.8883
841 11.0081 47.1681
174 10.9929 47.4701
47 10.9774 47.7792
527 10.9622 48.0822
708 10.9483 48.3589
312 10.9362 48.5986
805 10.9211 48.8995
166 10.9064 49.191
303 10.8935 49.4478
909 10.8813 49.6907
373 10.868 49.9542
122 10.8537 50.2386
218 10.8463 50.3861
128 10.8396 50.5209
505 10.8321 50.6684
352 10.8246 50.8176
489 10.8171 50.9675
542 10.8095 51.1182
341 10.8017 51.2731
925 10.7929 51.4492
531 10.785 51.6065
849 10.7788 51.7296
100 10.7727 51.8498
747 10.7661 51.9825
938 10.7607 52.0896
391 10.7545 52.2125
234 10.7466 52.3693
764 11.044 52.2924
196 11.3033 52.2253
116 11.5437 52.1631
336 12.4526 51.9279
214 13.2065 51.7329
677 14.562 51.3821
758 16.0682 50.9924
534 17.3639 50.6572
698 18.8978 50.2603
507 20.5056 49.8442
664 21.7891 49.5122
908 22.1425 49.4207
496 22.4989 49.3285
403 22.9066 49.223
510 23.3121 49.1181
633 23.7054 49.0163
619 24.1338 48.9055
811 24.4934 48.8124
397 24.6832 48.7633
663 24.8686 48.7153
78 25.0892 48.6583
438 25.3306 48.5958
11 25.5624 48.5359
388 25.7796 48.4796
324 25.9728 48.4296
148 26.1761 48.377
723 26.4103 48.3165
949 26.6314 48.2592
688 26.8854 48.1935
37 27.1185 48.1332
142 27.3405 48.0758
59 27.5939 48.0102
922 27.8753 47.9374
549 28.1611 45.4052
612 28.2268 44.8238
797 28.2759 44.3883
771 28.3329 43.8835
125 28.3968 43.3171
543 28.3975 43.3114
508 28.3982 43.3053
413 28.3989 43.2989
989 28.3996 43.2923
913 28.4004 43.2854
414 28.4012 43.2782
706 28.402 43.2714
475 28.4028 43.2646
480 28.4035 43.2581
783 28.4042 43.2514
529 28.4051 43.2442
679 28.4058 43.2377
876 28.4065 43.2318
748 28.4072 43.225
535 28.408 43.2181
38 28.4088 43.2113
32 28.4096 43.2039
687 28.4103 43.1974
205 28.4112 43.19
65 28.4119 43.1831
151 29.9565 42.9011
869 31.4258 42.6329
525 33.0672 42.3331
237 35.183 41.9468
269 35.5665 41.8603
191 36.0227 41.7574
302 36.3938 41.6737
180 36.8593 41.5687
147 37.2829 41.4732
566 37.8424 41.347
49 38.3409 41.2345
778 38.8965 41.1092
917 39.7076 40.9263
155 40.4881 40.7502
522 41.2162 40.586
472 42.0778 40.3917
197 42.8276 40.2225
452 43.4939 40.0722
209 44.2077 39.9112
421 44.6362 39.8146
716 45.0795 39.7146
586 45.4743 39.6256
7 45.9012 39.5293
594 46.6749 39.3548
843 47.0339 39.2738
692 47.3747 39.1969
194 47.7823 39.105
862 48.2367 39.0025
790 48.749 38.8869
853 49.3268 38.7566
55 50.3063 38.5357
785 50.8976 38.4023
555 51.468 38.2737
935 51.9726 38.1598
6 52.6524 38.0065
781 52.7099 38.275
821 52.7691 38.5508
751 52.896 39.1427
45 53.0362 39.796
606 53.1783 40.459
644 53.2155 40.6322
358 53.2421 40.7564
314 53.2707 40.8895
27 53.2967 41.0108
681 53.3264 41.1494
63 53.3589 41.3011
19 53.3875 41.4344
828 53.4188 41.5804
356 53.4513 41.7319
930 53.5385 42.1386
945 53.6333 42.5804
875 53.7122 42.9481
844 53.7885 43.304
512 53.8731 43.6984
634 53.9447 44.0322
377 54.0247 44.4052
69 54.1155 44.8287
43 54.1981 45.2139
357 54.2831 45.6104
355 54.3618 45.977
848 54.4627 46.4474
675 54.5574 46.8893
66 54.6597 47.366
458 54.7718 47.8889
276 54.9475 48.7082
117 55.1327 49.5715
35 55.3133 50.4135
498 55.4573 51.0849
188 55.5908 51.7073
342 55.7169 52.2952
942 55.8779 53.0458
906 55.8779 53.0458
926 55.8779 53.0458
485 55.8779 53.0458
101 55.8779 53.0458
597 55.8779 53.0458
923 55.8779 53.0458
70 55.8779 53.0458
964 55.8779 53.0458
286 55.8779 53.0458
396 55.8779 53.0458
85 55.8779 53.0458
217 55.8779 53.0458
978 55.8779 53.0458
262 55.8779 53.0458
186 55.8779 53.0458
870 55.8779 53.0458
143 55.8779 53.0458
492 55.6628 53.8931
623 55.4373 54.7815
519 55.1934 55.7423
577 54.9302 56.7788
810 54.6777 57.7735
453 54.4309 58.7455
478 54.2591 59.4225
743 53.8791 60.9192
793 53.5341 62.278
779 53.1114 63.9428
800 52.7854 65.2269
440 52.724 65.4688
9 52.6543 65.7432
847 52.5933 65.9835
509 52.5351 66.2128
173 52.2458 66.335
350 50.1913 67.2029
617 49.5435 67.4765
894 48.8152 67.7841
225 48.1538 68.0634
134 47.58 68.3057
562 47.0446 68.5318
632 46.7741 68.646
208 46.4921 68.7651
112 46.127 68.9193
109 45.699 69.1
94 45.2404 69.2937
769 44.7684 69.493
921 44.1854 69.7392
291 43.5512 70.0071
561 42.983 70.247
540 42.983 70.247
986 42.983 70.247
144 42.983 70.247
968 42.983 70.247
798 42.983 70.247
404 42.983 70.247
80 42.983 70.247
294 42.983 70.247
563 42.983 70.247
715 42.983 70.247
662 42.983 70.247
189 42.983 70.247
855 42.9054 70.0345
365 42.829 69.8254
910 42.7628 69.644
484 42.6964 69.4623
558 42.6232 69.2618
676 42.5552 69.0756
175 42.491 68.8998
513 42.4325 68.7397
235 42.3606 68.5427
163 42.2887 68.3458
216 42.2159 68.1463
576 42.1421 67.9444
533 42.0731 67.7554
683 42.0117 67.5873
370 41.9433 67.3999
308 41.9433 67.3999
645 41.9433 67.3999
493 41.9433 67.3999
264 41.9433 67.3999
161 41.9433 67.3999
523 41.1872 66.6472
410 40.3773 65.8408
56 39.5598 65.027
89 38.7116 64.1826
104 38.4055 63.8778
901 38.0884 63.5621
210 38.0669 63.5407
459 37.8971 63.565
281 37.7344 63.5883
461 37.5424 63.6158
765 37.2999 63.6506
809 37.0703 63.6835
127 36.8529 63.7146
54 36.6163 63.7485
621 36.3923 63.7806
471 36.0957 63.8231
839 35.7656 63.8704
30 35.4713 63.9125
596 35.168 63.956
903 34.8409 64.0028
878 34.5694 64.0417
571 34.2913 64.0816
171 34.0476 64.1165
21 33.7731 64.1558
804 33.5247 64.1914
732 33.2367 64.2326
724 32.896 64.2814
891 32.5399 64.3325
733 32.1383 64.39
971 31.7815 64.4411
846 31.4589 64.4873
545 31.1834 64.5268
267 30.9115 64.5657
599 30.6242 64.6069
929 30.3602 64.6447
788 30.0528 64.6887
957 29.7502 64.7321
266 29.447 64.7755
730 29.1752 64.8145
587 28.8894 64.8554
451 28.6019 64.8966
79 28.3384 64.9343
658 28.0692 64.9729
233 28.0692 64.9729
705 28.0692 64.9729
956 28.0692 64.9729
359 28.0512 65.2862
574 28.0341 65.583
591 28.0192 65.8417
501 28.0054 66.081
327 27.9916 66.3205
756 27.9787 66.5451
604 27.9604 66.8625
965 27.9465 67.105
390 27.9325 67.3478
735 27.9185 67.5911
329 27.9007 67.8995
872 27.8802 68.2561
270 27.8644 68.5301
252 27.5759 68.5209
946 27.2001 68.5088
130 26.8824 68.4986
275 26.632 68.4906
398 26.3787 68.4824
729 26.1749 68.4759
689 25.9603 68.469
487 25.6815 68.46
888 25.5753 68.039
114 25.4641 67.598
720 25.4568 67.5691
550 25.4505 67.5441
680 25.1646 66.4108
635 24.9019 65.3689
601 24.5377 63.9251
279 24.1489 62.3834
981 24.1489 62.3834
422 24.1489 62.3834
912 24.1489 62.3834
137 24.1489 62.3834
603 24.1489 62.3834
640 23.5505 62.691
691 22.9055 63.0227
526 22.3359 63.3156
927 21.8208 63.5804
349 21.325 63.8354
552 20.7793 64.116
34 20.2808 64.3723
99 19.7198 64.6608
382 19.2289 64.9132
897 18.623 65.2248
789 17.9723 65.5594
972 16.8588 66.1319
361 14.0116 67.5959
347 11.3094 68.9853
686 11.3069 69.0223
607 11.3046 69.0571
14 11.3023 69.0906
77 11.3001 69.1239
376 11.2977 69.1591
502 11.2951 69.1974
400 11.2927 69.2336
220 11.2904 69.2674
703 11.2885 69.296
739 11.2862 69.3296
524 11.2839 69.3638
192 11.2816 69.3976
338 11.2792 69.4342
728 11.2766 69.472
551 11.2743 69.5064
346 11.2722 69.5372
657 11.2702 69.5668
131 11.2683 69.5951
81 11.2661 69.628
429 11.2637 69.6625
3 11.2616 69.6938
479 11.2591 69.7309
726 11.2569 69.7644
701 11.2548 69.7954
503 11.2527 69.8256
924 11.2507 69.8563
132 11.2486 69.8864
970 11.2466 69.9161
879 11.2445 69.9473
255 11.2425 69.9774
784 11.2404 70.0083
371 11.2382 70.0405
589 11.2361 70.0719
272 11.2338 70.1066
760 11.2317 70.1374
482 11.2293 70.1725
411 11.2271 70.2061
207 11.2249 70.2377
772 11.2229 70.2678
665 11.2207 70.3002
277 11.2185 70.3323
219 11.2164 70.3644
445 11.2141 70.3974
639 11.2119 70.431
717 11.2097 70.4629
796 11.2073 70.4995
321 11.2051 70.5318
966 11.2031 70.5605
556 11.2008 70.5947
162 11.1987 70.6262
694 11.1966 70.6573
427 11.1944 70.6902
860 11.192 70.7249
948 11.19 70.7557
667 11.1879 70.7864
381 11.1858 70.8174
799 11.1837 70.8488
734 11.1815 70.8813
517 11.1792 70.9149
939 11.177 70.9482
500 11.1381 71.5237
119 11.0993 72.0982
97 11.0581 72.7088
830 11.0125 73.3846
600 10.9832 73.8188
630 10.9522 74.2772
615 10.9129 74.8598
178 10.8797 75.3519
224 10.8507 75.7808
719 10.8175 76.2728
90 10.7985 76.5537
554 10.781 76.8137
31 10.7642 77.0621
374 10.7477 77.3069
48 10.7294 77.5778
570 10.7116 77.8408
426 10.694 78.1018
628 10.6769 78.3561
792 10.6608 78.5938
955 10.6464 78.8063
560 10.6318 79.0226
433 10.6163 79.2526
944 10.6005 79.4873
168 10.5861 79.6996
75 10.5699 79.9396
991 10.5551 80.1587
298 10.5394 80.3912
240 10.5215 80.6565
547 10.5037 80.9209
736 10.4887 81.1427
759 10.4751 81.3441
88 10.4623 81.5341
825 10.449 81.7314
443 10.4349 81.9403
113 10.4059 82.3694
890 10.2872 84.1274
868 10.1201 86.6035
300 10.0777 87.2311
436 10.0319 87.909
585 9.97619 88.7349
213 9.93099 89.4044
399 9.92772 89.4528
15 9.92379 89.511
115 9.92379 89.511
712 9.92379 89.511
988 9.92379 89.511
288 10.175 89.4156
678 10.3588 89.3458
200 10.5551 89.2713
969 10.7578 89.1944
380 10.9604 89.1175
711 11.1822 89.0333
435 11.403 88.9495
236 11.7449 88.8197
718 12.0868 88.6899
568 12.4191 88.5638
227 12.7592 88.4347
386 12.7733 88.424
95 12.7872 88.4134
199 12.8003 88.4036
93 12.815 88.3924
750 12.8274 88.3831
776 12.8422 88.3718
304 12.8565 88.3609
815 12.8717 88.3494
695 12.8873 88.3376
247 12.9002 88.3279
401 12.9133 88.3179
973 12.9278 88.3069
557 12.9424 88.2959
138 12.9559 88.2856
637 12.97 88.275
803 12.9843 88.2641
693 12.9997 88.2524
249 13.017 88.2393
495 13.0314 88.2284
13 13.0454 88.2178
469 13.0607 88.2062
892 13.0732 88.1968
447 13.0857 88.1873
405 13.099 88.1772
169 13.114 88.1658
953 13.1278 88.1554
827 13.1418 88.1447
106 13.1607 88.1304
108 13.181 88.115
364 13.1997 88.1008
1 13.2183 88.0867
914 13.2358 88.0735
39 13.2534 88.0601
263 13.461 87.9028
203 13.6919 87.7278
982 13.9108 87.5619
301 14.1248 87.3997
153 14.3543 87.2258
546 14.6021 87.038
316 14.8526 86.8481
699 15.1104 86.6527
325 15.3781 86.4498
244 15.6471 86.246
916 15.8946 86.0584
780 16.1432 85.8699
444 16.3784 85.6917
446 16.662 85.4768
859 16.9907 85.2277
16 17.3215 84.9769
326 17.3215 84.9769
578 17.3215 84.9769
886 17.3215 84.9769
431 17.3215 84.9769
905 17.3215 84.9769
339 17.3215 84.9769
608 17.3215 84.9769
58 17.3215 84.9769
457 17.3215 84.9769
950 18.0586 85.1118
651 19.4337 85.7254
442 20.526 86.2128
73 21.908 86.8295
409 22.9034 87.2737
360 23.4671 87.5253
50 24.1382 87.8247
714 24.8228 88.1302
462 25.062 88.1352
17 25.3403 88.1411
184 25.6313 88.1472
753 26.0193 88.1553
491 26.4224 88.1638
960 27.5638 88.1878
183 27.5638 88.1878
368 27.5638 88.1878
424 27.5638 88.1878
418 27.5638 88.1878
593 27.5638 88.1878
441 27.5638 88.1878
610 27.5638 88.1878
456 27.5638 88.1878
521 27.5638 88.1878
306 27.5694 88.1846
833 27.5753 88.1812
96 27.5815 88.1777
256 27.5876 88.1742
638 27.5928 88.1713
696 27.5975 88.1686
490 27.603 88.1655
92 27.6083 88.1625
120 27.6132 88.1597
28 27.618 88.157
44 27.6231 88.154
430 27.6286 88.151
167 27.6348 88.1474
808 27.64 88.1445
631 27.6452 88.1415
296 27.6513 88.1381
41 27.6566 88.135
470 27.6616 88.1322
20 27.6664 88.1295
611 27.6717 88.1264
954 27.6779 88.1229
223 27.6832 88.1199
933 27.6873 88.1176
768 27.6922 88.1148
871 27.8764 88.0102
697 28.1668 87.8451
757 28.4364 87.6919
672 28.7031 87.5404
60 28.9643 87.392
76 29.1986 87.2588
795 29.4559 87.1126
146 29.7164 86.9646
806 29.9644 86.8237
253 30.1974 86.6913
226 30.4604 86.5419
333 30.4604 86.5419
537 30.4604 86.5419
271 31.0649 86.5635
761 31.6178 86.5833
738 32.3455 86.6093
394 32.5733 86.6175
786 32.7803 86.6249
172 33.015 86.6333
548 33.2361 86.6412
72 33.4418 86.6486
885 33.6236 86.6551
124 33.8537 86.6633
36 34.0863 86.6717
2 34.6024 86.6901
82 35.1641 86.7103
763 35.512 86.7227
416 35.7745 86.7321
454 36.0127 86.7406
614 36.7744 86.7679
919 37.4798 86.7932
241 38.264 86.8212
437 39.0323 86.8487
976 39.7724 86.8752
292 40.0117 86.8838
126 40.2792 86.8934
530 40.4956 86.9011
642 40.7114 86.9089
895 40.9203 86.9163
320 40.918 87.0473
305 40.9158 87.1732
309 40.9137 87.2944
866 40.9117 87.4067
141 40.9099 87.5081
539 40.908 87.6181
231 40.906 87.7357
150 40.9039 87.8537
375 40.902 87.9637
265 40.9001 88.0736
569 40.9 88.0788
343 40.8999 88.0836
649 40.8998 88.0886
449 40.8997 88.0951
448 40.8996 88.1011
22 40.8995 88.1067
974 40.8994 88.1124
230 40.8994 88.1124
239 40.8994 88.1124
773 40.8994 88.1124
918 40.8994 88.1124
392 40.8994 88.1124
613 40.8994 88.1124
428 40.8994 88.1124
707 41.0962 88.3826
752 41.2974 88.6588
766 41.4201 88.8273
139 41.5375 88.9885
874 41.9014 88.9616
206 42.2322 88.9372
564 42.5673 88.9124
947 42.9057 88.8874
215 43.1706 88.8678
53 43.4496 88.8472
877 43.749 88.825
840 44.0755 88.8009
129 44.4169 88.7757
559 44.7703 88.7496
5 45.1258 88.7233
516 45.4829 88.6969
389 45.7961 88.6737
181 46.1291 88.6491
105 47.2287 88.5678
532 48.3246 88.4868
280 49.38 88.4088
940 50.3579 88.3365
801 51.4251 88.2576
317 51.4251 88.2576
802 51.4251 88.2576
335 51.4251 88.2576
118 51.4251 88.2576
408 51.4251 88.2576
713 51.4251 88.2576
140 51.4251 88.2576
415 51.4251 88.2576
896 51.4251 88.2576
659 51.4251 88.2576
624 51.4251 88.2576
746 51.4251 88.2576
156 51.4251 88.2576
229 51.4251 88.2576
344 51.4251 88.2576
23 51.4251 88.2576
177 51.4251 88.2576
369 51.4251 88.2576
477 51.4251 88.2576
12 51.4251 88.2576
931 51.4251 88.2576
40 51.4251 88.2576
313 51.4251 88.2576
754 51.4251 88.2576
567 51.4251 88.2576
984 51.4251 88.2576
737 51.4251 88.2576
618 51.4251 88.2576
961 51.4251 88.2576
511 51.4251 88.2576
165 51.4251 88.2576
536 51.4251 88.2576
851 51.4251 88.2576
202 51.4251 88.2576
880 51.4251 88.2576
814 51.4251 88.2576
367 51.4251 88.2576
636 51.4251 88.2576
406 51.4251 88.2576
980 51.4251 88.2576
259 51.4251 88.2576
62 51.4251 88.2576
816 51.4251 88.2576
245 51.4251 88.2576
952 51.4251 88.2576
774 51.4251 88.2576
856 51.4251 88.2576
911 51.4251 88.2576
882 51.433 88.153
541 51.4457 87.9846
434 51.4623 87.7645
378 51.5573 86.5071
248 51.5573 86.5071
826 51.5573 86.5071
193 51.5573 86.5071
755 51.5573 86.5071
807 51.5573 86.5071
887 51.9609 86.2649
319 52.3466 86.0334
782 52.7751 85.7762
179 53.1592 85.5457
297 53.5726 85.2975
315 53.7722 85.1777
91 53.9516 85.07
987 57.3648 85.323
395 58.3243 85.5324
18 59.2065 85.725
861 59.9563 85.8886
584 61.118 86.1422
158 62.7577 86.5001
273 63.4578 86.6529
251 64.1881 86.8123
620 64.5941 86.9009
42 64.9469 86.9779
622 65.3143 87.0581
353 65.7001 87.1423
318 66.0359 87.2156
481 66.3145 87.2764
575 66.5844 87.3353
185 66.9139 87.4073
690 67.2532 87.4813
992 67.9754 87.639
464 68.7309 87.8038
52 69.5033 87.9725
823 70.2571 88.137
818 71.0366 88.3071
159 71.7959 88.4729
149 72.4383 88.6131
937 73.1156 88.7609
817 73.9066 88.9336
928 78.5348 89.9437
740 78.5348 89.9437
742 78.5348 89.9437
813 78.5348 89.9437
666 78.5348 89.9437
820 78.5348 89.9437
544 78.5348 89.9437
854 78.6546 89.8391
494 78.7747 89.7342
145 78.8876 89.6356
580 79.0078 89.5307
465 79.1544 89.4026
893 79.2977 89.2775
285 79.4387 89.1543
135 79.599 89.0143
845 79.7798 88.8565
983 80.2251 88.4675
372 86.0044 83.4202
311 85.7997 83.2735
725 85.5894 83.1227
322 85.3968 82.9845
204 85.199 82.8428
450 85.0117 82.7085
528 84.8733 82.6254
685 84.7625 82.559
473 84.6308 82.48
889 84.4941 82.398
648 84.3231 82.2954
417 84.1635 82.1997
864 84.0326 82.1211
660 83.9222 82.0549
25 83.7227 81.9352
837 78.4165 78.7522
51 76.7774 77.769
385 75.8813 77.2314
332 74.9914 76.6976
775 73.9387 76.0661
383 72.8251 75.3981
904 71.6268 74.6793
110 70.6548 74.0962
595 69.6835 73.5135
238 69.0391 73.127
340 68.6984 72.9226
579 68.3912 72.7383
290 68.019 72.515
975 67.6391 72.2872
668 67.194 72.0202
605 66.8282 71.8007
867 66.5337 71.6241
962 66.2245 71.4386
900 65.9045 71.2466
83 65.5708 71.0464
71 65.1678 70.8047
515 64.6355 70.4854
68 64.2411 70.2488
744 63.8875 70.0367
832 63.4366 69.7662
857 62.9841 69.4948
671 63.0021 69.4219
727 63.0225 69.3391
538 63.0434 69.2545
650 63.0608 69.1841
67 63.0771 69.1177
152 63.094 69.0494
393 63.1093 68.9871
84 63.1246 68.9251
432 63.1396 68.8645
468 63.1571 68.7932
460 63.1734 68.7271
282 63.1928 68.6485
293 63.2098 68.5795
625 63.2241 68.5217
907 63.2377 68.4667
582 63.2496 68.4182
647 63.2623 68.3669
654 63.2737 68.3205
762 63.2868 68.2673
791 63.3 68.214
420 69.6085 60.9604
232 75.6652 53.9964
850 75.7818 53.8624
920 75.9088 53.7163
425 76.0296 53.5774
932 76.1486 53.4406
466 76.2731 53.2975
195 76.2731 53.2975
583 76.2731 53.2975
592 76.2731 53.2975
609 76.2731 53.2975
29 76.2731 53.2975
553 76.2731 53.2975
334 76.2731 53.2975
842 76.2731 53.2975
102 76.417 53.2704
941 76.567 53.2423
767 76.711 53.2153
190 76.8693 53.1856
201 77.0464 53.1524
852 77.2271 53.1184
656 79.0864 52.7695
497 85.4464 51.576
387 85.3425 51.26
506 85.2518 50.9841
170 85.149 50.6715
242 85.0423 50.3468
977 84.939 50.0327
198 84.8214 49.6749
684 84.7098 49.3355
107 84.5016 48.7022
967 84.2456 47.9235
136 84.007 47.1977
838 83.7538 46.4274
951 83.4665 45.5536
884 83.1424 44.5676
323 81.6593 40.0559
745 81.6969 39.8727
33 81.7358 39.6833
520 81.7688 39.5225
274 81.7992 39.3744
835 81.8321 39.214
670 81.8649 39.0543
98 83.6342 30.431
590 84.3527 26.9294
483 86.2684 17.5916
627 86.2684 17.5916
243 86.2684 17.5916
260 86.2684 17.5916
345 85.1101 18.0366
979 83.3909 18.6971
