0,483,979,243,345,627,260,33,590,98,520,497,932,977,242,684,838,170,425,198,920,387,884,951,107,506,656,553,941,136,835,334,323,29,767,670,485,117,942,232,606,850,70,102,314,357,190,967,143,926,466,583,644,592,45,609,745,274,195,842,821,43,355,828,85,623,197,870,458,342,930,358,519,396,675,781,681,848,716,262,594,865,978,935,843,945,250,27,217,63,634,19,69,785,844,421,66,875,276,751,356,906,472,377,492,586,210,180,783,147,508,452,522,853,257,913,687,566,790,194,414,302,529,664,655,876,269,237,413,619,862,525,461,475,811,191,480,37,397,438,11,989,155,688,388,38,778,512,706,917,748,278,869,535,723,49,679,543,549,403,603,151,7,692,601,633,720,493,104,34,233,359,127,901,545,735,891,574,324,839,79,533,571,267,56,922,733,89,591,349,370,451,705,30,897,510,382,599,788,59,537,404,903,765,957,526,971,846,507,809,789,454,308,878,21,501,640,912,929,54,724,645,266,910,689,252,596,365,291,604,927,965,327,137,171,390,730,756,587,226,888,540,80,662,729,976,175,350,163,468,235,281,894,523,216,621,715,577,134,498,793,161,91,986,471,804,732,923,282,440,432,315,515,582,101,484,94,576,225,513,798,410,743,459,264,144,597,968,109,112,286,779,683,208,762,832,340,35,632,782,605,668,509,558,238,453,617,855,810,9,625,964,188,173,791,293,800,84,847,907,538,987,186,676,769,857,921,420,478,647,671,727,68,650,801,900,110,595,393,67,867,290,579,51,152,837,744,975,378,937,332,383,481,18,460,395,818,385,297,904,654,71,852,83,962,201,660,204,311,742,322,450,25,685,473,528,889,648,372,928,740,983,159,135,580,931,417,494,285,251,145,813,854,845,620,823,318,149,158,52,465,544,464,42,775,353,177,666,622,820,893,864,725,477,273,817,584,992,317,947,737,156,940,562,415,434,690,952,511,774,895,530,826,564,984,245,856,567,642,516,126,367,887,229,861,575,618,118,375,185,408,532,659,305,82,343,911,882,754,62,202,280,541,802,319,320,713,880,961,624,851,40,636,105,563,816,12,179,980,248,539,369,896,193,755,344,406,746,536,259,23,335,165,313,140,840,569,766,559,129,389,874,394,548,294,974,614,877,189,561,256,215,72,448,866,707,814,53,613,241,752,309,807,206,239,416,265,392,231,763,139,649,738,428,22,918,5,960,437,146,292,2,181,270,449,172,223,872,230,124,470,795,120,753,859,16,757,73,806,761,430,296,550,773,786,333,418,96,409,651,697,41,638,490,954,919,521,871,167,28,76,20,60,271,456,141,593,768,631,253,672,696,92,611,885,150,441,424,368,833,578,36,491,44,610,306,712,58,776,15,227,808,714,288,183,658,88,443,886,435,570,892,213,585,780,750,244,699,380,988,75,547,969,953,13,249,759,803,628,50,138,360,93,106,108,364,325,401,444,693,557,792,815,695,933,462,973,442,905,982,263,426,300,446,495,955,868,916,95,386,39,200,678,718,399,615,247,236,115,304,914,1,199,169,405,203,301,827,637,17,469,31,316,711,447,736,719,568,560,153,608,178,90,830,224,554,944,48,77,436,321,607,184,630,948,924,946,479,445,339,890,431,113,860,240,546,950,275,220,272,192,551,764,825,487,991,361,298,966,207,130,701,639,374,686,398,635,219,799,717,502,427,747,703,556,114,552,680,433,482,589,329,760,970,503,784,411,371,457,381,131,667,3,739,162,524,255,879,234,277,99,665,657,500,726,119,796,338,694,734,429,132,168,517,14,97,326,400,81,346,376,728,600,939,531,772,691,336,527,142,938,222,981,214,422,347,122,148,47,476,936,708,166,565,700,123,384,10,908,391,116,858,849,616,505,972,196,925,956,731,279,182,57,100,352,341,154,228,698,542,46,805,863,663,157,218,174,463,489,677,303,499,78,496,749,652,423,534,758,797,770,328,283,330,909,771,841,128,990,949,958,312,373,486,572,212,741,602,65,985,514,133,474,899,32,710,963,641,943,125,121,612,87,661,74,4,836,86,455,268,829,299,794,205,898,258,331,682,254,187,812,673,412,366,674,348,8,881,61,722,211,402,588,902,488,629,646,362,915,221,246,787,284,669,307,111,439,822,643,702,354,26,337,709,824,704,287,379,653,261,160,310,289,573,834,883,407,64,626,934,467,363,351,518,164,209,55,873,6,419,555,103,831,819,176,581,24,777,959,598,504,295,721,
value : 393.366 running time : 4549.814070
0 80 20
483 86.2684 17.5916
979 86.2684 17.5916
243 86.2684 17.5916
345 86.2684 17.5916
627 86.2684 17.5916
260 86.2684 17.5916
33 86.6438 27.2538
590 86.7979 31.225
98 86.9201 34.3719
520 87.1368 39.9555
497 87.4884 49.0043
932 87.0437 48.9666
977 86.681 48.9358
242 86.3314 48.9061
684 85.9941 48.8775
838 85.6409 48.8475
170 85.3114 48.8195
425 84.9098 48.7855
198 84.5962 48.7588
920 84.2618 48.7304
387 83.9639 48.7052
884 83.6899 48.6819
951 83.3817 48.6557
107 83.0718 48.6294
506 82.6657 48.595
656 77.6067 48.1655
553 77.6066 48.1655
941 77.6066 48.1655
136 77.6065 48.1655
835 77.6065 48.1655
334 77.6065 48.1655
323 75.2217 47.6045
29 73.6708 47.2396
767 72.143 46.8802
670 71.0624 46.6261
485 69.9925 46.3744
117 69.9384 46.3617
942 69.8874 46.3496
232 69.8366 46.3377
606 69.7805 46.3245
850 69.7289 46.3124
70 69.6704 46.2986
102 69.6158 46.2858
314 69.5598 46.2726
357 69.5055 46.2598
190 69.455 46.2479
967 69.4071 46.2367
143 69.3478 46.2227
926 69.2927 46.2098
466 69.2414 46.1977
583 69.1854 46.1845
644 69.1269 46.1708
592 69.0779 46.1592
45 69.0206 46.1457
609 68.9725 46.1344
745 68.9217 46.1225
274 68.8698 46.1103
195 67.7468 45.8461
842 64.3866 45.0556
821 60.6027 44.1654
43 60.0618 44.0875
355 59.5331 44.0114
828 59.0376 43.94
85 58.5586 43.871
623 58.0924 43.8038
197 57.6305 43.7373
870 57.2675 43.685
458 56.9148 43.6342
342 56.5551 43.5824
930 56.523 43.5778
358 56.4899 43.573
519 56.4528 43.5676
396 56.4181 43.5626
675 56.3844 43.5578
781 56.3464 43.5523
681 55.002 43.3586
848 53.8075 43.1865
716 52.9022 43.0561
262 52.0596 42.9347
594 51.1663 42.806
865 50.0881 42.6507
978 49.8543 42.617
935 49.5734 42.5766
843 49.3377 42.5426
945 49.0894 42.5068
250 48.8496 42.4723
27 48.8496 42.4723
217 48.7725 42.4749
63 48.6865 42.4779
634 48.6075 42.4807
19 48.5128 42.484
69 48.4218 42.4871
785 48.3388 42.49
844 48.2446 42.4933
421 48.149 42.4966
66 48.0665 42.4995
875 47.9803 42.5025
276 47.8846 42.5058
751 47.7969 42.5088
356 47.6743 42.5131
906 47.5739 42.5166
472 47.4662 42.5203
377 47.3665 42.5238
492 45.6418 42.5836
586 43.2339 42.6673
210 42.4408 42.6948
180 41.6299 42.7229
783 40.8331 42.7506
147 40.1594 42.774
508 39.7035 42.7898
452 39.3636 42.8016
522 38.9676 42.8153
853 38.5639 42.8294
257 38.1449 42.8439
913 37.6801 42.86
687 37.3602 42.8711
566 37.0721 42.8811
790 36.7615 42.8919
194 36.4245 42.9036
414 36.016 42.9178
302 35.6641 42.93
529 35.3377 42.9414
664 35.0087 42.9528
655 34.7001 42.9635
876 34.69 42.9638
269 34.6786 42.9642
237 34.6674 42.9646
413 34.6546 42.9651
619 34.6428 42.9655
862 34.6316 42.9659
525 34.6179 42.9663
461 34.6065 42.9667
475 34.5919 42.9672
811 34.5803 42.9676
191 34.5693 42.968
480 34.5568 42.9685
37 34.5415 42.969
397 34.5284 42.9695
438 34.5162 42.9699
11 34.5049 42.9703
989 34.4949 42.9706
155 34.4833 42.971
688 34.4684 42.9715
388 34.4553 42.972
38 34.4435 42.9724
778 34.4325 42.9728
512 34.4217 42.9732
706 34.4083 42.9736
917 34.3957 42.9741
748 34.3811 42.9746
278 34.3678 42.975
869 34.3678 42.975
535 34.3678 42.975
723 34.3678 42.975
49 34.3678 42.975
679 34.3678 42.975
543 34.3678 42.975
549 34.3678 42.975
403 34.0837 45.103
603 33.9811 45.8713
151 33.9037 46.4516
7 33.8068 47.1777
692 33.6718 48.1885
601 32.0953 60.0002
633 32.0953 60.0002
720 32.1176 60.1411
493 32.1393 60.2779
104 32.1604 60.4114
34 32.1799 60.5346
233 32.2005 60.6651
359 32.2235 60.8103
127 32.2446 60.9435
901 32.2657 61.0771
545 32.2872 61.2127
735 32.3097 61.355
891 32.3332 61.5037
574 32.3566 61.6513
324 32.3757 61.7719
839 32.398 61.9133
79 32.4198 62.0506
533 32.443 62.1975
571 32.465 62.3369
267 32.4864 62.4716
56 32.509 62.6146
922 32.5299 62.7471
733 32.5512 62.8811
89 32.5733 63.0207
591 32.5962 63.1659
349 32.6177 63.3016
370 32.6398 63.4411
451 32.6616 63.5788
705 32.6898 63.7575
30 32.7249 63.9794
897 32.758 64.1886
510 32.8019 64.4662
382 32.8476 64.7554
599 32.8945 65.0521
788 32.9425 65.3556
59 32.9904 65.6585
537 33.0643 66.1267
404 33.0643 66.1267
903 33.0643 66.1267
765 33.0643 66.1267
957 33.0643 66.1267
526 33.0643 66.1267
971 33.0643 66.1267
846 33.0643 66.1267
507 33.0643 66.1267
809 33.0643 66.1267
789 33.0643 66.1267
454 33.0643 66.1267
308 33.0643 66.1267
878 33.0643 66.1267
21 33.0643 66.1267
501 33.0643 66.1267
640 33.0643 66.1267
912 33.0643 66.1267
929 33.0643 66.1267
54 33.0643 66.1267
724 33.0643 66.1267
645 33.0643 66.1267
266 33.0643 66.1267
910 33.0643 66.1267
689 33.0643 66.1267
252 33.0643 66.1267
596 33.0643 66.1267
365 33.0643 66.1267
291 33.0643 66.1267
604 33.0643 66.1267
927 33.0643 66.1267
965 33.0643 66.1267
327 33.0643 66.1267
137 33.0643 66.1267
171 33.0643 66.1267
390 33.0643 66.1267
730 33.0643 66.1267
756 33.0643 66.1267
587 33.0643 66.1267
226 33.0643 66.1267
888 33.0643 66.1267
540 33.8318 66.1281
80 34.2736 66.1289
662 34.667 66.1296
729 35.0565 66.1302
976 37.0581 66.134
175 38.526 66.1366
350 40.0349 66.1394
163 41.3827 66.1419
468 42.8149 66.1445
235 43.2077 66.1452
281 43.5797 66.1459
894 43.9506 66.1465
523 44.3262 66.1472
216 44.7268 66.1479
621 45.0817 66.1485
715 45.4457 66.1492
577 45.8699 66.15
134 46.1307 66.1504
498 46.4216 66.1509
793 46.7103 66.1515
161 46.9326 66.1519
91 47.139 66.1522
986 47.3418 66.1526
471 47.5357 66.1529
804 47.7548 66.1533
732 47.9957 66.1537
923 48.2716 66.1542
282 48.5309 66.1547
440 48.7805 66.1552
432 48.9896 66.1555
315 49.1956 66.1559
515 49.3137 66.1561
582 49.4178 66.1563
101 49.5174 66.1565
484 49.624 66.1567
94 49.7412 66.1569
576 49.8419 66.1571
225 49.9591 66.1573
513 50.092 66.1575
798 50.217 66.1577
410 50.3332 66.1579
743 50.4618 66.1582
459 50.5744 66.1584
264 50.7028 66.1586
144 50.8358 66.1588
597 50.9929 66.1591
968 51.1625 66.1594
109 51.322 66.1597
112 51.4757 66.16
286 51.6147 66.1602
779 51.7406 66.1605
683 51.8875 66.1607
208 52.0782 66.1611
762 52.2494 66.1614
832 52.4091 66.1617
340 52.4336 66.1617
35 52.4555 66.1617
632 52.4781 66.1618
782 52.5032 66.1618
605 52.5296 66.1619
668 52.5552 66.1619
509 52.5791 66.162
558 52.5791 66.162
238 52.5791 66.162
453 52.5791 66.162
617 52.5791 66.162
855 52.5791 66.162
810 52.5791 66.162
9 52.5791 66.162
625 52.5791 66.162
964 52.5791 66.162
188 52.5791 66.162
173 52.5791 66.162
791 52.5791 66.162
293 52.5791 66.162
800 52.5791 66.162
84 52.5791 66.162
847 52.5791 66.162
907 52.5791 66.162
538 52.5791 66.162
987 52.5791 66.162
186 52.5791 66.162
676 53.6562 66.6343
769 55.4681 67.4288
857 57.1711 68.1756
921 59.1174 69.0291
420 64.3953 71.3441
478 64.6243 71.4702
647 64.8585 71.5992
671 65.1187 71.7424
727 65.3898 71.8917
68 65.633 72.0256
650 65.8994 72.1723
801 66.1703 72.3214
900 66.4346 72.4669
110 66.6691 72.5961
595 66.8847 72.7148
393 67.1264 72.8478
67 67.3922 72.9942
867 67.6782 73.1516
290 67.9582 73.3058
579 68.2401 73.461
51 68.4904 73.5988
152 68.7463 73.7397
837 69.0058 73.8826
744 69.2596 74.0224
975 69.5153 74.1631
378 69.7581 74.2968
937 70.0458 74.4552
332 70.3128 74.6022
383 70.4484 74.6769
481 70.5697 74.7437
18 70.6897 74.8098
460 70.8178 74.8803
395 70.9718 74.9651
818 71.1498 75.063
385 71.3043 75.1481
297 71.4436 75.2248
904 71.5904 75.3057
654 71.7553 75.3964
71 71.9316 75.4935
852 72.0929 75.5823
83 72.2727 75.6813
962 72.445 75.7762
201 72.6395 75.8833
660 83.8608 82.0617
204 84.0699 82.1768
311 84.2775 82.2911
742 84.4605 82.3919
322 84.685 82.5155
450 84.8973 82.6324
25 85.0878 82.7871
685 85.245 82.9147
473 85.3867 83.0298
528 85.5212 83.139
889 85.6934 83.2789
648 85.8382 83.3965
372 86.0105 83.5364
928 81.6558 87.9957
740 81.0633 88.0022
983 80.5177 88.0082
159 78.946 88.0254
135 77.4963 88.0413
580 74.3488 88.0758
931 72.266 88.0987
417 72.2438 88.0989
494 72.2207 88.0992
285 72.1944 88.0995
251 72.169 88.0997
145 72.1435 88.1
813 72.12 88.1003
854 72.0955 88.1006
845 72.0689 88.1008
620 72.0437 88.1011
823 72.0189 88.1014
318 71.9952 88.1017
149 71.9705 88.1019
158 71.9454 88.1022
52 71.919 88.1025
465 71.8937 88.1028
544 71.8687 88.103
464 71.8426 88.1033
42 71.8179 88.1036
775 71.7948 88.1039
353 71.7706 88.1041
177 71.744 88.1044
666 71.722 88.1047
622 71.698 88.1049
820 71.6776 88.1051
893 71.4631 88.1075
864 71.2071 88.1103
725 70.9433 88.1132
477 68.1775 88.1436
273 66.0492 88.1669
817 64.1241 88.188
584 62.0463 88.2108
992 60.6786 88.2259
317 59.2159 88.2419
947 57.5341 88.2604
737 56.2081 88.2749
156 54.7754 88.2907
940 53.8464 88.3009
562 52.9587 88.3106
415 52.9329 88.3109
434 52.907 88.3112
690 52.8789 88.3115
952 52.849 88.3118
511 52.8185 88.3121
774 52.7879 88.3125
895 52.7564 88.3128
530 52.7253 88.3132
826 52.696 88.3135
564 52.6679 88.3138
984 52.6447 88.314
245 52.6151 88.3144
856 52.5883 88.3147
567 52.5585 88.315
642 52.522 88.3154
516 52.4914 88.3157
126 52.4613 88.3161
367 52.4342 88.3164
887 52.4054 88.3167
229 52.3758 88.317
861 52.3446 88.3173
575 52.3168 88.3176
618 52.2874 88.318
118 52.2575 88.3183
375 52.2256 88.3186
185 52.1996 88.3189
408 52.166 88.3193
532 52.1348 88.3196
659 52.1028 88.32
305 52.0734 88.3203
82 52.0442 88.3206
343 52.0183 88.3209
911 51.9948 88.3212
882 51.9661 88.3215
754 51.9375 88.3218
62 51.9081 88.3221
202 51.8798 88.3224
280 51.8481 88.3228
541 51.8166 88.3231
802 51.786 88.3235
319 51.7557 88.3238
320 51.7279 88.3241
713 51.7 88.3244
880 51.673 88.3247
961 51.6458 88.325
624 51.6184 88.3253
851 51.5898 88.3256
40 51.5603 88.326
636 51.5291 88.3263
105 51.5003 88.3266
563 51.4723 88.3269
816 51.4476 88.3272
12 51.4187 88.3275
179 51.3884 88.3278
980 51.36 88.3281
248 51.3268 88.3285
539 51.298 88.3288
369 51.2732 88.3291
896 51.2455 88.3294
193 51.2129 88.3298
755 51.1845 88.3301
344 51.1606 88.3303
406 51.0018 88.3321
746 50.8452 88.3338
536 50.6957 88.3354
259 50.555 88.337
23 50.4014 88.3387
335 49.734 88.346
165 48.9163 88.355
313 48.2234 88.3626
140 47.449 88.3711
840 46.5425 88.381
569 45.8828 88.3883
766 45.3404 88.3942
559 44.8753 88.3993
129 44.4033 88.4045
389 43.9422 88.4096
874 43.4766 88.4147
394 43.0133 88.4198
548 42.5567 88.4248
294 42.147 88.4293
974 41.6775 88.4344
614 41.6055 88.4352
877 41.5412 88.4359
189 41.4782 88.4366
561 41.4174 88.4373
256 41.3514 88.438
215 41.2919 88.4387
72 41.2301 88.4393
448 41.1703 88.44
866 41.1119 88.4406
707 41.0468 88.4413
814 40.9891 88.442
53 40.923 88.4427
613 40.8566 88.4434
241 40.7958 88.4441
752 40.7345 88.4448
309 40.6798 88.4454
807 40.6251 88.446
206 40.5698 88.4466
239 40.5131 88.4472
416 40.4507 88.4479
265 40.3886 88.4486
392 40.329 88.4492
231 40.272 88.4499
763 40.2201 88.4504
139 40.1602 88.4511
649 40.1602 88.4511
738 40.1602 88.4511
428 40.1602 88.4511
22 40.1602 88.4511
918 40.1602 88.4511
5 40.1602 88.4511
960 35.7191 88.3018
437 35.4324 88.2922
146 35.1216 88.2819
292 34.8195 88.2718
2 34.4942 88.261
181 34.1766 88.2504
270 33.8162 88.2383
449 33.4501 88.2261
172 33.0268 88.212
223 32.5942 88.1976
872 32.1735 88.1835
230 31.7638 88.1699
124 31.3337 88.1555
470 30.9113 88.1414
795 30.4704 88.1267
120 30.018 88.1116
753 29.5565 88.0962
859 29.4335 88.0921
16 29.3151 88.0882
757 29.1897 88.084
73 29.0712 88.0801
806 28.9506 88.076
761 28.8154 88.0715
430 28.6881 88.0673
296 28.578 88.0636
550 28.4574 88.0596
773 28.3485 88.056
786 28.2308 88.0521
333 28.1095 88.048
418 27.9929 88.0441
96 27.8821 88.0404
409 27.7598 88.0364
651 27.642 88.0324
697 27.5347 88.0289
41 27.4266 88.0253
638 27.3215 88.0218
490 27.2036 88.0178
954 27.0944 88.0142
919 26.9835 88.0105
521 26.8567 88.0063
871 26.7768 88.0036
167 26.7079 88.0013
28 26.6345 87.9989
76 26.561 87.9964
20 26.4887 87.994
60 26.4157 87.9916
271 26.3395 87.9891
456 26.2518 87.9861
141 26.1773 87.9837
593 26.0915 87.9808
768 26.0155 87.9783
631 25.9455 87.9759
253 25.8765 87.9736
672 25.8038 87.9712
696 25.7256 87.9686
92 25.6539 87.9662
611 25.5734 87.9635
885 25.4306 87.9588
150 25.2918 87.9542
441 25.1381 87.949
424 25.0002 87.9444
368 24.8591 87.9397
833 24.7218 87.9352
578 24.5891 87.9307
36 24.451 87.9261
491 24.3078 87.9214
44 24.1752 87.9169
610 24.0432 87.9125
306 23.9041 87.9079
712 23.7603 87.9031
58 23.6247 87.8986
776 23.4819 87.8938
15 23.3591 87.8897
227 23.2525 87.8862
808 23.2518 87.8862
714 23.2508 87.8861
288 23.1196 87.8672
183 22.9878 87.8482
658 22.8621 87.8301
88 21.4233 88.0139
443 20.1701 88.1739
886 16.8627 88.5964
435 11.8666 89.2348
570 11.1006 89.3326
892 10.567 89.4008
213 10.0343 89.4688
585 10.0163 89.4711
780 10.0005 89.4731
750 9.98165 89.4755
244 9.96446 89.4777
699 9.94267 89.4805
380 9.91934 89.4835
988 9.89765 89.4862
75 9.90226 89.4194
547 9.90574 89.3689
969 9.9091 89.32
953 9.91265 89.2686
13 9.91611 89.2183
249 9.92027 89.158
759 9.92397 89.1042
803 9.92735 89.0552
628 9.931 89.0022
50 9.9344 88.9528
138 9.93779 88.9036
360 9.94179 88.8455
93 9.94517 88.7964
106 9.9483 88.751
108 9.95215 88.6952
364 9.95584 88.6416
325 9.95977 88.5846
401 9.96323 88.5343
444 9.96682 88.4823
693 9.97018 88.4335
557 9.97377 88.3813
792 9.97751 88.327
815 9.98101 88.2763
695 9.98442 88.2267
933 9.98759 88.1807
462 9.99099 88.1313
973 9.99462 88.0787
442 9.99854 88.0217
905 10.0026 87.9632
982 10.0062 87.9109
263 10.0098 87.8584
426 10.0137 87.8022
300 10.0172 87.7508
446 10.0207 87.7007
495 10.0244 87.6467
955 10.0281 87.5932
868 10.0312 87.5481
916 10.035 87.4918
95 10.0386 87.4405
386 10.0419 87.3926
39 10.0451 87.3453
200 10.0487 87.2933
678 10.0528 87.2345
718 10.057 87.1725
399 10.0611 87.1137
615 10.0649 87.0584
247 10.0681 87.0113
236 10.0714 86.9644
115 10.075 86.9116
304 10.0788 86.857
914 10.0826 86.8021
1 10.0864 86.7468
199 10.0901 86.6927
169 10.094 86.6354
405 10.0975 86.5847
203 10.1017 86.5245
301 10.1051 86.4752
827 10.1084 86.4265
637 10.1278 86.1446
17 10.1466 85.872
469 10.1676 85.5674
31 10.1867 85.2905
316 10.2038 85.0416
711 10.2207 84.7963
447 10.2522 84.3389
736 10.2867 83.8386
719 10.3215 83.3332
568 10.3565 82.8261
560 10.4035 82.1443
153 10.4456 81.5328
608 10.4948 80.8188
178 10.5391 80.176
90 10.5847 79.5148
830 10.6339 78.8009
224 10.6847 78.0631
554 10.7271 77.4484
944 10.7755 76.7456
48 10.8369 75.8559
77 10.9109 74.7827
436 10.9189 74.6659
321 10.9283 74.5296
607 10.9383 74.385
184 10.9467 74.2627
630 10.9571 74.1112
948 10.9663 73.9781
924 10.9749 73.8532
946 10.9828 73.7384
479 10.9914 73.6133
445 11.0003 73.4841
339 11.0082 73.3702
890 11.0166 73.2476
431 11.025 73.125
113 11.0375 72.9449
860 11.0487 72.7809
240 11.0598 72.6206
546 11.0726 72.4346
950 11.0877 72.2149
275 11.1035 71.9863
220 11.1176 71.7811
272 11.1327 71.5615
192 11.147 71.3545
551 11.1593 71.1763
764 11.1741 70.9615
825 11.1741 70.9615
487 11.1741 70.9615
991 11.1741 70.9615
361 11.1741 70.9614
298 11.1741 70.9614
966 11.1741 70.9614
207 11.1741 70.9614
130 11.1741 70.9614
701 11.1741 70.9614
639 11.1741 70.9614
374 11.1741 70.9614
686 11.1741 70.9614
398 11.1741 70.9614
635 11.1741 70.9614
219 11.1755 70.9136
799 11.1768 70.8675
717 11.1781 70.8223
502 11.1794 70.7779
427 11.1808 70.731
747 11.1822 70.6797
703 11.1835 70.6351
556 11.1846 70.5966
114 11.1861 70.5479
552 11.1873 70.5048
680 11.1885 70.4626
433 11.1897 70.421
482 11.1913 70.3665
589 11.1928 70.3134
329 11.1942 70.2682
760 11.1954 70.2245
970 11.1966 70.1848
503 11.1977 70.1446
784 11.1991 70.0974
411 11.2003 70.0552
371 11.2015 70.0155
457 11.2026 69.9768
381 11.204 69.9293
131 11.2054 69.8811
667 11.2066 69.8394
3 11.2079 69.793
739 11.2092 69.7492
162 11.2104 69.7081
524 11.2117 69.6618
255 11.2129 69.6196
879 11.2142 69.5763
234 11.2155 69.5314
277 11.2166 69.4933
99 11.2177 69.4549
665 11.2196 69.3904
657 11.2214 69.3263
500 11.2234 69.2579
726 11.2254 69.1892
119 11.2275 69.1178
796 11.2294 69.0522
338 11.2314 68.9804
694 11.2334 68.9129
734 11.2355 68.84
429 11.2374 68.7734
132 11.2395 68.7018
168 11.2413 68.6407
517 11.2433 68.5716
14 11.2453 68.501
97 11.2473 68.4318
326 11.2492 68.3664
400 11.2513 68.2943
81 11.2535 68.2191
346 11.2554 68.1544
376 11.2576 68.0787
728 11.2594 68.0141
600 11.2691 67.6785
939 11.323 65.8164
531 11.3738 64.0595
772 11.4175 62.5463
691 11.4595 61.0928
336 11.4965 59.8147
527 11.5294 58.677
142 11.558 57.6901
938 11.5643 57.4703
222 11.5704 57.2609
981 11.5757 57.0779
214 11.5812 56.887
422 11.587 56.6889
347 11.5923 56.5045
122 11.6398 54.8606
148 11.6969 52.8838
47 11.71 52.4319
476 11.7238 51.9572
936 11.7344 51.5897
708 11.7451 51.22
166 11.7568 50.8162
565 11.7698 50.3671
700 11.7853 49.8333
123 11.7856 49.82
384 11.786 49.8067
10 11.7864 49.794
908 11.7867 49.7829
391 11.7871 49.7711
116 11.7874 49.7595
858 11.7878 49.7468
849 11.7881 49.7344
616 11.7923 49.5909
505 11.7956 49.4753
972 11.7989 49.361
196 11.8024 49.2417
925 11.8065 49.0982
956 11.8115 48.9252
731 11.8174 48.7232
279 11.822 48.5624
182 11.8271 48.3883
57 11.8321 48.2164
100 11.837 48.0446
352 11.8422 47.8649
341 11.8476 47.6783
154 11.853 47.494
228 11.8582 47.313
698 11.8629 47.1531
542 11.868 46.9745
46 11.8737 46.7793
805 11.8784 46.617
863 11.8839 46.4247
663 11.8888 46.2579
157 11.8933 46.1026
218 11.898 45.9399
174 11.9039 45.7363
463 11.9098 45.5303
489 11.9155 45.3336
677 11.9211 45.141
303 11.9401 44.486
499 11.9655 43.6082
78 11.9722 43.3754
496 11.9788 43.1464
749 11.9858 42.906
652 11.993 42.6574
423 12.0002 42.4077
534 12.007 42.1746
758 12.0141 41.9287
797 12.0221 41.6534
770 12.0307 41.3565
328 12.0391 41.0642
283 12.0548 40.9685
330 12.069 40.8825
909 12.0826 40.7998
771 12.0978 40.707
841 12.1127 40.6165
128 12.1285 40.5201
990 12.2037 40.0623
949 12.2747 39.63
958 12.3548 39.1425
312 12.43 38.685
373 12.5123 38.184
486 13.4105 32.7177
572 13.3513 32.4637
212 13.3032 32.2577
741 13.2449 32.0077
602 13.2277 31.9337
65 13.21 31.858
985 13.1898 31.7714
514 13.1684 31.6795
133 13.1489 31.5961
474 13.1304 31.5169
899 13.113 31.4421
32 13.0966 31.3717
710 13.0746 31.2777
963 13.0544 31.1908
641 13.0382 31.1216
943 13.0224 31.0536
125 13.0065 30.9854
121 12.9886 30.909
612 12.9706 30.8319
87 12.9375 30.6897
661 12.9011 30.5337
74 12.8692 30.3972
4 12.8396 30.2702
836 12.8122 30.1525
86 12.7829 30.0271
455 12.7534 29.9005
268 12.7283 29.7929
829 12.7026 29.683
299 12.6715 29.5497
794 12.6437 29.4305
205 12.6192 29.3252
898 12.3887 28.337
258 12.4942 26.1159
331 12.5957 23.9783
682 12.6943 21.9023
254 12.7711 20.2862
187 12.8369 18.9011
812 13.2414 14.6459
673 13.2868 14.6522
412 13.328 14.6579
366 13.3737 14.6643
674 13.4143 14.67
348 13.4582 14.6761
8 13.5009 14.682
881 13.536 14.6869
61 13.5725 14.692
722 13.6155 14.698
211 13.8349 14.7286
402 14.0415 14.7574
588 14.2328 14.7841
902 14.4444 14.8136
488 14.6076 14.8364
629 14.759 14.8575
646 14.9253 14.8806
362 15.9379 15.0218
915 23.5129 16.0777
221 26.3208 16.4692
246 26.8809 16.5473
787 27.4316 16.6241
284 27.7923 16.6744
669 28.1687 16.7268
307 28.5607 16.7815
111 28.9516 16.836
439 29.2726 16.8808
822 29.6473 16.933
643 29.95 16.9752
702 30.2928 17.023
354 30.6867 17.0779
26 31.4658 17.1866
337 32.075 17.2715
709 32.5987 17.3445
824 33.1603 17.4228
704 33.8664 17.5213
287 34.573 17.6198
379 35.2681 17.7167
653 35.9156 17.807
261 36.4458 17.8809
160 36.9512 17.9514
310 37.3438 18.0061
289 37.7655 18.0649
573 37.7655 18.0649
834 37.7655 18.0649
883 38.0838 18.0457
407 38.4052 18.0263
64 38.7316 18.0065
626 39.1465 17.9814
934 39.6268 17.9524
467 40.0574 17.9263
363 40.479 17.9008
351 40.949 17.8724
518 42.7577 17.7628
164 46.0996 17.7343
209 48.1285 17.717
55 53.2704 17.1064
873 53.9891 17.0211
6 54.8907 16.914
419 55.1988 16.8774
555 55.5504 16.8357
103 62.6023 15.9982
831 63.3284 16.1653
819 64.1645 16.3577
176 64.9984 16.5495
581 65.8561 16.7469
24 66.7629 16.9555
777 67.6498 17.1596
959 68.7543 17.4137
598 70.0711 17.7166
504 71.4683 18.038
295 73.0152 18.3939
721 75.3892 18.9399
