0,979,345,627,243,260,483,590,835,274,520,33,745,98,497,884,107,198,951,838,136,684,967,977,242,170,506,190,942,553,29,609,592,583,195,466,932,425,920,850,232,767,314,656,941,102,842,323,852,420,201,334,926,117,644,670,485,387,478,515,293,262,498,923,70,286,396,85,906,472,186,870,143,519,357,492,623,276,358,35,458,342,848,675,66,45,355,606,844,512,634,377,69,43,945,862,930,452,594,875,197,831,751,865,421,716,209,681,63,19,828,27,978,217,55,785,555,935,6,781,821,853,486,194,155,191,7,586,922,783,237,619,151,257,989,356,790,692,269,302,180,147,566,49,778,917,522,480,529,679,535,706,633,476,748,913,32,38,876,869,414,908,142,510,664,205,771,125,543,89,475,413,508,525,65,663,811,397,324,11,388,549,37,705,687,723,438,507,279,422,688,897,839,99,680,267,645,233,545,764,137,981,901,756,903,599,327,59,640,691,526,349,34,689,788,912,965,574,390,329,604,591,359,730,603,308,523,576,501,846,552,733,601,382,855,676,558,957,779,210,370,929,493,264,56,459,281,461,765,809,127,54,621,471,30,596,878,571,804,732,724,891,104,410,134,683,533,561,171,163,235,715,365,910,484,21,291,94,350,617,894,225,577,793,175,208,540,144,968,798,404,80,109,563,921,632,101,216,810,161,843,597,453,964,762,188,112,867,440,654,904,962,290,340,847,744,832,857,671,727,538,650,67,791,393,84,432,468,460,282,625,907,582,647,743,769,173,986,9,18,395,987,91,315,509,51,238,595,297,110,837,68,83,900,605,668,975,383,579,332,385,937,818,775,152,660,528,311,450,372,204,25,889,685,322,648,864,928,159,820,983,494,742,666,473,544,854,813,465,135,845,893,285,817,740,317,580,481,318,353,622,42,620,823,725,417,52,158,273,992,149,251,145,887,71,584,861,800,880,636,464,378,477,40,369,931,575,690,185,801,245,984,737,618,754,118,335,415,802,911,389,259,408,814,562,567,536,434,126,530,239,305,320,165,82,882,344,961,202,851,177,755,12,23,367,980,62,816,952,774,856,511,105,532,280,713,140,896,659,624,746,156,229,513,940,782,179,406,313,826,5,248,319,895,874,947,215,53,877,840,129,559,343,516,541,139,375,309,539,206,707,766,752,918,919,738,392,613,428,231,394,73,150,230,786,866,265,569,189,193,763,642,548,72,292,416,294,181,470,773,806,672,437,795,146,638,976,807,564,872,270,252,16,954,2,223,490,120,96,124,662,256,226,172,454,614,241,974,649,449,448,22,141,306,418,60,28,409,76,578,58,885,368,253,167,757,441,44,41,697,424,288,183,610,768,296,271,859,36,631,808,20,92,833,611,430,456,651,960,537,333,933,487,521,696,593,316,244,871,227,886,916,50,462,761,753,714,491,115,15,776,988,615,433,399,95,568,718,138,637,803,693,1,247,495,13,469,712,386,401,405,446,213,249,178,300,955,792,628,560,435,236,750,711,380,969,200,678,263,39,914,364,108,106,827,953,169,447,892,557,973,695,815,550,301,442,199,304,719,546,699,325,780,444,203,153,982,17,360,93,224,868,585,436,426,570,48,374,31,554,639,946,339,608,830,500,97,457,326,431,905,944,890,113,443,825,88,759,736,547,240,298,991,75,168,90,939,376,739,703,220,400,347,686,119,77,14,607,207,531,502,524,192,338,728,551,346,657,131,81,429,3,479,726,701,503,924,132,970,879,255,784,517,734,799,381,667,948,860,694,162,556,966,321,796,717,371,427,411,482,760,272,589,130,445,219,277,665,772,361,398,275,747,184,735,927,971,635,950,79,451,587,196,630,600,658,789,266,729,720,114,888,234,312,708,527,47,174,841,122,797,858,336,956,698,182,154,166,565,391,938,677,214,925,218,972,849,100,958,700,78,652,534,46,770,212,328,731,463,949,116,936,749,128,330,57,805,157,303,909,228,496,222,384,283,990,616,123,542,341,505,352,758,489,87,863,373,10,499,655,148,423,403,612,133,299,963,741,455,74,836,943,829,898,268,121,985,86,899,4,258,673,514,572,902,331,794,812,474,722,366,402,661,674,710,187,643,412,211,254,629,646,682,702,362,61,439,641,488,8,588,881,348,307,160,351,787,221,26,824,915,284,573,626,337,363,246,709,602,289,354,467,261,278,834,379,669,518,111,287,653,310,704,883,64,822,407,164,250,934,419,873,176,819,295,504,581,777,959,24,598,721,103,
value : 442.824 running time : 359.921365
0 80 20
979 83.1981 18.7693
345 84.5228 18.2596
627 85.3662 17.935
243 85.8658 17.7428
260 86.2467 17.5962
483 86.272 17.595
590 86.5033 27.1236
835 86.6125 31.613
274 86.6683 33.9061
520 86.7024 35.3075
33 86.7359 36.679
745 86.7732 38.2117
98 86.7948 39.0971
497 87.0461 49.4494
884 86.5982 49.4648
107 86.1392 49.4805
198 85.6316 49.4979
951 85.1439 49.5146
838 84.6561 49.5313
136 84.1854 49.5474
684 83.7127 49.5636
967 83.1962 49.5813
977 82.7441 49.5968
242 82.281 49.6126
170 81.8137 49.6286
506 81.1113 49.6527
190 75.7894 49.8356
942 75.3955 49.849
553 75.101 49.8591
29 74.814 49.8689
609 74.5195 49.879
592 74.221 49.8892
583 73.907 49.9
195 73.6092 49.9102
466 73.2919 49.921
932 72.9852 49.9315
425 72.6531 49.9429
920 72.3109 49.9546
850 71.9302 49.9676
232 71.555 49.9805
767 71.1834 49.9932
314 70.8381 50.005
656 70.6754 50.5355
941 70.5277 51.0172
102 70.3897 51.4672
842 70.2567 51.9009
323 70.1222 52.3392
852 69.5766 54.1176
420 69.5335 54.2582
201 69.4912 54.3961
334 69.292 54.3725
926 69.0674 54.3458
117 68.8528 54.3204
644 68.6572 54.2972
670 68.4844 54.2767
485 68.2985 54.2547
387 68.1328 54.235
478 66.097 53.9936
515 63.9243 53.736
293 61.865 51.9716
262 59.6825 50.1015
498 57.7669 48.4602
923 57.7144 48.3753
70 57.6642 48.294
286 57.6125 48.2105
396 57.5564 48.1197
85 57.4981 48.0255
906 57.4345 47.9225
472 57.3814 47.8366
186 57.3324 47.7574
870 57.2783 47.6698
143 57.2316 47.5942
519 57.1799 47.5106
357 57.1257 47.4231
492 57.0722 47.3365
623 57.0199 47.2518
276 56.9635 47.1607
358 56.9128 47.0787
35 56.868 47.0061
458 56.3316 46.1385
342 55.977 45.5648
848 55.6671 45.0636
675 55.4114 44.65
66 55.1225 44.1827
45 54.8682 43.7713
355 54.6108 43.3549
606 54.3882 42.9949
844 54.0906 42.5135
512 53.8247 42.0833
634 53.583 41.6924
377 53.3376 41.2954
69 53.1001 40.9112
43 52.8582 40.52
945 52.5933 40.0915
862 52.1859 39.4325
930 52.2041 38.9943
452 52.2215 38.5752
594 52.2414 38.0929
875 52.2626 37.5816
197 52.2883 36.9616
831 52.3152 36.3127
751 52.2774 36.3214
865 52.2384 36.3304
421 52.1993 36.3395
716 52.1644 36.3475
209 52.1309 36.3553
681 52.0969 36.3631
63 52.061 36.3714
19 52.0276 36.3791
828 51.9958 36.3865
27 51.9611 36.3945
978 51.9253 36.4028
217 51.8901 36.4109
55 51.8559 36.4188
785 51.8193 36.4273
555 51.7838 36.4355
935 51.7474 36.4439
6 51.7175 36.4508
781 51.6847 36.4584
821 51.6514 36.4661
853 41.5936 38.7904
486 34.1813 40.5034
194 34.1576 40.6531
155 34.1377 40.7783
191 34.12 40.8899
7 34.0997 41.0184
586 34.0796 41.1454
922 33.5828 44.283
783 33.5828 44.283
237 33.5828 44.283
619 33.5828 44.283
151 33.5828 44.283
257 33.5828 44.283
989 33.4218 44.2821
356 33.2563 44.2813
790 33.0754 44.2804
692 32.8826 44.2794
269 32.6868 44.2784
302 32.4973 44.2774
180 32.3255 44.2765
147 32.1297 44.2755
566 31.942 44.2745
49 31.7386 44.2735
778 31.5352 44.2724
917 31.3384 44.2714
522 31.1223 44.2703
480 30.8686 44.269
529 30.5778 44.2675
679 30.298 44.2661
535 30.023 44.2646
706 29.767 44.2633
633 29.4794 44.2618
476 29.2134 44.2605
748 29.0981 44.2599
913 28.9725 44.2592
32 28.8387 44.2585
38 28.7321 44.258
876 28.6201 44.2574
869 28.4902 44.2568
414 28.3702 44.2561
908 28.2446 44.2555
142 28.1245 44.2549
510 28.0155 44.2543
664 27.9048 44.2537
205 27.7848 44.2531
771 27.6716 44.2525
125 27.5691 44.252
543 27.5344 44.2518
89 27.4984 44.2517
475 27.4539 44.2514
413 27.4137 44.2512
508 27.3709 44.251
525 27.3249 44.2508
65 27.2766 44.2505
663 27.2283 44.5056
811 27.1826 44.7477
397 27.132 45.0153
324 27.081 45.285
11 27.0386 45.5094
388 26.9946 45.7418
549 26.9495 45.9806
37 26.7396 47.0915
705 26.5171 48.2695
687 26.375 49.0213
723 26.1649 50.1331
438 25.9161 51.4505
507 25.5936 53.1576
279 25.3337 54.5331
422 25.0802 55.875
688 24.8346 57.1753
897 24.5423 58.7222
839 24.2776 60.1234
99 23.9574 61.8186
680 23.8572 62.3489
267 24.1178 62.3921
645 24.3637 62.433
233 24.6001 62.4722
545 24.8384 62.5118
764 25.0722 62.5506
137 25.3254 62.5927
981 25.5731 62.6338
901 25.8251 62.6756
756 26.0779 62.7176
903 26.326 62.7588
599 26.575 62.8001
327 26.8237 62.8414
59 27.0811 62.8842
640 27.3355 62.9264
691 27.5898 62.9686
526 28.4111 63.1051
349 29.3254 63.2571
34 30.2769 63.4153
689 31.2911 63.5839
788 31.2911 63.5839
912 31.2911 63.5839
965 31.2911 63.5839
574 31.2911 63.5839
390 31.2911 63.5839
329 31.2911 63.5839
604 31.3715 63.5835
591 31.4609 63.583
359 31.5464 63.5826
730 31.6296 63.5821
603 31.7166 63.5816
308 31.8071 63.5811
523 31.8986 63.5807
576 31.9674 63.5803
501 32.0265 63.58
846 32.0882 63.5796
552 32.1566 63.5793
733 32.4802 63.5775
601 32.8192 63.5757
382 34.4765 63.5668
855 38.0877 63.5476
676 38.0877 63.5476
558 38.0877 63.5476
957 38.0877 63.5476
779 38.0877 63.5476
210 38.0877 63.5476
370 38.1129 63.5869
929 38.1389 63.6275
493 38.1662 63.6703
264 38.1946 63.7146
56 38.2227 63.7585
459 38.2488 63.7994
281 38.2731 63.8374
461 38.2979 63.876
765 38.3274 63.9222
809 38.3555 63.966
127 38.3838 64.0102
54 38.415 64.059
621 38.4449 64.1057
471 38.4749 64.1526
30 38.5052 64.2001
596 38.5376 64.2506
878 38.5692 64.3
571 38.5992 64.3469
804 38.6287 64.3929
732 38.6586 64.4396
724 38.6899 64.4886
891 38.7162 64.5297
104 39.24 65.3479
410 39.8027 66.2269
134 40.3616 67.1
683 40.8679 67.8909
533 41.392 68.7097
561 42.3228 70.1636
171 42.5462 69.9311
163 42.7689 69.6995
235 42.9929 69.4665
715 43.1969 69.2542
365 43.4027 69.0402
910 43.6078 68.8268
484 43.8239 68.602
21 44.0357 68.3816
291 44.286 68.1213
94 44.5264 67.8712
350 44.7726 67.6151
617 45.0635 67.3125
894 45.31 67.0561
225 45.5807 66.7744
577 45.8971 66.4454
793 46.0232 66.3141
175 46.0553 66.2807
208 46.0909 66.2437
540 46.1228 66.2105
144 46.1603 66.1716
968 46.2029 66.1272
798 46.2409 66.0877
404 46.2733 66.054
80 46.3097 66.0161
109 46.3491 65.9751
563 46.3852 65.9376
921 46.7661 65.5414
632 47.4512 64.8286
101 48.302 63.9436
216 48.98 63.2382
810 49.6674 62.5232
161 50.2226 61.9456
843 50.7737 61.3723
597 51.662 61.9677
453 52.7275 62.682
964 53.7902 63.3944
762 54.8256 64.0885
188 55.8169 64.753
112 57.0545 65.5827
867 58.2149 66.3606
440 58.5886 66.6111
654 58.9686 66.8657
904 59.2664 67.0653
962 59.5443 67.2516
290 59.7344 67.379
340 59.9024 67.4916
847 60.0733 67.6061
744 60.2488 67.7238
832 60.2689 67.7372
857 60.2892 67.7508
671 60.3123 67.7663
727 60.3348 67.7814
538 60.355 67.7949
650 60.3777 67.8101
67 60.3988 67.8243
791 60.4183 67.8373
393 60.4412 67.8526
84 60.4618 67.8664
432 60.4842 67.8815
468 60.5058 67.8959
460 60.5292 67.9116
282 60.5494 67.9252
625 60.5717 67.9401
907 60.5952 67.9558
582 60.6175 67.9708
647 60.64 67.9859
743 60.6612 68
769 60.6841 68.0154
173 60.7073 68.0309
986 60.7281 68.0449
9 61.3409 68.4556
18 61.9526 68.8657
395 62.4099 69.1721
987 62.4099 69.1722
91 62.4099 69.1722
315 63.0291 69.5425
509 63.6742 69.9283
51 64.3192 70.3141
238 64.9366 70.6833
595 65.5969 71.0782
297 66.3019 71.4999
110 66.7027 71.7396
837 67.0976 71.9758
68 67.4767 72.2026
83 67.8949 72.4527
900 68.2838 72.6854
605 68.6691 72.9158
668 69.2973 73.2915
975 70.2907 73.8856
383 71.2888 74.4825
579 72.1644 75.0061
332 73.022 75.519
385 73.7562 75.9581
937 74.4858 76.3944
818 75.2063 76.8253
775 75.9208 77.2526
152 76.6461 77.6863
660 83.7746 81.9472
528 84.0842 82.1324
311 84.4195 82.3329
450 84.7396 82.5243
372 86.0112 83.549
204 85.6164 83.9521
25 85.1785 84.3992
889 84.6473 84.9414
685 84.122 85.4777
322 83.4763 86.1368
648 82.8696 86.7561
864 82.236 87.403
928 81.655 87.9961
159 81.2669 88.001
820 80.9004 88.0056
983 80.5377 88.0101
494 79.7848 88.0196
742 79.069 88.0286
666 78.3846 88.0373
473 77.7476 88.0453
544 76.8524 88.0566
854 76.6416 88.0592
813 76.4345 88.0618
465 76.2312 88.0643
135 76.0435 88.0667
845 75.3183 88.0758
893 74.6721 88.0839
285 73.9622 88.0929
817 73.295 88.1013
740 72.9108 88.1061
317 72.0058 88.1175
580 72.0058 88.1175
481 71.843 88.1167
318 71.6862 88.116
353 71.5287 88.1152
622 71.3647 88.1144
42 71.2076 88.1137
620 71.0631 88.113
823 70.9291 88.1123
725 70.8036 88.1117
417 70.1746 88.1087
52 69.4223 88.105
158 68.7574 88.1018
273 68.0379 88.0984
992 67.3943 88.0952
149 66.8354 88.0925
251 66.1858 88.0894
145 65.4452 88.0858
887 64.6428 88.082
71 64.0919 88.0793
584 61.1968 88.0653
861 59.4242 88.0567
800 58.4672 88.052
880 58.2211 88.0509
636 57.9882 88.0497
464 57.8051 88.0489
378 57.582 88.0478
477 57.349 88.0467
40 57.0894 88.0454
369 56.852 88.0443
931 56.623 88.0432
575 56.3769 88.042
690 56.1335 88.0408
185 55.897 88.0397
801 55.6328 88.0384
245 55.352 88.037
984 55.1021 88.0358
737 54.8214 88.0345
618 54.5241 88.033
754 54.2391 88.0317
118 53.957 88.0303
335 53.6639 88.0289
415 53.3637 88.0274
802 53.0653 88.026
911 52.8527 88.025
389 52.5283 88.0234
259 52.5283 88.0234
408 52.5283 88.0234
814 52.5283 88.0234
562 52.5283 88.0234
567 52.5283 88.0234
536 52.5283 88.0234
434 52.5283 88.0234
126 52.5283 88.0234
530 52.5283 88.0234
239 52.5283 88.0234
305 52.5283 88.0234
320 52.5283 88.0234
165 52.5283 88.0234
82 52.5283 88.0234
882 52.5283 88.0234
344 52.5283 88.0234
961 52.4755 88.0084
202 52.4352 87.997
851 52.3928 87.9849
177 52.3516 87.9733
755 52.3038 87.9597
12 52.2653 87.9488
23 52.2267 87.9378
367 52.1256 87.9091
980 52.0239 87.8802
62 51.9205 87.8508
816 51.8195 87.8222
952 51.7133 87.792
774 51.6078 87.762
856 51.5042 87.7326
511 51.3088 87.6771
105 51.1106 87.6208
532 50.9188 87.5663
280 50.7256 87.5114
713 50.5238 87.4541
140 50.3307 87.3992
896 50.1321 87.3428
659 49.9253 87.284
624 49.721 87.226
746 49.4375 87.1455
156 49.154 87.0649
229 48.8679 86.9836
513 47.6279 86.631
940 47.3843 86.7127
782 47.1373 86.7954
179 46.8001 86.9084
406 46.4471 87.0268
313 46.0823 87.149
826 45.6713 87.2868
5 45.2401 87.4313
248 45.0506 87.4948
319 44.8548 87.5604
895 44.6577 87.6264
874 44.4332 87.7017
947 44.4332 87.7017
215 44.4332 87.7017
53 44.4332 87.7017
877 44.4332 87.7017
840 44.4332 87.7017
129 44.4332 87.7017
559 44.4332 87.7017
343 44.4332 87.7017
516 44.4332 87.7017
541 44.4332 87.7017
139 40.0099 88.4039
375 39.9804 88.3764
309 39.9496 88.3475
539 39.9192 88.319
206 39.8907 88.2924
707 39.8621 88.2656
766 39.8341 88.2394
752 39.8039 88.2111
918 39.7704 88.1797
919 39.7395 88.1508
738 39.7119 88.125
392 39.6815 88.0965
613 39.652 88.0689
428 39.6193 88.0383
231 39.5902 88.011
394 39.5606 87.9833
73 39.5318 87.9564
150 39.5039 87.9302
230 39.4761 87.9042
786 39.4486 87.8785
866 39.4223 87.8538
265 39.394 87.8274
569 39.3303 87.7677
189 39.2615 87.7032
193 39.202 87.6476
763 39.1451 87.5943
642 39.0825 87.5357
548 39.0228 87.4798
72 38.9611 87.422
292 38.8953 87.3604
416 38.8347 87.3037
294 38.7727 87.2456
181 38.7165 87.193
470 38.6494 87.1302
773 38.579 87.0643
806 38.5129 87.0024
672 38.4526 86.9459
437 38.3921 86.8893
795 38.3305 86.8317
146 38.2688 86.7739
638 38.2025 86.7118
976 38.1379 86.6513
807 37.7537 86.7744
564 37.3526 86.9029
872 36.8518 87.0634
270 36.4012 87.2079
252 35.9162 87.3633
16 35.3364 87.5491
954 35.2738 87.5692
2 35.2136 87.5885
223 35.1513 87.6085
490 35.0866 87.6292
120 35.029 87.6477
96 34.9721 87.6659
124 34.9177 87.6834
662 34.8625 87.7011
256 34.7985 87.7216
226 34.735 87.7419
172 34.6591 87.7662
454 34.58 87.7916
614 34.467 87.8544
241 34.3446 87.9225
974 34.2204 87.9916
649 33.8071 88.0001
449 33.3872 88.0087
448 32.9236 88.0183
22 32.4288 88.0285
141 31.9244 88.0389
306 31.431 88.0491
418 31.1671 88.0545
60 30.9121 88.0597
28 30.6625 88.0648
409 30.4252 88.0697
76 30.206 88.0742
578 29.9913 88.0786
58 29.7899 88.0827
885 29.6005 88.0866
368 29.414 88.0904
253 29.2332 88.0941
167 29.0513 88.0978
757 28.8697 88.1015
441 28.6919 88.1052
44 28.5682 88.1077
41 28.4458 88.1102
697 28.3236 88.1127
424 28.2028 88.1151
288 28.0838 88.1176
183 27.9673 88.1199
610 27.8556 88.1222
768 27.7427 88.1245
296 27.7427 88.1245
271 27.7427 88.1245
859 27.7427 88.1245
36 27.7427 88.1245
631 27.7427 88.1245
808 27.7427 88.1245
20 27.7427 88.1245
92 27.7427 88.1245
833 27.7427 88.1245
611 27.7427 88.1245
430 27.7427 88.1245
456 27.7427 88.1245
651 27.7427 88.1245
960 27.7427 88.1245
537 25.1112 87.5416
333 24.432 87.6306
933 23.6991 87.7267
487 23.073 87.8088
521 22.5981 87.8711
696 22.1589 87.9287
593 21.697 87.9893
316 21.2389 88.0493
244 21.0037 88.0802
871 20.7739 88.1103
227 20.5389 88.1411
886 20.3235 88.1694
916 20.1036 88.1982
50 19.895 88.2256
462 19.6806 88.2537
761 19.4813 88.2798
753 19.2619 88.3086
714 19.0476 88.3367
491 18.1146 88.459
115 16.5084 88.6695
15 14.876 88.8834
776 12.9246 89.1391
988 9.94342 89.5296
615 9.95125 89.4352
433 9.95853 89.3475
399 9.95853 89.3475
95 9.95853 89.3475
568 9.95853 89.3475
718 9.95853 89.3474
138 9.95854 89.3474
637 9.95854 89.3474
803 9.95854 89.3474
693 9.95854 89.3474
1 9.95854 89.3474
247 9.95854 89.3474
495 9.95854 89.3474
13 9.95854 89.3474
469 9.95854 89.3474
712 9.95854 89.3474
386 9.95854 89.3474
401 9.95854 89.3474
405 9.95854 89.3474
446 9.95854 89.3474
213 9.95854 89.3474
249 10.0096 89.2474
178 10.0505 89.1674
300 10.0896 89.0908
955 10.132 89.0078
792 10.1698 88.9339
628 10.2091 88.857
560 10.2484 88.7799
435 10.278 88.7219
236 10.3191 88.6416
750 10.36 88.5615
711 10.4083 88.467
380 10.4567 88.3721
969 10.5129 88.2621
200 10.5679 88.1544
678 10.6256 88.0415
263 10.6852 87.9249
39 10.742 87.8137
914 10.8059 87.6885
364 10.8699 87.5633
108 10.9326 87.4405
106 10.991 87.3261
827 11.0565 87.1978
953 11.1827 86.9509
169 11.3166 86.6886
447 11.4442 86.4388
892 11.5841 86.1649
557 11.714 85.9106
973 11.8463 85.6517
695 12.0039 85.343
815 12.1483 85.0603
550 12.3038 84.7559
301 12.0246 84.7153
442 11.7715 84.6786
199 11.504 84.6397
304 11.2514 84.603
719 10.9952 84.5658
546 10.755 84.5309
699 10.5257 84.4976
325 10.2893 84.4633
780 10.0507 84.4286
444 9.7992 84.3921
203 9.55956 84.3573
153 9.32874 84.3237
982 9.10832 84.2917
17 8.88836 84.2598
360 8.61552 84.2201
93 8.29062 84.1729
224 7.93593 84.1214
868 7.93593 84.1214
585 7.99492 83.9328
436 8.19303 83.2996
426 8.37853 82.7066
570 8.56699 82.1042
48 8.75693 81.497
374 8.94703 80.8894
31 9.11975 80.3372
554 9.29696 79.7708
639 9.49223 79.1466
946 9.67019 78.5777
339 9.73739 78.3629
608 9.80083 78.1601
830 9.80287 78.1446
500 9.80527 78.1264
97 9.8075 78.1094
457 9.80949 78.0943
326 9.8116 78.0784
431 9.81358 78.0633
905 9.81548 78.0488
944 9.8176 78.0328
890 9.81992 78.0151
113 9.82236 77.9967
443 9.82451 77.9803
825 9.82657 77.9647
88 9.82853 77.9498
759 9.83039 77.9356
736 9.83239 77.9205
547 9.83453 77.9042
240 9.90325 77.3826
298 9.9753 76.8357
991 10.0439 76.3152
75 10.1116 75.8013
168 10.1967 75.1549
90 10.2761 74.5525
939 10.7001 71.3339
376 10.748 70.9705
739 10.7911 70.6435
703 10.8309 70.3415
220 10.8645 70.0861
400 10.9011 69.8087
347 10.9396 69.5161
686 10.9644 69.5047
119 10.9899 69.4929
77 11.0131 69.4823
14 11.0379 69.4709
607 11.063 69.4594
207 11.0883 69.4478
531 11.1159 69.4351
502 11.1483 69.4202
524 11.1787 69.4062
192 11.2055 69.3939
338 11.2312 69.3821
728 11.2566 69.3704
551 11.2869 69.3565
346 11.3153 69.3435
657 11.344 69.3303
131 11.3755 69.3158
81 11.406 69.3018
429 11.4345 69.2887
3 11.4625 69.2758
479 11.492 69.2623
726 11.5209 69.249
701 11.5486 69.2363
503 11.5749 69.2242
924 11.6045 69.2106
132 11.6311 69.1984
970 11.6549 69.1874
879 11.6795 69.1761
255 11.7041 69.1648
784 11.731 69.1524
517 11.756 69.1409
734 11.7827 69.1287
799 11.8095 69.1164
381 11.8365 69.104
667 11.8652 69.0908
948 11.8958 69.0767
860 11.9242 69.0637
694 11.9523 69.0508
162 11.9836 69.0364
556 12.0109 69.0239
966 12.0394 69.0108
321 12.0775 68.9933
796 12.1164 68.9754
717 12.1504 68.9597
371 12.1871 68.9429
427 12.2274 68.9244
411 12.2715 68.9041
482 12.3087 68.887
760 12.3446 68.8705
272 12.3824 68.8532
589 12.4196 68.8361
130 12.4559 68.8194
445 12.488 68.8046
219 12.5259 68.7872
277 12.5631 68.7701
665 12.6026 68.752
772 12.6478 68.7312
361 12.6864 68.7135
398 12.7256 68.6955
275 12.7648 68.6775
747 12.8001 68.6613
184 12.8392 68.6433
735 15.4927 67.2354
927 15.4927 67.2354
971 15.4927 67.2354
635 15.4927 67.2354
950 15.4927 67.2354
79 15.4927 67.2354
451 15.4927 67.2354
587 15.4927 67.2354
196 15.4927 67.2354
630 15.4927 67.2354
600 15.4927 67.2354
658 15.4927 67.2354
789 15.4927 67.2354
266 15.4276 66.9744
729 15.3442 66.6406
720 15.282 66.3915
114 15.219 66.1396
888 15.1582 65.8961
234 13.4351 59.0019
312 11.9904 53.2219
708 11.9754 53.1617
527 11.9599 53.0998
47 11.9443 53.037
174 11.9288 52.9753
841 11.9131 52.9123
122 11.8982 52.8527
797 11.8742 52.6605
858 11.8518 52.4818
336 11.8297 52.3052
956 11.8064 52.1187
698 11.7807 51.9138
182 11.7555 51.7119
154 11.7307 51.5141
166 11.7086 51.3378
565 11.6853 51.1515
391 11.6596 50.9457
938 11.6354 50.753
677 11.6117 50.563
214 11.5863 50.36
925 11.5602 50.152
218 11.5301 49.9115
972 11.4994 49.6661
849 11.467 49.407
100 11.3844 48.7468
958 11.2913 48.0034
700 11.2333 47.5395
78 11.1873 47.1719
652 11.1448 46.8328
534 11.1009 46.4819
46 11.0522 46.0924
770 11.0092 45.7491
212 10.9666 45.409
328 10.9256 45.081
731 10.9256 45.081
463 10.9256 45.081
949 10.9256 45.081
116 10.9256 45.081
936 10.9309 45.0268
749 10.9366 44.9693
128 10.9423 44.9115
330 10.9479 44.8542
57 10.9529 44.8034
805 10.9582 44.7501
157 10.9638 44.6931
303 10.9693 44.6377
909 10.9752 44.5771
228 10.9812 44.5162
496 10.9869 44.4586
222 10.9929 44.3982
384 10.9992 44.3343
283 11.0051 44.2738
990 11.0107 44.2171
616 11.0162 44.1612
123 11.0217 44.106
542 11.0269 44.0526
341 11.0326 43.9954
505 11.0382 43.9386
352 11.044 43.88
758 11.05 43.8189
489 11.0563 43.7545
87 11.0631 43.6857
863 11.069 43.6264
373 11.0746 43.5692
10 11.0809 43.5057
499 11.0868 43.4458
655 11.0922 43.3903
148 11.0976 43.336
423 11.1031 43.2796
403 11.1086 43.2244
612 11.9315 34.8737
133 11.9406 33.5759
299 11.9483 32.4764
963 11.9542 31.6273
741 11.9582 31.0611
455 11.9607 30.6996
74 11.963 30.3744
836 11.9651 30.0611
943 11.9673 29.7475
829 11.9695 29.436
898 11.9719 29.09
268 11.9745 28.723
121 11.9769 28.3717
985 11.9796 27.9841
86 11.9827 27.5494
899 11.9869 26.9378
4 11.9906 26.4177
258 11.9944 25.8669
673 11.9981 25.3352
514 12.0017 24.8297
572 12.0075 23.9934
902 12.0138 23.0867
331 12.0194 22.2896
794 12.0252 21.4664
812 12.0669 15.4651
474 12.1548 15.5092
722 12.2235 15.5437
366 12.3164 15.5903
402 12.4066 15.6356
661 12.4907 15.6778
674 12.5646 15.7149
710 12.6463 15.7558
187 12.6463 15.7558
643 12.8521 15.8066
412 12.9665 15.8349
211 13.0961 15.8669
254 13.2295 15.8998
629 13.3383 15.9267
646 13.458 15.9563
682 13.6009 15.9916
702 13.7562 16.0299
362 13.8702 16.0581
61 13.9992 16.09
439 14.6687 16.2553
641 15.0987 16.3614
488 15.4622 16.4512
8 15.8375 16.5439
588 16.1929 16.6317
881 16.5738 16.7257
348 19.6012 17.4729
307 25.851 19.0153
160 29.9968 20.0385
351 30.2067 20.0903
787 30.4293 20.1453
221 30.6452 20.1986
26 30.8717 20.2546
824 31.0703 20.3036
915 31.2751 20.3542
284 31.4932 20.4081
573 31.7261 20.4656
626 31.9486 20.5205
337 32.1757 20.5766
363 32.3818 20.6275
246 32.5907 20.6791
709 32.8161 20.7348
602 33.0434 20.7909
289 35.431 21.3803
354 35.431 21.3803
467 35.5312 21.1903
261 35.6386 20.9864
278 35.7436 20.7872
834 36.0277 20.2481
379 36.3872 19.5662
669 36.8113 18.7615
518 40.5059 17.6284
111 40.5059 17.6284
287 40.5059 17.6284
653 40.5059 17.6284
310 40.5059 17.6284
704 40.5059 17.6284
883 40.5059 17.6284
64 40.5059 17.6284
822 41.7347 17.7932
407 43.1997 17.9897
164 45.4118 18.2861
250 47.354 18.5466
934 49.0041 18.2764
419 51.087 17.9355
873 53.2312 17.5845
176 55.6417 17.19
819 56.6771 17.0204
295 57.6339 16.8637
504 58.4965 16.7224
581 59.243 16.6001
777 59.962 16.4824
959 60.6593 16.3681
24 61.3498 16.255
598 62.016 16.1459
721 62.6662 16.0394
103 62.8509 16.0091
