0,260,979,345,243,483,627,98,520,33,590,835,274,387,920,198,884,170,506,838,684,977,136,107,951,242,425,967,932,497,334,592,478,190,102,926,583,553,29,466,143,842,117,485,767,195,420,323,606,644,675,357,745,396,656,609,314,232,850,670,70,942,941,623,293,43,217,519,85,538,286,793,188,923,186,577,19,69,848,492,276,66,45,358,843,634,594,870,785,875,781,262,63,844,751,472,377,821,250,55,209,6,873,289,164,355,828,930,458,681,27,865,555,978,155,480,906,522,7,191,421,586,257,452,197,716,342,945,356,935,853,790,194,692,151,180,834,549,512,147,210,862,917,302,11,438,989,529,388,49,566,278,160,486,949,655,633,603,688,525,205,508,535,414,612,142,543,908,706,32,687,475,324,778,783,876,38,913,748,679,619,397,811,413,269,37,664,723,587,137,510,956,897,79,59,237,599,720,275,901,574,267,56,327,132,965,809,54,104,359,501,451,390,756,370,507,971,730,266,552,891,981,545,733,34,89,957,349,382,729,765,591,233,735,929,788,493,571,21,640,645,846,903,804,404,365,878,270,252,540,144,689,226,189,454,662,134,175,461,513,617,910,235,558,596,621,597,30,922,498,127,912,225,839,308,523,676,683,291,163,715,533,171,459,80,732,779,264,101,471,281,807,769,294,563,614,894,91,84,582,576,724,855,216,410,976,350,810,802,484,605,468,453,791,282,161,986,432,315,907,238,987,112,208,743,35,668,800,440,762,109,968,921,625,847,832,9,964,632,857,782,798,647,94,515,509,68,801,71,650,393,904,383,727,201,290,297,385,900,852,173,481,595,579,340,744,18,654,67,867,83,837,152,962,460,51,110,975,671,528,322,450,332,204,311,660,25,372,742,473,889,135,854,928,820,983,648,725,864,740,685,417,465,775,818,159,893,622,813,937,353,817,580,494,318,845,158,145,52,464,992,273,285,666,823,544,149,251,185,317,259,620,42,335,40,947,415,140,313,851,690,202,584,856,816,118,229,911,126,12,477,378,395,880,984,567,931,105,882,826,961,23,434,618,737,887,177,896,319,156,530,559,239,344,309,369,746,659,541,624,755,575,861,754,952,774,280,895,62,636,511,536,516,980,245,406,449,814,179,165,713,408,532,367,437,375,539,82,562,320,305,343,248,389,206,181,564,139,766,974,642,763,129,877,707,940,416,292,72,548,265,193,569,5,394,874,271,866,561,806,808,773,786,649,840,53,215,241,231,428,613,392,738,919,918,752,172,859,288,368,424,223,22,604,124,593,183,448,470,58,253,960,631,441,610,456,430,167,20,306,833,638,696,92,120,418,2,96,28,76,490,36,872,141,296,885,795,60,672,757,697,41,44,16,73,150,230,954,768,409,227,933,776,611,339,15,146,256,550,871,399,491,651,442,360,50,753,886,916,578,521,714,761,560,263,982,301,199,304,719,546,699,325,780,444,203,153,585,115,446,712,547,695,247,401,973,557,138,637,803,693,249,495,13,469,892,447,405,169,953,827,106,108,364,1,914,39,750,678,200,969,380,711,435,236,718,568,386,95,213,300,988,88,759,316,815,244,736,462,17,890,944,955,31,240,868,48,570,426,628,792,825,487,905,93,178,207,445,119,433,830,554,728,436,431,608,90,326,75,184,224,526,537,333,789,950,658,329,220,717,374,298,657,970,321,796,615,427,500,680,81,924,600,860,162,272,946,524,888,772,601,219,277,665,361,398,747,551,346,113,443,635,966,502,338,639,371,429,3,686,760,482,411,99,400,691,667,948,784,517,694,255,879,503,701,726,479,77,991,376,939,457,556,234,130,14,703,927,347,764,799,97,630,531,381,734,192,131,739,607,168,196,771,925,849,303,154,542,228,336,496,279,114,422,705,534,652,958,708,805,972,589,166,527,565,122,57,863,663,341,505,312,182,936,749,47,46,222,352,148,938,391,698,100,116,214,157,841,283,78,328,731,797,770,700,616,990,758,476,858,677,489,463,174,218,330,384,373,909,423,10,212,499,123,403,128,125,331,74,86,794,4,258,899,915,943,133,602,514,87,985,268,710,572,836,829,898,362,812,629,299,366,588,61,402,881,963,211,741,674,187,722,412,488,254,348,8,641,902,682,455,646,673,65,121,354,869,661,474,702,407,704,337,573,822,111,934,26,467,883,310,261,246,287,653,363,626,284,351,643,64,709,787,669,379,824,439,307,221,518,419,24,295,581,777,504,831,959,819,176,721,598,103,
value : 411.536 running time : 747.731112
0 80 20
260 86.2371 17.5983
979 86.2462 17.5978
345 86.2556 17.5974
243 86.2647 17.5969
483 86.2736 17.5965
627 86.3599 20.8463
98 86.5262 27.112
520 86.6293 30.9987
33 86.6971 33.5512
590 86.7667 36.1733
835 86.8479 39.2341
274 86.9262 42.1834
387 87.0247 45.8919
920 87.0397 46.4589
198 87.0538 46.988
884 87.0661 47.452
170 87.0778 47.8933
506 87.0886 48.2985
838 87.0951 48.5432
684 87.1019 48.8022
977 87.1037 48.8684
136 87.1052 48.9255
107 87.1069 48.9883
951 87.1085 49.0478
242 87.1101 49.1115
425 87.1117 49.1698
967 87.1134 49.2356
932 87.1152 49.3031
497 87.1171 49.3747
334 77.2316 49.5229
592 73.9152 49.5726
478 68.4137 49.655
190 68.4137 49.655
102 68.4137 49.655
926 68.4137 49.655
583 68.4137 49.655
553 68.4137 49.655
29 68.4137 49.655
466 68.4137 49.655
143 68.4137 49.655
842 68.4137 49.655
117 68.4137 49.655
485 68.4137 49.655
767 68.4137 49.655
195 68.4137 49.655
420 68.4137 49.655
323 68.4137 49.655
606 68.4137 49.655
644 68.4137 49.655
675 68.4137 49.655
357 68.4137 49.655
745 68.4137 49.655
396 68.0702 49.5533
656 67.8084 49.4758
609 67.4966 49.3835
314 67.1253 49.2736
232 66.8325 49.1869
850 66.5432 49.1012
670 66.1951 48.9982
70 65.8442 48.8944
942 65.5097 48.7953
941 65.1428 48.6867
623 64.1531 48.3938
293 63.4148 48.1753
43 62.6872 47.9599
217 62.0356 47.767
519 61.4625 47.5974
85 60.9574 47.4479
538 60.4756 47.3052
286 59.4868 47.0125
793 58.6686 46.7704
188 58.115 46.6065
923 57.5406 46.4365
186 57.5406 46.4365
577 57.5406 46.4365
19 56.6926 44.8896
69 56.5105 44.5574
848 56.333 44.2335
492 56.1758 43.9468
276 56.005 43.6352
66 55.84 43.3342
45 55.6887 43.0582
358 55.5376 42.7825
843 55.3955 42.5233
634 55.2312 42.2236
594 55.0756 41.9397
870 54.9132 41.6433
785 54.7435 41.3339
875 54.6314 41.1293
781 54.5029 40.895
262 54.3994 40.706
63 54.2603 40.4524
844 54.1149 40.187
751 53.9742 39.9303
472 53.8557 39.7142
377 53.7117 39.4516
821 53.5604 39.1755
250 53.4097 38.9005
55 53.2807 38.6653
209 53.1631 38.4507
6 53.0545 38.2526
873 50.8948 38.2747
289 48.6277 38.298
164 48.6277 38.298
355 48.5046 38.3288
828 48.373 38.3617
930 48.2153 38.4011
458 48.0556 38.4411
681 47.8942 38.4815
27 47.7314 38.5222
865 47.543 38.5693
555 47.3624 38.6145
978 47.0837 38.6842
155 46.3213 38.8749
480 45.6924 39.0322
906 45.1927 39.1572
522 44.5507 39.3178
7 44.1707 39.4128
191 43.8602 39.4905
421 43.5715 39.5627
586 43.2539 39.6421
257 42.9432 39.7198
452 42.6461 39.7942
197 42.3558 39.8668
716 42.0354 39.9469
342 41.6614 40.0405
945 41.2884 40.1338
356 40.7869 40.2592
935 40.3155 40.3771
853 39.7643 40.515
790 39.2167 40.6519
194 38.6525 40.7931
692 38.0682 40.9392
151 37.4512 41.0936
180 36.9566 41.2173
834 36.4612 41.3412
549 35.614 41.5531
512 35.6198 41.6845
147 35.6244 41.787
210 35.6288 41.8883
862 35.5833 41.8618
917 35.5397 41.8366
302 35.4987 41.8128
11 35.4538 41.7868
438 35.412 41.7625
989 35.3715 41.739
529 35.327 41.7132
388 35.2887 41.691
49 35.2515 41.6694
566 35.2077 41.644
278 35.1573 41.6148
160 35.115 41.5903
486 31.9105 42.4035
949 30.1676 44.5889
655 30.1676 44.5889
633 30.1676 44.5889
603 30.1676 44.5889
688 30.1676 44.5889
525 30.1676 44.5889
205 30.1676 44.5889
508 30.1676 44.5889
535 30.1676 44.5889
414 30.1676 44.5889
612 30.1676 44.5889
142 30.1676 44.5889
543 30.1676 44.5889
908 30.1676 44.5889
706 30.1676 44.5889
32 30.1676 44.5889
687 30.1918 44.9527
475 30.2179 45.3436
324 30.245 45.7504
778 30.2653 46.0552
783 30.2838 46.3325
876 30.304 46.6355
38 30.3227 46.9163
913 30.3429 47.2199
748 30.3613 47.4953
679 30.3801 47.7784
619 30.4034 48.1282
397 30.4254 48.4579
811 30.4482 48.8006
413 30.4804 49.283
269 30.5109 49.7414
37 30.5377 50.1429
664 30.5688 50.6104
723 30.6278 51.4958
587 30.9877 56.8976
137 31.0209 57.3945
510 31.0486 57.8105
956 31.078 58.2527
897 31.1171 58.8385
79 31.1503 59.3374
59 31.1826 59.8228
237 31.2177 60.3493
599 31.2639 61.0428
720 31.308 61.7047
275 31.3505 62.3416
901 31.3567 62.4351
574 31.3636 62.5385
267 31.3694 62.6263
56 31.3763 62.7296
327 31.3834 62.8366
132 31.3899 62.9333
965 31.4255 62.9935
809 31.4607 63.053
54 31.4961 63.113
104 31.529 63.1686
359 31.5604 63.2217
501 31.5905 63.2725
451 31.6191 63.3209
390 31.654 63.3798
756 31.686 63.434
370 31.7219 63.4947
507 31.7537 63.5485
971 31.7903 63.6104
730 31.8283 63.6745
266 31.8604 63.7288
552 31.8604 63.7288
891 31.8604 63.7288
981 31.8604 63.7288
545 31.882 63.7498
733 31.9053 63.7724
34 31.9272 63.7937
89 31.9508 63.8165
957 31.9743 63.8394
349 31.997 63.8614
382 32.0196 63.8833
729 32.0433 63.9063
765 32.07 63.9322
591 32.0923 63.9538
233 32.1101 63.971
735 32.2637 64.12
929 32.444 64.2949
788 32.6246 64.47
493 32.8113 64.6511
571 33.0057 64.8396
21 33.1827 65.0114
640 33.3388 65.1627
645 33.5218 65.3402
846 33.6992 65.5123
903 33.9592 65.7644
804 34.2411 66.0378
404 34.5108 66.2994
365 34.7528 66.5341
878 35.0078 66.7815
270 35.2731 67.0388
252 35.4931 67.2521
540 35.7011 67.4538
144 35.8881 67.6352
689 36.0553 67.7974
226 36.2313 67.968
189 36.4015 68.1331
454 36.6946 67.8693
662 37.4524 67.1872
134 38.4011 66.3335
175 39.4071 65.4281
461 40.3965 64.5376
513 40.7508 64.918
617 40.8574 65.0324
910 40.8795 65.0562
235 40.9017 65.08
558 40.9224 65.1023
596 40.9432 65.1245
621 40.9633 65.1461
597 40.9848 65.1692
30 41.0064 65.1924
922 41.0286 65.2162
498 41.0527 65.2421
127 41.075 65.2661
912 41.0999 65.2928
225 41.127 65.3219
839 41.1489 65.3454
308 41.1749 65.3733
523 41.2013 65.4017
676 41.2249 65.427
683 41.248 65.4518
291 41.2709 65.4764
163 41.2951 65.5023
715 41.3179 65.5268
533 41.3399 65.5504
171 41.3652 65.5776
459 41.3889 65.603
80 41.413 65.6289
732 41.4343 65.6518
779 41.4581 65.6773
264 41.4793 65.7001
101 41.5019 65.7243
471 42.3284 66.6115
281 43.3302 67.6868
807 45.8022 70.3402
769 46.0185 70.3496
294 46.187 70.357
563 46.3705 70.365
614 46.5402 70.3723
894 46.7672 70.3822
91 47.0104 70.3928
84 47.2282 70.4023
582 47.4248 70.4108
576 47.587 70.4179
724 47.9369 70.4331
855 48.4207 70.4542
216 48.8624 70.4734
410 49.266 70.4909
976 49.7355 70.5114
350 50.3819 70.5395
810 51.2418 70.5769
802 51.5184 70.5889
484 51.7994 70.6012
605 52.1342 70.6157
468 52.4095 70.6277
453 52.6792 70.6394
791 52.9622 70.6518
282 53.25 70.6643
161 53.5384 70.6768
986 53.8311 70.6896
432 54.1672 70.7042
315 54.4898 70.7182
907 54.7966 70.7316
238 54.8132 70.7323
987 54.8283 70.733
112 54.8434 70.7336
208 54.8592 70.7343
743 54.8746 70.735
35 54.8922 70.7357
668 54.9592 70.7539
800 55.0199 70.7704
440 55.0775 70.786
762 55.1342 70.8014
109 55.1903 70.8167
968 55.2471 70.8321
921 55.3088 70.8488
625 55.3701 70.8655
847 55.4396 70.8843
832 55.5005 70.9009
9 55.5563 70.916
964 55.6092 70.9303
632 55.6663 70.9458
857 55.7251 70.9618
782 55.7842 70.9779
798 55.8382 70.9925
647 57.1877 71.3588
94 58.2585 71.6494
515 59.5381 71.9967
509 60.9442 72.3784
68 62.2853 72.7423
801 63.5672 73.0903
71 64.9254 73.4589
650 65.924 73.73
393 66.994 74.0204
904 68.3513 74.3888
383 69.8629 74.799
727 69.956 74.8243
201 70.0603 74.8526
290 70.0603 74.8526
297 70.0603 74.8526
385 70.0603 74.8526
900 70.0603 74.8526
852 70.0603 74.8526
173 70.0603 74.8526
481 70.0603 74.8526
595 70.0603 74.8526
579 70.0603 74.8526
340 70.0603 74.8526
744 70.0603 74.8526
18 70.0603 74.8526
654 70.0603 74.8526
67 70.0603 74.8526
867 70.0603 74.8526
83 70.0603 74.8526
837 70.0603 74.8526
152 70.0603 74.8526
962 70.0603 74.8526
460 70.0603 74.8526
51 70.0603 74.8526
110 70.0603 74.8526
975 70.0603 74.8526
671 70.0603 74.8526
528 78.4252 79.2207
322 83.3686 81.8021
450 84.7038 82.4993
332 84.7038 82.4993
204 84.9685 82.7056
311 85.2462 82.9221
660 85.5151 83.1316
25 85.7794 83.3376
372 86.0094 83.5169
742 84.5945 84.9
473 83.5853 85.8865
889 82.5551 86.8934
135 81.232 88.1867
854 81.232 88.1867
928 81.232 88.1867
820 81.2303 88.1868
983 81.2288 88.1868
648 81.2274 88.1868
725 81.2258 88.1868
864 81.2242 88.1868
740 81.2228 88.1868
685 81.2213 88.1868
417 79.7864 88.1968
465 78.5154 88.2056
775 77.7632 88.2108
818 77.1128 88.2153
159 76.5143 88.2195
893 75.9055 88.2237
622 75.1945 88.2286
813 74.6232 88.2325
937 74.0505 88.2365
353 73.5431 88.24
817 73.0341 88.2435
580 72.7025 88.2458
494 72.1788 88.2494
318 71.5913 88.2535
845 71.0257 88.2574
158 70.4952 88.261
145 69.9421 88.2649
52 69.4088 88.2686
464 68.8923 88.2721
992 68.412 88.2754
273 67.9886 88.2784
285 67.5976 88.2811
666 67.1863 88.2839
823 66.7209 88.2871
544 66.2601 88.2903
149 65.7884 88.2935
251 65.2361 88.2974
185 64.5859 88.3019
317 64.0005 88.3059
259 63.4272 88.3099
620 62.9739 88.313
42 62.4206 88.3168
335 61.8132 88.321
40 61.2815 88.3247
947 60.801 88.328
415 60.4039 88.3308
140 60.0361 88.3333
313 59.716 88.3355
851 59.4012 88.3377
690 59.1061 88.3397
202 58.8123 88.3418
584 58.5141 88.3438
856 58.2106 88.3459
816 57.913 88.348
118 57.6004 88.3501
229 57.297 88.3522
911 56.9865 88.3544
126 56.661 88.3566
12 56.3982 88.3584
477 56.1436 88.3602
378 55.8497 88.3622
395 55.52 88.3645
880 55.1469 88.3671
984 54.8264 88.3693
567 54.4609 88.3718
931 54.0397 88.3747
105 53.5533 88.3781
882 53.2919 88.3799
826 53.0389 88.3816
961 52.8191 88.3831
23 52.6733 88.3841
434 52.516 88.3852
618 52.3614 88.3863
737 52.2101 88.3873
887 52.0455 88.3885
177 51.8797 88.3896
896 51.6607 88.3911
319 51.4359 88.3927
156 51.2375 88.3941
530 51.0432 88.3954
559 50.8563 88.3967
239 50.8563 88.3967
344 50.8562 88.3967
309 50.4411 88.3988
369 50.2964 88.3995
746 50.1071 88.4005
659 49.9243 88.4014
541 49.757 88.4023
624 49.5982 88.4031
755 49.4339 88.4039
575 49.286 88.4047
861 49.096 88.4057
754 48.9142 88.4066
952 48.7215 88.4076
774 48.5252 88.4086
280 48.3343 88.4095
895 48.1248 88.4106
62 47.9265 88.4116
636 47.7163 88.4127
511 47.5167 88.4137
536 47.3049 88.4148
516 47.0991 88.4158
980 46.8985 88.4168
245 46.666 88.418
406 46.416 88.4193
449 46.1548 88.4206
814 45.9385 88.4217
179 45.7274 88.4228
165 45.4878 88.424
713 45.2617 88.4251
408 45.0425 88.4263
532 44.8129 88.4274
367 44.5672 88.4287
437 44.2213 88.4304
375 43.93 88.4319
539 43.6435 88.4334
82 43.3741 88.4347
562 43.0951 88.4362
320 42.8191 88.4376
305 42.5148 88.4391
343 42.2015 88.4407
248 41.8869 88.4423
389 41.5449 88.444
206 41.197 88.4458
181 40.8456 88.4476
564 40.5232 88.4492
139 40.1602 88.4511
766 40.1602 88.4511
974 40.1602 88.4511
642 40.1602 88.4511
763 40.1602 88.4511
129 40.1602 88.4511
877 40.1602 88.4511
707 40.1602 88.4511
940 40.1602 88.4511
416 40.1602 88.4511
292 40.1602 88.4511
72 40.1602 88.4511
548 40.1602 88.4511
265 40.1602 88.4511
193 40.1602 88.4511
569 40.1602 88.4511
5 40.1602 88.4511
394 40.0386 88.4282
874 39.9313 88.4079
271 39.5811 88.3419
866 39.2926 88.2876
561 38.9501 88.223
806 38.5709 88.1516
808 38.2605 88.0931
773 37.9714 88.0386
786 37.7143 87.9901
649 37.495 87.9488
840 37.2644 87.9053
53 37.0341 87.8619
215 36.7764 87.8134
241 36.5038 87.762
231 36.2251 87.7095
428 35.9511 87.6578
613 35.7252 87.6153
392 35.4773 87.5686
738 35.227 87.5214
919 34.9444 87.4681
918 34.6704 87.4165
752 34.4212 87.3695
172 33.743 87.2417
859 32.9292 87.0884
288 32.2844 86.9668
368 31.9356 86.9011
424 31.6836 86.8536
223 31.4702 86.8134
22 31.2441 86.7708
604 30.9665 86.7185
124 30.0938 87.3283
593 28.8109 88.2251
183 28.8109 88.2251
448 28.8109 88.2251
470 28.7147 88.2363
58 28.6025 88.2493
253 28.5145 88.2596
960 28.4253 88.27
631 28.3192 88.2823
441 28.2138 88.2946
610 28.125 88.3049
456 28.0322 88.3157
430 27.9501 88.3253
167 27.8735 88.3342
20 27.7872 88.3443
306 27.698 88.3546
833 27.615 88.3643
638 27.5427 88.3727
696 27.4555 88.3829
92 27.3785 88.3918
120 27.2917 88.402
418 27.204 88.4122
2 27.1249 88.4214
96 27.0335 88.432
28 26.9386 88.4431
76 26.8523 88.4531
490 26.7652 88.4633
36 26.6814 88.473
872 26.6083 88.4815
141 26.5191 88.4919
296 26.4236 88.503
885 26.3241 88.5146
795 26.2393 88.5245
60 26.1477 88.5352
672 26.0501 88.5465
757 25.9464 88.5586
697 25.848 88.5701
41 25.7523 88.5812
44 25.6567 88.5923
16 25.5713 88.6023
73 25.4829 88.6126
150 25.3928 88.6231
230 25.3011 88.6337
954 25.1817 88.6477
768 25.0577 88.6621
409 24.9411 88.6757
227 24.8192 88.6899
933 24.7783 88.5809
776 24.7388 88.4758
611 24.6867 88.3373
339 24.5798 88.0527
15 24.7859 88.3252
146 24.7859 88.3252
256 24.3586 88.3669
550 23.6927 88.4319
871 23.041 88.4955
399 22.4419 88.5539
491 22.0687 88.5903
651 21.6855 88.6277
442 21.2733 88.6679
360 20.9302 88.7014
50 20.5849 88.735
753 20.2255 88.7701
886 19.8816 88.8037
916 19.5226 88.8387
578 19.1998 88.8702
521 18.8345 88.9058
714 18.33 88.955
761 17.4084 89.0449
560 16.1449 89.1682
263 14.7408 89.3051
982 14.5661 89.3222
301 14.3884 89.3395
199 14.2243 89.3555
304 14.0707 89.3705
719 13.9131 89.3859
546 13.7716 89.3997
699 13.6447 89.4121
325 13.5105 89.4251
780 13.3724 89.4386
444 13.2164 89.4538
203 13.0735 89.4678
153 12.9415 89.4807
585 12.8152 89.493
115 12.7654 89.4978
446 12.7047 89.5037
712 12.6474 89.5093
547 12.5778 89.5161
695 12.5244 89.5213
247 12.4558 89.528
401 12.3872 89.5347
973 12.3314 89.5402
557 12.2705 89.5461
138 12.2049 89.5525
637 12.1402 89.5588
803 12.079 89.5648
693 12.0238 89.5702
249 11.975 89.5749
495 11.9141 89.5809
13 11.8517 89.587
469 11.7875 89.5932
892 11.7058 89.6012
447 11.6294 89.6086
405 11.5575 89.6157
169 11.4906 89.6222
953 11.424 89.6287
827 11.362 89.6347
106 11.3005 89.6407
108 11.2427 89.6464
364 11.1826 89.6522
1 11.1228 89.6581
914 11.0583 89.6643
39 10.9958 89.6704
750 10.9395 89.6759
678 10.8757 89.6822
200 10.8173 89.6879
969 10.7558 89.6939
380 10.6981 89.6995
711 10.6418 89.705
435 10.5841 89.7106
236 10.5298 89.7159
718 10.4723 89.7215
568 10.4148 89.7271
386 10.3579 89.7327
95 10.2949 89.7388
213 10.2214 89.746
300 10.1949 89.7486
988 10.1696 89.751
88 10.2129 89.3289
759 10.2449 89.0172
316 10.272 88.7538
815 10.2997 88.4836
244 10.3282 88.2057
736 10.352 87.974
462 10.3759 87.741
17 10.405 87.4573
890 10.4364 87.1515
944 10.458 86.9408
955 10.4774 86.7517
31 10.4958 86.5721
240 10.5131 86.4036
868 10.529 86.2491
48 10.6196 85.3658
570 10.7024 84.5597
426 10.7769 83.8331
628 10.8491 83.1301
792 10.9278 82.3633
825 11.0151 81.5129
487 11.0934 80.7496
905 11.1622 80.0795
93 11.2385 79.3359
178 11.3408 78.3391
207 11.4655 77.124
445 11.5097 77.0564
119 11.5516 76.9922
433 11.5852 76.9409
830 11.6209 76.8863
554 11.6599 76.8267
728 11.7043 76.7587
436 11.748 76.692
431 11.7955 76.6193
608 11.8394 76.5522
90 11.8774 76.494
326 12.0175 76.2797
75 12.1358 76.0989
184 12.3711 75.7391
224 12.5964 75.3946
526 13.3587 74.229
537 13.8085 73.5412
333 13.8074 73.5366
789 13.8041 73.5234
950 13.8011 73.511
658 13.798 73.4987
329 13.7947 73.4851
220 13.792 73.4743
717 13.7892 73.463
374 13.7866 73.4526
298 13.7838 73.4411
657 13.7809 73.4294
970 13.7779 73.4175
321 13.7755 73.4074
796 13.7727 73.3964
615 13.7699 73.3848
427 13.7149 73.1623
500 13.6688 72.9756
680 13.619 72.7739
81 13.5713 72.5805
924 13.5285 72.4072
600 13.4858 72.2343
860 13.4399 72.0486
162 13.3906 71.8488
272 13.3424 71.6539
946 13.2998 71.4814
524 13.2463 71.2644
888 13.2012 71.0819
772 13.1423 70.8433
601 13.0949 70.6515
219 13.049 70.4655
277 13.0044 70.2851
665 12.9608 70.1083
361 12.9194 69.9411
398 12.8717 69.7477
747 12.824 69.5546
551 12.7885 69.4108
346 12.7451 69.2351
113 12.6998 69.0517
443 12.6543 68.8676
635 12.5435 68.4186
966 12.2133 67.0804
502 12.2133 67.0802
338 12.2133 67.08
639 12.2133 67.0798
371 12.2133 67.0795
429 12.2133 67.0793
3 12.2132 67.079
686 12.2132 67.0788
760 12.2132 67.0785
482 12.2132 67.0783
411 12.2132 67.0781
99 12.2132 67.0779
400 12.2132 67.0777
691 12.2132 67.0774
667 12.2132 67.0772
948 12.2132 67.077
784 12.2132 67.0768
517 12.2132 67.0766
694 12.2132 67.0764
255 12.2132 67.0762
879 12.2132 67.076
503 12.2132 67.0759
701 12.2132 67.0757
726 12.2131 67.0755
479 12.2131 67.0753
77 12.2131 67.0751
991 12.2131 67.0749
376 12.2131 67.0746
939 12.2131 67.0744
457 12.2131 67.0742
556 12.2131 67.074
234 12.2131 67.0738
130 12.2131 67.0735
14 12.2131 67.0733
703 12.2131 67.0731
927 12.2131 67.0729
347 12.213 67.0712
764 12.2129 67.0697
799 12.2129 67.0684
97 12.2128 67.0671
630 12.2128 67.0657
531 12.2127 67.0641
381 12.2126 67.0628
734 12.2126 67.0613
192 12.2125 67.0599
131 12.2125 67.0585
739 12.2124 67.0571
607 12.2124 67.0558
168 12.2123 67.0543
196 12.0254 62.1563
771 11.7637 55.3044
925 11.7569 55.1273
849 11.7494 54.9294
303 11.7419 54.7329
154 11.7342 54.5307
542 11.7273 54.3517
228 11.7204 54.169
336 11.7204 54.169
496 11.7204 54.169
279 11.7204 54.169
114 11.7204 54.169
422 11.7204 54.169
705 11.7204 54.169
534 11.4659 52.7251
652 11.2171 51.3136
958 10.986 50.0022
708 10.986 50.0022
805 10.986 50.0022
972 10.986 50.0022
589 10.986 50.0022
166 10.986 50.0022
527 10.986 50.0022
565 10.986 50.0022
122 10.986 50.0022
57 10.9879 49.7771
863 10.9898 49.5465
663 10.9913 49.3636
341 10.9926 49.1988
505 10.994 49.0298
312 10.9955 48.8447
182 10.9968 48.6856
936 10.9982 48.5181
749 10.9997 48.3395
47 11.0011 48.1649
46 11.0028 47.9646
222 11.0041 47.8076
352 11.0054 47.6488
148 11.0068 47.4743
938 11.008 47.3254
391 11.0095 47.1505
698 11.0109 46.9749
100 11.0124 46.8002
116 11.0139 46.613
214 11.0157 46.3905
157 11.0183 46.0787
841 11.021 45.7558
283 11.0238 45.4107
78 11.0261 45.1261
328 11.0283 44.8598
731 11.0283 44.8598
797 11.0283 44.8598
770 11.0283 44.8598
700 11.0283 44.8598
616 11.0283 44.8598
990 11.0283 44.8598
758 11.0283 44.8598
476 11.0283 44.8598
858 11.0283 44.8598
677 11.0283 44.8598
489 11.0374 44.7777
463 11.0464 44.6963
174 11.0551 44.6175
218 11.064 44.5374
330 11.084 44.3563
384 11.1016 44.1967
373 11.1179 44.0492
909 11.1354 43.891
423 11.1541 43.7215
10 11.1727 43.554
212 11.1901 43.3962
499 11.2075 43.239
123 11.224 43.0891
403 11.2408 42.9376
128 11.3719 41.7521
125 11.9486 36.5352
331 12.4272 32.2061
74 12.4984 31.5621
86 12.558 31.023
794 12.6327 30.347
4 12.7015 29.7247
258 12.7678 29.125
899 12.8243 28.6143
915 12.8761 28.1459
943 12.8161 28.0214
133 12.7523 27.8889
602 12.6947 27.7693
514 12.6283 27.6314
87 12.5699 27.5102
985 12.508 27.3817
268 12.4441 27.249
710 12.3778 27.1113
572 12.3143 26.9795
836 12.2541 26.8545
829 12.1893 26.7198
898 12.068 26.4679
362 11.7454 19.9267
812 11.5404 15.7694
629 11.6054 15.8161
299 11.6782 15.8683
366 11.7414 15.9137
588 11.801 15.9565
61 11.8595 15.9985
402 11.9304 16.0494
881 11.9857 16.0891
963 12.0519 16.1366
211 12.1151 16.182
741 12.1796 16.2283
674 12.2374 16.2698
187 12.2956 16.3116
722 12.3632 16.3601
412 12.5903 16.5232
488 12.8104 16.6813
254 13.0615 16.8616
348 13.2584 17.003
8 13.4718 17.1562
641 13.691 17.3136
902 13.8715 17.4432
682 14.0155 17.5466
455 14.1905 17.6722
646 14.3806 17.8088
673 17.4044 19.98
65 21.8971 23.2059
121 22.7643 22.9894
354 23.6999 22.7558
869 24.5837 22.5351
661 25.3299 22.3488
474 26.4152 22.0778
702 28.1527 21.644
407 30.3456 21.0965
704 30.65 21.0204
337 30.9294 20.9507
573 31.1874 20.8863
822 31.422 20.8277
111 31.6734 20.7649
934 31.9254 20.702
26 32.0957 20.6595
467 32.2578 20.619
883 32.4024 20.5829
310 32.5522 20.5455
261 32.6917 20.5107
246 32.8212 20.4783
287 32.9871 20.4369
653 33.1319 20.4008
363 33.2216 20.3784
626 33.3096 20.3564
284 33.4026 20.3332
351 33.5126 20.3057
643 33.6077 20.2819
64 33.7168 20.2547
709 33.8273 20.2271
787 33.9431 20.1982
669 34.0658 20.1676
379 34.1883 20.137
824 34.3052 20.1078
439 34.4383 20.0746
307 34.5931 20.0359
221 34.7731 19.991
518 44.3362 17.6033
419 50.3655 17.0653
24 56.8305 16.4884
295 57.7333 16.4079
581 58.4084 16.3476
777 59.0327 16.2919
504 59.6557 16.2363
831 60.1438 16.1927
959 60.708 16.1424
819 61.2534 16.0937
176 61.8134 16.0437
721 62.3677 15.9942
598 62.4004 15.9913
103 62.4362 15.9881
