0,103,504,598,176,581,959,831,777,295,721,819,24,6,164,555,873,289,419,518,626,246,704,467,709,337,26,834,702,573,407,824,934,160,310,883,653,261,278,284,787,669,439,307,287,379,351,822,111,363,643,915,221,902,64,812,8,682,674,412,187,366,963,629,348,588,741,362,646,488,722,61,881,402,211,254,836,354,121,602,331,455,474,829,899,86,4,794,133,943,673,258,514,641,74,572,299,283,268,710,661,898,486,125,65,78,205,228,749,212,949,32,770,797,731,958,174,700,985,863,328,341,87,616,499,10,128,330,990,758,384,373,909,46,527,925,214,182,336,352,100,116,496,841,157,663,422,148,391,142,218,691,279,47,489,463,771,222,565,938,423,123,858,677,312,476,534,196,708,972,166,303,805,698,57,542,936,505,154,122,652,849,451,130,219,552,939,703,224,339,277,879,77,600,457,531,639,686,487,667,338,665,500,657,607,192,970,381,747,162,734,739,371,796,429,948,411,479,701,556,361,234,3,630,114,601,726,551,772,119,427,398,860,503,482,589,680,131,81,517,400,694,717,326,97,991,760,255,966,376,275,14,799,764,784,347,272,524,560,946,445,75,298,220,950,728,168,113,346,443,374,905,830,240,207,825,554,658,502,886,431,132,316,546,890,944,435,247,495,868,386,969,547,570,426,792,955,300,436,585,815,695,401,557,803,693,48,892,447,446,90,759,321,95,178,736,637,108,750,380,953,169,405,263,203,442,244,916,17,364,106,1,469,568,914,678,88,615,200,138,236,249,628,433,325,31,780,213,39,711,827,982,301,719,115,712,699,718,444,153,776,988,973,199,13,399,183,537,550,304,150,441,490,167,333,120,697,93,954,92,41,859,753,58,608,430,768,651,833,368,593,933,16,60,360,15,227,761,578,462,521,44,696,296,885,230,28,610,808,20,50,871,757,36,611,631,638,76,73,456,184,707,872,146,124,306,919,418,96,409,714,424,918,288,491,773,752,672,806,253,613,241,974,239,271,562,786,795,877,866,416,960,141,139,189,215,530,394,72,206,561,539,392,738,22,265,53,129,807,294,309,181,449,172,713,231,814,766,256,448,305,649,343,569,614,763,2,548,292,223,270,319,428,389,874,840,470,437,5,618,415,861,559,563,980,880,887,961,156,245,434,984,642,165,816,541,367,851,826,105,536,947,477,896,202,584,280,856,12,737,259,313,248,126,335,82,940,320,408,746,802,882,23,659,185,754,690,952,511,62,774,636,40,406,532,564,140,344,895,516,624,567,375,755,193,992,911,179,369,575,118,229,931,285,158,666,318,823,620,317,395,177,622,18,273,464,817,42,937,251,983,145,149,845,353,494,544,854,135,742,818,864,580,465,52,928,775,417,813,893,820,372,450,322,648,889,159,332,740,660,528,725,311,473,204,685,25,383,668,83,68,481,801,385,378,201,71,297,962,340,173,290,460,867,595,744,393,837,152,51,975,67,654,852,900,727,110,579,904,650,478,671,293,538,509,810,420,582,832,208,847,9,762,432,101,484,225,134,855,235,798,921,144,109,683,112,515,440,238,605,769,987,743,35,968,513,986,84,94,907,782,800,857,577,468,964,315,647,793,91,161,286,617,453,791,498,923,523,216,282,80,625,632,558,171,596,597,621,252,226,390,922,804,127,732,264,163,715,576,410,365,350,912,540,370,459,281,894,779,976,676,54,471,789,291,724,897,924,888,927,965,327,839,79,533,571,404,765,175,903,56,645,137,604,689,329,809,971,308,878,21,267,599,501,788,957,846,591,454,382,574,59,104,493,910,640,901,730,587,266,510,720,507,705,756,30,662,733,545,981,735,349,99,635,526,461,729,89,359,34,891,929,233,324,302,778,913,956,210,155,848,403,7,147,480,356,522,180,194,535,748,876,679,529,783,38,687,603,413,619,525,151,543,475,706,414,655,633,688,237,49,269,452,508,862,917,512,664,908,869,723,612,37,549,388,11,438,397,811,191,421,66,472,197,257,853,692,19,945,342,790,989,566,586,844,843,935,55,681,978,623,785,27,751,781,358,906,865,634,828,377,458,355,209,250,930,63,875,492,217,188,594,314,396,45,485,870,186,117,232,606,143,357,675,43,644,276,716,69,821,519,85,842,262,29,767,583,190,942,941,323,745,334,656,592,920,102,850,926,609,70,553,670,466,242,170,107,684,387,884,136,932,425,198,951,195,506,977,497,274,838,967,835,590,98,520,33,627,243,345,979,483,260,
value : 396.985 running time : 1767.356820
0 80 20
103 62.4462 15.9888
504 62.431 15.9902
598 62.4166 15.9915
176 62.4026 15.9928
581 62.3885 15.9941
959 62.3749 15.9953
831 62.3616 15.9965
777 62.3497 15.9976
295 62.3382 15.9986
721 62.3268 15.9997
819 60.8702 16.1321
24 59.3839 16.2672
6 57.3519 16.4518
164 53.5374 16.7981
555 51.5483 16.9788
873 49.6715 17.1494
289 47.6347 17.3345
419 45.8699 17.4949
518 43.7409 17.6883
626 39.7923 18.2563
246 38.4255 18.4529
704 37.9598 18.5199
467 37.4935 18.587
709 36.951 18.665
337 36.5383 18.7244
26 36.0888 18.789
834 35.5909 18.8607
702 35.0904 18.9326
573 34.8715 18.9641
407 34.6265 18.9994
824 34.3612 19.0375
934 34.1559 19.0671
160 33.897 19.1043
310 33.6482 19.1401
883 33.3784 19.1789
653 33.1201 19.2161
261 32.4726 19.3092
278 31.7143 19.4183
284 31.363 19.3352
787 31.0508 19.2614
669 30.7256 19.1845
439 30.4227 19.1129
307 30.1505 19.0485
287 29.8829 18.9852
379 29.4865 18.8915
351 28.8739 18.7467
822 28.2845 18.6074
111 27.5853 18.4421
363 26.7297 18.2399
643 25.7174 18.0007
915 24.7522 17.7725
221 23.7363 17.5324
902 21.6144 17.0311
64 19.4353 16.5162
812 12.8301 14.9568
8 12.8095 15.1937
682 12.788 15.4401
674 12.7661 15.6909
412 12.7441 15.9427
187 12.7225 16.19
366 12.7225 16.19
963 12.7225 16.19
629 12.7225 16.19
348 12.7225 16.19
588 12.7225 16.19
741 12.7225 16.19
362 12.7225 16.19
646 12.7225 16.19
488 12.7225 16.19
722 12.7225 16.19
61 12.7371 16.9481
881 12.7512 17.6818
402 12.7785 19.1017
211 12.8027 20.3644
254 12.8346 22.0199
836 12.8785 24.3008
354 12.9146 26.1796
121 12.8818 26.3679
602 12.8512 26.5433
331 12.8203 26.7202
455 12.7887 26.9013
474 12.7573 27.0818
829 12.7234 27.2759
899 12.6929 27.4509
86 12.6602 27.6383
4 12.6456 27.7221
794 12.6311 27.8053
133 12.6169 27.8863
943 12.6032 27.9651
673 12.5889 28.0466
258 12.574 28.1323
514 12.5589 28.2187
641 12.5455 28.2957
74 12.5303 28.3825
572 12.5157 28.4661
299 12.5009 28.5512
283 12.4856 28.6388
268 12.4724 28.7144
710 12.4585 28.7941
661 12.4448 28.8729
898 12.4292 28.9622
486 13.4147 32.8271
125 13.2647 33.7259
65 13.1233 34.5737
78 12.9748 35.4645
205 12.8535 36.1912
228 12.702 37.0996
749 12.5636 37.9294
212 12.5148 38.2221
949 12.466 38.5146
32 12.4214 38.7816
770 12.3715 39.0807
797 12.3225 39.3749
731 12.2806 39.6256
958 12.2392 39.874
174 12.1941 40.1441
700 12.1593 40.3526
985 12.1222 40.5751
863 12.079 40.8343
328 12.037 41.086
341 12.0241 41.5152
87 12.0136 41.8638
616 12.0013 42.2729
499 11.9897 42.6583
10 11.9742 43.1699
128 11.9572 43.7359
330 11.943 44.2081
990 11.9273 44.7279
758 11.9099 45.3045
384 11.8953 45.7921
373 11.8777 46.3734
909 11.8617 46.9065
46 11.8465 47.411
527 11.8256 48.1061
925 11.8084 48.6756
214 11.8039 48.8254
182 11.7998 48.9624
336 11.7952 49.1132
352 11.791 49.2544
100 11.7866 49.3996
116 11.7824 49.5395
496 11.7786 49.6642
841 11.7744 49.8039
157 11.7702 49.9453
663 11.7663 50.0745
422 11.7616 50.2291
148 11.7578 50.3563
391 11.7532 50.5085
142 11.7486 50.6616
218 11.7439 50.818
691 11.7395 50.9648
279 11.7355 51.0979
47 11.7315 51.2296
489 11.7276 51.3599
463 11.7236 51.4915
771 11.7195 51.6261
222 11.715 51.7766
565 11.7102 51.9355
938 11.7063 52.0676
423 11.7026 52.1889
123 11.6977 52.3509
858 11.6921 52.5375
677 11.6867 52.7153
312 11.6824 52.8602
476 11.6757 53.081
534 11.6669 53.3745
196 11.6574 53.691
708 11.6497 53.9465
972 11.6419 54.2047
166 11.6343 54.4562
303 11.6269 54.7017
805 11.6196 54.9453
698 11.6122 55.1921
57 11.6046 55.4441
542 11.5967 55.7062
936 11.5886 55.9748
505 11.5804 56.2458
154 11.5722 56.5197
122 11.5622 56.8508
652 11.5517 57.1993
849 11.5276 57.9992
451 11.4739 59.7845
130 11.4162 61.6976
219 11.3664 63.3538
552 11.3236 64.7723
939 11.2936 65.7707
703 11.2614 66.8385
224 11.2212 68.1751
339 11.2184 68.2676
277 11.218 68.2793
879 11.2177 68.2917
77 11.2173 68.3045
600 11.2168 68.3188
457 11.2164 68.3318
531 11.2161 68.3429
639 11.2157 68.3579
686 11.2152 68.3717
487 11.2148 68.386
667 11.2145 68.3976
338 11.2141 68.41
665 11.2137 68.423
500 11.2133 68.4366
657 11.2129 68.4492
607 11.2125 68.461
192 11.2122 68.4727
970 11.2118 68.4854
381 11.2114 68.4983
747 11.211 68.5107
162 11.2106 68.525
734 11.2102 68.5375
739 11.2098 68.5507
371 11.2094 68.5647
796 11.209 68.58
429 11.2086 68.5931
948 11.2082 68.6056
411 11.2078 68.6185
479 11.2074 68.633
701 11.207 68.646
556 11.2066 68.6586
361 11.2062 68.6704
234 11.2059 68.6811
3 11.2055 68.694
630 11.2051 68.7074
114 11.2047 68.7205
601 11.2043 68.7349
726 11.2038 68.7501
551 11.2034 68.7632
772 11.2031 68.7742
119 11.2027 68.7874
427 11.2023 68.8007
398 11.2019 68.8142
860 11.2015 68.8281
503 11.2011 68.8403
482 11.2008 68.8519
589 11.2004 68.8636
680 11.2 68.8776
131 11.1996 68.8902
81 11.1992 68.904
517 11.1988 68.9175
400 11.1984 68.9318
694 11.198 68.9446
717 11.1976 68.9576
326 11.1971 68.9721
97 11.1968 68.9842
991 11.1964 68.9968
760 11.1961 69.0076
255 11.1957 69.0205
966 11.1953 69.0336
376 11.1949 69.0465
275 11.1945 69.0603
14 11.1941 69.0726
799 11.1937 69.0848
764 11.1934 69.0969
784 11.193 69.109
347 11.1926 69.1215
272 11.1702 69.8648
524 11.1474 70.6227
560 11.1239 71.3989
946 11.1014 72.1475
445 11.0807 72.8313
75 11.0604 73.5061
298 11.0585 73.5694
220 11.0567 73.6279
950 11.0547 73.6934
728 11.0525 73.7663
168 11.0506 73.8294
113 11.0487 73.8941
346 11.0466 73.9636
443 11.0446 74.0305
374 11.0424 74.1024
905 11.0402 74.1753
830 11.0382 74.2411
240 11.0364 74.3035
207 11.0346 74.3622
825 11.0328 74.42
554 11.0309 74.4835
658 11.0294 74.5347
502 11.0294 74.5347
886 11.0294 74.5348
431 11.0294 74.5348
132 11.0294 74.5348
316 10.6341 78.6997
546 10.4434 80.7085
890 10.2646 82.5916
944 10.0455 84.8999
435 9.73297 88.1926
247 9.7318 88.2049
495 9.73059 88.2177
868 9.72921 88.2322
386 9.72799 88.2451
969 9.72675 88.2581
547 9.72559 88.2703
570 9.72445 88.2823
426 9.72318 88.2956
792 9.72186 88.3096
955 9.72058 88.323
300 9.71917 88.3379
436 9.7178 88.3523
585 9.71625 88.3687
815 9.71498 88.382
695 9.71368 88.3957
401 9.71229 88.4103
557 9.71089 88.425
803 9.70952 88.4394
693 9.70821 88.4532
48 9.707 88.466
892 9.70562 88.4805
447 9.70415 88.496
446 9.70284 88.5098
90 9.70163 88.5225
759 9.70032 88.5363
321 9.69901 88.5501
95 9.69748 88.5662
178 9.69605 88.5812
736 9.69449 88.5977
637 9.69296 88.6138
108 9.69144 88.6298
750 9.68976 88.6475
380 9.68836 88.6622
953 9.68716 88.6748
169 9.68592 88.6879
405 9.68449 88.7029
263 9.68327 88.7158
203 9.68206 88.7285
442 9.68069 88.7429
244 9.67947 88.7558
916 9.67802 88.771
17 9.67648 88.7872
364 9.67502 88.8026
106 9.67355 88.8181
1 9.6723 88.8313
469 9.67106 88.8443
568 9.66953 88.8604
914 9.66814 88.8751
678 9.6668 88.8892
88 9.66563 88.9015
615 9.6642 88.9166
200 9.66249 88.9346
138 9.66108 88.9493
236 9.65976 88.9633
249 9.65861 88.9754
628 9.65734 88.9888
433 9.65609 89.0019
325 9.65466 89.017
31 9.6532 89.0323
780 9.65162 89.049
213 9.64966 89.0696
39 9.64828 89.0841
711 9.647 89.0977
827 9.64575 89.1108
982 9.64466 89.1222
301 9.64344 89.1351
719 9.64223 89.1479
115 9.64098 89.161
712 9.63975 89.1739
699 9.63852 89.187
718 9.63722 89.2006
444 9.63593 89.2142
153 9.63454 89.2289
776 9.6331 89.2439
988 9.6331 89.244
973 11.3354 88.8686
199 13.0201 88.497
13 14.9895 88.0627
399 16.9605 87.628
183 19.0813 87.1602
537 21.1851 86.6962
550 21.1851 86.6962
304 21.1851 86.6962
150 21.2964 86.7634
441 21.3938 86.8222
490 21.4815 86.8751
167 21.5711 86.9293
333 21.6608 86.9835
120 21.758 87.0421
697 21.8425 87.0932
93 21.9311 87.1467
954 22.0255 87.2037
92 22.1218 87.2619
41 22.2031 87.311
859 22.2885 87.3626
753 22.3719 87.413
58 22.4536 87.4623
608 22.539 87.5139
430 22.6338 87.5712
768 22.668 87.5918
651 22.6954 87.6084
833 22.7227 87.6249
368 22.7509 87.6419
593 22.7801 87.6596
933 22.8068 87.6757
16 22.833 87.6915
60 22.8611 87.7086
360 22.8888 87.7253
15 22.9198 87.744
227 22.9493 87.7619
761 23.1536 87.8043
578 23.336 87.8421
462 23.5195 87.8802
521 23.739 87.9258
44 23.9353 87.9665
696 24.1337 88.0077
296 24.3308 88.0486
885 24.5233 88.0885
230 24.7418 88.1339
28 24.7778 88.1414
610 24.8144 88.1489
808 24.8531 88.157
20 24.8878 88.1642
50 24.9164 88.1701
871 24.9492 88.1769
757 24.9829 88.1839
36 25.0197 88.1916
611 25.0562 88.1991
631 25.0879 88.2057
638 25.1177 88.2119
76 25.1467 88.2179
73 25.1777 88.2243
456 25.2067 88.2304
184 25.2353 88.2363
707 25.2683 88.2431
872 25.2938 88.2484
146 25.3172 88.2533
124 25.3369 88.2574
306 25.3369 88.2574
919 25.3369 88.2574
418 25.3369 88.2574
96 25.3369 88.2574
409 25.3369 88.2574
714 25.3369 88.2574
424 25.6849 88.2614
918 26.0549 88.2657
288 26.3809 88.2695
491 26.7377 88.2737
773 29.0011 88.3002
752 31.2922 88.327
672 31.8806 88.3338
806 32.4792 88.3408
253 33.1019 88.3481
613 33.7761 88.356
241 34.3939 88.3632
974 35.0197 88.3705
239 35.526 88.3764
271 35.8656 88.3803
562 36.215 88.3844
786 36.2181 88.3844
795 36.2218 88.3845
877 36.2258 88.3845
866 36.2298 88.3846
416 36.2334 88.3846
960 36.2367 88.3847
141 36.3169 88.3856
139 36.4069 88.3866
189 36.4896 88.3876
215 36.581 88.3887
530 36.6717 88.3897
394 36.7428 88.3906
72 36.8175 88.3914
206 36.8985 88.3924
561 36.9728 88.3933
539 37.0472 88.3941
392 37.1165 88.3949
738 37.1915 88.3958
22 37.2667 88.3967
265 37.3445 88.3976
53 37.4211 88.3985
129 37.4944 88.3993
807 37.5678 88.4002
294 37.6439 88.4011
309 37.7161 88.4019
181 37.7892 88.4028
449 37.8621 88.4036
172 37.932 88.4045
713 38.0102 88.4054
231 38.0747 88.4061
814 38.1522 88.407
766 38.2201 88.4078
256 38.2825 88.4086
448 38.3573 88.4094
305 38.4329 88.4103
649 38.4972 88.4111
343 38.571 88.4119
569 38.6364 88.4127
614 38.6994 88.4134
763 38.7698 88.4142
2 38.8289 88.4149
548 38.8975 88.4157
292 38.9628 88.4165
223 39.0266 88.4172
270 39.3651 88.4212
319 39.805 88.4263
428 40.1524 88.4304
389 40.8783 88.4389
874 41.5775 88.4471
840 42.0977 88.4531
470 42.6258 88.4593
437 43.3335 88.4676
5 44.0738 88.4762
618 44.7898 88.4846
415 45.3406 88.491
861 45.8171 88.4966
559 46.2449 88.5016
563 46.7439 88.5074
980 47.2596 88.5135
880 47.7084 88.5187
887 48.1254 88.5236
961 48.4737 88.5277
156 48.8509 88.5321
245 49.2617 88.5369
434 49.6555 88.5415
984 50.0015 88.5455
642 50.1085 88.5468
165 50.228 88.5482
816 50.3725 88.5499
541 50.4887 88.5512
367 50.6186 88.5527
851 50.7395 88.5541
826 50.8542 88.5555
105 50.9778 88.5569
536 51.1123 88.5585
947 51.255 88.5602
477 51.408 88.562
896 51.441 88.5623
202 51.4762 88.5628
584 51.5103 88.5632
280 51.5419 88.5635
856 51.5769 88.5639
12 51.6094 88.5643
737 51.6429 88.5647
259 51.6735 88.5651
313 51.7039 88.5654
248 51.7323 88.5657
126 51.7659 88.5661
335 51.8006 88.5665
82 51.8303 88.5669
940 51.8647 88.5673
320 51.8979 88.5677
408 51.9318 88.5681
746 51.9659 88.5685
802 52.0004 88.5689
882 52.0361 88.5693
23 52.072 88.5697
659 52.1052 88.5701
185 52.1467 88.5706
754 52.1797 88.571
690 52.2131 88.5714
952 52.2448 88.5717
511 52.2765 88.5721
62 52.3095 88.5725
774 52.3423 88.5729
636 52.3743 88.5732
40 52.4088 88.5736
406 52.4405 88.574
532 52.4727 88.5744
564 52.5045 88.5748
140 52.5431 88.5752
344 52.5796 88.5756
895 52.6127 88.576
516 52.6475 88.5764
624 52.6845 88.5769
567 52.7214 88.5773
375 52.7494 88.5776
755 52.7943 88.5782
193 53.5086 88.5865
992 54.8538 88.6022
911 55.721 88.6123
179 56.4837 88.6212
369 57.3997 88.632
575 58.3202 88.6427
118 59.2165 88.6532
229 60.2036 88.6647
931 61.3326 88.6779
285 62.4469 88.6909
158 63.3396 88.7013
666 64.0612 88.7098
318 64.623 88.7163
823 65.1195 88.7221
620 65.6006 88.7278
317 66.0592 88.7331
395 66.5762 88.7391
177 67.1347 88.7457
622 67.7528 88.7529
18 68.3456 88.7598
273 69.0355 88.7679
464 69.8054 88.7769
817 70.684 88.7871
42 71.7399 88.7995
937 73.1178 88.8156
251 74.5363 88.8321
983 76.3705 88.8536
145 76.3705 88.8536
149 76.3705 88.8536
845 76.3705 88.8536
353 76.3705 88.8536
494 76.3705 88.8536
544 76.3706 88.8536
854 76.3706 88.8536
135 76.3706 88.8536
742 76.3706 88.8536
818 76.3706 88.8536
864 76.3706 88.8536
580 76.3706 88.8536
465 76.3706 88.8536
52 76.3706 88.8536
928 81.1441 88.2289
775 81.4108 87.9693
417 81.7173 87.671
813 81.9906 87.4049
893 82.3303 87.0744
820 82.7765 86.64
372 86.0082 83.4949
450 84.9496 82.6674
322 84.828 82.5991
648 84.7024 82.5287
889 84.5912 82.4663
159 84.4519 82.3881
332 84.3357 82.3229
740 84.2669 82.2843
660 84.2015 82.2476
528 84.1141 82.1986
725 84.038 82.1559
311 83.9627 82.1136
473 83.8841 82.0695
204 83.801 82.0229
685 83.7262 81.9809
25 83.6483 81.9372
383 74.2864 76.6841
668 69.9255 74.2371
83 69.7555 74.1417
68 69.5614 74.0328
481 69.4209 73.954
801 69.2609 73.8642
385 69.1234 73.787
378 68.9505 73.69
201 68.7964 73.6035
71 68.6178 73.5033
297 68.4214 73.3931
962 68.2213 73.2809
340 68.0087 73.1616
173 67.8184 73.0548
290 67.6433 72.9565
460 67.4524 72.8494
867 67.2783 72.7517
595 67.0915 72.6469
744 66.9273 72.5548
393 66.7419 72.4508
837 66.5835 72.3619
152 66.4099 72.2645
51 66.2307 72.1639
975 66.0513 72.0633
67 65.8494 71.95
654 65.6736 71.8513
852 65.4995 71.7536
900 65.1942 71.5823
727 64.8616 71.3957
110 64.5396 71.215
579 64.1993 71.0241
904 63.7599 70.7776
650 63.3151 70.528
478 62.8736 70.2802
671 62.471 70.0543
293 62.0268 69.8051
538 62.0268 69.8051
509 62.0268 69.8051
810 62.0268 69.8051
420 62.0268 69.8051
582 60.6363 69.4629
832 59.4217 69.164
208 58.1823 68.8589
847 56.9606 68.5583
9 55.652 68.2362
762 54.2873 67.9003
432 52.8818 67.5544
101 51.3979 67.1891
484 51.3979 67.1891
225 51.3979 67.1891
134 51.3979 67.1891
855 51.3979 67.1891
235 51.3979 67.1891
798 51.3979 67.1891
921 51.3979 67.1891
144 51.3979 67.1891
109 51.3979 67.1891
683 51.3979 67.1891
112 51.3979 67.1891
515 51.3979 67.1891
440 51.3979 67.1891
238 51.3979 67.1891
605 51.3979 67.1891
769 51.3979 67.1891
987 51.3979 67.1891
743 51.3979 67.1891
35 51.3979 67.1891
968 51.3979 67.1891
513 51.3979 67.1891
986 51.3979 67.1891
84 51.3979 67.1891
94 51.3979 67.1891
907 51.3979 67.1891
782 51.3408 67.1815
800 51.2859 67.1743
857 51.2284 67.1667
577 51.1745 67.1595
468 51.1202 67.1524
964 51.0667 67.1453
315 51.0128 67.1382
647 50.9578 67.1309
793 50.6053 67.0843
91 50.2614 67.0389
161 49.9171 66.9934
286 49.5745 66.9482
617 49.1805 66.8962
453 48.7751 66.8426
791 48.3649 66.7885
498 47.9349 66.7317
923 47.5203 66.677
523 47.214 66.6365
216 46.9184 66.5975
282 46.6143 66.5573
80 46.2912 66.5147
625 45.9951 66.4756
632 45.2936 66.383
558 44.45 66.2718
171 43.6164 66.1619
596 42.7963 66.0537
597 42.0162 65.9508
621 41.1756 65.84
252 40.296 65.724
226 39.9996 65.6848
390 39.7165 65.6475
922 39.4793 65.6161
804 39.2493 65.5857
127 39.0098 65.5541
732 38.8822 65.5427
264 38.7518 65.5311
163 38.6151 65.519
715 38.4781 65.5068
576 38.3427 65.4947
410 38.2078 65.4827
365 38.0628 65.4698
350 37.9306 65.458
912 37.782 65.4448
540 37.6521 65.4332
370 37.513 65.4209
459 37.3781 65.4089
281 37.2446 65.397
894 36.891 65.3655
779 36.4766 65.3286
976 36.0205 65.288
676 35.4679 65.2389
54 34.7531 65.1753
471 34.0427 65.112
789 32.9452 65.0144
291 32.7161 64.994
724 32.4635 64.9715
897 32.1295 64.9418
924 31.8982 64.9212
888 31.7928 64.9118
927 31.7583 64.9087
965 31.7252 64.9058
327 31.6916 64.9028
839 31.6614 64.9001
79 31.6265 64.897
533 31.5968 64.8944
571 31.5609 64.8912
404 31.529 64.8883
765 31.4954 64.8853
175 31.4587 64.8821
903 31.4186 64.8785
56 31.3851 64.8755
645 31.3471 64.8721
137 31.3094 64.8688
604 31.2712 64.8654
689 31.2353 64.8622
329 31.1973 64.8588
809 31.1973 64.8588
971 31.1973 64.8588
308 31.1973 64.8588
878 31.1973 64.8588
21 31.1973 64.8588
267 31.1973 64.8588
599 31.1973 64.8588
501 31.1973 64.8588
788 31.1973 64.8588
957 31.1973 64.8588
846 31.1973 64.8588
591 31.1973 64.8588
454 31.1973 64.8588
382 31.199 64.847
574 31.2005 64.8367
59 31.2023 64.8242
104 31.2038 64.8134
493 31.2053 64.8032
910 31.2066 64.7937
640 31.2081 64.7836
901 31.2094 64.7743
730 31.2107 64.7655
587 31.2122 64.7552
266 31.2136 64.7449
510 31.2155 64.7321
720 31.2169 64.7217
507 31.2185 64.7108
705 31.2201 64.6998
756 31.2216 64.6892
30 31.223 64.6795
662 31.2242 64.671
733 31.2258 64.6597
545 31.2275 64.648
981 31.2289 64.6382
735 31.2303 64.6285
349 31.2316 64.6195
99 31.2328 64.6108
635 31.2345 64.5987
526 31.3546 63.7598
461 31.8991 59.9552
729 31.9461 59.6263
89 31.9953 59.2829
359 32.0378 58.9856
34 32.0893 58.6254
891 32.1439 58.2438
929 32.1932 57.8996
233 32.2427 57.5533
324 32.2966 57.1764
302 32.3498 56.8051
778 32.3956 56.485
913 32.44 56.1744
956 32.4805 55.8911
210 33.0922 51.6173
155 33.6372 47.8095
848 33.949 45.631
403 33.9457 45.6111
7 33.9425 45.5915
147 33.9397 45.5744
480 33.9364 45.5544
356 33.9335 45.5367
522 33.9307 45.5198
180 33.9277 45.5013
194 33.9244 45.4815
535 33.9211 45.4616
748 33.9179 45.442
876 33.9148 45.4231
679 33.9112 45.4013
529 33.908 45.3816
783 33.9053 45.3651
38 33.9024 45.3477
687 33.8995 45.3302
603 33.8969 45.3143
413 33.8939 45.2956
619 33.8907 45.2764
525 33.8876 45.2573
151 33.8843 45.2376
543 33.8815 45.2202
475 33.8784 45.2016
706 33.8754 45.1833
414 33.8724 45.1649
655 33.8695 45.1473
633 33.867 45.1322
688 33.8476 45.0139
237 33.8276 44.8922
49 33.8049 44.7543
269 33.7821 44.6154
452 33.7591 44.4752
508 33.7354 44.3314
862 33.7125 44.1918
917 33.6895 44.0519
512 33.6672 43.916
664 33.6413 43.7582
908 33.6174 43.6131
869 33.5497 43.2005
723 33.5134 42.9799
612 33.4766 42.7554
37 33.7492 42.7252
549 34.0348 42.6935
388 34.5038 42.6416
11 34.9838 42.5884
438 35.502 42.531
397 36.1483 42.4593
811 37.1611 42.347
191 38.3715 42.2128
421 39.5886 42.0778
66 40.6183 41.9636
472 41.1645 41.9031
197 41.6661 41.8475
257 42.12 41.7972
853 42.5891 41.7453
692 43.0878 41.69
19 43.6345 41.6294
945 44.0871 41.5793
342 44.5199 41.5313
790 44.9395 41.4848
989 45.3818 41.4358
566 45.8649 41.3823
586 46.3834 41.3248
844 47.9655 41.1494
843 49.4493 40.9848
935 50.9452 40.8189
55 52.7219 40.6218
681 52.7514 40.6381
978 52.7826 40.6553
623 52.81 40.6705
785 52.8313 40.6823
27 52.8567 40.6963
751 52.8826 40.7106
781 52.9102 40.7259
358 52.9374 40.7409
906 52.9612 40.7541
865 52.9848 40.7671
634 53.0136 40.783
828 53.0395 40.7973
377 53.0654 40.8117
458 53.0897 40.8251
355 53.114 40.8385
209 53.1366 40.851
250 53.2367 40.9064
930 54.1924 41.4346
63 55.0787 41.9244
875 56.0141 42.4414
492 56.9409 42.9537
217 58.0153 43.5475
188 59.056 44.1227
594 59.153 44.1763
314 59.2565 44.2335
396 59.3587 44.29
45 59.4559 44.3437
485 59.5578 44.4
870 59.5578 44.4
186 59.5578 44.4
117 59.5626 44.3998
232 59.5671 44.3996
606 59.5707 44.3995
143 59.5744 44.3993
357 59.5778 44.3992
675 59.5813 44.399
43 59.5846 44.3989
644 59.588 44.3987
276 59.5909 44.3986
716 59.7762 44.3905
69 59.9879 44.3812
821 61.5963 44.3107
519 61.854 44.3767
85 62.164 44.456
842 62.5991 44.5672
262 62.9934 44.6681
29 65.9924 45.4356
767 67.683 45.8682
583 69.1023 46.2314
190 70.1161 46.4908
942 71.2737 46.7869
941 72.5944 47.1249
323 73.6008 47.3823
745 74.84 47.6994
334 76.1227 48.0276
656 76.1227 48.0276
592 76.1227 48.0276
920 76.1227 48.0276
102 76.1227 48.0276
850 76.1227 48.0276
926 76.1227 48.0276
609 76.1227 48.0276
70 76.1227 48.0276
553 77.0918 48.1105
670 78.1281 48.1992
466 79.3643 48.3049
242 81.0544 48.4494
170 82.5198 48.5748
107 83.3863 48.6489
684 84.0317 48.7041
387 84.2953 48.7267
884 84.5884 48.7518
136 84.8578 48.7749
932 85.1197 48.7973
425 85.4034 48.8216
198 85.7397 48.8504
951 86.0612 48.878
195 86.3687 48.9043
506 86.7515 48.9371
977 87.1001 48.9669
497 87.4924 49.0005
274 87.4354 47.5224
838 87.4102 46.8699
967 87.3803 46.0959
835 87.1945 41.2697
590 87.0308 37.0186
98 86.9035 33.7167
520 86.8121 31.3464
33 86.6839 28.0166
627 86.4456 21.826
243 86.3613 19.6394
345 86.3349 18.9553
979 86.3059 18.2015
483 86.2829 17.605
260 86.1868 17.6088
