0,260,627,243,979,345,483,520,590,33,98,497,835,932,506,107,951,684,136,425,242,198,884,977,387,745,195,592,170,838,274,334,656,920,967,357,314,553,117,190,767,485,670,102,606,609,29,583,942,850,941,232,70,466,644,45,821,781,323,623,978,519,143,926,358,675,634,396,842,85,865,751,276,906,250,875,716,262,945,63,421,356,843,681,19,27,217,342,197,870,458,209,828,355,43,935,492,377,472,785,555,55,66,930,69,594,844,692,257,586,522,278,147,862,508,512,210,811,664,475,706,679,543,480,688,180,783,869,37,191,549,452,194,525,655,403,876,414,155,438,11,397,269,917,566,723,529,687,853,38,603,989,151,49,413,619,302,461,633,533,388,848,790,7,913,929,748,535,897,359,21,370,233,545,965,705,571,591,846,957,501,735,729,839,89,765,927,79,324,891,127,59,34,778,237,382,56,689,404,308,922,733,171,390,54,878,888,349,645,537,587,291,596,789,80,662,756,730,901,640,910,252,510,526,266,30,971,365,788,599,574,104,493,507,720,327,903,454,137,604,226,809,267,976,912,134,350,576,484,175,163,459,923,676,724,281,498,577,471,9,793,715,410,621,804,264,144,779,540,225,986,968,109,112,857,101,798,597,683,855,523,921,782,732,238,293,762,515,468,94,558,800,432,810,513,440,617,84,282,216,894,453,188,509,315,964,235,91,161,186,35,632,286,625,582,987,743,208,847,791,478,605,668,68,647,671,173,538,769,907,393,18,962,420,650,744,801,900,110,595,837,152,51,579,290,867,67,975,832,460,378,852,385,71,297,727,937,818,83,481,654,383,201,395,904,340,332,740,450,473,685,528,322,648,889,372,25,742,311,204,660,928,135,159,983,725,864,893,820,622,666,580,42,464,992,477,931,465,52,158,149,318,823,620,845,854,813,145,251,285,494,817,775,417,353,273,544,185,541,156,532,584,319,947,193,369,408,816,737,12,140,896,165,179,317,344,980,202,539,248,567,313,375,118,618,575,861,229,887,367,126,516,177,642,911,23,335,259,536,746,406,562,984,754,245,415,434,690,952,511,62,774,895,105,530,826,636,40,851,624,659,305,320,755,713,82,343,880,961,940,856,280,882,5,874,564,389,563,802,766,919,559,129,814,707,294,296,223,428,270,271,392,763,614,241,752,309,231,738,139,189,649,569,807,974,437,470,394,795,206,239,416,866,877,613,72,561,265,73,806,146,215,292,256,2,181,449,172,53,22,448,124,840,872,230,418,548,441,808,333,120,60,20,753,183,76,28,167,960,859,96,786,697,611,712,430,16,672,490,41,757,550,954,761,768,58,593,871,631,885,610,141,409,714,150,36,456,50,306,253,918,288,773,491,92,44,638,696,651,424,833,368,578,521,31,304,88,776,249,115,227,969,953,108,973,13,442,153,213,15,138,462,360,93,106,933,444,386,95,637,247,316,695,815,916,546,868,792,955,446,693,557,401,547,988,433,678,263,39,325,905,982,364,711,435,827,699,199,244,17,750,628,240,914,759,200,380,780,301,1,236,803,585,447,892,169,405,203,300,426,495,718,399,568,719,608,560,890,469,736,48,90,944,75,429,255,77,443,168,184,830,321,879,728,431,635,615,970,436,570,554,113,886,665,657,607,517,14,97,326,400,81,346,275,132,479,445,99,178,658,703,339,224,630,220,272,192,551,556,114,948,924,726,552,680,860,600,361,991,487,503,825,298,966,760,939,196,482,234,950,734,376,946,717,502,427,639,374,686,747,772,371,457,398,381,162,524,739,3,131,119,667,796,338,694,411,207,277,589,764,130,219,701,601,784,799,500,347,981,451,531,329,422,925,122,527,166,849,909,770,797,677,222,57,116,534,708,972,698,47,771,463,391,279,542,336,691,303,758,565,496,218,938,142,423,841,949,990,174,212,908,731,154,228,46,476,663,956,123,652,157,505,749,936,858,283,10,128,214,352,182,489,100,499,700,87,863,328,65,330,958,78,805,384,373,341,312,148,86,514,829,661,331,455,572,474,602,836,710,943,794,4,299,258,486,899,963,133,641,121,125,612,205,268,985,616,32,741,898,673,74,812,61,588,362,187,348,674,629,488,366,881,722,682,8,412,211,402,254,646,354,643,221,834,902,467,915,573,407,824,934,26,709,337,669,287,261,787,439,702,704,626,246,310,363,883,284,160,64,379,351,822,111,307,653,164,518,289,873,419,831,6,721,24,777,295,504,598,176,581,959,103,819,
value : 394.173 running time : 3161.667627
0 80 20
260 86.1875 17.6086
627 86.209 17.6078
243 86.2274 17.6071
979 86.2446 17.6064
345 86.2638 17.6056
483 86.2827 17.6049
520 86.7458 29.6948
590 86.8322 31.9491
33 86.9056 33.8671
98 86.9797 35.8002
497 87.4856 49.007
835 87.0267 48.9685
932 86.6667 48.9384
506 86.3521 48.912
107 85.9991 48.8824
951 85.5967 48.8487
684 85.216 48.8168
136 84.7952 48.7816
425 84.358 48.745
242 84.0211 48.7167
198 83.6707 48.6874
884 83.318 48.6578
977 82.9073 48.6234
387 82.4636 48.5862
745 82.0365 48.5505
195 81.735 48.5252
592 81.4496 48.5013
170 81.2014 48.4805
838 80.132 48.3909
274 78.9251 48.2898
334 77.7795 48.1938
656 75.8276 47.6845
920 74.9189 47.4473
967 73.9457 47.1934
357 72.86 46.9101
314 72.0921 46.7097
553 71.5921 46.5792
117 71.0417 46.4356
190 70.555 46.3086
767 70.0895 46.1871
485 69.6224 46.0652
670 69.6224 46.0652
102 69.6223 46.0652
606 69.6223 46.0652
609 69.6223 46.0652
29 69.6223 46.0652
583 69.6223 46.0652
942 69.6223 46.0652
850 69.6223 46.0652
941 69.6223 46.0652
232 68.5297 45.7177
70 67.3613 45.346
466 66.2786 45.0016
644 64.9286 44.5721
45 63.6653 44.1703
821 62.4501 43.7837
781 61.8457 43.5915
323 61.7134 43.5494
623 61.5541 43.4987
978 61.4007 43.4499
519 61.2591 43.4049
143 61.1361 43.3657
926 60.996 43.3212
358 60.8355 43.2701
675 60.6875 43.2231
634 60.5346 43.1744
396 60.3997 43.1315
842 60.2607 43.0873
85 60.1016 43.0367
865 54.6858 41.2053
751 54.3766 41.1007
276 54.0719 40.9976
906 53.786 40.901
250 53.492 40.8016
875 53.4002 40.7705
716 53.294 40.7346
262 53.1954 40.7013
945 53.0788 40.6618
63 52.9684 40.6245
421 52.8454 40.5829
356 52.7417 40.5478
843 52.6596 40.52
681 52.5724 40.4906
19 52.4783 40.4588
27 52.3911 40.4293
217 52.3016 40.399
342 52.1929 40.3622
197 52.0959 40.3295
870 52.0074 40.2995
458 51.9166 40.2688
209 51.8185 40.2356
828 51.7383 40.2085
355 51.6497 40.1785
43 51.5593 40.148
935 51.4471 40.1101
492 51.3631 40.0816
377 51.2771 40.0525
472 51.1752 40.0181
785 51.0851 39.9876
555 50.9965 39.9577
55 50.8629 39.9792
66 50.0609 40.1085
930 49.2684 40.2363
69 48.3082 40.3911
594 47.4475 40.5299
844 45.776 40.7994
692 43.6388 41.1439
257 42.1166 41.3894
586 40.5862 41.6361
522 38.3962 41.9892
278 35.993 42.3767
147 35.9163 42.3891
862 35.8354 42.4021
508 35.749 42.416
512 35.6723 42.4284
210 35.5839 42.4427
811 35.4778 42.4598
664 35.3824 42.4751
475 35.2934 42.4895
706 35.2476 42.4969
679 35.1963 42.5051
543 35.1463 42.5132
480 35.1021 42.5203
688 35.0508 42.5286
180 35.0053 42.5359
783 34.9503 42.5448
869 34.8925 42.5541
37 34.846 42.5616
191 34.805 42.5682
549 34.7591 42.5756
452 34.7581 42.5861
194 34.7573 42.5955
525 34.7565 42.6039
655 34.7557 42.6121
403 34.5863 44.8424
876 34.5801 44.9243
414 34.5742 45.0013
155 34.568 45.0835
438 34.5617 45.1665
11 34.5553 45.25
397 34.5487 45.3373
269 34.5421 45.424
917 34.5367 45.4957
566 34.5305 45.577
723 34.5244 45.6571
529 34.5188 45.7311
687 34.5121 45.819
853 34.5057 45.9033
38 34.4885 46.1293
603 34.4718 46.3492
989 34.459 46.5187
151 34.4452 46.7003
49 34.4287 46.9166
413 34.4138 47.1133
619 34.3993 47.304
302 34.3839 47.5073
461 34.3685 47.7095
633 34.3538 47.903
533 34.3407 48.076
388 34.3347 48.154
848 34.328 48.2425
790 34.3125 48.4472
7 34.2554 49.1991
913 34.1823 50.1616
929 34.1033 51.201
748 34.0249 52.2325
535 33.938 53.377
897 33.305 61.7085
359 33.305 61.7085
21 33.305 61.7085
370 33.305 61.7085
233 33.305 61.7085
545 33.3033 61.7415
965 33.3012 61.78
705 33.2994 61.8127
571 33.2973 61.85
591 33.2955 61.8842
846 33.2938 61.9154
957 33.2921 61.9465
501 33.2902 61.9806
735 33.2886 62.0106
729 33.2869 62.0424
839 33.2852 62.073
89 33.2834 62.1055
765 33.2814 62.1434
927 33.2793 62.1817
79 33.2777 62.2106
324 33.2762 62.2388
891 33.2734 62.29
127 33.2703 62.3459
59 33.2668 62.4097
34 33.2635 62.4713
778 33.2607 62.5231
237 33.2429 62.8499
382 33.2208 63.2558
56 33.2002 63.6336
689 33.179 64.0226
404 33.1672 64.2391
308 33.156 64.4437
922 33.1452 64.6416
733 33.1315 64.8939
171 33.1181 65.1396
390 33.1053 65.3745
54 33.0927 65.6052
878 33.0781 65.8746
888 33.0643 66.1267
349 33.0643 66.1267
645 33.0643 66.1267
537 33.0643 66.1267
587 33.1008 66.1267
291 33.1429 66.1268
596 33.1776 66.1269
789 33.2078 66.1269
80 33.2476 66.127
662 33.2797 66.1271
756 33.3102 66.1271
730 33.3428 66.1272
901 33.3766 66.1272
640 33.4142 66.1273
910 33.4532 66.1274
252 33.4855 66.1274
510 33.5151 66.1275
526 33.5896 66.1276
266 33.6835 66.1278
30 33.8017 66.128
971 33.8929 66.1282
365 34.0061 66.1284
788 34.0976 66.1286
599 34.192 66.1287
574 34.2948 66.1289
104 34.4098 66.1291
493 34.5032 66.1293
507 34.5889 66.1294
720 34.7123 66.1297
327 34.839 66.1299
903 34.9833 66.1302
454 35.1266 66.1304
137 35.4854 66.1311
604 35.8298 66.1317
226 36.4954 66.1329
809 37.0817 66.1339
267 37.6458 66.135
976 38.5327 66.1366
912 39.2873 66.1379
134 40.1744 66.1395
350 40.9498 66.1409
576 41.6832 66.1423
484 42.4551 66.1436
175 43.1236 66.1449
163 43.897 66.1462
459 44.7366 66.1478
923 45.658 66.1494
676 45.997 66.15
724 46.3314 66.1506
281 46.8271 66.1515
498 47.3284 66.1524
577 47.8033 66.1533
471 48.1906 66.154
9 48.6681 66.1549
793 48.7377 66.155
715 48.7987 66.1551
410 48.8732 66.1552
621 48.9502 66.1554
804 49.0248 66.1555
264 49.104 66.1557
144 49.1809 66.1558
779 49.2623 66.1559
540 49.3407 66.1561
225 49.4525 66.1563
986 49.582 66.1565
968 49.7029 66.1567
109 49.8174 66.157
112 49.9251 66.1572
857 50.0198 66.1573
101 50.107 66.1575
798 50.206 66.1577
597 50.3014 66.1578
683 50.3998 66.158
855 50.515 66.1582
523 50.6194 66.1584
921 50.7452 66.1586
782 50.8621 66.1588
732 50.9627 66.159
238 51.116 66.1593
293 51.2344 66.1595
762 51.3098 66.1597
515 51.3831 66.1598
468 51.4495 66.1599
94 51.5168 66.16
558 51.5855 66.1602
800 51.6716 66.1603
432 51.7506 66.1605
810 51.8232 66.1606
513 51.8908 66.1607
440 51.9738 66.1609
617 52.0439 66.161
84 52.1167 66.1611
282 52.1874 66.1613
216 52.2561 66.1614
894 52.3256 66.1615
453 52.4103 66.1617
188 52.4968 66.1618
509 52.5791 66.162
315 52.5791 66.162
964 52.5791 66.162
235 52.5791 66.162
91 52.5791 66.162
161 52.5791 66.162
186 52.5791 66.162
35 53.1038 66.3921
632 53.5923 66.6063
286 54.067 66.8145
625 54.5807 67.0398
582 55.0927 67.2643
987 55.6019 67.4876
743 56.02 67.671
208 56.5543 67.9053
847 57.074 68.1333
791 57.4993 68.3198
478 58.0554 68.5637
605 58.4803 68.75
668 58.9229 68.9441
68 59.3663 69.1386
647 59.7645 69.3132
671 60.1694 69.4908
173 60.5792 69.6705
538 60.9519 69.8339
769 61.4289 70.0431
907 61.9975 70.2925
393 62.6432 70.5757
18 63.291 70.8598
962 63.8853 71.1204
420 64.3947 71.3438
650 64.6636 71.4919
744 64.9484 71.6487
801 65.2046 71.7898
900 65.4719 71.937
110 65.716 72.0714
595 65.947 72.1986
837 66.2309 72.3549
152 66.4872 72.4961
51 66.7363 72.6332
579 66.9921 72.7741
290 67.2149 72.8968
867 67.4408 73.0212
67 67.6665 73.1454
975 67.925 73.2878
832 68.1359 73.4039
460 68.3925 73.5452
378 68.6813 73.7043
852 68.9659 73.861
385 69.2587 74.0222
71 69.487 74.1479
297 69.7078 74.2695
727 69.9368 74.3956
937 70.2024 74.5418
818 70.4518 74.6792
83 70.6716 74.8002
481 70.8889 74.9199
654 71.0975 75.0347
383 71.3309 75.1633
201 71.5394 75.2781
395 71.7569 75.3978
904 72.0442 75.556
340 72.3652 75.7328
332 77.0377 78.3058
740 81.2503 80.6255
450 84.9083 82.6398
473 85.0898 82.7864
685 85.2439 82.911
528 85.3696 83.0126
322 85.5366 83.1475
648 85.683 83.2659
889 85.8587 83.4079
372 86.0101 83.5303
25 85.9341 83.6076
742 85.8551 83.688
311 85.7962 83.7479
204 85.724 83.8213
660 85.6429 83.9039
928 81.5942 88.0223
135 80.2892 88.0555
159 80.0021 88.0628
983 79.7475 88.0693
725 78.9472 88.0896
864 78.0513 88.1124
893 77.2648 88.1324
820 76.3955 88.1545
622 75.3368 88.1815
666 74.6044 88.2001
580 73.8683 88.2188
42 73.0083 88.2407
464 72.3707 88.2569
992 71.8654 88.2698
477 71.5177 88.2786
931 71.1941 88.2869
465 70.9522 88.293
52 70.695 88.2996
158 70.448 88.3058
149 70.1818 88.3126
318 69.9152 88.3194
823 69.6411 88.3264
620 69.3722 88.3332
845 69.1238 88.3395
854 68.8844 88.3456
813 68.6231 88.3523
145 68.343 88.3594
251 68.0841 88.366
285 67.8254 88.3726
494 67.5738 88.379
817 67.2535 88.3871
775 66.992 88.3938
417 66.7081 88.401
353 65.4335 88.4334
273 63.7607 88.476
544 62.1277 88.5175
185 58.7309 88.6039
541 54.4579 88.7126
156 54.3793 88.7146
532 54.3071 88.7165
584 54.2417 88.7181
319 54.1689 88.72
947 54.1002 88.7217
193 54.029 88.7235
369 53.965 88.7252
408 53.8902 88.7271
816 53.8258 88.7287
737 53.7523 88.7306
12 53.6753 88.7325
140 53.5927 88.7346
896 53.5144 88.7366
165 53.4312 88.7388
179 53.3664 88.7404
317 53.3026 88.742
344 53.2234 88.744
980 53.1464 88.746
202 53.0683 88.748
539 52.9773 88.7503
248 52.9086 88.752
567 52.8544 88.7534
313 52.7803 88.7553
375 52.7029 88.7573
118 52.6481 88.7587
618 52.5867 88.7602
575 52.5288 88.7617
861 52.4617 88.7634
229 52.4025 88.7649
887 52.3369 88.7666
367 52.2693 88.7683
126 52.1999 88.7701
516 52.1384 88.7716
177 52.0837 88.773
642 52.0117 88.7749
911 51.9543 88.7763
23 51.8879 88.778
335 51.8261 88.7796
259 51.7575 88.7813
536 51.6835 88.7832
746 51.6153 88.7849
406 51.5524 88.7866
562 51.4893 88.7882
984 51.4394 88.7894
754 51.3735 88.7911
245 51.3066 88.7928
415 51.243 88.7944
434 51.1813 88.796
690 51.1202 88.7975
952 51.053 88.7993
511 50.9851 88.801
62 50.921 88.8026
774 50.8561 88.8043
895 50.79 88.8059
105 50.7227 88.8077
530 50.6599 88.8093
826 50.5993 88.8108
636 50.5404 88.8123
40 50.4836 88.8137
851 50.4213 88.8153
624 50.3546 88.817
659 50.2834 88.8188
305 50.2181 88.8205
320 50.1557 88.8221
755 50.0906 88.8237
713 50.0285 88.8253
82 49.9665 88.8269
343 49.9082 88.8284
880 49.8544 88.8297
961 49.7944 88.8313
940 49.7368 88.8327
856 49.6819 88.8341
280 49.3739 88.842
882 49.0049 88.8514
5 48.5862 88.862
874 48.2189 88.8714
564 47.9712 88.8777
389 47.6913 88.8848
563 47.4474 88.891
802 47.1845 88.8977
766 44.897 88.9559
919 43.3688 88.9947
559 42.6306 89.0135
129 41.8405 89.0336
814 41.0685 89.0533
707 40.1754 89.076
294 39.4275 89.095
296 38.4325 89.1203
223 38.0426 89.1302
428 37.8963 89.1339
270 37.7664 89.1373
271 37.6504 89.1402
392 37.5339 89.1432
763 37.4219 89.146
614 37.2859 89.1495
241 37.1539 89.1528
752 37.026 89.1561
309 36.8969 89.1594
231 36.7544 89.163
738 36.6271 89.1662
139 36.4948 89.1696
189 36.3683 89.1728
649 36.2426 89.176
569 36.119 89.1792
807 35.9878 89.1825
974 35.8518 89.186
437 35.7156 89.1894
470 35.5706 89.1931
394 35.4395 89.1965
795 35.3036 89.1999
206 35.1915 89.2028
239 35.0676 89.2059
416 34.9138 89.2098
866 34.7652 89.2136
877 34.5813 89.2183
613 34.4064 89.2227
72 34.2428 89.2269
561 34.0873 89.2309
265 33.9069 89.2354
73 33.7097 89.2405
806 33.547 89.2446
146 33.3908 89.2486
215 33.2352 89.2525
292 33.0498 89.2572
256 32.8553 89.2622
2 32.6744 89.2668
181 32.5169 89.2708
449 32.3303 89.2755
172 32.1156 89.281
53 31.9083 89.2863
22 31.6749 89.2922
448 31.4438 89.2981
124 31.2098 89.3041
840 30.9859 89.3098
872 30.6807 89.3175
230 30.3961 89.3248
418 30.0585 89.3333
548 29.7926 89.3401
441 29.449 89.3489
808 29.2151 89.3548
333 28.9595 89.3613
120 28.8077 89.3652
60 28.6443 89.3693
20 28.4786 89.3735
753 28.288 89.3784
183 28.1296 89.3824
76 27.992 89.3859
28 27.8501 89.3895
167 27.7053 89.3932
960 27.5601 89.3969
859 27.3913 89.4012
96 27.2408 89.405
786 27.0772 89.4092
697 26.9008 89.4137
611 26.7394 89.4178
712 26.5589 89.4224
430 26.4152 89.426
16 26.277 89.4295
672 26.1265 89.4334
490 25.9539 89.4378
41 25.7895 89.4419
757 25.6246 89.4461
550 25.4618 89.4503
954 25.3132 89.4541
761 25.1489 89.4582
768 24.9753 89.4627
58 24.7962 89.4672
593 24.6342 89.4713
871 24.4741 89.4754
631 24.3285 89.4791
885 24.1686 89.4832
610 24.0155 89.4871
141 23.8635 89.4909
409 23.685 89.4955
714 23.5091 89.5
150 23.3556 89.5039
36 23.1737 89.5085
456 22.99 89.5132
50 22.8219 89.5174
306 22.6708 89.5213
253 22.5203 89.5251
918 22.3556 89.5293
288 22.165 89.5342
773 22.0064 89.5382
491 21.8206 89.5429
92 21.6615 89.547
44 21.4434 89.5525
638 21.2546 89.5573
696 20.788 89.5692
651 20.3186 89.5811
424 19.8628 89.5927
833 19.4067 89.6043
368 18.9529 89.6159
578 18.4955 89.6275
521 17.9563 89.6412
31 17.1334 89.6622
304 16.6109 89.6755
88 16.1671 89.6868
776 15.7182 89.6982
249 15.2297 89.7106
115 14.6907 89.7243
227 14.1187 89.7389
969 13.3595 89.7582
953 12.8368 89.7715
108 12.4469 89.7814
973 12.1044 89.7901
13 11.7289 89.7997
442 11.2751 89.8112
153 10.7742 89.824
213 10.3484 89.8348
15 10.3454 89.8349
138 10.3419 89.835
462 10.3387 89.835
360 10.3355 89.8351
93 10.3315 89.8352
106 10.3273 89.8353
933 10.324 89.8354
444 10.3202 89.8355
386 10.3167 89.8356
95 10.3131 89.8357
637 10.3093 89.8358
247 10.3059 89.8359
316 10.3026 89.836
695 10.2993 89.836
815 10.2955 89.8361
916 10.2919 89.8362
546 10.2877 89.8363
868 10.2835 89.8364
792 10.2802 89.8365
955 10.277 89.8366
446 10.2734 89.8367
693 10.2697 89.8368
557 10.2661 89.8369
401 10.2621 89.837
547 10.2582 89.8371
988 10.2544 89.8372
433 10.2887 89.1602
678 10.2917 89.1023
263 10.295 89.036
39 10.2982 88.9723
325 10.3022 88.895
905 10.3056 88.8277
982 10.3086 88.7685
364 10.3115 88.7108
711 10.3143 88.6559
435 10.3173 88.5961
827 10.3212 88.5184
699 10.3257 88.4309
199 10.3296 88.3538
244 10.3337 88.273
17 10.337 88.2072
750 10.3404 88.1396
628 10.347 88.0091
240 10.3529 87.8919
914 10.3579 87.7941
759 10.3634 87.6861
200 10.3678 87.599
380 10.3731 87.4935
780 10.3861 87.2381
301 10.3961 87.0408
1 10.4061 86.8419
236 10.4161 86.6457
803 10.4275 86.4208
585 10.4384 86.2057
447 10.4541 85.8941
892 10.4708 85.565
169 10.4857 85.2704
405 10.4997 84.995
203 10.5218 84.5583
300 10.5415 84.1697
426 10.5612 83.7806
495 10.5793 83.4222
718 10.5988 83.0388
399 10.6187 82.6454
568 10.6382 82.2592
719 10.6645 81.7414
608 10.6911 81.2164
560 10.7163 80.7188
890 10.74 80.2507
469 10.7622 79.8116
736 10.7856 79.3493
48 10.8143 78.7829
90 10.8434 78.2091
944 10.8753 77.5792
75 10.9111 76.8723
429 10.9539 76.028
255 10.995 75.2168
77 11.017 74.782
443 11.018 74.7622
168 11.0192 74.7387
184 11.0205 74.7136
830 11.0219 74.6861
321 11.0232 74.6587
879 11.0247 74.6298
728 11.0259 74.6062
431 11.027 74.5839
635 11.0284 74.5568
615 11.0285 74.5556
970 11.0285 74.5543
436 11.0286 74.5532
570 11.0286 74.552
554 11.0287 74.5507
113 11.0288 74.5495
886 11.0288 74.5483
665 11.0289 74.5469
657 11.029 74.5457
607 11.029 74.5444
517 11.0291 74.5431
14 11.0291 74.5419
97 11.0292 74.5408
326 11.0293 74.5397
400 11.0293 74.5384
81 11.0294 74.5371
346 11.0294 74.5359
275 11.0295 74.5347
132 11.0296 74.5334
479 11.0296 74.5334
445 11.0296 74.5333
99 11.0296 74.5333
178 11.0296 74.5333
658 11.0296 74.5333
703 11.0602 73.5254
339 11.0632 73.4242
224 11.0666 73.314
630 11.0705 73.1835
220 11.074 73.0699
272 11.0776 72.952
192 11.081 72.8394
551 11.0839 72.7436
556 11.0873 72.6327
114 11.0913 72.4985
948 11.0946 72.3895
924 11.0981 72.275
726 11.1013 72.1696
552 11.1049 72.0522
680 11.108 71.9495
860 11.111 71.8514
600 11.1144 71.737
361 11.1176 71.6323
991 11.1206 71.5332
487 11.124 71.4207
503 11.1275 71.3057
825 11.1308 71.1968
298 11.1342 71.0874
966 11.138 70.9616
760 11.142 70.8274
939 11.1454 70.7179
196 11.1484 70.6179
482 11.151 70.5334
234 11.1536 70.4473
950 11.1554 70.3875
734 11.1574 70.3207
376 11.1595 70.2522
946 11.1613 70.1919
717 11.1634 70.124
502 11.1655 70.0548
427 11.1675 69.9897
639 11.1694 69.9249
374 11.1716 69.8537
686 11.174 69.7743
747 11.1767 69.6867
772 11.1789 69.6119
371 11.1808 69.5516
457 11.1826 69.4896
398 11.185 69.4131
381 11.187 69.3453
162 11.1893 69.2709
524 11.1917 69.1912
739 11.1938 69.1198
3 11.1959 69.0525
131 11.1979 68.9855
119 11.1998 68.9249
667 11.2016 68.8645
796 11.2036 68.799
338 11.2057 68.7282
694 11.2078 68.6613
411 11.21 68.5865
207 11.2119 68.5256
277 11.2302 67.9219
589 11.2492 67.2946
764 11.2648 66.782
130 11.2782 66.3389
219 11.2918 65.8896
701 11.3052 65.448
601 11.323 64.8605
784 11.3402 64.2943
799 11.3559 63.7745
500 11.3726 63.2227
347 11.4012 62.2821
981 11.4281 61.3936
451 11.4508 60.6431
531 11.4718 59.9505
329 11.4935 59.2341
422 11.5195 58.3784
925 11.5413 57.6577
122 11.5647 56.8861
527 11.5827 56.2909
166 11.5999 55.7239
849 11.6175 55.1436
909 11.6355 54.5513
770 11.652 54.0074
797 11.6585 53.7915
677 11.6645 53.5935
222 11.672 53.3474
57 11.6787 53.1257
116 11.6855 52.9029
534 11.69 52.7537
708 11.6942 52.614
972 11.6987 52.4673
698 11.7036 52.304
47 11.7086 52.1391
771 11.7137 51.9704
463 11.7183 51.8195
391 11.7226 51.6795
279 11.7268 51.5401
542 11.7313 51.3927
336 11.7355 51.2546
691 11.7399 51.109
303 11.7448 50.9472
758 11.7497 50.7847
565 11.7541 50.639
496 11.7594 50.4668
218 11.7637 50.3231
938 11.7685 50.1657
142 11.7738 49.9919
423 11.7793 49.8097
841 11.7838 49.6609
949 11.7886 49.5022
990 11.7935 49.3425
174 11.7976 49.2062
212 11.8024 49.0487
908 11.8065 48.9117
731 11.8111 48.7599
154 11.8155 48.616
228 11.8202 48.4597
46 11.8247 48.3112
476 11.8287 48.1804
663 11.8326 48.0514
956 11.8362 47.9326
123 11.8413 47.7642
652 11.8459 47.6125
157 11.8504 47.4655
505 11.8551 47.3096
749 11.8601 47.1442
936 11.8651 46.9821
858 11.8704 46.8047
283 11.8764 46.6083
10 11.8812 46.4493
128 11.8851 46.3218
214 11.8891 46.1907
352 11.9055 45.6475
182 11.9231 45.0669
489 11.9417 44.4564
100 11.9616 43.7978
499 11.9883 42.917
700 12.0047 42.3764
87 12.0202 41.8666
863 12.0334 41.4318
328 12.0472 40.9771
65 12.0625 40.8733
330 12.0756 40.7852
958 12.0896 40.6906
78 12.1028 40.6011
805 12.115 40.5183
384 12.198 39.9571
373 12.2735 39.4464
341 12.3816 38.7157
312 12.5561 37.5359
148 12.7925 35.9369
86 13.1494 33.5235
514 13.1807 33.3857
829 13.2117 33.249
661 13.2431 33.1106
331 13.2723 32.982
455 13.2893 32.907
572 13.3003 32.8586
474 13.3118 32.8079
602 13.3223 32.7617
836 13.3325 32.7167
710 13.3429 32.6711
943 13.3536 32.6241
794 13.3638 32.5789
4 13.3746 32.5315
299 13.3857 32.4827
258 13.3964 32.4352
486 13.4042 32.4008
899 13.3488 32.1711
963 13.2982 31.9611
133 13.2646 31.8216
641 13.2316 31.6847
121 13.2013 31.5591
125 13.1691 31.4258
612 13.1341 31.2804
205 13.0913 31.1029
268 13.0453 30.9123
985 13.0064 30.7509
616 12.9679 30.5911
32 12.8534 30.1165
741 12.5533 28.8719
898 12.3626 28.0809
673 12.401 24.8907
74 12.4368 21.9256
812 12.5182 15.1748
61 12.5182 15.1748
588 12.5182 15.1748
362 12.5182 15.1748
187 12.5182 15.1748
348 12.6223 15.1921
674 12.7131 15.2072
629 12.8056 15.2227
488 12.9088 15.2398
366 12.9966 15.2545
881 13.0752 15.2675
722 13.1573 15.2812
682 13.3906 15.3201
8 13.6486 15.363
412 13.8424 15.3953
211 14.0836 15.4355
402 14.329 15.4763
254 14.578 15.5178
646 14.7817 15.5517
354 23.2221 16.9572
643 25.9993 17.4197
221 29.0734 17.9315
834 33.3347 18.6411
902 33.3347 18.6411
467 33.8309 18.5958
915 33.8842 18.591
573 33.9978 18.5806
407 34.1017 18.5711
824 34.1981 18.5624
934 34.3239 18.5509
26 34.4284 18.5413
709 34.5231 18.5327
337 34.6343 18.5226
669 34.7316 18.5137
287 34.8499 18.5029
261 34.9522 18.4936
787 35.041 18.4855
439 35.1343 18.477
702 35.2518 18.4662
704 35.4527 18.4479
626 35.6233 18.4324
246 35.7968 18.4165
310 36.0009 18.3979
363 36.1741 18.3821
883 36.3442 18.3666
284 36.5006 18.3523
160 36.7271 18.3317
64 36.9341 18.3128
379 37.1727 18.291
351 37.3903 18.2712
822 37.6234 18.2499
111 37.8586 18.2285
307 38.0941 18.207
653 40.5449 17.9834
164 42.7938 17.7783
518 43.4333 17.72
289 46.5484 17.4363
873 49.9563 17.1261
419 53.1181 16.8382
831 57.0122 16.4837
6 58.7637 16.3242
721 62.3188 16.0005
24 62.3323 15.9993
777 62.3454 15.9981
295 62.3599 15.9967
504 62.3745 15.9954
598 62.3885 15.9941
176 62.4022 15.9929
581 62.4158 15.9917
959 62.4305 15.9903
103 62.4468 15.9888
819 68.2789 17.3216
