0,103,721,295,777,24,176,504,598,819,581,653,959,518,337,643,64,669,221,834,702,709,354,246,307,822,486,902,626,704,111,915,284,261,602,787,278,467,934,379,160,883,824,287,26,407,439,351,310,363,899,573,674,661,812,402,488,641,455,629,348,412,722,254,331,187,682,211,362,366,588,8,299,963,474,881,61,646,86,741,829,125,794,514,985,943,4,258,673,836,710,572,74,133,898,403,121,869,205,616,268,65,87,499,148,700,384,10,423,463,863,123,958,849,731,328,949,758,283,336,128,352,797,330,708,990,534,938,698,391,122,505,46,489,805,312,496,116,174,222,972,154,166,233,279,182,214,760,925,784,218,157,57,542,341,936,749,196,422,841,212,770,652,527,677,565,47,373,909,956,303,502,733,219,130,451,114,329,846,100,234,922,687,475,151,929,89,535,414,706,508,908,59,545,858,142,529,543,510,603,688,525,633,32,11,612,388,324,78,549,228,438,476,655,663,771,723,664,37,269,586,413,811,397,619,679,748,913,38,876,7,302,191,891,180,237,147,461,848,421,566,480,783,989,512,49,778,917,155,257,492,692,194,862,790,853,843,522,197,356,66,865,675,785,935,458,634,55,276,419,289,250,555,821,19,594,644,209,873,828,45,27,6,831,377,314,358,751,906,164,716,69,875,844,930,623,842,681,781,355,357,43,188,293,85,217,978,262,186,870,396,63,452,597,519,101,923,472,945,342,765,576,793,453,791,855,216,104,577,558,127,54,809,621,471,281,498,732,459,210,798,513,894,484,561,895,826,350,986,91,632,94,857,724,563,225,540,80,134,743,715,404,976,235,365,137,163,291,676,264,175,533,493,779,912,910,839,56,252,901,587,640,730,954,223,30,308,571,804,645,21,267,171,144,410,523,683,720,596,903,226,705,897,370,878,507,981,788,599,957,756,971,574,591,501,327,729,946,927,888,339,526,16,604,965,390,537,275,266,735,79,382,635,359,950,796,658,400,552,349,789,680,608,189,689,124,81,429,578,431,886,34,772,531,411,119,376,347,747,691,132,600,220,966,427,601,589,607,255,703,799,398,524,970,739,371,939,948,734,879,764,131,77,192,277,665,361,686,14,178,667,860,694,162,556,321,717,639,445,381,482,272,630,517,338,3,924,503,701,726,479,374,326,457,97,500,728,657,346,551,298,99,560,168,75,991,944,736,759,88,825,443,113,890,224,433,615,554,90,905,207,58,487,184,830,988,31,240,115,712,719,982,153,203,446,444,780,916,244,325,699,316,546,868,48,570,426,628,792,955,300,436,585,263,301,750,815,695,247,401,973,557,138,637,803,693,249,495,13,469,892,447,405,169,953,827,106,108,364,1,914,39,213,183,678,200,969,380,711,435,236,718,568,386,95,15,399,547,714,933,761,227,859,776,304,199,442,521,491,753,651,454,253,960,550,93,360,50,462,17,768,409,806,773,808,611,871,697,757,672,60,795,885,470,41,296,631,36,146,490,76,28,44,96,2,418,256,120,92,696,638,833,306,20,167,430,456,610,441,593,424,368,288,662,872,548,72,292,416,333,172,241,270,265,786,752,918,919,738,392,613,428,231,394,73,150,230,974,763,343,649,449,448,22,141,569,766,539,206,707,375,139,559,129,271,866,840,319,874,215,53,877,181,614,807,118,179,344,40,23,62,896,367,434,980,746,851,5,437,642,193,309,636,536,165,511,782,369,335,713,248,584,245,477,532,516,389,105,961,229,940,259,408,814,947,320,882,880,774,624,406,952,313,754,140,126,305,239,541,82,755,801,280,921,564,861,562,156,530,659,294,802,575,202,816,992,567,887,177,911,856,737,618,185,415,297,273,984,937,813,42,464,690,622,317,931,18,378,12,864,71,285,83,251,395,465,983,817,52,893,620,544,149,823,725,159,494,353,318,845,158,145,580,666,417,854,820,135,928,372,322,473,528,332,660,450,742,818,740,25,889,685,204,648,775,311,315,385,852,152,837,744,727,867,904,290,393,340,654,650,68,383,481,975,900,579,84,67,582,907,595,51,485,668,962,605,112,440,515,509,432,762,109,9,847,208,460,832,800,671,478,173,769,538,647,968,625,282,964,110,987,238,286,35,617,468,810,161,592,195,143,583,334,926,850,102,920,117,190,942,606,609,29,232,201,656,420,767,745,323,941,466,670,553,70,684,242,977,274,170,107,967,838,951,198,425,932,136,884,387,506,835,497,98,590,520,33,345,979,243,483,260,627,
value : 441.851 running time : 431.977294
0 80 20
103 62.4306 15.9877
721 62.391 15.9912
295 61.8684 16.0374
777 61.3452 16.0836
24 60.8614 16.1263
176 60.3316 16.1731
504 59.75 16.2245
598 59.0344 16.2877
819 57.9816 16.3806
581 56.7499 16.4894
653 55.1262 16.6328
959 54.6176 16.6777
518 44.5406 17.5671
337 39.3084 19.0732
643 34.6677 20.4091
64 33.7609 20.6702
669 32.9561 20.9019
221 32.7032 20.9981
834 32.4711 21.0864
702 32.226 21.1796
709 31.9996 21.2658
354 31.7735 21.3518
246 31.5629 21.4319
307 31.3553 21.5109
822 31.1509 21.5887
486 30.9346 21.671
902 30.9346 21.671
626 30.9346 21.671
704 30.9346 21.671
111 30.9346 21.671
915 30.9346 21.671
284 30.9346 21.671
261 30.9346 21.671
602 30.9346 21.671
787 30.9346 21.671
278 30.9345 21.671
467 30.9345 21.671
934 30.9345 21.671
379 30.8161 21.4173
160 30.6905 21.1485
883 30.545 20.837
824 30.4007 20.5282
287 30.2404 20.1849
26 29.9021 20.0844
407 29.4938 19.963
439 28.9978 19.8156
351 28.574 19.6897
310 28.149 19.5634
363 27.461 19.3589
899 26.6356 19.1136
573 25.941 18.9072
674 17.5599 16.4156
661 15.6575 15.8502
812 12.7779 14.9943
402 12.7719 15.1392
488 12.7669 15.2621
641 12.7606 15.4139
455 12.7563 15.5209
629 12.7524 15.6156
348 12.7478 15.7271
412 12.7434 15.8339
722 12.7392 15.9365
254 12.7266 16.2433
331 12.7148 16.5314
187 12.7046 16.7797
682 12.6989 16.9171
211 12.6932 17.0572
362 12.687 17.2081
366 12.6811 17.3508
588 12.675 17.4991
8 12.669 17.6449
299 12.6535 18.0222
963 12.641 18.3262
474 12.6299 18.5959
881 12.6201 18.835
61 12.5886 19.6033
646 12.5432 20.7086
86 12.3034 26.5491
741 12.3008 26.6116
829 12.2979 26.682
125 12.2954 26.7432
794 12.2934 26.7935
514 12.2912 26.8465
985 12.2891 26.8975
943 12.2871 26.9452
4 12.2851 26.995
258 12.2831 27.0441
673 12.281 27.0938
836 12.2789 27.146
710 12.2767 27.1986
572 12.2746 27.251
74 12.2724 27.3042
133 12.2702 27.3576
898 12.268 27.4117
403 15.849 36.4249
121 15.849 36.4249
869 15.849 36.4249
205 15.4986 37.0394
616 15.0977 37.7426
268 14.7727 38.3125
65 14.0803 39.5268
87 13.1015 41.2437
499 11.8093 43.51
148 11.663 43.7667
700 11.5055 44.0429
384 11.3308 44.3492
10 11.1625 44.6444
423 10.9776 44.9688
463 10.7761 45.3221
863 10.5933 45.6426
123 10.4029 45.9767
958 10.2054 46.323
849 9.98144 46.7158
731 9.98144 46.7158
328 9.98144 46.7158
949 10.0641 46.9681
758 10.1425 47.2075
283 10.2136 47.4245
336 10.2989 47.6848
128 10.3711 47.9052
352 10.4514 48.1503
797 10.5274 48.3823
330 10.5988 48.6
708 10.7033 48.9191
990 10.8005 49.2159
534 10.9104 49.5514
938 11.0216 49.8907
698 11.1209 50.1938
391 11.2167 50.4862
122 11.3038 50.7521
505 11.3177 50.7835
46 11.3309 50.8132
489 11.366 50.8925
805 11.4003 50.9699
312 11.4314 51.0399
496 11.4672 51.1207
116 11.5011 51.1972
174 11.5395 51.2837
222 11.5762 51.3665
972 11.6155 51.455
154 11.6507 51.5345
166 11.6901 51.6234
233 11.7302 51.7139
279 11.7529 51.765
182 11.7752 51.8153
214 11.7981 51.8669
760 11.8234 51.9241
925 11.8467 51.9765
784 11.8707 52.0305
218 11.8906 52.0755
157 11.9108 52.1209
57 11.9343 52.1741
542 11.9582 52.228
341 11.9813 52.28
936 12.0057 52.335
749 12.0297 52.3892
196 12.0573 52.4514
422 12.0803 52.5033
841 12.0998 52.5474
212 12.1202 52.5933
770 12.2519 52.8902
652 12.4324 53.2974
527 12.6348 53.7538
677 12.8503 54.2398
565 13.0494 54.6889
47 13.2315 55.0994
373 13.441 55.5719
909 13.6915 56.137
956 14.0317 56.9041
303 14.3425 57.605
502 14.7362 58.493
733 14.7362 58.493
219 14.7362 58.493
130 14.7362 58.493
451 14.7362 58.493
114 14.7362 58.493
329 14.7362 58.493
846 14.7362 58.493
100 14.7362 58.493
234 14.7362 58.493
922 25.9481 50.9822
687 25.8709 50.4829
475 25.818 50.1413
151 25.7698 49.8298
929 25.7369 49.6174
89 25.6802 49.2505
535 25.6151 48.83
414 25.5557 48.4459
706 25.5011 48.0933
508 25.4502 47.7642
908 25.3989 47.4327
59 25.3493 47.1123
545 25.2894 46.7251
858 25.2206 46.2804
142 25.1523 45.8389
529 25.0828 45.3899
543 25.0828 45.3899
510 25.0828 45.3899
603 25.0828 45.3899
688 25.0828 45.3899
525 25.0828 45.3899
633 25.0828 45.3899
32 25.0828 45.3899
11 25.0828 45.3899
612 25.0828 45.3899
388 25.0828 45.3899
324 25.0828 45.3899
78 25.0828 45.3899
549 25.0828 45.3899
228 25.0828 45.3899
438 25.6409 45.1987
476 26.1912 45.01
655 26.8225 44.7937
663 27.4732 44.5707
771 28.3465 44.2714
723 29.6228 43.8341
664 30.9956 43.3638
37 32.4958 42.8498
269 33.937 42.3562
586 35.0523 41.9743
413 35.0523 41.9743
811 35.0523 41.9743
397 35.0523 41.9743
619 35.0523 41.9743
679 35.0523 41.9743
748 35.0523 41.9743
913 35.0523 41.9742
38 35.0523 41.9742
876 35.0524 41.9742
7 35.0524 41.9742
302 35.0524 41.9742
191 35.0524 41.9742
891 35.0524 41.9742
180 35.0524 41.9742
237 35.0524 41.9742
147 35.6705 41.7477
461 36.3973 41.4813
848 36.8454 41.3171
421 37.2238 41.1785
566 37.5394 41.0628
480 37.8579 40.9461
783 38.1698 40.8318
989 38.5011 40.7104
512 38.8313 40.5894
49 39.1445 40.4747
778 39.496 40.3458
917 40.6246 39.9321
155 41.7994 39.5014
257 43.013 39.0565
492 44.2746 38.594
692 44.3418 38.5693
194 44.4123 38.5435
862 44.4835 38.5174
790 44.5561 38.4908
853 44.6295 38.4639
843 44.705 38.4362
522 44.705 38.4362
197 46.0415 37.849
356 47.2791 37.3053
66 49.234 36.4463
865 51.1305 35.613
675 53.0153 34.7849
785 53.0153 34.7849
935 53.0153 34.7849
458 53.0153 34.7849
634 53.0153 34.7849
55 53.0153 34.7849
276 53.0153 34.7849
419 53.072 34.4984
289 53.2579 34.7634
250 53.5393 35.1647
555 53.8474 35.604
821 54.2058 36.1151
19 54.5365 36.5867
594 54.8929 37.0949
644 55.2084 37.5449
209 55.1904 37.5291
873 55.176 37.5164
828 55.1646 37.5064
45 55.1527 37.4959
27 55.1384 37.4833
6 55.1247 37.4713
831 55.112 37.4601
377 55.1006 37.4501
314 55.0886 37.4396
358 55.0747 37.4274
751 55.0598 37.4142
906 55.0465 37.4026
164 55.0317 37.3896
716 55.0092 38.3967
69 54.9877 39.3558
875 54.9701 40.1447
844 54.9535 40.8854
930 54.9369 41.6301
623 54.9194 42.4111
842 54.9046 43.0718
681 54.9046 43.0718
781 54.9046 43.0718
355 54.5076 43.8609
357 54.0078 44.8543
43 53.3325 46.1965
188 52.3491 48.151
293 51.6736 49.4937
85 51.5478 49.7436
217 51.4316 49.9746
978 51.2884 50.2593
262 51.1129 50.608
186 50.9441 50.9435
870 50.7931 51.2436
396 50.604 51.6195
63 50.4246 51.9761
452 50.2068 52.4091
597 49.9155 52.988
519 49.6713 53.4733
101 49.4029 54.0067
923 49.1543 54.5008
472 48.9151 54.9763
945 48.6342 55.5346
342 48.3185 56.1621
765 47.9205 56.9531
576 47.7014 57.3887
793 47.5123 57.7644
453 47.29 58.2061
791 47.1069 58.5702
855 46.9172 58.9472
216 46.7551 59.2693
104 46.5937 59.5901
577 46.4589 59.8581
558 46.3006 60.1728
127 46.1565 60.4591
54 45.9911 60.7879
809 45.8432 61.0817
621 45.7038 61.359
471 45.5542 61.6562
281 45.4061 61.9505
498 45.2499 62.261
732 45.0712 62.6162
459 44.8978 62.9609
210 44.7458 63.263
798 44.0656 64.615
513 43.0821 66.5697
894 42.4657 67.7949
484 41.9031 68.913
561 41.3024 70.1069
895 41.3024 70.1069
826 41.3024 70.1069
350 41.2996 70.1063
986 41.2973 70.1057
91 41.2948 70.1051
632 41.2922 70.1045
94 41.2894 70.1038
857 41.1785 70.077
724 41.0297 70.041
563 40.9028 70.0103
225 40.7598 69.9757
540 40.6218 69.9423
80 40.485 69.9093
134 40.355 69.8778
743 40.2233 69.846
715 39.9757 69.7861
404 39.7414 69.7294
976 39.5226 69.6765
235 39.3006 69.6228
365 39.032 69.5579
137 38.7788 69.4966
163 38.5719 69.4466
291 38.3563 69.3945
676 38.1519 69.345
264 37.9235 69.2898
175 37.6664 69.2276
533 37.4136 69.1665
493 37.1645 69.1062
779 36.9604 69.0569
912 36.717 68.998
910 36.4963 68.9446
839 36.2588 68.8872
56 36.0601 68.8391
252 35.8487 68.788
901 35.6129 68.731
587 35.5691 68.7204
640 35.5277 68.7104
730 35.4918 68.7017
954 35.4547 68.6927
223 35.3241 68.5322
30 35.158 68.3282
308 35.0151 68.1526
571 34.8735 67.9787
804 34.7322 67.8051
645 34.5851 67.6244
21 34.4488 67.457
267 34.3046 67.2798
171 34.1925 67.142
144 34.0731 66.9953
410 33.9068 66.7911
523 33.7401 66.5862
683 33.5536 66.3571
720 33.3586 66.1176
596 33.1886 65.9087
903 33.01 65.6893
226 32.8474 65.4895
705 32.4907 65.0512
897 32.4907 65.0512
370 32.4907 65.0512
878 31.3139 65.8915
507 30.2655 66.6401
981 29.2422 67.3707
788 29.1412 67.4978
599 29.0382 67.6274
957 28.9372 67.7544
756 28.833 67.8854
971 28.6823 68.075
574 28.5417 68.2519
591 28.4104 68.417
501 28.2789 68.5824
327 28.1442 68.7518
729 28.0149 68.9145
946 27.8619 69.107
927 27.7356 69.2659
888 27.6035 69.432
339 27.4739 69.595
526 27.4122 69.6726
16 27.3479 69.7535
604 27.288 69.8288
965 27.2297 69.9022
390 27.1676 69.9803
537 27.0965 70.0697
275 27.0334 70.1491
266 26.9719 70.2264
735 26.9168 70.2958
79 26.7861 70.4601
382 26.6325 70.6534
635 26.459 70.8716
359 26.3056 71.0645
950 26.1209 71.2969
796 25.9464 71.5164
658 25.8462 71.6424
400 25.7453 71.7694
552 25.7453 71.7694
349 25.7453 71.7694
789 25.7453 71.7694
680 25.7453 71.7694
608 26.1938 72.3897
189 26.5817 72.9262
689 25.7504 72.6291
124 24.7161 72.2594
81 23.1506 71.6998
429 22.2649 71.3833
578 21.524 71.1184
431 20.5508 70.7706
886 19.3732 70.3497
34 17.7243 69.7603
772 15.0755 68.8137
531 12.5041 67.8947
411 12.4008 67.8578
119 12.2812 67.8151
376 12.1558 67.7703
347 12.0323 67.7261
747 12.0323 67.7261
691 12.0323 67.7261
132 12.0228 67.8343
600 12.0135 67.9402
220 12.0052 68.0358
966 11.9976 68.122
427 11.9899 68.2107
601 11.9822 68.2983
589 11.9748 68.3831
607 11.9665 68.4775
255 11.9587 68.5667
703 11.9508 68.6565
799 11.9425 68.7516
398 11.9341 68.8475
524 11.9262 68.9384
970 11.9182 69.03
739 11.9101 69.1216
371 11.9022 69.2128
939 11.894 69.306
948 11.8757 69.5156
734 11.8583 69.714
879 11.8406 69.9166
764 11.8233 70.1139
131 11.8019 70.358
77 11.7798 70.6114
192 11.7568 70.8737
277 11.7326 71.1499
665 11.7085 71.4257
361 11.6841 71.7045
686 11.6606 71.9723
14 11.637 72.242
178 11.6117 72.5311
667 11.6041 72.6186
860 11.5959 72.7119
694 11.5881 72.8008
162 11.5801 72.8926
556 11.5716 72.9902
321 11.5634 73.0833
717 11.5559 73.1687
639 11.5476 73.264
445 11.5397 73.3544
381 11.5318 73.4444
482 11.5239 73.535
272 11.5154 73.632
630 11.5067 73.7309
517 11.4978 73.8335
338 11.4889 73.9349
3 11.4802 74.0345
924 11.4708 74.1413
503 11.4608 74.2556
701 11.4511 74.3665
726 11.4412 74.4798
479 11.4315 74.591
374 11.4217 74.7023
326 11.4123 74.8104
457 11.4029 74.9175
97 11.394 75.0197
500 11.3841 75.1328
728 11.374 75.2479
657 11.3645 75.3564
346 11.3548 75.4671
551 11.3451 75.5781
298 11.3357 75.6856
99 11.3264 75.7921
560 11.3119 75.9577
168 11.298 76.1166
75 11.2849 76.266
991 11.272 76.4133
944 11.2585 76.5671
736 11.2453 76.7179
759 11.2384 76.7969
88 11.2314 76.8767
825 11.2248 76.9525
443 11.2182 77.0285
113 11.2117 77.1019
890 11.2053 77.1756
224 11.1987 77.251
433 11.1915 77.3331
615 11.1844 77.4138
554 11.1776 77.4915
90 11.1708 77.5691
905 11.1642 77.6453
207 11.1579 77.7165
58 10.925 80.3737
487 10.7877 81.9414
184 10.6251 83.7979
830 10.4244 86.0881
988 10.1088 89.6903
31 10.1111 89.6901
240 10.1133 89.6899
115 10.1157 89.6896
712 10.1178 89.6894
719 10.1197 89.6893
982 10.1217 89.6891
153 10.1238 89.6889
203 10.1259 89.6886
446 10.128 89.6884
444 10.1302 89.6882
780 10.1326 89.688
916 10.1348 89.6878
244 10.137 89.6876
325 10.1389 89.6874
699 10.1409 89.6872
316 10.1428 89.687
546 10.1447 89.6868
868 10.1467 89.6866
48 10.149 89.6864
570 10.151 89.6862
426 10.153 89.686
628 10.1552 89.6858
792 10.1572 89.6856
955 10.1595 89.6854
300 10.1614 89.6852
436 10.1636 89.685
585 10.1655 89.6848
263 10.1677 89.6846
301 10.17 89.6843
750 10.1723 89.6841
815 10.1746 89.6839
695 10.177 89.6837
247 10.1789 89.6835
401 10.1808 89.6833
973 10.1831 89.6831
557 10.1852 89.6828
138 10.1873 89.6826
637 10.1893 89.6824
803 10.1914 89.6822
693 10.1937 89.682
249 10.1963 89.6818
495 10.1984 89.6816
13 10.2005 89.6814
469 10.2026 89.6811
892 10.2044 89.681
447 10.2062 89.6808
405 10.2082 89.6806
169 10.2102 89.6804
953 10.2123 89.6802
827 10.2144 89.68
106 10.2165 89.6798
108 10.2188 89.6796
364 10.2209 89.6794
1 10.2231 89.6791
914 10.2251 89.6789
39 10.2271 89.6788
213 10.2293 89.6785
183 10.4796 89.6543
678 10.6666 89.6361
200 10.8747 89.6159
969 11.0817 89.5959
380 11.3038 89.5743
711 11.5442 89.551
435 11.7858 89.5276
236 12.0735 89.4997
718 12.353 89.4725
568 12.6513 89.4436
386 12.9608 89.4136
95 13.2652 89.3841
15 13.576 89.3539
399 13.8511 89.3272
547 14.1271 89.3005
714 17.4749 88.9758
933 17.6328 88.9605
761 17.7926 88.945
227 17.9347 88.9312
859 18.0825 88.9169
776 18.2157 88.904
304 18.3477 88.8912
199 18.4946 88.8769
442 19.5767 88.772
521 20.8656 88.6469
491 21.9288 88.5438
753 23.1128 88.429
651 24.495 88.2949
454 25.9823 88.1507
253 26.2422 88.3912
960 26.5019 88.6316
550 26.5019 88.6316
93 26.5019 88.6316
360 26.5019 88.6316
50 26.5019 88.6316
462 26.5019 88.6316
17 26.555 88.623
768 26.6123 88.6137
409 26.672 88.6041
806 26.7346 88.594
773 26.7884 88.5853
808 26.838 88.5773
611 26.8856 88.5696
871 26.9347 88.5616
697 26.9919 88.5524
757 27.0485 88.5432
672 27.1065 88.5339
60 27.1622 88.5249
795 27.2146 88.5164
885 27.2643 88.5084
470 27.3212 88.4992
41 27.3726 88.4909
296 27.4262 88.4822
631 27.4748 88.4743
36 27.5287 88.4656
146 27.5879 88.4561
490 27.6371 88.4481
76 27.6888 88.4398
28 27.7396 88.4315
44 27.7923 88.423
96 27.8516 88.4134
2 27.9086 88.4042
418 27.9597 88.396
256 28.0173 88.3867
120 28.0683 88.3784
92 28.1213 88.3698
696 28.1703 88.3619
638 28.2253 88.353
833 28.2724 88.3454
306 28.3253 88.3369
20 28.3816 88.3278
167 28.4368 88.3189
430 28.4863 88.3108
456 28.5389 88.3024
610 28.5967 88.293
441 28.6511 88.2842
593 28.7113 88.2745
424 29.3722 88.1677
368 30.1283 88.0454
288 31.0163 87.9019
662 32.1872 87.7126
872 32.1872 87.7126
548 32.1872 87.7126
72 32.1872 87.7126
292 32.1872 87.7126
416 32.1872 87.7126
333 32.1872 87.7126
172 33.1183 87.7515
241 34.0713 87.7913
270 35.019 87.8308
265 35.9641 87.8702
786 36.0189 87.8725
752 36.0782 87.875
918 36.1358 87.8774
919 36.1961 87.8799
738 36.2554 87.8824
392 36.3134 87.8848
613 36.3707 87.8872
428 36.4268 87.8895
231 36.4872 87.8921
394 36.5475 87.8946
73 36.6031 87.8969
150 36.663 87.8994
230 36.7267 87.9021
974 36.7891 87.9047
763 36.8519 87.9073
343 36.9106 87.9097
649 36.9651 87.912
449 37.0209 87.9143
448 37.0754 87.9166
22 37.1305 87.9189
141 37.1859 87.9212
569 37.246 87.9237
766 37.3052 87.9262
539 37.3614 87.9285
206 37.4162 87.9308
707 37.4688 87.933
375 37.5259 87.9354
139 37.5736 87.9374
559 39.9615 88.0373
129 40.2904 88.051
271 40.6255 88.065
866 41.0341 88.0821
840 41.3932 88.0972
319 41.7968 88.114
874 42.166 88.1295
215 42.4372 88.1408
53 42.7255 88.1529
877 43.0171 88.1651
181 43.33 88.1782
614 43.6576 88.1919
807 45.4313 88.2661
118 47.7607 88.3635
179 49.2444 88.4255
344 50.5845 88.4816
40 50.5845 88.4816
23 50.5845 88.4816
62 50.5845 88.4816
896 50.5845 88.4816
367 50.5845 88.4816
434 50.5845 88.4816
980 50.5845 88.4816
746 50.5845 88.4816
851 50.5845 88.4816
5 50.5845 88.4816
437 50.6117 88.4716
642 50.6434 88.4599
193 50.672 88.4494
309 50.6991 88.4394
636 50.7646 88.4154
536 50.8221 88.3942
165 50.8786 88.3734
511 50.9431 88.3497
782 51.0098 88.3252
369 51.0675 88.3039
335 51.1197 88.2847
713 51.1657 88.2678
248 51.2219 88.2471
584 51.2771 88.2268
245 51.3324 88.2065
477 51.3875 88.1862
532 51.3941 88.1838
516 51.4016 88.181
389 51.4089 88.1783
105 51.4174 88.1752
961 51.4264 88.1719
229 51.436 88.1684
940 51.4439 88.1655
259 51.4521 88.1624
408 51.4595 88.1597
814 51.4672 88.1569
947 51.4758 88.1537
320 51.4838 88.1508
882 51.4921 88.1478
880 51.5006 88.1446
774 51.5086 88.1417
624 51.5166 88.1387
406 51.5248 88.1357
952 51.5333 88.1326
313 51.5418 88.1295
754 51.5501 88.1264
140 51.5579 88.1235
126 51.5656 88.1207
305 51.573 88.118
239 51.5809 88.1151
541 51.5894 88.1119
82 51.5983 88.1087
755 51.6081 88.1051
801 51.6193 88.101
280 51.6278 88.0978
921 51.6361 88.0948
564 51.6361 88.0948
861 51.6361 88.0948
562 51.6361 88.0948
156 51.6361 88.0948
530 51.6361 88.0948
659 51.6361 88.0948
294 51.6361 88.0948
802 52.1777 88.123
575 53.129 88.1726
202 53.9389 88.2149
816 54.7164 88.2554
992 55.4383 88.293
567 56.0176 88.3232
887 56.5328 88.3501
177 57.0644 88.3778
911 57.545 88.4028
856 58.0278 88.428
737 58.5132 88.4533
618 58.9927 88.4783
185 59.5332 88.5065
415 60.0344 88.5326
297 60.6482 88.5646
273 61.1961 88.5931
984 61.7248 88.6207
937 62.2795 88.6496
813 62.7005 88.6716
42 63.0244 88.6884
464 63.3496 88.7054
690 63.6656 88.7218
622 64.0386 88.7413
317 64.3813 88.7591
931 64.7416 88.7779
18 65.1176 88.7975
378 65.4999 88.8174
12 65.9031 88.8385
864 66.9534 88.8932
71 67.6854 88.9314
285 68.3089 88.9639
83 68.9446 88.997
251 69.5106 89.0265
395 70.0919 89.0568
465 72.5274 89.1839
983 75.3304 89.3303
817 75.3304 89.3303
52 75.3741 89.3224
893 75.423 89.3137
620 75.4637 89.3064
544 75.6148 89.2794
149 75.7808 89.2497
823 75.9755 89.2149
725 76.1993 89.1749
159 76.3864 89.1415
494 76.5668 89.1092
353 76.7422 89.0779
318 76.9274 89.0448
845 77.1327 89.0081
158 77.3611 88.9672
145 77.5935 88.9257
580 77.8631 88.8775
666 78.2496 88.8084
417 78.6596 88.7351
854 79.0843 88.6592
820 79.5683 88.5727
135 80.0603 88.4847
928 80.9481 88.326
372 86.0086 83.5032
322 85.667 83.2426
473 85.314 82.9733
528 84.9297 82.6802
332 84.6049 82.4324
660 84.565 82.402
450 84.5202 82.3678
742 84.3655 82.2596
818 84.2109 82.1515
740 84.0896 82.0666
25 83.9753 81.9866
889 83.7915 81.8581
685 83.4606 81.6266
204 82.8261 81.1828
648 82.236 80.7701
775 81.6273 80.3443
311 81.1906 80.0389
315 68.2244 70.9696
385 68.1546 70.9208
852 68.0726 70.8634
152 67.9902 70.8058
837 67.9092 70.7491
744 67.8259 70.6909
727 67.7406 70.6312
867 67.6577 70.5733
904 67.5731 70.5141
290 67.4905 70.4563
393 67.4025 70.3947
340 67.3204 70.3373
654 67.2428 70.283
650 67.1616 70.2262
68 67.0822 70.1707
383 67.0117 70.1214
481 66.7382 69.9301
975 66.3266 69.6422
900 65.8675 69.321
579 65.3537 68.9617
84 64.5396 68.3922
67 64.2434 68.185
582 63.9312 67.9667
907 63.9276 67.9486
595 63.9242 67.9321
51 63.9209 67.9162
485 63.9173 67.8984
668 63.9173 67.8984
962 63.9173 67.8984
605 63.9173 67.8984
112 63.9173 67.8984
440 63.9173 67.8984
515 63.9173 67.8984
509 63.9173 67.8984
432 63.9173 67.8984
762 63.9173 67.8984
109 63.9173 67.8984
9 63.9173 67.8984
847 63.9173 67.8984
208 63.9173 67.8984
460 63.9173 67.8984
832 63.9173 67.8984
800 63.9173 67.8984
671 63.9195 67.8373
478 63.9221 67.7681
173 63.9242 67.7099
769 63.9263 67.6506
538 63.9338 67.447
647 63.9409 67.2537
968 63.948 67.0578
625 63.9552 66.8612
282 63.9621 66.6725
964 63.9679 66.5151
110 63.9734 66.3636
987 63.9795 66.1981
238 63.9859 66.0246
286 63.9924 65.8468
35 63.9941 65.7995
617 63.9957 65.7541
468 63.9977 65.7008
810 63.9997 65.6466
161 64.0016 65.5933
592 71.0438 55.1678
195 71.1929 54.947
143 71.3082 54.7763
583 71.4189 54.6125
334 71.5325 54.4442
926 71.6563 54.261
850 71.7745 54.0861
102 71.8945 53.9084
920 72.0243 53.7163
117 72.1359 53.5511
190 72.2506 53.3813
942 72.3776 53.1933
606 72.5232 52.9777
609 72.5232 52.9777
29 72.5232 52.9777
232 72.5232 52.9777
201 72.5232 52.9777
656 72.9375 52.7176
420 73.3765 52.442
767 73.89 52.1196
745 74.5041 51.7341
323 74.5041 51.7341
941 74.8174 51.6869
466 75.1434 51.6378
670 75.4629 51.5896
553 75.7888 51.5405
70 76.1244 51.49
684 78.8268 51.0829
242 79.5259 50.9776
977 80.1611 50.8819
274 80.7456 50.7938
170 81.3762 50.6988
107 81.8247 50.6313
967 82.1537 50.5817
838 82.5348 50.5243
951 82.9175 50.4667
198 83.2731 50.4131
425 83.6173 50.3613
932 84.0204 50.3005
136 84.4669 50.2333
884 84.8954 50.1687
387 85.2859 50.1099
506 85.741 50.0414
835 86.1653 49.9774
497 86.6367 49.9064
98 86.4815 36.292
590 86.4565 34.0976
520 86.4321 31.9535
33 86.3962 28.8091
345 86.3272 22.7481
979 86.2854 19.0874
243 86.2756 18.2254
483 86.2684 17.5916
260 86.2684 17.5916
627 85.3902 17.9291
