0,260,627,483,243,345,979,98,835,590,33,520,838,932,967,425,242,951,107,136,977,684,497,506,170,884,198,920,387,274,334,314,478,942,70,670,850,232,592,357,675,644,606,323,420,195,767,485,117,842,143,466,29,553,583,926,102,190,941,745,609,656,396,875,69,63,85,293,930,538,210,577,356,810,188,286,793,262,623,519,19,186,492,276,978,923,66,512,45,358,821,844,935,217,594,681,55,250,209,355,458,377,828,634,865,906,421,781,751,27,785,870,289,164,555,586,43,716,945,197,472,843,790,194,692,7,480,522,257,853,508,342,180,834,452,848,191,155,778,49,566,147,302,160,917,862,278,688,388,11,438,397,811,664,205,612,37,949,142,655,486,510,269,32,324,535,748,876,679,529,783,38,687,603,413,619,525,151,549,543,475,706,414,913,989,633,723,908,691,587,137,645,903,846,233,640,21,571,493,788,929,735,891,591,765,729,382,349,957,89,34,733,545,981,956,897,237,756,390,451,501,359,104,54,809,965,132,327,56,267,574,901,275,720,599,134,175,79,59,370,552,266,730,971,507,658,124,804,662,454,189,226,689,144,540,252,270,878,365,404,101,281,471,461,264,779,732,80,459,171,533,715,163,291,683,676,523,308,839,225,912,127,498,922,30,597,621,596,558,235,910,617,513,807,350,976,410,216,855,724,576,582,84,91,894,614,563,294,769,515,509,484,94,647,798,782,857,632,964,9,832,847,625,921,968,109,762,440,800,668,35,743,208,112,987,238,907,315,432,986,161,282,791,453,468,68,126,12,605,801,71,201,727,383,904,393,650,671,290,975,110,51,460,962,152,837,83,867,67,654,18,744,340,579,595,481,173,852,900,385,297,528,775,450,685,417,204,25,660,311,332,372,889,473,742,135,740,864,725,648,983,820,928,854,149,251,159,817,353,937,813,622,893,580,145,158,845,318,494,322,818,465,52,544,823,666,285,273,992,464,185,620,259,317,880,567,984,378,395,42,911,229,118,816,856,584,202,690,851,313,140,415,947,40,335,239,344,62,541,320,940,896,931,575,659,280,369,177,895,511,887,636,737,618,754,536,624,980,434,23,961,774,861,755,193,826,248,319,882,105,952,516,156,746,477,245,5,564,802,241,406,343,561,840,449,814,642,389,179,165,530,562,82,713,408,532,367,874,271,960,569,265,292,416,763,2,437,181,375,150,231,539,141,866,309,305,559,129,877,53,215,206,766,761,72,548,172,786,394,738,872,752,707,428,613,392,918,773,230,974,22,448,649,885,672,139,933,146,806,470,223,638,73,296,757,490,424,44,36,859,919,768,808,92,306,456,183,288,833,120,96,631,28,409,368,441,20,611,954,16,41,60,886,418,593,521,430,610,696,167,871,491,753,76,795,256,608,714,50,360,651,253,578,58,462,697,88,300,759,13,988,585,436,712,678,200,969,380,711,435,236,718,227,15,401,247,695,815,304,776,750,199,95,386,547,153,115,469,973,557,138,637,803,693,249,495,213,560,892,447,405,169,953,827,106,108,364,1,914,39,263,203,982,568,444,93,90,830,240,17,944,433,442,916,792,554,868,399,301,426,628,719,736,780,546,48,570,905,890,615,431,955,178,699,31,244,316,446,75,550,927,604,635,326,789,537,950,333,398,946,130,443,526,686,888,99,796,113,717,298,325,948,207,400,272,219,445,728,639,667,374,556,479,701,321,825,338,429,346,361,411,457,760,879,703,277,255,77,991,694,524,376,14,966,234,339,726,517,371,224,665,784,3,939,329,220,551,487,482,503,860,600,924,184,81,772,680,500,427,347,168,607,502,739,747,119,657,970,131,192,162,734,381,531,630,97,799,764,279,422,114,601,705,78,46,534,652,841,157,214,116,100,698,391,938,148,352,222,196,496,336,228,542,154,303,849,925,771,283,47,749,936,182,312,505,341,663,863,57,122,565,527,166,589,972,805,708,958,328,174,463,489,677,858,476,758,990,616,700,770,797,731,403,125,128,218,123,499,212,10,423,909,373,384,330,65,354,121,869,221,474,661,86,74,899,673,258,4,794,915,829,836,572,710,268,985,87,514,602,133,943,898,362,812,412,722,187,674,741,211,963,881,402,61,588,366,299,629,8,331,646,455,682,902,641,488,348,254,407,702,307,439,824,379,669,787,709,64,643,351,284,626,363,653,287,246,261,310,883,467,26,934,111,822,573,337,704,518,419,6,873,24,103,598,721,176,819,959,831,504,777,581,295,
value : 418.734 running time : 601.491204
0 80 20
260 86.2374 17.5982
627 86.2567 17.5973
483 86.2736 17.5964
243 86.2902 18.2204
345 86.3133 19.0886
979 86.3357 19.9268
98 86.5194 26.866
835 86.6449 31.5979
590 86.7118 34.1181
33 86.7811 36.7258
520 86.865 39.8864
838 86.9741 43.9974
932 87.0138 45.4899
967 87.0375 46.3805
425 87.0528 46.9556
242 87.0663 47.459
951 87.0776 47.8823
107 87.0886 48.2947
136 87.0985 48.6663
977 87.1083 49.0341
684 87.114 49.2461
497 87.1174 49.3745
506 85.921 49.3923
170 84.5725 49.4125
884 83.0037 49.436
198 81.2489 49.4623
920 79.352 49.4907
387 77.4518 49.5192
274 75.399 49.5499
334 73.0912 49.5846
314 70.241 49.6277
478 68.4138 49.655
942 68.4138 49.655
70 68.4138 49.655
670 68.4138 49.655
850 68.4138 49.655
232 68.4138 49.655
592 68.4138 49.655
357 68.4138 49.655
675 68.4138 49.655
644 68.4138 49.655
606 68.4138 49.655
323 68.4138 49.655
420 68.4138 49.655
195 68.4138 49.655
767 68.4138 49.655
485 68.4138 49.655
117 68.4138 49.655
842 68.4138 49.655
143 68.4138 49.655
466 68.4138 49.655
29 68.4138 49.655
553 68.4138 49.655
583 68.4138 49.655
926 68.4138 49.655
102 68.4138 49.655
190 68.4138 49.655
941 68.4138 49.655
745 68.4138 49.655
609 67.3424 49.5755
656 65.566 49.4438
396 62.9297 49.248
875 60.6566 49.0792
69 58.9561 48.953
63 58.2348 48.8996
85 57.5898 48.8518
293 56.967 48.8057
930 56.2867 48.7553
538 55.6214 48.706
210 52.9954 48.511
577 52.6662 48.4866
356 52.329 48.4617
810 52.9745 49.1895
188 52.9818 48.8934
286 52.9895 48.5787
793 52.999 48.1928
262 53.011 47.7068
623 53.0232 47.2117
519 53.0358 46.6975
19 53.0506 46.0968
186 53.0574 45.8232
492 53.0657 45.4829
276 53.0746 45.1239
978 53.0833 44.771
923 53.0914 44.4418
66 53.1146 43.4997
512 53.1343 42.6965
45 53.1755 41.0235
358 53.1945 40.2521
821 53.2119 39.5445
844 53.0032 39.4878
935 52.8118 39.4357
217 52.6528 39.3925
594 52.4804 39.3456
681 52.2962 39.2955
55 52.1133 39.2458
250 51.9215 39.1936
209 51.7559 39.1486
355 51.6086 39.1085
458 51.4525 39.0661
377 51.2952 39.0233
828 51.1264 38.9774
634 50.9458 38.9283
865 50.7426 38.8731
906 50.559 38.8231
421 50.3702 38.7718
781 50.2102 38.7283
751 49.9226 38.6501
27 49.6281 38.57
785 49.2999 38.4808
870 48.9826 38.3945
289 48.6276 38.298
164 48.6276 38.298
555 48.4793 38.3387
586 48.3043 38.3866
43 48.1657 38.4246
716 47.4554 38.6194
945 46.7187 38.8214
197 46.1443 38.9788
472 45.5403 39.1444
843 44.9528 39.3055
790 44.2003 39.5118
194 43.5033 39.7029
692 42.8738 39.8755
7 42.2848 40.037
480 41.7941 40.1715
522 41.317 40.3024
257 40.9011 40.4164
853 40.4491 40.5403
508 39.9784 40.6694
342 39.7613 40.7289
180 39.5114 40.7974
834 39.2807 40.8606
452 39.0375 40.9273
848 38.7804 40.9978
191 38.4922 41.0768
155 38.2 41.1569
778 37.8779 41.2453
49 37.6171 41.3168
566 37.3768 41.3826
147 37.1166 41.454
302 36.9099 41.5106
160 36.7407 41.557
917 36.0867 41.7364
862 35.3451 41.9397
278 34.4443 42.1867
688 33.5937 42.4198
388 33.0966 42.5561
11 32.6333 42.6832
438 32.2054 42.8005
397 31.8234 42.9052
811 31.4788 42.9997
664 31.1169 43.0989
205 30.75 43.1995
612 30.4859 43.2719
37 30.2445 43.3381
949 30.0026 43.4044
142 30.0026 43.4044
655 30.0026 43.4044
486 30.0026 43.4044
510 29.9495 44.4663
269 29.9468 44.5206
32 29.9443 44.5707
324 29.9405 44.6461
535 29.9374 44.7081
748 29.9343 44.7711
876 29.9311 44.8355
679 29.9281 44.8955
529 29.9249 44.9595
783 29.9212 45.0326
38 29.9177 45.1036
687 29.9141 45.1744
603 29.9103 45.2507
413 29.9069 45.3183
619 29.9036 45.3847
525 29.9003 45.4512
151 29.8971 45.5154
549 29.8937 45.5828
543 29.8649 46.1602
475 29.8383 46.6916
706 29.8122 47.2141
414 29.7829 47.8009
913 29.749 48.4795
989 29.7174 49.1124
633 29.6668 50.1245
723 29.6209 51.0429
908 29.5284 52.8949
691 29.3857 55.7506
587 29.599 56.5462
137 29.6876 56.8765
645 29.7683 57.1778
903 29.8414 57.4506
846 29.9079 57.6986
233 29.9689 57.926
640 30.0358 58.1756
21 30.1048 58.433
571 30.1569 58.6277
493 30.1897 58.7498
788 30.2232 58.8749
929 30.2562 58.9982
735 30.2899 59.1236
891 30.3249 59.2542
591 30.3641 59.4004
765 30.3902 59.4978
729 30.4149 59.5902
382 30.4408 59.6868
349 30.4671 59.7848
957 30.4924 59.8791
89 30.5172 59.9716
34 30.5435 60.0697
733 30.5702 60.1693
545 30.5955 60.2638
981 30.6226 60.3648
956 30.6504 60.4685
897 30.6843 60.5951
237 30.7166 60.7155
756 30.7523 60.8489
390 30.7904 60.991
451 30.8257 61.1225
501 30.864 61.2655
359 30.8992 61.3969
104 30.9325 61.5212
54 30.9661 61.6464
809 30.9991 61.7696
965 31.0334 61.8974
132 31.0664 62.0208
327 31.2808 62.4132
56 31.4782 62.7744
267 31.6455 63.0807
574 31.839 63.4348
901 31.995 63.7204
275 32.1725 64.0453
720 32.3868 64.4374
599 32.6167 64.8583
134 32.8815 65.3429
175 32.8815 65.3429
79 32.8815 65.3429
59 32.8815 65.3429
370 32.8815 65.3429
552 32.6954 66.4739
266 32.6182 66.9431
730 32.5615 67.2873
971 32.5122 67.5869
507 32.4633 67.8841
658 32.379 68.3963
124 32.592 68.4116
804 32.8056 68.427
662 32.9927 68.4404
454 33.1755 68.4536
189 33.3594 68.4668
226 33.8823 68.1492
689 34.4237 67.8204
144 34.9794 67.483
540 35.5167 67.1567
252 36.0608 66.8263
270 36.6503 66.4683
878 37.4374 65.9904
365 38.2484 65.498
404 39.0558 65.0078
101 39.8853 64.5042
281 39.8853 64.5042
471 39.8853 64.5042
461 39.8853 64.5042
264 39.9093 64.5261
779 39.9332 64.548
732 39.9568 64.5696
80 39.9806 64.5913
459 40.0042 64.6129
171 40.0277 64.6344
533 40.0512 64.6559
715 40.0749 64.6775
163 40.0985 64.6991
291 40.122 64.7206
683 40.1456 64.7421
676 40.1691 64.7637
523 40.1926 64.7851
308 40.216 64.8066
839 40.2394 64.8279
225 40.263 64.8495
912 40.2863 64.8709
127 40.3098 64.8923
498 40.3389 64.9189
922 40.582 65.1638
30 40.9036 65.4877
597 41.2738 65.8606
621 41.7115 66.3015
596 42.2425 66.8363
558 42.8477 67.4459
235 43.4567 68.0593
910 44.0198 68.6265
617 44.648 69.2593
513 45.181 69.7962
807 45.6549 70.2735
350 45.778 70.2794
976 45.904 70.2854
410 46.0367 70.2918
216 46.1737 70.2983
855 46.2998 70.3044
724 46.4197 70.3101
576 46.557 70.3167
582 46.7179 70.3244
84 46.8649 70.3314
91 46.9939 70.3376
894 47.1185 70.3436
614 47.2461 70.3497
563 47.9686 70.3844
294 48.6932 70.4191
769 50.0134 70.4825
515 51.1357 70.5363
509 51.8291 70.5696
484 52.2421 70.5894
94 52.732 70.6129
647 53.2238 70.6365
798 53.3077 70.6405
782 53.3974 70.6448
857 53.4889 70.6492
632 53.5822 70.6536
964 53.6779 70.6582
9 53.7707 70.6627
832 53.863 70.6671
847 53.9526 70.6714
625 54.0363 70.6754
921 54.1184 70.6793
968 54.2052 70.6835
109 54.2938 70.6877
762 54.3843 70.692
440 54.4718 70.6962
800 54.5559 70.7003
668 54.6422 70.7044
35 54.7237 70.7083
743 54.8629 70.7496
208 55.0179 70.7957
112 55.1694 70.8407
987 55.3222 70.8861
238 55.4685 70.9296
907 55.6075 70.9709
315 55.7137 71.0024
432 55.8194 71.0338
986 55.9235 71.0647
161 56.035 71.0978
282 56.1532 71.133
791 56.2756 71.1693
453 56.4035 71.2073
468 56.5407 71.2481
68 56.683 71.2904
126 56.7814 71.3196
12 59.2058 72.0401
605 61.4407 72.6192
801 64.278 73.3544
71 67.5157 74.1932
201 70.0603 74.8526
727 70.0603 74.8526
383 70.0603 74.8526
904 70.0603 74.8526
393 70.0603 74.8526
650 70.0603 74.8526
671 70.0603 74.8526
290 70.0817 74.8638
975 70.1025 74.8747
110 70.1223 74.885
51 70.1421 74.8953
460 70.1614 74.9054
962 70.1823 74.9164
152 70.203 74.9272
837 70.2238 74.938
83 70.2441 74.9486
867 70.2632 74.9586
67 70.2826 74.9687
654 70.3036 74.9797
18 70.3244 74.9906
744 70.3453 75.0015
340 70.3653 75.0119
579 70.3875 75.0235
595 70.4077 75.0341
481 70.8131 75.2458
173 71.2032 75.4496
852 71.7461 75.7331
900 72.6074 76.183
385 73.5548 76.6777
297 74.4288 77.1342
528 77.6943 78.8393
775 79.9273 80.0053
450 84.7037 82.4992
685 84.7037 82.4992
417 84.7037 82.4993
204 84.7037 82.4993
25 84.7037 82.4993
660 84.7037 82.4993
311 84.7037 82.4993
332 84.7037 82.4993
372 86.0094 83.517
889 84.8298 84.67
473 83.6124 85.86
742 82.3733 87.0711
135 81.232 88.1867
740 81.232 88.1867
864 81.232 88.1867
725 81.232 88.1867
648 81.232 88.1868
983 81.232 88.1868
820 81.232 88.1868
928 81.232 88.1868
854 78.094 88.2707
149 75.6271 88.3367
251 75.2641 88.3464
159 74.9363 88.3552
817 74.6048 88.3641
353 74.5986 88.3643
937 74.5924 88.3645
813 74.5864 88.3646
622 74.5801 88.3648
893 74.5747 88.3649
580 74.5683 88.3651
145 74.5617 88.3653
158 74.5556 88.3654
845 74.5494 88.3656
318 74.5437 88.3658
494 74.5384 88.3659
322 74.533 88.366
818 73.4752 88.3944
465 72.3508 88.4245
52 71.2849 88.453
544 70.426 88.476
823 69.6298 88.4973
666 68.8517 88.5182
285 68.0087 88.5408
273 67.1348 88.5642
992 66.318 88.5861
464 65.5697 88.6061
185 64.8402 88.6257
620 64.1757 88.6435
259 63.4417 88.6632
317 62.861 88.6788
880 62.2915 88.694
567 61.9334 88.7036
984 61.5721 88.7134
378 61.2115 88.723
395 60.8416 88.733
42 60.4595 88.7432
911 60.0509 88.7542
229 59.6767 88.7643
118 59.3122 88.774
816 58.9599 88.7835
856 58.6028 88.7931
584 58.2564 88.8024
202 57.9126 88.8116
690 57.5682 88.8209
851 57.2259 88.8301
313 56.8967 88.8389
140 56.5755 88.8475
415 56.269 88.8558
947 55.9696 88.8638
40 55.6824 88.8715
335 55.397 88.8792
239 55.0996 88.8872
344 54.8864 88.8929
62 54.6735 88.8987
541 54.4612 88.9044
320 54.3664 88.9069
940 54.274 88.9094
896 54.1821 88.9119
931 54.0927 88.9143
575 53.9919 88.917
659 53.8847 88.9199
280 53.7909 88.9224
369 53.6964 88.925
177 53.5991 88.9276
895 53.4916 88.9305
511 53.392 88.9332
887 53.2976 88.9357
636 53.1989 88.9384
737 53.105 88.9409
618 53.0057 88.9436
754 52.907 88.9462
536 52.8058 88.949
624 52.7089 88.9516
980 52.6126 88.9542
434 52.5131 88.9569
23 52.4144 88.9595
961 52.3135 88.9622
774 52.2216 88.9647
861 52.1292 88.9672
755 52.0334 88.9698
193 51.9699 88.9715
826 51.9094 88.9731
248 51.8489 88.9748
319 51.7935 88.9762
882 51.7403 88.9777
105 51.6843 88.9792
952 51.6314 88.9806
516 51.5759 88.9821
156 51.5211 88.9836
746 51.4684 88.985
477 51.4183 88.9864
245 50.6797 89.0062
5 49.9187 89.0266
564 49.4449 89.0393
802 49.0454 89.05
241 48.2563 89.0712
406 47.8555 89.0819
343 47.4381 89.0931
561 47.0237 89.1043
840 46.6568 89.1141
449 46.4104 89.1207
814 46.1737 89.1271
642 45.9344 89.1335
389 45.6901 89.1401
179 45.4515 89.1465
165 45.1926 89.1535
530 44.9304 89.1605
562 44.6642 89.1677
82 44.4042 89.1747
713 44.1492 89.1815
408 43.8859 89.1886
532 43.6123 89.196
367 43.2919 89.2046
874 41.6176 89.2494
271 39.5423 89.3048
960 37.9683 89.3469
569 37.9166 89.3483
265 37.8635 89.3498
292 37.8118 89.3511
416 37.7594 89.3526
763 37.7061 89.354
2 37.6492 89.3555
437 37.5966 89.3569
181 37.5433 89.3584
375 37.4895 89.3598
150 37.4291 89.3615
231 37.3743 89.3629
539 37.3215 89.3644
141 37.2649 89.3659
866 37.213 89.3673
309 37.1576 89.3688
305 37.1032 89.3703
559 37.0445 89.3718
129 36.8412 89.3773
877 36.6337 89.3829
53 36.4286 89.3884
215 36.2197 89.394
206 35.9949 89.4001
766 35.7524 89.4066
761 35.4671 89.4143
72 35.2759 89.4194
548 35.0821 89.4246
172 34.8849 89.4299
786 34.6815 89.4354
394 34.4927 89.4405
738 34.2941 89.4458
872 34.0913 89.4513
752 33.9139 89.4561
707 33.7306 89.461
428 33.5431 89.466
613 33.367 89.4708
392 33.1852 89.4757
918 32.9984 89.4807
773 32.8174 89.4856
230 32.6413 89.4903
974 32.4596 89.4952
22 32.2427 89.501
448 32.0178 89.5071
649 31.7758 89.5136
885 31.4724 89.5217
672 31.2058 89.5289
139 30.9386 89.5361
933 29.6228 89.5713
146 29.5076 89.5744
806 29.3843 89.5777
470 29.2551 89.5812
223 29.1231 89.5848
638 28.9836 89.5885
73 28.8401 89.5924
296 28.6987 89.5962
757 28.5533 89.6001
490 28.4138 89.6039
424 28.2765 89.6076
44 28.1452 89.6111
36 28.0188 89.6145
859 27.8939 89.6179
919 27.7727 89.6211
768 27.6399 89.6247
808 27.5203 89.6279
92 27.3952 89.6313
306 27.2602 89.6349
456 27.1288 89.6385
183 27.0054 89.6418
288 26.8884 89.6449
833 26.7748 89.648
120 26.6661 89.6509
96 26.5524 89.654
631 26.4334 89.6572
28 26.3153 89.6604
409 26.1961 89.6636
368 26.0783 89.6668
441 25.9637 89.6699
20 25.8554 89.6728
611 25.7438 89.6758
954 25.6337 89.6788
16 25.507 89.6822
41 25.3705 89.6858
60 25.2352 89.6895
886 25.0738 89.6938
418 24.9352 89.6976
593 24.7951 89.7013
521 24.6606 89.705
430 24.5293 89.7085
610 24.3973 89.712
696 24.2633 89.7157
167 24.1296 89.7193
871 23.9853 89.7231
491 23.8489 89.7268
753 23.7174 89.7304
76 23.5931 89.7337
795 23.4657 89.7371
256 23.3263 89.7409
608 22.9004 89.7523
714 22.488 89.7634
50 22.09 89.7741
360 21.699 89.7846
651 21.3292 89.7945
253 20.9565 89.8045
578 20.5215 89.8162
58 20.0387 89.8292
462 19.5525 89.8422
697 19.0951 89.8545
88 15.4822 89.9508
300 11.0473 90.069
759 10.836 90.0747
13 10.677 90.079
988 10.4885 90.0841
585 10.4886 90.0827
436 10.4888 90.0811
712 10.4889 90.0798
678 10.489 90.0786
200 10.4892 90.0773
969 10.4893 90.0759
380 10.4895 90.0746
711 10.4896 90.0732
435 10.4898 90.0718
236 10.49 90.0702
718 10.4901 90.0686
227 10.4903 90.0671
15 10.4905 90.0654
401 10.4907 90.0636
247 10.4909 90.0618
695 10.4911 90.0599
815 10.4912 90.0583
304 10.4914 90.0567
776 10.4916 90.0551
750 10.4918 90.0536
199 10.492 90.0517
95 10.4922 90.0498
386 10.4923 90.0481
547 10.4925 90.0464
153 10.4927 90.0446
115 10.4929 90.0428
469 10.4931 90.0409
973 10.4933 90.0394
557 10.4935 90.0378
138 10.4936 90.0362
637 10.4938 90.0346
803 10.494 90.0329
693 10.4942 90.0311
249 10.4944 90.0292
495 10.4946 90.0276
213 10.4947 90.0263
560 10.5152 89.8376
892 10.5302 89.6991
447 10.5447 89.5648
405 10.5593 89.4297
169 10.5746 89.2889
953 10.5893 89.1529
827 10.6041 89.0166
106 10.6201 88.8686
108 10.6369 88.7137
364 10.6534 88.561
1 10.67 88.4077
914 10.6868 88.2529
39 10.7038 88.0963
263 10.7221 87.9276
203 10.7403 87.7589
982 10.758 87.5961
568 10.7757 87.4327
444 10.7939 87.2646
93 10.8118 87.0993
90 10.8301 86.9307
830 10.8429 86.8119
240 10.8507 86.7399
17 10.8583 86.6698
944 10.8666 86.5935
433 10.8742 86.5233
442 10.8813 86.4581
916 10.8888 86.3888
792 10.8964 86.3182
554 10.9039 86.2489
868 10.9039 86.2489
399 11.0163 86.0401
301 11.1264 85.8357
426 11.241 85.6228
628 11.3565 85.4084
719 11.4734 85.1911
736 11.5944 84.9664
780 11.7206 84.732
546 11.8424 84.5058
48 11.9648 84.2784
570 12.0856 84.0542
905 12.2083 83.8263
890 12.3334 83.5938
615 12.4587 83.3612
431 12.5873 83.1223
955 12.7067 82.9005
178 12.8259 82.6791
699 12.9516 82.4457
31 13.0817 82.2041
244 13.2129 81.9603
316 13.3428 81.7191
446 13.4794 81.4654
75 13.631 81.1839
550 15.0214 78.6035
927 16.0842 76.6309
604 16.4781 75.8996
635 16.3125 75.6801
326 16.1453 75.4583
789 15.9708 75.2269
537 15.7967 74.996
950 15.6208 74.7627
333 15.4391 74.5219
398 15.2575 74.281
946 15.0607 74.0202
130 14.8726 73.7707
443 14.6685 73.5001
526 14.4748 73.2433
686 14.2785 72.983
888 14.0722 72.7094
99 13.8706 72.4422
796 13.6647 72.169
113 13.4636 71.9024
717 13.2623 71.6356
298 13.0646 71.3734
325 12.8781 71.1261
948 12.231 70.2688
207 11.5587 69.3782
400 11.5587 69.3782
272 11.5587 69.3782
219 11.5587 69.3782
445 11.5587 69.3782
728 11.5587 69.3781
639 11.5587 69.3781
667 11.5587 69.3781
374 11.5587 69.3781
556 11.5587 69.3781
479 11.5587 69.3781
701 11.5587 69.3781
321 11.5587 69.3781
825 11.5587 69.3781
338 11.5587 69.3781
429 11.5587 69.3781
346 11.5587 69.3781
361 11.5587 69.378
411 11.5587 69.378
457 11.5587 69.378
760 11.5587 69.378
879 11.5587 69.378
703 11.5587 69.378
277 11.5587 69.378
255 11.5587 69.378
77 11.5587 69.378
991 11.5587 69.378
694 11.5587 69.378
524 11.5587 69.378
376 11.5587 69.3779
14 11.5587 69.3779
966 11.5587 69.3779
234 11.5587 69.3779
339 11.5587 69.3779
726 11.5587 69.3779
517 11.5587 69.3779
371 11.5587 69.3779
224 11.5587 69.3779
665 11.5587 69.3779
784 11.5587 69.3779
3 11.5587 69.3779
939 11.5587 69.3779
329 11.5587 69.3778
220 11.5587 69.3778
551 11.5587 69.3778
487 11.5587 69.3778
482 11.5587 69.3778
503 11.5587 69.3778
860 11.5587 69.3778
600 11.5587 69.3778
924 11.5587 69.3778
184 11.5587 69.3778
81 11.5536 69.146
772 11.5483 68.9064
680 11.5426 68.652
500 11.5371 68.4004
427 11.5317 68.1557
347 11.5264 67.9175
168 11.5219 67.7147
607 11.5148 67.3932
502 11.5075 67.0648
739 11.5004 66.7465
747 11.4931 66.4192
119 11.4854 66.0728
657 11.4779 65.7315
970 11.4706 65.404
131 11.4632 65.0714
192 11.4555 64.7271
162 11.4476 64.3704
734 11.4399 64.0241
381 11.4321 63.6752
531 11.4224 63.2393
630 11.4118 62.7614
97 11.4016 62.3052
799 11.3917 61.8625
764 11.3809 61.3775
279 11.3706 60.917
422 11.3607 60.4728
114 11.3512 60.0463
601 11.3421 59.6393
705 11.2983 57.7135
78 11.0062 50.2184
46 11.0059 50.2111
534 11.0056 50.2038
652 11.0053 50.1964
841 11.005 50.1892
157 11.0048 50.1822
214 11.0045 50.1751
116 11.0042 50.1673
100 11.0039 50.1597
698 11.0036 50.1519
391 11.0033 50.144
938 11.003 50.1364
148 11.0027 50.1284
352 11.0024 50.1214
222 11.0021 50.1141
196 11.0019 50.1072
496 11.0015 50.0989
336 11.0013 50.0915
228 11.0009 50.0834
542 11.0007 50.0763
154 11.0004 50.069
303 11.0001 50.0622
849 10.9998 50.0551
925 10.9995 50.0473
771 10.9992 50.0382
283 10.9989 50.03
47 10.9989 50.03
749 10.9989 50.03
936 10.9989 50.03
182 10.9989 50.03
312 10.9989 50.03
505 10.9989 50.03
341 10.9989 50.03
663 10.9989 50.03
863 10.9989 50.03
57 10.9989 50.03
122 10.9989 50.03
565 11.0011 49.6291
527 11.0034 49.224
166 11.0057 48.8063
589 11.0082 48.3569
972 11.0117 47.7549
805 11.0153 47.1248
708 11.019 46.4702
958 11.0235 45.6945
328 11.0283 44.8598
174 11.0283 44.8598
463 11.0283 44.8598
489 11.0283 44.8598
677 11.0283 44.8598
858 11.0414 44.8253
476 11.0546 44.7906
758 11.0668 44.7581
990 11.0796 44.7245
616 11.0918 44.6922
700 11.1041 44.6597
770 11.1156 44.6293
797 11.1273 44.5986
731 11.139 44.5675
403 11.1511 44.5357
125 11.1624 44.5057
128 11.1719 44.4806
218 11.1823 44.4533
123 11.3514 44.0066
499 11.5163 43.571
212 11.7458 42.9648
10 11.9742 42.3614
423 12.1828 41.8105
909 12.385 41.2763
373 12.6359 40.6135
384 12.9976 39.6581
330 13.3882 38.6263
65 14.4388 35.8503
354 15.2649 33.6674
121 15.3479 33.4481
869 15.4286 33.2351
221 15.3911 33.1339
474 14.3766 31.1492
661 13.6486 29.7252
86 12.9877 28.4323
74 12.9773 28.412
899 12.9677 28.3932
673 12.9571 28.3724
258 12.9465 28.3519
4 12.9366 28.3324
794 12.9271 28.3138
915 12.9183 28.2967
829 12.8626 28.1877
836 12.7995 28.0645
572 12.7355 27.9394
710 12.6734 27.8178
268 12.6123 27.6984
985 12.5503 27.5772
87 12.487 27.4535
514 12.4216 27.3257
602 12.3598 27.2048
133 12.2885 27.0654
943 12.219 26.9294
898 12.1432 26.7813
362 12.3417 19.7659
812 12.4707 15.2067
412 12.4707 15.2067
722 12.4707 15.2067
187 12.4707 15.2067
674 12.4707 15.2067
741 12.4707 15.2067
211 12.4707 15.2067
963 12.4707 15.2067
881 12.4707 15.2067
402 12.4707 15.2067
61 12.4707 15.2067
588 12.4707 15.2067
366 12.4707 15.2067
299 12.4707 15.2067
629 12.6868 15.2193
8 12.9149 15.2325
331 13.1058 15.2436
646 13.3189 15.256
455 13.5649 15.2703
682 14.8885 15.3469
902 16.7583 15.4552
641 18.1797 15.5375
488 19.5138 15.6148
348 20.9587 15.6985
254 23.4884 15.8449
407 26.2664 16.0057
702 27.2915 16.0651
307 28.4091 16.1299
439 29.4919 16.1926
824 30.7807 16.2673
379 32.5259 16.3684
669 32.7252 16.38
787 32.9355 16.3922
709 33.2046 16.4078
64 33.4862 16.4242
643 33.7804 16.4413
351 34.1474 16.4626
284 34.53 16.4848
626 35.0664 16.5159
363 35.6406 16.5492
653 36.2301 16.5834
287 36.7195 16.6118
246 37.2079 16.6401
261 37.9606 16.6838
310 38.6725 16.7251
883 39.3946 16.767
467 40.1669 16.8118
26 40.5688 16.7963
934 40.9807 16.7804
111 41.3675 16.7655
822 41.7994 16.7488
573 42.4491 16.7238
337 43.2071 16.6946
704 44.0649 16.6615
518 45.4196 16.6093
419 50.9149 16.3977
6 56.8639 16.1686
873 56.9703 16.1645
24 60.2747 16.0372
103 62.148 15.9651
598 63.0134 16.1607
721 63.7261 16.3218
176 64.1042 16.4073
819 64.4791 16.492
959 64.8666 16.5797
831 65.2542 16.6673
504 66.4604 16.9399
777 67.5781 17.1926
581 69.2263 17.5651
295 71.8462 18.1573
