0,721,24,819,103,295,777,831,959,581,176,598,504,6,164,289,586,555,873,419,467,518,709,822,246,307,626,643,702,284,261,787,439,278,653,669,379,883,111,310,221,287,337,934,573,824,834,26,160,407,915,351,363,704,64,836,8,682,674,412,187,366,963,629,348,588,741,362,646,488,722,61,881,402,211,254,812,354,121,902,331,455,474,829,602,86,4,794,133,943,673,258,514,641,74,899,299,283,268,710,661,898,572,125,65,78,486,770,797,731,958,174,700,32,341,87,616,328,863,985,10,128,330,990,758,384,373,909,499,148,422,142,218,691,279,391,489,463,771,222,565,938,47,423,154,505,749,936,542,57,698,805,303,166,972,708,196,534,476,312,677,858,123,46,212,228,652,157,841,949,496,116,100,352,336,182,214,849,925,663,527,122,272,429,482,503,860,398,427,119,772,551,726,601,114,630,3,234,361,556,701,479,411,948,347,600,796,371,739,734,162,747,381,970,192,607,657,500,665,338,667,487,686,639,531,457,635,897,207,825,589,784,224,879,703,277,255,77,991,694,376,14,966,799,339,517,939,760,764,219,445,946,130,560,680,524,554,81,431,886,502,658,132,75,443,97,346,113,168,728,275,326,950,131,717,220,298,316,890,546,526,888,924,400,90,95,321,759,374,240,830,905,868,446,447,892,48,693,803,557,401,695,815,585,436,300,955,792,426,570,547,969,386,213,304,944,444,718,699,712,115,719,301,982,827,711,39,988,183,399,13,199,973,178,780,31,325,433,628,750,380,435,462,637,247,568,200,678,914,1,364,108,106,953,169,405,495,138,249,203,236,736,615,88,263,360,916,153,761,227,441,296,60,933,17,786,578,776,442,15,714,795,885,368,253,651,593,833,430,768,58,608,244,696,550,521,672,44,491,16,806,918,424,184,469,333,93,697,120,960,141,490,288,167,707,73,76,638,631,611,36,757,871,50,20,808,610,28,454,954,753,537,456,409,859,41,92,230,146,872,604,689,124,306,418,139,150,96,271,428,319,270,223,292,548,2,763,614,569,343,649,305,448,256,766,814,231,713,172,449,181,309,294,807,129,53,265,22,919,738,392,773,539,561,206,72,394,530,215,189,874,752,840,974,241,470,437,559,613,877,866,5,416,564,562,389,961,239,82,248,62,882,156,245,434,367,887,624,375,105,369,856,12,229,802,165,280,118,23,826,511,816,895,861,755,880,541,408,746,532,980,659,754,415,618,984,320,335,406,40,636,774,952,516,642,940,992,947,179,737,575,344,911,567,140,313,477,896,202,584,126,536,851,259,690,563,193,931,158,666,318,823,620,185,317,395,622,177,42,937,464,251,273,52,817,378,145,149,845,353,494,544,854,135,742,818,864,580,465,285,983,775,417,928,820,813,322,893,159,372,740,660,528,725,311,473,204,685,889,25,450,648,332,385,962,340,173,297,383,290,460,867,201,420,68,481,801,83,671,595,744,393,837,152,51,975,67,654,18,852,900,727,110,579,904,650,478,71,810,668,582,832,208,847,9,762,432,509,515,440,238,605,769,987,743,35,968,513,986,84,94,907,782,800,857,577,468,964,315,647,793,91,161,286,617,453,791,498,923,523,216,282,112,625,632,558,171,596,597,621,80,484,225,134,855,235,798,921,144,109,683,461,101,252,390,922,226,809,540,459,724,291,127,281,894,779,976,676,54,471,804,370,732,264,163,715,576,410,365,350,912,99,789,662,552,729,30,756,705,507,89,720,233,510,891,266,587,730,901,640,910,493,104,59,574,382,34,359,927,137,645,56,903,175,765,404,571,533,79,839,327,965,329,591,846,957,788,501,599,267,21,878,308,971,349,451,929,735,981,545,733,956,913,778,302,324,989,566,549,811,397,438,11,388,688,908,664,512,917,862,508,452,269,49,237,869,723,612,205,37,403,633,655,414,706,475,543,151,525,619,413,603,687,38,783,529,679,876,748,535,194,180,522,356,480,147,7,276,69,716,935,19,692,853,257,197,472,210,848,155,945,790,342,191,421,843,250,209,355,458,377,828,634,865,906,358,781,751,27,785,870,821,844,492,45,66,681,594,930,55,188,978,485,63,623,644,519,675,875,262,396,842,314,217,43,85,186,293,538,357,143,606,232,117,29,745,323,941,942,190,583,767,334,466,670,553,70,609,926,850,102,920,592,656,242,977,506,195,951,198,425,932,136,884,387,684,107,170,497,835,967,838,274,590,33,520,98,627,979,345,243,483,260,
value : 398.951 running time : 1390.424257
0 80 20
721 72.3352 18.2053
24 68.695 17.3529
819 65.5333 16.6126
103 62.9704 16.0125
295 62.2685 16.1427
777 61.5382 16.2783
831 60.8639 16.4035
959 60.3145 16.5055
581 59.7643 16.6076
176 59.204 16.7116
598 58.539 16.8351
504 57.6157 17.0065
6 55.7322 17.3561
164 50.487 18.3297
289 46.5705 19.0567
586 43.3733 19.6502
555 43.3733 19.6502
873 42.9265 19.3531
419 42.2277 18.8883
467 41.4505 18.3714
518 40.2762 17.5905
709 37.8793 18.1786
822 37.0041 18.3933
246 36.1613 18.6001
307 35.4916 18.7644
626 34.9562 18.8957
643 34.4083 19.0302
702 33.9982 19.1308
284 33.6967 19.2048
261 33.4433 19.2669
787 33.1033 19.3503
439 32.7949 19.426
278 32.5534 19.4852
653 32.5534 19.4852
669 32.4898 19.4715
379 32.4427 19.4614
883 32.3883 19.4497
111 32.3332 19.4378
310 32.277 19.4257
221 32.2171 19.4129
287 32.1673 19.4021
337 32.1178 19.3915
934 32.0663 19.3804
573 31.9816 19.3622
824 31.9041 19.3455
834 31.8373 19.3311
26 31.6179 19.2839
160 31.3749 19.2316
407 30.4126 19.0246
915 29.2764 18.7801
351 28.3447 18.5797
363 27.3356 18.3626
704 26.0717 18.0906
64 23.2753 17.489
836 19.301 16.6341
8 17.5377 16.2547
682 15.6841 15.8559
674 14.4467 15.5897
412 13.385 15.3613
187 12.5182 15.1748
366 12.5182 15.1748
963 12.5182 15.1748
629 12.5182 15.1748
348 12.5182 15.1748
588 12.5182 15.1748
741 12.5182 15.1748
362 12.5182 15.1748
646 12.5182 15.1748
488 12.5182 15.1748
722 12.5182 15.1748
61 12.5182 15.1748
881 12.5182 15.1748
402 12.5182 15.1748
211 12.5182 15.1748
254 12.5182 15.1748
812 12.5182 15.1748
354 12.9088 26.2597
121 12.8755 26.448
902 12.85 26.5925
331 12.8213 26.7549
455 12.7922 26.9196
474 12.7652 27.0726
829 12.7334 27.2524
602 12.7062 27.4064
86 12.6791 27.5596
4 12.6638 27.6463
794 12.6483 27.7339
133 12.6335 27.8179
943 12.6195 27.8973
673 12.6051 27.9788
258 12.5893 28.0682
514 12.5729 28.1607
641 12.5597 28.2356
74 12.5437 28.3259
899 12.5295 28.4066
299 12.5114 28.5093
283 12.4929 28.6137
268 12.479 28.6925
710 12.4638 28.7782
661 12.4487 28.8638
898 12.4296 28.9722
572 12.6482 29.8273
125 12.9046 30.8301
65 13.1187 31.6676
78 13.3247 32.4734
486 13.4146 32.8249
770 12.8926 35.9369
797 12.5892 37.7457
731 12.512 38.206
958 12.4385 38.6442
174 12.3587 39.1201
700 12.3109 39.4052
32 12.2571 39.7255
341 12.1986 40.0746
87 12.1537 40.3422
616 12.0985 40.6713
328 12.0472 40.9769
863 12.0449 41.1887
985 12.0427 41.3933
10 12.04 41.6382
128 12.0372 41.892
330 12.0349 42.1034
990 12.0325 42.3266
758 12.0298 42.5742
384 12.0276 42.776
373 12.0249 43.0164
909 12.0226 43.2318
499 12.0204 43.4292
148 11.9988 45.4034
422 11.9746 47.6092
142 11.9736 47.7063
218 11.9725 47.8045
691 11.9715 47.898
279 11.9706 47.9786
391 11.9697 48.0557
489 11.9689 48.1315
463 11.968 48.2116
771 11.9671 48.296
222 11.9661 48.3892
565 11.965 48.493
938 11.9641 48.5762
47 11.9632 48.6502
423 11.9625 48.7222
154 11.9615 48.8131
505 11.9604 48.9099
749 11.9594 49.0001
936 11.9583 49.0984
542 11.9573 49.1934
57 11.9563 49.2878
698 11.9552 49.3854
805 11.9542 49.4792
303 11.9532 49.5736
166 11.9521 49.6661
972 11.9512 49.7548
708 11.9503 49.8378
196 11.9494 49.9191
534 11.9487 49.9812
476 11.948 50.0477
312 11.9471 50.1245
677 11.9461 50.2201
858 11.9453 50.2913
123 11.9446 50.3547
46 11.9439 50.4249
212 11.9423 50.5686
228 11.9405 50.7298
652 11.9386 50.9066
157 11.9367 51.0829
841 11.9348 51.2489
949 11.9331 51.4127
496 11.9311 51.5923
116 11.9291 51.7729
100 11.9258 52.0749
352 11.9227 52.3602
336 11.9194 52.6589
182 11.9164 52.9314
214 11.9132 53.2255
849 11.91 53.5143
925 11.9069 53.7945
663 11.9044 54.0252
527 11.8939 54.9907
122 11.8824 56.0333
272 11.8345 60.4124
429 11.8091 62.7348
482 11.8003 63.5334
503 11.7912 64.3666
860 11.7836 65.0621
398 11.7813 65.2675
427 11.7789 65.4874
119 11.7767 65.693
772 11.7745 65.8937
551 11.7715 66.1662
726 11.7703 66.2746
601 11.7696 66.3391
114 11.7688 66.4089
630 11.768 66.4878
3 11.7671 66.5657
234 11.7662 66.6495
361 11.765 66.7566
556 11.764 66.8525
701 11.7631 66.9316
479 11.7623 67.0099
411 11.7615 67.0759
948 11.7607 67.1489
347 11.76 67.2187
600 11.759 67.3106
796 11.7581 67.3913
371 11.7574 67.4529
739 11.7567 67.5231
734 11.7558 67.5993
162 11.7549 67.6813
747 11.7542 67.7514
381 11.7532 67.8378
970 11.7523 67.9184
192 11.7514 68.0034
607 11.7503 68.1015
657 11.7493 68.1963
500 11.7484 68.2801
665 11.7475 68.3571
338 11.7467 68.4383
667 11.7457 68.5247
487 11.7448 68.6123
686 11.744 68.6816
639 11.7432 68.7535
531 11.7425 68.8163
457 11.7411 68.9496
635 11.7399 69.0528
897 11.7394 69.1007
207 11.7299 69.948
825 11.7299 69.948
589 11.7299 69.948
784 11.7299 69.948
224 11.7299 69.948
879 11.7299 69.948
703 11.7299 69.948
277 11.7299 69.948
255 11.7299 69.948
77 11.7299 69.948
991 11.7299 69.948
694 11.7299 69.948
376 11.7299 69.948
14 11.7299 69.948
966 11.7299 69.948
799 11.7299 69.948
339 11.7299 69.948
517 11.7299 69.948
939 11.7299 69.948
760 11.7325 70.1967
764 11.7359 70.5083
219 11.7422 71.0975
445 11.7487 71.6985
946 11.7546 72.2514
130 11.7596 72.723
560 11.7662 73.3348
680 11.7712 73.7966
524 11.7765 74.3008
554 11.7845 75.0463
81 11.7956 75.0569
431 11.8065 75.0673
886 11.8161 75.0765
502 11.8248 75.0849
658 11.8345 75.0941
132 11.8426 75.1019
75 11.8499 75.1089
443 11.86 75.1186
97 11.8683 75.1265
346 11.8772 75.1351
113 11.887 75.1445
168 11.8963 75.1533
728 11.9044 75.1611
275 11.9148 75.171
326 11.9241 75.1799
950 11.9328 75.1882
131 11.9402 75.1953
717 11.9511 75.2058
220 11.9643 75.2185
298 11.9747 75.2284
316 11.987 75.2402
890 11.9988 75.2515
546 12.0128 75.2649
526 12.028 75.2794
888 12.0109 75.3887
924 11.9319 75.8934
400 11.7454 77.0847
90 11.5422 78.3835
95 11.377 79.4387
321 11.2527 80.233
759 11.1204 81.0781
374 10.9932 81.8911
240 10.8506 82.8022
830 10.708 83.7137
905 10.5352 84.8172
868 10.3531 85.981
446 10.3292 86.1338
447 10.3056 86.2848
892 10.2848 86.4176
48 10.2618 86.5643
693 10.2345 86.7389
803 10.2099 86.8962
557 10.1869 87.0428
401 10.1648 87.1842
695 10.1428 87.3245
815 10.1194 87.4745
585 10.0954 87.6276
436 10.0767 87.7468
300 10.055 87.8859
955 10.0335 88.0232
792 10.0087 88.1811
426 9.98451 88.3359
570 9.95829 88.5034
547 9.92742 88.7007
969 9.89767 88.8908
386 9.8712 89.0599
213 9.84358 89.2363
304 9.84199 89.2464
944 9.84042 89.2565
444 9.83862 89.2679
718 9.83674 89.28
699 9.8349 89.2917
712 9.83294 89.3043
115 9.83085 89.3176
719 9.82889 89.3301
301 9.82675 89.3437
982 9.82462 89.3573
827 9.82214 89.3731
711 9.82009 89.3862
39 9.81813 89.3987
988 9.81633 89.4102
183 9.81633 89.4102
399 9.81633 89.4102
13 9.81633 89.4102
199 9.81633 89.4102
973 9.81633 89.4102
178 9.81633 89.4102
780 9.81633 89.4102
31 9.81633 89.4102
325 9.81633 89.4102
433 9.81633 89.4102
628 9.91948 89.4036
750 10.0232 89.3969
380 10.1264 89.3903
435 10.2421 89.3829
462 10.3667 89.3749
637 10.465 89.3686
247 10.5744 89.3616
568 10.6773 89.355
200 10.7785 89.3485
678 10.8756 89.3423
914 10.9853 89.3352
1 11.1011 89.3278
364 11.2086 89.3209
108 11.3181 89.3139
106 11.4276 89.3069
953 11.5408 89.2996
169 11.6663 89.2915
405 11.8028 89.2828
495 11.9525 89.2732
138 12.0775 89.2652
249 12.2044 89.257
203 12.2986 89.251
236 12.413 89.2436
736 12.5177 89.2369
615 12.6364 89.2293
88 13.3179 89.1856
263 13.8227 89.1532
360 14.8141 89.0895
916 15.5979 89.0392
153 16.318 88.993
761 17.8977 88.8916
227 19.0083 88.8203
441 20.3034 88.7372
296 21.5168 88.6593
60 22.239 88.6129
933 22.3269 88.6073
17 22.4333 88.6005
786 22.5611 88.5922
578 22.6669 88.5855
776 22.7539 88.5799
442 22.8588 88.5731
15 22.9805 88.5653
714 23.1239 88.5561
795 23.2774 88.5462
885 23.3917 88.5389
368 23.507 88.5315
253 23.6332 88.5234
651 23.7352 88.5168
593 23.843 88.5099
833 23.9611 88.5023
430 24.0818 88.4946
768 24.1964 88.4872
58 24.3063 88.4802
608 24.4244 88.4726
244 24.5424 88.465
696 24.6767 88.4564
550 24.8068 88.448
521 24.9265 88.4403
672 25.0692 88.4312
44 25.1831 88.4239
491 25.3073 88.4159
16 25.4446 88.4071
806 25.5827 88.3982
918 25.6947 88.391
424 25.7923 88.3847
184 25.8968 88.378
469 26.0792 88.3663
333 26.2841 88.3532
93 26.4598 88.3419
697 26.7661 88.3222
120 27.0332 88.3051
960 27.297 88.2881
141 27.3538 88.2422
490 27.4017 88.2035
288 27.4485 88.1658
167 27.5022 88.1224
707 27.5469 88.0863
73 27.5923 88.0496
76 27.6392 88.0117
638 27.6844 87.9752
631 27.7206 87.946
611 27.7646 87.9105
36 27.8259 87.861
757 27.8912 87.8082
871 27.9418 87.7674
50 28.0147 87.7085
20 28.0845 87.6522
808 28.1734 87.5804
610 28.2565 87.5132
28 28.3468 87.4403
454 28.4517 87.3556
954 28.5326 87.2903
753 28.5959 87.2391
537 28.698 87.1566
456 28.698 87.1566
409 28.7864 87.1309
859 28.8761 87.1048
41 28.9663 87.0785
92 29.0622 87.0505
230 29.1545 87.0237
146 29.2435 86.9977
872 29.331 86.9723
604 29.4173 86.9471
689 29.4188 86.9473
124 29.4204 86.9475
306 29.422 86.9477
418 32.7272 87.3462
139 37.4527 87.9159
150 37.5246 87.9188
96 37.6004 87.9218
271 37.681 87.9251
428 37.7571 87.9281
319 37.8509 87.9319
270 37.9155 87.9345
223 37.9822 87.9371
292 38.0581 87.9402
548 38.1277 87.943
2 38.2013 87.9459
763 38.2835 87.9492
614 38.3568 87.9522
569 38.4266 87.955
343 38.5054 87.9581
649 38.574 87.9609
305 38.6447 87.9637
448 38.705 87.9661
256 38.7716 87.9688
766 38.8468 87.9718
814 38.9231 87.9749
231 38.9854 87.9774
713 39.0627 87.9805
172 39.1266 87.983
449 39.1973 87.9859
181 39.2661 87.9886
309 39.3366 87.9914
294 39.4074 87.9943
807 39.4734 87.9969
129 39.5361 87.9994
53 39.598 88.0019
265 39.6601 88.0044
22 39.725 88.007
919 39.7906 88.0096
738 39.8629 88.0125
392 39.9336 88.0154
773 40.0064 88.0183
539 40.0967 88.0219
561 40.1763 88.0251
206 40.2502 88.0281
72 40.3188 88.0308
394 40.3956 88.0339
530 40.4778 88.0372
215 40.5438 88.0398
189 40.6081 88.0424
874 40.674 88.0451
752 40.674 88.0451
840 40.674 88.0451
974 40.674 88.0451
241 41.0451 88.0446
470 41.4107 88.0441
437 41.8376 88.0435
559 42.2515 88.0429
613 42.6177 88.0424
877 43.1949 88.0417
866 43.8183 88.0409
5 44.4226 88.0401
416 44.9566 88.0393
564 45.5455 88.0385
562 46.1342 88.0377
389 46.7141 88.037
961 47.3386 88.0362
239 47.8694 88.0354
82 48.4106 88.0347
248 48.995 88.0339
62 49.5947 88.0331
882 50.1661 88.0324
156 50.2413 88.0323
245 50.322 88.0322
434 50.4031 88.0321
367 50.4805 88.032
887 50.5541 88.0319
624 50.624 88.0318
375 50.6901 88.0317
105 50.7686 88.0316
369 50.849 88.0314
856 50.9324 88.0313
12 51.0009 88.0312
229 51.0711 88.0311
802 51.1364 88.0311
165 51.209 88.031
280 51.2977 88.0308
118 51.3832 88.0307
23 51.4592 88.0306
826 51.4962 88.0306
511 51.5418 88.0305
816 51.5853 88.0305
895 51.6209 88.0304
861 51.6614 88.0304
755 51.7012 88.0303
880 51.7482 88.0303
541 51.79 88.0302
408 51.8348 88.0301
746 51.8807 88.0301
532 51.9282 88.03
980 51.9752 88.03
659 52.0151 88.0299
754 52.0672 88.0298
415 52.1144 88.0298
618 52.1631 88.0297
984 52.2112 88.0296
320 52.2479 88.0296
335 52.2903 88.0295
406 52.3309 88.0295
40 52.3758 88.0294
636 52.4173 88.0294
774 52.4636 88.0293
952 52.509 88.0293
516 52.5512 88.0292
642 52.5939 88.0291
940 52.6445 88.0291
992 52.7017 88.029
947 52.7398 88.0289
179 52.7826 88.0289
737 52.8312 88.0288
575 52.8749 88.0288
344 52.9162 88.0287
911 52.9585 88.0287
567 52.9955 88.0286
140 53.0289 88.0286
313 53.0704 88.0285
477 53.1135 88.0285
896 53.1499 88.0284
202 53.1867 88.0284
584 53.2221 88.0283
126 53.2512 88.0283
536 53.2886 88.0282
851 53.3288 88.0282
259 53.368 88.0281
690 53.4079 88.0281
563 53.4431 88.028
193 54.352 88.0267
931 58.5007 88.0207
158 61.8457 88.0158
666 62.8811 88.0144
318 63.4439 88.0135
823 63.8674 88.0129
620 64.2599 88.0124
185 64.6235 88.0119
317 65.0268 88.0113
395 65.4655 88.0107
622 65.9211 88.01
177 66.3421 88.0094
42 66.8164 88.0087
937 67.3146 88.008
464 67.7252 88.0074
251 68.1888 88.0067
273 68.607 88.0062
52 69.0732 88.0055
817 69.5419 88.0048
378 70.0377 88.0041
145 70.7165 88.0031
149 71.379 88.0022
845 72.0917 88.0012
353 72.8594 88.0001
494 73.6371 87.9989
544 74.2891 87.998
854 75.1761 87.9967
135 76.0908 87.9954
742 76.1624 87.9953
818 76.2334 87.9952
864 76.3091 87.9951
580 76.3823 87.995
465 77.3053 87.9937
285 78.6229 87.9918
983 80.8039 87.9886
775 81.0262 87.9875
417 81.3202 87.9862
928 81.6822 87.9845
820 81.9879 87.6706
813 82.3899 87.2578
322 82.9176 86.716
893 83.423 86.1971
159 84.6048 84.9837
372 86.0107 83.5402
740 85.8965 83.4473
660 85.8004 83.3692
528 85.6899 83.2793
725 85.6029 83.2085
311 85.5131 83.1355
473 85.4217 83.0612
204 85.3157 82.975
685 85.2284 82.904
889 85.1263 82.821
25 85.0097 82.7261
450 84.8802 82.6208
648 81.7908 80.9089
332 78.7336 79.2149
385 76.0559 77.7311
962 73.6623 76.4048
340 71.9285 75.444
173 71.3485 75.1226
297 70.9362 74.8942
383 70.5371 74.673
290 69.9692 74.3583
460 69.4167 74.0522
867 68.9906 73.8161
201 68.5682 73.582
420 65.1268 71.675
68 65.1217 71.6736
481 65.1175 71.6724
801 65.1122 71.6709
83 65.1073 71.6695
671 65.1011 71.6677
595 65.0963 71.6664
744 65.0917 71.6651
393 65.0866 71.6636
837 65.0822 71.6624
152 65.0774 71.661
51 65.0723 71.6596
975 65.0672 71.6581
67 65.0613 71.6565
654 65.0563 71.655
18 65.0512 71.6536
852 65.0467 71.6523
900 64.7906 71.5796
727 64.4999 71.497
110 64.2357 71.4219
579 63.9318 71.3356
904 63.5366 71.2233
650 63.1733 71.1201
478 62.7973 71.0133
71 62.4574 70.9168
810 61.8221 70.7363
668 61.4429 70.6285
582 61.0699 70.5226
832 60.7427 70.4296
208 60.3976 70.3316
847 60.083 70.2422
9 59.7357 70.1435
762 59.4037 70.0492
432 59.085 69.9587
509 58.7881 69.8744
515 58.4539 69.7794
440 58.1226 69.6853
238 57.7932 69.5917
605 57.4358 69.4902
769 57.0687 69.3859
987 56.7233 69.2878
743 56.3255 69.1748
35 55.9952 69.0809
968 55.6607 68.9859
513 55.3397 68.8947
986 55.0567 68.8144
84 54.7983 68.741
94 54.5407 68.6678
907 54.2929 68.5974
782 53.9888 68.511
800 53.6909 68.4264
857 53.3694 68.335
577 53.0756 68.2516
468 52.7901 68.1705
964 52.5114 68.0913
315 52.2294 68.0112
647 51.923 67.9242
793 51.3962 67.7745
91 50.9339 67.6431
161 50.4783 67.5137
286 50.0333 67.3873
617 49.5369 67.2463
453 49.0169 67.0985
791 48.4981 66.9512
498 47.9404 66.7927
923 47.4532 66.6543
523 47.3283 66.6188
216 47.2125 66.5859
282 47.0953 66.5526
112 46.9769 66.519
625 46.826 66.4761
632 46.6658 66.4306
558 46.4614 66.3725
171 46.2729 66.319
596 46.1016 66.2703
597 45.963 66.2309
621 45.8254 66.1918
80 45.7025 66.1569
484 45.5803 66.1222
225 45.4463 66.0841
134 45.3212 66.0486
855 45.1984 66.0137
235 45.0638 65.9755
798 44.9263 65.9364
921 44.7965 65.8995
144 44.2029 65.7309
109 43.6659 65.5783
683 41.7164 65.0244
461 39.8853 64.5042
101 39.8853 64.5042
252 37.1158 64.5106
390 37.0516 64.5108
922 36.9999 64.5109
226 36.9486 64.511
809 36.8981 64.5111
540 36.8488 64.5112
459 36.7965 64.5113
724 36.7413 64.5115
291 36.6911 64.5116
127 36.645 64.5117
281 36.5969 64.5118
894 36.5409 64.5119
779 36.4804 64.5121
976 36.4158 64.5122
676 36.3565 64.5123
54 36.2897 64.5125
471 36.2283 64.5126
804 36.1636 64.5128
370 36.0978 64.5129
732 36.0344 64.5131
264 35.9697 64.5132
163 35.901 64.5134
715 35.8321 64.5135
576 35.7638 64.5137
410 35.6939 64.5139
365 35.6148 64.514
350 35.5408 64.5142
912 33.5523 64.5185
99 31.2667 64.5235
789 31.2672 64.5053
662 31.2678 64.4838
552 31.2684 64.46
729 31.2691 64.4307
30 31.2699 64.4011
756 31.2705 64.3774
705 31.2711 64.355
507 31.2717 64.3319
89 31.2723 64.3072
720 31.2728 64.2873
233 31.2734 64.2644
510 31.274 64.2416
891 31.2745 64.2211
266 31.275 64.2055
587 31.2754 64.1877
730 31.2759 64.1693
901 31.2765 64.1463
640 31.277 64.1253
910 31.2775 64.1067
493 31.2781 64.0858
104 31.2786 64.0668
59 31.279 64.0495
574 31.2794 64.0341
382 31.2799 64.0147
34 31.2804 63.9962
359 31.2809 63.9792
927 31.2813 63.9616
137 31.2819 63.941
645 31.2824 63.922
56 31.2828 63.9038
903 31.2833 63.8856
175 31.2838 63.8666
765 31.2843 63.8478
404 31.2847 63.8316
571 31.2852 63.8143
533 31.2857 63.7936
79 31.2861 63.7775
839 31.2866 63.7608
327 31.2869 63.7471
965 31.2873 63.7311
329 31.2878 63.7145
591 31.3014 63.3789
846 31.3177 62.9758
957 31.3338 62.579
788 31.3487 62.2114
501 31.3626 61.866
599 31.3787 61.47
267 31.3941 61.0888
21 31.4072 60.7657
878 31.4221 60.3973
308 31.4399 59.9568
971 31.4578 59.5139
349 31.4817 58.9239
451 31.5077 58.2826
929 31.5343 57.6232
735 31.5593 57.0066
981 31.5853 56.3625
545 31.6162 55.5997
733 31.645 54.887
956 31.6844 53.9145
913 31.7383 52.5827
778 31.7889 51.3319
302 31.8403 50.0624
324 31.8896 48.8433
989 31.9477 47.4072
566 32.0024 46.0574
549 32.0559 44.7358
811 32.0559 44.7358
397 32.0559 44.7358
438 32.0559 44.7358
11 32.0559 44.7358
388 32.0559 44.7358
688 32.0559 44.7358
908 32.0559 44.7358
664 32.0559 44.7358
512 32.0559 44.7358
917 32.0532 44.5784
862 32.0507 44.434
508 32.0484 44.2978
452 32.0459 44.1539
269 32.0437 44.0238
49 32.0411 43.8722
237 32.0384 43.7107
869 32.0347 43.5019
723 32.0321 43.3449
612 32.029 43.1679
205 32.0265 43.0209
37 32.0672 43.0169
403 32.1086 43.0128
633 32.1538 43.0084
655 32.3907 42.9851
414 32.6704 42.9576
706 32.9295 42.9322
475 33.1377 42.9117
543 33.3928 42.8866
151 33.668 42.8596
525 33.9218 42.8347
619 34.2025 42.8071
413 34.4661 42.7812
603 34.7344 42.7549
687 35.0075 42.728
38 35.28 42.7013
783 35.5706 42.6727
529 35.8385 42.6464
679 36.1144 42.6193
876 36.4015 42.5911
748 36.6779 42.5639
535 36.9825 42.534
194 37.4933 42.4839
180 37.9017 42.4437
522 38.2917 42.4054
356 38.6633 42.3689
480 39.0059 42.3353
147 39.3475 42.3017
7 39.8035 42.2569
276 40.3789 42.2004
69 40.842 42.1549
716 41.2324 42.1166
935 41.5568 42.0847
19 41.8935 42.0516
692 42.1368 42.0277
853 42.4226 41.9996
257 42.7418 41.9683
197 43.0775 41.9353
472 43.3648 41.9071
210 43.6366 41.8804
848 43.952 41.8494
155 44.2505 41.8201
945 44.5672 41.789
790 44.8398 41.7622
342 45.1605 41.7307
191 45.4359 41.7036
421 46.2776 41.6209
843 47.1713 41.5331
250 47.921 41.4595
209 48.7408 41.379
355 49.4174 41.3125
458 49.9796 41.2572
377 50.5255 41.2036
828 50.9933 41.1576
634 51.3762 41.12
865 51.7098 41.0872
906 52.0943 41.0495
358 52.5549 41.0042
781 52.9207 40.9683
751 53.1892 40.9419
27 53.4667 40.9146
785 53.7251 40.8892
870 53.995 40.8627
821 54.3201 40.8308
844 54.3201 40.8308
492 54.3201 40.8308
45 54.3201 40.8308
66 54.3201 40.8308
681 54.3201 40.8308
594 54.3201 40.8308
930 54.3201 40.8308
55 54.3201 40.8308
188 59.2921 44.219
978 59.4235 44.3085
485 59.5578 44.4
63 59.5578 44.4
623 59.5578 44.4
644 59.5578 44.4
519 59.5578 44.4
675 59.5578 44.4
875 59.5578 44.4
262 59.5578 44.4
396 59.5578 44.4
842 59.5578 44.4
314 59.5578 44.4
217 59.5578 44.4
43 59.5578 44.4
85 59.5578 44.4
186 59.5578 44.4
293 64.566 47.0176
538 64.566 47.0176
357 65.398 47.0903
143 66.2056 47.1609
606 66.9962 47.23
232 67.7941 47.2998
117 68.5419 47.3651
29 69.3698 47.4375
745 70.1268 47.5037
323 70.7689 47.5598
941 71.3939 47.6143
942 72.0012 47.6674
190 72.701 47.7285
583 73.6026 47.8073
767 74.4787 47.8839
334 76.1225 48.0276
466 76.1225 48.0276
670 76.1226 48.0276
553 76.1226 48.0276
70 76.1227 48.0276
609 76.2806 48.0411
926 76.4203 48.0531
850 76.585 48.0672
102 76.7499 48.0813
920 76.96 48.0993
592 77.1463 48.1152
656 77.3261 48.1306
242 79.6808 48.332
977 81.6511 48.5006
506 82.7391 48.5937
195 83.0633 48.6215
951 83.4728 48.6565
198 83.8438 48.6883
425 84.1848 48.7175
932 84.6005 48.7531
136 85.06 48.7924
884 85.4987 48.8299
387 85.8829 48.8628
684 86.3315 48.9012
107 86.759 48.9378
170 87.1431 48.9707
497 87.4923 49.0006
835 87.4413 47.6767
967 87.4089 46.8368
838 87.3467 45.2212
274 87.1818 40.9411
590 87.0435 37.35
33 86.9365 34.5733
520 86.8394 32.0515
98 86.697 28.3556
627 86.4477 21.8837
979 86.3633 19.6926
345 86.3363 18.9909
243 86.3057 18.1976
483 86.2829 17.6051
260 86.1865 17.6089
