0,483,260,243,345,979,627,33,520,98,590,497,838,107,951,506,136,592,684,977,425,932,967,170,884,198,920,387,242,835,274,195,745,334,538,670,553,466,942,323,850,609,357,606,656,190,102,70,583,941,143,926,232,29,314,644,623,485,396,117,767,842,870,45,875,821,276,262,978,675,634,594,843,492,19,66,844,43,519,209,751,555,781,458,250,55,6,828,377,27,865,355,217,358,873,63,681,785,930,289,164,180,472,49,421,257,452,197,716,906,342,917,945,191,834,210,862,512,790,586,194,480,69,848,853,935,356,237,922,549,388,155,633,397,438,11,723,37,324,543,127,403,529,908,688,655,989,811,664,612,778,522,7,508,147,748,566,151,142,545,510,783,38,687,603,413,619,525,535,269,869,891,706,302,475,876,679,414,913,692,461,30,705,929,89,59,640,233,327,927,79,846,359,132,507,957,604,897,308,809,788,104,839,599,574,137,291,390,765,267,493,501,645,756,266,382,54,965,404,80,552,526,720,971,591,571,21,878,789,349,901,601,662,903,523,587,729,733,451,34,730,735,910,454,689,537,252,888,144,226,802,101,370,484,597,855,235,171,498,282,513,459,743,683,533,56,912,921,732,216,779,576,715,281,410,804,471,134,91,621,894,558,225,350,163,540,365,175,264,676,724,976,596,286,188,186,793,293,791,847,923,798,453,161,94,35,109,968,964,625,769,515,762,782,986,907,605,632,647,832,9,617,468,582,238,315,440,800,668,208,112,987,595,85,84,810,577,857,478,904,432,420,18,83,173,68,900,332,818,962,727,51,460,385,393,671,867,67,654,152,744,340,579,852,383,110,201,290,650,509,975,145,837,450,417,372,204,660,322,25,889,473,742,685,311,528,893,983,725,135,580,928,775,159,740,297,251,648,273,481,864,318,823,71,937,494,813,854,464,285,820,801,845,177,622,52,353,42,149,158,666,465,544,620,817,245,911,23,185,618,737,856,118,584,280,567,179,882,851,62,896,367,477,335,992,980,984,931,12,861,575,140,536,754,313,880,395,202,378,369,755,415,887,344,713,239,408,156,814,532,961,511,259,105,126,317,541,229,516,816,636,690,895,434,40,624,774,952,406,309,416,559,319,448,562,807,530,294,707,206,539,375,659,320,305,343,231,563,129,564,241,215,394,292,840,561,569,940,746,642,947,5,248,826,193,874,866,763,82,389,230,223,22,795,614,649,2,189,181,613,270,773,437,766,265,611,139,449,141,165,808,877,333,124,96,72,271,53,752,919,738,392,974,960,424,146,60,806,885,92,456,167,430,631,28,593,578,441,172,714,548,872,918,954,36,697,428,786,658,360,17,776,491,933,470,768,288,253,296,490,418,120,306,20,859,368,761,431,244,15,442,256,638,672,73,409,76,696,833,150,41,227,44,610,550,16,753,651,521,871,757,637,435,988,247,203,399,50,568,462,249,401,973,138,693,495,13,469,892,447,405,169,953,827,106,108,364,1,914,39,750,183,678,200,969,380,263,982,301,199,304,719,699,153,115,446,711,386,178,712,213,736,615,759,95,585,436,955,792,426,570,48,868,546,916,815,695,547,316,58,803,557,236,554,75,240,300,93,88,905,487,886,944,325,608,433,90,444,780,718,628,560,207,168,890,374,31,680,99,81,443,950,600,339,830,635,728,764,946,429,113,224,860,739,482,411,298,657,970,500,726,703,220,524,131,277,346,338,361,400,551,556,825,694,162,796,371,966,219,760,196,799,14,734,517,784,589,184,275,3,114,398,503,772,329,502,130,607,747,630,347,234,948,326,879,427,445,924,457,192,686,272,665,381,255,77,701,479,376,119,667,321,717,639,939,97,991,531,956,981,116,122,925,228,616,990,758,691,677,489,463,174,218,222,422,534,652,708,805,972,166,527,565,123,303,154,542,391,496,279,700,78,352,938,336,849,283,731,797,770,157,476,214,499,841,128,100,698,771,384,373,909,423,10,212,958,57,863,663,341,505,312,182,936,749,47,330,148,949,328,858,46,794,943,898,514,331,985,268,710,572,836,32,602,86,455,641,121,65,963,4,258,125,133,366,74,205,87,299,829,486,812,722,646,661,674,741,211,187,588,402,673,362,702,474,682,902,881,61,629,8,348,254,488,412,899,278,310,439,824,379,669,787,709,64,643,351,284,626,363,221,915,354,407,160,26,934,111,822,573,337,704,246,467,307,883,518,653,419,287,261,777,176,581,103,831,504,959,721,819,598,24,295,
value : 401.729 running time : 1084.030429
0 80 20
483 86.2684 17.5916
260 86.2684 17.5916
243 86.2897 18.1598
345 86.3167 18.8796
979 86.34 19.5011
627 86.4266 21.8109
33 86.6864 28.7378
520 86.8129 32.1126
98 86.8998 34.428
590 87.0497 38.4259
497 87.4478 49.0432
838 87.0261 49.0119
107 86.6213 48.9819
951 86.1755 48.9488
506 85.7531 48.9174
136 85.2831 48.8825
592 84.8143 48.8477
684 84.4433 48.8201
977 83.9616 48.7844
425 83.4519 48.7465
932 83.01 48.7137
967 82.5917 48.6827
170 82.2136 48.6546
884 81.697 48.6162
198 81.1108 48.5727
920 80.5014 48.5275
387 79.9281 48.4849
242 79.3624 48.4429
835 78.7364 48.3964
274 77.9327 48.3367
195 77.1358 48.2776
745 76.3268 48.2175
334 75.5765 48.1618
538 65.8893 47.4428
670 65.8893 47.4428
553 65.8893 47.4428
466 65.8893 47.4428
942 65.8893 47.4428
323 65.8893 47.4428
850 65.8893 47.4428
609 65.8893 47.4428
357 65.8893 47.4428
606 65.8893 47.4428
656 65.8893 47.4428
190 65.8893 47.4428
102 65.8893 47.4428
70 65.8893 47.4428
583 65.8893 47.4428
941 65.8893 47.4428
143 65.6138 47.2374
926 65.3517 47.0418
232 65.0845 46.8426
29 64.8209 46.6461
314 64.5314 46.4302
644 64.2644 46.2311
623 63.9993 46.0333
485 63.7467 45.845
396 63.4636 45.6339
117 63.1802 45.4225
767 62.8966 45.211
842 62.141 44.6476
870 61.3636 44.068
45 60.6973 43.5711
875 60.0522 43.0901
821 59.4212 42.6196
276 58.8871 42.2213
262 58.6866 42.0717
978 58.4759 41.9146
675 58.265 41.7573
634 58.0438 41.5924
594 57.8309 41.4336
843 57.6176 41.2745
492 57.4179 41.1256
19 57.2145 40.9739
66 57.0325 40.8382
844 56.8539 40.705
43 56.6865 40.5802
519 56.5056 40.4453
209 55.3301 39.5689
751 55.1791 39.4562
555 55.0282 39.3437
781 54.9374 39.276
458 54.8401 39.2035
250 54.7349 39.125
55 54.6504 39.062
6 54.5688 39.0011
828 54.0656 38.9319
377 53.5343 38.8589
27 52.9569 38.7795
865 52.3658 38.6983
355 51.8808 38.6316
217 51.3738 38.5619
358 50.8017 38.4833
873 49.9569 38.3671
63 49.7037 38.3539
681 49.4479 38.3406
785 49.1835 38.3269
930 48.9264 38.3135
289 48.6277 38.298
164 48.6277 38.298
180 44.786 39.8256
472 43.9946 40.1403
49 43.142 40.4793
421 42.9781 40.5445
257 42.7909 40.619
452 42.6041 40.6932
197 42.4278 40.7634
716 42.239 40.8385
906 42.0353 40.9194
342 41.8033 41.0117
917 41.5855 41.0983
945 41.3795 41.1802
191 41.1744 41.2618
834 40.96 41.347
210 40.6067 41.4875
862 40.2773 41.6185
512 39.9505 41.7485
790 39.6242 41.8782
586 39.2937 42.0097
194 38.9113 42.1617
480 38.5351 42.3113
69 38.1847 42.4507
848 37.7129 42.6383
853 37.2 42.8422
935 36.6704 43.0528
356 35.687 43.4439
237 34.5699 43.8881
922 33.5604 44.2895
549 32.4265 44.5098
388 32.4069 44.5365
155 32.3868 44.5641
633 32.3668 44.5914
397 32.3487 44.6162
438 32.3299 44.6419
11 32.3109 44.668
723 32.2911 44.6949
37 32.2709 44.7226
324 32.2496 44.7518
543 32.2496 44.7518
127 32.2496 44.7518
403 32.1575 44.7556
529 32.0786 44.7589
908 31.9869 44.7627
688 31.9069 44.766
655 31.827 44.7693
989 31.7569 44.7722
811 31.6719 44.7757
664 31.5867 44.7792
612 31.5035 44.7826
778 31.4928 44.7831
522 31.4811 44.7835
7 31.4674 44.7841
508 31.4537 44.7847
147 31.4409 44.7852
748 31.4276 44.7858
566 31.4154 44.7863
151 31.4006 44.7869
142 31.3863 44.7875
545 31.3863 44.7875
510 31.3863 44.7875
783 31.3747 44.7717
38 31.3636 44.7567
687 31.3532 44.7425
603 31.344 44.73
413 31.3333 44.7154
619 31.3225 44.7006
525 31.3117 44.686
535 31.3011 44.6715
269 31.2911 44.6579
869 31.2791 44.6417
891 31.288 45.0947
706 31.2948 45.437
302 31.3021 45.8111
475 31.309 46.1593
876 31.3159 46.5092
679 31.3222 46.8306
414 31.3297 47.2125
913 31.3377 47.6174
692 31.3448 47.9793
461 31.3937 50.4689
30 31.4324 52.434
705 31.4583 53.7528
929 31.4817 54.9405
89 31.5033 56.0404
59 31.5257 57.1783
640 31.5492 58.3749
233 31.5717 59.5177
327 31.5989 60.9004
927 31.614 61.6656
79 31.6245 62.199
846 31.6364 62.806
359 31.6482 63.4035
132 31.6591 63.9622
507 31.6718 63.9918
957 31.6854 64.0236
604 31.6992 64.056
897 31.7107 64.0829
308 31.7242 64.1144
809 31.7363 64.1429
788 31.7489 64.1724
104 31.7622 64.2034
839 31.7747 64.2326
599 31.788 64.2638
574 31.8025 64.2979
137 31.815 64.3271
291 31.8283 64.3583
390 31.8408 64.3875
765 31.8534 64.4169
267 31.8653 64.4448
493 31.8785 64.4757
501 31.8922 64.5078
645 31.9047 64.5371
756 31.9168 64.5654
266 31.9312 64.5991
382 31.9432 64.6272
54 31.9568 64.659
965 31.9703 64.6906
404 31.9846 64.7241
80 31.9976 64.7546
552 32.0087 64.7804
526 32.0212 64.8097
720 32.0331 64.8377
971 32.0465 64.869
591 32.0604 64.9016
571 32.0735 64.9322
21 32.0865 64.9626
878 32.0995 64.9932
789 32.1118 65.0219
349 32.1229 65.0478
901 32.1351 65.0764
601 32.1489 65.1089
662 32.164 65.1442
903 32.1758 65.1717
523 32.1889 65.2023
587 32.2001 65.2287
729 32.2112 65.2546
733 32.2234 65.2832
451 32.2356 65.3118
34 32.2533 65.3532
730 32.2732 65.3997
735 32.2891 65.4371
910 32.3091 65.4838
454 32.3295 65.5315
689 32.3477 65.5742
537 32.3655 65.6159
252 32.4477 65.6178
888 32.5233 65.6196
144 37.6353 65.7376
226 39.5748 65.7823
802 44.9315 65.906
101 44.9806 65.9071
370 45.0226 65.9081
484 45.0728 65.9092
597 45.1205 65.9103
855 45.1708 65.9115
235 45.2176 65.9126
171 45.2623 65.9136
498 45.314 65.9148
282 45.3669 65.916
513 45.4138 65.9171
459 45.4591 65.9181
743 45.5108 65.9193
683 45.5557 65.9204
533 45.6016 65.9214
56 45.651 65.9226
912 45.7028 65.9238
921 45.79 65.9258
732 45.8584 65.9274
216 45.9354 65.9291
779 46.0026 65.9307
576 46.0686 65.9322
715 46.139 65.9338
281 46.213 65.9355
410 46.2844 65.9372
804 46.3554 65.9388
471 46.4288 65.9405
134 46.5057 65.9423
91 46.5851 65.9441
621 46.6523 65.9457
894 46.7234 65.9473
558 46.7947 65.949
225 46.8633 65.9506
350 46.9345 65.9522
163 47.0043 65.9538
540 47.0769 65.9555
365 47.1456 65.9571
175 47.2214 65.9588
264 47.3014 65.9607
676 47.3792 65.9625
724 47.4511 65.9641
976 47.7434 65.9709
596 48.106 65.9792
286 49.4702 66.0107
188 50.5857 66.0365
186 51.1268 66.049
793 51.2111 66.0509
293 51.2968 66.0529
791 51.369 66.0546
847 51.4466 66.0564
923 51.5043 66.0577
798 51.5688 66.0592
453 51.6358 66.0607
161 51.706 66.0623
94 51.7737 66.0639
35 51.8468 66.0656
109 51.9124 66.0671
968 51.9808 66.0687
964 52.0527 66.0703
625 52.1215 66.0719
769 52.1864 66.0734
515 52.2583 66.0751
762 52.3238 66.0766
782 52.3844 66.078
986 52.4512 66.0795
907 52.5291 66.0813
605 52.5942 66.0828
632 52.6574 66.0843
647 52.7311 66.086
832 52.7935 66.0874
9 52.846 66.0886
617 52.8981 66.0898
468 52.9537 66.0911
582 53.01 66.0924
238 53.0711 66.0938
315 53.1244 66.0951
440 53.1797 66.0963
800 53.2325 66.0976
668 53.2892 66.0989
208 53.3417 66.1001
112 53.3955 66.1013
987 53.4526 66.1026
595 53.5082 66.1039
85 53.55 66.1049
84 54.5191 66.5727
810 55.5297 67.0606
577 56.5536 67.5549
857 58.1023 68.3025
478 59.9544 69.1966
904 61.4345 69.9111
432 62.6582 70.5018
420 64.2182 71.2549
18 65.1863 71.7836
83 66.0962 72.2805
173 66.8725 72.7044
68 67.7104 73.1619
900 68.868 73.7941
332 69.9879 74.4056
818 69.987 74.4073
962 69.9862 74.4088
727 69.9854 74.4103
51 69.9846 74.4118
460 69.9838 74.4133
385 69.9832 74.4145
393 69.9824 74.4161
671 69.9815 74.4177
867 70.0596 74.4822
67 70.1365 74.5457
654 70.2211 74.6156
152 70.3018 74.6822
744 70.3843 74.7503
340 70.4595 74.8124
579 70.5443 74.8825
852 70.6208 74.9456
383 70.7023 75.0129
110 70.7788 75.076
201 70.8582 75.1416
290 70.9606 75.2262
650 71.0613 75.3093
509 71.7698 75.8944
975 72.886 76.8161
145 74.2431 77.9367
837 76.5063 78.9572
450 85.4998 83.0126
417 85.7145 83.1734
372 86.0029 83.3895
204 85.8812 83.4992
660 85.7575 83.6107
322 85.5578 83.7908
25 85.3935 83.9388
889 85.2072 84.1068
473 85.0262 84.27
742 84.8528 84.4262
685 84.7115 84.5536
311 84.5596 84.6906
528 84.339 84.8894
893 81.7129 87.2566
983 80.5107 88.3404
725 80.2632 88.5635
135 79.9767 88.8217
580 79.7622 89.015
928 79.7622 89.015
775 78.314 89.0253
159 77.3443 89.0322
740 76.3603 89.0392
297 74.8353 89.05
251 74.549 89.0521
648 74.2766 89.054
273 73.9188 89.0566
481 73.657 89.0584
864 73.4151 89.0601
318 73.1486 89.062
823 72.881 89.0639
71 72.6316 89.0657
937 72.3884 89.0674
494 72.1662 89.069
813 71.908 89.0708
854 71.6509 89.0727
464 71.3762 89.0746
285 71.1425 89.0763
820 70.9122 89.0779
801 68.5674 89.0946
845 68.0869 89.098
177 67.5812 89.1016
622 67.1361 89.1047
52 66.6964 89.1079
353 66.2585 89.111
42 65.7679 89.1145
149 65.3211 89.1176
158 64.8347 89.1211
666 64.3065 89.1248
465 63.6645 89.1294
544 63.0014 89.1341
620 62.2584 89.1394
817 61.3639 89.1458
245 60.3232 89.1531
911 59.5888 89.1584
23 58.874 89.1634
185 58.7035 89.1647
618 58.5132 89.166
737 58.3365 89.1673
856 58.1539 89.1686
118 57.9749 89.1698
584 57.7926 89.1711
280 57.6161 89.1724
567 57.441 89.1736
179 57.2348 89.1751
882 57.0431 89.1765
851 56.8871 89.1776
62 56.7276 89.1787
896 56.5758 89.1798
367 56.4311 89.1808
477 56.2938 89.1818
335 56.1366 89.1829
992 55.9804 89.184
980 55.8128 89.1852
984 55.6651 89.1862
931 55.5136 89.1873
12 55.341 89.1885
861 55.1695 89.1898
575 55.0131 89.1909
140 54.8385 89.1921
536 54.6686 89.1933
754 54.518 89.1944
313 54.3649 89.1955
880 54.22 89.1965
395 54.0802 89.1975
202 53.9032 89.1988
378 53.738 89.1999
369 52.8948 89.2059
755 51.9771 89.2125
415 51.9382 89.2127
887 51.8989 89.213
344 51.8576 89.2133
713 51.8106 89.2136
239 51.767 89.214
408 51.7264 89.2142
156 51.6842 89.2145
814 51.6416 89.2148
532 51.6015 89.2151
961 51.5606 89.2154
511 51.5204 89.2157
259 51.481 89.216
105 51.4357 89.2163
126 51.3965 89.2166
317 51.3588 89.2169
541 51.2969 89.2173
229 51.2439 89.2177
516 50.9799 89.2195
816 50.7402 89.2212
636 50.4573 89.2233
690 50.208 89.225
895 49.9309 89.227
434 49.6883 89.2287
40 49.4234 89.2306
624 49.1521 89.2325
774 48.8691 89.2345
952 48.5825 89.2366
406 48.2716 89.2388
309 47.9464 89.2411
416 47.6681 89.2431
559 47.4151 89.2449
319 47.1612 89.2467
448 46.8864 89.2486
562 46.6938 89.25
807 46.4869 89.2515
530 46.2964 89.2528
294 46.0851 89.2543
707 45.8775 89.2558
206 45.7116 89.257
539 45.5419 89.2582
375 45.3757 89.2594
659 45.2095 89.2605
320 45.0409 89.2617
305 44.8588 89.263
343 44.6709 89.2644
231 44.4737 89.2658
563 44.3264 89.2668
129 44.1169 89.2683
564 43.9176 89.2697
241 43.7012 89.2713
215 43.4989 89.2727
394 43.2942 89.2741
292 43.0948 89.2756
840 42.9049 89.2769
561 42.7247 89.2782
569 42.5488 89.2794
940 42.3848 89.2806
746 42.1934 89.282
642 41.9896 89.2834
947 41.7843 89.2849
5 41.5519 89.2865
248 41.3243 89.2881
826 41.0728 89.2899
193 40.7236 89.2924
874 40.3856 89.2948
866 40.0104 89.2975
763 39.6246 89.3002
82 39.2287 89.303
389 38.7926 89.3061
230 38.3099 89.3095
223 37.8437 89.3129
22 37.7823 89.3133
795 37.7159 89.3138
614 37.6533 89.3142
649 37.5875 89.3147
2 37.5195 89.3152
189 37.4563 89.3156
181 37.3975 89.316
613 37.3286 89.3165
270 37.2573 89.317
773 36.6784 89.44
437 36.1827 89.5454
766 35.6616 89.6561
265 35.0353 89.7892
611 34.3725 89.9301
139 34.3725 89.9301
449 34.3725 89.9301
141 34.3725 89.9301
165 34.3725 89.9301
808 33.2564 89.5105
877 32.1763 89.1045
333 30.8541 88.6075
124 30.8383 88.7032
96 30.8187 88.8227
72 30.8005 88.9336
271 30.7835 89.0372
53 30.7666 89.1399
752 30.7516 89.2315
919 30.7387 89.3102
738 30.7223 89.4097
392 30.7079 89.4974
974 30.6922 89.5932
960 30.4007 89.5245
424 30.0927 89.4519
146 29.856 89.3962
60 29.5696 89.3287
806 29.3053 89.2664
885 29.0352 89.2027
92 28.7923 89.1455
456 28.5145 89.08
167 28.2622 89.0206
430 28.0251 88.9647
631 27.7785 88.9066
28 27.5153 88.8446
593 27.2314 88.7777
578 26.979 88.7182
441 26.7518 88.6647
172 26.5458 88.6161
714 26.2677 88.5506
548 26.1341 88.4843
872 25.9427 88.3894
918 25.7571 88.2974
954 25.5581 88.1987
36 25.3781 88.1094
697 25.1776 88.01
428 25.0025 87.9232
786 24.8184 87.8318
658 24.591 87.7191
360 24.491 87.8091
17 24.3864 87.9033
776 24.2879 87.9921
491 24.2543 88.0223
933 24.2235 88.0501
470 24.1939 88.0767
768 24.1593 88.1079
288 24.1305 88.1338
253 24.1015 88.1599
296 24.0711 88.1873
490 24.0364 88.2186
418 24.0013 88.2502
120 23.965 88.2829
306 23.9276 88.3166
20 23.8943 88.3465
859 23.7716 88.3575
368 23.6471 88.3687
761 23.5287 88.3793
431 23.4049 88.3904
244 23.2781 88.4018
15 23.1594 88.4124
442 23.0527 88.422
256 22.9687 88.4295
638 22.8495 88.4402
672 22.7161 88.4522
73 22.5745 88.4649
409 22.4292 88.4779
76 22.2947 88.49
696 22.1546 88.5025
833 22.0172 88.5148
150 21.8926 88.526
41 21.7502 88.5388
227 21.5994 88.5523
44 21.472 88.5637
610 21.3471 88.5749
550 21.2208 88.5862
16 21.0895 88.598
753 20.4385 88.6564
651 19.7939 88.7142
521 19.1264 88.774
871 18.0973 88.8663
757 17.0224 88.9627
637 13.5275 89.2761
435 11.0634 89.4971
988 10.0081 89.5917
247 10.0083 89.5873
203 10.0085 89.5832
399 10.0088 89.5794
50 10.009 89.5759
568 10.0091 89.5726
462 10.0093 89.569
249 10.0096 89.5651
401 10.0098 89.5619
973 10.0099 89.5585
138 10.0101 89.5549
693 10.0104 89.5512
495 10.0106 89.5472
13 10.0108 89.5436
469 10.011 89.5396
892 10.0112 89.5363
447 10.0114 89.5332
405 10.0116 89.5299
169 10.0118 89.5261
953 10.012 89.5227
827 10.0122 89.5193
106 10.0124 89.5156
108 10.0126 89.5115
364 10.0128 89.5079
1 10.013 89.5043
914 10.0132 89.5009
39 10.0134 89.4976
750 10.0136 89.494
183 10.0138 89.4901
678 10.014 89.4869
200 10.0142 89.4835
969 10.0144 89.4799
380 10.0146 89.4764
263 10.0148 89.4725
982 10.015 89.4686
301 10.0152 89.4652
199 10.0154 89.4617
304 10.0157 89.458
719 10.0159 89.4543
699 10.0161 89.4507
153 10.0163 89.4472
115 10.0165 89.4438
446 10.0167 89.4403
711 10.0169 89.4369
386 10.0171 89.433
178 10.0173 89.4292
712 10.0175 89.4259
213 10.0177 89.4227
736 10.0334 89.1459
615 10.0487 88.8747
759 10.062 88.6406
95 10.074 88.4286
585 10.0863 88.2112
436 10.101 87.9523
955 10.1148 87.7095
792 10.1278 87.4794
426 10.1411 87.2449
570 10.154 87.0188
48 10.1658 86.8094
868 10.1773 86.6076
546 10.1928 86.334
916 10.2066 86.0894
815 10.221 85.8368
695 10.2353 85.5839
547 10.25 85.3252
316 10.2644 85.0702
58 10.2788 84.8175
803 10.2929 84.5673
557 10.3075 84.3112
236 10.3225 84.0462
554 10.3454 83.6419
75 10.3654 83.2896
240 10.3843 82.9562
300 10.4027 82.6323
93 10.4212 82.3052
88 10.4416 81.9459
905 10.4622 81.5831
487 10.4825 81.2237
886 10.5021 80.8791
944 10.5217 80.5321
325 10.5409 80.1933
608 10.5608 79.843
433 10.581 79.4872
90 10.6003 79.1466
444 10.6197 78.8051
780 10.6403 78.4417
718 10.6607 78.0812
628 10.6845 77.6619
560 10.7105 77.2037
207 10.7375 76.7275
168 10.7596 76.3373
890 10.7832 75.9203
374 10.8068 75.5039
31 10.8303 75.0908
680 10.8557 74.6421
99 10.879 74.232
81 10.8919 74.0034
443 10.9029 73.8095
950 10.9151 73.594
600 10.9272 73.3812
339 10.9382 73.1875
830 10.9497 72.9842
635 10.9629 72.7509
728 10.9874 71.8748
764 11.016 70.8532
946 11.0166 70.8299
429 11.0173 70.8037
113 11.0181 70.7777
224 11.0188 70.7524
860 11.0195 70.7248
739 11.0204 70.6933
482 11.0212 70.6658
411 11.0219 70.6397
298 11.0226 70.6165
657 11.0233 70.5898
970 11.0241 70.5607
500 11.0248 70.5352
726 11.0256 70.5078
703 11.0265 70.4765
220 11.0272 70.4506
524 11.028 70.4206
131 11.0288 70.3932
277 11.0295 70.3687
346 11.0302 70.344
338 11.031 70.3158
361 11.0317 70.2897
400 11.0324 70.2635
551 11.0331 70.2383
556 11.0339 70.2116
825 11.0346 70.184
694 11.0355 70.1551
162 11.0362 70.1274
796 11.037 70.1009
371 11.0378 70.0717
966 11.0386 70.0441
219 11.0393 70.0156
760 11.0402 69.9859
196 11.0409 69.9591
799 11.0416 69.9354
14 11.0423 69.9101
734 11.043 69.8832
517 11.0438 69.8564
784 11.0446 69.8278
589 11.0453 69.8014
184 11.0459 69.7798
275 11.0489 69.675
3 11.0516 69.5755
114 11.0544 69.4764
398 11.057 69.3838
503 11.0596 69.2896
772 11.0627 69.1796
329 11.0654 69.0834
502 11.0678 68.997
130 11.0705 68.9019
607 11.0729 68.8157
747 11.0758 68.711
630 11.0785 68.6159
347 11.081 68.523
234 11.0835 68.4364
948 11.0856 68.3587
326 11.0879 68.277
879 11.0905 68.1853
427 11.0929 68.0991
445 11.0953 68.0111
924 11.0979 67.9187
457 11.1002 67.8361
192 11.103 67.7363
686 11.1054 67.6524
272 11.108 67.5597
665 11.1103 67.4748
381 11.1128 67.3871
255 11.1154 67.2947
77 11.1178 67.2057
701 11.1202 67.1218
479 11.1226 67.0346
376 11.1253 66.9391
119 11.1277 66.8536
667 11.1299 66.7726
321 11.1323 66.6879
717 11.1353 66.5816
639 11.138 66.4833
939 11.1411 66.3721
97 11.144 66.2703
991 11.1467 66.1715
531 11.2553 62.2854
956 11.3512 58.8544
981 11.417 56.4973
116 11.4998 53.5345
122 11.5054 53.3324
925 11.5119 53.1001
228 11.5194 52.8313
616 11.526 52.597
990 11.5316 52.3939
758 11.5342 52.3034
691 11.5367 52.2126
677 11.5396 52.1093
489 11.5429 51.9924
463 11.546 51.8792
174 11.549 51.7732
218 11.5518 51.6718
222 11.555 51.5578
422 11.5579 51.4551
534 11.5611 51.3385
652 11.5642 51.2295
708 11.5669 51.1325
805 11.5698 51.0262
972 11.5727 50.9224
166 11.5757 50.8163
527 11.5788 50.7054
565 11.5819 50.5938
123 11.5855 50.4672
303 11.5883 50.364
154 11.5915 50.2495
542 11.5945 50.1437
391 11.5976 50.0346
496 11.6007 49.9225
279 11.6037 49.816
700 11.6072 49.6902
78 11.6087 49.6341
352 11.6101 49.5853
938 11.6116 49.5325
336 11.6131 49.4783
849 11.6147 49.4203
283 11.6348 48.7014
731 11.6471 48.2624
797 11.6584 47.8561
770 11.6703 47.4314
157 11.681 47.0486
476 11.693 46.6159
214 11.7037 46.2343
499 11.7493 44.6019
841 11.7521 44.5003
128 11.7551 44.3946
100 11.7579 44.2952
698 11.7609 44.1875
771 11.7643 44.0646
384 11.7677 43.9436
373 11.7706 43.8378
909 11.7739 43.7228
423 11.7774 43.5974
10 11.7808 43.4753
212 11.7839 43.3629
958 11.787 43.2506
57 11.7899 43.1494
863 11.7932 43.0292
663 11.7963 42.9209
341 11.7992 42.8139
505 11.8023 42.703
312 11.8058 42.581
182 11.8087 42.4743
936 11.8119 42.3601
749 11.8153 42.2384
47 11.8187 42.1187
330 11.8249 41.895
148 11.8302 41.7051
949 11.8357 41.5087
328 11.8416 41.2984
858 11.8464 41.1253
46 11.9389 37.8135
794 12.0432 34.079
943 12.0691 33.1514
898 12.0934 32.2808
514 12.1941 32.0738
331 12.3032 31.8495
985 12.3986 31.6534
268 12.5013 31.4423
710 12.5976 31.2443
572 12.6947 31.0448
836 12.7926 30.8435
32 12.8851 30.6533
602 12.9891 30.4396
86 13.0706 30.272
455 13.2577 29.8875
641 13.4413 29.5099
121 13.6046 29.1743
65 13.7602 28.8544
963 13.9171 28.5319
4 14.0766 28.2039
258 14.2583 27.8304
125 14.441 27.455
133 14.6454 27.0346
366 14.8704 26.5722
74 14.8704 26.5722
205 14.8704 26.5722
87 14.8704 26.5722
299 14.8704 26.5722
829 14.8704 26.5722
486 14.8704 26.5722
812 12.5182 15.1748
722 12.5182 15.1748
646 12.5182 15.1748
661 12.5182 15.1748
674 12.5182 15.1748
741 12.5182 15.1748
211 12.5182 15.1748
187 12.5182 15.1748
588 12.6988 15.2148
402 12.8745 15.2538
673 13.0315 15.2886
362 13.1894 15.3237
702 13.3857 15.3672
474 13.5219 15.3974
682 13.6424 15.4241
902 13.7896 15.4568
881 13.8992 15.4811
61 14.02 15.5079
629 14.5105 15.6166
8 15.0938 15.746
348 15.5792 15.8536
254 16.1104 15.9715
488 16.5551 16.0701
412 16.991 16.1668
899 23.1408 17.5306
278 31.6384 19.4151
310 31.7728 19.3959
439 31.8732 19.3816
824 31.9865 19.3655
379 32.1113 19.3476
669 32.2211 19.332
787 32.3283 19.3167
709 32.4414 19.3005
64 32.556 19.2842
643 32.6703 19.2679
351 32.7989 19.2495
284 32.91 19.2337
626 33.0354 19.2158
363 33.1588 19.1982
221 33.2613 19.1835
915 33.3888 19.1653
354 33.5414 19.1436
407 34.0332 19.0734
160 34.4528 19.0135
26 34.8752 18.9532
934 35.2719 18.8966
111 35.6098 18.8484
822 35.9574 18.7988
573 36.3232 18.7466
337 36.6819 18.6954
704 37.0191 18.6473
246 37.3467 18.6005
467 37.7707 18.54
307 38.1461 18.4865
883 40.57 18.1406
518 43.7343 17.6891
653 44.5368 17.6161
419 45.3348 17.5436
287 46.0199 17.4813
261 47.0762 17.3853
777 54.9678 16.6684
176 58.6706 16.3319
581 60.6116 16.1554
103 62.4455 15.9888
831 63.4571 16.2199
504 64.9008 16.5499
959 66.2196 16.8513
721 67.6215 17.1717
819 68.8158 17.4446
598 70.4111 17.8092
24 72.1321 18.2025
295 74.2609 18.689
