0,103,819,24,721,295,504,598,176,581,959,831,777,6,289,419,518,164,873,467,573,407,824,934,160,310,883,653,278,64,902,915,643,221,363,284,787,669,439,307,287,379,351,822,111,702,626,246,704,261,709,337,26,834,254,402,211,412,8,682,674,187,331,455,474,881,61,722,366,963,629,348,588,741,362,646,488,812,829,268,710,661,602,121,354,836,205,86,898,87,985,899,794,133,943,673,258,514,641,74,572,299,125,4,65,486,616,32,214,496,279,116,700,228,100,698,771,384,373,909,423,10,212,958,57,863,663,341,505,312,182,936,749,47,328,148,949,499,78,352,330,283,731,797,770,157,476,123,46,858,336,841,142,990,758,691,677,489,463,174,218,222,422,534,652,708,805,972,166,527,925,122,128,849,938,391,303,154,542,339,411,219,451,635,526,99,347,517,607,338,361,400,551,694,162,796,371,747,531,119,667,717,639,326,97,991,939,630,760,196,799,14,734,784,589,376,234,948,565,220,524,277,879,114,950,502,703,500,657,970,329,739,600,860,503,487,726,680,3,131,275,552,601,224,764,482,130,772,398,81,132,966,427,445,457,192,272,665,381,255,77,886,48,426,207,433,686,429,325,946,905,830,346,825,321,701,479,556,469,88,374,780,728,658,298,443,436,431,113,240,168,263,90,546,615,890,570,178,300,792,944,759,316,815,401,916,95,447,955,75,578,736,550,554,31,199,304,138,637,803,560,953,169,405,203,301,988,435,695,585,547,969,386,868,495,247,628,693,249,892,446,557,982,213,827,699,444,153,776,973,13,442,244,17,711,719,568,399,115,718,236,380,200,678,750,39,914,1,364,108,106,227,608,714,73,50,360,15,462,712,521,697,183,253,611,757,672,58,593,871,490,933,93,806,761,631,184,456,418,96,409,919,150,441,424,368,833,36,651,333,768,76,28,167,430,918,288,491,773,872,60,16,753,610,954,230,885,41,296,120,92,696,638,306,44,20,223,146,808,859,124,292,548,2,614,569,649,449,72,215,256,561,189,270,763,265,795,470,437,172,181,394,231,392,738,428,271,141,766,294,707,814,129,874,974,613,877,866,416,389,239,206,309,752,241,807,5,786,960,139,448,22,53,559,406,564,947,248,940,562,319,539,840,984,193,911,880,317,344,980,156,202,584,280,856,642,931,477,567,313,516,563,882,23,659,343,305,185,754,245,624,415,434,690,952,511,62,774,895,105,530,826,636,40,851,367,541,961,532,229,118,259,575,861,887,369,992,165,179,755,802,618,320,713,408,746,82,816,737,12,140,375,896,335,126,536,620,465,177,464,273,18,395,149,622,42,817,52,145,813,417,775,937,285,740,820,580,854,845,544,494,353,893,135,823,318,666,158,251,983,928,864,322,159,889,648,818,25,372,685,528,450,742,204,473,311,725,660,297,201,378,385,801,481,68,83,668,383,332,110,727,900,852,654,67,975,51,152,837,393,744,595,867,460,290,173,340,962,420,71,579,810,509,538,671,478,650,904,625,855,453,798,134,216,484,109,286,791,847,921,832,968,235,743,112,498,793,9,440,513,208,432,769,683,161,515,91,225,782,907,94,84,35,987,605,238,582,800,293,632,282,617,647,315,468,577,857,471,127,101,523,923,558,986,964,186,350,365,410,144,171,596,597,762,676,912,976,779,894,281,459,370,540,576,621,804,732,264,163,715,789,897,724,291,888,735,349,54,80,689,604,137,645,56,903,175,765,404,571,533,79,839,327,965,927,537,705,252,922,226,390,591,846,957,788,501,599,267,21,878,308,971,809,454,30,756,662,507,720,510,266,587,730,901,640,910,493,104,59,574,382,924,981,233,545,733,461,929,891,34,359,89,729,956,397,778,302,324,535,664,512,917,862,508,452,269,49,237,688,633,655,414,706,475,543,151,525,619,413,603,687,38,783,529,679,876,748,210,913,147,480,356,180,194,403,438,7,37,388,11,522,908,549,155,811,869,723,612,930,209,586,191,421,66,472,197,257,853,692,19,945,342,790,989,566,355,458,634,276,716,69,681,844,843,935,55,828,785,27,751,781,358,906,865,377,555,250,43,848,63,875,492,217,870,821,357,675,644,978,262,519,85,842,396,594,314,623,188,190,592,920,102,850,926,609,70,553,466,485,45,143,117,232,606,583,29,767,942,656,670,941,323,745,334,107,967,274,977,497,387,884,136,932,425,198,951,195,506,838,684,242,170,345,33,835,590,98,520,627,243,979,483,260,
value : 396.733 running time : 2082.138308
0 80 20
103 62.4455 15.9887
819 62.4095 15.992
24 62.38 15.9947
721 62.3522 15.9972
295 61.8463 16.0432
504 61.3477 16.0885
598 60.8116 16.1373
176 60.2181 16.1913
581 59.56 16.2511
959 58.8846 16.3125
831 58.1326 16.3808
777 57.3206 16.4547
6 56.4339 16.5353
289 49.7092 17.1461
419 47.092 17.384
518 43.7344 17.6891
164 43.4675 17.7271
873 43.1553 17.7717
467 41.1453 18.0585
573 39.3378 18.3165
407 37.6279 18.5605
824 35.9909 18.794
934 35.5384 18.8586
160 35.0197 18.9326
310 34.5015 19.0066
883 33.9653 19.0831
653 33.4247 19.1602
278 31.6384 19.4151
64 31.6339 19.4141
902 31.6296 19.4132
915 31.6263 19.4124
643 31.623 19.4117
221 31.6199 19.411
363 31.6166 19.4103
284 31.6133 19.4096
787 31.6101 19.4088
669 31.6066 19.4081
439 31.6032 19.4073
307 31.6001 19.4066
287 31.597 19.4059
379 31.5938 19.4052
351 31.5902 19.4044
822 31.587 19.4037
111 31.5835 19.4029
702 31.5797 19.4021
626 31.5764 19.4014
246 31.5729 19.4006
704 31.5698 19.3999
261 31.5666 19.3992
709 31.5632 19.3984
337 31.5599 19.3977
26 31.5566 19.397
834 31.5532 19.3962
254 25.9005 18.1428
402 20.9918 17.0542
211 17.9219 16.3733
412 15.7289 15.8869
8 14.941 15.7122
682 14.0322 15.5106
674 13.251 15.3373
187 12.5182 15.1748
331 12.5182 15.1748
455 12.5182 15.1748
474 12.5182 15.1748
881 12.5182 15.1748
61 12.5182 15.1748
722 12.5182 15.1748
366 12.5182 15.1748
963 12.5182 15.1748
629 12.5182 15.1748
348 12.5182 15.1748
588 12.5182 15.1748
741 12.5182 15.1748
362 12.5182 15.1748
646 12.5182 15.1748
488 12.5182 15.1748
812 12.5182 15.1748
829 12.8772 25.7448
268 12.881 25.8572
710 12.8847 25.9651
661 12.8883 26.0703
602 12.8921 26.1837
121 12.896 26.2986
354 12.8996 26.4032
836 12.6736 27.904
205 12.438 29.4681
86 12.438 29.4682
898 12.438 29.4682
87 12.4916 29.6517
985 12.5405 29.8192
899 12.5865 29.9768
794 12.6321 30.1333
133 12.6842 30.3116
943 12.7368 30.4919
673 12.7836 30.6522
258 12.8326 30.8203
514 12.8891 31.0137
641 12.9467 31.2114
74 13.0019 31.4005
572 13.0643 31.6142
299 13.1284 31.8338
125 13.201 32.0829
4 13.2612 32.2889
65 13.3406 32.5611
486 13.4141 32.8129
616 12.517 37.1984
32 11.828 40.5668
214 10.8891 45.1569
496 10.8891 45.1569
279 10.8891 45.1569
116 10.8891 45.1569
700 10.8891 45.1569
228 10.8891 45.1569
100 10.8891 45.1569
698 10.8891 45.1569
771 10.8891 45.1569
384 10.8891 45.1569
373 10.8891 45.1569
909 10.8891 45.1569
423 10.8891 45.1569
10 10.8891 45.1569
212 10.8891 45.1569
958 10.8891 45.1569
57 10.8891 45.1569
863 10.8891 45.1569
663 10.8891 45.1569
341 10.8891 45.1569
505 10.8891 45.1569
312 10.8891 45.1569
182 10.8891 45.1569
936 10.8891 45.1569
749 10.8891 45.1569
47 10.8891 45.1569
328 10.8891 45.1569
148 10.8989 45.3248
949 10.9093 45.5025
499 10.9193 45.6739
78 10.9313 45.8778
352 10.9443 46.1009
330 10.9554 46.2906
283 10.9674 46.4952
731 10.9808 46.7252
797 10.9943 46.9558
770 11.0073 47.177
157 11.021 47.4119
476 11.0333 47.6213
123 11.0463 47.8442
46 11.0598 48.0747
858 11.075 48.3354
336 11.0897 48.5852
841 11.1023 48.8017
142 11.1151 49.02
990 11.1274 49.2297
758 11.142 49.4796
691 11.1569 49.7341
677 11.1696 49.9515
489 11.181 50.1457
463 11.1927 50.3458
174 11.2049 50.5557
218 11.2177 50.7732
222 11.2291 50.9694
422 11.2415 51.1808
534 11.2523 51.3647
652 11.2636 51.5582
708 11.2761 51.7728
805 11.2878 51.9719
972 11.2996 52.1737
166 11.3109 52.3674
527 11.322 52.5569
925 11.3332 52.7481
122 11.3434 52.9223
128 11.3529 53.0847
849 11.3817 53.5779
938 11.4099 54.0586
391 11.4397 54.5686
303 11.5 55.5991
154 11.5607 56.6353
542 11.7659 60.1384
339 12.1986 67.5143
411 12.1986 67.5143
219 12.1986 67.5143
451 12.1986 67.5143
635 12.2196 67.8907
526 12.1241 67.9543
99 11.9875 68.0453
347 11.8004 68.1699
517 11.8 68.1867
607 11.7997 68.2039
338 11.7993 68.2207
361 11.7989 68.2383
400 11.7986 68.2551
551 11.7982 68.2718
694 11.7979 68.2868
162 11.7976 68.3029
796 11.7972 68.3192
371 11.7969 68.333
747 11.7966 68.3478
531 11.7963 68.3642
119 11.7959 68.3835
667 11.7955 68.4016
717 11.7951 68.4191
639 11.7947 68.438
326 11.7943 68.4558
97 11.794 68.4719
991 11.7936 68.489
939 11.7933 68.5039
630 11.7929 68.5201
760 11.7926 68.5358
196 11.7922 68.5532
799 11.7918 68.572
14 11.7914 68.5901
734 11.7911 68.6069
784 11.7907 68.6232
589 11.7904 68.6399
376 11.79 68.6582
234 11.7896 68.6761
948 11.7892 68.6953
565 11.7889 68.7116
220 11.7868 68.8101
524 11.785 68.8911
277 11.7832 68.976
879 11.7814 69.06
114 11.7796 69.1434
950 11.7777 69.2364
502 11.7759 69.3172
703 11.7743 69.3945
500 11.7723 69.4882
657 11.7705 69.5718
970 11.7689 69.648
329 11.7672 69.7286
739 11.7653 69.8175
600 11.7632 69.9159
860 11.7612 70.0069
503 11.7594 70.0922
487 11.7575 70.1806
726 11.7558 70.26
680 11.7543 70.3332
3 11.7527 70.4078
131 11.751 70.4885
275 11.7491 70.5777
552 11.7472 70.6631
601 11.7455 70.7465
224 11.7436 70.8322
764 11.742 70.9081
482 11.7395 71.0246
130 11.7371 71.1383
772 11.7347 71.2522
398 11.7319 71.3826
81 11.7293 71.5052
132 11.7266 71.6296
966 11.7241 71.7485
427 11.7201 71.9346
445 11.7162 72.1191
457 11.7122 72.3043
192 11.7089 72.4622
272 11.705 72.6434
665 11.7011 72.8263
381 11.6972 73.0102
255 11.693 73.2098
77 11.6881 73.4365
886 11.6803 73.8019
48 11.6738 74.1083
426 11.6682 74.3713
207 11.6646 74.5415
433 11.6604 74.7361
686 11.6566 74.9172
429 11.6524 75.1143
325 11.6477 75.3355
946 11.6436 75.5255
905 11.6393 75.7285
830 11.6355 75.9078
346 11.6319 76.0755
825 11.6281 76.2522
321 11.6244 76.4287
701 11.6208 76.5965
479 11.6168 76.783
556 11.6127 76.976
469 11.6085 77.1742
88 11.6047 77.3512
374 11.6012 77.5184
780 11.5974 77.6951
728 11.5938 77.8628
658 11.5903 78.0284
298 11.5863 78.214
443 11.5821 78.4126
436 11.5777 78.619
431 11.5737 78.8088
113 11.5698 78.9906
240 11.5654 79.1985
168 11.5611 79.3968
263 11.5566 79.6073
90 11.5554 79.6662
546 11.5541 79.7265
615 11.5528 79.7858
890 11.5516 79.8455
570 11.5502 79.9084
178 11.5489 79.9713
300 11.5475 80.0361
792 11.5475 80.0361
944 11.5475 80.0361
759 11.5475 80.0361
316 11.5475 80.0361
815 11.5475 80.0361
401 11.5475 80.0361
916 11.5475 80.0361
95 11.5475 80.0361
447 11.5475 80.0361
955 11.5475 80.0361
75 11.5475 80.0361
578 11.5475 80.0361
736 11.491 80.5662
550 11.4402 81.0423
554 11.3533 81.8574
31 11.2619 82.7147
199 11.1736 83.5429
304 11.0954 84.2754
138 11.0247 84.9388
637 10.963 85.5179
803 10.9024 86.0856
560 10.8434 86.6396
953 10.7811 87.2235
169 10.7203 87.7938
405 10.6578 88.3801
203 10.601 88.9124
301 10.539 89.4944
988 10.4774 90.0721
435 10.4807 90.072
695 10.4842 90.0719
585 10.4867 90.0718
547 10.4897 90.0717
969 10.4927 90.0716
386 10.4961 90.0715
868 10.499 90.0715
495 10.5025 90.0714
247 10.5055 90.0713
628 10.5084 90.0712
693 10.5114 90.0711
249 10.5148 90.071
892 10.5175 90.071
446 10.5204 90.0709
557 10.5233 90.0708
982 10.526 90.0707
213 10.5285 90.0707
827 10.6805 90.0666
699 10.8406 90.0623
444 10.9867 90.0583
153 11.1432 90.0541
776 11.3167 90.0494
973 11.4686 90.0453
13 11.6206 90.0412
442 11.7623 90.0374
244 11.9056 90.0335
17 12.038 90.03
711 12.1596 90.0267
719 12.2902 90.0232
568 12.4378 90.0192
399 12.5898 90.0151
115 12.735 90.0112
718 12.8618 90.0078
236 12.9984 90.0041
380 13.1297 90.0006
200 13.2749 89.9967
678 13.4189 89.9928
750 13.5839 89.9883
39 13.7356 89.9842
914 13.9536 89.9784
1 14.1894 89.972
364 14.4227 89.9657
108 14.6732 89.959
106 14.947 89.9516
227 16.0289 89.9224
608 16.9599 89.8972
714 17.7041 89.8771
73 18.2647 89.862
50 18.6171 89.8525
360 18.9695 89.843
15 19.3374 89.8331
462 19.7131 89.823
712 20.1161 89.8121
521 20.538 89.8008
697 20.9173 89.7905
183 21.2619 89.7812
253 21.6335 89.7712
611 21.9655 89.7623
757 22.218 89.7555
672 22.4856 89.7482
58 22.7152 89.7421
593 22.9658 89.7353
871 23.218 89.7285
490 23.4742 89.7216
933 23.724 89.7149
93 23.986 89.7078
806 24.3157 89.6989
761 24.3159 89.6989
631 24.3162 89.6989
184 24.3164 89.6989
456 24.5025 89.6938
418 24.6993 89.6885
96 24.8972 89.6831
409 25.0782 89.6782
919 25.27 89.673
150 25.4347 89.6685
441 25.5879 89.6643
424 25.7532 89.6598
368 25.9236 89.6552
833 26.1006 89.6504
36 26.2852 89.6454
651 26.4632 89.6405
333 26.6478 89.6355
768 26.8384 89.6304
76 27.043 89.6248
28 27.2436 89.6193
167 27.4425 89.6139
430 27.6334 89.6088
918 27.8349 89.6033
288 28.0186 89.5983
491 28.2224 89.5927
773 28.4775 89.5858
872 28.7173 89.5793
60 28.8919 89.5746
16 29.06 89.57
753 29.227 89.5654
610 29.4435 89.5596
954 29.6634 89.5536
230 29.8822 89.5476
885 30.0706 89.5425
41 30.2785 89.5369
296 30.501 89.5308
120 30.7177 89.5249
92 30.9341 89.5191
696 31.1361 89.5136
638 31.3588 89.5075
306 31.5635 89.5019
44 31.7945 89.4957
20 32.0617 89.4884
223 32.338 89.4809
146 32.6161 89.4733
808 32.8721 89.4664
859 33.1267 89.4595
124 33.4248 89.4514
292 33.8474 89.4399
548 34.231 89.4295
2 34.6063 89.4193
614 35.0037 89.4085
569 35.0915 89.4061
649 35.1849 89.4036
449 35.2728 89.4012
72 35.361 89.3988
215 35.4564 89.3962
256 35.5444 89.3938
561 35.64 89.3912
189 35.7284 89.3888
270 35.8173 89.3864
763 35.9062 89.3909
265 35.9882 89.3951
795 36.0727 89.3994
470 36.1649 89.4041
437 36.263 89.4091
172 36.3532 89.4137
181 36.4434 89.4183
394 36.5322 89.4228
231 36.6165 89.4271
392 36.7051 89.4316
738 36.793 89.4361
428 36.8773 89.4404
271 36.9706 89.4451
141 37.0667 89.45
766 37.1701 89.4553
294 37.2678 89.4602
707 37.3513 89.4645
814 37.4475 89.4694
129 37.5296 89.4736
874 37.6105 89.4777
974 37.6649 89.4804
613 37.7226 89.4834
877 37.7852 89.4866
866 37.8504 89.4899
416 37.91 89.4929
389 37.9702 89.496
239 38.0294 89.499
206 38.0838 89.5018
309 38.1367 89.5045
752 38.1897 89.5071
241 38.2474 89.5101
807 38.3056 89.513
5 38.3584 89.5157
786 38.3584 89.5157
960 38.3584 89.5157
139 38.9663 89.4824
448 39.7005 89.4422
22 40.4639 89.4003
53 41.2861 89.3553
559 42.1321 89.3089
406 42.8973 89.267
564 43.5442 89.2315
947 44.1873 89.1963
248 44.7337 89.1663
940 45.2549 89.1378
562 45.7172 89.1125
319 46.1906 89.0865
539 46.6612 89.0607
840 47.1604 89.0334
984 50.1591 88.8688
193 50.4529 88.8527
911 50.7964 88.8339
880 50.9261 88.8268
317 51.0659 88.8192
344 51.1091 88.8168
980 51.1536 88.8144
156 51.1971 88.812
202 51.248 88.8092
584 51.2952 88.8066
280 51.3387 88.8042
856 51.3856 88.8016
642 51.4285 88.7993
931 51.4826 88.7963
477 51.4954 88.7956
567 51.5069 88.795
313 51.5173 88.7944
516 51.528 88.7939
563 51.5394 88.7932
882 51.5515 88.7926
23 51.5635 88.7919
659 51.5744 88.7913
343 51.5863 88.7907
305 51.5995 88.7899
185 51.6143 88.7891
754 51.6263 88.7885
245 51.6381 88.7878
624 51.6502 88.7872
415 51.6625 88.7865
434 51.6746 88.7858
690 51.6872 88.7851
952 51.6988 88.7845
511 51.7102 88.7839
62 51.7221 88.7832
774 51.7339 88.7826
895 51.7452 88.782
105 51.7566 88.7813
530 51.7683 88.7807
826 51.7805 88.78
636 51.7931 88.7793
40 51.806 88.7786
851 51.8181 88.778
367 51.8298 88.7773
541 51.8408 88.7767
961 51.8526 88.7761
532 51.8648 88.7754
229 51.8777 88.7747
118 51.89 88.774
259 51.9018 88.7734
575 51.9136 88.7728
861 51.9246 88.7722
887 51.9367 88.7715
369 51.9486 88.7708
992 51.96 88.7702
165 51.96 88.7702
179 51.96 88.7702
755 51.96 88.7702
802 51.96 88.7702
618 52.042 88.7681
320 52.1241 88.7661
713 52.2068 88.764
408 52.2985 88.7617
746 52.3889 88.7594
82 52.4862 88.7569
816 52.5914 88.7543
737 52.6817 88.752
12 52.7717 88.7497
140 52.8536 88.7477
375 52.9308 88.7457
896 53.9179 88.7208
335 54.8561 88.6971
126 55.7345 88.6749
536 57.1464 88.6392
620 60.8472 88.5458
465 61.7212 88.5237
177 62.3842 88.507
464 63.075 88.4895
273 63.7402 88.4727
18 64.403 88.456
395 65.0915 88.4386
149 65.853 88.4194
622 66.4645 88.4039
42 67.071 88.3886
817 67.7154 88.3723
52 68.4154 88.3546
145 69.1534 88.336
813 69.9277 88.3164
417 70.6506 88.2982
775 71.2636 88.2827
937 71.8694 88.2674
285 72.5164 88.2511
740 73.2568 88.2324
820 73.6144 88.2233
580 73.913 88.2158
854 74.1997 88.2085
845 74.4865 88.2013
544 74.8064 88.1932
494 75.1995 88.1833
353 75.5582 88.1742
893 75.9543 88.1642
135 76.3035 88.1554
823 76.5346 88.1496
318 76.8077 88.1427
666 77.1446 88.1342
158 77.4899 88.1254
251 77.8716 88.1158
983 80.3657 88.0528
928 81.5952 88.0218
864 82.0128 87.597
322 82.4459 87.1565
159 82.8695 86.7255
889 83.3268 86.2604
648 83.7417 85.8382
818 84.1558 85.417
25 85.2824 84.271
372 86.0102 83.5306
685 85.6504 83.2399
528 85.2253 82.8963
450 84.9057 82.638
742 84.7352 82.544
204 84.5878 82.4627
473 84.4391 82.3807
311 84.2833 82.2949
725 84.1169 82.2031
660 83.9542 82.1134
297 73.1686 76.1664
201 71.8082 75.4163
378 71.3612 75.1698
385 71.0433 74.9946
801 70.6631 74.785
481 70.4515 74.6682
68 70.2286 74.5453
83 70.1767 74.5167
668 70.1197 74.4853
383 70.0892 74.4685
332 70.0554 74.4498
110 69.7519 74.2825
727 69.4691 74.1266
900 69.2028 73.9798
852 68.9266 73.8274
654 68.6427 73.6709
67 68.3566 73.5131
975 68.1079 73.376
51 67.8397 73.2282
152 67.5647 73.0765
837 67.2885 72.9242
393 66.9844 72.7566
744 66.7238 72.6129
595 66.4294 72.4506
867 66.174 72.3097
460 65.9086 72.1634
290 65.6533 72.0226
173 65.3772 71.8704
340 65.1174 71.7271
962 64.8748 71.5934
420 64.6103 71.4475
71 64.1154 71.2539
579 63.4311 70.9863
810 61.6996 70.309
509 61.1305 70.0864
538 60.5182 69.8469
671 60.0884 69.6787
478 59.6451 69.5054
650 59.1506 69.3119
904 58.4748 69.0476
625 57.5208 68.6744
855 56.7362 68.3675
453 56.0791 68.1105
798 55.4604 67.8685
134 54.9624 67.6737
216 54.8436 67.6272
484 54.7245 67.5806
109 54.6155 67.538
286 54.4994 67.4925
791 54.3838 67.4473
847 54.277 67.4055
921 54.1475 67.3549
832 54.0261 67.3074
968 53.8817 67.2509
235 53.7405 67.1957
743 53.6132 67.1459
112 53.4927 67.0987
498 53.3564 67.0454
793 53.2693 67.0114
9 53.1887 66.9799
440 53.0965 66.9438
513 52.9961 66.9045
208 52.9071 66.8697
432 52.8119 66.8325
769 52.7085 66.792
683 52.5963 66.7481
161 52.5103 66.7145
515 52.4254 66.6813
91 52.3285 66.6434
225 52.2277 66.604
782 52.1529 66.5747
907 52.075 66.5442
94 51.9834 66.5084
84 51.8944 66.4735
35 51.8097 66.4404
987 51.7294 66.409
605 51.6406 66.3743
238 51.5503 66.339
582 51.4532 66.301
800 51.3587 66.264
293 51.2592 66.2251
632 51.1154 66.1688
282 50.9746 66.1138
617 50.8427 66.0622
647 50.719 66.0138
315 50.3707 65.8776
468 49.6505 65.5958
577 48.8991 65.3019
857 48.1277 65.0002
471 46.9162 64.5263
127 46.0353 64.1817
101 46.0353 64.1817
523 46.0353 64.1817
923 46.0353 64.1817
558 46.0353 64.1817
986 46.0353 64.1817
964 46.0353 64.1817
186 46.0353 64.1817
350 46.0353 64.1817
365 46.0353 64.1817
410 46.0353 64.1817
144 46.0353 64.1817
171 46.0353 64.1817
596 46.0353 64.1817
597 46.0353 64.1817
762 46.0353 64.1817
676 45.0645 64.2802
912 44.0947 64.3786
976 43.464 64.4426
779 42.9709 64.4927
894 42.4604 64.5445
281 41.952 64.5961
459 41.3681 64.6554
370 40.8049 64.7126
540 40.2492 64.769
576 39.7134 64.8234
621 39.1695 64.8786
804 38.4552 64.9511
732 37.7081 65.0269
264 36.8895 65.11
163 35.7932 65.2212
715 34.5683 65.3455
789 33.0602 65.4985
897 32.6685 65.5383
724 32.6295 65.5422
291 32.5839 65.5469
888 32.5311 65.5522
735 32.5208 65.5533
349 32.5108 65.5543
54 32.5019 65.5552
80 32.4914 65.5563
689 32.4794 65.5575
604 32.4681 65.5586
137 32.4584 65.5596
645 32.4482 65.5606
56 32.4382 65.5617
903 32.4269 65.5628
175 32.4174 65.5638
765 32.4071 65.5648
404 32.3957 65.566
571 32.3839 65.5672
533 32.3737 65.5682
79 32.3611 65.5695
839 32.3503 65.5706
327 32.3377 65.5719
965 32.3265 65.573
927 32.3154 65.5741
537 32.3049 65.5752
705 32.2359 65.3454
252 32.2359 65.3454
922 32.2359 65.3454
226 32.2359 65.3454
390 32.2359 65.3454
591 32.2359 65.3454
846 32.2359 65.3454
957 32.2359 65.3454
788 32.2359 65.3454
501 32.2359 65.3454
599 32.2359 65.3454
267 32.2359 65.3454
21 32.2359 65.3454
878 32.2359 65.3454
308 32.2359 65.3454
971 32.2359 65.3454
809 32.2359 65.3454
454 32.2359 65.3454
30 32.2359 65.3454
756 32.2359 65.3454
662 32.2359 65.3454
507 32.2359 65.3454
720 32.2359 65.3454
510 32.2359 65.3454
266 32.2359 65.3454
587 32.2359 65.3454
730 32.2359 65.3454
901 32.2359 65.3454
640 32.2359 65.3454
910 32.2359 65.3454
493 32.2359 65.3454
104 32.2359 65.3454
59 32.2359 65.3454
574 32.2359 65.3454
382 32.2359 65.3454
924 32.2359 65.3454
981 32.3501 61.6634
233 32.3727 60.9339
545 32.3912 60.3352
733 32.4081 59.7877
461 32.4256 59.222
929 32.4386 58.8017
891 32.4517 58.3783
34 32.4641 57.9784
359 32.4769 57.5634
89 32.4923 57.0654
729 32.5073 56.582
956 32.5235 56.0571
397 32.6395 53.0996
778 32.6628 52.5044
302 32.6871 51.8854
324 32.7107 51.282
535 32.7359 50.6392
664 32.7582 50.069
512 32.7737 49.6737
917 32.7887 49.2917
862 32.8009 48.981
508 32.8118 48.7011
452 32.8227 48.424
269 32.8274 48.3027
49 32.8325 48.1722
237 32.8376 48.0426
688 32.843 47.9035
633 32.8488 47.7552
655 32.8553 47.5897
414 32.8603 47.4638
706 32.8649 47.344
475 32.8696 47.2263
543 32.8742 47.1082
151 32.879 46.9838
525 32.8834 46.8732
619 32.8878 46.7593
413 32.8923 46.6454
603 32.8969 46.5285
687 32.9023 46.3912
38 32.9071 46.2668
783 32.912 46.1425
529 32.9171 46.0116
679 32.9214 45.9025
876 32.9252 45.8046
748 32.9295 45.6959
210 32.9334 45.5955
913 32.938 45.478
147 32.9426 45.3598
480 32.9478 45.2281
356 32.9523 45.1141
180 32.9565 45.0049
194 32.9612 44.885
403 32.966 44.7643
438 32.9709 44.6377
7 32.9758 44.5128
37 32.9803 44.3982
388 32.9849 44.2816
11 32.9892 44.1695
522 32.9934 44.0631
908 32.9983 43.9393
549 33.0039 43.7943
155 33.0075 43.7022
811 33.0118 43.5929
869 33.0159 43.4875
723 33.0191 43.4068
612 33.0226 43.318
930 44.7923 41.0315
209 45.2733 40.9381
586 45.418 40.91
191 45.5725 40.8799
421 45.7657 40.8424
66 45.9538 40.8059
472 46.1256 40.7725
197 46.307 40.7372
257 46.4766 40.7043
853 46.6535 40.6699
692 46.8431 40.6331
19 47.0584 40.5912
945 47.2388 40.5562
342 47.4272 40.5196
790 47.6205 40.482
989 47.8222 40.4428
566 48.0617 40.3963
355 48.3575 40.3388
458 48.5954 40.2926
634 48.813 40.2503
276 48.9923 40.2155
716 49.1939 40.1763
69 49.3962 40.137
681 49.6172 40.0941
844 49.8133 40.056
843 50.0118 40.0174
935 50.2271 39.9756
55 50.4744 39.9275
828 50.4844 39.9256
785 50.4937 39.9238
27 50.5033 39.9219
751 50.5127 39.9201
781 50.5222 39.9183
358 50.5282 39.9171
906 50.5337 39.916
865 50.54 39.9148
377 50.5465 39.9135
555 50.5526 39.9124
250 51.1713 40.1979
43 52.0133 40.5866
848 52.6982 40.9028
63 53.4761 41.2618
875 54.2561 41.6219
492 55.0119 41.9707
217 55.804 42.3364
870 56.5557 42.6834
821 57.3878 43.0674
357 57.5673 43.1678
675 57.7316 43.2597
644 57.8912 43.3489
978 58.0374 43.4306
262 58.1896 43.5157
519 58.352 43.6066
85 58.5193 43.7001
842 58.6808 43.7903
396 58.8231 43.8699
594 58.9565 43.9445
314 59.107 44.0287
623 59.2559 44.1119
188 59.4176 44.2024
190 65.7544 45.5845
592 67.3268 45.9275
920 68.1194 46.1003
102 68.2988 46.1395
850 68.4859 46.1802
926 68.6575 46.2177
609 68.8418 46.2579
70 69.0115 46.2949
553 69.2004 46.3361
466 69.3739 46.3739
485 69.5345 46.4089
45 69.8104 46.4691
143 70.1698 46.5475
117 70.5274 46.6255
232 70.9208 46.7113
606 71.2993 46.7938
583 71.7381 46.8895
29 72.1286 46.9747
767 72.4885 47.0532
942 72.9271 47.1488
656 73.5563 47.286
670 74.1954 47.4254
941 74.8873 47.5763
323 75.6063 47.7331
745 76.5316 47.9349
334 77.5474 48.1564
107 82.6597 48.5913
967 83.4531 48.6588
274 84.373 48.737
977 85.7352 48.8529
497 87.4906 49.0022
387 87.4897 48.9786
884 87.4888 48.955
136 87.4878 48.9309
932 87.4869 48.9075
425 87.486 48.8835
198 87.4851 48.8607
951 87.4842 48.8356
195 87.4832 48.8106
506 87.4823 48.7884
838 87.4814 48.7641
684 87.4804 48.739
242 87.4422 47.7452
170 87.3893 46.369
345 86.7249 29.0948
33 86.7157 28.8555
835 86.7066 28.62
590 86.6801 27.9295
98 86.6498 27.1419
520 86.6153 26.2452
627 86.4185 21.1308
243 86.3353 18.9671
979 86.3048 18.174
483 86.2829 17.605
260 86.1867 17.6088
